88
1 3
1 6
1 7
1 12
1 13
1 14
1 18
1 19
1 23
1 24
1 28
1 34
1 37
1 38
1 39
1 40
1 42
1 43
1 44
1 46
1 51
1 54
1 56
1 60
1 62
1 63
1 70
1 71
1 72
1 76
1 78
1 82
1 83
1 84
1 88
2 9
2 16
2 17
2 25
2 26
2 30
2 31
2 32
2 36
2 52
2 55
2 57
2 58
2 59
2 66
2 67
2 68
2 74
2 75
2 77
2 80
2 85
3 6
3 9
3 13
3 17
3 18
3 19
3 28
3 31
3 32
3 36
3 40
3 46
3 51
3 56
3 57
3 58
3 59
3 63
3 66
3 67
3 68
3 70
3 71
3 72
3 75
3 76
3 78
3 80
3 82
3 83
3 85
3 87
4 32
4 16
4 36
4 25
4 17
4 73
4 74
4 75
4 77
4 80
4 49
4 52
4 48
4 55
4 57
4 58
4 26
4 30
4 31
5 16
5 69
5 73
5 74
5 75
5 77
5 48
5 49
5 52
5 55
5 57
5 25
5 26
5 30
6 4
6 5
6 15
7 32
7 80
7 36
7 25
7 73
7 74
7 75
7 77
7 16
7 17
7 52
7 85
7 55
7 57
7 58
7 26
7 30
7 31
8 64
8 69
8 73
8 74
8 77
8 48
8 49
8 50
8 55
8 25
8 30
9 64
9 16
9 69
9 73
9 74
9 77
9 48
9 49
9 52
9 55
9 25
9 26
9 30
10 1
10 2
10 3
10 6
10 7
10 8
10 12
10 14
10 23
10 24
10 28
10 29
10 34
10 37
10 38
10 39
10 40
10 41
10 42
10 43
10 44
10 45
10 54
10 60
10 62
10 78
10 84
10 88
11 6
11 9
11 13
11 14
11 17
11 18
11 19
11 28
11 31
11 32
11 36
11 40
11 46
11 51
11 56
11 57
11 58
11 59
11 63
11 66
11 67
11 68
11 70
11 71
11 72
11 75
11 76
11 78
11 80
11 82
11 83
11 85
11 87
12 1
12 3
12 6
12 7
12 13
12 14
12 18
12 19
12 23
12 24
12 28
12 34
12 37
12 38
12 39
12 40
12 42
12 44
12 46
12 51
12 54
12 56
12 59
12 60
12 63
12 66
12 67
12 68
12 70
12 71
12 72
12 76
12 78
12 82
12 83
12 87
12 88
13 1
13 3
13 6
13 7
13 8
13 12
13 14
13 18
13 23
13 24
13 28
13 29
13 34
13 37
13 38
13 39
13 40
13 41
13 42
13 43
13 44
13 45
13 54
13 60
13 62
13 70
13 76
13 78
13 84
13 88
14 1
14 2
14 3
14 6
14 7
14 8
14 12
14 23
14 24
14 28
14 29
14 34
14 37
14 38
14 39
14 40
14 41
14 42
14 43
14 44
14 45
14 54
14 60
14 62
14 70
14 76
14 78
14 84
14 88
15 1
15 2
15 3
15 6
15 7
15 8
15 12
15 14
15 23
15 24
15 28
15 29
15 34
15 37
15 38
15 39
15 40
15 41
15 42
15 43
15 44
15 45
15 54
15 60
15 62
15 70
15 78
15 84
15 88
16 9
16 13
16 17
16 18
16 19
16 26
16 31
16 32
16 36
16 40
16 46
16 51
16 52
16 56
16 57
16 58
16 59
16 63
16 66
16 67
16 68
16 70
16 71
16 72
16 75
16 76
16 78
16 80
16 82
16 83
16 85
16 87
17 1
17 3
17 6
17 7
17 12
17 13
17 14
17 18
17 19
17 23
17 24
17 28
17 34
17 37
17 38
17 39
17 40
17 42
17 43
17 44
17 46
17 51
17 54
17 56
17 60
17 62
17 63
17 70
17 71
17 72
17 76
17 78
17 82
17 83
17 84
17 87
17 88
18 64
18 69
18 73
18 48
18 49
18 50
18 61
19 81
19 11
19 20
19 5
19 15
20 33
20 50
20 35
20 61
20 79
23 4
23 15
24 1
24 2
24 3
24 6
24 7
24 8
24 10
24 12
24 14
24 23
24 29
24 34
24 37
24 38
24 39
24 41
24 42
24 43
24 44
24 45
24 54
24 60
24 62
24 84
24 88
27 4
27 15
28 81
28 20
28 5
28 15
29 1
29 3
29 6
29 7
29 12
29 13
29 14
29 18
29 19
29 23
29 24
29 28
29 34
29 37
29 38
29 39
29 40
29 42
29 43
29 44
29 46
29 51
29 54
29 56
29 60
29 62
29 63
29 70
29 71
29 72
29 76
29 78
29 82
29 83
29 84
29 87
29 88
30 2
30 43
30 8
30 41
30 10
30 11
30 12
30 45
30 84
30 27
30 29
30 62
31 2
31 8
31 10
31 11
31 45
31 81
31 20
31 27
31 29
32 81
32 20
32 5
32 15
34 4
34 15
36 2
36 43
36 8
36 41
36 10
36 11
36 12
36 45
36 84
36 27
36 29
36 62
37 81
37 20
37 5
37 15
38 1
38 2
38 3
38 7
38 8
38 10
38 12
38 23
38 24
38 27
38 29
38 34
38 37
38 39
38 41
38 42
38 43
38 44
38 45
38 54
38 62
38 84
38 88
39 4
39 5
39 15
40 27
40 81
40 11
40 20
40 5
41 2
41 43
41 8
41 10
41 11
41 12
41 45
41 84
41 27
41 29
41 62
42 81
42 11
42 20
42 5
42 15
43 4
43 15
44 2
44 8
44 10
44 11
44 45
44 81
44 20
44 27
44 29
45 2
45 8
45 10
45 11
45 81
45 20
45 27
45 29
46 1
46 2
46 7
46 8
46 10
46 12
46 23
46 24
46 27
46 29
46 34
46 37
46 38
46 39
46 41
46 42
46 43
46 44
46 45
46 62
46 84
46 88
48 4
49 27
49 81
49 11
49 20
49 5
50 2
50 10
50 11
50 45
50 81
50 20
50 27
50 29
54 4
55 4
55 15
56 81
56 20
56 5
56 15
57 81
57 11
57 20
57 5
57 15
58 4
58 15
59 4
59 5
59 15
60 81
60 11
60 20
60 5
60 15
62 4
63 81
63 11
63 20
63 5
63 15
64 4
64 15
68 4
68 15
69 27
69 81
69 11
69 20
69 5
70 4
70 5
70 15
71 4
71 15
72 4
72 5
72 15
76 4
76 15
77 4
77 5
77 15
78 2
78 43
78 8
78 41
78 10
78 11
78 12
78 45
78 84
78 24
78 27
78 29
78 62
80 4
81 33
81 50
81 35
81 61
81 79
82 9
82 16
82 17
82 26
82 30
82 31
82 32
82 36
82 52
82 56
82 57
82 58
82 59
82 66
82 67
82 68
82 71
82 74
82 75
82 77
82 80
82 83
82 85
82 87
83 1
83 2
83 3
83 6
83 7
83 8
83 10
83 12
83 14
83 23
83 24
83 28
83 29
83 34
83 37
83 38
83 39
83 40
83 41
83 42
83 43
83 44
83 45
83 54
83 60
83 62
83 70
83 78
83 84
83 88
84 1
84 3
84 6
84 7
84 9
84 13
84 14
84 18
84 19
84 23
84 28
84 31
84 34
84 37
84 38
84 40
84 42
84 46
84 51
84 54
84 56
84 59
84 60
84 63
84 66
84 67
84 68
84 70
84 71
84 72
84 76
84 78
84 80
84 82
84 83
84 85
84 87
84 88
85 5
85 15
87 3
87 6
87 9
87 13
87 14
87 17
87 18
87 19
87 28
87 31
87 32
87 36
87 37
87 40
87 46
87 51
87 54
87 56
87 58
87 59
87 60
87 63
87 66
87 67
87 68
87 70
87 71
87 72
87 76
87 78
87 80
87 82
87 83
87 85
88 1
88 2
88 3
88 6
88 7
88 8
88 10
88 12
88 14
88 23
88 24
88 28
88 29
88 34
88 37
88 38
88 39
88 40
88 41
88 42
88 43
88 44
88 45
88 54
88 60
88 62
88 70
88 78
88 84
