88
1 3
1 4
1 6
1 39
1 76
1 44
1 77
1 78
1 49
1 21
1 28
2 3
2 4
2 6
2 39
2 76
2 43
2 44
2 77
2 78
2 49
2 21
2 28
3 9
3 10
3 14
3 24
3 19
3 54
3 56
4 59
4 86
4 7
4 10
4 43
4 14
4 24
4 54
4 87
4 56
4 27
5 3
5 4
5 6
5 39
5 76
5 43
5 44
5 77
5 78
5 49
5 21
5 86
5 28
8 9
8 10
8 14
8 19
8 54
8 24
10 59
10 7
10 14
10 56
10 54
10 87
10 24
10 27
11 9
11 10
11 14
11 24
11 19
11 54
11 56
12 59
12 86
12 7
12 10
12 43
12 14
12 24
12 54
12 87
12 56
12 27
13 59
13 86
13 7
13 10
13 43
13 14
13 24
13 54
13 87
13 56
13 27
15 59
15 7
15 10
15 14
15 24
15 54
15 87
15 56
15 27
17 64
17 66
17 35
17 6
17 39
17 83
17 76
17 78
17 47
17 49
17 3
17 52
17 21
17 26
18 3
18 4
18 7
18 43
18 44
18 77
18 78
18 59
18 21
18 86
18 87
18 39
18 27
18 28
20 64
20 32
20 66
20 35
20 6
20 83
20 76
20 78
20 47
20 80
20 49
20 3
20 52
20 26
20 62
21 59
21 4
21 86
21 7
21 10
21 43
21 14
21 24
21 54
21 87
21 56
21 27
21 28
22 59
22 4
22 39
22 43
22 44
22 77
22 56
22 86
22 87
22 7
22 27
22 28
23 64
23 66
23 35
23 6
23 83
23 76
23 78
23 47
23 49
23 3
23 52
23 21
23 26
24 7
24 9
24 10
24 14
24 54
24 56
24 27
25 64
25 32
25 66
25 35
25 6
25 76
25 47
25 80
25 49
25 83
25 52
25 26
25 62
25 31
26 59
26 4
26 39
26 43
26 44
26 77
26 56
26 21
26 86
26 87
26 7
26 27
26 28
29 64
29 3
29 6
29 39
29 76
29 44
29 77
29 78
29 47
29 49
29 83
29 52
29 21
29 26
31 9
31 10
31 14
31 24
31 19
31 54
31 56
32 59
32 86
32 7
32 10
32 43
32 14
32 24
32 54
32 87
32 56
32 27
33 3
33 4
33 6
33 39
33 76
33 44
33 77
33 78
33 49
33 83
33 52
33 21
33 28
34 9
34 10
34 14
34 24
34 19
34 54
34 56
35 59
35 7
35 10
35 14
35 24
35 54
35 87
35 56
35 27
36 3
36 4
36 39
36 43
36 44
36 77
36 78
36 59
36 21
36 86
36 87
36 27
36 28
37 59
37 4
37 86
37 7
37 10
37 43
37 77
37 54
37 87
37 56
37 27
37 28
38 3
38 4
38 39
38 43
38 44
38 77
38 78
38 59
38 21
38 86
38 87
38 27
38 28
39 3
39 4
39 6
39 43
39 44
39 77
39 78
39 21
39 86
39 87
39 28
40 3
40 4
40 6
40 39
40 43
40 44
40 77
40 78
40 21
40 86
40 87
40 59
40 28
41 59
41 86
41 7
41 10
41 43
41 14
41 24
41 54
41 87
41 56
41 27
41 28
42 9
42 10
42 14
42 24
42 19
42 54
42 56
43 59
43 86
43 7
43 10
43 14
43 24
43 54
43 87
43 56
43 27
44 9
44 10
44 14
44 24
44 19
44 54
44 56
45 3
45 4
45 6
45 39
45 43
45 44
45 77
45 78
45 21
45 86
45 87
45 59
45 28
46 3
46 4
46 7
46 43
46 44
46 77
46 78
46 59
46 21
46 86
46 87
46 39
46 27
46 28
47 59
47 4
47 86
47 7
47 10
47 43
47 14
47 24
47 54
47 87
47 56
47 27
47 28
48 59
48 4
48 86
48 7
48 10
48 43
48 44
48 77
48 54
48 87
48 56
48 27
48 28
49 3
49 4
49 6
49 39
49 43
49 44
49 77
49 78
49 21
49 86
49 87
49 28
50 3
50 4
50 6
50 39
50 76
50 43
50 44
50 77
50 78
50 49
50 21
50 28
51 3
51 4
51 39
51 43
51 44
51 77
51 78
51 59
51 21
51 86
51 87
51 27
51 28
52 3
52 4
52 7
52 43
52 44
52 77
52 78
52 59
52 21
52 86
52 87
52 39
52 27
52 28
53 64
53 66
53 35
53 6
53 39
53 83
53 76
53 78
53 47
53 49
53 3
53 52
53 21
53 26
54 59
54 7
54 10
54 14
54 56
54 87
54 24
54 27
55 3
55 4
55 6
55 39
55 43
55 44
55 77
55 78
55 21
55 86
55 87
55 59
55 28
56 9
56 10
56 14
56 19
56 54
56 24
57 3
57 4
57 7
57 43
57 44
57 77
57 78
57 59
57 21
57 86
57 87
57 39
57 27
57 28
58 3
58 4
58 7
58 43
58 44
58 77
58 78
58 59
58 21
58 86
58 87
58 39
58 27
58 28
59 9
59 10
59 14
59 24
59 19
59 54
59 56
60 3
60 4
60 7
60 43
60 44
60 77
60 78
60 59
60 21
60 86
60 87
60 39
60 27
60 28
61 64
61 3
61 4
61 6
61 39
61 76
61 44
61 77
61 78
61 47
61 49
61 83
61 52
61 21
61 28
63 9
63 10
63 14
63 24
63 19
63 54
63 56
64 59
64 86
64 7
64 10
64 43
64 14
64 24
64 54
64 87
64 56
64 27
65 64
65 3
65 4
65 6
65 39
65 76
65 44
65 77
65 78
65 47
65 49
65 83
65 52
65 21
65 26
66 7
66 9
66 10
66 14
66 24
66 54
66 56
66 27
67 59
67 86
67 7
67 10
67 43
67 14
67 24
67 54
67 87
67 56
67 27
68 3
68 4
68 6
68 39
68 76
68 44
68 77
68 78
68 47
68 49
68 83
68 52
68 21
68 28
69 59
69 86
69 7
69 10
69 43
69 14
69 24
69 54
69 87
69 56
69 27
69 28
70 3
70 4
70 6
70 39
70 43
70 44
70 77
70 78
70 49
70 21
70 86
70 87
70 28
71 3
71 4
71 6
71 39
71 76
71 44
71 77
71 78
71 49
71 83
71 52
71 21
71 28
72 59
72 4
72 39
72 43
72 44
72 77
72 56
72 86
72 87
72 7
72 27
72 28
73 3
73 4
73 7
73 43
73 44
73 77
73 78
73 59
73 21
73 86
73 87
73 39
73 27
73 28
74 3
74 4
74 6
74 39
74 43
74 44
74 77
74 78
74 59
74 21
74 86
74 87
74 27
74 28
75 64
75 32
75 66
75 35
75 68
75 6
75 67
75 76
75 47
75 80
75 49
75 83
75 52
75 36
75 26
75 62
75 31
76 59
76 4
76 39
76 43
76 44
76 77
76 21
76 86
76 87
76 7
76 27
76 28
77 59
77 86
77 7
77 10
77 43
77 14
77 24
77 54
77 87
77 56
77 27
78 59
78 86
78 7
78 10
78 43
78 14
78 24
78 54
78 87
78 56
78 27
79 64
79 66
79 35
79 6
79 83
79 76
79 78
79 47
79 49
79 3
79 52
79 26
79 62
81 3
81 4
81 6
81 39
81 43
81 44
81 77
81 78
81 21
81 86
81 87
81 59
81 28
82 64
82 32
82 66
82 35
82 36
82 6
82 76
82 47
82 80
82 49
82 83
82 52
82 26
82 62
82 31
83 59
83 86
83 7
83 10
83 43
83 14
83 24
83 54
83 87
83 56
83 27
84 64
84 66
84 3
84 6
84 39
84 76
84 83
84 44
84 78
84 47
84 49
84 35
84 52
84 21
84 26
86 9
86 10
86 14
86 24
86 19
86 54
86 56
87 59
87 86
87 7
87 10
87 43
87 14
87 24
87 54
87 56
87 27
88 3
88 4
88 6
88 39
88 76
88 44
88 77
88 78
88 49
88 83
88 21
88 28
