88
1 69
1 70
1 42
1 11
1 61
1 78
1 15
1 16
1 23
1 88
1 47
1 74
1 31
2 48
2 1
2 50
2 36
2 32
3 69
3 70
3 72
3 42
3 43
3 61
3 78
3 47
3 82
3 54
3 23
3 88
3 15
3 74
4 3
4 68
4 5
4 6
4 71
4 72
4 41
4 74
4 43
4 77
4 15
4 82
4 21
4 54
4 23
4 24
4 55
4 70
4 62
5 69
5 70
5 72
5 42
5 43
5 78
5 47
5 82
5 54
5 23
5 88
5 15
5 74
6 32
6 4
6 79
6 48
6 50
6 56
6 36
7 65
7 67
7 39
7 40
7 75
7 49
7 52
7 85
7 25
7 58
7 26
7 53
8 2
8 3
8 5
8 6
8 7
8 14
8 21
8 24
8 27
8 33
8 41
8 43
8 44
8 55
8 57
8 62
8 63
8 68
8 71
8 72
8 73
8 77
8 82
9 64
9 33
9 2
9 3
9 68
9 37
9 7
9 73
9 44
9 14
9 55
9 24
9 57
9 27
9 63
10 1
10 20
10 46
10 38
10 81
11 35
11 42
11 45
11 78
11 47
11 16
11 61
11 30
11 31
12 1
12 36
12 38
12 48
12 81
12 20
13 32
13 1
13 36
13 48
13 50
13 56
13 4
14 64
14 67
14 37
14 40
14 49
14 52
14 85
14 58
15 69
15 70
15 42
15 11
15 78
15 47
15 16
15 23
15 88
15 61
15 31
16 33
16 2
16 3
16 68
16 5
16 6
16 7
16 41
16 57
16 43
16 44
16 77
16 14
16 21
16 73
16 24
16 55
16 71
16 27
16 62
16 63
17 32
17 1
17 36
17 48
17 50
17 4
18 56
18 4
18 84
18 29
18 79
19 33
19 2
19 3
19 68
19 5
19 7
19 73
19 44
19 14
19 55
19 24
19 57
19 27
19 63
20 65
20 67
20 39
20 40
20 75
20 49
20 52
20 85
20 25
20 58
20 26
20 53
21 33
21 2
21 3
21 68
21 5
21 6
21 7
21 41
21 43
21 44
21 77
21 14
21 57
21 73
21 24
21 55
21 71
21 27
21 62
21 63
22 10
22 38
22 20
22 30
22 46
23 76
23 66
23 28
23 12
24 69
24 70
24 72
24 41
24 74
24 43
24 77
24 15
24 82
24 21
24 54
24 23
24 88
25 3
25 68
25 5
25 6
25 71
25 72
25 41
25 74
25 43
25 77
25 15
25 82
25 21
25 54
25 23
25 24
25 55
25 70
25 62
26 32
26 1
26 36
26 79
26 48
26 50
26 56
26 4
27 65
27 67
27 39
27 40
27 75
27 49
27 52
27 85
27 25
27 58
27 26
27 53
28 35
28 10
28 11
28 45
28 16
28 30
28 31
29 86
29 39
29 75
29 80
29 22
29 87
31 33
31 2
31 3
31 68
31 5
31 6
31 7
31 41
31 57
31 43
31 44
31 77
31 14
31 21
31 73
31 24
31 55
31 71
31 27
31 62
31 63
32 69
32 70
32 72
32 42
32 43
32 61
32 78
32 47
32 82
32 54
32 23
32 88
32 15
32 74
33 65
33 67
33 39
33 40
33 75
33 49
33 52
33 85
33 25
33 58
33 26
33 53
34 35
34 42
34 11
34 45
34 78
34 47
34 16
34 61
34 30
34 31
35 69
35 70
35 42
35 11
35 61
35 78
35 47
35 16
35 54
35 23
35 88
35 15
35 74
36 38
36 10
36 46
36 81
36 20
36 30
37 64
37 65
37 67
37 39
37 40
37 49
37 52
37 85
37 25
37 58
37 26
37 53
38 81
38 10
38 20
38 46
38 30
39 65
39 75
39 53
39 87
39 25
39 26
40 2
40 3
40 5
40 6
40 7
40 14
40 21
40 24
40 27
40 33
40 41
40 43
40 44
40 55
40 57
40 62
40 63
40 68
40 71
40 73
40 77
40 82
41 33
41 2
41 3
41 68
41 5
41 6
41 7
41 73
41 71
41 44
41 14
41 21
41 55
41 24
41 57
41 27
41 62
41 63
42 33
42 3
42 68
42 5
42 6
42 71
42 72
42 41
42 74
42 43
42 77
42 15
42 82
42 21
42 54
42 23
42 24
42 55
42 62
42 63
43 34
43 22
43 13
43 80
43 86
43 87
44 65
44 67
44 39
44 40
44 75
44 49
44 52
44 85
44 25
44 58
44 26
44 53
45 64
45 37
45 7
45 40
45 73
45 44
45 14
45 49
45 57
45 58
45 27
46 33
46 2
46 3
46 68
46 5
46 6
46 7
46 73
46 71
46 44
46 14
46 55
46 24
46 57
46 27
46 62
46 63
47 35
47 42
47 11
47 45
47 78
47 16
47 88
47 61
47 31
48 35
48 10
48 11
48 45
48 16
48 30
48 31
49 64
49 65
49 67
49 37
49 40
49 52
49 85
49 25
49 58
49 26
49 53
50 48
50 1
50 36
50 32
51 35
51 10
51 11
51 45
51 16
51 61
51 30
51 31
52 17
52 59
53 34
53 22
53 76
53 13
53 80
53 86
54 34
54 86
54 12
54 76
54 13
54 80
54 22
55 2
55 3
55 5
55 6
55 7
55 14
55 21
55 24
55 27
55 33
55 41
55 43
55 44
55 57
55 62
55 63
55 68
55 71
55 72
55 73
55 77
55 82
56 22
56 39
56 75
56 80
56 86
56 87
56 26
57 65
57 67
57 39
57 75
57 53
57 87
57 25
57 26
58 76
58 66
58 28
58 12
59 65
59 67
59 39
59 40
59 75
59 49
59 52
59 85
59 25
59 58
59 26
59 53
60 34
60 22
60 13
60 80
60 86
60 87
61 17
61 59
62 17
63 64
63 37
63 7
63 40
63 73
63 14
63 49
63 52
63 85
63 57
63 58
64 35
64 10
64 45
64 46
64 20
64 30
65 51
65 18
65 19
66 65
66 67
66 39
66 75
66 52
66 53
66 87
66 25
66 26
67 17
67 66
67 28
67 12
68 17
68 59
69 59
69 19
70 65
70 39
70 75
70 87
70 25
70 26
71 86
71 39
71 75
71 80
71 22
71 87
72 65
72 67
72 39
72 40
72 75
72 49
72 52
72 85
72 25
72 58
72 26
72 53
73 64
73 37
73 7
73 40
73 14
73 49
73 52
73 85
73 57
73 58
74 64
74 65
74 67
74 37
74 39
74 40
74 49
74 52
74 85
74 25
74 58
74 26
74 53
75 76
75 17
75 66
75 28
75 12
76 65
76 67
76 39
76 75
76 53
76 87
76 25
76 26
77 33
77 2
77 3
77 68
77 5
77 6
77 71
77 72
77 41
77 74
77 43
77 15
77 82
77 21
77 54
77 23
77 24
77 55
77 62
77 63
78 69
78 70
78 72
78 74
78 43
78 77
78 47
78 82
78 21
78 54
78 23
78 88
78 15
79 59
79 19
80 33
80 2
80 3
80 68
80 5
80 6
80 71
80 72
80 41
80 74
80 43
80 77
80 15
80 82
80 21
80 54
80 23
80 24
80 55
80 62
80 63
81 69
81 70
81 42
81 11
81 61
81 78
81 47
81 16
81 54
81 23
81 88
81 15
81 74
82 69
82 70
82 72
82 41
82 74
82 43
82 77
82 15
82 21
82 54
82 23
82 88
83 69
83 70
83 42
83 11
83 61
83 78
83 47
83 16
83 54
83 23
83 88
83 15
83 74
84 65
84 67
84 39
84 40
84 75
84 52
84 85
84 87
84 25
84 26
84 53
85 5
85 6
85 71
85 72
85 41
85 74
85 43
85 77
85 15
85 82
85 21
85 54
85 23
85 70
85 62
85 69
86 39
86 75
86 80
86 22
86 87
86 26
87 64
87 67
87 37
87 40
87 49
87 52
87 85
87 58
88 65
88 67
88 39
88 75
88 53
88 87
88 25
88 26
