88
1 35
1 69
1 70
1 71
1 72
1 41
1 42
1 43
1 45
1 78
1 61
1 16
1 21
1 54
1 23
1 88
1 74
1 62
1 31
2 32
2 1
2 36
2 38
2 46
2 79
2 48
2 81
2 50
2 20
2 56
2 4
3 35
3 68
3 69
3 70
3 71
3 72
3 41
3 42
3 43
3 45
3 78
3 61
3 16
3 21
3 54
3 23
3 88
3 74
3 62
3 31
4 7
4 14
4 21
4 23
4 27
4 33
4 41
4 42
4 43
4 44
4 54
4 57
4 61
4 62
4 63
4 68
4 69
4 70
4 71
4 72
4 73
4 74
4 78
4 88
5 16
5 21
5 23
5 31
5 33
5 35
5 41
5 42
5 43
5 45
5 54
5 61
5 62
5 63
5 68
5 69
5 70
5 71
5 72
5 74
5 78
5 88
6 32
6 1
6 36
6 79
6 48
6 81
6 50
6 84
6 56
6 4
6 29
8 33
8 68
8 37
8 70
8 7
8 72
8 41
8 74
8 43
8 44
8 14
8 63
8 21
8 54
8 73
8 23
8 57
8 71
8 27
8 62
8 69
9 33
9 67
9 68
9 37
9 7
9 72
9 41
9 71
9 44
9 14
9 43
9 52
9 21
9 73
9 57
9 49
9 27
9 58
9 62
9 63
10 32
10 1
10 35
10 36
10 38
10 46
10 48
10 81
10 50
10 20
11 35
11 69
11 38
11 42
11 45
11 46
11 16
11 20
11 78
11 23
11 88
11 70
11 61
11 31
12 32
12 1
12 36
12 38
12 46
12 48
12 81
12 50
12 20
12 4
13 32
13 1
13 36
13 38
13 79
13 48
13 81
13 50
13 56
13 4
13 29
14 33
14 67
14 68
14 37
14 65
14 7
14 73
14 39
14 44
14 49
14 75
14 52
14 53
14 57
14 58
14 27
14 63
15 35
15 69
15 70
15 72
15 41
15 42
15 43
15 45
15 78
15 61
15 16
15 21
15 54
15 23
15 88
15 74
15 31
16 33
16 68
16 37
16 70
16 7
16 72
16 41
16 74
16 43
16 44
16 14
16 63
16 21
16 54
16 73
16 23
16 57
16 71
16 27
16 62
16 69
17 32
17 1
17 36
17 38
17 79
17 48
17 81
17 50
17 20
17 56
17 4
18 32
18 4
18 79
18 48
18 50
18 84
18 56
18 29
19 33
19 43
19 68
19 37
19 7
19 72
19 41
19 74
19 71
19 44
19 14
19 49
19 52
19 21
19 54
19 73
19 57
19 58
19 27
19 62
19 63
21 33
21 68
21 37
21 70
21 7
21 72
21 41
21 74
21 43
21 44
21 14
21 63
21 54
21 73
21 23
21 57
21 71
21 27
21 62
21 69
22 1
22 35
22 36
22 38
22 45
22 46
22 16
22 81
22 20
22 61
22 31
24 16
24 21
24 23
24 27
24 31
24 33
24 41
24 42
24 43
24 44
24 54
24 61
24 62
24 63
24 68
24 69
24 70
24 71
24 72
24 74
24 78
24 88
25 7
25 14
25 21
25 23
25 27
25 33
25 41
25 42
25 43
25 44
25 54
25 57
25 61
25 62
25 63
25 68
25 69
25 70
25 71
25 72
25 73
25 74
25 78
25 88
26 32
26 1
26 36
26 79
26 48
26 81
26 50
26 84
26 56
26 4
26 29
28 35
28 69
28 38
28 42
28 45
28 46
28 16
28 81
28 20
28 78
28 88
28 61
28 31
31 33
31 68
31 37
31 70
31 7
31 72
31 41
31 74
31 43
31 44
31 14
31 63
31 21
31 54
31 73
31 23
31 57
31 71
31 27
31 62
31 69
32 35
32 68
32 69
32 70
32 71
32 72
32 41
32 42
32 43
32 45
32 78
32 61
32 16
32 21
32 54
32 23
32 88
32 74
32 62
32 31
34 35
34 69
34 38
34 42
34 45
34 46
34 61
34 16
34 20
34 78
34 23
34 88
34 70
34 74
34 31
35 69
35 70
35 71
35 72
35 41
35 42
35 43
35 45
35 78
35 61
35 16
35 21
35 54
35 23
35 88
35 74
35 62
35 31
36 1
36 35
36 38
36 45
36 46
36 16
36 81
36 20
36 61
36 31
38 1
38 35
38 36
38 45
38 46
38 48
38 81
38 20
38 31
40 33
40 68
40 37
40 70
40 7
40 72
40 41
40 74
40 43
40 44
40 14
40 63
40 21
40 54
40 73
40 23
40 57
40 71
40 27
40 62
40 69
41 33
41 43
41 68
41 37
41 7
41 72
41 73
41 74
41 71
41 44
41 14
41 49
41 21
41 54
41 23
41 57
41 58
41 27
41 62
41 63
42 7
42 14
42 21
42 23
42 27
42 33
42 41
42 43
42 44
42 54
42 57
42 62
42 63
42 68
42 69
42 70
42 71
42 72
42 73
42 74
42 78
42 88
45 33
45 67
45 68
45 37
45 65
45 71
45 41
45 63
45 7
45 44
45 14
45 49
45 52
45 21
45 73
45 57
45 58
45 27
45 62
45 53
46 33
46 43
46 68
46 37
46 7
46 72
46 41
46 74
46 71
46 44
46 14
46 49
46 52
46 21
46 54
46 73
46 57
46 58
46 27
46 62
46 63
47 35
47 69
47 70
47 42
47 45
47 46
47 61
47 16
47 20
47 78
47 54
47 23
47 88
47 74
47 31
48 35
48 69
48 38
48 42
48 45
48 46
48 16
48 81
48 20
48 78
48 88
48 61
48 31
50 32
50 1
50 36
50 38
50 46
50 79
50 48
50 81
50 20
50 56
50 4
51 35
51 69
51 38
51 42
51 45
51 46
51 16
51 20
51 78
51 23
51 88
51 70
51 61
51 31
55 33
55 68
55 37
55 70
55 7
55 72
55 41
55 74
55 43
55 44
55 14
55 63
55 21
55 54
55 73
55 23
55 57
55 71
55 27
55 62
55 69
63 33
63 67
63 68
63 37
63 65
63 7
63 41
63 39
63 44
63 14
63 71
63 49
63 52
63 53
63 73
63 57
63 58
63 27
63 62
64 35
64 38
64 42
64 45
64 46
64 16
64 81
64 20
64 78
64 88
64 61
64 31
73 33
73 67
73 68
73 37
73 65
73 7
73 39
73 44
73 14
73 71
73 49
73 52
73 53
73 57
73 58
73 27
73 62
73 63
77 7
77 14
77 21
77 23
77 27
77 33
77 41
77 42
77 43
77 44
77 54
77 57
77 62
77 63
77 68
77 69
77 70
77 71
77 72
77 73
77 74
77 78
77 88
78 33
78 68
78 69
78 70
78 71
78 72
78 41
78 42
78 43
78 44
78 45
78 61
78 16
78 21
78 54
78 23
78 88
78 31
78 74
78 62
78 63
80 7
80 14
80 21
80 23
80 27
80 33
80 41
80 42
80 43
80 44
80 54
80 57
80 62
80 63
80 68
80 69
80 70
80 71
80 72
80 73
80 74
80 78
80 88
81 35
81 69
81 70
81 71
81 72
81 41
81 42
81 43
81 45
81 78
81 61
81 16
81 21
81 54
81 23
81 88
81 74
81 62
81 31
82 16
82 21
82 23
82 27
82 31
82 33
82 41
82 42
82 43
82 44
82 54
82 61
82 62
82 63
82 68
82 69
82 70
82 71
82 72
82 74
82 78
82 88
83 35
83 69
83 70
83 71
83 72
83 41
83 42
83 43
83 45
83 78
83 61
83 16
83 21
83 54
83 23
83 88
83 74
83 62
83 31
85 14
85 16
85 21
85 23
85 27
85 31
85 33
85 41
85 42
85 43
85 44
85 54
85 57
85 61
85 62
85 63
85 68
85 69
85 70
85 71
85 72
85 73
85 74
85 78
85 88
87 33
87 67
87 68
87 37
87 65
87 7
87 73
87 39
87 44
87 14
87 49
87 75
87 52
87 53
87 57
87 58
87 27
87 63
