88
1 32
1 33
1 34
1 3
1 4
1 38
1 6
1 65
1 75
1 44
1 78
1 47
1 49
1 87
1 36
1 26
1 60
1 29
1 30
1 31
2 5
2 11
2 14
2 21
2 22
2 25
2 27
2 39
2 40
2 41
2 42
2 43
2 45
2 48
2 53
2 55
2 56
2 57
2 61
2 62
2 63
2 66
2 67
2 68
2 70
2 71
2 72
2 73
2 76
2 77
2 80
5 1
5 35
5 4
5 37
5 6
5 16
5 49
5 83
5 84
5 30
5 31
6 11
6 14
6 25
6 27
6 32
6 33
6 34
6 36
6 38
6 39
6 41
6 44
6 45
6 48
6 53
6 57
6 60
6 62
6 63
6 66
6 67
6 75
6 77
6 78
6 80
6 87
11 16
11 2
11 84
11 50
13 18
14 5
14 11
14 22
14 25
14 27
14 39
14 40
14 41
14 42
14 43
14 45
14 48
14 53
14 55
14 56
14 57
14 61
14 62
14 63
14 66
14 67
14 68
14 70
14 73
14 76
14 77
14 80
17 16
17 2
17 50
19 5
19 14
19 21
19 22
19 25
19 27
19 39
19 40
19 41
19 42
19 43
19 45
19 48
19 53
19 55
19 56
19 57
19 61
19 62
19 63
19 67
19 68
19 70
19 71
19 72
19 73
19 76
19 77
19 80
19 82
20 1
20 35
20 4
20 37
20 6
20 65
20 47
20 49
20 83
20 29
20 30
20 31
23 2
23 35
23 37
23 16
23 50
23 83
23 84
24 32
24 33
24 34
24 3
24 4
24 38
24 6
24 65
24 11
24 44
24 66
24 78
24 47
24 75
24 87
24 36
24 26
24 60
24 29
24 30
24 31
28 3
28 11
28 14
28 25
28 26
28 27
28 32
28 33
28 34
28 36
28 38
28 41
28 44
28 45
28 48
28 60
28 62
28 63
28 66
28 67
28 75
28 77
28 78
28 80
28 87
29 1
29 3
29 4
29 37
29 6
29 33
29 75
29 47
29 49
29 83
29 87
29 26
29 31
29 60
29 30
29 65
30 3
30 4
30 11
30 26
30 27
30 29
30 31
30 32
30 33
30 34
30 36
30 38
30 44
30 45
30 47
30 60
30 65
30 66
30 75
30 78
30 80
30 87
31 3
31 11
31 14
31 25
31 26
31 27
31 32
31 33
31 34
31 36
31 38
31 41
31 44
31 45
31 48
31 53
31 57
31 60
31 62
31 63
31 66
31 67
31 75
31 77
31 78
31 80
31 87
34 11
34 14
34 25
34 27
34 32
34 33
34 36
34 38
34 39
34 41
34 44
34 45
34 48
34 53
34 56
34 57
34 60
34 61
34 62
34 63
34 66
34 67
34 77
34 78
34 80
34 87
35 3
35 11
35 25
35 26
35 27
35 29
35 32
35 33
35 34
35 36
35 38
35 41
35 44
35 45
35 48
35 60
35 62
35 63
35 66
35 67
35 75
35 77
35 78
35 80
35 87
36 11
36 14
36 25
36 27
36 32
36 34
36 38
36 39
36 41
36 44
36 45
36 48
36 53
36 56
36 57
36 60
36 61
36 62
36 63
36 66
36 67
36 77
36 78
36 80
36 87
37 3
37 11
37 25
37 26
37 27
37 29
37 32
37 33
37 34
37 36
37 38
37 41
37 44
37 45
37 47
37 60
37 62
37 65
37 66
37 67
37 75
37 77
37 78
37 80
37 87
38 1
38 83
38 3
38 4
38 37
38 6
38 65
38 75
38 47
38 49
38 35
38 26
38 29
38 30
38 31
39 5
39 11
39 14
39 22
39 25
39 27
39 34
39 41
39 45
39 48
39 53
39 56
39 57
39 61
39 62
39 63
39 66
39 67
39 68
39 70
39 77
39 78
39 80
40 5
40 11
40 14
40 22
40 25
40 27
40 39
40 41
40 42
40 43
40 45
40 48
40 53
40 55
40 56
40 57
40 61
40 62
40 63
40 66
40 67
40 68
40 70
40 73
40 77
40 78
40 80
43 3
43 11
43 25
43 26
43 27
43 29
43 32
43 33
43 34
43 36
43 38
43 41
43 44
43 45
43 47
43 60
43 62
43 65
43 66
43 67
43 75
43 78
43 80
43 87
46 11
46 14
46 25
46 27
46 32
46 33
46 34
46 36
46 38
46 39
46 41
46 44
46 45
46 48
46 53
46 57
46 60
46 62
46 63
46 66
46 67
46 75
46 77
46 78
46 80
46 87
47 32
47 1
47 66
47 3
47 4
47 38
47 6
47 33
47 11
47 44
47 34
47 78
47 75
47 87
47 36
47 26
47 31
47 60
47 29
47 30
47 65
48 5
48 11
48 14
48 21
48 22
48 25
48 27
48 39
48 40
48 41
48 42
48 43
48 45
48 53
48 55
48 56
48 57
48 61
48 62
48 63
48 67
48 68
48 70
48 71
48 72
48 73
48 76
48 77
48 80
49 3
49 11
49 26
49 27
49 29
49 32
49 33
49 34
49 36
49 38
49 41
49 44
49 45
49 47
49 60
49 62
49 65
49 66
49 67
49 75
49 78
49 80
49 87
50 3
50 11
50 25
50 26
50 27
50 29
50 32
50 33
50 34
50 36
50 38
50 41
50 44
50 45
50 47
50 48
50 60
50 62
50 65
50 66
50 67
50 75
50 77
50 78
50 80
50 87
51 5
51 14
51 21
51 22
51 25
51 27
51 39
51 40
51 41
51 42
51 43
51 45
51 48
51 53
51 55
51 56
51 57
51 61
51 62
51 63
51 67
51 68
51 70
51 71
51 72
51 73
51 76
51 77
51 80
51 82
59 3
59 4
59 11
59 26
59 27
59 29
59 30
59 31
59 32
59 33
59 34
59 36
59 38
59 44
59 45
59 47
59 60
59 65
59 66
59 75
59 78
59 87
63 3
63 11
63 25
63 26
63 27
63 29
63 32
63 33
63 34
63 36
63 38
63 41
63 44
63 45
63 47
63 60
63 62
63 65
63 66
63 67
63 75
63 77
63 78
63 80
63 87
64 32
64 1
64 34
64 3
64 4
64 38
64 6
64 33
64 75
64 44
64 78
64 47
64 49
64 87
64 36
64 26
64 31
64 60
64 29
64 30
64 65
67 5
67 11
67 14
67 21
67 22
67 25
67 27
67 39
67 40
67 41
67 42
67 43
67 45
67 48
67 53
67 55
67 56
67 57
67 61
67 62
67 63
67 68
67 70
67 71
67 72
67 73
67 76
67 77
67 80
80 11
80 14
80 22
80 25
80 27
80 32
80 34
80 38
80 39
80 41
80 45
80 48
80 53
80 56
80 57
80 61
80 62
80 63
80 66
80 67
80 68
80 77
80 78
83 11
83 14
83 22
83 25
83 27
83 32
83 34
83 36
83 38
83 39
83 41
83 44
83 45
83 48
83 53
83 56
83 57
83 61
83 62
83 63
83 66
83 67
83 77
83 78
83 80
85 32
85 1
85 34
85 3
85 4
85 37
85 6
85 33
85 31
85 75
85 44
85 47
85 49
85 87
85 36
85 26
85 38
85 60
85 29
85 30
85 65
86 5
86 11
86 14
86 21
86 22
86 25
86 27
86 39
86 40
86 41
86 42
86 43
86 45
86 48
86 53
86 55
86 56
86 57
86 61
86 62
86 63
86 67
86 68
86 70
86 71
86 72
86 73
86 76
86 77
86 80
87 5
87 11
87 14
87 21
87 22
87 25
87 27
87 39
87 40
87 41
87 42
87 43
87 45
87 48
87 53
87 55
87 56
87 57
87 61
87 62
87 63
87 66
87 67
87 68
87 70
87 73
87 76
87 77
87 80
88 3
88 11
88 14
88 25
88 26
88 27
88 32
88 33
88 34
88 36
88 38
88 41
88 44
88 45
88 48
88 53
88 57
88 60
88 62
88 63
88 66
88 67
88 75
88 77
88 78
88 80
88 87
