88
1 65
1 36
1 51
1 46
1 80
1 82
1 83
1 20
1 87
1 58
1 59
1 28
1 29
3 12
3 30
3 15
4 8
4 9
4 10
4 12
4 13
4 17
4 55
4 26
4 61
4 30
5 8
5 12
5 13
5 15
5 17
5 55
5 26
5 61
5 30
6 1
6 36
6 16
6 65
6 75
6 18
6 46
6 80
6 82
6 83
6 20
6 87
6 58
6 59
6 28
6 29
6 51
7 80
7 8
7 9
7 10
7 75
7 13
7 46
7 16
7 18
7 83
7 20
7 55
7 26
7 61
10 1
10 36
10 16
10 65
10 9
10 75
10 18
10 46
10 80
10 82
10 83
10 20
10 87
10 59
10 28
10 29
10 51
11 80
11 8
11 9
11 10
11 75
11 13
11 46
11 16
11 18
11 83
11 20
11 55
11 26
11 61
14 1
14 36
14 16
14 65
14 75
14 18
14 46
14 80
14 82
14 83
14 20
14 87
14 58
14 59
14 28
14 29
14 51
19 1
19 36
19 16
19 65
19 9
19 10
19 75
19 18
19 46
19 80
19 82
19 83
19 20
19 87
19 59
19 28
19 29
19 51
21 16
21 9
21 10
21 75
21 13
21 46
21 61
21 80
21 18
21 83
21 20
21 87
21 55
21 26
21 28
21 29
22 8
22 9
22 10
22 12
22 13
22 17
22 55
22 26
22 61
22 30
23 1
23 36
23 16
23 9
23 10
23 75
23 13
23 46
23 61
23 80
23 18
23 83
23 20
23 87
23 55
23 28
23 29
23 51
25 1
25 36
25 16
25 9
25 10
25 75
25 13
25 46
25 61
25 80
25 18
25 83
25 20
25 87
25 55
25 26
25 28
25 29
27 1
27 36
27 16
27 65
27 9
27 10
27 75
27 18
27 46
27 80
27 82
27 83
27 20
27 87
27 59
27 28
27 29
27 51
30 1
30 36
30 16
30 65
30 10
30 75
30 18
30 46
30 80
30 82
30 83
30 20
30 87
30 58
30 59
30 28
30 29
30 51
31 8
31 9
31 10
31 75
31 13
31 16
31 17
31 18
31 20
31 55
31 26
31 61
32 8
32 9
32 10
32 75
32 13
32 16
32 17
32 18
32 20
32 55
32 26
32 61
33 16
33 9
33 10
33 75
33 13
33 46
33 61
33 80
33 18
33 83
33 20
33 87
33 55
33 26
33 28
33 29
34 1
34 36
34 51
34 65
34 75
34 46
34 80
34 82
34 83
34 20
34 87
34 58
34 59
34 28
34 29
37 8
37 12
37 13
37 15
37 17
37 55
37 26
37 61
37 30
38 8
38 9
38 10
38 12
38 13
38 17
38 55
38 26
38 61
38 30
39 1
39 36
39 16
39 65
39 10
39 75
39 18
39 46
39 80
39 82
39 83
39 20
39 87
39 58
39 59
39 28
39 29
39 51
40 1
40 36
40 51
40 65
40 46
40 80
40 82
40 83
40 20
40 87
40 58
40 59
40 28
40 29
41 80
41 8
41 9
41 10
41 75
41 13
41 46
41 16
41 18
41 83
41 20
41 55
41 26
41 61
42 1
42 36
42 16
42 65
42 9
42 10
42 75
42 18
42 46
42 80
42 82
42 83
42 20
42 87
42 59
42 28
42 29
42 51
43 1
43 36
43 16
43 65
43 9
43 10
43 75
43 18
43 46
43 80
43 82
43 83
43 20
43 87
43 59
43 28
43 29
43 51
44 1
44 36
44 16
44 65
44 9
44 10
44 75
44 13
44 46
44 61
44 80
44 18
44 83
44 20
44 87
44 55
44 28
44 29
44 51
45 1
45 36
45 16
45 65
45 10
45 75
45 18
45 46
45 80
45 82
45 83
45 20
45 87
45 58
45 59
45 28
45 29
45 51
46 1
46 36
46 51
46 65
46 75
46 80
46 82
46 83
46 20
46 87
46 58
46 59
46 28
46 29
47 1
47 36
47 16
47 9
47 10
47 75
47 13
47 46
47 61
47 80
47 18
47 83
47 20
47 87
47 55
47 28
47 29
48 1
48 36
48 16
48 65
48 10
48 75
48 18
48 46
48 80
48 82
48 83
48 20
48 87
48 58
48 59
48 28
48 29
48 51
49 16
49 9
49 10
49 75
49 13
49 46
49 80
49 18
49 83
49 20
49 87
49 55
49 26
49 28
49 61
50 17
50 12
50 30
50 15
52 8
52 9
52 10
52 75
52 13
52 16
52 17
52 18
52 20
52 55
52 26
52 61
53 1
53 36
53 16
53 65
53 10
53 75
53 18
53 46
53 80
53 82
53 83
53 20
53 87
53 58
53 59
53 28
53 29
53 51
54 80
54 8
54 9
54 10
54 75
54 13
54 46
54 16
54 18
54 83
54 20
54 55
54 26
54 61
55 1
55 36
55 16
55 65
55 10
55 75
55 18
55 46
55 80
55 82
55 83
55 20
55 87
55 58
55 59
55 28
55 29
55 51
56 1
56 36
56 16
56 65
56 10
56 75
56 18
56 46
56 80
56 82
56 83
56 20
56 87
56 58
56 59
56 28
56 29
56 51
57 1
57 36
57 16
57 65
57 9
57 10
57 75
57 18
57 46
57 80
57 82
57 83
57 20
57 87
57 59
57 28
57 29
57 51
60 1
60 36
60 51
60 65
60 75
60 46
60 80
60 82
60 83
60 20
60 87
60 58
60 59
60 28
60 29
63 8
63 9
63 10
63 75
63 13
63 16
63 17
63 18
63 20
63 55
63 26
63 61
64 1
64 36
64 16
64 65
64 75
64 18
64 46
64 80
64 82
64 83
64 20
64 87
64 58
64 59
64 28
64 29
64 51
66 8
66 9
66 10
66 75
66 13
66 16
66 17
66 18
66 20
66 55
66 26
66 61
67 8
67 9
67 10
67 75
67 13
67 16
67 17
67 18
67 20
67 55
67 26
67 61
68 1
68 36
68 16
68 65
68 9
68 10
68 75
68 18
68 46
68 80
68 82
68 83
68 20
68 87
68 59
68 28
68 29
68 51
69 1
69 36
69 16
69 65
69 9
69 10
69 75
69 13
69 46
69 80
69 18
69 83
69 20
69 87
69 55
69 28
69 29
69 51
71 1
71 36
71 51
71 65
71 75
71 46
71 80
71 82
71 83
71 20
71 87
71 58
71 59
71 28
71 29
72 1
72 36
72 51
72 65
72 46
72 80
72 82
72 83
72 20
72 87
72 58
72 59
72 28
72 29
73 1
73 36
73 16
73 65
73 10
73 75
73 18
73 46
73 80
73 82
73 83
73 20
73 87
73 59
73 28
73 29
73 51
74 80
74 8
74 9
74 10
74 75
74 13
74 46
74 16
74 18
74 83
74 20
74 55
74 26
74 61
76 1
76 36
76 51
76 65
76 75
76 46
76 80
76 82
76 83
76 20
76 87
76 58
76 59
76 28
76 29
77 80
77 8
77 9
77 10
77 75
77 13
77 46
77 16
77 18
77 83
77 20
77 55
77 26
77 61
78 1
78 36
78 16
78 65
78 9
78 10
78 75
78 18
78 46
78 80
78 82
78 83
78 20
78 87
78 59
78 28
78 29
78 51
79 1
79 36
79 16
79 65
79 10
79 75
79 18
79 46
79 80
79 82
79 83
79 20
79 87
79 58
79 59
79 28
79 29
79 51
80 1
80 36
80 51
80 65
80 75
80 18
80 46
80 82
80 83
80 20
80 87
80 58
80 59
80 28
80 29
81 8
81 9
81 10
81 75
81 13
81 16
81 17
81 18
81 20
81 55
81 26
81 61
84 8
84 9
84 10
84 75
84 13
84 16
84 17
84 18
84 20
84 55
84 26
84 61
85 8
85 9
85 10
85 12
85 13
85 17
85 55
85 26
85 61
85 30
86 15
88 8
88 9
88 10
88 75
88 13
88 16
88 17
88 18
88 20
88 55
88 26
88 61
