88
1 2
1 4
1 12
1 13
1 22
1 23
1 27
1 28
1 31
1 32
1 34
1 36
1 40
1 41
1 48
1 50
1 51
1 64
1 67
1 76
1 77
1 88
3 72
3 9
3 74
3 86
3 70
4 64
4 48
4 2
4 67
4 36
4 38
4 77
4 41
4 12
4 34
4 46
4 13
4 76
4 51
4 32
4 22
4 23
4 88
4 27
4 28
4 31
5 70
5 72
5 9
5 42
5 86
5 58
5 74
6 8
6 66
6 54
8 2
8 4
8 12
8 13
8 22
8 23
8 27
8 28
8 31
8 32
8 34
8 36
8 38
8 41
8 48
8 50
8 51
8 64
8 67
8 76
8 77
8 88
12 37
12 70
12 7
12 72
12 73
12 42
12 78
12 49
12 86
12 24
12 58
12 59
12 30
14 1
14 2
14 4
14 12
14 13
14 22
14 23
14 27
14 28
14 31
14 32
14 34
14 36
14 40
14 41
14 48
14 50
14 51
14 64
14 67
14 76
14 77
14 88
19 64
19 32
19 2
19 67
19 36
19 38
19 6
19 77
19 41
19 12
19 34
19 46
19 13
19 51
19 22
19 23
19 88
19 68
19 27
19 28
20 70
20 72
20 9
20 42
20 86
20 58
20 74
21 2
21 6
21 7
21 12
21 22
21 24
21 28
21 30
21 32
21 37
21 38
21 41
21 46
21 49
21 51
21 55
21 59
21 64
21 68
21 71
21 73
21 78
21 84
22 72
22 9
22 74
22 82
22 86
22 56
24 64
24 32
24 2
24 27
24 68
24 37
24 6
24 71
24 38
24 41
24 55
24 12
24 34
24 46
24 51
24 84
24 22
24 73
24 59
24 28
25 69
25 81
25 52
25 26
25 29
25 62
26 2
26 6
26 7
26 12
26 22
26 24
26 28
26 30
26 32
26 37
26 38
26 41
26 46
26 49
26 51
26 55
26 59
26 64
26 68
26 71
26 73
26 78
26 84
28 1
28 2
28 4
28 12
28 13
28 22
28 23
28 27
28 31
28 32
28 34
28 36
28 40
28 41
28 48
28 50
28 51
28 64
28 67
28 76
28 77
28 88
30 1
30 2
30 4
30 12
30 13
30 22
30 23
30 27
30 28
30 31
30 32
30 34
30 36
30 38
30 40
30 41
30 48
30 50
30 51
30 64
30 67
30 76
30 77
30 88
31 2
31 6
31 12
31 22
31 24
31 27
31 28
31 32
31 34
31 36
31 37
31 38
31 41
31 46
31 51
31 55
31 59
31 64
31 68
31 71
31 73
31 84
32 37
32 70
32 7
32 72
32 73
32 42
32 71
32 78
32 49
32 84
32 86
32 55
32 24
32 58
32 59
32 30
33 72
33 9
33 74
33 82
33 86
33 56
34 2
34 6
34 7
34 22
34 24
34 28
34 30
34 32
34 37
34 38
34 41
34 46
34 49
34 51
34 55
34 59
34 64
34 68
34 71
34 73
34 78
34 84
35 70
35 72
35 9
35 74
35 82
35 86
36 80
36 9
36 74
36 82
36 56
37 64
37 32
37 2
37 27
37 68
37 38
37 6
37 7
37 41
37 55
37 12
37 46
37 49
37 51
37 84
37 22
37 73
37 24
37 71
37 59
37 28
38 68
38 37
38 6
38 7
38 72
38 73
38 42
38 71
38 46
38 49
38 84
38 78
38 86
38 55
38 24
38 58
38 59
38 70
38 30
39 70
39 7
39 72
39 42
39 78
39 49
39 86
39 58
39 74
39 30
40 80
40 56
40 82
40 45
40 16
41 70
41 72
41 9
41 42
41 86
41 58
41 74
42 26
42 83
42 69
42 62
43 68
43 37
43 6
43 7
43 72
43 73
43 42
43 71
43 78
43 49
43 84
43 86
43 55
43 24
43 58
43 59
43 70
43 30
44 2
44 6
44 7
44 22
44 24
44 28
44 30
44 32
44 37
44 38
44 41
44 46
44 49
44 51
44 55
44 59
44 64
44 68
44 71
44 73
44 78
44 84
45 1
45 2
45 4
45 5
45 12
45 13
45 19
45 23
45 27
45 28
45 31
45 32
45 34
45 35
45 36
45 40
45 41
45 48
45 50
45 51
45 64
45 67
45 75
45 76
45 77
45 88
46 26
46 83
46 69
46 62
47 70
47 72
47 9
47 42
47 86
47 58
47 74
48 70
48 7
48 72
48 42
48 78
48 49
48 86
48 58
48 74
48 30
51 72
51 9
51 74
51 82
51 86
51 56
53 16
53 83
53 45
53 62
54 68
54 37
54 6
54 7
54 38
54 73
54 42
54 71
54 46
54 49
54 84
54 78
54 22
54 55
54 24
54 58
54 59
54 70
54 30
56 16
56 9
56 74
56 45
56 80
56 82
57 9
57 74
57 80
57 82
57 86
57 56
58 16
58 9
58 74
58 45
58 80
58 82
58 56
60 68
60 37
60 70
60 7
60 72
60 73
60 42
60 71
60 78
60 49
60 84
60 86
60 55
60 24
60 58
60 59
60 30
61 70
61 72
61 9
61 74
61 82
61 86
62 68
62 37
62 6
62 7
62 38
62 73
62 42
62 71
62 46
62 49
62 84
62 78
62 22
62 55
62 24
62 58
62 59
62 70
62 30
64 1
64 4
64 5
64 12
64 13
64 17
64 19
64 23
64 25
64 27
64 31
64 32
64 34
64 35
64 36
64 40
64 41
64 44
64 48
64 50
64 60
64 61
64 65
64 67
64 75
64 76
64 77
64 88
65 16
65 9
65 74
65 45
65 80
65 82
65 56
67 70
67 72
67 42
67 78
67 86
67 58
67 74
67 30
68 70
68 7
68 72
68 42
68 78
68 49
68 86
68 58
68 30
70 80
70 16
70 83
70 45
71 2
71 6
71 7
71 12
71 22
71 24
71 27
71 28
71 30
71 32
71 37
71 38
71 41
71 46
71 49
71 51
71 55
71 59
71 64
71 68
71 73
71 78
71 84
72 9
72 74
72 80
72 82
72 86
72 56
73 2
73 68
73 37
73 6
73 7
73 38
73 42
73 71
73 46
73 49
73 84
73 78
73 22
73 55
73 24
73 58
73 59
73 28
73 30
74 68
74 37
74 6
74 7
74 72
74 73
74 42
74 71
74 46
74 49
74 84
74 78
74 86
74 55
74 24
74 58
74 59
74 70
74 30
75 70
75 72
75 9
75 42
75 86
75 58
75 74
76 68
76 37
76 6
76 7
76 72
76 73
76 42
76 71
76 46
76 49
76 84
76 78
76 55
76 24
76 58
76 59
76 70
76 30
77 68
77 37
77 6
77 7
77 38
77 73
77 42
77 71
77 46
77 49
77 84
77 78
77 22
77 55
77 24
77 58
77 59
77 70
77 30
78 2
78 6
78 7
78 12
78 22
78 24
78 27
78 28
78 32
78 37
78 38
78 41
78 46
78 49
78 51
78 55
78 59
78 64
78 68
78 71
78 73
78 84
79 70
79 72
79 42
79 78
79 86
79 58
79 74
79 30
80 64
80 2
80 68
80 37
80 6
80 7
80 38
80 73
80 71
80 46
80 49
80 51
80 84
80 78
80 22
80 55
80 24
80 59
80 28
80 30
81 2
81 68
81 37
81 6
81 7
81 38
81 73
81 71
81 46
81 49
81 51
81 84
81 78
81 22
81 55
81 24
81 59
81 28
81 30
82 80
82 56
82 45
82 16
83 1
83 4
83 5
83 12
83 13
83 17
83 19
83 23
83 25
83 27
83 31
83 32
83 34
83 35
83 36
83 40
83 41
83 44
83 48
83 50
83 60
83 61
83 64
83 65
83 67
83 75
83 76
83 77
83 88
84 37
84 70
84 7
84 72
84 73
84 42
84 78
84 49
84 86
84 58
84 59
84 30
87 70
87 72
87 9
87 74
87 82
87 86
88 72
88 9
88 74
88 82
88 86
88 56
