88
2 32
2 68
2 72
2 76
2 12
2 52
2 21
2 28
2 29
3 1
3 17
3 23
3 24
3 25
3 27
3 31
3 35
3 38
3 39
3 49
3 58
3 64
3 66
3 67
3 70
3 73
3 77
3 79
3 80
3 84
3 88
4 34
4 35
4 25
4 38
4 17
4 73
4 27
4 66
4 77
4 80
4 49
4 19
4 84
4 24
4 23
4 88
4 57
4 58
4 79
4 31
5 68
5 72
5 76
5 12
5 81
5 52
5 28
6 64
6 1
6 67
6 5
6 38
6 39
6 73
6 55
6 77
6 80
6 49
6 83
6 24
6 23
6 88
6 58
6 27
6 70
6 30
7 4
7 10
7 13
7 46
7 20
7 53
7 22
7 63
8 11
9 56
9 14
9 6
10 64
10 1
10 67
10 5
10 38
10 39
10 73
10 55
10 77
10 49
10 82
10 83
10 24
10 23
10 88
10 58
10 27
10 70
10 30
11 19
11 34
11 35
11 66
11 47
11 80
11 17
11 50
11 51
11 84
11 54
11 25
11 57
11 79
11 31
12 56
12 18
12 59
12 14
12 6
13 14
14 33
14 2
14 3
14 4
14 37
14 71
14 40
14 41
14 10
14 43
14 44
14 13
14 46
14 48
14 78
14 22
14 87
14 36
14 63
14 53
17 68
17 72
17 76
17 81
17 52
17 86
18 64
18 36
18 5
18 70
18 7
18 9
18 42
18 48
18 82
18 83
18 55
18 30
20 33
20 2
20 3
20 36
20 37
20 71
20 40
20 9
20 42
20 7
20 44
20 78
20 48
20 43
20 41
20 87
21 33
21 2
21 3
21 4
21 37
21 71
21 40
21 41
21 10
21 43
21 44
21 13
21 46
21 20
21 78
21 22
21 87
21 63
21 53
22 3
22 4
22 10
22 44
22 13
22 46
22 20
22 53
22 87
22 63
23 56
23 14
24 4
24 10
24 13
24 20
24 22
24 63
25 56
25 18
25 59
25 6
26 4
26 10
26 13
26 46
26 20
26 53
26 22
26 63
27 14
28 11
29 32
29 65
29 28
29 21
29 12
30 8
30 86
31 19
31 34
31 35
31 69
31 75
31 66
31 47
31 50
31 51
31 85
31 54
31 57
31 60
31 61
32 64
32 67
32 36
32 5
32 70
32 7
32 9
32 42
32 48
32 82
32 83
32 55
32 30
33 2
33 43
33 36
33 37
33 7
33 40
33 9
33 42
33 71
33 44
33 78
33 48
33 41
33 87
34 14
35 64
35 1
35 67
35 5
35 70
35 39
35 9
35 42
35 7
35 82
35 83
35 55
35 30
36 2
36 5
36 7
36 9
36 42
36 71
36 48
36 82
36 83
36 41
36 55
36 30
37 64
37 1
37 66
37 35
37 17
37 38
37 39
37 73
37 77
37 79
37 80
37 49
37 67
37 84
37 24
37 23
37 88
37 25
37 58
37 27
37 31
38 33
38 2
38 3
38 36
38 37
38 71
38 40
38 41
38 42
38 7
38 44
38 78
38 48
38 43
38 87
39 56
39 18
39 59
39 14
39 6
40 56
40 14
40 6
41 3
41 4
41 10
41 44
41 13
41 46
41 20
41 53
41 22
41 87
41 63
42 33
42 2
42 3
42 4
42 37
42 40
42 41
42 10
42 43
42 44
42 13
42 46
42 20
42 78
42 22
42 87
42 63
42 53
43 33
43 2
43 36
43 5
43 7
43 40
43 9
43 42
43 71
43 78
43 48
43 82
43 41
43 30
43 37
44 2
44 36
44 5
44 7
44 9
44 42
44 71
44 48
44 82
44 83
44 41
44 55
44 30
45 56
45 14
45 6
46 33
46 2
46 3
46 4
46 37
46 71
46 40
46 41
46 43
46 44
46 13
46 78
46 48
46 53
46 22
46 87
46 36
46 63
47 64
47 1
47 67
47 5
47 38
47 39
47 9
47 23
47 77
47 82
47 83
47 73
47 88
47 55
47 58
47 70
47 30
48 64
48 67
48 36
48 5
48 70
48 7
48 9
48 42
48 82
48 83
48 55
48 30
49 1
49 34
49 35
49 25
49 38
49 39
49 73
49 27
49 66
49 77
49 80
49 17
49 19
49 84
49 24
49 23
49 88
49 57
49 58
49 79
49 31
50 64
50 67
50 36
50 5
50 70
50 7
50 9
50 42
50 48
50 82
50 83
50 55
50 30
51 34
51 35
51 66
51 47
51 80
51 17
51 50
51 19
51 84
51 54
51 25
51 57
51 79
51 31
52 56
52 18
52 59
52 14
52 6
53 64
53 67
53 36
53 5
53 70
53 7
53 9
53 42
53 48
53 82
53 83
53 55
53 30
54 56
54 18
54 59
54 14
54 6
55 11
56 3
56 4
56 10
56 43
56 44
56 13
56 46
56 20
56 53
56 22
56 87
56 63
57 56
57 18
57 59
57 14
57 6
58 33
58 3
58 4
58 37
58 40
58 41
58 10
58 43
58 44
58 13
58 46
58 20
58 78
58 22
58 87
58 63
58 53
59 1
59 17
59 23
59 24
59 25
59 27
59 31
59 38
59 39
59 49
59 55
59 58
59 64
59 67
59 70
59 73
59 77
59 79
59 80
59 83
59 84
59 88
60 18
60 59
60 6
61 56
61 18
61 59
61 6
62 56
62 18
62 59
62 14
62 6
63 1
63 17
63 23
63 24
63 25
63 27
63 31
63 35
63 38
63 39
63 49
63 58
63 64
63 66
63 67
63 70
63 73
63 77
63 79
63 80
63 84
63 88
64 33
64 2
64 3
64 4
64 37
64 71
64 40
64 41
64 10
64 43
64 44
64 13
64 46
64 20
64 78
64 22
64 87
64 36
64 63
64 53
65 3
65 4
65 10
65 13
65 46
65 20
65 53
65 22
65 63
66 18
66 20
67 2
67 36
67 5
67 7
67 9
67 42
67 71
67 48
67 82
67 83
67 41
67 55
67 30
68 56
68 18
68 59
68 6
69 56
69 59
69 14
69 6
70 33
70 2
70 43
70 36
70 5
70 7
70 40
70 9
70 42
70 71
70 78
70 48
70 82
70 41
70 30
70 37
71 33
71 2
71 3
71 4
71 37
71 40
71 41
71 42
71 43
71 44
71 13
71 46
71 48
71 78
71 22
71 87
71 36
71 63
71 53
72 3
72 4
72 10
72 44
72 13
72 46
72 20
72 53
72 22
72 63
73 33
73 2
73 3
73 4
73 37
73 71
73 40
73 41
73 10
73 43
73 44
73 13
73 46
73 20
73 78
73 22
73 87
73 36
73 63
73 53
74 10
74 20
75 11
76 14
77 33
77 3
77 4
77 37
77 40
77 41
77 10
77 43
77 44
77 13
77 46
77 20
77 78
77 22
77 87
77 63
77 53
78 64
78 1
78 67
78 5
78 38
78 39
78 73
78 55
78 77
78 82
78 83
78 23
78 88
78 58
78 70
78 30
79 3
79 4
79 10
79 44
79 13
79 46
79 20
79 53
79 22
79 63
80 18
80 59
82 33
82 2
82 3
82 4
82 37
82 71
82 40
82 41
82 10
82 43
82 44
82 13
82 46
82 78
82 22
82 87
82 36
82 63
82 53
83 64
83 1
83 67
83 17
83 5
83 38
83 39
83 73
83 55
83 77
83 79
83 80
83 49
83 84
83 24
83 23
83 88
83 58
83 27
83 70
83 31
84 32
84 68
84 72
84 76
84 12
84 52
84 28
84 29
85 18
85 59
86 33
86 2
86 36
86 5
86 7
86 40
86 9
86 42
86 71
86 78
86 48
86 82
86 41
86 30
86 37
87 64
87 1
87 67
87 5
87 70
87 39
87 9
87 7
87 82
87 83
87 55
87 30
88 33
88 2
88 3
88 36
88 37
88 71
88 40
88 41
88 42
88 7
88 44
88 78
88 48
88 43
88 53
88 87
