88
1 64
1 32
1 18
1 75
1 68
1 37
1 6
1 39
1 8
1 43
1 13
1 40
1 50
1 54
1 88
1 27
2 1
2 34
2 35
2 4
2 33
2 42
2 83
2 79
2 67
2 36
3 9
3 74
3 43
3 12
3 45
3 46
3 55
3 23
3 57
3 61
4 64
4 32
4 18
4 75
4 68
4 37
4 6
4 39
4 8
4 43
4 13
4 40
4 50
4 54
4 88
4 27
5 41
5 47
5 85
5 21
6 70
6 38
6 7
6 72
6 73
6 11
6 51
6 52
6 53
6 87
6 56
6 20
6 58
6 26
6 62
7 1
7 34
7 35
7 4
7 33
7 6
7 39
7 79
7 50
7 68
8 17
8 3
8 28
8 14
8 71
9 65
9 69
9 10
9 45
9 82
9 19
9 20
9 55
9 57
9 25
9 60
10 32
10 37
10 74
10 43
10 12
10 45
10 46
10 23
10 57
10 61
11 64
11 32
11 18
11 75
11 68
11 37
11 6
11 39
11 8
11 43
11 13
11 40
11 50
11 54
11 88
11 27
11 61
12 17
12 3
12 28
12 14
12 71
13 70
13 38
13 7
13 72
13 73
13 11
13 51
13 52
13 53
13 86
13 87
13 56
13 58
13 26
13 62
14 66
14 70
14 11
14 81
14 52
14 53
14 86
14 87
14 56
14 58
14 26
14 62
14 31
16 65
16 69
16 9
16 10
16 45
16 82
16 19
16 20
16 55
16 57
16 25
16 60
17 49
18 24
18 2
18 3
19 44
20 64
20 33
20 18
20 4
20 37
20 6
20 39
20 8
20 75
20 13
20 40
20 50
20 32
20 54
20 88
20 68
20 27
21 44
22 64
22 32
22 18
22 75
22 68
22 37
22 6
22 39
22 8
22 43
22 13
22 40
22 50
22 54
22 88
22 27
23 3
23 17
23 71
23 14
23 81
23 28
24 64
24 32
24 75
24 37
24 40
24 74
24 43
24 12
24 13
24 46
24 18
24 54
24 88
24 27
24 61
25 36
25 76
25 77
25 78
25 47
25 80
25 21
26 49
27 24
27 2
27 3
28 70
28 38
28 7
28 72
28 73
28 11
28 51
28 52
28 53
28 86
28 87
28 56
28 20
28 58
28 26
28 62
29 44
30 83
30 67
30 36
30 42
30 76
30 77
30 78
30 80
30 35
31 65
31 69
31 9
31 10
31 23
31 12
31 45
31 46
31 82
31 19
31 25
31 55
31 57
31 60
31 74
32 70
32 38
32 7
32 72
32 73
32 11
32 51
32 52
32 53
32 87
32 56
32 20
32 58
32 26
32 62
33 70
33 38
33 7
33 72
33 73
33 11
33 51
33 52
33 53
33 87
33 56
33 20
33 58
33 26
33 62
34 74
34 43
34 12
34 45
34 46
34 23
34 57
34 61
35 70
35 38
35 7
35 72
35 73
35 11
35 51
35 52
35 53
35 86
35 87
35 56
35 58
35 26
35 62
36 19
36 65
36 69
36 38
36 7
36 72
36 9
36 10
36 55
36 82
36 51
36 20
36 73
36 25
36 58
36 60
37 9
37 74
37 55
37 12
37 45
37 46
37 23
37 57
37 61
38 1
38 34
38 35
38 36
38 42
38 83
38 76
38 78
38 79
38 67
39 66
39 70
39 11
39 81
39 52
39 53
39 86
39 87
39 56
39 26
39 62
39 31
41 24
42 5
43 17
43 3
43 28
43 14
43 71
44 65
44 69
44 9
44 10
44 82
44 19
44 20
44 55
44 57
44 25
44 60
45 66
45 70
45 11
45 81
45 52
45 53
45 86
45 87
45 56
45 26
45 62
45 31
46 17
46 3
46 28
46 14
46 71
47 66
47 70
47 11
47 81
47 52
47 53
47 86
47 87
47 56
47 26
47 62
47 31
48 19
48 65
48 69
48 38
48 7
48 72
48 73
48 10
48 11
48 70
48 82
48 51
48 52
48 25
48 56
48 20
48 58
48 60
49 66
49 81
49 86
49 87
49 26
49 28
49 62
49 31
50 24
50 2
50 3
51 64
51 33
51 18
51 4
51 37
51 6
51 39
51 8
51 75
51 13
51 40
51 50
51 32
51 54
51 88
51 68
51 27
52 9
52 74
52 43
52 12
52 45
52 46
52 55
52 23
52 57
52 61
53 9
53 74
53 55
53 12
53 45
53 46
53 23
53 57
53 61
54 64
54 33
54 18
54 4
54 37
54 6
54 39
54 8
54 75
54 13
54 40
54 50
54 32
54 88
54 68
54 27
55 44
56 44
57 44
57 5
58 17
58 3
58 28
58 14
58 71
59 64
59 33
59 18
59 4
59 6
59 39
59 8
59 75
59 13
59 79
59 40
59 50
59 54
59 88
59 68
59 27
61 2
61 3
61 14
62 1
62 34
62 35
62 36
62 42
62 83
62 76
62 78
62 79
62 67
63 24
63 2
63 3
65 69
65 38
65 7
65 72
65 73
65 10
65 11
65 70
65 82
65 51
65 52
65 53
65 87
65 56
65 20
65 25
65 60
65 58
66 1
66 34
66 35
66 4
66 33
66 42
66 83
66 79
66 67
67 70
67 38
67 7
67 72
67 73
67 11
67 51
67 52
67 53
67 87
67 56
67 20
67 58
67 26
67 62
68 64
68 33
68 18
68 4
68 37
68 6
68 39
68 8
68 75
68 13
68 40
68 50
68 32
68 54
68 88
68 27
69 64
69 33
69 18
69 4
69 37
69 6
69 39
69 8
69 75
69 13
69 40
69 50
69 32
69 54
69 88
69 68
69 27
70 65
70 69
70 9
70 10
70 23
70 12
70 45
70 46
70 82
70 19
70 25
70 55
70 57
70 60
70 74
71 64
71 1
71 18
71 4
71 33
71 6
71 39
71 8
71 75
71 13
71 79
71 40
71 50
71 54
71 88
71 68
71 27
72 65
72 69
72 9
72 10
72 23
72 12
72 45
72 46
72 82
72 19
72 25
72 55
72 57
72 60
72 74
73 74
73 43
73 12
73 45
73 46
73 23
73 57
73 61
74 64
74 33
74 18
74 4
74 37
74 6
74 39
74 8
74 75
74 13
74 40
74 50
74 32
74 54
74 88
74 68
74 27
75 66
75 70
75 11
75 81
75 52
75 53
75 86
75 87
75 56
75 26
75 62
75 31
76 64
76 32
76 18
76 75
76 68
76 37
76 39
76 8
76 43
76 13
76 40
76 50
76 54
76 88
76 27
76 61
77 70
77 38
77 7
77 72
77 73
77 11
77 51
77 52
77 53
77 86
77 87
77 56
77 20
77 58
77 26
77 62
78 65
78 70
78 38
78 7
78 72
78 73
78 10
78 11
78 82
78 51
78 52
78 53
78 87
78 56
78 20
78 58
78 60
79 19
79 65
79 69
79 38
79 7
79 72
79 73
79 10
79 11
79 70
79 82
79 51
79 52
79 25
79 56
79 20
79 58
79 60
80 70
80 38
80 7
80 72
80 73
80 10
80 11
80 82
80 51
80 52
80 53
80 87
80 56
80 20
80 58
80 62
81 65
81 69
81 38
81 7
81 72
81 73
81 10
81 11
81 70
81 82
81 51
81 52
81 53
81 87
81 56
81 20
81 25
81 60
81 58
82 19
82 65
82 69
82 38
82 7
82 72
82 73
82 10
82 11
82 70
82 51
82 52
82 53
82 25
82 56
82 20
82 58
82 60
83 64
83 33
83 18
83 4
83 37
83 6
83 39
83 8
83 75
83 13
83 40
83 50
83 32
83 54
83 88
83 68
83 27
84 24
84 2
86 83
86 67
86 36
86 42
86 76
86 77
86 78
86 80
86 35
87 64
87 32
87 37
87 40
87 74
87 43
87 12
87 13
87 46
87 54
87 23
87 88
87 61
88 32
88 37
88 74
88 43
88 12
88 45
88 46
88 23
88 57
88 61
