88
1 5
1 14
1 21
1 31
1 34
1 35
1 37
1 38
1 39
1 41
1 42
1 43
1 44
1 47
1 51
1 52
1 54
1 58
1 62
1 64
1 66
1 67
1 69
1 75
1 77
1 81
1 83
1 84
1 86
1 88
2 86
2 39
2 30
2 43
2 81
2 83
2 21
2 54
2 88
2 61
2 62
6 1
6 3
6 4
6 18
6 27
6 28
6 32
6 36
6 45
6 48
6 56
6 57
6 59
6 60
6 63
6 70
6 71
6 72
6 73
6 79
6 82
6 85
6 87
7 1
7 3
7 4
7 18
7 25
7 26
7 27
7 28
7 32
7 33
7 40
7 45
7 46
7 48
7 50
7 53
7 55
7 56
7 57
7 59
7 60
7 63
7 65
7 68
7 70
7 71
7 72
7 73
7 74
7 76
7 78
7 79
7 80
7 82
7 85
7 87
8 10
12 86
12 39
12 43
12 14
12 81
12 83
12 21
12 54
12 88
12 61
12 62
13 2
13 5
13 14
13 21
13 23
13 25
13 26
13 27
13 31
13 33
13 34
13 35
13 37
13 38
13 40
13 41
13 42
13 44
13 46
13 47
13 50
13 51
13 52
13 53
13 55
13 58
13 64
13 65
13 66
13 67
13 68
13 69
13 71
13 72
13 73
13 74
13 75
13 76
13 77
13 78
13 80
13 84
13 87
16 15
17 1
17 3
17 4
17 18
17 25
17 26
17 27
17 28
17 32
17 33
17 36
17 45
17 48
17 50
17 53
17 55
17 56
17 57
17 59
17 60
17 63
17 65
17 68
17 70
17 71
17 72
17 73
17 74
17 76
17 78
17 79
17 80
17 82
17 85
17 87
24 5
24 14
24 21
24 31
24 35
24 37
24 39
24 41
24 43
24 51
24 52
24 54
24 58
24 61
24 62
24 64
24 66
24 67
24 69
24 75
24 77
24 81
24 83
24 84
24 86
24 88
25 36
25 70
25 6
25 28
25 18
25 48
25 82
25 22
25 56
25 4
25 59
25 60
27 1
27 2
27 3
27 4
27 23
27 25
27 26
27 28
27 31
27 32
27 33
27 34
27 35
27 38
27 40
27 42
27 44
27 45
27 46
27 47
27 48
27 50
27 53
27 55
27 56
27 57
27 58
27 60
27 63
27 65
27 68
27 70
27 71
27 72
27 73
27 74
27 76
27 78
27 79
27 80
27 84
27 85
27 87
28 1
28 3
28 4
28 18
28 25
28 26
28 27
28 32
28 33
28 40
28 45
28 46
28 48
28 50
28 53
28 55
28 56
28 57
28 59
28 60
28 63
28 65
28 68
28 70
28 71
28 72
28 73
28 74
28 76
28 78
28 79
28 80
28 82
28 85
28 87
29 1
29 2
29 3
29 5
29 23
29 25
29 26
29 27
29 28
29 31
29 32
29 33
29 34
29 35
29 37
29 38
29 40
29 41
29 42
29 44
29 45
29 46
29 47
29 48
29 50
29 51
29 53
29 55
29 56
29 57
29 58
29 63
29 65
29 68
29 71
29 72
29 73
29 74
29 75
29 76
29 77
29 78
29 79
29 80
29 84
29 85
29 87
30 2
30 3
30 5
30 14
30 23
30 25
30 26
30 27
30 31
30 33
30 34
30 35
30 37
30 38
30 40
30 41
30 42
30 44
30 45
30 46
30 47
30 50
30 51
30 52
30 53
30 55
30 58
30 64
30 65
30 66
30 67
30 68
30 69
30 71
30 72
30 73
30 74
30 75
30 76
30 77
30 78
30 79
30 80
30 84
30 85
30 87
32 1
32 4
32 70
32 6
32 28
32 18
32 48
32 82
32 22
32 57
32 56
32 36
32 59
32 60
32 63
36 1
36 2
36 3
36 4
36 23
36 25
36 26
36 27
36 28
36 32
36 33
36 34
36 35
36 38
36 40
36 42
36 44
36 45
36 46
36 47
36 48
36 50
36 53
36 55
36 56
36 57
36 58
36 60
36 63
36 65
36 68
36 70
36 71
36 72
36 73
36 74
36 76
36 78
36 79
36 80
36 84
36 85
36 87
39 32
39 1
39 18
39 3
39 4
39 70
39 6
39 28
39 45
39 48
39 82
39 22
39 57
39 56
39 36
39 59
39 60
39 63
45 1
45 3
45 4
45 18
45 25
45 26
45 27
45 28
45 32
45 33
45 36
45 40
45 46
45 48
45 50
45 53
45 55
45 56
45 57
45 59
45 60
45 63
45 65
45 68
45 70
45 71
45 72
45 73
45 74
45 76
45 78
45 79
45 80
45 82
45 85
45 87
46 1
46 3
46 4
46 18
46 27
46 28
46 32
46 36
46 45
46 48
46 53
46 56
46 57
46 59
46 60
46 63
46 70
46 71
46 72
46 73
46 78
46 79
46 82
46 85
46 87
48 32
48 1
48 18
48 3
48 4
48 70
48 72
48 73
48 87
48 45
48 28
48 79
48 59
48 82
48 85
48 57
48 56
48 36
48 27
48 60
48 63
50 1
50 3
50 4
50 18
50 25
50 26
50 27
50 28
50 32
50 33
50 36
50 45
50 46
50 48
50 53
50 55
50 56
50 57
50 59
50 60
50 63
50 65
50 68
50 70
50 71
50 72
50 73
50 74
50 76
50 78
50 79
50 80
50 82
50 85
50 87
52 1
52 3
52 4
52 18
52 27
52 28
52 32
52 36
52 45
52 48
52 53
52 56
52 57
52 59
52 60
52 63
52 70
52 71
52 72
52 73
52 78
52 79
52 80
52 82
52 85
52 87
55 1
55 2
55 3
55 23
55 25
55 26
55 27
55 28
55 31
55 32
55 33
55 34
55 35
55 37
55 38
55 40
55 41
55 42
55 44
55 45
55 46
55 47
55 48
55 50
55 51
55 53
55 56
55 57
55 58
55 63
55 65
55 68
55 71
55 72
55 73
55 74
55 75
55 76
55 77
55 78
55 79
55 80
55 84
55 85
55 87
56 1
56 2
56 3
56 4
56 23
56 25
56 26
56 27
56 28
56 32
56 33
56 34
56 35
56 38
56 40
56 42
56 44
56 45
56 46
56 47
56 48
56 50
56 53
56 55
56 57
56 58
56 60
56 63
56 65
56 68
56 70
56 71
56 72
56 73
56 74
56 76
56 78
56 79
56 80
56 84
56 85
56 87
64 1
64 3
64 4
64 18
64 25
64 26
64 27
64 28
64 32
64 36
64 45
64 48
64 50
64 53
64 55
64 56
64 57
64 59
64 60
64 63
64 70
64 71
64 72
64 73
64 78
64 79
64 80
64 82
64 85
64 87
65 1
65 2
65 3
65 4
65 23
65 25
65 26
65 27
65 28
65 32
65 33
65 34
65 35
65 38
65 40
65 42
65 44
65 45
65 46
65 47
65 48
65 50
65 53
65 55
65 56
65 57
65 58
65 60
65 63
65 68
65 70
65 71
65 72
65 73
65 74
65 76
65 78
65 79
65 80
65 84
65 85
65 87
68 32
68 1
68 18
68 3
68 4
68 70
68 6
68 28
68 45
68 79
68 48
68 82
68 85
68 22
68 57
68 56
68 36
68 59
68 60
68 63
78 1
78 3
78 4
78 18
78 27
78 28
78 32
78 36
78 45
78 48
78 56
78 57
78 59
78 60
78 63
78 70
78 72
78 73
78 79
78 82
78 85
78 87
80 36
80 70
80 6
80 28
80 18
80 82
80 22
80 56
80 4
80 59
80 60
85 36
85 70
85 6
85 28
85 18
85 48
85 82
85 22
85 57
85 56
85 4
85 59
85 60
87 1
87 3
87 4
87 18
87 25
87 26
87 27
87 28
87 32
87 33
87 36
87 40
87 45
87 46
87 48
87 50
87 53
87 55
87 56
87 57
87 59
87 60
87 63
87 65
87 68
87 70
87 71
87 72
87 73
87 74
87 76
87 78
87 79
87 80
87 82
87 85
