88
1 64
1 2
1 27
1 37
1 71
1 23
1 13
1 78
1 49
1 50
1 55
1 24
1 59
1 28
1 30
3 37
3 71
3 74
3 45
3 78
3 24
3 80
3 49
3 86
3 55
3 56
3 59
3 30
4 64
4 2
4 27
4 37
4 71
4 23
4 13
4 78
4 49
4 50
4 55
4 24
4 59
4 28
4 30
5 37
5 71
5 74
5 45
5 78
5 24
5 80
5 49
5 86
5 55
5 56
5 59
5 30
6 66
6 69
6 8
6 81
6 52
6 54
6 26
6 29
6 62
8 64
8 2
8 27
8 37
8 71
8 23
8 13
8 78
8 49
8 50
8 55
8 24
8 59
8 28
8 30
9 66
12 64
12 2
12 27
12 37
12 71
12 74
12 78
12 24
12 80
12 49
12 86
12 55
12 56
12 59
12 28
12 30
14 64
14 2
14 27
14 37
14 71
14 23
14 13
14 78
14 49
14 50
14 55
14 24
14 59
14 28
14 30
19 64
19 2
19 27
19 37
19 71
19 23
19 13
19 78
19 49
19 50
19 55
19 24
19 59
19 28
19 30
20 2
20 37
20 71
20 74
20 45
20 78
20 24
20 80
20 49
20 86
20 55
20 56
20 59
20 28
20 30
21 64
21 2
21 27
21 37
21 71
21 23
21 13
21 78
21 49
21 50
21 86
21 55
21 24
21 59
21 28
21 30
22 37
22 71
22 74
22 45
22 78
22 24
22 80
22 49
22 86
22 55
22 56
22 59
22 30
24 64
24 2
24 27
24 37
24 71
24 23
24 13
24 78
24 49
24 50
24 86
24 55
24 59
24 28
24 30
25 69
25 8
25 45
25 81
25 83
25 52
25 54
25 26
25 29
25 62
26 64
26 2
26 27
26 37
26 71
26 23
26 13
26 78
26 49
26 50
26 86
26 55
26 24
26 59
26 28
26 30
28 64
28 2
28 27
28 37
28 71
28 23
28 13
28 78
28 49
28 50
28 55
28 24
28 59
28 30
30 64
30 2
30 59
30 37
30 71
30 23
30 13
30 78
30 49
30 50
30 55
30 24
30 27
30 28
31 64
31 2
31 27
31 37
31 71
31 23
31 13
31 78
31 49
31 50
31 86
31 55
31 24
31 59
31 28
31 30
32 64
32 2
32 27
32 37
32 71
32 74
32 78
32 24
32 49
32 86
32 55
32 56
32 59
32 28
32 30
33 37
33 71
33 74
33 45
33 78
33 24
33 80
33 49
33 86
33 55
33 56
33 59
33 30
34 64
34 2
34 27
34 37
34 71
34 23
34 13
34 78
34 49
34 50
34 86
34 55
34 24
34 59
34 28
34 30
35 37
35 71
35 74
35 45
35 78
35 24
35 80
35 49
35 86
35 55
35 56
35 59
35 30
36 74
36 45
36 78
36 80
36 49
36 83
36 86
36 56
36 30
37 64
37 2
37 27
37 71
37 23
37 13
37 78
37 49
37 50
37 86
37 55
37 24
37 59
37 28
37 30
38 64
38 2
38 27
38 37
38 71
38 74
38 23
38 78
38 49
38 86
38 55
38 24
38 59
38 28
38 30
39 64
39 2
39 37
39 71
39 74
39 78
39 24
39 80
39 49
39 86
39 55
39 56
39 59
39 28
39 30
40 69
40 74
40 45
40 80
40 83
40 86
40 56
40 26
40 62
41 37
41 71
41 74
41 45
41 78
41 24
41 80
41 49
41 86
41 55
41 56
41 59
41 30
42 69
42 8
42 45
42 80
42 81
42 83
42 52
42 56
42 26
42 29
42 62
43 64
43 2
43 27
43 37
43 71
43 74
43 78
43 24
43 49
43 86
43 55
43 56
43 59
43 28
43 30
44 64
44 2
44 27
44 37
44 71
44 23
44 13
44 78
44 49
44 50
44 86
44 55
44 24
44 59
44 28
44 30
45 64
45 2
45 27
45 37
45 71
45 23
45 13
45 78
45 49
45 50
45 55
45 24
45 59
45 28
45 30
46 69
46 8
46 45
46 80
46 81
46 83
46 52
46 56
46 26
46 29
46 62
47 2
47 37
47 71
47 74
47 45
47 78
47 24
47 80
47 49
47 86
47 55
47 56
47 59
47 28
47 30
48 64
48 2
48 37
48 71
48 74
48 78
48 24
48 80
48 49
48 86
48 55
48 56
48 59
48 28
48 30
51 37
51 71
51 74
51 45
51 78
51 24
51 80
51 49
51 86
51 55
51 56
51 59
51 30
53 69
53 74
53 45
53 80
53 81
53 83
53 52
53 56
53 26
53 29
53 62
54 64
54 2
54 27
54 37
54 71
54 74
54 23
54 13
54 78
54 49
54 86
54 55
54 24
54 59
54 28
54 30
56 74
56 45
56 78
56 80
56 83
56 86
56 30
57 74
57 45
57 78
57 80
57 49
57 83
57 86
57 56
57 30
58 74
58 45
58 80
58 83
58 86
58 56
58 62
60 64
60 2
60 27
60 37
60 71
60 74
60 78
60 24
60 49
60 86
60 55
60 56
60 59
60 28
60 30
61 37
61 71
61 74
61 45
61 78
61 24
61 80
61 49
61 86
61 55
61 56
61 59
61 30
62 64
62 2
62 27
62 37
62 71
62 74
62 23
62 13
62 78
62 49
62 86
62 55
62 24
62 59
62 28
62 30
64 2
64 59
64 37
64 71
64 23
64 13
64 50
64 85
64 55
64 24
64 27
64 28
65 74
65 45
65 80
65 83
65 86
65 56
65 62
67 2
67 37
67 71
67 74
67 78
67 24
67 80
67 49
67 86
67 55
67 56
67 59
67 28
67 30
68 64
68 2
68 37
68 71
68 74
68 78
68 24
68 80
68 49
68 86
68 55
68 56
68 59
68 28
68 30
70 69
70 74
70 45
70 80
70 81
70 83
70 52
70 56
70 26
70 29
70 62
71 64
71 2
71 27
71 37
71 23
71 13
71 78
71 49
71 50
71 86
71 55
71 24
71 59
71 28
71 30
72 37
72 74
72 45
72 78
72 80
72 49
72 83
72 86
72 56
72 30
73 64
73 2
73 27
73 37
73 71
73 74
73 23
73 13
73 78
73 49
73 86
73 55
73 24
73 59
73 28
73 30
74 64
74 2
74 27
74 37
74 71
74 78
74 49
74 86
74 55
74 24
74 59
74 28
74 30
75 37
75 71
75 74
75 45
75 78
75 24
75 80
75 49
75 86
75 55
75 56
75 59
75 30
76 64
76 2
76 27
76 37
76 71
76 74
76 23
76 13
76 78
76 49
76 86
76 55
76 24
76 59
76 28
76 30
77 64
77 2
77 27
77 37
77 71
77 74
77 23
77 13
77 78
77 49
77 86
77 55
77 24
77 59
77 28
77 30
78 64
78 2
78 27
78 37
78 71
78 23
78 13
78 49
78 50
78 86
78 55
78 24
78 59
78 28
78 30
79 2
79 37
79 71
79 74
79 45
79 78
79 24
79 80
79 49
79 86
79 55
79 56
79 59
79 28
79 30
80 64
80 2
80 27
80 37
80 71
80 74
80 23
80 13
80 78
80 49
80 50
80 86
80 55
80 24
80 59
80 28
80 30
81 64
81 2
81 27
81 37
81 71
81 74
81 23
81 13
81 78
81 49
81 50
81 86
81 55
81 24
81 59
81 28
81 30
82 69
82 74
82 45
82 80
82 83
82 86
82 56
82 26
82 62
83 64
83 2
83 59
83 37
83 71
83 23
83 13
83 50
83 85
83 55
83 24
83 27
83 28
84 64
84 2
84 27
84 37
84 71
84 74
84 78
84 24
84 80
84 49
84 86
84 55
84 56
84 59
84 28
84 30
87 37
87 71
87 74
87 45
87 78
87 24
87 80
87 49
87 86
87 55
87 56
87 59
87 30
88 37
88 71
88 74
88 45
88 78
88 24
88 80
88 49
88 86
88 55
88 56
88 59
88 30
