88
1 64
1 39
1 75
1 15
1 49
1 22
2 32
2 34
2 67
2 72
2 73
2 76
2 77
2 80
2 53
2 86
2 24
2 61
3 66
3 5
3 44
3 45
3 46
3 17
3 21
3 23
3 58
3 28
3 26
3 37
4 66
4 87
4 5
4 70
4 7
4 41
4 10
4 11
4 45
4 14
4 17
4 50
4 83
4 21
4 23
4 58
4 31
4 37
5 32
5 3
5 86
5 38
5 71
5 72
5 73
5 76
5 79
5 88
5 82
5 54
5 24
5 25
6 32
6 34
6 67
6 72
6 73
6 76
6 77
6 80
6 81
6 53
6 86
6 24
6 61
7 4
7 38
7 71
7 40
7 74
7 44
7 46
7 82
7 54
7 25
7 36
7 26
7 28
8 64
8 68
8 39
8 49
8 84
8 55
9 32
9 3
9 86
9 71
9 72
9 73
9 76
9 79
9 88
9 82
9 54
9 24
9 61
10 3
10 36
10 38
10 71
10 40
10 74
10 79
10 82
10 54
10 25
10 88
10 4
11 32
11 34
11 67
11 72
11 73
11 76
11 77
11 80
11 53
11 86
11 24
11 61
12 3
12 36
12 38
12 71
12 40
12 74
12 79
12 82
12 54
12 25
12 88
12 4
13 30
13 29
13 22
13 15
14 66
14 5
14 6
14 7
14 41
14 10
14 11
14 50
14 83
14 23
14 56
14 87
14 31
14 70
14 37
14 63
15 33
15 35
15 65
15 78
15 48
15 81
15 53
15 27
16 70
16 6
16 7
16 41
16 10
16 11
16 12
16 14
16 50
16 87
16 56
16 31
16 42
16 63
17 33
17 35
17 65
17 78
17 47
17 48
17 81
17 27
18 33
18 65
18 78
18 47
18 48
18 27
19 32
19 3
19 86
19 71
19 72
19 73
19 76
19 79
19 88
19 82
19 54
19 24
19 61
20 65
20 34
20 35
20 72
20 80
20 77
20 48
20 81
20 67
20 53
20 61
21 70
21 6
21 7
21 41
21 10
21 11
21 12
21 14
21 50
21 87
21 56
21 31
21 42
21 63
22 32
22 3
22 36
22 38
22 71
22 40
22 73
22 74
22 79
22 82
22 54
22 25
22 88
22 4
23 2
23 51
23 13
24 37
24 6
24 7
24 41
24 10
24 11
24 14
24 50
24 83
24 23
24 56
24 87
24 31
24 70
24 63
25 52
26 33
26 34
26 67
26 65
26 80
26 77
26 78
26 48
26 81
26 35
26 53
27 2
27 51
27 13
28 69
28 6
28 7
28 8
28 41
28 10
28 12
28 50
28 87
28 56
28 31
28 42
28 62
28 63
29 33
29 78
29 47
29 48
29 84
29 27
30 20
31 64
31 75
31 22
31 15
32 33
32 65
32 78
32 47
32 48
32 27
33 4
33 40
33 74
33 44
33 45
33 46
33 17
33 21
33 25
33 36
33 58
33 28
33 26
34 64
34 68
34 39
34 75
34 49
34 55
35 3
35 4
35 38
35 71
35 40
35 74
35 44
35 79
35 82
35 54
35 25
35 88
35 36
35 28
36 66
36 87
36 5
36 70
36 41
36 10
36 11
36 45
36 14
36 17
36 50
36 83
36 21
36 23
36 58
36 31
36 37
37 64
37 39
37 75
37 15
37 49
37 22
38 33
38 34
38 67
38 65
38 80
38 77
38 78
38 48
38 81
38 35
38 53
39 1
39 69
39 8
39 42
39 12
39 57
39 62
40 3
40 4
40 38
40 71
40 74
40 44
40 79
40 82
40 54
40 25
40 88
40 36
40 28
41 32
41 3
41 86
41 38
41 71
41 72
41 73
41 76
41 79
41 88
41 82
41 54
41 24
41 25
42 2
42 51
42 60
42 13
43 3
43 4
43 38
43 71
43 40
43 74
43 44
43 82
43 54
43 25
43 36
43 28
44 66
44 5
44 70
44 11
44 45
44 14
44 17
44 37
44 83
44 46
44 23
44 58
44 26
44 21
45 20
46 16
46 9
46 20
47 4
47 38
47 40
47 74
47 44
47 45
47 46
47 17
47 21
47 25
47 36
47 58
47 28
47 26
48 66
48 87
48 5
48 70
48 11
48 44
48 45
48 14
48 17
48 37
48 83
48 46
48 23
48 58
48 26
48 21
49 66
49 4
49 40
49 74
49 44
49 45
49 46
49 17
49 21
49 36
49 58
49 28
49 26
50 1
50 69
50 6
50 7
50 8
50 42
50 12
50 56
50 57
50 62
50 63
52 32
52 34
52 67
52 72
52 73
52 76
52 77
52 80
52 53
52 86
52 24
52 61
53 64
53 68
53 39
53 49
53 84
53 55
54 8
54 1
54 69
54 62
54 57
55 1
55 69
55 8
55 42
55 12
55 56
55 57
55 62
55 63
56 16
56 9
56 59
57 32
57 65
57 34
57 35
57 72
57 76
57 77
57 80
57 81
57 67
57 53
57 86
57 24
57 61
58 1
58 69
58 8
58 42
58 12
58 57
58 62
59 33
59 35
59 65
59 78
59 47
59 48
59 27
60 4
60 38
60 40
60 74
60 44
60 46
60 21
60 54
60 25
60 36
60 58
60 28
60 26
61 32
61 3
61 4
61 86
61 38
61 71
61 40
61 73
61 76
61 79
61 88
61 82
61 54
61 24
61 25
62 33
62 65
62 78
62 47
62 48
62 27
64 33
64 34
64 67
64 65
64 80
64 77
64 78
64 48
64 81
64 35
64 53
65 68
65 27
65 84
65 47
65 55
66 32
66 67
66 72
66 73
66 76
66 79
66 80
66 88
66 82
66 3
66 86
66 24
66 61
67 68
67 49
67 39
67 84
67 55
68 65
68 34
68 35
68 72
68 80
68 77
68 48
68 81
68 67
68 53
68 61
69 6
69 7
69 8
69 41
69 10
69 12
69 50
69 87
69 56
69 31
69 42
69 62
69 63
70 4
70 38
70 71
70 40
70 74
70 44
70 46
70 82
70 54
70 25
70 36
70 26
70 28
71 32
71 3
71 86
71 72
71 73
71 76
71 79
71 88
71 82
71 54
71 24
71 61
72 70
72 6
72 7
72 8
72 41
72 10
72 12
72 14
72 50
72 87
72 56
72 31
72 42
72 62
72 63
73 68
73 27
73 84
73 47
73 55
74 32
74 65
74 34
74 35
74 72
74 76
74 77
74 80
74 81
74 67
74 53
74 86
74 24
74 61
75 32
75 34
75 35
75 72
75 73
75 76
75 77
75 80
75 81
75 67
75 53
75 86
75 24
75 61
76 65
76 34
76 35
76 72
76 80
76 77
76 48
76 81
76 67
76 53
76 61
77 66
77 5
77 11
77 44
77 45
77 46
77 17
77 83
77 21
77 23
77 58
77 28
77 26
77 37
78 70
78 6
78 7
78 41
78 10
78 11
78 12
78 14
78 50
78 83
78 87
78 56
78 31
78 42
78 63
79 3
79 36
79 38
79 71
79 40
79 74
79 82
79 54
79 25
79 88
79 4
80 33
80 78
80 47
80 48
80 84
80 27
81 51
81 43
81 13
81 18
81 19
81 60
82 1
82 69
82 6
82 7
82 8
82 42
82 12
82 56
82 57
82 62
82 63
83 4
83 38
83 71
83 40
83 74
83 44
83 46
83 82
83 54
83 25
83 36
83 26
83 28
84 70
84 6
84 7
84 41
84 10
84 11
84 12
84 14
84 50
84 83
84 87
84 56
84 31
84 42
84 63
85 1
85 2
85 13
85 57
86 66
86 5
86 6
86 7
86 41
86 10
86 11
86 45
86 14
86 50
86 83
86 23
86 56
86 87
86 31
86 70
86 37
86 63
87 65
87 34
87 35
87 72
87 76
87 77
87 80
87 81
87 67
87 53
87 61
88 1
88 69
88 6
88 7
88 8
88 41
88 10
88 12
88 56
88 57
88 42
88 62
88 63
