88
1 64
1 34
1 59
1 36
1 5
1 7
1 72
1 42
1 11
1 44
1 79
1 54
1 24
1 26
1 15
1 28
1 37
1 63
2 32
2 67
2 4
2 38
2 39
2 40
2 43
2 77
2 78
2 45
2 8
2 87
5 1
5 66
5 68
5 6
5 10
5 76
5 14
5 80
5 51
5 52
5 85
5 62
6 34
6 3
6 5
6 72
6 73
6 74
6 75
6 44
6 13
6 54
6 15
6 24
6 53
6 22
6 88
6 59
7 34
7 3
7 5
7 72
7 54
7 74
7 75
7 44
7 13
7 15
7 24
7 53
7 22
7 88
7 59
9 64
9 65
9 36
9 37
9 6
9 7
9 10
9 11
9 79
9 80
9 26
9 58
9 28
9 42
9 62
9 63
10 64
10 65
10 34
10 59
10 36
10 5
10 7
10 42
10 11
10 79
10 37
10 54
10 24
10 58
10 15
10 28
10 26
10 63
11 1
11 2
11 68
11 76
11 12
11 66
11 14
11 18
11 51
11 52
11 85
12 1
12 66
12 68
12 6
12 7
12 10
12 76
12 80
12 52
12 85
12 58
12 63
12 26
12 62
12 65
13 64
13 65
13 36
13 37
13 6
13 7
13 10
13 11
13 79
13 80
13 26
13 58
13 28
13 42
13 62
13 63
14 1
14 2
14 68
14 76
14 12
14 66
14 18
14 51
14 52
14 85
18 64
18 65
18 34
18 59
18 36
18 5
18 7
18 42
18 11
18 44
18 79
18 37
18 54
18 24
18 58
18 15
18 28
18 26
18 63
19 33
19 3
19 72
19 73
19 74
19 75
19 13
19 56
19 53
19 22
19 55
19 88
19 27
19 61
20 33
20 3
20 71
20 72
20 73
20 74
20 75
20 13
20 46
20 56
20 53
20 22
20 55
20 88
20 27
20 61
21 33
21 3
21 22
21 71
21 9
21 23
21 46
21 48
21 53
21 73
21 55
21 56
21 25
21 27
21 61
21 30
22 64
22 65
22 36
22 37
22 7
22 42
22 11
22 79
22 58
22 28
22 26
22 63
25 1
25 66
25 68
25 6
25 10
25 76
25 14
25 51
25 52
25 85
25 62
26 64
26 65
26 68
26 6
26 7
26 10
26 80
26 52
26 36
26 58
26 62
26 63
29 64
29 65
29 68
29 6
29 7
29 10
29 80
29 52
29 36
29 58
29 26
29 62
29 63
30 33
30 3
30 54
30 72
30 73
30 74
30 75
30 44
30 13
30 88
30 53
30 22
30 55
30 56
30 61
31 34
31 3
31 5
31 72
31 73
31 74
31 75
31 44
31 13
31 54
31 15
31 24
31 53
31 22
31 88
31 59
31 61
32 64
32 65
32 36
32 37
32 6
32 7
32 10
32 11
32 79
32 80
32 26
32 58
32 28
32 42
32 62
32 63
33 34
33 59
33 5
33 72
33 42
33 11
33 44
33 13
33 15
33 24
33 75
33 54
33 88
33 79
33 28
33 74
33 37
35 65
35 66
35 68
35 6
35 7
35 10
35 76
35 80
35 52
35 85
35 26
35 58
35 62
35 63
36 1
36 66
36 68
36 6
36 10
36 76
36 14
36 80
36 51
36 52
36 85
36 62
37 33
37 3
37 71
37 73
37 74
37 75
37 46
37 56
37 53
37 22
37 55
37 88
37 27
37 61
38 1
38 2
38 68
38 76
38 12
38 66
38 14
38 18
38 51
38 52
38 85
39 1
39 66
39 68
39 6
39 10
39 76
39 14
39 80
39 51
39 52
39 85
39 62
44 65
44 66
44 68
44 6
44 7
44 10
44 76
44 80
44 52
44 85
44 26
44 58
44 62
44 63
47 32
47 33
47 71
47 9
47 41
47 23
47 45
47 46
47 77
47 48
47 84
47 78
47 87
47 56
47 25
47 27
47 30
48 1
48 66
48 68
48 6
48 7
48 10
48 76
48 80
48 52
48 85
48 58
48 26
48 62
48 65
50 1
50 66
50 68
50 6
50 10
50 76
50 14
50 80
50 51
50 52
50 85
50 62
51 33
51 71
51 9
51 23
51 46
51 48
51 84
51 41
51 73
51 55
51 56
51 25
51 27
51 61
51 30
52 64
52 34
52 59
52 36
52 5
52 72
52 42
52 11
52 44
52 79
52 54
52 24
52 26
52 15
52 28
52 37
52 63
54 1
54 66
54 68
54 6
54 7
54 10
54 76
54 80
54 52
54 85
54 58
54 62
54 65
58 34
58 3
58 5
58 72
58 73
58 74
58 75
58 44
58 13
58 54
58 15
58 24
58 53
58 22
58 55
58 88
58 59
58 61
60 1
60 2
60 12
60 76
60 66
60 14
60 18
60 51
60 85
62 64
62 65
62 36
62 37
62 7
62 10
62 11
62 79
62 80
62 26
62 58
62 28
62 42
62 63
63 33
63 3
63 71
63 73
63 74
63 75
63 46
63 56
63 53
63 22
63 55
63 88
63 27
63 61
64 34
64 3
64 5
64 72
64 73
64 74
64 75
64 44
64 13
64 54
64 15
64 24
64 53
64 22
64 88
64 59
65 32
65 67
65 4
65 38
65 39
65 40
65 41
65 77
65 78
65 45
65 8
65 84
65 87
66 33
66 3
66 71
66 73
66 74
66 75
66 46
66 56
66 53
66 22
66 55
66 88
66 27
66 61
67 1
67 66
67 68
67 6
67 7
67 10
67 76
67 80
67 52
67 85
67 58
67 62
67 65
68 34
68 3
68 5
68 72
68 73
68 74
68 75
68 44
68 13
68 54
68 15
68 24
68 53
68 22
68 88
68 59
68 61
70 1
70 66
70 68
70 6
70 65
70 10
70 76
70 80
70 51
70 52
70 85
70 58
70 62
72 64
72 65
72 36
72 37
72 7
72 42
72 11
72 79
72 80
72 58
72 28
72 26
72 63
73 64
73 34
73 36
73 5
73 72
73 63
73 42
73 11
73 44
73 13
73 15
73 79
73 54
73 24
73 59
73 28
73 37
74 1
74 66
74 68
74 6
74 10
74 76
74 14
74 80
74 51
74 52
74 85
74 62
75 34
75 3
75 5
75 72
75 73
75 74
75 44
75 13
75 54
75 15
75 24
75 53
75 22
75 88
75 59
75 61
76 33
76 3
76 72
76 73
76 74
76 75
76 13
76 56
76 53
76 22
76 55
76 88
76 27
76 61
77 33
77 3
77 54
77 72
77 73
77 74
77 75
77 44
77 13
77 88
77 53
77 22
77 55
77 56
77 61
78 1
78 66
78 68
78 6
78 10
78 76
78 14
78 80
78 51
78 52
78 85
78 62
79 34
79 3
79 5
79 72
79 54
79 74
79 75
79 44
79 13
79 15
79 24
79 22
79 88
79 59
79 28
79 37
80 34
80 59
80 5
80 72
80 42
80 11
80 44
80 13
80 15
80 24
80 75
80 54
80 88
80 79
80 28
80 74
80 37
81 34
81 3
81 5
81 72
81 75
81 42
81 11
81 44
81 13
81 15
81 24
81 59
81 54
81 88
81 79
81 28
81 74
81 37
83 32
83 38
83 71
83 9
83 23
83 45
83 46
83 77
83 48
83 84
83 78
83 41
83 25
83 87
83 30
84 64
84 34
84 36
84 5
84 72
84 42
84 11
84 44
84 13
84 15
84 24
84 79
84 54
84 88
84 59
84 28
84 74
84 37
85 67
85 4
85 38
85 39
85 40
85 43
85 77
85 45
85 8
85 83
85 87
86 64
86 65
86 68
86 6
86 7
86 10
86 80
86 52
86 36
86 58
86 26
86 62
86 63
87 64
87 65
87 68
87 6
87 7
87 10
87 76
87 80
87 52
87 36
87 58
87 26
87 62
87 63
88 64
88 65
88 36
88 37
88 6
88 7
88 10
88 11
88 79
88 80
88 26
88 58
88 28
88 42
88 62
88 63
