88
2 32
2 65
2 68
2 8
2 12
2 76
2 81
2 52
2 21
2 86
2 72
2 28
2 29
2 62
3 7
3 9
3 19
3 23
3 24
3 25
3 27
3 34
3 35
3 38
3 39
3 47
3 50
3 51
3 54
3 55
3 57
3 58
3 61
3 64
3 66
3 67
3 70
3 73
3 77
3 79
3 80
3 82
3 88
4 19
4 23
4 24
4 25
4 27
4 34
4 35
4 38
4 39
4 47
4 50
4 51
4 54
4 55
4 57
4 58
4 60
4 61
4 64
4 66
4 67
4 69
4 70
4 73
4 74
4 75
4 77
4 79
4 80
4 85
4 88
5 32
5 65
5 68
5 8
5 12
5 76
5 81
5 52
5 21
5 86
5 72
5 28
5 29
6 7
6 9
6 19
6 23
6 24
6 25
6 27
6 34
6 35
6 38
6 39
6 42
6 55
6 57
6 58
6 64
6 66
6 67
6 70
6 71
6 73
6 77
6 79
6 80
6 82
6 88
10 7
10 9
10 19
10 23
10 24
10 25
10 27
10 34
10 35
10 38
10 39
10 42
10 55
10 57
10 58
10 64
10 66
10 67
10 70
10 71
10 73
10 77
10 79
10 80
10 82
10 88
11 19
11 23
11 24
11 25
11 26
11 27
11 34
11 35
11 38
11 39
11 45
11 47
11 50
11 51
11 54
11 57
11 58
11 60
11 61
11 62
11 64
11 66
11 67
11 69
11 70
11 73
11 74
11 75
11 77
11 79
11 80
11 85
11 88
14 7
14 40
14 9
14 42
14 71
14 13
14 82
14 22
14 41
17 32
17 68
17 8
17 76
17 12
17 81
17 52
17 21
17 86
17 72
17 28
17 29
18 7
18 9
18 23
18 24
18 27
18 38
18 39
18 40
18 41
18 42
18 55
18 58
18 64
18 67
18 70
18 71
18 73
18 77
18 79
18 80
18 82
18 88
20 64
20 67
20 70
20 7
20 40
20 9
20 42
20 55
20 13
20 82
20 22
20 41
20 71
21 7
21 40
21 9
21 42
21 71
21 13
21 82
21 22
21 41
29 32
29 65
29 68
29 72
29 76
29 74
29 75
29 12
29 45
29 28
29 81
29 52
29 21
29 26
29 60
29 62
30 68
30 72
30 76
30 8
30 81
30 52
30 86
31 19
31 23
31 24
31 25
31 26
31 27
31 34
31 35
31 38
31 39
31 45
31 47
31 50
31 51
31 54
31 57
31 58
31 60
31 61
31 62
31 66
31 69
31 73
31 74
31 75
31 77
31 79
31 80
31 85
31 88
32 7
32 9
32 23
32 24
32 27
32 38
32 39
32 40
32 41
32 42
32 55
32 58
32 64
32 67
32 70
32 71
32 73
32 77
32 79
32 80
32 82
32 88
33 64
33 67
33 70
33 7
33 40
33 9
33 42
33 55
33 13
33 82
33 22
33 41
33 71
35 7
35 9
35 23
35 24
35 25
35 27
35 38
35 39
35 40
35 41
35 42
35 55
35 58
35 64
35 67
35 70
35 71
35 73
35 77
35 79
35 80
35 82
35 88
36 64
36 67
36 70
36 38
36 7
36 40
36 9
36 42
36 23
36 73
36 13
36 77
36 71
36 82
36 41
36 22
36 55
36 88
36 39
36 58
37 9
37 19
37 23
37 24
37 25
37 27
37 34
37 35
37 38
37 39
37 47
37 50
37 51
37 54
37 55
37 57
37 58
37 60
37 61
37 64
37 66
37 67
37 69
37 70
37 73
37 77
37 79
37 80
37 82
37 85
37 88
38 70
38 7
38 40
38 9
38 42
38 55
38 13
38 82
38 22
38 41
38 71
42 7
42 40
42 9
42 71
42 13
42 82
42 22
42 41
43 64
43 67
43 70
43 39
43 40
43 9
43 42
43 7
43 13
43 82
43 22
43 41
43 55
43 71
44 64
44 67
44 70
44 38
44 7
44 40
44 9
44 42
44 23
44 73
44 13
44 77
44 71
44 82
44 41
44 22
44 55
44 88
44 39
44 58
46 7
46 40
46 9
46 42
46 71
46 13
46 82
46 22
46 41
47 7
47 9
47 19
47 23
47 24
47 25
47 27
47 34
47 35
47 38
47 39
47 41
47 42
47 55
47 57
47 58
47 64
47 66
47 67
47 70
47 71
47 73
47 77
47 79
47 80
47 82
47 88
48 7
48 9
48 23
48 24
48 27
48 38
48 39
48 40
48 41
48 42
48 55
48 58
48 64
48 67
48 70
48 71
48 73
48 77
48 79
48 80
48 82
48 88
49 19
49 23
49 24
49 25
49 27
49 34
49 35
49 38
49 39
49 47
49 50
49 51
49 54
49 55
49 57
49 58
49 60
49 61
49 64
49 66
49 67
49 69
49 70
49 73
49 75
49 77
49 79
49 80
49 82
49 85
49 88
50 7
50 9
50 23
50 24
50 27
50 38
50 39
50 40
50 41
50 42
50 55
50 58
50 64
50 67
50 70
50 71
50 73
50 77
50 79
50 80
50 82
50 88
51 19
51 23
51 24
51 25
51 26
51 27
51 34
51 35
51 38
51 39
51 45
51 47
51 50
51 54
51 57
51 58
51 60
51 61
51 62
51 64
51 66
51 67
51 69
51 70
51 73
51 74
51 75
51 77
51 79
51 80
51 85
51 88
53 7
53 9
53 23
53 24
53 25
53 27
53 38
53 39
53 40
53 41
53 42
53 55
53 58
53 64
53 67
53 70
53 71
53 73
53 77
53 79
53 80
53 82
53 88
58 7
58 40
58 9
58 42
58 71
58 13
58 22
58 41
59 7
59 9
59 19
59 23
59 24
59 25
59 27
59 34
59 35
59 38
59 39
59 42
59 47
59 50
59 55
59 57
59 58
59 64
59 66
59 67
59 70
59 73
59 77
59 79
59 80
59 82
59 88
63 7
63 9
63 19
63 23
63 24
63 25
63 27
63 34
63 35
63 38
63 39
63 47
63 50
63 51
63 54
63 55
63 57
63 58
63 61
63 64
63 66
63 67
63 69
63 70
63 73
63 77
63 79
63 80
63 82
63 85
63 88
64 7
64 40
64 9
64 42
64 71
64 13
64 82
64 22
64 41
67 64
67 71
67 70
67 38
67 7
67 40
67 9
67 42
67 23
67 73
67 13
67 77
67 82
67 41
67 22
67 55
67 88
67 39
67 58
70 64
70 67
70 39
70 40
70 9
70 42
70 7
70 73
70 13
70 77
70 71
70 82
70 22
70 41
70 88
70 55
70 58
71 7
71 40
71 9
71 42
71 55
71 13
71 82
71 22
71 41
73 7
73 40
73 9
73 42
73 71
73 13
73 82
73 22
73 41
77 7
77 40
77 9
77 42
77 71
77 13
77 22
77 41
78 7
78 9
78 19
78 23
78 24
78 25
78 27
78 34
78 35
78 38
78 39
78 42
78 55
78 57
78 58
78 64
78 66
78 67
78 70
78 71
78 73
78 77
78 79
78 80
78 82
78 88
82 7
82 40
82 9
82 42
82 71
82 13
82 22
82 41
83 7
83 9
83 19
83 23
83 24
83 25
83 27
83 34
83 35
83 38
83 39
83 42
83 55
83 57
83 58
83 64
83 66
83 67
83 70
83 73
83 77
83 79
83 80
83 82
83 88
84 32
84 65
84 68
84 8
84 12
84 76
84 81
84 52
84 21
84 86
84 72
84 28
84 29
86 64
86 67
86 70
86 39
86 40
86 9
86 42
86 7
86 73
86 13
86 77
86 71
86 88
86 82
86 22
86 41
86 23
86 55
86 58
87 7
87 9
87 23
87 24
87 25
87 27
87 38
87 39
87 40
87 41
87 42
87 55
87 58
87 64
87 66
87 67
87 70
87 71
87 73
87 77
87 79
87 80
87 82
87 88
88 7
88 40
88 9
88 42
88 71
88 13
88 82
88 22
88 41
88 55
