88
1 48
1 18
1 82
1 45
1 78
2 4
2 6
2 72
2 18
2 78
2 50
2 82
2 24
3 9
3 14
3 23
3 25
3 27
3 33
3 38
3 42
3 43
3 46
3 51
3 52
3 59
3 63
3 67
3 68
3 69
3 73
3 74
3 83
3 84
3 85
3 88
4 33
4 83
4 67
4 69
4 6
4 72
4 73
4 74
4 50
4 46
4 24
4 82
4 51
4 84
4 85
4 23
4 88
4 25
4 27
4 63
6 68
6 38
6 39
6 9
6 42
6 43
6 14
6 52
6 28
6 41
6 71
6 59
6 60
7 33
7 67
7 68
7 69
7 38
7 63
7 9
7 42
7 43
7 14
7 88
7 51
7 52
7 46
7 59
7 41
7 23
7 25
7 27
7 85
8 68
8 38
8 71
8 9
8 42
8 43
8 14
8 51
8 52
8 28
8 41
8 59
8 60
8 63
9 68
9 38
9 39
9 41
9 42
9 43
9 14
9 28
9 71
9 60
10 5
10 70
10 45
10 78
10 48
10 18
11 33
11 83
11 67
11 4
11 69
11 6
11 72
11 73
11 74
11 50
11 46
11 24
11 82
11 51
11 84
11 85
11 23
11 88
11 25
11 27
11 63
12 48
12 86
12 45
12 70
12 5
13 5
13 70
13 45
13 78
13 48
13 18
13 86
20 33
20 68
20 69
20 38
20 71
20 9
20 42
20 43
20 14
20 51
20 52
20 41
20 88
20 25
20 59
20 28
20 63
21 5
21 70
21 45
21 78
21 48
21 18
21 86
22 5
22 18
22 78
22 45
22 48
22 82
25 68
25 38
25 39
25 41
25 42
25 43
25 14
25 28
25 71
25 60
26 33
26 67
26 4
26 69
26 6
26 72
26 73
26 74
26 50
26 46
26 24
26 82
26 83
26 84
26 85
26 23
26 88
26 25
26 27
28 68
28 39
28 41
28 43
28 14
28 71
28 60
29 33
29 83
29 67
29 69
29 38
29 9
29 42
29 43
29 46
29 59
29 51
29 84
29 85
29 73
29 88
29 52
29 25
29 27
29 74
29 23
29 63
30 33
30 83
30 67
30 68
30 69
30 38
30 63
30 9
30 42
30 43
30 14
30 88
30 51
30 52
30 46
30 59
30 41
30 23
30 25
30 27
30 85
31 33
31 59
31 68
31 69
31 38
31 63
31 9
31 42
31 43
31 14
31 88
31 51
31 52
31 46
31 41
31 23
31 25
31 27
31 28
31 85
32 33
32 68
32 69
32 38
32 9
32 42
32 43
32 14
32 88
32 51
32 52
32 46
32 41
32 23
32 25
32 59
32 28
32 63
33 68
33 39
33 41
33 42
33 43
33 14
33 28
33 71
33 60
34 18
34 67
34 4
34 6
34 72
34 73
34 74
34 50
34 78
34 82
34 83
34 84
34 24
35 67
35 4
35 6
35 72
35 73
35 74
35 50
35 46
35 82
35 83
35 84
35 85
35 23
35 24
35 27
36 33
36 83
36 67
36 69
36 38
36 9
36 42
36 43
36 46
36 59
36 51
36 84
36 85
36 73
36 88
36 52
36 25
36 27
36 74
36 23
36 63
37 33
37 68
37 69
37 38
37 71
37 9
37 42
37 43
37 14
37 51
37 52
37 41
37 88
37 25
37 59
37 28
37 63
38 68
38 39
38 41
38 43
38 14
38 15
38 28
38 71
38 60
40 33
40 68
40 69
40 38
40 71
40 9
40 42
40 43
40 14
40 51
40 52
40 41
40 88
40 25
40 59
40 28
40 63
41 68
41 38
41 71
41 9
41 42
41 43
41 14
41 52
41 28
41 59
41 60
41 63
42 68
42 38
42 39
42 9
42 43
42 14
42 52
42 28
42 41
42 71
42 59
42 60
44 68
44 38
44 39
44 9
44 42
44 43
44 14
44 52
44 28
44 41
44 71
44 59
44 60
45 68
45 38
45 71
45 9
45 42
45 43
45 14
45 51
45 52
45 28
45 41
45 25
45 59
45 60
45 63
47 18
47 4
47 6
47 72
47 50
47 78
47 48
47 82
47 24
48 33
48 67
48 4
48 69
48 6
48 72
48 73
48 74
48 50
48 46
48 82
48 83
48 84
48 85
48 23
48 24
48 27
49 33
49 68
49 69
49 38
49 71
49 9
49 42
49 43
49 14
49 51
49 52
49 41
49 88
49 25
49 59
49 28
49 63
50 33
50 59
50 68
50 69
50 38
50 63
50 9
50 42
50 43
50 14
50 88
50 51
50 52
50 46
50 41
50 23
50 25
50 27
50 28
50 85
53 33
53 67
53 68
53 69
53 38
53 63
53 9
53 42
53 43
53 14
53 88
53 51
53 52
53 46
53 59
53 41
53 23
53 25
53 27
53 85
54 33
54 67
54 4
54 69
54 6
54 72
54 73
54 74
54 50
54 46
54 82
54 83
54 84
54 85
54 23
54 24
54 27
55 68
55 38
55 71
55 9
55 42
55 43
55 14
55 51
55 52
55 28
55 41
55 59
55 60
55 63
56 33
56 67
56 4
56 69
56 6
56 72
56 73
56 74
56 50
56 46
56 24
56 82
56 83
56 84
56 85
56 23
56 88
56 25
56 27
57 5
57 70
57 45
57 78
57 48
57 18
58 33
58 68
58 38
58 71
58 9
58 42
58 43
58 14
58 51
58 52
58 41
58 88
58 25
58 59
58 28
58 63
59 68
59 38
59 39
59 9
59 42
59 43
59 14
59 52
59 28
59 41
59 71
59 60
61 33
61 59
61 68
61 69
61 38
61 63
61 9
61 42
61 43
61 14
61 88
61 51
61 52
61 46
61 41
61 23
61 25
61 27
61 28
61 85
62 33
62 59
62 68
62 69
62 38
62 63
62 9
62 42
62 43
62 14
62 88
62 51
62 52
62 46
62 41
62 23
62 25
62 27
62 28
62 85
64 68
64 38
64 71
64 9
64 42
64 43
64 14
64 52
64 28
64 41
64 59
64 60
64 63
65 4
65 6
65 9
65 23
65 24
65 25
65 27
65 33
65 46
65 50
65 51
65 52
65 59
65 63
65 67
65 69
65 72
65 73
65 74
65 83
65 84
65 85
65 88
66 67
66 4
66 6
66 72
66 73
66 74
66 18
66 50
66 82
66 83
66 84
66 85
66 24
66 27
67 68
67 39
67 41
67 42
67 43
67 14
67 28
67 71
67 60
71 68
71 39
71 41
71 43
71 14
71 60
71 28
75 9
75 14
75 23
75 25
75 27
75 33
75 38
75 42
75 43
75 46
75 51
75 52
75 59
75 63
75 67
75 68
75 69
75 73
75 74
75 83
75 84
75 85
75 88
76 68
76 38
76 71
76 9
76 42
76 43
76 14
76 51
76 52
76 41
76 88
76 25
76 59
76 28
76 63
77 33
77 83
77 67
77 4
77 69
77 6
77 72
77 73
77 74
77 50
77 46
77 24
77 82
77 51
77 84
77 85
77 23
77 88
77 25
77 27
77 63
78 9
78 14
78 23
78 25
78 27
78 33
78 38
78 42
78 43
78 46
78 51
78 52
78 59
78 63
78 67
78 68
78 69
78 73
78 74
78 83
78 84
78 85
78 88
79 33
79 67
79 4
79 69
79 6
79 72
79 73
79 74
79 50
79 46
79 24
79 82
79 83
79 84
79 85
79 23
79 88
79 25
79 27
80 18
80 4
80 50
80 78
80 45
80 48
80 82
80 24
83 33
83 68
83 69
83 38
83 71
83 9
83 42
83 43
83 14
83 51
83 52
83 41
83 88
83 25
83 59
83 28
83 63
84 68
84 38
84 71
84 9
84 42
84 43
84 14
84 52
84 28
84 41
84 59
84 60
84 63
86 48
86 45
86 70
86 5
87 67
87 4
87 6
87 72
87 73
87 74
87 50
87 82
87 83
87 84
87 85
87 24
87 27
