88
1 64
1 33
1 67
1 65
1 39
1 9
1 80
1 20
1 25
1 26
2 7
2 9
2 67
2 25
3 6
3 11
3 14
3 19
3 22
3 24
3 31
3 34
3 35
3 37
3 46
3 47
3 50
3 52
3 55
3 61
3 62
3 66
3 73
3 74
3 75
3 78
3 79
3 84
4 32
4 69
4 71
4 8
4 41
4 12
4 45
4 49
4 21
4 54
4 87
4 72
4 58
6 30
7 5
7 38
7 40
7 41
7 13
7 15
7 81
7 82
7 56
7 58
7 28
8 64
8 33
8 3
8 36
8 51
8 65
8 10
8 39
8 29
8 47
8 80
8 75
8 83
8 20
8 53
8 22
8 88
8 4
8 26
8 74
9 40
9 43
9 56
9 57
9 59
9 28
10 32
10 69
10 71
10 8
10 12
10 45
10 72
10 87
11 4
11 6
11 19
11 22
11 29
11 31
11 35
11 36
11 37
11 47
11 51
11 52
11 55
11 61
11 62
11 66
11 73
11 74
11 75
11 78
11 79
11 83
11 84
12 32
12 69
12 71
12 8
12 41
12 45
12 72
12 21
12 54
12 87
12 49
12 58
13 64
13 33
13 83
13 3
13 65
13 39
13 9
13 10
13 80
13 67
13 20
13 53
13 88
13 26
13 29
14 32
14 5
14 38
14 71
14 8
14 41
14 12
14 45
14 13
14 81
14 82
14 21
14 54
14 87
14 49
14 15
14 58
19 1
19 34
19 37
19 70
19 42
19 66
19 14
19 77
19 48
19 50
19 46
19 55
19 24
19 62
19 31
20 16
20 57
20 43
20 59
22 51
22 66
22 35
22 4
22 6
22 31
22 73
22 74
22 11
22 29
22 78
22 47
22 75
22 83
22 52
22 53
22 88
22 84
22 79
22 61
22 36
24 76
24 85
24 63
25 5
25 38
25 40
25 43
25 13
25 15
25 81
25 82
25 56
25 28
26 64
26 33
26 67
26 65
26 39
26 9
26 80
26 20
26 25
27 1
27 34
27 69
27 70
27 72
27 42
27 77
27 46
27 48
27 50
27 14
27 24
28 7
28 9
28 67
28 25
30 76
30 85
31 60
31 30
32 76
32 85
32 63
33 64
33 65
33 3
33 36
33 51
33 39
33 9
33 10
33 80
33 83
33 20
33 53
33 88
33 4
33 26
33 29
34 2
34 27
34 68
34 18
34 7
35 76
35 85
35 63
36 76
36 85
36 63
37 2
37 68
37 7
37 18
37 25
37 27
38 76
38 85
38 63
39 4
39 6
39 11
39 19
39 22
39 29
39 31
39 35
39 36
39 37
39 47
39 51
39 52
39 53
39 55
39 61
39 62
39 66
39 73
39 74
39 75
39 78
39 79
39 83
39 84
40 35
40 3
40 4
40 74
40 6
40 10
40 11
40 29
40 78
40 79
40 75
40 83
40 52
40 53
40 22
40 88
40 84
40 47
40 36
40 61
40 51
41 64
41 33
41 83
41 3
41 65
41 39
41 9
41 10
41 80
41 67
41 20
41 53
41 88
41 26
42 2
42 68
42 7
42 18
42 25
42 27
43 60
43 30
43 63
44 2
44 68
44 7
44 18
44 25
44 27
45 64
45 33
45 67
45 65
45 39
45 9
45 10
45 80
45 20
45 26
46 4
46 6
46 11
46 22
46 29
46 31
46 35
46 36
46 37
46 47
46 51
46 52
46 53
46 61
46 66
46 73
46 74
46 75
46 78
46 79
46 83
46 84
47 2
47 27
47 68
47 18
47 7
48 76
48 85
50 60
50 30
51 64
51 33
51 3
51 65
51 39
51 9
51 10
51 80
51 67
51 20
51 53
51 88
51 26
52 1
52 34
52 35
52 37
52 70
52 73
52 42
52 66
52 14
52 77
52 48
52 50
52 19
52 46
52 55
52 24
52 62
52 31
53 1
53 34
53 35
53 37
53 6
53 73
53 42
53 11
53 66
53 14
53 77
53 48
53 50
53 19
53 46
53 55
53 24
53 70
53 62
53 31
54 60
54 85
54 63
55 64
55 33
55 67
55 65
55 39
55 9
55 80
55 20
55 25
55 26
56 64
56 33
56 67
56 65
56 39
56 9
56 80
56 20
56 25
56 26
57 35
57 3
57 4
57 74
57 6
57 10
57 11
57 29
57 78
57 79
57 75
57 83
57 52
57 53
57 22
57 88
57 84
57 47
57 36
57 61
57 51
58 2
58 27
58 68
58 18
58 7
59 64
59 33
59 83
59 3
59 65
59 39
59 9
59 10
59 80
59 67
59 20
59 53
59 88
59 26
59 29
60 40
60 57
60 43
60 59
60 16
61 1
61 34
61 37
61 70
61 73
61 42
61 66
61 14
61 77
61 48
61 50
61 19
61 46
61 55
61 24
61 62
61 31
62 64
62 33
62 3
62 36
62 51
62 65
62 10
62 39
62 29
62 47
62 80
62 75
62 83
62 20
62 53
62 88
62 4
62 26
62 74
63 1
63 34
63 37
63 70
63 72
63 42
63 77
63 14
63 48
63 50
63 19
63 46
63 55
63 24
63 62
64 1
64 6
64 11
64 14
64 19
64 24
64 31
64 34
64 35
64 37
64 46
64 48
64 50
64 52
64 55
64 61
64 62
64 66
64 70
64 73
64 78
64 79
64 84
65 32
65 5
65 38
65 49
65 41
65 12
65 13
65 15
65 81
65 82
65 21
65 54
65 87
65 58
65 28
66 1
66 34
66 35
66 37
66 6
66 73
66 11
66 14
66 48
66 50
66 19
66 84
66 46
66 55
66 24
66 52
66 70
66 62
66 31
67 4
67 6
67 11
67 19
67 22
67 29
67 31
67 34
67 35
67 36
67 37
67 46
67 47
67 51
67 52
67 55
67 61
67 62
67 66
67 73
67 74
67 75
67 78
67 79
67 84
68 1
68 6
68 11
68 14
68 19
68 24
68 31
68 34
68 35
68 37
68 46
68 48
68 50
68 52
68 55
68 61
68 62
68 66
68 70
68 73
68 78
68 79
68 84
69 2
69 68
69 7
69 18
69 25
69 27
70 2
70 27
70 68
70 18
70 7
71 3
71 4
71 6
71 10
71 11
71 22
71 29
71 35
71 36
71 47
71 51
71 52
71 53
71 61
71 73
71 74
71 75
71 78
71 79
71 83
71 84
71 88
72 64
72 33
72 3
72 65
72 39
72 9
72 10
72 80
72 67
72 20
72 88
72 26
73 64
73 33
73 83
73 3
73 65
73 39
73 9
73 10
73 80
73 67
73 20
73 53
73 88
73 26
73 29
74 64
74 33
74 3
74 36
74 65
74 39
74 9
74 10
74 80
74 83
74 20
74 53
74 88
74 26
74 29
74 51
75 3
75 4
75 6
75 10
75 11
75 22
75 29
75 35
75 36
75 47
75 51
75 52
75 53
75 61
75 66
75 73
75 74
75 78
75 79
75 83
75 84
75 88
76 64
76 33
76 3
76 36
76 74
76 65
76 39
76 10
76 75
76 29
76 78
76 47
76 83
76 20
76 53
76 22
76 88
76 4
76 61
76 51
77 2
77 68
77 7
77 18
77 25
77 27
78 60
78 85
78 63
79 64
79 33
79 3
79 65
79 39
79 9
79 10
79 80
79 67
79 20
79 88
79 26
80 64
80 33
80 67
80 65
80 39
80 9
80 20
80 25
80 26
81 64
81 33
81 67
81 65
81 39
81 9
81 80
81 20
81 25
81 26
82 5
82 38
82 40
82 43
82 13
82 81
82 56
82 28
83 60
83 30
83 63
85 32
85 5
85 38
85 49
85 8
85 41
85 12
85 45
85 13
85 81
85 82
85 21
85 54
85 87
85 58
85 15
85 28
86 2
86 68
86 7
86 18
86 25
86 27
87 25
87 18
87 67
87 68
87 7
88 2
88 68
88 7
88 18
88 25
88 27
