88
1 18
1 78
2 18
2 82
3 33
3 59
3 36
3 69
3 9
3 23
3 46
3 51
3 52
3 85
3 87
3 88
3 25
3 26
3 27
3 63
4 67
4 69
4 73
4 74
4 46
4 83
4 84
4 85
4 23
4 27
6 1
6 2
6 3
6 7
6 10
6 13
6 14
6 21
6 22
6 28
6 32
6 37
6 41
6 44
6 49
6 53
6 56
6 58
6 62
6 65
6 68
6 71
6 75
6 76
6 77
7 33
7 66
7 36
7 38
7 31
7 9
7 42
7 43
7 51
7 52
7 87
7 88
7 25
7 26
7 59
7 63
8 1
8 3
8 10
8 14
8 21
8 22
8 28
8 32
8 37
8 41
8 42
8 43
8 49
8 53
8 58
8 62
8 65
8 66
8 68
8 75
8 76
8 77
9 1
9 2
9 3
9 7
9 10
9 11
9 13
9 21
9 22
9 28
9 32
9 35
9 37
9 40
9 41
9 44
9 49
9 56
9 58
9 60
9 62
9 65
9 71
9 75
9 76
9 77
10 48
10 18
10 45
10 78
11 67
11 69
11 73
11 74
11 46
11 83
11 84
11 85
11 23
11 27
12 86
12 70
13 48
13 45
13 70
13 5
20 66
20 3
20 68
20 37
20 38
20 31
20 9
20 42
20 43
20 14
20 75
20 52
20 53
20 41
20 87
20 59
20 63
21 48
21 45
21 70
21 5
22 18
22 78
25 1
25 2
25 3
25 7
25 10
25 11
25 13
25 21
25 22
25 28
25 32
25 35
25 37
25 40
25 41
25 44
25 49
25 56
25 58
25 60
25 62
25 65
25 68
25 71
25 75
25 76
25 77
26 67
26 4
26 6
26 72
26 73
26 74
26 50
26 83
26 84
26 24
28 1
28 2
28 7
28 10
28 11
28 13
28 21
28 22
28 32
28 35
28 40
28 44
28 49
28 56
28 58
28 60
28 62
28 64
28 65
28 71
28 76
28 77
28 79
29 33
29 67
29 36
29 69
29 23
29 46
29 51
29 85
29 87
29 88
29 25
29 26
29 27
29 63
30 33
30 36
30 69
30 38
30 31
30 9
30 42
30 87
30 51
30 52
30 23
30 88
30 25
30 26
30 59
30 63
31 66
31 38
31 9
31 42
31 43
31 51
31 52
31 53
31 87
31 25
31 26
31 59
31 63
32 66
32 75
32 68
32 38
32 31
32 9
32 42
32 43
32 14
32 51
32 52
32 53
32 87
32 26
32 59
32 63
33 1
33 2
33 7
33 10
33 11
33 13
33 21
33 22
33 28
33 32
33 35
33 37
33 40
33 41
33 44
33 49
33 56
33 58
33 60
33 62
33 65
33 71
33 76
33 77
33 79
34 4
34 6
34 72
34 50
34 82
34 24
35 4
35 6
35 72
35 73
35 74
35 50
35 82
35 84
35 24
36 33
36 67
36 69
36 23
36 46
36 51
36 85
36 87
36 88
36 25
36 26
36 27
36 63
37 65
37 66
37 3
37 68
37 38
37 31
37 9
37 42
37 43
37 14
37 75
37 52
37 21
37 22
37 41
37 59
37 53
38 1
38 2
38 7
38 10
38 11
38 13
38 28
38 32
38 35
38 39
38 40
38 44
38 49
38 56
38 58
38 60
38 62
38 64
38 71
38 76
38 77
38 79
40 66
40 3
40 68
40 37
40 38
40 31
40 9
40 42
40 43
40 14
40 75
40 52
40 53
40 41
40 87
40 59
40 63
41 1
41 3
41 7
41 10
41 14
41 21
41 22
41 28
41 32
41 37
41 43
41 49
41 53
41 56
41 58
41 62
41 65
41 66
41 68
41 71
41 75
41 76
41 77
42 1
42 2
42 3
42 7
42 10
42 13
42 14
42 21
42 22
42 28
42 32
42 35
42 37
42 40
42 41
42 44
42 49
42 56
42 58
42 62
42 65
42 68
42 71
42 75
42 76
42 77
44 1
44 2
44 3
44 7
44 10
44 13
44 14
44 21
44 22
44 28
44 32
44 37
44 41
44 49
44 53
44 56
44 58
44 62
44 65
44 68
44 71
44 75
44 76
44 77
45 65
45 66
45 3
45 68
45 37
45 38
45 41
45 10
45 43
45 77
45 14
45 75
45 21
45 22
45 58
45 31
45 28
45 42
45 53
47 18
48 67
48 4
48 6
48 72
48 73
48 74
48 50
48 83
48 84
48 24
49 65
49 66
49 3
49 68
49 37
49 38
49 31
49 9
49 42
49 43
49 14
49 75
49 52
49 53
49 41
49 87
49 59
49 63
50 66
50 36
50 38
50 31
50 9
50 42
50 43
50 51
50 52
50 53
50 87
50 88
50 25
50 26
50 59
50 63
53 33
53 66
53 36
53 38
53 31
53 9
53 42
53 51
53 52
53 87
53 88
53 25
53 26
53 59
53 63
54 67
54 4
54 6
54 72
54 73
54 74
54 50
54 83
54 84
54 24
55 1
55 3
55 10
55 14
55 21
55 22
55 28
55 32
55 37
55 41
55 42
55 43
55 49
55 53
55 58
55 62
55 65
55 66
55 68
55 75
55 76
55 77
56 67
56 4
56 6
56 72
56 73
56 74
56 50
56 83
56 84
56 24
56 27
57 48
57 45
57 5
58 65
58 66
58 3
58 68
58 37
58 38
58 31
58 9
58 42
58 43
58 14
58 75
58 52
58 21
58 22
58 41
58 59
58 53
59 1
59 2
59 3
59 7
59 10
59 13
59 14
59 21
59 22
59 28
59 32
59 37
59 40
59 41
59 44
59 49
59 53
59 56
59 58
59 62
59 65
59 68
59 71
59 75
59 76
59 77
61 66
61 36
61 38
61 31
61 9
61 42
61 43
61 51
61 52
61 53
61 87
61 25
61 26
61 59
61 63
62 66
62 36
62 38
62 31
62 9
62 42
62 43
62 51
62 52
62 53
62 87
62 88
62 25
62 26
62 59
62 63
64 1
64 3
64 10
64 14
64 21
64 22
64 28
64 32
64 37
64 41
64 43
64 49
64 53
64 56
64 58
64 62
64 65
64 66
64 68
64 71
64 75
64 76
64 77
65 33
65 67
65 69
65 73
65 74
65 46
65 83
65 84
65 85
65 23
65 88
65 27
66 4
66 6
66 72
66 73
66 74
66 50
66 82
66 24
67 1
67 2
67 7
67 10
67 11
67 13
67 21
67 22
67 28
67 32
67 35
67 37
67 40
67 41
67 44
67 49
67 56
67 58
67 60
67 62
67 65
67 71
67 76
67 77
67 79
71 1
71 2
71 7
71 10
71 11
71 13
71 21
71 22
71 28
71 32
71 35
71 40
71 44
71 49
71 56
71 58
71 60
71 62
71 64
71 76
71 77
71 79
75 33
75 36
75 69
75 9
75 23
75 46
75 51
75 52
75 85
75 87
75 88
75 25
75 26
75 59
75 63
76 65
76 66
76 3
76 68
76 37
76 38
76 31
76 9
76 42
76 43
76 14
76 75
76 52
76 21
76 22
76 41
76 59
76 28
76 53
77 67
77 69
77 73
77 74
77 46
77 83
77 84
77 85
77 23
77 27
78 33
78 36
78 69
78 9
78 23
78 46
78 51
78 52
78 85
78 87
78 88
78 25
78 26
78 59
78 63
79 67
79 4
79 6
79 72
79 73
79 74
79 50
79 83
79 84
79 85
79 24
79 27
80 18
80 78
83 65
83 66
83 3
83 68
83 37
83 38
83 31
83 9
83 42
83 43
83 14
83 75
83 52
83 21
83 22
83 41
83 87
83 59
83 53
84 1
84 3
84 7
84 10
84 14
84 21
84 22
84 28
84 32
84 37
84 41
84 43
84 49
84 53
84 56
84 58
84 62
84 65
84 66
84 68
84 71
84 75
84 76
84 77
86 5
86 70
87 4
87 6
87 72
87 73
87 74
87 50
87 82
87 84
87 24
