88
1 37
1 38
1 7
1 76
1 43
1 44
1 47
1 49
1 51
1 56
1 27
1 60
1 61
1 69
2 3
2 37
2 38
2 7
2 43
2 44
2 14
2 47
2 51
2 56
2 27
2 60
2 69
3 69
3 7
3 44
3 14
3 27
3 60
4 3
4 69
4 44
4 14
4 27
4 60
5 3
5 37
5 38
5 7
5 43
5 44
5 14
5 47
5 51
5 56
5 27
5 60
5 61
5 69
6 3
6 69
6 7
6 44
6 14
6 27
6 60
6 37
9 17
9 82
10 25
10 18
10 28
10 30
10 31
11 64
11 1
11 34
11 37
11 38
11 7
11 44
11 43
11 76
11 47
11 80
11 49
11 50
11 51
11 56
11 27
11 60
11 61
11 69
13 39
13 18
13 25
13 31
13 28
13 30
13 63
14 44
14 3
14 60
17 3
17 37
17 38
17 7
17 43
17 44
17 14
17 47
17 51
17 56
17 27
17 60
17 61
17 69
19 32
19 39
19 40
19 18
19 83
19 52
19 25
19 31
19 28
19 30
19 63
21 17
21 25
22 17
22 82
23 64
23 1
23 34
23 37
23 38
23 7
23 44
23 43
23 76
23 47
23 80
23 49
23 50
23 51
23 56
23 27
23 60
23 61
23 69
24 37
24 38
24 7
24 43
24 44
24 14
24 47
24 51
24 56
24 27
24 60
24 61
24 69
25 64
25 1
25 34
25 32
25 39
25 40
25 76
25 18
25 80
25 49
25 50
25 83
25 52
25 31
25 28
25 30
25 63
26 64
26 1
26 34
26 32
26 51
26 39
26 40
26 76
26 18
26 80
26 49
26 50
26 83
26 52
26 31
26 28
26 61
26 30
26 63
27 3
27 69
27 7
27 44
27 14
27 60
27 37
29 32
29 39
29 40
29 18
29 83
29 52
29 25
29 31
29 28
29 30
29 63
31 37
31 38
31 7
31 76
31 43
31 44
31 47
31 80
31 49
31 51
31 56
31 27
31 60
31 61
31 69
32 64
32 1
32 34
32 37
32 38
32 7
32 40
32 43
32 76
32 47
32 80
32 49
32 50
32 83
32 52
32 56
32 27
32 61
32 69
32 51
33 17
33 25
34 64
34 1
34 32
34 37
34 38
34 7
34 40
34 43
34 76
34 47
34 80
34 49
34 50
34 83
34 52
34 56
34 61
34 51
35 64
35 1
35 34
35 32
35 39
35 40
35 76
35 18
35 80
35 49
35 50
35 83
35 52
35 25
35 31
35 28
35 61
35 30
35 63
36 64
36 1
36 34
36 32
36 39
36 40
36 76
36 18
36 80
36 49
36 50
36 83
36 52
36 25
36 31
36 28
36 30
36 63
38 3
38 69
38 7
38 44
38 14
38 27
38 60
39 3
39 37
39 7
39 44
39 14
39 47
39 27
39 60
39 69
41 34
41 37
41 38
41 7
41 44
41 43
41 76
41 47
41 80
41 49
41 51
41 56
41 27
41 60
41 61
41 69
42 64
42 1
42 34
42 37
42 38
42 7
42 44
42 43
42 76
42 47
42 80
42 49
42 50
42 51
42 56
42 27
42 60
42 61
42 69
44 3
44 69
44 7
44 14
44 27
44 60
45 64
45 1
45 34
45 37
45 38
45 7
45 40
45 43
45 76
45 47
45 80
45 49
45 50
45 83
45 52
45 56
45 27
45 61
45 69
45 51
46 64
46 1
46 34
46 32
46 37
46 38
46 39
46 40
46 43
46 76
46 47
46 80
46 49
46 50
46 83
46 52
46 56
46 63
46 61
46 51
47 37
47 38
47 7
47 43
47 44
47 14
47 51
47 56
47 27
47 60
47 61
47 69
48 32
48 39
48 40
48 18
48 83
48 52
48 25
48 31
48 28
48 30
48 63
49 3
49 69
49 7
49 44
49 14
49 27
49 60
49 37
50 64
50 1
50 34
50 32
50 37
50 38
50 39
50 40
50 43
50 76
50 47
50 80
50 49
50 83
50 52
50 56
50 63
50 61
50 51
52 3
52 69
52 7
52 44
52 14
52 27
52 60
53 17
53 25
54 17
54 82
55 3
55 37
55 38
55 7
55 43
55 44
55 14
55 47
55 51
55 56
55 27
55 60
55 61
55 69
56 3
56 37
56 38
56 7
56 43
56 44
56 14
56 47
56 51
56 27
56 60
56 61
56 69
57 39
57 18
57 25
57 31
57 28
57 30
57 63
58 1
58 7
58 27
58 34
58 37
58 38
58 40
58 43
58 44
58 47
58 49
58 50
58 51
58 52
58 56
58 60
58 61
58 64
58 69
58 76
58 80
58 83
59 64
59 1
59 34
59 32
59 39
59 40
59 76
59 18
59 80
59 49
59 50
59 83
59 52
59 31
59 28
59 61
59 30
59 63
60 3
60 37
60 38
60 7
60 43
60 44
60 14
60 47
60 51
60 56
60 27
60 69
61 64
61 1
61 34
61 37
61 38
61 7
61 44
61 43
61 76
61 47
61 80
61 49
61 50
61 51
61 56
61 27
61 60
61 69
62 3
62 37
62 38
62 7
62 43
62 44
62 14
62 47
62 51
62 56
62 27
62 60
62 61
62 69
63 3
63 37
63 7
63 43
63 44
63 14
63 47
63 56
63 27
63 60
63 69
64 32
64 1
64 34
64 37
64 38
64 7
64 40
64 43
64 76
64 47
64 80
64 49
64 50
64 83
64 52
64 56
64 61
64 51
65 64
65 1
65 34
65 32
65 39
65 40
65 18
65 80
65 49
65 50
65 83
65 52
65 25
65 31
65 28
65 30
65 63
66 39
66 18
66 25
66 31
66 28
66 30
66 63
67 64
67 1
67 34
67 32
67 38
67 39
67 40
67 31
67 76
67 50
67 80
67 49
67 18
67 83
67 52
67 63
67 28
67 61
67 30
67 51
68 64
68 1
68 34
68 32
68 38
68 39
68 40
68 43
68 76
68 47
68 80
68 49
68 50
68 83
68 52
68 56
68 63
68 61
68 30
68 51
69 3
69 37
69 7
69 44
69 14
69 47
69 27
69 60
70 17
70 82
71 64
71 1
71 34
71 32
71 51
71 39
71 40
71 76
71 18
71 80
71 49
71 50
71 83
71 52
71 31
71 28
71 61
71 30
71 63
72 64
72 1
72 34
72 32
72 39
72 40
72 76
72 18
72 80
72 49
72 50
72 83
72 52
72 31
72 28
72 61
72 30
72 63
73 64
73 1
73 34
73 32
73 39
73 40
73 76
73 18
73 80
73 49
73 50
73 83
73 52
73 25
73 31
73 28
73 30
73 63
74 64
74 1
74 32
74 39
74 40
74 18
74 50
74 83
74 52
74 25
74 31
74 28
74 30
74 63
75 64
75 1
75 32
75 39
75 40
75 18
75 83
75 52
75 25
75 31
75 28
75 30
75 63
77 34
77 37
77 38
77 7
77 44
77 43
77 76
77 47
77 80
77 49
77 50
77 51
77 56
77 27
77 60
77 61
77 69
78 32
78 39
78 40
78 18
78 83
78 52
78 25
78 31
78 28
78 30
78 63
79 17
79 82
80 64
80 1
80 34
80 32
80 38
80 39
80 40
80 43
80 76
80 47
80 49
80 50
80 83
80 52
80 56
80 63
80 61
80 30
80 51
81 64
81 1
81 32
81 39
81 40
81 18
81 83
81 52
81 25
81 31
81 28
81 30
81 63
83 3
83 37
83 38
83 7
83 43
83 44
83 14
83 47
83 51
83 56
83 27
83 60
83 69
84 64
84 1
84 34
84 32
84 39
84 40
84 18
84 50
84 83
84 52
84 25
84 31
84 28
84 30
84 63
85 17
85 82
86 17
86 82
87 64
87 1
87 34
87 32
87 39
87 40
87 76
87 18
87 80
87 49
87 50
87 83
87 52
87 25
87 31
87 28
87 61
87 30
87 63
88 17
88 82
