88
3 2
3 9
3 11
3 13
3 14
3 23
3 24
3 26
3 27
3 34
3 36
3 41
3 43
3 44
3 45
3 46
3 54
3 58
3 60
3 61
3 62
3 65
3 70
3 72
3 75
3 80
3 81
4 3
4 36
4 70
4 72
4 75
4 11
4 13
4 14
4 80
4 81
4 18
4 46
4 24
4 26
4 27
4 60
9 1
9 2
9 4
9 5
9 7
9 10
9 13
9 20
9 22
9 23
9 32
9 34
9 36
9 37
9 40
9 41
9 42
9 43
9 44
9 45
9 48
9 54
9 56
9 57
9 58
9 59
9 61
9 62
9 65
9 67
9 76
9 78
11 2
11 4
11 9
11 13
11 14
11 23
11 26
11 27
11 34
11 36
11 41
11 43
11 44
11 45
11 46
11 54
11 58
11 60
11 61
11 62
11 65
11 67
11 70
11 72
11 75
11 80
11 81
15 2
15 4
15 7
15 9
15 11
15 13
15 14
15 20
15 23
15 26
15 27
15 34
15 36
15 40
15 41
15 43
15 44
15 45
15 46
15 48
15 54
15 56
15 58
15 60
15 61
15 62
15 65
15 67
15 70
15 72
15 76
15 80
15 81
18 1
18 5
18 6
18 8
18 10
18 20
18 22
18 25
18 28
18 32
18 37
18 38
18 39
18 42
18 49
18 53
18 57
18 59
18 71
18 73
18 78
18 87
19 1
19 2
19 4
19 7
19 9
19 10
19 11
19 13
19 14
19 20
19 23
19 26
19 34
19 36
19 40
19 41
19 43
19 44
19 45
19 46
19 48
19 54
19 56
19 57
19 58
19 60
19 61
19 62
19 65
19 67
19 72
19 76
19 80
19 81
22 9
22 11
22 13
22 14
22 18
22 23
22 24
22 26
22 27
22 36
22 41
22 43
22 45
22 46
22 58
22 60
22 61
22 70
22 72
22 75
22 80
22 81
30 1
30 2
30 4
30 5
30 7
30 9
30 10
30 13
30 20
30 22
30 23
30 32
30 34
30 36
30 37
30 40
30 41
30 42
30 43
30 44
30 45
30 48
30 54
30 56
30 57
30 58
30 61
30 62
30 65
30 67
30 72
30 76
30 78
30 81
31 3
31 36
31 70
31 72
31 75
31 11
31 13
31 14
31 80
31 81
31 18
31 46
31 24
31 26
31 27
31 60
32 2
32 9
32 11
32 13
32 14
32 23
32 24
32 26
32 27
32 34
32 36
32 41
32 43
32 44
32 45
32 46
32 54
32 58
32 60
32 61
32 62
32 65
32 70
32 72
32 75
32 80
32 81
35 2
35 4
35 9
35 11
35 13
35 14
35 23
35 24
35 26
35 27
35 34
35 36
35 41
35 43
35 44
35 45
35 46
35 54
35 58
35 60
35 61
35 62
35 65
35 67
35 70
35 72
35 75
35 80
35 81
36 33
36 68
36 25
36 6
36 39
36 8
36 73
36 71
36 12
36 77
36 38
36 49
36 52
36 21
36 87
36 55
36 31
36 28
36 29
36 30
36 53
37 2
37 4
37 7
37 9
37 11
37 13
37 14
37 20
37 23
37 26
37 34
37 36
37 40
37 41
37 43
37 44
37 45
37 46
37 48
37 54
37 56
37 58
37 60
37 61
37 62
37 65
37 67
37 70
37 72
37 76
37 80
37 81
38 2
38 9
38 11
38 13
38 14
38 23
38 24
38 26
38 27
38 34
38 36
38 41
38 43
38 44
38 45
38 46
38 54
38 58
38 60
38 61
38 62
38 65
38 70
38 72
38 75
38 80
38 81
41 1
41 2
41 4
41 5
41 7
41 9
41 10
41 11
41 13
41 14
41 20
41 23
41 26
41 32
41 34
41 36
41 40
41 43
41 44
41 45
41 46
41 48
41 54
41 56
41 57
41 58
41 60
41 61
41 62
41 65
41 67
41 72
41 76
41 80
41 81
45 2
45 9
45 11
45 13
45 14
45 23
45 24
45 26
45 27
45 34
45 36
45 41
45 43
45 44
45 46
45 54
45 58
45 60
45 61
45 62
45 65
45 70
45 72
45 75
45 80
45 81
47 2
47 4
47 9
47 11
47 13
47 14
47 23
47 26
47 27
47 34
47 36
47 41
47 43
47 44
47 45
47 46
47 54
47 58
47 60
47 61
47 62
47 65
47 67
47 70
47 72
47 80
47 81
48 64
48 33
48 35
48 74
48 77
48 79
48 86
48 55
48 47
48 63
49 2
49 4
49 7
49 9
49 11
49 13
49 14
49 20
49 23
49 26
49 27
49 34
49 36
49 40
49 41
49 43
49 44
49 45
49 46
49 48
49 54
49 56
49 58
49 60
49 61
49 62
49 65
49 67
49 70
49 72
49 76
49 80
49 81
50 1
50 2
50 4
50 5
50 6
50 7
50 10
50 20
50 22
50 23
50 28
50 32
50 34
50 37
50 38
50 39
50 40
50 42
50 44
50 45
50 48
50 53
50 54
50 56
50 57
50 59
50 61
50 62
50 65
50 67
50 71
50 76
50 78
50 87
51 2
51 9
51 11
51 13
51 14
51 23
51 24
51 26
51 27
51 34
51 36
51 41
51 43
51 45
51 46
51 54
51 58
51 60
51 61
51 62
51 65
51 70
51 72
51 75
51 80
51 81
54 61
54 75
54 36
54 70
54 72
54 9
54 11
54 45
54 14
54 13
54 80
54 81
54 18
54 46
54 43
54 41
54 24
54 58
54 27
54 60
54 26
57 9
57 11
57 13
57 14
57 18
57 23
57 24
57 26
57 27
57 36
57 41
57 43
57 45
57 46
57 58
57 60
57 61
57 70
57 72
57 75
57 80
57 81
58 2
58 9
58 11
58 13
58 14
58 23
58 24
58 26
58 27
58 34
58 36
58 41
58 43
58 45
58 46
58 54
58 60
58 61
58 62
58 65
58 70
58 72
58 75
58 80
58 81
60 2
60 4
60 7
60 9
60 11
60 13
60 14
60 23
60 26
60 27
60 34
60 36
60 41
60 43
60 44
60 45
60 46
60 54
60 56
60 58
60 61
60 62
60 65
60 67
60 70
60 72
60 80
60 81
63 1
63 2
63 4
63 5
63 6
63 7
63 10
63 20
63 22
63 23
63 25
63 28
63 32
63 34
63 37
63 38
63 39
63 40
63 42
63 44
63 48
63 53
63 54
63 56
63 57
63 59
63 62
63 65
63 67
63 71
63 73
63 76
63 78
63 87
64 9
64 11
64 13
64 14
64 23
64 24
64 26
64 27
64 36
64 41
64 43
64 45
64 46
64 54
64 58
64 60
64 61
64 62
64 65
64 70
64 72
64 75
64 80
64 81
67 2
67 4
67 7
67 9
67 11
67 13
67 14
67 20
67 23
67 26
67 27
67 34
67 36
67 40
67 41
67 43
67 44
67 45
67 46
67 48
67 54
67 56
67 58
67 60
67 61
67 62
67 65
67 70
67 72
67 76
67 80
67 81
83 64
83 33
83 35
83 68
83 74
83 77
83 79
83 52
83 21
83 86
83 55
83 31
83 29
83 30
83 63
84 64
84 17
84 47
84 86
84 63
85 1
85 2
85 4
85 5
85 6
85 7
85 10
85 20
85 22
85 25
85 28
85 32
85 34
85 37
85 38
85 39
85 40
85 42
85 44
85 48
85 53
85 54
85 56
85 57
85 59
85 62
85 65
85 67
85 71
85 73
85 76
85 78
85 87
87 2
87 4
87 7
87 9
87 11
87 13
87 14
87 23
87 26
87 27
87 34
87 36
87 41
87 43
87 44
87 45
87 46
87 54
87 56
87 58
87 60
87 61
87 62
87 65
87 67
87 70
87 72
87 80
87 81
88 9
88 11
88 13
88 14
88 23
88 24
88 26
88 27
88 36
88 41
88 43
88 45
88 46
88 54
88 58
88 60
88 61
88 70
88 72
88 75
88 80
88 81
