88
1 4
1 7
1 10
1 13
1 16
1 18
1 24
1 27
1 31
1 32
1 36
1 37
1 41
1 42
1 43
1 44
1 46
1 47
1 49
1 50
1 57
1 59
1 84
2 3
2 8
2 9
2 10
2 12
2 16
2 19
2 23
2 28
2 33
2 35
2 38
2 43
2 45
2 50
2 56
2 59
2 69
2 71
2 74
2 75
2 79
2 82
2 86
3 4
3 10
3 12
3 16
3 18
3 19
3 23
3 27
3 31
3 32
3 35
3 36
3 38
3 41
3 42
3 43
3 44
3 45
3 46
3 49
3 50
3 56
3 57
3 59
3 69
3 71
3 84
3 86
4 1
4 2
4 17
4 37
4 7
4 42
4 13
4 47
4 49
4 83
4 24
4 57
4 31
6 81
6 29
6 30
6 63
9 3
9 8
9 10
9 12
9 16
9 19
9 23
9 28
9 33
9 35
9 38
9 43
9 44
9 45
9 50
9 56
9 59
9 69
9 71
9 74
9 75
9 79
9 82
9 86
10 3
10 8
10 12
10 16
10 19
10 23
10 28
10 32
10 33
10 35
10 38
10 43
10 44
10 45
10 50
10 56
10 59
10 69
10 71
10 74
10 75
10 79
10 82
10 86
11 1
11 4
11 7
11 10
11 16
11 18
11 23
11 24
11 27
11 31
11 32
11 35
11 36
11 41
11 42
11 43
11 44
11 46
11 49
11 50
11 56
11 57
11 59
11 69
11 71
11 84
14 3
14 4
14 8
14 10
14 12
14 16
14 18
14 19
14 23
14 27
14 32
14 33
14 35
14 36
14 38
14 41
14 42
14 43
14 44
14 45
14 46
14 50
14 56
14 59
14 69
14 71
14 79
14 84
14 86
15 2
15 47
15 17
15 83
15 29
15 30
16 81
16 63
18 1
18 4
18 7
18 10
18 13
18 16
18 24
18 27
18 31
18 32
18 36
18 37
18 41
18 42
18 43
18 44
18 46
18 47
18 49
18 50
18 56
18 57
18 59
18 84
19 3
19 8
19 9
19 12
19 14
19 23
19 25
19 28
19 33
19 35
19 38
19 45
19 48
19 56
19 59
19 61
19 69
19 70
19 71
19 74
19 75
19 79
19 80
19 82
19 86
19 87
20 32
20 1
20 4
20 37
20 7
20 41
20 42
20 44
20 13
20 46
20 47
20 49
20 18
20 84
20 57
20 24
20 36
20 27
20 31
25 1
25 4
25 7
25 10
25 16
25 18
25 23
25 24
25 27
25 31
25 32
25 35
25 36
25 41
25 42
25 43
25 44
25 46
25 49
25 50
25 56
25 57
25 59
25 69
25 71
25 84
26 81
26 29
26 30
29 81
29 30
31 1
31 3
31 4
31 10
31 12
31 16
31 18
31 19
31 23
31 27
31 32
31 35
31 36
31 41
31 42
31 43
31 44
31 46
31 49
31 50
31 56
31 57
31 59
31 69
31 71
31 84
33 3
33 8
33 10
33 12
33 16
33 18
33 19
33 23
33 28
33 32
33 35
33 38
33 43
33 44
33 45
33 50
33 56
33 59
33 69
33 71
33 74
33 75
33 79
33 82
33 86
35 2
35 17
35 81
35 83
35 29
35 30
37 3
37 8
37 9
37 10
37 12
37 16
37 19
37 23
37 28
37 33
37 35
37 38
37 43
37 44
37 45
37 50
37 56
37 59
37 69
37 71
37 74
37 75
37 79
37 82
37 86
45 32
45 1
45 4
45 37
45 7
45 41
45 10
45 44
45 13
45 46
45 47
45 49
45 18
45 84
45 57
45 24
45 36
45 27
45 42
45 31
47 1
47 4
47 7
47 10
47 13
47 16
47 18
47 24
47 27
47 31
47 32
47 36
47 37
47 41
47 42
47 43
47 44
47 46
47 49
47 50
47 57
47 84
48 2
48 37
48 7
48 13
48 47
48 17
48 83
48 24
48 29
50 1
50 3
50 4
50 10
50 12
50 16
50 18
50 23
50 27
50 31
50 32
50 35
50 36
50 41
50 42
50 43
50 44
50 46
50 49
50 56
50 57
50 59
50 69
50 71
50 84
52 81
52 63
53 1
53 3
53 4
53 10
53 12
53 16
53 18
53 19
53 23
53 27
53 31
53 32
53 35
53 36
53 41
53 42
53 43
53 44
53 45
53 46
53 49
53 50
53 56
53 57
53 59
53 69
53 71
53 84
53 86
54 32
54 1
54 4
54 37
54 7
54 41
54 42
54 13
54 46
54 47
54 49
54 18
54 83
54 84
54 17
54 57
54 24
54 36
54 27
54 31
55 63
56 3
56 8
56 9
56 12
56 16
56 19
56 23
56 25
56 28
56 33
56 35
56 38
56 45
56 59
56 61
56 69
56 70
56 71
56 74
56 75
56 79
56 82
56 86
56 87
57 1
57 2
57 4
57 37
57 7
57 42
57 13
57 47
57 49
57 83
57 17
57 24
57 31
58 1
58 4
58 7
58 10
58 16
58 18
58 23
58 24
58 27
58 31
58 32
58 35
58 36
58 41
58 42
58 43
58 44
58 46
58 49
58 50
58 56
58 57
58 59
58 69
58 71
58 84
60 17
60 2
60 83
60 29
60 30
62 1
62 4
62 7
62 10
62 13
62 16
62 18
62 24
62 27
62 31
62 32
62 35
62 36
62 37
62 41
62 42
62 43
62 44
62 46
62 47
62 49
62 50
62 56
62 57
62 59
62 84
63 3
63 8
63 9
63 10
63 12
63 16
63 19
63 23
63 28
63 33
63 35
63 38
63 43
63 45
63 50
63 56
63 59
63 69
63 71
63 74
63 75
63 79
63 82
63 86
64 1
64 2
64 4
64 37
64 7
64 41
64 42
64 13
64 46
64 47
64 49
64 18
64 83
64 84
64 17
64 57
64 24
64 36
64 27
64 31
66 3
66 8
66 9
66 10
66 12
66 16
66 19
66 23
66 28
66 33
66 35
66 38
66 43
66 45
66 50
66 56
66 59
66 69
66 71
66 74
66 75
66 79
66 82
66 86
67 32
67 1
67 4
67 37
67 7
67 41
67 42
67 13
67 46
67 47
67 49
67 18
67 83
67 84
67 17
67 57
67 24
67 36
67 27
67 31
69 3
69 8
69 9
69 10
69 12
69 16
69 19
69 23
69 28
69 33
69 35
69 38
69 43
69 45
69 50
69 56
69 59
69 71
69 74
69 75
69 79
69 82
69 86
72 3
72 8
72 10
72 12
72 16
72 18
72 19
72 23
72 28
72 32
72 33
72 35
72 38
72 43
72 44
72 45
72 50
72 56
72 59
72 69
72 71
72 74
72 75
72 79
72 82
72 86
73 2
73 37
73 7
73 13
73 47
73 17
73 83
73 24
73 29
76 3
76 8
76 10
76 12
76 16
76 18
76 19
76 23
76 28
76 32
76 33
76 35
76 38
76 43
76 44
76 45
76 50
76 56
76 59
76 69
76 71
76 74
76 75
76 79
76 82
76 86
77 1
77 4
77 7
77 10
77 16
77 18
77 23
77 24
77 27
77 31
77 32
77 35
77 36
77 41
77 42
77 43
77 44
77 46
77 49
77 50
77 56
77 57
77 59
77 69
77 71
77 84
83 1
83 4
83 7
83 10
83 16
83 18
83 23
83 24
83 27
83 31
83 32
83 35
83 36
83 37
83 41
83 42
83 43
83 44
83 46
83 49
83 50
83 56
83 57
83 59
83 69
83 71
83 84
84 17
84 2
84 83
84 29
84 30
87 32
87 1
87 4
87 37
87 7
87 41
87 42
87 44
87 13
87 46
87 47
87 49
87 18
87 84
87 57
87 24
87 36
87 27
87 31
88 3
88 8
88 9
88 10
88 12
88 16
88 19
88 23
88 28
88 33
88 35
88 38
88 43
88 45
88 50
88 56
88 59
88 69
88 71
88 74
88 75
88 79
88 82
88 86
