88
1 16
1 19
1 25
1 29
1 33
1 34
1 35
1 36
1 39
1 40
1 42
1 47
1 48
1 54
1 57
1 58
1 61
1 67
1 72
1 73
1 74
1 75
1 79
1 83
2 3
2 16
2 19
2 25
2 27
2 29
2 34
2 35
2 36
2 39
2 40
2 42
2 44
2 47
2 48
2 50
2 54
2 57
2 58
2 61
2 72
2 73
2 74
2 75
2 77
2 83
3 32
3 51
3 35
3 5
3 9
3 43
3 44
3 77
3 45
3 48
3 49
3 50
3 83
3 22
3 88
3 57
3 27
3 30
4 64
4 65
4 66
4 68
4 69
4 71
4 41
4 46
4 80
4 84
4 87
4 52
4 62
5 33
5 66
5 67
5 4
5 6
5 71
5 40
5 80
5 74
5 13
5 46
5 79
5 16
5 21
5 87
5 25
5 58
5 61
5 53
6 37
6 8
6 10
6 82
6 18
6 20
6 59
7 1
7 2
7 12
7 14
7 17
7 51
7 55
7 88
7 30
8 81
8 26
8 15
8 38
8 23
9 1
9 11
9 12
9 17
9 55
9 56
9 60
9 31
10 16
10 19
10 25
10 29
10 33
10 34
10 35
10 36
10 39
10 40
10 42
10 47
10 48
10 54
10 57
10 58
10 61
10 67
10 72
10 73
10 74
10 75
10 79
10 83
11 1
11 2
11 12
11 14
11 17
11 51
11 55
11 88
11 30
12 19
12 32
12 83
12 3
12 5
12 72
12 9
12 43
12 44
12 77
12 54
12 45
12 48
12 27
12 50
12 35
12 22
12 57
12 75
12 29
13 1
13 2
13 11
13 12
13 17
13 55
13 56
13 60
13 31
14 1
14 2
14 12
14 17
14 51
14 55
14 88
14 30
15 6
15 13
15 16
15 19
15 21
15 25
15 29
15 33
15 34
15 36
15 39
15 40
15 42
15 47
15 53
15 58
15 61
15 67
15 72
15 73
15 74
15 75
15 79
16 1
16 2
16 11
16 12
16 14
16 17
16 55
17 33
17 61
17 67
17 6
17 40
17 73
17 42
17 13
17 80
17 47
17 16
17 21
17 25
17 58
17 79
17 74
17 53
18 85
19 81
19 15
19 23
20 1
20 2
20 12
20 14
20 17
20 51
20 55
20 88
20 30
21 37
21 38
21 18
21 20
21 26
21 59
22 1
22 2
22 12
22 14
22 17
22 51
22 55
22 88
23 32
23 83
23 3
23 5
23 29
23 9
23 43
23 44
23 77
23 45
23 48
23 49
23 50
23 35
23 54
23 57
23 22
23 75
23 27
23 30
24 3
24 5
24 9
24 19
24 22
24 27
24 29
24 32
24 34
24 35
24 36
24 39
24 44
24 45
24 48
24 50
24 54
24 57
24 72
24 75
24 77
24 83
25 11
25 12
25 17
25 82
25 55
25 56
25 60
25 31
26 1
26 2
26 11
26 12
26 17
26 55
27 1
27 2
27 11
27 12
27 17
27 55
27 56
27 60
27 31
28 81
28 26
28 15
28 38
28 23
29 1
29 2
29 11
29 12
29 17
29 55
30 37
30 8
30 10
30 82
30 18
30 20
30 59
31 3
31 16
31 19
31 22
31 25
31 27
31 29
31 32
31 34
31 35
31 36
31 39
31 40
31 42
31 44
31 47
31 48
31 50
31 54
31 57
31 58
31 61
31 72
31 73
31 74
31 75
31 77
31 83
32 83
32 3
32 5
32 29
32 9
32 43
32 44
32 77
32 54
32 45
32 48
32 49
32 50
32 35
32 22
32 57
32 75
32 27
32 30
33 2
33 9
33 43
33 45
33 14
33 49
33 51
33 88
33 30
34 1
34 2
34 11
34 12
34 17
34 55
34 56
34 60
34 31
35 1
35 2
35 11
35 12
35 17
35 55
36 1
36 2
36 43
36 14
36 49
36 51
36 88
36 30
37 1
37 2
37 11
37 12
37 17
37 55
37 56
37 60
37 31
38 1
38 2
38 9
38 43
38 45
38 14
38 49
38 51
38 88
38 30
39 16
39 19
39 25
39 29
39 34
39 35
39 36
39 40
39 42
39 44
39 47
39 48
39 50
39 54
39 57
39 58
39 61
39 72
39 73
39 74
39 75
39 83
40 11
40 12
40 17
40 55
40 56
40 60
40 31
41 37
41 38
41 15
41 81
41 20
41 26
41 59
42 11
42 12
42 17
42 82
42 55
42 56
42 60
42 31
43 1
43 2
43 12
43 14
43 17
43 51
43 55
43 88
43 30
44 37
44 38
44 8
44 10
44 82
44 18
44 20
44 26
44 59
45 37
45 8
45 10
45 82
45 18
45 20
45 59
47 1
47 2
47 12
47 14
47 17
47 51
47 55
47 88
48 1
48 2
48 11
48 12
48 14
48 17
48 55
49 37
49 8
49 10
49 82
49 18
49 20
49 56
49 59
50 19
50 32
50 34
50 3
50 36
50 5
50 39
50 72
50 9
50 75
50 44
50 77
50 54
50 45
50 48
50 35
50 22
50 83
50 57
50 27
50 29
53 1
53 2
53 43
53 14
53 49
53 51
53 88
53 30
54 8
54 10
54 11
54 82
54 18
54 56
54 60
54 31
55 37
55 38
55 8
55 10
55 82
55 18
55 20
55 59
56 1
56 2
56 11
56 12
56 14
56 17
56 55
57 11
57 12
57 17
57 55
57 56
57 60
57 31
58 2
58 9
58 43
58 45
58 14
58 49
58 51
58 88
58 30
59 32
59 83
59 3
59 5
59 9
59 43
59 44
59 77
59 45
59 48
59 49
59 50
59 35
59 54
59 57
59 22
59 75
59 27
59 30
60 37
60 8
60 10
60 82
60 18
60 20
60 56
60 59
60 31
61 11
61 12
61 17
61 82
61 55
61 56
61 60
61 31
63 37
63 38
63 8
63 10
63 82
63 18
63 20
63 59
64 6
64 13
64 16
64 19
64 21
64 25
64 29
64 33
64 34
64 36
64 39
64 40
64 42
64 47
64 53
64 58
64 61
64 67
64 72
64 73
64 74
64 79
65 1
65 2
65 12
65 14
65 17
65 51
65 55
65 88
66 81
66 26
66 15
66 38
66 23
67 37
67 8
67 10
67 11
67 18
67 82
67 20
67 56
67 59
67 60
67 31
68 37
68 8
68 10
68 82
68 18
68 20
68 56
68 59
68 60
68 31
69 81
69 26
69 15
69 38
69 23
70 11
70 12
70 17
70 82
70 55
70 56
70 60
70 31
71 37
71 8
71 10
71 82
71 18
71 20
71 59
72 37
72 38
72 8
72 10
72 82
72 18
72 20
72 59
73 1
73 2
73 11
73 12
73 17
73 55
73 56
73 60
73 31
74 81
74 15
74 23
75 11
75 12
75 17
75 82
75 55
75 56
75 60
75 31
77 32
77 5
77 9
77 43
77 45
77 14
77 49
77 51
77 88
77 30
78 8
78 10
78 11
78 82
78 18
78 20
78 56
78 59
78 60
78 31
79 1
79 11
79 12
79 17
79 55
79 56
79 60
79 31
80 37
80 8
80 10
80 82
80 18
80 20
80 59
81 65
81 66
81 4
81 6
81 71
81 13
81 46
81 80
81 84
81 21
81 87
81 68
81 62
81 53
82 64
82 65
82 66
82 68
82 69
82 71
82 41
82 46
82 84
82 87
82 24
82 4
82 62
82 52
83 1
83 2
83 11
83 12
83 17
83 55
83 56
83 60
83 31
84 37
84 38
84 18
84 20
84 26
84 59
85 32
85 3
85 5
85 9
85 43
85 44
85 77
85 14
85 45
85 49
85 51
85 22
85 88
85 27
85 30
87 1
87 2
87 11
87 12
87 17
87 55
87 60
87 31
88 33
88 66
88 67
88 4
88 6
88 71
88 80
88 74
88 13
88 46
88 79
88 16
88 21
88 87
88 68
88 62
88 53
