88
1 23
3 29
3 23
4 1
4 3
4 5
4 7
4 10
4 12
4 13
4 14
4 17
4 27
4 28
4 31
4 32
4 35
4 37
4 46
4 47
4 48
4 50
4 60
4 64
4 69
4 78
4 80
4 87
5 29
6 82
6 83
6 29
7 70
7 82
7 83
7 22
7 30
7 63
8 34
8 67
8 68
8 38
8 6
8 39
8 73
8 42
8 11
8 12
8 45
8 78
8 79
8 81
8 20
8 77
8 43
8 88
8 84
8 71
8 21
9 82
9 83
9 29
9 22
10 1
10 6
10 7
10 8
10 11
10 12
10 14
10 20
10 21
10 28
10 34
10 39
10 42
10 43
10 47
10 50
10 60
10 64
10 77
10 78
10 80
10 81
10 84
10 88
11 82
11 83
11 29
11 22
12 32
12 1
12 3
12 4
12 69
12 48
12 31
12 9
12 10
12 87
12 13
12 46
12 27
12 17
12 35
12 86
12 41
12 36
12 63
12 37
12 5
13 1
13 3
13 4
13 5
13 7
13 10
13 12
13 14
13 17
13 27
13 28
13 31
13 32
13 35
13 36
13 37
13 46
13 47
13 48
13 50
13 60
13 64
13 69
13 78
13 80
13 87
14 1
14 3
14 4
14 5
14 9
14 10
14 13
14 17
14 27
14 31
14 32
14 35
14 36
14 37
14 41
14 46
14 47
14 48
14 64
14 69
14 86
14 87
15 6
15 16
15 20
15 33
15 38
15 40
15 43
15 44
15 45
15 49
15 61
15 62
15 67
15 68
15 71
15 72
15 73
15 74
15 76
15 79
15 81
15 88
17 29
18 15
18 23
19 70
19 41
19 83
19 22
19 30
19 63
20 29
21 1
21 3
21 4
21 5
21 7
21 10
21 12
21 13
21 14
21 17
21 27
21 28
21 31
21 32
21 35
21 37
21 46
21 47
21 48
21 50
21 60
21 64
21 69
21 78
21 80
21 87
22 34
22 11
22 28
22 6
22 7
22 8
22 73
22 42
22 39
22 12
22 77
22 78
22 80
22 81
22 50
22 84
22 21
22 43
22 88
22 20
22 60
23 70
23 82
23 83
23 22
23 30
23 63
24 2
24 16
24 19
24 33
24 38
24 40
24 44
24 45
24 49
24 51
24 53
24 56
24 59
24 61
24 62
24 67
24 68
24 71
24 72
24 73
24 74
24 75
24 76
24 79
25 23
26 23
27 1
27 3
27 4
27 5
27 7
27 8
27 10
27 12
27 13
27 14
27 17
27 21
27 28
27 31
27 32
27 35
27 37
27 42
27 46
27 47
27 48
27 50
27 60
27 64
27 69
27 78
27 80
27 87
28 1
28 3
28 4
28 5
28 9
28 10
28 13
28 17
28 27
28 31
28 32
28 35
28 36
28 37
28 41
28 46
28 48
28 63
28 64
28 69
28 86
28 87
29 23
30 82
30 83
30 29
31 33
31 67
31 68
31 49
31 38
31 71
31 40
31 73
31 74
31 43
31 44
31 45
31 79
31 16
31 81
31 20
31 76
31 88
31 6
31 61
31 62
32 19
32 2
32 72
32 75
32 76
32 24
32 18
32 51
32 52
32 53
32 54
32 55
32 56
32 25
32 26
32 59
33 70
33 82
33 83
33 22
33 30
33 63
34 32
34 48
34 3
34 4
34 69
34 31
34 9
34 10
34 87
34 13
34 46
34 27
34 17
34 35
34 86
34 41
34 36
34 63
34 37
34 30
34 5
35 32
35 1
35 3
35 4
35 69
35 31
35 9
35 10
35 87
35 13
35 46
35 27
35 48
35 17
35 86
35 41
35 36
35 63
35 37
35 5
36 75
36 18
36 52
36 54
36 55
36 24
36 25
36 26
36 59
37 1
37 7
37 8
37 10
37 11
37 12
37 14
37 20
37 21
37 28
37 34
37 35
37 39
37 42
37 47
37 48
37 50
37 60
37 64
37 69
37 77
37 78
37 80
37 84
37 88
38 1
38 7
38 8
38 10
38 11
38 12
38 14
38 20
38 21
38 28
38 34
38 35
38 39
38 42
38 47
38 48
38 50
38 60
38 64
38 69
38 77
38 78
38 80
38 84
38 88
39 86
39 70
39 9
39 22
39 41
39 30
39 63
40 70
40 82
40 83
40 22
40 30
40 63
41 30
41 82
41 83
41 70
41 22
42 64
42 1
42 3
42 4
42 69
42 32
42 31
42 9
42 10
42 87
42 13
42 46
42 48
42 17
42 35
42 86
42 41
42 36
42 27
42 37
42 5
43 70
43 41
43 83
43 22
43 30
43 63
44 32
44 48
44 3
44 4
44 69
44 31
44 9
44 10
44 87
44 13
44 46
44 27
44 17
44 35
44 86
44 41
44 36
44 63
44 37
44 30
44 5
46 82
46 83
46 29
47 32
47 48
47 3
47 4
47 69
47 31
47 9
47 10
47 87
47 13
47 46
47 27
47 17
47 35
47 86
47 41
47 36
47 63
47 37
47 30
47 5
48 1
48 3
48 4
48 5
48 7
48 8
48 10
48 12
48 13
48 14
48 17
48 21
48 27
48 28
48 31
48 32
48 35
48 37
48 42
48 46
48 47
48 50
48 60
48 64
48 69
48 78
48 80
48 87
49 15
49 23
50 2
50 16
50 19
50 33
50 38
50 40
50 44
50 45
50 49
50 51
50 53
50 56
50 61
50 62
50 67
50 68
50 71
50 72
50 73
50 74
50 76
50 79
51 15
52 82
52 83
52 29
52 22
53 15
54 15
55 15
56 29
57 15
59 23
60 29
61 36
61 70
61 9
61 86
61 41
61 30
61 63
62 70
62 82
62 83
62 22
62 30
62 63
63 82
63 83
63 70
63 29
63 22
64 70
64 82
64 83
64 22
64 30
64 63
65 82
65 83
65 29
67 70
67 41
67 83
67 22
67 30
67 63
68 32
68 48
68 3
68 4
68 69
68 31
68 9
68 10
68 87
68 13
68 46
68 27
68 17
68 35
68 86
68 41
68 36
68 63
68 37
68 5
69 82
69 83
69 29
70 82
70 83
70 29
70 22
71 29
72 15
73 70
73 41
73 83
73 22
73 30
73 63
74 82
74 83
74 29
74 22
75 32
75 48
75 3
75 4
75 69
75 31
75 9
75 10
75 87
75 13
75 46
75 27
75 17
75 35
75 86
75 41
75 36
75 63
75 37
75 30
75 5
76 1
76 3
76 4
76 5
76 9
76 10
76 13
76 14
76 17
76 27
76 31
76 32
76 35
76 36
76 37
76 41
76 46
76 47
76 48
76 64
76 69
76 80
76 86
76 87
77 82
77 83
77 70
77 29
77 22
78 32
78 1
78 3
78 4
78 69
78 48
78 31
78 9
78 10
78 87
78 13
78 46
78 27
78 17
78 35
78 86
78 41
78 36
78 63
78 37
78 5
79 32
79 3
79 4
79 69
79 31
79 9
79 87
79 13
79 46
79 27
79 48
79 17
79 86
79 41
79 36
79 63
79 37
79 30
79 5
80 32
80 1
80 3
80 4
80 69
80 48
80 31
80 9
80 10
80 87
80 13
80 46
80 27
80 17
80 35
80 86
80 41
80 36
80 63
80 37
80 5
81 6
81 7
81 8
81 11
81 12
81 14
81 20
81 21
81 28
81 34
81 39
81 42
81 43
81 47
81 50
81 60
81 64
81 77
81 78
81 80
81 84
81 88
82 30
82 83
82 22
82 70
82 63
83 6
83 16
83 20
83 33
83 38
83 40
83 43
83 44
83 45
83 49
83 61
83 62
83 67
83 68
83 71
83 72
83 73
83 74
83 76
83 79
83 81
83 88
84 15
86 2
86 6
86 16
86 33
86 38
86 40
86 43
86 44
86 45
86 49
86 51
86 53
86 61
86 62
86 67
86 68
86 71
86 72
86 73
86 74
86 76
86 79
86 81
87 29
88 29
