88
1 64
1 36
1 5
1 7
1 39
1 14
1 15
1 82
1 51
1 58
1 29
2 64
2 33
2 36
2 5
2 14
2 15
2 82
2 51
2 61
3 2
3 6
3 44
3 12
3 13
3 46
3 76
3 17
3 22
3 31
4 64
4 33
4 36
4 5
4 70
4 15
4 82
4 51
4 61
5 66
5 3
5 4
5 7
5 72
5 73
5 74
5 39
5 29
5 11
5 43
5 35
5 53
5 24
5 68
5 71
5 58
6 32
6 49
6 42
6 20
6 54
7 3
7 4
7 8
7 10
7 16
7 18
7 26
7 35
7 41
7 43
7 45
7 47
7 48
7 53
7 59
7 60
7 71
7 72
7 73
7 78
7 79
7 80
7 84
8 33
8 5
8 70
8 81
8 38
8 61
9 3
9 4
9 8
9 10
9 16
9 18
9 26
9 35
9 41
9 45
9 47
9 48
9 53
9 59
9 60
9 71
9 72
9 73
9 78
9 79
9 80
9 84
10 64
10 33
10 36
10 5
10 7
10 39
10 29
10 14
10 15
10 82
10 51
10 58
10 61
11 16
11 34
11 8
11 41
11 10
11 45
11 77
11 47
11 80
11 40
11 18
11 84
11 26
11 59
11 60
11 63
12 32
12 81
12 19
12 20
12 38
13 34
13 40
13 10
13 45
13 77
13 16
13 8
13 18
13 84
13 87
13 57
13 60
13 63
14 64
14 36
14 5
14 39
14 7
14 15
14 82
14 51
14 58
14 29
15 64
15 33
15 36
15 5
15 39
15 7
15 14
15 82
15 51
15 58
15 61
17 88
17 42
18 32
18 81
18 19
18 70
18 38
19 3
19 4
19 8
19 10
19 16
19 18
19 26
19 35
19 41
19 43
19 45
19 47
19 48
19 53
19 59
19 60
19 71
19 72
19 73
19 78
19 79
19 80
19 84
20 64
20 33
20 36
20 5
20 14
20 15
20 82
20 51
20 61
21 2
21 67
21 6
21 44
21 12
21 13
21 76
21 17
21 23
21 25
21 27
22 34
22 8
22 41
22 10
22 45
22 77
22 16
22 40
22 18
22 84
22 57
22 26
22 60
22 63
23 66
23 3
23 4
23 7
23 72
23 73
23 74
23 39
23 29
23 11
23 43
23 35
23 53
23 24
23 68
23 71
23 58
24 64
24 66
24 68
24 39
24 74
24 11
24 14
24 15
24 82
24 7
24 58
24 29
25 88
25 49
25 42
26 3
26 4
26 8
26 10
26 11
26 18
26 24
26 35
26 41
26 43
26 45
26 47
26 48
26 53
26 59
26 66
26 71
26 72
26 73
26 74
26 78
26 79
26 80
27 3
27 4
27 8
27 10
27 11
27 16
27 18
27 26
27 35
27 41
27 43
27 45
27 47
27 48
27 53
27 59
27 66
27 71
27 72
27 73
27 78
27 79
27 80
27 84
28 32
28 49
28 19
28 20
28 54
29 80
29 66
29 35
29 4
29 71
29 72
29 73
29 74
29 43
29 78
29 47
29 48
29 59
29 3
29 53
29 11
29 24
29 68
29 79
30 64
30 66
30 43
30 68
30 39
30 74
30 11
30 14
30 24
30 82
30 7
30 58
30 29
31 80
31 66
31 35
31 4
31 71
31 72
31 73
31 74
31 11
31 78
31 47
31 48
31 59
31 3
31 53
31 43
31 24
31 68
31 26
31 79
32 2
32 67
32 37
32 6
32 9
32 44
32 13
32 12
32 17
32 23
32 25
32 27
33 1
33 37
33 40
33 9
33 77
33 85
33 87
33 57
34 1
34 67
34 37
34 9
34 25
34 85
34 87
34 57
34 27
35 3
35 4
35 8
35 10
35 11
35 18
35 24
35 26
35 41
35 43
35 45
35 47
35 48
35 53
35 59
35 66
35 71
35 72
35 73
35 74
35 78
35 79
35 80
36 76
36 46
36 50
36 22
36 62
36 31
37 1
37 40
37 9
37 77
37 85
37 87
37 57
38 34
38 8
38 41
38 10
38 45
38 77
38 47
38 16
38 40
38 18
38 84
38 57
38 26
38 59
38 60
38 63
39 1
39 67
39 37
39 6
39 9
39 44
39 85
39 23
39 25
39 27
40 80
40 66
40 35
40 4
40 71
40 72
40 73
40 74
40 43
40 78
40 79
40 48
40 11
40 3
40 53
40 24
40 68
41 33
41 36
41 5
41 70
41 15
41 51
41 61
42 2
42 67
42 6
42 44
42 12
42 13
42 76
42 17
42 23
42 25
42 27
43 66
43 35
43 4
43 71
43 72
43 73
43 74
43 11
43 78
43 79
43 48
43 3
43 53
43 24
43 68
43 29
44 32
44 49
44 42
44 20
44 54
45 28
45 86
45 30
45 55
46 33
46 36
46 5
46 70
46 15
46 51
46 61
47 1
47 67
47 37
47 6
47 9
47 44
47 23
47 25
47 27
48 76
48 46
48 50
48 22
48 62
48 31
49 2
49 6
49 44
49 12
49 13
49 46
49 76
49 17
49 22
49 31
50 2
50 67
50 6
50 44
50 12
50 13
50 17
50 23
50 25
50 27
51 32
51 81
51 19
51 70
51 38
53 2
53 67
53 6
53 44
53 12
53 13
53 17
53 23
53 25
53 27
54 50
54 21
54 62
55 56
56 69
57 32
57 38
57 81
57 19
57 20
57 54
58 1
58 37
58 40
58 9
58 77
58 85
58 87
58 57
59 64
59 33
59 36
59 5
59 14
59 15
59 82
59 51
59 61
60 32
60 81
60 19
60 70
60 38
61 32
61 81
61 19
61 20
61 54
62 32
62 81
62 19
62 20
62 38
63 66
63 3
63 68
63 7
63 72
63 73
63 74
63 39
63 29
63 11
63 43
63 35
63 53
63 24
63 71
63 58
64 1
64 34
64 37
64 40
64 9
64 77
64 85
64 87
64 57
64 63
65 1
65 67
65 37
65 9
65 23
65 85
65 87
65 25
65 27
66 2
66 67
66 6
66 44
66 12
66 13
66 17
66 23
66 25
66 27
67 66
67 35
67 68
67 7
67 73
67 74
67 39
67 14
67 11
67 43
67 53
67 24
67 58
67 29
68 2
68 6
68 44
68 12
68 13
68 46
68 76
68 17
68 22
68 23
68 31
70 1
70 37
70 40
70 9
70 77
70 85
70 87
70 57
71 16
71 3
71 4
71 48
71 8
71 41
71 10
71 45
71 78
71 47
71 80
71 72
71 18
71 84
71 59
71 26
71 79
71 60
71 63
72 34
72 40
72 77
72 85
72 87
72 57
72 60
72 63
73 50
73 62
73 21
73 22
73 31
74 34
74 8
74 41
74 10
74 45
74 77
74 16
74 40
74 18
74 84
74 87
74 57
74 26
74 60
74 63
75 64
75 36
75 5
75 7
75 39
75 14
75 15
75 82
75 51
75 58
75 29
76 64
76 66
76 68
76 39
76 74
76 11
76 14
76 24
76 82
76 7
76 58
76 29
77 1
77 34
77 37
77 40
77 85
77 87
77 57
77 63
78 86
78 28
78 21
78 30
78 55
79 64
79 36
79 5
79 7
79 39
79 14
79 15
79 82
79 51
79 58
79 29
80 3
80 4
80 8
80 10
80 16
80 18
80 26
80 35
80 41
80 43
80 45
80 47
80 48
80 53
80 59
80 60
80 66
80 71
80 72
80 73
80 78
80 79
80 84
81 2
81 76
81 13
81 46
81 17
81 22
81 62
81 31
82 76
82 46
82 50
82 21
82 22
82 62
82 31
84 33
84 38
84 70
84 81
84 19
84 61
85 1
85 67
85 37
85 9
85 25
85 87
85 57
85 27
86 34
86 40
86 10
86 45
86 77
86 16
86 8
86 18
86 84
86 87
86 57
86 60
86 63
87 33
87 5
87 70
87 81
87 38
87 61
88 50
88 21
88 86
88 55
88 28
88 30
