88
1 32
1 80
1 66
1 35
1 48
1 58
1 31
2 1
2 36
2 31
2 18
2 84
2 85
2 27
2 60
2 29
2 62
2 63
5 56
5 9
5 76
5 12
5 33
8 67
8 38
8 71
8 10
8 43
8 79
8 17
8 53
8 59
8 61
9 30
9 65
9 34
9 37
9 40
9 74
9 83
9 44
9 13
9 14
9 77
9 49
9 50
9 19
9 20
9 46
9 87
9 23
9 69
9 21
10 64
10 65
10 34
10 69
10 40
10 74
10 43
10 44
10 13
10 14
10 77
10 49
10 19
10 20
10 46
10 87
10 83
10 23
10 21
11 19
11 34
11 37
11 40
11 44
11 13
11 77
11 49
11 50
11 83
11 20
11 23
11 24
11 88
11 28
11 30
11 69
12 34
12 37
12 40
12 83
12 44
12 13
12 14
12 77
12 49
12 50
12 19
12 20
12 21
12 23
12 24
12 88
12 30
12 69
13 1
13 36
13 39
13 18
13 84
13 85
13 27
13 60
13 29
13 62
13 63
14 19
14 65
14 34
14 37
14 40
14 74
14 44
14 13
14 77
14 49
14 50
14 83
14 20
14 21
14 23
14 24
14 30
14 69
15 26
15 51
15 76
15 42
18 64
18 65
18 83
18 69
18 10
18 43
18 46
18 61
18 53
18 19
18 20
18 14
18 87
18 74
18 21
19 64
19 65
19 10
19 43
19 46
19 61
19 53
19 83
19 20
19 14
19 87
19 74
19 21
20 64
20 65
20 10
20 43
20 46
20 61
20 17
20 53
20 83
20 14
20 87
20 74
20 21
21 64
21 65
21 34
21 69
21 40
21 10
21 43
21 77
21 14
21 49
21 19
21 20
21 46
21 87
21 83
21 23
21 74
22 16
22 81
22 82
23 64
23 67
23 38
23 71
23 10
23 43
23 17
23 53
23 59
23 61
24 56
24 9
24 12
24 73
24 33
25 1
25 36
25 39
25 47
25 18
25 84
25 85
25 27
25 29
25 62
25 63
26 2
26 37
26 40
26 44
26 34
26 77
26 49
26 50
26 19
26 24
26 23
26 88
26 72
26 28
26 13
26 30
26 69
27 67
27 38
27 71
27 73
27 79
27 17
27 53
27 59
28 22
29 30
29 65
29 34
29 37
29 40
29 74
29 83
29 44
29 13
29 14
29 77
29 49
29 50
29 19
29 20
29 46
29 87
29 23
29 69
29 21
30 2
30 37
30 39
30 72
30 11
30 78
30 47
30 24
30 50
30 54
30 88
30 28
31 64
31 65
31 83
31 69
31 10
31 43
31 46
31 61
31 53
31 19
31 20
31 14
31 87
31 74
31 21
32 64
32 65
32 34
32 69
32 40
32 74
32 83
32 44
32 13
32 14
32 77
32 49
32 19
32 20
32 46
32 87
32 23
32 21
33 64
33 65
33 34
33 69
33 40
33 10
33 43
33 44
33 77
33 14
33 49
33 19
33 20
33 46
33 87
33 83
33 23
33 74
33 21
34 26
34 51
34 76
34 42
35 56
35 9
35 79
35 12
35 73
36 64
36 65
36 10
36 43
36 46
36 61
36 53
36 83
36 20
36 14
36 87
36 74
36 21
37 56
37 9
37 79
37 12
37 73
38 86
38 22
39 2
39 37
39 72
39 11
39 44
39 13
39 78
39 49
39 50
39 54
39 23
39 24
39 88
39 28
39 30
40 1
40 2
40 39
40 72
40 11
40 78
40 47
40 54
40 28
40 62
41 67
41 38
41 71
41 73
41 12
41 79
41 17
41 59
42 30
42 65
42 34
42 37
42 40
42 74
42 83
42 44
42 13
42 14
42 77
42 49
42 50
42 19
42 20
42 46
42 24
42 87
42 23
42 69
42 21
43 1
43 36
43 39
43 47
43 18
43 85
43 54
43 27
43 29
43 62
43 63
44 2
44 37
44 40
44 13
44 34
44 77
44 49
44 50
44 19
44 24
44 23
44 88
44 72
44 28
44 30
44 69
45 52
46 75
46 57
46 26
46 51
46 68
47 67
47 38
47 71
47 10
47 43
47 79
47 17
47 53
47 59
47 61
48 64
48 67
48 38
48 71
48 10
48 43
48 17
48 53
48 59
48 61
49 19
49 34
49 37
49 40
49 44
49 13
49 77
49 88
49 50
49 83
49 20
49 21
49 23
49 24
49 28
49 30
49 69
50 2
50 37
50 72
50 11
50 44
50 13
50 78
50 49
50 54
50 23
50 24
50 88
50 28
50 30
51 2
51 39
51 72
51 11
51 78
51 47
51 24
51 54
51 88
51 28
52 22
53 2
53 37
53 39
53 72
53 11
53 78
53 47
53 24
53 50
53 54
53 88
53 28
53 30
54 1
54 2
54 39
54 72
54 11
54 78
54 47
54 88
54 28
54 62
55 67
55 38
55 71
55 73
55 12
55 79
55 17
55 59
56 9
56 12
56 73
56 33
57 64
57 67
57 38
57 71
57 10
57 43
57 17
57 53
57 59
57 61
58 64
58 67
58 38
58 71
58 10
58 43
58 17
58 53
58 59
58 61
60 65
60 34
60 37
60 40
60 74
60 83
60 44
60 13
60 14
60 77
60 49
60 50
60 19
60 20
60 21
60 24
60 87
60 23
60 30
60 69
61 2
61 37
61 40
61 44
61 34
61 77
61 49
61 50
61 19
61 24
61 23
61 88
61 72
61 28
61 13
61 30
62 67
62 38
62 71
62 10
62 43
62 79
62 17
62 53
62 59
62 61
63 67
63 38
63 71
63 9
63 12
63 79
63 73
63 56
63 59
64 67
64 38
64 71
64 10
64 43
64 79
64 17
64 53
64 59
64 61
65 2
65 39
65 72
65 11
65 78
65 47
65 24
65 54
65 88
65 28
65 30
66 67
66 38
66 71
66 9
66 12
66 79
66 73
66 59
67 33
67 42
67 76
68 65
68 34
68 37
68 40
68 74
68 83
68 44
68 13
68 14
68 77
68 49
68 50
68 19
68 20
68 46
68 87
68 23
68 69
68 21
69 19
69 65
69 34
69 40
69 74
69 23
69 44
69 13
69 14
69 77
69 49
69 50
69 83
69 20
69 46
69 87
69 21
70 2
70 37
70 39
70 72
70 11
70 78
70 47
70 24
70 50
70 54
70 88
70 28
70 30
71 32
71 48
71 66
71 35
71 80
71 58
71 60
71 31
72 33
72 12
72 42
72 76
72 9
72 56
73 1
73 39
73 72
73 11
73 78
73 47
73 18
73 54
73 29
73 62
74 2
74 37
74 40
74 44
74 34
74 77
74 49
74 50
74 19
74 23
74 24
74 88
74 28
74 13
74 30
74 69
75 65
75 34
75 37
75 40
75 74
75 83
75 44
75 13
75 14
75 77
75 49
75 50
75 19
75 20
75 46
75 87
75 23
75 69
75 21
76 2
76 39
76 72
76 11
76 78
76 47
76 24
76 54
76 88
76 28
76 30
77 2
77 37
77 72
77 11
77 44
77 13
77 78
77 49
77 50
77 54
77 23
77 24
77 88
77 28
77 30
78 64
78 65
78 67
78 71
78 10
78 43
78 14
78 61
78 17
78 46
78 87
78 74
78 53
79 19
79 34
79 37
79 40
79 44
79 13
79 77
79 49
79 50
79 83
79 20
79 21
79 23
79 24
79 88
79 30
79 69
80 33
80 42
80 51
80 76
81 26
81 51
81 42
82 33
82 12
82 42
82 76
82 9
82 56
83 56
83 9
83 42
83 76
83 33
84 64
84 65
84 69
84 10
84 43
84 46
84 61
84 53
84 83
84 20
84 14
84 87
84 74
84 21
85 22
86 8
86 57
86 75
86 68
86 70
87 38
87 9
87 12
87 79
87 73
87 56
87 59
88 2
88 37
88 72
88 11
88 44
88 13
88 78
88 49
88 50
88 54
88 23
88 24
88 28
88 30
