88
3 2
3 4
3 13
3 14
3 23
3 24
3 26
3 27
3 34
3 43
3 44
3 45
3 46
3 54
3 56
3 58
3 61
3 62
3 65
3 67
3 70
3 72
3 75
3 80
3 81
4 75
4 70
4 72
4 43
4 13
4 46
4 61
4 80
4 81
4 14
4 24
4 58
4 27
4 26
9 1
9 2
9 4
9 5
9 7
9 10
9 13
9 20
9 22
9 23
9 32
9 34
9 37
9 39
9 40
9 42
9 43
9 44
9 45
9 54
9 56
9 57
9 58
9 59
9 61
9 62
9 65
9 67
9 71
9 72
9 76
9 78
9 80
9 81
9 87
11 2
11 4
11 7
11 13
11 14
11 23
11 24
11 26
11 27
11 34
11 40
11 43
11 44
11 45
11 46
11 54
11 56
11 58
11 61
11 62
11 65
11 67
11 70
11 72
11 75
11 76
11 80
11 81
15 1
15 2
15 4
15 7
15 10
15 13
15 14
15 20
15 23
15 26
15 27
15 34
15 40
15 43
15 44
15 45
15 46
15 54
15 56
15 57
15 58
15 61
15 62
15 65
15 67
15 70
15 72
15 76
15 80
15 81
18 1
18 5
18 6
18 7
18 8
18 10
18 12
18 20
18 22
18 25
18 28
18 29
18 30
18 31
18 32
18 37
18 38
18 39
18 40
18 42
18 49
18 52
18 53
18 56
18 57
18 59
18 68
18 71
18 73
18 76
18 78
18 87
19 1
19 2
19 4
19 5
19 7
19 10
19 13
19 14
19 20
19 23
19 26
19 27
19 32
19 34
19 40
19 42
19 43
19 44
19 45
19 46
19 54
19 56
19 57
19 58
19 61
19 62
19 65
19 67
19 70
19 72
19 76
19 80
19 81
22 65
22 2
22 75
22 70
22 72
22 43
22 13
22 34
22 14
22 45
22 80
22 81
22 46
22 54
22 23
22 24
22 61
22 58
22 27
22 26
22 62
30 1
30 2
30 4
30 5
30 7
30 10
30 13
30 14
30 20
30 22
30 23
30 26
30 32
30 34
30 37
30 40
30 42
30 43
30 44
30 45
30 54
30 56
30 57
30 58
30 59
30 61
30 62
30 65
30 67
30 72
30 76
30 78
30 80
30 81
30 87
31 61
31 75
31 70
31 72
31 43
31 45
31 14
31 13
31 80
31 81
31 46
31 24
31 58
31 27
31 26
32 2
32 4
32 13
32 14
32 23
32 24
32 26
32 27
32 34
32 43
32 44
32 45
32 46
32 54
32 58
32 61
32 62
32 65
32 67
32 70
32 72
32 75
32 80
32 81
35 2
35 4
35 7
35 13
35 14
35 23
35 24
35 26
35 27
35 34
35 40
35 43
35 44
35 45
35 46
35 54
35 56
35 58
35 61
35 62
35 65
35 67
35 70
35 72
35 75
35 76
35 80
35 81
36 6
36 8
36 12
36 21
36 25
36 28
36 29
36 30
36 31
36 33
36 38
36 39
36 49
36 52
36 53
36 55
36 59
36 68
36 71
36 73
36 77
36 79
36 87
37 1
37 2
37 4
37 5
37 7
37 10
37 13
37 14
37 20
37 23
37 26
37 27
37 32
37 34
37 40
37 43
37 44
37 45
37 46
37 54
37 56
37 57
37 58
37 61
37 62
37 65
37 67
37 70
37 72
37 76
37 80
37 81
38 2
38 4
38 13
38 14
38 23
38 24
38 26
38 27
38 34
38 43
38 44
38 45
38 46
38 54
38 58
38 61
38 62
38 65
38 67
38 70
38 72
38 75
38 80
38 81
41 1
41 2
41 4
41 5
41 7
41 10
41 13
41 14
41 20
41 22
41 23
41 26
41 32
41 34
41 37
41 40
41 42
41 43
41 44
41 45
41 46
41 54
41 56
41 57
41 58
41 61
41 62
41 65
41 67
41 70
41 72
41 76
41 80
41 81
45 2
45 4
45 13
45 14
45 23
45 24
45 26
45 27
45 34
45 43
45 44
45 46
45 54
45 58
45 61
45 62
45 65
45 67
45 70
45 72
45 75
45 80
45 81
47 2
47 4
47 7
47 13
47 14
47 20
47 23
47 24
47 26
47 27
47 34
47 40
47 43
47 44
47 45
47 46
47 54
47 56
47 58
47 61
47 62
47 65
47 67
47 70
47 72
47 75
47 76
47 80
47 81
48 64
48 33
48 35
48 74
48 77
48 47
48 17
48 21
48 86
48 55
48 79
48 63
49 1
49 2
49 4
49 7
49 13
49 14
49 20
49 23
49 26
49 27
49 34
49 40
49 43
49 44
49 45
49 46
49 54
49 56
49 57
49 58
49 61
49 62
49 65
49 67
49 70
49 72
49 76
49 80
49 81
50 1
50 2
50 4
50 5
50 6
50 7
50 10
50 20
50 22
50 23
50 25
50 28
50 32
50 34
50 37
50 38
50 39
50 40
50 42
50 43
50 44
50 45
50 53
50 54
50 56
50 57
50 58
50 59
50 61
50 62
50 65
50 67
50 71
50 73
50 76
50 78
50 87
51 2
51 4
51 13
51 14
51 23
51 24
51 26
51 27
51 34
51 43
51 44
51 45
51 46
51 54
51 58
51 61
51 62
51 65
51 67
51 70
51 72
51 75
51 80
51 81
54 65
54 61
54 75
54 70
54 72
54 43
54 45
54 14
54 13
54 80
54 81
54 46
54 23
54 24
54 58
54 27
54 26
54 62
57 65
57 2
57 75
57 70
57 72
57 43
57 13
57 34
57 14
57 45
57 80
57 81
57 46
57 54
57 23
57 24
57 61
57 58
57 27
57 26
57 62
58 2
58 4
58 13
58 14
58 23
58 24
58 26
58 27
58 34
58 43
58 44
58 45
58 46
58 54
58 61
58 62
58 65
58 67
58 70
58 72
58 75
58 80
58 81
60 2
60 4
60 7
60 13
60 14
60 20
60 23
60 24
60 26
60 27
60 34
60 40
60 43
60 44
60 45
60 46
60 54
60 56
60 58
60 61
60 62
60 65
60 67
60 70
60 72
60 75
60 76
60 80
60 81
63 1
63 2
63 4
63 5
63 6
63 7
63 10
63 20
63 22
63 23
63 25
63 28
63 32
63 34
63 37
63 38
63 39
63 40
63 42
63 43
63 44
63 45
63 49
63 53
63 54
63 56
63 57
63 58
63 59
63 61
63 62
63 65
63 67
63 71
63 73
63 76
63 78
63 87
64 2
64 13
64 14
64 23
64 24
64 26
64 27
64 34
64 43
64 44
64 45
64 46
64 54
64 58
64 61
64 62
64 65
64 70
64 72
64 75
64 80
64 81
67 1
67 2
67 4
67 5
67 7
67 10
67 13
67 14
67 20
67 23
67 26
67 27
67 32
67 34
67 40
67 43
67 44
67 45
67 46
67 54
67 56
67 57
67 58
67 61
67 62
67 65
67 70
67 72
67 76
67 80
67 81
83 64
83 33
83 35
83 68
83 74
83 12
83 77
83 79
83 52
83 21
83 86
83 55
83 31
83 29
83 30
83 63
84 64
84 35
84 74
84 47
84 17
84 86
84 63
85 1
85 2
85 4
85 5
85 6
85 7
85 10
85 20
85 22
85 23
85 25
85 28
85 32
85 34
85 37
85 38
85 39
85 40
85 42
85 43
85 44
85 45
85 49
85 53
85 54
85 56
85 57
85 59
85 61
85 62
85 65
85 67
85 71
85 73
85 76
85 78
85 87
87 2
87 4
87 7
87 13
87 14
87 20
87 23
87 24
87 26
87 27
87 34
87 40
87 43
87 44
87 45
87 46
87 54
87 56
87 58
87 61
87 62
87 65
87 67
87 70
87 72
87 75
87 76
87 80
87 81
88 2
88 13
88 14
88 23
88 24
88 26
88 27
88 34
88 43
88 44
88 45
88 46
88 54
88 58
88 61
88 62
88 65
88 70
88 72
88 75
88 80
88 81
