88
1 3
1 8
1 11
1 13
1 49
1 19
1 20
1 88
1 60
1 30
1 63
2 3
2 6
2 8
2 11
2 12
2 13
2 14
2 49
2 19
2 20
2 88
2 60
2 30
2 63
3 5
3 6
3 11
3 12
3 13
3 14
3 49
3 19
3 20
3 88
3 59
3 60
3 63
4 3
4 5
4 6
4 11
4 12
4 13
4 14
4 49
4 19
4 20
4 88
4 59
4 60
4 63
7 3
7 5
7 6
7 8
7 11
7 12
7 13
7 14
7 49
7 19
7 20
7 88
7 59
7 60
7 63
9 3
9 5
9 6
9 11
9 12
9 13
9 14
9 49
9 19
9 20
9 88
9 59
9 60
9 63
10 3
10 5
10 6
10 11
10 12
10 13
10 14
10 49
10 19
10 20
10 88
10 59
10 60
10 63
14 3
14 5
14 6
14 11
14 12
14 13
14 19
14 20
14 88
14 59
14 60
14 63
15 16
15 30
16 3
16 5
16 6
16 8
16 11
16 12
16 13
16 14
16 49
16 19
16 20
16 88
16 59
16 60
16 63
17 3
17 8
17 11
17 12
17 13
17 49
17 19
17 20
17 88
17 60
17 30
17 63
18 3
18 5
18 6
18 8
18 11
18 12
18 13
18 14
18 49
18 19
18 20
18 88
18 59
18 60
18 63
21 16
21 30
22 3
22 8
22 11
22 12
22 13
22 49
22 19
22 20
22 88
22 60
22 30
22 63
23 3
23 5
23 6
23 8
23 11
23 12
23 13
23 14
23 49
23 19
23 20
23 88
23 59
23 60
23 63
24 3
24 5
24 6
24 8
24 11
24 12
24 13
24 14
24 49
24 19
24 20
24 88
24 59
24 60
24 63
25 3
25 8
25 11
25 12
25 13
25 49
25 19
25 20
25 88
25 60
25 30
25 63
26 3
26 5
26 6
26 8
26 11
26 12
26 13
26 14
26 49
26 19
26 20
26 88
26 59
26 60
26 63
27 3
27 5
27 6
27 8
27 11
27 12
27 13
27 14
27 49
27 19
27 20
27 88
27 59
27 60
27 63
28 3
28 6
28 8
28 11
28 12
28 13
28 49
28 19
28 20
28 88
28 60
28 30
28 63
29 16
29 8
29 30
31 3
31 5
31 6
31 8
31 11
31 12
31 13
31 14
31 49
31 19
31 20
31 88
31 59
31 60
31 63
32 8
32 16
32 49
32 19
32 20
32 60
32 30
33 16
33 8
33 30
34 3
34 5
34 6
34 8
34 11
34 12
34 13
34 14
34 49
34 19
34 20
34 88
34 59
34 60
34 63
35 3
35 8
35 11
35 12
35 13
35 49
35 19
35 20
35 88
35 60
35 30
35 63
36 3
36 8
36 11
36 13
36 49
36 19
36 20
36 88
36 60
36 30
36 63
37 3
37 5
37 6
37 8
37 11
37 12
37 13
37 14
37 49
37 19
37 20
37 88
37 59
37 60
37 30
37 63
38 3
38 5
38 6
38 8
38 11
38 12
38 13
38 14
38 49
38 19
38 20
38 88
38 59
38 60
38 63
39 3
39 8
39 49
39 19
39 20
39 88
39 60
39 30
39 63
40 3
40 6
40 8
40 11
40 12
40 13
40 49
40 19
40 20
40 88
40 60
40 30
40 63
41 3
41 8
41 49
41 19
41 20
41 88
41 60
41 30
42 3
42 5
42 6
42 8
42 11
42 12
42 13
42 14
42 49
42 19
42 20
42 88
42 59
42 60
42 63
43 3
43 8
43 11
43 12
43 13
43 49
43 19
43 20
43 88
43 60
43 30
43 63
44 3
44 5
44 6
44 8
44 11
44 12
44 13
44 14
44 49
44 19
44 20
44 88
44 59
44 60
44 63
45 3
45 8
45 49
45 19
45 20
45 88
45 60
45 30
46 8
46 16
46 49
46 19
46 20
46 60
46 30
47 16
47 49
47 30
47 8
48 3
48 8
48 49
48 19
48 20
48 88
48 60
48 30
48 63
49 3
49 8
49 11
49 12
49 13
49 19
49 20
49 88
49 60
49 30
49 63
50 8
50 16
50 49
50 19
50 20
50 60
50 30
51 3
51 5
51 6
51 8
51 11
51 12
51 13
51 14
51 49
51 19
51 20
51 88
51 59
51 60
51 63
52 3
52 5
52 6
52 11
52 12
52 13
52 14
52 19
52 20
52 88
52 59
52 60
52 63
53 3
53 8
53 11
53 12
53 13
53 49
53 19
53 20
53 88
53 60
53 30
53 63
54 3
54 5
54 6
54 8
54 11
54 12
54 13
54 14
54 49
54 19
54 20
54 88
54 59
54 60
54 63
55 3
55 5
55 6
55 8
55 11
55 12
55 13
55 14
55 49
55 19
55 20
55 88
55 59
55 60
55 63
56 3
56 5
56 6
56 8
56 11
56 12
56 13
56 14
56 49
56 19
56 20
56 88
56 59
56 60
56 63
57 3
57 5
57 6
57 8
57 11
57 12
57 13
57 14
57 49
57 19
57 20
57 88
57 59
57 60
57 63
58 3
58 5
58 6
58 8
58 11
58 12
58 13
58 14
58 49
58 19
58 20
58 88
58 59
58 60
58 63
61 3
61 8
61 49
61 19
61 20
61 88
61 60
61 30
61 63
62 3
62 5
62 6
62 8
62 11
62 12
62 13
62 14
62 49
62 19
62 20
62 88
62 59
62 60
62 63
64 3
64 5
64 6
64 11
64 12
64 13
64 14
64 49
64 19
64 20
64 88
64 59
64 60
64 63
65 8
65 16
65 49
65 19
65 20
65 60
65 30
66 3
66 5
66 6
66 11
66 12
66 13
66 14
66 19
66 20
66 88
66 59
66 60
66 63
67 3
67 5
67 6
67 8
67 11
67 12
67 13
67 14
67 49
67 19
67 20
67 88
67 59
67 60
67 63
68 3
68 5
68 6
68 8
68 11
68 12
68 13
68 14
68 49
68 19
68 20
68 88
68 59
68 60
68 30
68 63
69 3
69 8
69 49
69 19
69 20
69 88
69 60
69 30
70 8
70 16
70 49
70 19
70 20
70 88
70 60
70 30
71 8
71 16
71 49
71 19
71 20
71 60
71 30
72 3
72 5
72 6
72 8
72 11
72 12
72 13
72 14
72 49
72 19
72 20
72 88
72 59
72 60
72 63
73 3
73 6
73 8
73 11
73 12
73 13
73 14
73 49
73 19
73 20
73 88
73 60
73 30
73 63
74 3
74 5
74 6
74 8
74 11
74 12
74 13
74 14
74 49
74 19
74 20
74 88
74 59
74 60
74 63
75 3
75 8
75 11
75 12
75 13
75 49
75 19
75 20
75 88
75 60
75 30
75 63
76 3
76 5
76 6
76 8
76 11
76 12
76 13
76 14
76 49
76 19
76 20
76 88
76 59
76 60
76 63
77 8
77 16
77 49
77 19
77 20
77 88
77 60
77 30
78 3
78 5
78 6
78 8
78 11
78 12
78 13
78 14
78 49
78 19
78 20
78 88
78 59
78 60
78 63
79 3
79 8
79 49
79 19
79 20
79 88
79 60
79 30
80 3
80 5
80 6
80 8
80 11
80 12
80 13
80 14
80 49
80 19
80 20
80 88
80 59
80 60
80 63
81 16
81 30
82 16
82 49
82 30
82 8
83 3
83 5
83 6
83 11
83 12
83 13
83 14
83 49
83 19
83 20
83 88
83 59
83 60
83 63
84 3
84 8
84 11
84 12
84 13
84 49
84 19
84 20
84 88
84 60
84 30
84 63
85 16
85 49
85 30
85 8
86 3
86 8
86 49
86 19
86 20
86 88
86 60
86 30
87 3
87 5
87 6
87 11
87 12
87 13
87 14
87 49
87 19
87 20
87 88
87 59
87 60
87 63
88 3
88 5
88 6
88 11
88 12
88 13
88 14
88 49
88 19
88 20
88 59
88 60
88 63
