88
1 34
1 7
1 8
1 41
1 45
1 31
1 48
1 54
1 27
1 63
2 34
2 5
2 39
2 77
2 21
2 23
2 88
2 59
2 28
2 61
2 31
3 35
3 4
3 37
3 38
3 71
3 9
3 42
3 76
3 78
3 80
3 49
3 52
3 56
3 68
3 58
3 62
4 35
4 68
4 37
4 71
4 72
4 9
4 42
4 75
4 76
4 47
4 49
4 29
4 51
4 56
4 58
4 74
5 40
5 17
5 43
5 14
6 40
6 1
6 60
7 64
7 3
7 36
7 44
7 17
7 83
7 85
7 87
8 25
8 66
8 57
9 24
9 73
9 69
9 30
9 53
10 24
10 50
10 67
11 57
11 50
11 67
11 6
11 79
14 34
14 5
14 39
14 45
14 77
14 21
14 23
14 59
14 28
14 61
14 31
16 15
19 26
21 66
21 67
21 6
21 79
21 25
21 57
22 32
22 33
22 69
22 70
22 65
22 72
22 73
22 46
22 47
22 84
22 53
22 55
22 30
23 34
23 7
23 8
23 41
23 45
23 31
23 48
23 54
23 27
23 63
24 2
24 36
24 5
24 39
24 77
24 83
24 21
24 23
24 88
24 59
24 28
24 61
25 32
25 35
25 37
25 71
25 72
25 74
25 75
25 76
25 46
25 47
25 49
25 51
25 55
25 56
25 58
25 29
26 2
26 36
26 39
26 87
26 83
26 23
26 88
26 59
26 61
27 3
27 43
27 44
27 14
27 17
27 85
28 64
28 2
28 36
28 87
28 83
28 23
28 88
28 61
29 32
29 33
29 37
29 70
29 65
29 72
29 74
29 75
29 46
29 47
29 51
29 84
29 22
29 55
29 56
29 58
30 2
30 36
30 39
30 87
30 83
30 23
30 88
30 59
30 61
31 34
31 7
31 8
31 41
31 45
31 48
31 54
31 27
31 63
32 80
32 38
32 7
32 8
32 41
32 45
32 48
32 52
32 54
32 27
32 62
32 63
33 32
33 65
33 37
33 70
33 72
33 74
33 75
33 46
33 47
33 51
33 84
33 22
33 55
33 56
33 29
33 30
34 32
34 33
34 70
34 65
34 72
34 73
34 74
34 46
34 47
34 51
34 84
34 53
34 22
34 55
34 30
35 4
35 38
35 7
35 9
35 42
35 71
35 76
35 78
35 80
35 49
35 52
35 54
35 41
35 68
35 62
36 35
36 4
36 38
36 7
36 9
36 42
36 71
36 76
36 78
36 80
36 49
36 52
36 68
36 62
37 2
37 36
37 39
37 87
37 83
37 23
37 88
37 59
37 61
38 80
38 7
38 8
38 41
38 45
38 48
38 52
38 54
38 27
38 62
38 63
39 80
39 4
39 38
39 7
39 8
39 9
39 42
39 78
39 48
39 52
39 54
39 41
39 27
39 62
39 63
40 35
40 4
40 37
40 71
40 9
40 42
40 75
40 76
40 78
40 47
40 49
40 29
40 51
40 56
40 68
40 58
40 74
41 35
41 4
41 38
41 7
41 9
41 42
41 71
41 78
41 80
41 49
41 52
41 54
41 68
41 62
42 34
42 59
42 5
42 8
42 31
42 45
42 77
42 48
42 21
42 27
42 28
42 63
43 34
43 59
43 5
43 8
43 31
43 45
43 77
43 48
43 21
43 27
43 28
43 63
44 34
44 59
44 5
44 8
44 31
44 45
44 77
44 48
44 21
44 27
44 28
44 63
45 35
45 4
45 38
45 7
45 9
45 42
45 71
45 78
45 80
45 49
45 52
45 54
45 41
45 68
45 62
46 34
46 59
46 5
46 31
46 45
46 77
46 21
46 27
46 28
46 63
47 34
47 59
47 5
47 8
47 31
47 45
47 77
47 48
47 21
47 27
47 28
47 63
48 35
48 68
48 37
48 71
48 72
48 9
48 42
48 75
48 76
48 47
48 49
48 29
48 51
48 56
48 58
48 74
49 80
49 34
49 38
49 7
49 8
49 41
49 45
49 48
49 52
49 54
49 27
49 62
49 63
50 34
50 59
50 5
50 45
50 77
50 21
50 27
50 28
50 31
51 2
51 36
51 5
51 39
51 77
51 83
51 23
51 88
51 59
51 28
51 61
52 1
52 60
53 32
53 33
53 37
53 70
53 65
53 72
53 74
53 75
53 46
53 47
53 51
53 84
53 22
53 55
53 56
53 58
53 29
53 30
54 32
54 33
54 37
54 70
54 65
54 72
54 74
54 75
54 46
54 47
54 51
54 22
54 55
54 56
54 58
54 29
55 64
55 2
55 3
55 36
55 44
55 83
55 85
55 87
55 88
56 35
56 4
56 38
56 7
56 9
56 42
56 71
56 76
56 78
56 80
56 49
56 52
56 68
56 62
57 2
57 36
57 5
57 39
57 77
57 83
57 21
57 23
57 88
57 59
57 28
57 61
58 34
58 7
58 8
58 41
58 45
58 31
58 48
58 21
58 54
58 27
58 28
58 63
59 40
60 34
60 5
60 39
60 77
60 21
60 23
60 59
60 28
60 61
60 31
61 80
61 38
61 7
61 8
61 41
61 45
61 48
61 52
61 54
61 27
61 62
61 63
62 35
62 68
62 37
62 71
62 9
62 42
62 75
62 76
62 78
62 47
62 49
62 29
62 51
62 56
62 58
62 74
63 5
63 39
63 77
63 21
63 23
63 88
63 59
63 28
63 61
63 31
64 32
64 33
64 69
64 70
64 65
64 73
64 46
64 84
64 53
64 22
64 24
64 30
65 2
65 36
65 39
65 87
65 83
65 23
65 88
65 61
66 3
66 43
66 44
66 14
66 17
66 85
67 35
67 4
67 38
67 71
67 9
67 42
67 76
67 78
67 80
67 49
67 52
67 56
67 68
67 58
67 62
68 2
68 36
68 5
68 39
68 77
68 83
68 21
68 23
68 88
68 59
68 28
68 61
69 2
69 36
69 39
69 87
69 83
69 23
69 88
69 59
69 61
70 2
70 36
70 5
70 39
70 77
70 83
70 21
70 23
70 88
70 59
70 28
70 61
71 80
71 38
71 7
71 8
71 41
71 45
71 48
71 52
71 54
71 27
71 62
71 63
72 2
72 36
72 5
72 39
72 77
72 83
72 21
72 23
72 88
72 59
72 28
72 61
73 34
73 59
73 5
73 31
73 45
73 77
73 21
73 27
73 28
73 63
74 34
74 5
74 39
74 77
74 21
74 23
74 59
74 28
74 61
74 31
75 57
75 50
75 67
75 6
75 79
76 35
76 68
76 37
76 71
76 72
76 74
76 75
76 47
76 49
76 51
76 55
76 56
76 58
76 29
77 35
77 4
77 37
77 71
77 9
77 42
77 75
77 76
77 78
77 80
77 49
77 52
77 56
77 68
77 58
77 29
77 62
78 5
78 39
78 77
78 21
78 23
78 88
78 59
78 28
78 61
79 32
79 33
79 37
79 65
79 72
79 74
79 75
79 76
79 46
79 47
79 51
79 22
79 55
79 56
79 58
79 29
80 34
80 5
80 8
80 41
80 77
80 31
80 45
80 48
80 21
80 54
80 27
80 28
80 63
81 12
82 1
82 60
83 35
83 4
83 37
83 71
83 9
83 42
83 75
83 76
83 78
83 80
83 49
83 52
83 56
83 68
83 58
83 29
83 62
84 64
84 2
84 36
84 83
84 87
84 88
85 32
85 37
85 71
85 72
85 74
85 75
85 76
85 46
85 47
85 49
85 51
85 55
85 56
85 58
85 29
86 35
86 4
86 38
86 71
86 9
86 42
86 76
86 78
86 80
86 49
86 52
86 56
86 68
86 58
86 62
87 35
87 4
87 38
87 7
87 9
87 42
87 71
87 76
87 78
87 80
87 49
87 52
87 68
87 62
88 80
88 4
88 38
88 7
88 8
88 9
88 42
88 78
88 48
88 52
88 54
88 41
88 68
88 62
88 63
