88
1 2
1 75
1 5
1 7
1 72
1 37
1 43
1 76
1 45
1 29
1 80
1 81
1 26
1 51
1 20
1 49
1 59
1 60
1 61
1 63
2 9
2 11
2 62
2 35
2 17
3 1
3 66
3 35
3 49
3 11
3 76
3 81
3 51
3 62
4 8
4 9
4 10
4 12
4 13
4 17
6 1
6 66
6 35
6 49
6 7
6 75
6 76
6 45
6 80
6 81
6 51
6 26
6 59
6 60
7 1
7 2
7 5
7 14
7 20
7 23
7 26
7 29
7 30
7 31
7 37
7 39
7 43
7 45
7 47
7 49
7 51
7 59
7 60
7 61
7 63
7 67
7 69
7 72
7 74
7 75
7 76
7 77
7 80
7 81
7 83
12 2
12 5
12 7
12 14
12 20
12 23
12 26
12 29
12 30
12 31
12 37
12 39
12 43
12 45
12 47
12 49
12 51
12 58
12 59
12 60
12 61
12 63
12 67
12 69
12 72
12 74
12 75
12 76
12 77
12 80
12 81
12 83
14 1
14 2
14 5
14 7
14 20
14 23
14 26
14 29
14 30
14 31
14 37
14 39
14 43
14 45
14 47
14 49
14 51
14 59
14 60
14 61
14 63
14 67
14 69
14 72
14 74
14 75
14 76
14 77
14 80
14 81
14 83
17 9
17 10
17 11
17 62
17 35
18 1
18 66
18 75
18 49
18 7
18 72
18 43
18 76
18 45
18 80
18 81
18 51
18 26
18 59
18 60
18 29
21 8
21 9
21 10
21 11
21 12
21 13
21 17
23 1
23 66
23 75
23 37
23 7
23 72
23 43
23 76
23 45
23 29
23 80
23 81
23 51
23 49
23 59
23 60
23 26
24 1
24 66
24 35
24 49
24 7
24 75
24 76
24 80
24 81
24 51
24 26
24 60
24 62
25 1
25 2
25 5
25 7
25 20
25 23
25 26
25 29
25 31
25 37
25 39
25 43
25 45
25 47
25 49
25 51
25 59
25 60
25 61
25 63
25 67
25 69
25 72
25 75
25 76
25 77
25 80
25 81
28 1
28 66
28 35
28 81
28 76
28 49
28 51
28 26
28 60
28 62
29 8
29 9
29 10
29 11
29 12
29 17
29 62
30 1
30 66
30 35
30 49
30 11
30 76
30 81
30 51
30 60
30 62
31 1
31 66
31 35
31 49
31 7
31 75
31 76
31 45
31 80
31 81
31 51
31 26
31 60
32 1
32 66
32 35
32 49
32 7
32 75
32 76
32 45
32 80
32 81
32 51
32 26
32 60
33 17
33 66
33 11
33 62
33 35
34 1
34 66
34 35
34 49
34 7
34 75
34 76
34 80
34 81
34 51
34 26
34 60
34 62
36 1
36 66
36 35
36 11
36 76
36 81
36 62
37 1
37 66
37 35
37 11
37 76
37 17
37 62
38 1
38 66
38 35
38 49
38 11
38 76
38 81
38 51
38 62
39 1
39 66
39 35
39 49
39 7
39 75
39 76
39 45
39 80
39 81
39 51
39 26
39 60
40 9
40 11
40 62
40 35
40 17
41 1
41 2
41 75
41 5
41 7
41 72
41 37
41 43
41 76
41 45
41 29
41 80
41 81
41 26
41 51
41 20
41 49
41 59
41 60
41 61
41 63
42 1
42 2
42 5
42 7
42 14
42 20
42 23
42 26
42 29
42 30
42 31
42 37
42 39
42 43
42 45
42 47
42 49
42 51
42 59
42 60
42 61
42 63
42 67
42 69
42 72
42 74
42 75
42 76
42 77
42 80
42 81
42 83
43 1
43 66
43 37
43 7
43 72
43 75
43 76
43 45
43 29
43 80
43 81
43 26
43 51
43 49
43 59
43 60
43 61
44 1
44 66
44 35
44 49
44 7
44 75
44 76
44 45
44 80
44 81
44 51
44 26
44 60
47 1
47 66
47 35
47 11
47 76
47 81
47 62
48 1
48 66
48 35
48 49
48 7
48 75
48 76
48 80
48 81
48 51
48 26
48 60
48 62
49 1
49 66
49 35
49 7
49 75
49 76
49 80
49 81
49 51
49 26
49 60
49 62
50 8
50 9
50 10
50 11
50 12
50 13
50 17
52 1
52 66
52 75
52 49
52 7
52 72
52 43
52 76
52 45
52 80
52 81
52 51
52 26
52 59
52 60
52 29
53 1
53 66
53 75
53 49
53 7
53 72
53 43
53 76
53 45
53 80
53 81
53 51
53 26
53 59
53 60
54 2
54 5
54 7
54 14
54 20
54 23
54 26
54 29
54 30
54 31
54 37
54 39
54 43
54 45
54 47
54 49
54 51
54 52
54 58
54 59
54 60
54 61
54 63
54 67
54 69
54 72
54 74
54 75
54 77
54 80
54 81
54 83
55 1
55 66
55 75
55 49
55 7
55 72
55 43
55 76
55 45
55 80
55 81
55 51
55 26
55 59
55 60
56 1
56 66
56 35
56 49
56 7
56 75
56 76
56 45
56 80
56 81
56 51
56 26
56 60
57 1
57 2
57 75
57 5
57 7
57 72
57 37
57 43
57 76
57 45
57 29
57 80
57 81
57 26
57 51
57 20
57 49
57 59
57 60
57 61
57 63
59 1
59 66
59 35
59 49
59 7
59 75
59 76
59 80
59 81
59 51
59 26
59 60
59 62
63 2
63 5
63 7
63 14
63 20
63 23
63 26
63 29
63 30
63 31
63 37
63 39
63 43
63 45
63 47
63 49
63 51
63 52
63 58
63 59
63 60
63 61
63 67
63 69
63 72
63 74
63 75
63 77
63 80
63 81
63 83
64 1
64 66
64 35
64 49
64 7
64 75
64 76
64 45
64 80
64 81
64 51
64 26
64 60
65 1
65 2
65 5
65 7
65 20
65 23
65 26
65 29
65 31
65 37
65 39
65 43
65 45
65 49
65 51
65 59
65 60
65 61
65 63
65 67
65 69
65 72
65 75
65 76
65 80
65 81
67 9
67 11
67 62
67 35
67 17
68 66
68 35
68 9
68 11
68 17
68 62
71 1
71 2
71 5
71 7
71 20
71 23
71 26
71 29
71 31
71 37
71 39
71 43
71 45
71 47
71 49
71 51
71 59
71 60
71 61
71 63
71 67
71 69
71 72
71 75
71 76
71 77
71 80
71 81
72 1
72 2
72 5
72 7
72 14
72 20
72 23
72 26
72 29
72 30
72 31
72 37
72 39
72 43
72 45
72 47
72 49
72 51
72 59
72 60
72 61
72 63
72 67
72 69
72 74
72 75
72 76
72 77
72 80
72 81
72 83
73 1
73 66
73 35
73 49
73 7
73 75
73 76
73 45
73 80
73 81
73 51
73 26
73 59
73 60
75 1
75 66
75 35
75 49
75 7
75 76
75 45
75 80
75 81
75 51
75 26
75 60
76 1
76 2
76 5
76 7
76 14
76 20
76 23
76 26
76 29
76 30
76 31
76 37
76 39
76 43
76 45
76 47
76 49
76 51
76 59
76 60
76 61
76 63
76 67
76 69
76 72
76 74
76 75
76 77
76 80
76 81
76 83
77 1
77 66
77 35
77 49
77 7
77 72
77 43
77 76
77 45
77 80
77 81
77 75
77 51
77 26
77 59
77 60
78 1
78 66
78 75
78 49
78 7
78 72
78 43
78 76
78 45
78 80
78 81
78 51
78 26
78 59
78 60
79 1
79 66
79 35
79 17
79 11
79 76
79 81
79 62
80 1
80 2
80 75
80 5
80 7
80 72
80 37
80 43
80 76
80 45
80 29
80 81
80 26
80 51
80 20
80 49
80 59
80 60
80 61
80 63
83 66
83 35
83 9
83 11
83 17
83 62
85 66
85 35
85 9
85 11
85 17
85 62
86 8
86 18
86 12
86 13
87 1
87 66
87 75
87 49
87 7
87 72
87 43
87 76
87 45
87 80
87 81
87 51
87 26
87 59
87 60
