88
1 64
1 14
1 51
1 23
1 24
1 63
2 64
2 23
2 14
2 63
3 64
3 39
3 44
3 14
3 51
3 52
3 23
3 24
3 62
3 63
6 64
6 1
6 75
6 4
6 39
6 43
6 44
6 14
6 24
6 51
6 52
6 87
6 23
6 27
6 62
6 63
7 1
7 2
7 4
7 6
7 14
7 23
7 24
7 27
7 28
7 39
7 40
7 43
7 44
7 45
7 51
7 52
7 62
7 64
7 68
7 75
7 76
7 77
7 87
8 5
8 22
8 25
8 26
8 34
8 41
8 42
8 47
8 48
8 50
8 53
8 54
8 55
8 57
8 58
8 61
8 65
8 66
8 67
8 69
8 70
8 71
8 72
8 73
8 74
8 78
8 82
8 83
8 84
8 88
9 22
9 26
9 34
9 36
9 42
9 46
9 47
9 48
9 50
9 53
9 54
9 55
9 57
9 58
9 61
9 65
9 70
9 71
9 72
9 73
9 74
9 78
9 79
9 82
9 83
9 84
9 88
10 64
10 1
10 2
10 75
10 68
10 6
10 39
10 40
10 76
10 43
10 44
10 14
10 51
10 52
10 23
10 24
10 4
10 87
10 27
10 62
11 23
11 64
11 51
11 14
11 63
12 5
12 22
12 25
12 26
12 32
12 34
12 41
12 42
12 47
12 48
12 50
12 53
12 54
12 55
12 57
12 58
12 61
12 65
12 66
12 67
12 69
12 70
12 71
12 72
12 73
12 74
12 78
12 83
12 84
12 88
13 5
13 22
13 25
13 26
13 32
13 34
13 41
13 42
13 47
13 48
13 50
13 53
13 54
13 55
13 57
13 58
13 61
13 65
13 66
13 67
13 69
13 70
13 71
13 72
13 73
13 74
13 78
13 83
13 84
13 86
13 88
15 33
15 36
15 70
15 65
15 74
15 50
15 46
15 47
15 48
15 81
15 82
15 84
15 53
15 56
15 26
15 79
17 64
17 1
17 6
17 39
17 75
17 44
17 14
17 51
17 52
17 23
17 24
17 87
17 62
17 63
19 1
19 2
19 4
19 5
19 6
19 24
19 27
19 28
19 32
19 39
19 40
19 41
19 43
19 44
19 45
19 52
19 62
19 67
19 68
19 69
19 75
19 76
19 77
19 86
19 87
21 64
21 1
21 6
21 39
21 75
21 44
21 14
21 51
21 52
21 23
21 24
21 62
21 63
22 64
22 1
22 2
22 75
22 68
22 6
22 39
22 40
22 76
22 43
22 44
22 14
22 51
22 52
22 23
22 24
22 4
22 87
22 27
22 62
22 63
25 14
25 63
26 64
26 23
26 14
26 63
29 5
29 22
29 25
29 26
29 34
29 42
29 46
29 47
29 48
29 50
29 53
29 54
29 55
29 57
29 58
29 61
29 65
29 66
29 67
29 69
29 70
29 71
29 72
29 73
29 74
29 78
29 82
29 83
29 84
29 88
30 1
30 2
30 4
30 5
30 6
30 24
30 27
30 28
30 32
30 39
30 40
30 41
30 43
30 44
30 45
30 51
30 52
30 62
30 68
30 69
30 75
30 76
30 77
30 86
30 87
31 2
31 4
31 5
31 22
31 25
31 27
31 28
31 32
31 34
31 40
31 41
31 42
31 43
31 45
31 58
31 61
31 66
31 67
31 68
31 69
31 71
31 72
31 73
31 75
31 76
31 77
31 83
31 86
31 87
31 88
32 64
32 23
32 14
32 63
34 64
34 1
34 6
34 39
34 75
34 44
34 14
34 51
34 52
34 23
34 24
34 62
34 63
35 1
35 2
35 4
35 5
35 6
35 24
35 27
35 28
35 32
35 39
35 40
35 41
35 43
35 44
35 45
35 51
35 52
35 62
35 67
35 68
35 69
35 75
35 76
35 77
35 86
35 87
36 64
36 39
36 44
36 14
36 51
36 52
36 23
36 24
36 62
36 63
37 2
37 4
37 5
37 22
37 25
37 27
37 28
37 32
37 34
37 40
37 41
37 42
37 43
37 45
37 55
37 58
37 61
37 66
37 67
37 68
37 69
37 71
37 72
37 73
37 75
37 76
37 77
37 83
37 86
37 87
37 88
38 1
38 2
38 4
38 5
38 6
38 24
38 27
38 28
38 32
38 39
38 40
38 41
38 43
38 44
38 45
38 52
38 62
38 67
38 68
38 69
38 75
38 76
38 77
38 86
38 87
39 64
39 23
39 14
39 63
42 64
42 1
42 6
42 39
42 75
42 44
42 14
42 51
42 52
42 23
42 24
42 87
42 62
42 63
44 18
44 63
45 18
45 63
46 23
46 64
46 51
46 14
46 63
47 64
47 1
47 75
47 4
47 6
47 39
47 43
47 44
47 14
47 51
47 52
47 23
47 24
47 87
47 27
47 62
47 63
48 64
48 39
48 44
48 14
48 51
48 52
48 23
48 24
48 62
48 63
49 1
49 2
49 4
49 5
49 6
49 22
49 25
49 27
49 28
49 32
49 34
49 40
49 41
49 42
49 43
49 45
49 58
49 61
49 66
49 67
49 68
49 69
49 71
49 72
49 73
49 75
49 76
49 77
49 83
49 86
49 87
49 88
50 64
50 39
50 44
50 14
50 51
50 52
50 23
50 24
50 62
50 63
52 64
52 1
52 6
52 39
52 44
52 14
52 51
52 23
52 24
52 62
52 63
54 23
54 64
54 51
54 14
54 63
58 1
58 2
58 4
58 6
58 14
58 23
58 24
58 27
58 28
58 39
58 40
58 43
58 44
58 45
58 51
58 52
58 62
58 64
58 68
58 75
58 76
58 77
58 87
59 64
59 23
59 14
59 63
60 64
60 1
60 75
60 4
60 6
60 39
60 43
60 44
60 14
60 51
60 52
60 23
60 24
60 87
60 27
60 62
60 63
63 64
63 39
63 44
63 14
63 51
63 52
63 23
63 24
63 62
64 23
64 24
64 51
64 14
64 63
67 64
67 1
67 2
67 75
67 68
67 6
67 39
67 40
67 76
67 43
67 44
67 14
67 51
67 52
67 23
67 24
67 4
67 87
67 27
67 62
67 63
68 1
68 2
68 4
68 6
68 24
68 27
68 28
68 32
68 39
68 40
68 41
68 43
68 44
68 45
68 51
68 52
68 62
68 75
68 76
68 77
68 86
68 87
69 64
69 1
69 6
69 39
69 75
69 44
69 14
69 51
69 52
69 23
69 24
69 87
69 62
69 63
70 64
70 1
70 75
70 4
70 6
70 39
70 43
70 44
70 14
70 51
70 52
70 23
70 24
70 87
70 27
70 62
70 63
71 64
71 1
71 6
71 39
71 44
71 14
71 51
71 52
71 23
71 24
71 62
71 63
72 64
72 1
72 75
72 4
72 6
72 39
72 43
72 44
72 14
72 51
72 52
72 23
72 24
72 87
72 27
72 62
72 63
73 64
73 39
73 44
73 14
73 51
73 23
73 24
73 62
73 63
74 18
74 63
77 64
77 39
77 44
77 14
77 51
77 52
77 23
77 24
77 62
77 63
78 18
78 63
79 64
79 23
79 14
79 63
80 1
80 2
80 4
80 5
80 6
80 24
80 27
80 28
80 32
80 39
80 40
80 41
80 43
80 44
80 45
80 51
80 52
80 62
80 68
80 69
80 75
80 76
80 77
80 86
80 87
81 64
81 1
81 2
81 75
81 68
81 6
81 39
81 40
81 76
81 43
81 44
81 14
81 51
81 52
81 23
81 24
81 4
81 87
81 27
81 62
81 63
83 23
83 14
83 63
87 64
87 1
87 75
87 4
87 6
87 39
87 76
87 43
87 44
87 14
87 51
87 52
87 23
87 24
87 27
87 62
87 63
88 1
88 2
88 4
88 6
88 24
88 27
88 28
88 32
88 39
88 40
88 43
88 44
88 45
88 51
88 52
88 62
88 64
88 68
88 75
88 76
88 77
88 86
88 87
