88
1 33
1 86
1 77
1 78
1 80
1 85
1 54
1 55
1 28
1 31
2 33
2 86
2 40
2 75
2 78
2 80
2 21
2 54
2 55
2 28
2 85
3 33
3 86
3 40
3 75
3 77
3 78
3 80
3 85
3 54
3 55
3 28
3 31
4 66
4 6
4 7
4 72
4 43
4 13
4 79
4 51
4 87
4 88
4 25
4 27
4 61
4 62
5 51
5 3
5 70
5 38
5 39
5 73
5 10
5 71
5 44
5 13
5 61
5 67
5 22
5 25
5 27
5 74
5 62
6 33
6 3
6 5
6 38
6 39
6 40
6 73
6 10
6 75
6 44
6 70
6 80
6 21
6 22
6 55
6 71
6 28
6 74
6 85
7 3
7 5
7 38
7 39
7 40
7 73
7 10
7 75
7 44
7 70
7 67
7 21
7 22
7 55
7 71
7 28
7 74
7 85
9 64
9 69
9 46
9 16
9 49
9 84
9 63
10 51
10 3
10 5
10 6
10 39
10 72
10 43
10 44
10 13
10 79
10 67
10 88
10 25
10 71
10 27
10 70
10 61
10 62
11 3
11 5
11 38
11 39
11 40
11 73
11 10
11 75
11 44
11 70
11 67
11 21
11 22
11 55
11 71
11 28
11 74
11 85
12 51
12 3
12 5
12 38
12 39
12 73
12 10
12 71
12 44
12 13
12 61
12 67
12 22
12 25
12 27
12 70
12 74
12 62
13 66
13 27
13 6
13 7
13 72
13 43
13 79
13 11
13 87
13 88
13 25
13 59
13 62
14 66
14 27
14 6
14 7
14 72
14 43
14 79
14 11
14 87
14 88
14 25
14 59
14 62
15 1
15 2
15 35
15 4
15 41
15 34
15 47
15 48
15 81
15 82
15 83
15 23
15 56
15 36
17 64
17 48
17 4
17 49
17 47
17 16
17 81
17 18
17 83
17 23
17 24
17 36
18 32
18 1
18 2
18 35
18 4
18 37
18 41
18 34
18 77
18 50
18 82
18 23
18 56
18 26
18 31
19 64
19 1
19 34
19 35
19 4
19 49
19 18
19 47
19 16
19 81
19 82
19 83
19 48
19 23
19 24
19 36
20 66
20 11
20 6
20 7
20 72
20 43
20 79
20 87
20 88
20 25
20 27
20 62
21 64
21 16
21 49
21 46
21 47
21 48
21 81
21 18
21 83
21 24
22 33
22 86
22 40
22 75
22 77
22 78
22 80
22 85
22 54
22 55
22 28
22 31
24 66
24 43
24 6
24 7
24 72
24 11
24 79
24 87
24 88
24 59
25 64
25 69
25 46
25 16
25 49
25 18
25 63
26 66
26 6
26 7
26 72
26 43
26 13
26 79
26 51
26 87
26 88
26 25
26 27
26 61
26 62
29 64
29 48
29 36
29 49
29 47
29 16
29 81
29 18
29 83
29 23
29 24
30 66
30 59
30 6
30 7
30 72
30 43
30 79
30 11
30 87
30 88
30 27
31 32
31 1
31 2
31 35
31 4
31 37
31 41
31 34
31 50
31 82
31 83
31 23
31 56
31 36
31 26
32 51
32 3
32 5
32 6
32 39
32 10
32 43
32 44
32 13
32 67
32 88
32 25
32 71
32 27
32 70
32 61
32 62
33 32
33 37
33 77
33 78
33 80
33 50
33 86
33 56
33 26
33 54
33 31
34 51
34 3
34 5
34 38
34 39
34 40
34 73
34 10
34 75
34 44
34 13
34 61
34 67
34 21
34 22
34 71
34 70
34 74
35 84
35 69
35 46
35 63
38 51
38 3
38 5
38 70
38 39
38 73
38 10
38 71
38 44
38 13
38 61
38 67
38 21
38 22
38 25
38 74
38 62
40 66
40 7
40 72
40 11
40 14
40 87
40 59
41 51
41 3
41 5
41 6
41 39
41 72
41 10
41 43
41 44
41 13
41 79
41 67
41 88
41 25
41 71
41 27
41 70
41 61
41 62
47 84
47 69
47 46
47 63
48 51
48 66
48 3
48 5
48 6
48 7
48 72
48 43
48 13
48 79
48 67
48 88
48 25
48 71
48 27
48 61
48 62
49 51
49 3
49 5
49 6
49 39
49 10
49 43
49 44
49 13
49 61
49 67
49 88
49 25
49 71
49 27
49 70
49 74
49 62
50 32
50 33
50 86
50 77
50 78
50 80
50 85
50 54
50 55
50 28
50 31
51 3
51 5
51 6
51 39
51 72
51 10
51 43
51 44
51 13
51 79
51 67
51 88
51 25
51 71
51 27
51 70
51 61
51 62
52 33
52 3
52 70
52 38
52 39
52 40
52 73
52 10
52 75
52 44
52 78
52 80
52 21
52 22
52 55
52 54
52 28
52 74
52 85
53 33
53 86
53 38
53 40
53 73
53 74
53 75
53 78
53 80
53 21
53 22
53 55
53 54
53 28
53 85
54 51
54 3
54 5
54 38
54 39
54 40
54 73
54 10
54 75
54 44
54 13
54 61
54 67
54 21
54 22
54 71
54 70
54 74
57 64
57 69
57 46
57 16
57 49
57 18
57 84
57 63
58 51
58 3
58 5
58 38
58 39
58 73
58 10
58 71
58 44
58 13
58 61
58 67
58 22
58 25
58 27
58 70
58 74
58 62
59 51
59 3
59 5
59 38
59 39
59 73
59 10
59 71
59 44
59 13
59 61
59 67
59 22
59 25
59 27
59 70
59 74
59 62
60 84
61 66
61 27
61 6
61 7
61 72
61 43
61 79
61 11
61 87
61 88
61 25
61 59
61 62
63 66
63 27
63 6
63 7
63 72
63 43
63 79
63 11
63 87
63 88
63 25
63 59
63 62
65 32
65 37
65 77
65 50
65 54
65 56
65 26
65 86
65 31
66 33
66 86
66 38
66 39
66 40
66 73
66 10
66 75
66 78
66 80
66 21
66 22
66 55
66 54
66 28
66 74
66 85
67 64
67 69
67 46
67 16
67 49
67 84
67 63
68 84
68 69
68 46
68 63
71 32
71 1
71 2
71 35
71 4
71 37
71 41
71 34
71 48
71 50
71 82
71 83
71 23
71 56
71 36
71 26
72 33
72 3
72 70
72 38
72 39
72 40
72 73
72 10
72 75
72 44
72 78
72 80
72 21
72 22
72 55
72 54
72 28
72 74
72 85
73 32
73 1
73 2
73 35
73 4
73 37
73 41
73 34
73 50
73 82
73 23
73 56
73 36
73 26
73 31
74 51
74 66
74 3
74 5
74 6
74 7
74 72
74 43
74 13
74 79
74 67
74 88
74 25
74 71
74 27
74 61
74 62
75 51
75 3
75 5
75 38
75 39
75 40
75 73
75 10
75 71
75 44
75 13
75 61
75 67
75 21
75 22
75 70
75 74
76 32
76 1
76 2
76 35
76 4
76 37
76 41
76 34
76 50
76 82
76 23
76 56
76 36
76 26
76 31
77 51
77 3
77 5
77 38
77 39
77 40
77 73
77 10
77 75
77 44
77 13
77 61
77 67
77 21
77 22
77 71
77 70
77 74
78 66
78 6
78 7
78 72
78 43
78 13
78 79
78 51
78 87
78 88
78 25
78 27
78 61
78 62
79 64
79 16
79 49
79 46
79 47
79 48
79 81
79 18
79 83
79 24
80 51
80 3
80 5
80 38
80 39
80 73
80 10
80 43
80 44
80 13
80 61
80 67
80 22
80 25
80 71
80 27
80 70
80 74
80 62
83 84
83 69
85 51
85 3
85 5
85 38
85 39
85 73
85 10
85 71
85 44
85 13
85 61
85 67
85 21
85 22
85 25
85 70
85 74
85 62
87 33
87 86
87 38
87 40
87 73
87 74
87 75
87 78
87 80
87 21
87 22
87 55
87 54
87 28
87 85
88 51
88 66
88 3
88 5
88 6
88 7
88 72
88 43
88 13
88 79
88 67
88 25
88 71
88 27
88 70
88 61
88 62
