88
1 35
1 4
1 6
1 43
1 49
1 83
1 85
1 22
1 29
2 32
2 1
2 35
2 36
2 86
2 6
2 39
2 9
2 10
2 11
2 47
2 81
2 22
2 25
2 27
2 29
2 63
3 32
3 1
3 2
3 11
3 36
3 5
3 7
3 9
3 10
3 39
3 63
3 47
3 81
3 86
3 25
3 57
3 27
3 29
3 69
5 32
5 1
5 3
5 37
5 7
5 8
5 9
5 10
5 71
5 12
5 77
5 48
5 40
5 75
5 24
5 57
5 33
5 59
5 58
5 69
7 32
7 1
7 2
7 35
7 36
7 86
7 6
7 39
7 9
7 10
7 11
7 47
7 81
7 22
7 25
7 27
7 29
7 63
8 32
8 1
8 2
8 11
8 36
8 5
8 7
8 9
8 10
8 39
8 63
8 47
8 81
8 86
8 25
8 57
8 27
8 29
8 69
9 3
9 5
9 7
9 8
9 12
9 15
9 21
9 24
9 33
9 37
9 40
9 48
9 50
9 57
9 58
9 59
9 66
9 69
9 71
9 75
9 77
9 80
10 32
10 1
10 3
10 5
10 7
10 8
10 9
10 39
10 12
10 77
10 47
10 71
10 75
10 86
10 57
10 33
10 59
10 69
11 32
11 1
11 2
11 36
11 5
11 7
11 9
11 10
11 39
11 63
11 47
11 81
11 86
11 25
11 57
11 27
11 29
11 69
12 33
12 66
12 3
12 37
12 71
12 8
12 41
12 74
12 75
12 77
12 80
12 15
12 48
12 40
12 50
12 21
12 24
12 58
12 59
12 69
13 33
13 66
13 3
13 37
13 7
13 8
13 80
13 71
13 12
13 77
13 15
13 48
13 50
13 75
13 21
13 40
13 24
13 58
13 59
13 69
14 1
14 3
14 5
14 7
14 8
14 9
14 12
14 15
14 21
14 24
14 33
14 37
14 40
14 48
14 50
14 57
14 58
14 59
14 69
14 71
14 75
14 77
14 80
15 32
15 1
15 3
15 48
15 5
15 7
15 8
15 9
15 10
15 39
15 12
15 77
15 71
15 40
15 75
15 86
15 24
15 57
15 33
15 59
15 69
20 3
20 5
20 7
20 8
20 12
20 15
20 21
20 24
20 33
20 37
20 40
20 48
20 50
20 57
20 58
20 59
20 66
20 69
20 71
20 75
20 77
20 80
21 32
21 1
21 2
21 35
21 36
21 86
21 6
21 39
21 9
21 10
21 11
21 47
21 81
21 22
21 25
21 27
21 29
21 63
22 32
22 1
22 2
22 11
22 36
22 5
22 7
22 9
22 10
22 39
22 59
22 77
22 63
22 47
22 81
22 86
22 25
22 57
22 71
22 27
22 69
23 35
23 4
23 6
23 43
23 49
23 83
23 85
23 22
23 29
24 32
24 1
24 2
24 11
24 36
24 5
24 7
24 9
24 10
24 39
24 59
24 63
24 47
24 81
24 86
24 25
24 57
24 71
24 27
24 69
28 35
28 4
28 6
28 43
28 49
28 83
28 85
28 22
30 31
31 33
31 66
31 3
31 37
31 7
31 8
31 41
31 71
31 12
31 77
31 80
31 15
31 48
31 50
31 75
31 21
31 40
31 24
31 58
31 59
31 69
32 1
32 71
32 36
32 5
32 7
32 8
32 9
32 10
32 39
32 59
32 77
32 63
32 47
32 81
32 86
32 57
32 33
32 27
32 69
36 32
36 1
36 2
36 35
36 5
36 6
36 7
36 9
36 10
36 11
36 63
36 47
36 81
36 86
36 25
36 57
36 27
36 29
36 39
36 69
37 32
37 1
37 71
37 36
37 5
37 7
37 8
37 9
37 10
37 39
37 12
37 77
37 63
37 47
37 81
37 86
37 57
37 33
37 27
37 59
37 69
38 83
38 31
40 32
40 2
40 35
40 36
40 49
40 6
40 39
40 10
40 11
40 47
40 81
40 22
40 25
40 27
40 86
40 29
40 63
41 1
41 3
41 5
41 7
41 8
41 9
41 10
41 12
41 24
41 32
41 33
41 37
41 39
41 40
41 48
41 57
41 58
41 59
41 69
41 71
41 75
41 77
42 2
42 35
42 4
42 6
42 49
42 11
42 43
42 81
42 85
42 22
42 25
42 36
42 27
42 29
42 63
44 2
44 35
44 36
44 49
44 6
44 39
44 11
44 47
44 81
44 85
44 22
44 25
44 27
44 86
44 29
44 63
45 35
45 4
45 6
45 43
45 49
45 83
45 85
45 22
45 25
45 29
46 31
47 32
47 1
47 3
47 5
47 7
47 8
47 9
47 10
47 39
47 12
47 77
47 63
47 71
47 86
47 57
47 33
47 59
47 69
48 83
48 43
48 4
48 85
48 31
50 83
50 31
51 83
51 31
54 1
54 3
54 5
54 7
54 8
54 9
54 10
54 12
54 24
54 32
54 33
54 37
54 39
54 40
54 48
54 57
54 59
54 69
54 71
54 75
54 77
54 86
56 2
56 35
56 4
56 6
56 11
56 43
56 49
56 83
56 85
56 22
56 25
56 29
57 2
57 35
57 4
57 6
57 11
57 43
57 49
57 83
57 85
57 22
57 25
57 29
58 32
58 1
58 3
58 5
58 7
58 8
58 9
58 10
58 71
58 12
58 77
58 15
58 48
58 40
58 75
58 24
58 57
58 33
58 59
58 69
58 37
59 32
59 2
59 35
59 36
59 49
59 6
59 39
59 10
59 11
59 47
59 81
59 22
59 25
59 27
59 86
59 29
59 63
60 32
60 1
60 3
60 5
60 7
60 8
60 9
60 10
60 39
60 12
60 77
60 47
60 71
60 40
60 75
60 86
60 57
60 33
60 59
60 69
61 2
61 35
61 4
61 6
61 11
61 43
61 49
61 83
61 85
61 22
61 25
61 29
62 2
62 35
62 36
62 6
62 49
62 11
62 47
62 81
62 85
62 22
62 25
62 27
62 29
62 63
63 32
63 1
63 3
63 5
63 7
63 8
63 9
63 10
63 71
63 12
63 77
63 48
63 40
63 75
63 24
63 57
63 33
63 59
63 58
63 69
63 37
64 2
64 35
64 4
64 6
64 11
64 43
64 49
64 83
64 85
64 22
64 25
64 27
64 29
66 83
66 43
66 4
66 31
70 49
70 83
70 43
70 4
70 85
71 32
71 1
71 3
71 36
71 5
71 39
71 8
71 9
71 10
71 7
71 12
71 77
71 63
71 47
71 86
71 57
71 33
71 59
71 69
73 31
74 2
74 35
74 36
74 86
74 6
74 49
74 11
74 47
74 81
74 85
74 22
74 25
74 27
74 29
74 63
77 33
77 66
77 3
77 37
77 7
77 8
77 41
77 71
77 12
77 50
77 80
77 15
77 48
77 40
77 75
77 21
77 24
77 58
77 59
77 69
78 2
78 35
78 4
78 6
78 49
78 11
78 43
78 81
78 85
78 22
78 25
78 36
78 27
78 29
78 63
80 2
80 35
80 4
80 6
80 49
80 11
80 43
80 81
80 85
80 22
80 25
80 27
80 29
84 32
84 2
84 35
84 36
84 49
84 6
84 39
84 10
84 11
84 47
84 81
84 22
84 25
84 27
84 86
84 29
84 63
85 3
85 5
85 7
85 8
85 12
85 15
85 21
85 24
85 33
85 37
85 40
85 48
85 50
85 57
85 58
85 59
85 66
85 69
85 71
85 75
85 77
85 80
86 1
86 3
86 5
86 7
86 8
86 9
86 10
86 12
86 15
86 24
86 32
86 33
86 37
86 40
86 48
86 57
86 58
86 59
86 69
86 71
86 75
86 77
87 35
87 4
87 6
87 43
87 49
87 83
87 85
87 22
88 33
88 66
88 3
88 37
88 7
88 8
88 41
88 71
88 12
88 77
88 80
88 15
88 48
88 50
88 75
88 21
88 40
88 24
88 58
88 59
88 69
