88
1 69
1 28
1 44
1 78
1 49
1 50
1 84
1 57
1 60
2 19
2 84
2 34
2 3
2 36
2 69
2 70
2 72
2 28
2 11
2 44
2 45
2 80
2 50
2 35
2 20
2 53
2 57
2 60
4 19
4 64
4 34
4 3
4 70
4 6
4 72
4 10
4 11
4 45
4 46
4 80
4 81
4 82
4 35
4 20
5 56
5 41
5 14
5 71
7 56
7 41
7 5
7 14
8 3
8 36
8 69
8 70
8 72
8 28
8 44
8 45
8 78
8 50
8 35
8 84
8 53
8 57
8 60
9 19
9 64
9 34
9 3
9 70
9 6
9 72
9 10
9 11
9 45
9 46
9 80
9 81
9 82
9 35
9 20
10 5
10 6
10 71
10 41
10 74
10 14
10 73
10 56
10 59
11 5
11 6
11 71
11 41
11 74
11 14
11 73
11 56
11 59
12 3
12 36
12 69
12 70
12 28
12 44
12 78
12 50
12 84
12 53
12 57
12 60
13 19
13 64
13 34
13 3
13 36
13 70
13 72
13 10
13 11
13 45
13 46
13 80
13 82
13 35
13 20
13 53
13 28
15 19
15 84
15 35
15 36
15 69
15 70
15 72
15 28
15 44
15 45
15 80
15 50
15 3
15 20
15 53
15 57
15 60
16 3
16 36
16 69
16 70
16 72
16 28
16 44
16 45
16 78
16 50
16 35
16 84
16 53
16 57
16 60
17 86
20 56
20 41
20 14
21 64
21 5
21 6
21 71
21 73
21 10
21 46
21 81
21 82
21 56
21 59
21 74
22 5
22 6
22 71
22 41
22 74
22 14
22 81
22 73
22 56
22 59
23 19
23 84
23 35
23 36
23 69
23 70
23 72
23 28
23 44
23 45
23 80
23 50
23 3
23 20
23 53
23 57
23 60
24 64
24 34
24 6
24 71
24 73
24 10
24 11
24 46
24 80
24 81
24 82
24 19
24 20
24 59
24 74
25 5
25 71
25 41
25 14
25 56
25 59
26 64
26 5
26 6
26 71
26 41
26 10
26 46
26 81
26 73
26 56
26 59
26 74
29 22
29 69
29 44
29 78
29 49
29 50
29 84
29 54
29 57
29 26
29 60
30 19
30 84
30 35
30 36
30 69
30 70
30 72
30 28
30 44
30 45
30 80
30 50
30 3
30 20
30 53
30 57
30 60
31 19
31 64
31 34
31 3
31 36
31 70
31 6
31 72
31 10
31 11
31 45
31 46
31 80
31 81
31 82
31 35
31 20
31 53
32 69
32 28
32 44
32 78
32 49
32 50
32 84
32 57
32 60
33 5
33 71
33 41
33 74
33 14
33 73
33 56
33 59
34 64
34 5
34 6
34 71
34 41
34 10
34 46
34 81
34 73
34 56
34 59
34 74
35 64
35 34
35 6
35 73
35 10
35 11
35 46
35 80
35 81
35 82
35 19
35 20
35 59
35 74
36 19
36 64
36 34
36 3
36 70
36 72
36 10
36 11
36 45
36 46
36 80
36 82
36 35
36 20
36 53
36 28
37 19
37 64
37 34
37 3
37 36
37 70
37 72
37 10
37 11
37 45
37 46
37 80
37 82
37 35
37 20
37 53
37 28
38 64
38 34
38 6
38 72
38 73
38 10
38 11
38 45
38 46
38 80
38 81
38 82
38 19
38 20
38 59
38 74
39 64
39 5
39 6
39 71
39 41
39 10
39 46
39 81
39 82
39 73
39 56
39 59
39 74
40 19
40 64
40 34
40 3
40 70
40 6
40 72
40 73
40 10
40 11
40 45
40 46
40 80
40 81
40 82
40 35
40 20
40 74
41 14
42 64
42 34
42 6
42 71
42 73
42 10
42 11
42 46
42 80
42 81
42 82
42 19
42 20
42 59
42 74
43 64
43 5
43 6
43 71
43 41
43 10
43 46
43 81
43 73
43 56
43 59
43 74
45 64
45 34
45 5
45 6
45 71
45 73
45 10
45 11
45 46
45 81
45 82
45 56
45 59
45 74
46 56
46 41
46 5
46 14
46 71
47 64
47 34
47 5
47 6
47 71
47 73
47 10
47 46
47 81
47 82
47 56
47 59
47 74
48 64
48 34
48 6
48 71
48 73
48 10
48 11
48 46
48 80
48 81
48 82
48 19
48 20
48 59
48 74
50 64
50 5
50 6
50 71
50 73
50 10
50 46
50 81
50 82
50 56
50 59
50 74
52 3
52 36
52 69
52 70
52 72
52 28
52 44
52 45
52 78
52 50
52 35
52 84
52 53
52 57
52 60
53 56
53 41
53 5
53 14
55 64
55 34
55 5
55 6
55 71
55 73
55 10
55 46
55 81
55 82
55 56
55 59
55 74
56 5
56 6
56 71
56 41
56 74
56 14
56 73
56 59
58 19
58 64
58 34
58 3
58 36
58 70
58 72
58 10
58 11
58 45
58 46
58 80
58 81
58 82
58 35
58 20
58 53
59 5
59 6
59 71
59 41
59 74
59 14
59 81
59 73
59 56
61 19
61 64
61 34
61 3
61 36
61 70
61 72
61 10
61 11
61 45
61 46
61 80
61 81
61 82
61 35
61 20
61 53
62 64
62 34
62 6
62 71
62 73
62 10
62 11
62 46
62 80
62 81
62 82
62 19
62 20
62 59
62 74
63 64
63 34
63 6
63 71
63 73
63 10
63 11
63 46
63 80
63 81
63 82
63 19
63 20
63 59
63 74
64 5
64 6
64 71
64 41
64 10
64 46
64 81
64 73
64 56
64 59
64 74
65 19
65 64
65 34
65 3
65 6
65 72
65 73
65 10
65 11
65 45
65 46
65 80
65 81
65 82
65 35
65 20
65 59
65 74
66 19
66 34
66 3
66 36
66 70
66 72
66 28
66 11
66 45
66 80
66 82
66 35
66 20
66 53
66 60
67 64
67 34
67 5
67 6
67 71
67 73
67 10
67 11
67 46
67 81
67 82
67 56
67 59
67 74
68 69
68 44
68 78
68 49
68 50
68 84
68 22
68 57
68 26
68 60
69 19
69 64
69 34
69 3
69 36
69 70
69 72
69 10
69 11
69 45
69 46
69 80
69 81
69 82
69 35
69 20
69 53
69 28
70 64
70 5
70 6
70 71
70 41
70 10
70 46
70 81
70 73
70 56
70 59
70 74
71 56
71 41
71 5
71 14
72 19
72 64
72 34
72 3
72 70
72 6
72 73
72 10
72 11
72 45
72 46
72 80
72 81
72 82
72 35
72 20
72 74
73 5
73 71
73 41
73 74
73 14
73 56
73 59
74 5
74 6
74 71
74 41
74 14
74 73
74 56
74 59
75 22
75 69
75 44
75 78
75 49
75 50
75 84
75 54
75 57
75 26
75 60
76 64
76 5
76 6
76 71
76 41
76 10
76 46
76 81
76 73
76 56
76 59
76 74
77 64
77 34
77 35
77 6
77 72
77 73
77 10
77 11
77 45
77 46
77 80
77 81
77 82
77 19
77 20
77 59
77 74
78 5
78 6
78 71
78 41
78 74
78 14
78 81
78 73
78 56
78 59
79 64
79 34
79 5
79 6
79 71
79 73
79 10
79 11
79 46
79 81
79 82
79 56
79 59
79 74
80 56
80 41
80 5
80 14
80 71
81 5
81 6
81 71
81 41
81 74
81 14
81 73
81 56
81 59
84 19
84 34
84 3
84 36
84 70
84 72
84 11
84 45
84 80
84 82
84 35
84 20
84 53
84 28
85 19
85 34
85 3
85 36
85 70
85 72
85 11
85 45
85 80
85 82
85 35
85 20
85 53
85 28
86 22
86 69
86 44
86 78
86 49
86 50
86 84
86 54
86 57
86 26
86 60
87 64
87 5
87 6
87 71
87 41
87 10
87 46
87 81
87 82
87 73
87 56
87 59
87 74
88 5
88 6
88 71
88 41
88 74
88 81
88 73
88 56
88 59
