88
1 65
1 35
1 36
1 70
1 81
1 40
1 73
1 74
1 75
1 76
1 77
1 80
1 72
1 53
1 58
1 21
2 65
2 35
2 36
2 70
2 81
2 40
2 73
2 74
2 75
2 76
2 77
2 80
2 72
2 53
2 58
2 21
3 64
3 1
3 34
3 68
3 6
3 32
3 41
3 44
3 48
3 86
3 87
3 26
3 31
4 32
4 1
4 34
4 41
4 11
4 14
4 48
4 56
4 25
4 27
5 88
5 42
5 43
5 28
5 78
6 42
6 43
6 78
6 20
6 88
6 28
7 24
7 20
7 19
7 60
7 39
8 65
8 36
8 70
8 7
8 40
8 73
8 74
8 76
8 45
8 77
8 80
8 81
8 50
8 53
8 54
8 72
8 58
8 85
8 63
9 39
9 28
9 42
9 19
9 20
9 24
9 60
10 65
10 35
10 40
10 73
10 75
10 76
10 46
10 80
10 81
10 82
10 21
10 62
11 3
11 36
11 54
11 70
11 7
11 72
11 73
11 74
11 45
11 77
11 81
11 50
11 67
11 85
11 22
11 58
11 63
11 53
12 2
12 51
12 69
13 2
13 69
14 32
14 1
14 34
14 68
14 6
14 41
14 11
14 44
14 48
14 87
14 56
14 25
14 27
15 33
17 59
17 12
18 66
18 5
18 47
18 52
18 23
18 57
19 24
19 60
19 42
19 20
19 39
20 24
20 19
20 60
20 61
20 39
21 65
21 35
21 36
21 81
21 40
21 73
21 74
21 75
21 76
21 77
21 46
21 80
21 72
21 58
21 62
22 64
22 1
22 68
22 6
22 38
22 32
22 41
22 44
22 48
22 82
22 86
22 87
22 26
22 31
23 59
24 39
24 28
24 42
24 43
24 19
24 20
24 60
25 4
25 84
25 55
26 65
26 35
26 40
26 73
26 10
26 75
26 76
26 46
26 80
26 81
26 82
26 21
26 62
27 88
27 42
27 43
27 28
27 78
28 32
28 1
28 34
28 41
28 11
28 14
28 48
28 56
28 25
28 27
29 3
29 37
29 47
29 49
29 22
29 23
29 57
29 5
30 24
30 20
30 19
30 60
30 39
31 32
31 1
31 34
31 41
31 11
31 44
31 14
31 48
31 87
31 56
31 25
31 27
32 67
32 36
32 54
32 70
32 7
32 72
32 73
32 74
32 45
32 77
32 81
32 50
32 85
32 22
32 58
32 63
32 53
33 69
33 71
34 64
34 1
34 68
34 38
34 6
34 32
34 41
34 10
34 44
34 48
34 82
34 86
34 87
34 26
34 31
35 65
35 36
35 70
35 81
35 40
35 73
35 74
35 76
35 77
35 80
35 72
35 50
35 53
35 54
35 58
35 63
36 65
36 35
36 40
36 73
36 10
36 75
36 76
36 46
36 80
36 81
36 82
36 21
36 62
37 67
37 54
37 7
37 45
37 49
37 50
37 3
37 53
37 22
37 63
37 85
38 66
38 4
38 23
38 84
38 55
38 52
39 65
39 35
39 40
39 73
39 10
39 75
39 76
39 46
39 80
39 81
39 82
39 21
39 62
40 39
40 42
40 19
40 20
40 24
40 60
41 65
41 35
41 36
41 70
41 81
41 40
41 73
41 74
41 76
41 77
41 80
41 72
41 50
41 53
41 54
41 58
42 65
42 35
42 36
42 70
42 7
42 40
42 73
42 74
42 76
42 45
42 77
42 80
42 81
42 50
42 53
42 54
42 72
42 58
42 85
42 63
43 65
43 35
43 38
43 40
43 73
43 10
43 75
43 76
43 46
43 80
43 81
43 82
43 21
43 62
44 39
44 79
44 19
44 24
44 60
44 61
45 3
45 37
45 47
45 49
45 22
45 23
45 57
45 5
46 65
46 35
46 36
46 70
46 81
46 40
46 73
46 74
46 75
46 76
46 77
46 80
46 72
46 50
46 53
46 54
46 58
47 64
47 1
47 68
47 6
47 38
47 32
47 41
47 44
47 48
47 86
47 87
47 26
47 31
48 65
48 36
48 70
48 7
48 40
48 73
48 74
48 76
48 45
48 77
48 80
48 81
48 50
48 53
48 54
48 72
48 58
48 85
48 63
49 84
49 66
49 52
49 4
49 55
51 39
51 42
51 43
51 78
51 19
51 20
51 24
51 28
52 8
52 12
53 66
53 4
53 5
53 47
53 52
53 23
53 57
54 64
54 38
54 10
54 75
54 46
54 82
54 21
54 86
54 26
54 62
54 31
55 64
55 68
55 6
55 38
55 10
55 75
55 44
55 46
55 82
55 21
55 86
55 87
55 26
55 62
55 31
56 66
56 4
56 5
56 23
56 52
56 55
57 8
57 61
57 79
58 64
58 35
58 38
58 10
58 75
58 46
58 82
58 21
58 86
58 26
58 62
58 31
59 4
59 84
59 55
60 65
60 67
60 36
60 70
60 7
60 72
60 73
60 74
60 45
60 77
60 81
60 50
60 53
60 54
60 58
60 85
60 63
61 64
61 1
61 68
61 6
61 38
61 32
61 41
61 44
61 48
61 82
61 86
61 87
61 26
61 31
62 60
62 61
62 79
63 39
63 19
63 60
63 61
63 79
64 1
64 34
64 41
64 11
64 14
64 48
64 56
64 88
64 25
64 27
65 67
65 36
65 70
65 7
65 72
65 73
65 74
65 45
65 77
65 81
65 50
65 85
65 54
65 58
65 63
65 53
66 64
66 65
66 35
66 38
66 40
66 73
66 10
66 75
66 76
66 46
66 80
66 81
66 82
66 21
66 62
66 31
67 34
67 43
67 11
67 78
67 56
67 14
67 88
67 25
67 27
67 28
68 42
68 43
68 78
68 24
68 19
68 20
68 88
68 28
69 34
69 43
69 11
69 78
69 56
69 14
69 88
69 25
69 27
70 34
70 43
70 11
70 78
70 56
70 14
70 88
70 25
70 27
70 28
71 64
71 65
71 35
71 38
71 40
71 73
71 10
71 75
71 76
71 46
71 80
71 81
71 82
71 21
71 62
71 31
72 67
72 37
72 70
72 7
72 54
72 45
72 49
72 50
72 3
72 53
72 22
72 63
72 85
73 65
73 35
73 36
73 70
73 81
73 40
73 74
73 76
73 77
73 80
73 72
73 50
73 53
73 54
73 58
73 63
74 3
74 36
74 54
74 70
74 7
74 72
74 77
74 45
74 50
74 67
74 85
74 22
74 58
74 63
74 53
75 60
75 61
75 79
76 32
76 1
76 34
76 41
76 11
76 44
76 14
76 48
76 87
76 56
76 25
76 27
77 64
77 1
77 68
77 6
77 38
77 32
77 41
77 44
77 48
77 86
77 87
77 26
77 31
78 67
78 36
78 54
78 70
78 7
78 72
78 73
78 74
78 45
78 77
78 81
78 50
78 85
78 22
78 58
78 63
78 53
79 3
79 37
79 70
79 7
79 54
79 45
79 49
79 50
79 67
79 85
79 22
79 58
79 63
79 53
80 32
80 1
80 34
80 68
80 6
80 41
80 44
80 48
80 86
80 87
80 26
80 31
81 69
81 71
82 65
82 35
82 38
82 40
82 73
82 10
82 75
82 76
82 46
82 80
82 81
82 21
82 62
83 67
83 36
83 54
83 70
83 7
83 72
83 73
83 74
83 45
83 77
83 81
83 50
83 85
83 22
83 58
83 63
83 53
84 64
84 65
84 35
84 38
84 40
84 10
84 75
84 76
84 46
84 80
84 82
84 21
84 62
84 31
85 8
85 79
86 32
86 1
86 34
86 68
86 6
86 41
86 11
86 44
86 14
86 48
86 87
86 56
86 25
86 27
87 64
87 35
87 38
87 40
87 10
87 75
87 46
87 80
87 82
87 21
87 86
87 26
87 62
87 31
88 64
88 65
88 35
88 38
88 40
88 10
88 75
88 76
88 46
88 80
88 82
88 21
88 62
88 31
