88
1 65
1 3
1 36
1 69
1 72
1 74
1 13
1 15
1 80
1 82
1 35
1 20
1 54
1 87
1 31
1 37
1 5
2 35
2 36
2 5
2 72
2 15
2 82
2 3
2 84
2 54
2 87
2 20
2 31
2 37
4 65
4 3
4 36
4 69
4 72
4 74
4 13
4 15
4 82
4 35
4 20
4 54
4 87
4 31
4 37
4 5
6 65
6 3
6 36
6 69
6 72
6 74
6 13
6 15
6 80
6 82
6 35
6 20
6 54
6 87
6 31
6 37
6 5
7 65
7 35
7 36
7 37
7 72
7 74
7 13
7 15
7 80
7 82
7 3
7 20
7 54
7 87
7 31
7 69
9 65
9 3
9 36
9 5
9 72
9 13
9 15
9 82
9 35
9 84
9 54
9 87
9 20
9 31
9 37
10 65
10 3
10 36
10 69
10 72
10 74
10 13
10 15
10 80
10 82
10 35
10 20
10 54
10 87
10 31
10 37
10 5
11 65
11 3
11 36
11 69
11 72
11 74
11 13
11 15
11 80
11 82
11 35
11 20
11 54
11 87
11 31
11 37
11 5
14 65
14 35
14 36
14 37
14 72
14 74
14 13
14 15
14 80
14 82
14 3
14 20
14 54
14 87
14 31
14 69
15 65
15 3
15 36
15 37
15 72
15 74
15 13
15 80
15 82
15 35
15 20
15 54
15 87
15 31
15 69
16 65
16 3
16 36
16 5
16 72
16 13
16 15
16 82
16 35
16 84
16 54
16 87
16 20
16 31
16 37
19 3
19 36
19 5
19 84
19 87
19 20
19 31
19 37
21 65
21 3
21 36
21 69
21 72
21 74
21 13
21 15
21 80
21 82
21 35
21 20
21 54
21 87
21 31
21 37
21 5
22 3
22 36
22 5
22 84
22 87
22 20
22 31
22 37
24 65
24 3
24 36
24 5
24 72
24 13
24 15
24 82
24 35
24 84
24 54
24 87
24 20
24 31
24 37
27 65
27 3
27 36
27 5
27 72
27 13
27 15
27 82
27 35
27 84
27 54
27 87
27 20
27 31
27 37
28 65
28 3
28 36
28 5
28 72
28 13
28 15
28 82
28 35
28 84
28 54
28 87
28 20
28 31
28 37
29 3
29 36
29 5
29 84
29 87
29 20
29 31
29 37
30 3
30 36
30 5
30 84
30 87
30 20
30 31
30 37
32 65
32 35
32 36
32 37
32 72
32 74
32 13
32 15
32 80
32 82
32 3
32 20
32 54
32 87
32 31
32 69
33 3
33 36
33 5
33 84
33 87
33 20
33 31
33 37
34 65
34 3
34 36
34 5
34 72
34 13
34 15
34 82
34 35
34 84
34 54
34 87
34 20
34 31
34 37
36 65
36 35
36 37
36 72
36 74
36 13
36 15
36 80
36 82
36 3
36 20
36 54
36 87
36 31
36 69
38 65
38 35
38 36
38 5
38 72
38 15
38 82
38 3
38 84
38 54
38 87
38 20
38 31
38 37
39 65
39 35
39 36
39 37
39 72
39 74
39 13
39 15
39 80
39 82
39 3
39 20
39 54
39 87
39 31
39 69
40 65
40 3
40 36
40 69
40 72
40 74
40 13
40 15
40 80
40 82
40 35
40 20
40 54
40 87
40 31
40 37
40 5
41 65
41 3
41 36
41 69
41 72
41 74
41 13
41 15
41 80
41 82
41 35
41 20
41 54
41 87
41 31
41 37
41 5
42 65
42 35
42 36
42 37
42 72
42 74
42 13
42 15
42 80
42 82
42 3
42 20
42 54
42 87
42 31
42 69
43 65
43 3
43 36
43 69
43 72
43 74
43 13
43 15
43 80
43 82
43 35
43 20
43 54
43 87
43 31
43 37
43 5
44 3
44 36
44 5
44 84
44 87
44 20
44 31
44 37
45 65
45 35
45 36
45 37
45 72
45 74
45 13
45 15
45 80
45 82
45 3
45 20
45 54
45 87
45 31
45 69
46 65
46 3
46 36
46 5
46 72
46 74
46 13
46 15
46 82
46 35
46 20
46 54
46 87
46 31
46 37
47 65
47 35
47 36
47 37
47 72
47 74
47 13
47 15
47 80
47 82
47 3
47 20
47 54
47 87
47 31
47 69
48 65
48 35
48 36
48 37
48 72
48 74
48 13
48 15
48 80
48 82
48 3
48 20
48 54
48 87
48 31
48 69
49 65
49 3
49 36
49 5
49 72
49 13
49 15
49 82
49 35
49 84
49 54
49 87
49 20
49 31
49 37
50 65
50 35
50 36
50 5
50 72
50 15
50 82
50 3
50 84
50 54
50 87
50 20
50 31
50 37
52 65
52 35
52 36
52 37
52 72
52 74
52 13
52 15
52 80
52 82
52 3
52 20
52 54
52 87
52 31
52 69
53 65
53 35
53 36
53 37
53 72
53 74
53 13
53 15
53 80
53 82
53 3
53 20
53 54
53 87
53 31
53 69
55 65
55 3
55 36
55 69
55 72
55 74
55 13
55 15
55 80
55 82
55 35
55 20
55 54
55 87
55 31
55 37
55 5
56 65
56 35
56 36
56 37
56 72
56 74
56 13
56 15
56 80
56 82
56 3
56 20
56 54
56 87
56 31
56 69
58 65
58 35
58 36
58 37
58 72
58 74
58 13
58 15
58 80
58 82
58 3
58 20
58 54
58 87
58 31
58 69
59 65
59 3
59 36
59 5
59 72
59 13
59 15
59 82
59 35
59 84
59 54
59 87
59 20
59 31
59 37
60 65
60 3
60 36
60 69
60 72
60 74
60 13
60 15
60 80
60 82
60 35
60 20
60 54
60 87
60 31
60 37
60 5
61 65
61 3
61 36
61 69
61 72
61 74
61 13
61 15
61 80
61 82
61 35
61 20
61 54
61 87
61 31
61 37
61 5
62 65
62 3
62 36
62 69
62 72
62 74
62 13
62 15
62 80
62 82
62 35
62 20
62 54
62 87
62 31
62 37
62 5
63 65
63 35
63 36
63 37
63 72
63 74
63 13
63 15
63 80
63 82
63 3
63 20
63 54
63 87
63 31
63 69
64 65
64 3
64 36
64 69
64 72
64 74
64 13
64 15
64 80
64 82
64 35
64 20
64 54
64 87
64 31
64 37
64 5
66 65
66 35
66 36
66 37
66 72
66 74
66 13
66 15
66 80
66 82
66 3
66 20
66 54
66 87
66 31
66 69
67 65
67 3
67 36
67 69
67 72
67 74
67 13
67 15
67 80
67 82
67 35
67 20
67 54
67 87
67 31
67 37
67 5
68 3
68 84
68 5
68 31
70 65
70 35
70 36
70 37
70 72
70 74
70 13
70 15
70 80
70 82
70 3
70 20
70 54
70 87
70 31
70 69
73 65
73 35
73 36
73 37
73 72
73 74
73 13
73 15
73 80
73 82
73 3
73 20
73 54
73 87
73 31
73 69
75 65
75 3
75 36
75 5
75 72
75 13
75 15
75 82
75 35
75 84
75 54
75 87
75 20
75 31
75 37
76 3
76 84
76 5
76 31
77 65
77 35
77 36
77 37
77 72
77 74
77 13
77 15
77 80
77 82
77 3
77 20
77 54
77 87
77 31
77 69
78 65
78 35
78 36
78 37
78 72
78 74
78 13
78 15
78 80
78 82
78 3
78 20
78 54
78 87
78 31
78 69
79 65
79 3
79 36
79 5
79 72
79 13
79 15
79 82
79 35
79 84
79 54
79 87
79 20
79 31
79 37
83 65
83 35
83 36
83 5
83 72
83 15
83 82
83 3
83 84
83 54
83 87
83 20
83 31
83 37
86 65
86 35
86 36
86 37
86 72
86 74
86 13
86 15
86 80
86 82
86 3
86 20
86 54
86 87
86 31
86 69
88 65
88 35
88 36
88 37
88 72
88 74
88 13
88 15
88 80
88 82
88 3
88 20
88 54
88 87
88 31
88 69
