88
1 2
1 6
1 7
1 8
1 10
1 11
1 13
1 14
1 23
1 24
1 26
1 32
1 34
1 37
1 40
1 41
1 43
1 44
1 46
1 48
1 50
1 52
1 53
1 56
1 60
1 62
1 63
1 65
1 66
1 69
1 72
1 75
1 76
1 78
1 80
1 82
2 1
2 51
2 39
2 40
2 12
2 78
2 83
2 84
2 22
2 28
3 1
3 2
3 6
3 10
3 11
3 12
3 14
3 23
3 24
3 26
3 28
3 32
3 39
3 40
3 41
3 46
3 50
3 51
3 52
3 53
3 60
3 62
3 66
3 69
3 75
3 78
3 84
4 1
4 66
4 6
4 39
4 40
4 12
4 46
4 83
4 84
4 78
4 22
4 24
4 28
4 51
5 32
5 1
5 66
5 69
5 6
5 39
5 40
5 28
5 10
5 12
5 46
5 51
5 84
5 78
5 24
5 52
5 26
5 60
5 53
6 83
6 18
6 27
6 22
13 2
13 6
13 7
13 8
13 10
13 11
13 14
13 21
13 23
13 24
13 26
13 30
13 32
13 34
13 36
13 37
13 41
13 42
13 43
13 44
13 46
13 48
13 50
13 52
13 53
13 55
13 56
13 60
13 61
13 62
13 63
13 64
13 65
13 66
13 69
13 72
13 75
13 76
13 80
13 82
14 1
14 2
14 6
14 7
14 10
14 11
14 12
14 23
14 24
14 26
14 28
14 32
14 34
14 39
14 40
14 41
14 43
14 46
14 48
14 50
14 52
14 53
14 56
14 60
14 62
14 63
14 66
14 69
14 75
14 78
14 84
15 1
15 2
15 6
15 10
15 11
15 12
15 14
15 23
15 24
15 26
15 28
15 32
15 39
15 40
15 41
15 46
15 50
15 51
15 52
15 53
15 60
15 62
15 66
15 69
15 75
15 78
15 84
17 1
17 2
17 6
17 7
17 8
17 10
17 11
17 13
17 14
17 23
17 24
17 26
17 32
17 34
17 36
17 37
17 41
17 42
17 43
17 44
17 46
17 48
17 50
17 52
17 53
17 55
17 56
17 60
17 62
17 63
17 65
17 66
17 69
17 72
17 75
17 76
17 80
17 82
18 1
18 2
18 6
18 10
18 11
18 12
18 14
18 24
18 26
18 28
18 32
18 39
18 40
18 46
18 51
18 52
18 53
18 60
18 66
18 69
18 75
18 78
18 84
20 1
20 51
20 39
20 40
20 12
20 78
20 18
20 83
20 84
20 22
20 28
21 83
21 12
21 18
21 51
21 84
21 22
21 27
30 51
30 39
30 40
30 12
30 78
30 18
30 83
30 84
30 22
30 28
31 17
31 70
32 1
32 51
32 39
32 40
32 12
32 46
32 83
32 84
32 78
32 22
32 28
33 83
33 12
33 18
33 51
33 84
33 22
33 27
35 32
35 1
35 66
35 6
35 39
35 40
35 10
35 12
35 46
35 51
35 84
35 78
35 22
35 24
35 26
35 28
35 53
36 1
36 2
36 6
36 7
36 10
36 11
36 12
36 14
36 23
36 24
36 26
36 28
36 32
36 34
36 39
36 40
36 41
36 43
36 46
36 48
36 50
36 52
36 53
36 56
36 60
36 62
36 63
36 66
36 69
36 75
36 78
36 80
36 84
37 27
37 70
38 51
38 39
38 40
38 12
38 78
38 18
38 83
38 84
38 22
38 28
42 1
42 2
42 6
42 7
42 8
42 10
42 11
42 13
42 14
42 23
42 24
42 26
42 32
42 34
42 37
42 40
42 41
42 43
42 44
42 46
42 48
42 50
42 52
42 53
42 56
42 60
42 62
42 63
42 65
42 66
42 69
42 72
42 75
42 76
42 78
42 80
42 82
44 1
44 2
44 6
44 7
44 8
44 10
44 11
44 13
44 14
44 23
44 24
44 26
44 32
44 34
44 37
44 41
44 43
44 46
44 48
44 50
44 52
44 53
44 55
44 56
44 60
44 62
44 63
44 65
44 66
44 69
44 72
44 75
44 76
44 80
44 82
47 1
47 51
47 39
47 40
47 12
47 46
47 83
47 84
47 78
47 22
47 28
49 27
49 70
50 83
50 18
50 27
51 83
51 18
51 27
51 22
52 1
52 2
52 6
52 7
52 10
52 11
52 12
52 14
52 23
52 24
52 26
52 28
52 32
52 39
52 40
52 41
52 43
52 46
52 48
52 50
52 53
52 56
52 60
52 62
52 63
52 66
52 69
52 75
52 78
52 84
59 1
59 2
59 6
59 7
59 10
59 11
59 14
59 23
59 24
59 26
59 28
59 32
59 34
59 37
59 39
59 40
59 41
59 43
59 46
59 48
59 50
59 52
59 53
59 56
59 60
59 62
59 63
59 66
59 69
59 72
59 75
59 76
59 78
59 80
66 2
66 6
66 7
66 8
66 10
66 11
66 13
66 14
66 21
66 23
66 24
66 26
66 30
66 32
66 34
66 36
66 37
66 41
66 42
66 43
66 44
66 46
66 48
66 50
66 52
66 53
66 55
66 56
66 60
66 61
66 62
66 63
66 64
66 65
66 69
66 72
66 75
66 76
66 80
66 82
67 1
67 51
67 39
67 40
67 12
67 78
67 18
67 83
67 84
67 22
67 28
73 1
73 2
73 6
73 7
73 8
73 10
73 11
73 13
73 14
73 23
73 24
73 26
73 32
73 34
73 37
73 40
73 41
73 43
73 44
73 46
73 48
73 50
73 52
73 53
73 56
73 60
73 62
73 63
73 65
73 66
73 69
73 72
73 75
73 76
73 78
73 80
73 82
75 1
75 2
75 6
75 7
75 8
75 10
75 11
75 13
75 14
75 23
75 24
75 26
75 32
75 34
75 36
75 37
75 41
75 42
75 43
75 44
75 46
75 48
75 50
75 52
75 53
75 55
75 56
75 60
75 62
75 63
75 65
75 66
75 69
75 72
75 76
75 80
75 82
76 1
76 2
76 6
76 7
76 8
76 10
76 11
76 13
76 14
76 21
76 23
76 24
76 26
76 32
76 34
76 36
76 37
76 41
76 42
76 43
76 44
76 46
76 48
76 50
76 52
76 53
76 55
76 56
76 60
76 62
76 63
76 64
76 65
76 66
76 69
76 72
76 75
76 80
76 82
79 32
79 1
79 66
79 69
79 6
79 39
79 40
79 28
79 10
79 12
79 46
79 51
79 84
79 78
79 24
79 52
79 26
79 60
79 53
80 1
80 2
80 6
80 7
80 10
80 11
80 14
80 23
80 24
80 26
80 28
80 32
80 34
80 37
80 40
80 41
80 43
80 44
80 46
80 48
80 50
80 52
80 53
80 56
80 60
80 62
80 63
80 66
80 69
80 72
80 75
80 76
80 78
80 82
83 2
83 6
83 7
83 8
83 10
83 11
83 13
83 14
83 21
83 23
83 24
83 26
83 30
83 32
83 34
83 36
83 37
83 41
83 42
83 43
83 44
83 46
83 48
83 50
83 52
83 53
83 55
83 56
83 60
83 61
83 62
83 63
83 64
83 65
83 66
83 69
83 72
83 75
83 76
83 80
83 82
84 2
84 3
84 6
84 7
84 8
84 10
84 11
84 13
84 14
84 21
84 23
84 24
84 26
84 30
84 32
84 34
84 36
84 37
84 41
84 42
84 43
84 44
84 46
84 48
84 50
84 52
84 53
84 55
84 56
84 60
84 61
84 62
84 63
84 64
84 65
84 66
84 69
84 71
84 72
84 75
84 76
84 80
84 82
87 2
87 3
87 6
87 7
87 8
87 10
87 11
87 13
87 14
87 21
87 23
87 24
87 26
87 30
87 32
87 34
87 36
87 37
87 41
87 42
87 43
87 44
87 46
87 48
87 50
87 52
87 53
87 55
87 56
87 59
87 60
87 61
87 62
87 63
87 64
87 65
87 66
87 69
87 71
87 72
87 75
87 76
87 80
87 82
