88
1 14
1 19
1 25
1 36
1 41
1 42
1 45
1 48
1 52
1 55
1 57
1 62
1 63
1 65
1 66
1 68
1 69
1 70
1 71
1 72
1 73
1 74
1 75
1 76
1 77
1 78
1 80
1 81
1 82
2 1
2 14
2 19
2 25
2 33
2 36
2 41
2 42
2 45
2 48
2 52
2 53
2 55
2 57
2 62
2 63
2 65
2 66
2 68
2 69
2 70
2 71
2 72
2 73
2 74
2 75
2 76
2 77
2 78
2 80
2 81
2 82
4 1
4 2
4 3
4 19
4 20
4 25
4 31
4 33
4 34
4 35
4 36
4 39
4 41
4 43
4 45
4 48
4 52
4 53
4 61
4 63
4 64
4 66
4 69
4 71
4 73
4 75
4 76
4 77
4 78
4 79
4 80
5 1
5 2
5 3
5 9
5 19
5 20
5 23
5 29
5 30
5 31
5 33
5 34
5 35
5 36
5 38
5 39
5 41
5 43
5 47
5 52
5 53
5 61
5 63
5 64
5 69
5 71
5 75
5 76
5 77
5 79
6 64
6 34
6 3
6 38
6 39
6 9
6 43
6 44
6 47
6 11
6 29
6 35
6 20
6 23
6 84
6 79
6 61
6 30
6 31
7 34
7 3
7 38
7 40
7 9
7 43
7 44
7 47
7 11
7 29
7 20
7 23
7 84
7 61
7 30
8 1
8 2
8 14
8 19
8 25
8 31
8 33
8 35
8 36
8 39
8 41
8 43
8 45
8 48
8 52
8 53
8 55
8 63
8 64
8 65
8 66
8 68
8 69
8 70
8 71
8 72
8 73
8 74
8 75
8 76
8 77
8 78
8 79
8 80
8 81
9 1
9 2
9 14
9 19
9 25
9 33
9 35
9 36
9 41
9 42
9 45
9 48
9 52
9 53
9 55
9 62
9 63
9 65
9 66
9 68
9 69
9 70
9 71
9 72
9 73
9 74
9 75
9 76
9 77
9 78
9 80
9 81
17 34
17 38
17 40
17 9
17 11
17 44
17 47
17 29
17 83
17 84
17 23
17 20
17 61
17 30
18 34
18 3
18 38
18 40
18 9
18 11
18 44
18 47
18 29
18 20
18 23
18 84
18 61
18 30
20 1
20 2
20 14
20 19
20 25
20 36
20 41
20 42
20 45
20 48
20 52
20 55
20 57
20 62
20 63
20 65
20 66
20 68
20 69
20 70
20 71
20 72
20 73
20 74
20 75
20 76
20 77
20 78
20 80
20 81
20 82
21 40
21 11
21 44
21 83
21 84
21 23
21 27
21 28
21 30
22 1
22 2
22 3
22 9
22 11
22 19
22 20
22 23
22 29
22 30
22 31
22 33
22 34
22 35
22 36
22 38
22 39
22 43
22 47
22 52
22 53
22 61
22 63
22 64
22 75
22 77
22 79
22 84
24 1
24 2
24 14
24 19
24 25
24 33
24 35
24 36
24 41
24 42
24 45
24 48
24 52
24 53
24 55
24 63
24 65
24 66
24 68
24 69
24 70
24 71
24 72
24 73
24 74
24 75
24 76
24 77
24 78
24 79
24 80
24 81
26 1
26 2
26 14
26 19
26 25
26 33
26 35
26 36
26 41
26 42
26 45
26 48
26 52
26 53
26 55
26 62
26 63
26 65
26 66
26 68
26 69
26 70
26 71
26 72
26 73
26 74
26 75
26 76
26 77
26 78
26 80
26 81
31 1
31 2
31 3
31 9
31 19
31 20
31 29
31 30
31 33
31 34
31 35
31 36
31 38
31 39
31 41
31 43
31 47
31 52
31 53
31 61
31 63
31 64
31 69
31 71
31 75
31 76
31 77
31 79
32 1
32 2
32 14
32 19
32 25
32 33
32 35
32 36
32 41
32 42
32 45
32 48
32 52
32 53
32 55
32 62
32 63
32 65
32 66
32 68
32 69
32 70
32 71
32 72
32 73
32 74
32 75
32 76
32 77
32 78
32 80
32 81
32 82
35 1
35 2
35 3
35 19
35 25
35 31
35 33
35 36
35 39
35 41
35 43
35 45
35 48
35 52
35 53
35 55
35 63
35 64
35 65
35 66
35 68
35 69
35 70
35 71
35 72
35 73
35 75
35 76
35 77
35 78
35 79
35 80
35 81
36 1
36 14
36 19
36 25
36 41
36 42
36 45
36 48
36 52
36 55
36 57
36 62
36 63
36 65
36 66
36 68
36 69
36 70
36 71
36 72
36 73
36 74
36 75
36 76
36 77
36 78
36 80
36 81
36 82
49 1
49 2
49 3
49 9
49 19
49 20
49 25
49 31
49 33
49 34
49 35
49 36
49 39
49 41
49 43
49 45
49 48
49 52
49 53
49 61
49 63
49 64
49 69
49 71
49 73
49 75
49 76
49 77
49 78
49 79
49 80
50 1
50 2
50 3
50 19
50 25
50 31
50 33
50 35
50 36
50 39
50 41
50 43
50 45
50 48
50 52
50 53
50 55
50 61
50 63
50 64
50 66
50 68
50 69
50 71
50 73
50 75
50 76
50 77
50 78
50 79
50 80
54 1
54 2
54 3
54 9
54 11
54 19
54 20
54 23
54 29
54 30
54 31
54 33
54 34
54 35
54 36
54 38
54 39
54 43
54 47
54 52
54 53
54 61
54 63
54 64
54 75
54 77
54 79
54 84
56 1
56 2
56 14
56 19
56 25
56 31
56 33
56 35
56 36
56 39
56 41
56 45
56 48
56 52
56 53
56 55
56 63
56 64
56 65
56 66
56 68
56 69
56 70
56 71
56 72
56 73
56 74
56 75
56 76
56 77
56 78
56 79
56 80
56 81
58 1
58 2
58 14
58 19
58 25
58 33
58 36
58 41
58 42
58 45
58 48
58 52
58 53
58 55
58 62
58 63
58 65
58 66
58 68
58 69
58 70
58 71
58 72
58 73
58 74
58 75
58 76
58 77
58 78
58 80
58 81
58 82
59 1
59 2
59 14
59 19
59 25
59 33
59 35
59 36
59 41
59 42
59 45
59 48
59 52
59 53
59 55
59 62
59 63
59 65
59 66
59 68
59 69
59 70
59 71
59 72
59 73
59 74
59 75
59 76
59 77
59 78
59 79
59 80
59 81
60 1
60 2
60 14
60 19
60 25
60 36
60 41
60 42
60 45
60 48
60 52
60 55
60 57
60 62
60 63
60 65
60 66
60 68
60 69
60 70
60 71
60 72
60 73
60 74
60 75
60 76
60 77
60 78
60 80
60 81
60 82
63 1
63 2
63 14
63 19
63 25
63 33
63 35
63 36
63 41
63 42
63 45
63 48
63 52
63 53
63 55
63 62
63 65
63 66
63 68
63 69
63 70
63 71
63 72
63 73
63 74
63 75
63 76
63 77
63 78
63 80
63 81
63 82
77 1
77 2
77 14
77 19
77 25
77 33
77 36
77 41
77 42
77 45
77 48
77 52
77 53
77 55
77 57
77 62
77 63
77 65
77 66
77 68
77 69
77 70
77 71
77 72
77 73
77 74
77 75
77 76
77 78
77 80
77 81
77 82
85 2
85 3
85 9
85 11
85 20
85 23
85 29
85 30
85 31
85 33
85 34
85 35
85 36
85 38
85 39
85 43
85 47
85 53
85 61
85 64
85 79
85 84
86 38
86 40
86 11
86 44
86 47
86 83
86 84
86 23
86 27
86 28
86 29
86 30
87 1
87 2
87 3
87 19
87 25
87 31
87 33
87 35
87 36
87 39
87 41
87 43
87 45
87 48
87 52
87 53
87 55
87 63
87 64
87 65
87 66
87 68
87 69
87 70
87 71
87 72
87 73
87 75
87 76
87 77
87 78
87 79
87 80
87 81
88 2
88 3
88 9
88 11
88 20
88 23
88 29
88 30
88 31
88 33
88 34
88 35
88 36
88 38
88 39
88 43
88 47
88 53
88 61
88 64
88 79
88 84
