88
1 2
1 67
1 37
1 9
1 11
1 82
1 25
1 29
2 1
2 84
2 6
3 1
3 2
3 67
3 37
3 39
3 9
3 11
3 82
3 51
3 52
3 25
3 29
4 1
4 84
4 6
5 7
5 10
5 12
5 14
5 18
5 25
5 27
5 28
5 31
5 32
5 33
5 35
5 36
5 37
5 39
5 40
5 41
5 43
5 44
5 46
5 47
5 50
5 51
5 52
5 55
5 59
5 60
5 63
5 67
5 68
5 70
5 71
5 73
5 74
5 75
5 76
5 77
5 78
5 82
5 83
5 87
5 88
6 2
6 7
6 9
6 10
6 14
6 25
6 27
6 31
6 32
6 33
6 35
6 36
6 37
6 39
6 41
6 43
6 44
6 46
6 47
6 50
6 51
6 52
6 55
6 59
6 60
6 63
6 67
6 68
6 73
6 75
6 78
6 82
6 83
6 87
6 88
7 1
7 2
7 67
7 37
7 9
7 11
7 82
7 25
7 29
8 1
8 2
8 37
8 9
8 11
8 84
8 25
8 29
9 7
9 10
9 12
9 14
9 18
9 21
9 27
9 28
9 31
9 32
9 33
9 35
9 36
9 39
9 40
9 41
9 43
9 44
9 45
9 46
9 47
9 50
9 51
9 52
9 55
9 59
9 60
9 63
9 67
9 68
9 70
9 71
9 73
9 74
9 75
9 76
9 77
9 78
9 83
9 87
9 88
10 2
10 9
10 11
10 14
10 25
10 27
10 29
10 33
10 35
10 37
10 39
10 43
10 44
10 47
10 51
10 52
10 60
10 67
10 68
10 82
10 83
10 87
10 88
11 2
11 9
11 10
11 14
11 25
11 27
11 29
11 31
11 32
11 33
11 35
11 37
11 39
11 41
11 43
11 44
11 46
11 47
11 50
11 51
11 52
11 60
11 63
11 67
11 68
11 75
11 78
11 82
11 83
11 87
11 88
12 1
12 2
12 6
12 9
12 11
12 84
12 29
13 1
13 2
13 67
13 37
13 39
13 9
13 11
13 82
13 51
13 25
13 29
15 30
16 30
19 30
21 1
21 2
21 67
21 37
21 39
21 9
21 11
21 82
21 51
21 25
21 29
22 84
22 30
22 6
23 1
23 11
23 84
23 6
24 33
24 2
24 67
24 37
24 39
24 9
24 11
24 44
24 14
24 47
24 88
24 82
24 51
24 52
24 43
24 87
24 83
24 25
24 27
24 60
24 29
25 7
25 10
25 12
25 14
25 18
25 21
25 27
25 28
25 31
25 32
25 33
25 35
25 36
25 37
25 39
25 40
25 41
25 43
25 44
25 45
25 46
25 47
25 50
25 51
25 52
25 55
25 59
25 60
25 63
25 67
25 68
25 70
25 71
25 73
25 74
25 75
25 76
25 77
25 78
25 82
25 83
25 87
25 88
26 84
26 6
27 2
27 7
27 9
27 10
27 14
27 25
27 31
27 32
27 33
27 35
27 37
27 39
27 41
27 43
27 44
27 46
27 47
27 50
27 51
27 52
27 59
27 60
27 63
27 67
27 68
27 75
27 78
27 82
27 83
27 87
27 88
28 2
28 7
28 9
28 10
28 14
28 25
28 27
28 31
28 32
28 33
28 35
28 36
28 37
28 39
28 41
28 43
28 44
28 46
28 47
28 50
28 51
28 52
28 55
28 59
28 60
28 63
28 67
28 68
28 73
28 75
28 78
28 82
28 83
28 87
28 88
29 7
29 10
29 12
29 14
29 18
29 21
29 27
29 28
29 31
29 32
29 33
29 35
29 36
29 39
29 40
29 41
29 43
29 44
29 45
29 46
29 47
29 50
29 51
29 52
29 55
29 59
29 60
29 63
29 67
29 68
29 70
29 71
29 73
29 74
29 75
29 76
29 77
29 78
29 82
29 83
29 87
29 88
30 1
30 11
30 84
30 29
30 6
31 1
31 2
31 6
31 11
31 84
31 29
32 1
32 11
32 84
32 29
32 6
33 1
33 2
33 67
33 37
33 39
33 9
33 11
33 82
33 51
33 52
33 25
33 29
34 84
34 30
34 6
35 1
35 2
35 6
35 9
35 11
35 84
35 29
36 1
36 11
36 84
36 29
36 6
37 1
37 2
37 6
37 11
37 84
37 29
38 84
38 6
39 1
39 2
39 67
39 37
39 33
39 9
39 11
39 14
39 43
39 82
39 51
39 52
39 25
39 60
39 29
40 1
40 2
40 37
40 9
40 11
40 82
40 25
40 29
41 33
41 2
41 67
41 37
41 1
41 9
41 39
41 14
41 11
41 43
41 82
41 51
41 52
41 87
41 25
41 60
41 29
42 1
42 2
42 6
42 11
42 84
42 29
43 1
43 2
43 67
43 37
43 39
43 9
43 11
43 82
43 51
43 25
43 29
44 1
44 2
44 6
44 9
44 11
44 84
44 29
45 1
45 11
45 84
45 6
46 1
46 2
46 37
46 9
46 11
46 84
46 29
47 1
47 2
47 6
47 9
47 11
47 84
47 29
48 30
49 30
50 30
51 1
51 2
51 37
51 6
51 9
51 11
51 84
51 29
52 1
52 2
52 6
52 9
52 11
52 84
52 29
53 1
53 11
53 84
53 6
54 30
55 1
55 2
55 67
55 37
55 39
55 9
55 11
55 82
55 51
55 52
55 25
55 29
56 1
56 2
56 6
56 9
56 11
56 84
56 29
57 2
57 9
57 11
57 14
57 25
57 27
57 29
57 31
57 33
57 35
57 37
57 39
57 43
57 44
57 47
57 51
57 52
57 60
57 67
57 68
57 82
57 83
57 87
57 88
58 1
58 2
58 6
58 11
58 84
58 29
60 1
60 2
60 67
60 37
60 39
60 9
60 11
60 82
60 51
60 25
60 29
61 1
61 2
61 6
61 9
61 11
61 84
61 29
62 30
63 1
63 2
63 6
63 9
63 11
63 84
63 29
64 7
64 10
64 12
64 14
64 18
64 21
64 27
64 28
64 31
64 32
64 33
64 35
64 36
64 39
64 40
64 41
64 43
64 44
64 45
64 46
64 47
64 50
64 51
64 52
64 55
64 59
64 60
64 63
64 67
64 68
64 70
64 71
64 73
64 74
64 75
64 76
64 77
64 78
64 83
64 87
64 88
65 1
65 2
65 6
65 9
65 11
65 84
65 29
66 84
66 30
66 6
67 1
67 2
67 11
67 37
67 33
67 9
67 39
67 43
67 82
67 51
67 52
67 25
67 60
67 29
68 2
68 9
68 11
68 14
68 25
68 27
68 29
68 31
68 33
68 35
68 37
68 39
68 43
68 44
68 47
68 51
68 52
68 60
68 67
68 82
68 83
68 87
68 88
69 1
69 2
69 6
69 11
69 84
69 29
70 1
70 2
70 67
70 37
70 39
70 9
70 11
70 82
70 51
70 52
70 25
70 29
71 1
71 2
71 67
71 37
71 39
71 9
71 11
71 82
71 51
71 25
71 29
72 1
72 2
72 37
72 6
72 9
72 11
72 84
72 29
73 1
73 2
73 67
73 37
73 9
73 11
73 82
73 25
73 29
74 33
74 2
74 67
74 37
74 1
74 9
74 39
74 14
74 11
74 43
74 82
74 51
74 52
74 87
74 88
74 25
74 60
74 29
75 1
75 2
75 67
75 37
75 39
75 9
75 11
75 82
75 25
75 29
76 1
76 11
76 84
76 6
77 1
77 2
77 6
77 11
77 84
77 29
78 1
78 11
78 84
78 29
78 6
79 1
79 2
79 37
79 9
79 11
79 82
79 25
79 29
80 84
80 6
81 84
81 30
81 6
82 1
82 11
82 84
82 29
82 6
83 1
83 11
83 84
83 29
83 6
84 30
85 1
85 2
85 6
85 9
85 11
85 84
85 29
86 19
86 20
88 1
88 2
88 67
88 37
88 39
88 9
88 11
88 82
88 51
88 25
88 29
