88
2 48
2 3
2 68
2 41
2 55
2 76
2 80
2 81
2 20
2 73
2 24
2 60
2 61
4 1
4 2
4 19
4 25
4 26
4 29
4 30
4 33
4 36
4 42
4 46
4 51
4 52
4 54
4 57
4 58
4 63
4 66
4 67
4 70
4 72
4 74
4 77
4 79
4 86
5 48
5 34
5 3
5 68
5 41
5 76
5 80
5 50
5 20
5 73
5 55
5 24
5 60
5 61
5 62
6 1
6 2
6 7
6 9
6 14
6 25
6 29
6 30
6 33
6 36
6 37
6 50
6 51
6 52
6 53
6 54
6 57
6 58
6 62
6 63
6 65
6 67
6 70
6 71
6 72
6 74
6 77
6 78
6 79
6 86
8 48
8 34
8 3
8 68
8 41
8 76
8 80
8 81
8 50
8 20
8 73
8 55
8 24
8 60
8 61
8 62
10 1
10 2
10 19
10 25
10 26
10 29
10 30
10 35
10 36
10 42
10 46
10 51
10 52
10 54
10 58
10 63
10 66
10 70
10 72
10 74
10 77
10 84
10 86
11 3
11 7
11 9
11 14
11 20
11 24
11 33
11 34
11 37
11 41
11 48
11 50
11 53
11 60
11 61
11 62
11 65
11 67
11 68
11 71
11 73
11 76
11 78
11 79
11 80
12 1
12 2
12 19
12 25
12 26
12 29
12 30
12 35
12 36
12 42
12 46
12 51
12 52
12 54
12 57
12 58
12 63
12 66
12 70
12 72
12 74
12 77
12 84
12 86
13 1
13 2
13 7
13 9
13 14
13 25
13 29
13 33
13 34
13 36
13 37
13 50
13 51
13 52
13 53
13 54
13 57
13 58
13 62
13 65
13 67
13 70
13 71
13 72
13 74
13 77
13 78
13 79
13 86
18 8
18 69
18 45
21 1
21 2
21 19
21 25
21 26
21 29
21 30
21 36
21 42
21 46
21 51
21 52
21 54
21 57
21 58
21 63
21 66
21 70
21 72
21 74
21 77
21 84
21 86
22 1
22 2
22 14
22 25
22 29
22 30
22 33
22 36
22 42
22 46
22 51
22 52
22 53
22 54
22 57
22 58
22 63
22 65
22 67
22 70
22 72
22 74
22 77
22 79
22 86
27 1
27 7
27 9
27 14
27 20
27 24
27 25
27 29
27 33
27 34
27 36
27 37
27 41
27 48
27 50
27 53
27 54
27 57
27 60
27 61
27 62
27 65
27 67
27 71
27 73
27 74
27 76
27 77
27 78
27 79
27 80
28 1
28 2
28 7
28 9
28 14
28 24
28 25
28 29
28 33
28 34
28 36
28 37
28 50
28 51
28 52
28 53
28 54
28 57
28 62
28 65
28 67
28 71
28 73
28 74
28 76
28 77
28 78
28 79
28 86
29 1
29 2
29 7
29 9
29 14
29 25
29 30
29 33
29 36
29 37
29 46
29 51
29 52
29 53
29 54
29 57
29 58
29 63
29 65
29 67
29 70
29 71
29 72
29 74
29 77
29 78
29 79
29 86
30 48
30 34
30 3
30 68
30 41
30 55
30 76
30 80
30 81
30 20
30 73
30 24
30 60
30 61
31 1
31 2
31 19
31 25
31 26
31 29
31 30
31 35
31 42
31 46
31 51
31 52
31 54
31 58
31 63
31 66
31 70
31 72
31 74
31 77
31 84
31 86
32 19
32 1
32 2
32 35
32 69
32 70
32 72
32 42
32 66
32 46
32 29
32 26
32 51
32 52
32 86
32 84
32 58
32 74
32 30
32 63
33 48
33 3
33 68
33 41
33 55
33 76
33 80
33 81
33 20
33 73
33 24
33 60
33 61
34 48
34 3
34 68
34 41
34 55
34 76
34 80
34 81
34 20
34 73
34 24
34 60
34 61
36 3
36 7
36 9
36 14
36 20
36 24
36 34
36 37
36 41
36 48
36 50
36 53
36 55
36 60
36 61
36 62
36 65
36 68
36 71
36 73
36 76
36 78
36 80
38 1
38 2
38 19
38 25
38 26
38 29
38 30
38 36
38 42
38 46
38 51
38 52
38 54
38 57
38 58
38 63
38 66
38 70
38 72
38 74
38 77
38 84
38 86
39 48
39 34
39 3
39 68
39 41
39 55
39 76
39 80
39 81
39 20
39 73
39 24
39 60
39 61
39 62
41 48
41 34
41 3
41 68
41 73
41 76
41 80
41 50
41 20
41 55
41 24
41 60
41 61
41 62
43 19
43 66
43 35
43 69
43 70
43 72
43 42
43 46
43 51
43 84
43 58
43 26
43 30
43 63
47 3
47 7
47 9
47 14
47 20
47 24
47 33
47 34
47 37
47 41
47 48
47 50
47 53
47 60
47 61
47 62
47 65
47 67
47 68
47 71
47 73
47 76
47 78
47 79
47 80
48 34
48 3
48 68
48 41
48 76
48 80
48 50
48 20
48 73
48 55
48 24
48 60
48 61
48 62
49 1
49 2
49 7
49 9
49 14
49 25
49 29
49 30
49 33
49 36
49 37
49 50
49 51
49 52
49 53
49 54
49 57
49 58
49 62
49 63
49 65
49 67
49 70
49 71
49 72
49 74
49 77
49 78
49 79
49 86
50 48
50 34
50 3
50 68
50 71
50 9
50 55
50 76
50 80
50 20
50 73
50 41
50 24
50 60
50 61
50 62
53 7
53 9
53 14
53 20
53 24
53 25
53 33
53 34
53 36
53 37
53 41
53 48
53 50
53 54
53 57
53 60
53 61
53 62
53 65
53 67
53 68
53 71
53 73
53 76
53 78
53 79
53 80
57 1
57 2
57 7
57 9
57 14
57 25
57 29
57 30
57 33
57 36
57 37
57 50
57 51
57 52
57 53
57 54
57 58
57 62
57 63
57 65
57 67
57 70
57 71
57 72
57 74
57 77
57 78
57 79
57 86
60 80
60 3
60 68
60 41
60 55
60 76
60 48
60 81
60 20
60 73
60 24
60 61
63 1
63 2
63 7
63 9
63 14
63 24
63 25
63 29
63 33
63 34
63 36
63 37
63 50
63 51
63 52
63 53
63 54
63 57
63 62
63 65
63 67
63 71
63 73
63 74
63 76
63 77
63 78
63 79
63 86
64 1
64 2
64 7
64 9
64 14
64 24
64 25
64 29
64 33
64 34
64 36
64 37
64 50
64 51
64 52
64 53
64 54
64 57
64 62
64 65
64 67
64 71
64 73
64 74
64 76
64 77
64 78
64 79
64 86
65 3
65 7
65 9
65 14
65 20
65 24
65 33
65 34
65 37
65 41
65 48
65 50
65 53
65 60
65 61
65 62
65 67
65 68
65 71
65 73
65 76
65 78
65 80
68 48
68 34
68 3
68 41
68 76
68 80
68 81
68 50
68 20
68 73
68 55
68 24
68 60
68 61
68 62
71 3
71 7
71 9
71 14
71 20
71 24
71 25
71 33
71 34
71 36
71 37
71 41
71 48
71 50
71 53
71 57
71 60
71 61
71 62
71 65
71 67
71 68
71 73
71 76
71 78
71 79
71 80
75 48
75 34
75 3
75 68
75 41
75 55
75 76
75 80
75 81
75 20
75 73
75 24
75 60
75 61
77 3
77 7
77 9
77 14
77 20
77 24
77 33
77 34
77 37
77 41
77 48
77 50
77 53
77 60
77 61
77 62
77 65
77 67
77 68
77 71
77 73
77 76
77 78
77 80
83 8
83 45
83 23
87 1
87 2
87 7
87 9
87 14
87 25
87 29
87 33
87 34
87 36
87 37
87 50
87 51
87 52
87 53
87 54
87 57
87 58
87 62
87 65
87 67
87 70
87 71
87 74
87 77
87 78
87 79
87 86
88 1
88 2
88 19
88 25
88 26
88 29
88 30
88 33
88 36
88 42
88 46
88 51
88 52
88 54
88 57
88 58
88 63
88 66
88 67
88 70
88 72
88 74
88 77
88 79
88 86
