88
2 32
2 36
2 7
2 9
2 11
2 13
2 14
2 83
2 24
2 71
3 65
3 4
3 70
3 38
3 76
3 75
3 44
3 14
3 20
3 54
3 87
3 23
3 58
3 31
3 29
3 62
3 63
5 32
5 36
5 7
5 9
5 11
5 13
5 14
5 83
5 24
5 71
6 65
6 3
6 4
6 70
6 38
6 40
6 76
6 75
6 44
6 14
6 29
6 20
6 54
6 23
6 87
6 31
6 58
6 62
6 63
9 32
9 1
9 18
9 43
9 36
9 5
9 6
9 71
9 42
9 11
9 13
9 48
9 82
9 83
9 55
9 24
10 32
10 1
10 18
10 43
10 36
10 5
10 6
10 71
10 9
10 42
10 11
10 13
10 48
10 82
10 83
10 55
10 24
11 65
11 3
11 4
11 70
11 38
11 75
11 44
11 14
11 20
11 54
11 87
11 58
11 31
11 29
11 62
11 63
13 32
13 65
13 3
13 4
13 7
13 11
13 14
13 83
13 87
13 24
13 71
13 58
13 63
18 8
18 84
19 1
19 2
19 82
19 6
19 39
19 72
19 42
19 43
19 66
19 78
19 48
19 50
19 52
19 53
19 55
19 25
19 61
21 68
21 73
21 74
21 77
21 79
21 80
21 86
21 26
22 65
22 3
22 4
22 70
22 38
22 7
22 75
22 14
22 20
22 87
22 58
22 62
22 63
24 68
24 73
24 74
24 77
24 79
24 80
24 21
24 86
24 26
25 32
25 1
25 18
25 43
25 36
25 5
25 6
25 71
25 9
25 42
25 11
25 13
25 48
25 82
25 83
25 55
25 24
26 1
26 66
26 5
26 6
26 39
26 72
26 9
26 42
26 43
26 82
26 78
26 48
26 18
26 52
26 53
26 55
26 25
26 61
27 32
27 36
27 5
27 7
27 9
27 11
27 13
27 18
27 83
27 55
27 24
27 71
28 65
28 3
28 4
28 70
28 38
28 75
28 44
28 14
28 20
28 87
28 58
28 31
28 29
28 62
28 63
29 1
29 2
29 82
29 6
29 39
29 72
29 42
29 43
29 66
29 78
29 48
29 50
29 52
29 53
29 25
29 61
30 51
30 35
30 22
30 47
31 1
31 66
31 5
31 6
31 39
31 9
31 42
31 43
31 18
31 78
31 48
31 82
31 52
31 53
31 55
31 25
31 61
32 1
32 66
32 6
32 39
32 72
32 42
32 43
32 82
32 78
32 48
32 18
32 52
32 53
32 55
32 25
32 61
33 67
33 68
33 73
33 74
33 77
33 79
33 80
33 21
33 86
33 26
34 64
34 33
34 68
34 69
34 74
34 77
34 79
34 80
34 21
34 86
34 88
34 26
34 27
35 32
35 1
35 18
35 43
35 36
35 5
35 6
35 39
35 9
35 42
35 11
35 13
35 48
35 82
35 83
35 52
35 55
35 24
35 71
35 61
36 64
36 37
36 47
36 49
36 88
36 27
36 69
39 2
39 67
39 72
39 66
39 78
39 50
39 52
39 53
39 25
39 61
40 1
40 2
40 82
40 6
40 39
40 72
40 42
40 43
40 66
40 78
40 48
40 50
40 52
40 53
40 55
40 25
40 61
41 32
41 1
41 18
41 43
41 36
41 5
41 6
41 7
41 9
41 11
41 13
41 82
41 83
41 55
41 24
41 71
42 65
42 3
42 4
42 70
42 38
42 76
42 75
42 44
42 14
42 29
42 20
42 54
42 23
42 87
42 31
42 58
42 62
42 63
43 32
43 36
43 7
43 11
43 13
43 14
43 83
43 24
43 71
43 63
45 65
45 3
45 4
45 70
45 38
45 40
45 76
45 75
45 44
45 20
45 54
45 87
45 23
45 58
45 29
45 62
45 31
46 33
46 68
46 73
46 74
46 77
46 79
46 80
46 21
46 86
46 26
47 32
47 1
47 18
47 43
47 36
47 5
47 6
47 39
47 9
47 42
47 11
47 13
47 48
47 82
47 83
47 52
47 55
47 61
48 64
48 37
48 47
48 49
48 88
48 27
48 69
50 32
50 1
50 18
50 43
50 36
50 5
50 6
50 71
50 9
50 42
50 11
50 13
50 48
50 82
50 83
50 55
50 24
51 32
51 36
51 7
51 11
51 13
51 14
51 83
51 24
51 71
51 63
53 2
53 67
53 68
53 73
53 77
53 80
53 50
53 26
54 2
54 67
54 72
54 73
54 66
54 78
54 50
54 53
54 25
54 61
55 1
55 2
55 82
55 6
55 39
55 72
55 42
55 43
55 66
55 78
55 48
55 50
55 52
55 53
55 25
55 61
56 1
56 66
56 5
56 6
56 39
56 9
56 42
56 43
56 18
56 78
56 48
56 82
56 52
56 53
56 55
56 25
56 61
57 64
57 33
57 68
57 69
57 74
57 77
57 79
57 80
57 21
57 86
57 88
57 26
58 2
58 67
58 6
58 39
58 72
58 42
58 43
58 66
58 78
58 48
58 50
58 52
58 53
58 25
58 61
59 64
59 33
59 68
59 69
59 74
59 77
59 79
59 80
59 21
59 86
59 88
59 26
59 27
60 2
60 67
60 72
60 73
60 66
60 78
60 50
60 53
60 25
61 65
61 4
61 70
61 38
61 40
61 76
61 75
61 44
61 20
61 54
61 87
61 23
61 58
61 29
61 62
61 31
63 1
63 18
63 43
63 36
63 5
63 6
63 39
63 9
63 42
63 11
63 13
63 48
63 82
63 52
63 55
63 25
63 61
64 65
64 3
64 4
64 70
64 38
64 76
64 75
64 44
64 14
64 20
64 54
64 87
64 58
64 31
64 29
64 62
64 63
65 32
65 1
65 18
65 43
65 36
65 5
65 6
65 71
65 9
65 11
65 13
65 82
65 83
65 55
65 24
67 1
67 66
67 6
67 39
67 72
67 42
67 43
67 82
67 78
67 48
67 18
67 52
67 53
67 55
67 25
67 61
68 2
68 67
68 72
68 73
68 80
68 50
68 26
70 2
70 67
70 72
70 73
70 66
70 78
70 50
70 53
70 25
70 61
71 1
71 66
71 5
71 6
71 39
71 72
71 9
71 42
71 43
71 82
71 78
71 48
71 18
71 52
71 53
71 55
71 25
71 61
73 32
73 1
73 18
73 43
73 36
73 5
73 6
73 39
73 9
73 42
73 11
73 13
73 48
73 82
73 83
73 52
73 55
73 24
73 61
74 1
74 18
74 43
74 36
74 5
74 6
74 39
74 9
74 42
74 11
74 13
74 48
74 82
74 52
74 55
74 25
74 61
75 32
75 36
75 5
75 7
75 9
75 11
75 13
75 18
75 83
75 24
75 71
76 32
76 36
76 5
76 7
76 9
76 11
76 13
76 18
76 83
76 24
76 71
78 1
78 66
78 5
78 6
78 39
78 9
78 42
78 43
78 18
78 48
78 82
78 52
78 53
78 55
78 25
78 61
79 2
79 67
79 39
79 72
79 66
79 78
79 50
79 52
79 53
79 25
79 61
80 1
80 66
80 36
80 5
80 6
80 39
80 9
80 42
80 43
80 18
80 48
80 82
80 52
80 55
80 25
80 61
81 64
81 33
81 69
81 74
81 77
81 79
81 80
81 49
81 21
81 86
81 88
81 27
82 64
82 33
82 69
82 74
82 77
82 79
82 49
82 21
82 86
82 88
82 27
83 64
83 33
83 37
83 47
83 49
83 88
83 27
83 69
84 70
84 38
84 40
84 76
84 44
84 54
84 23
84 29
84 31
85 2
85 67
85 72
85 73
85 66
85 78
85 50
85 52
85 53
85 25
85 61
87 65
87 3
87 4
87 70
87 38
87 75
87 44
87 14
87 20
87 54
87 58
87 31
87 29
87 62
87 63
88 32
88 65
88 3
88 4
88 7
88 75
88 14
88 83
88 20
88 87
88 24
88 71
88 58
88 62
88 63
