88
1 3
1 5
1 9
1 11
1 21
1 23
1 24
1 27
1 31
1 32
1 34
1 35
1 36
1 38
1 40
1 42
1 44
1 47
1 48
1 56
1 60
1 68
1 77
2 86
2 6
2 7
2 46
2 81
2 18
2 83
2 20
2 54
2 57
2 28
2 29
2 30
3 32
3 35
3 68
3 38
3 40
3 11
3 12
3 14
3 47
3 17
3 56
3 60
3 31
4 32
4 34
4 3
4 36
4 5
4 40
4 9
4 42
4 44
4 77
4 28
4 47
4 48
4 56
4 35
4 21
4 23
4 24
4 27
4 60
7 32
7 35
7 68
7 38
7 40
7 11
7 14
7 47
7 48
7 17
7 3
7 21
7 56
7 60
7 31
10 32
10 35
10 68
10 38
10 40
10 11
10 14
10 47
10 48
10 17
10 3
10 21
10 56
10 60
10 31
11 32
11 35
11 68
11 38
11 40
11 12
11 14
11 47
11 17
11 3
11 56
11 60
11 31
15 86
15 6
15 46
15 81
15 18
15 83
15 20
15 54
15 23
15 57
15 28
15 30
19 3
19 5
19 9
19 11
19 14
19 17
19 21
19 24
19 27
19 31
19 32
19 34
19 35
19 36
19 38
19 40
19 42
19 44
19 47
19 48
19 56
19 60
19 68
19 77
21 32
21 35
21 68
21 38
21 40
21 11
21 14
21 47
21 48
21 17
21 3
21 56
21 60
21 31
22 32
22 34
22 3
22 36
22 5
22 40
22 9
22 42
22 44
22 77
22 48
22 81
22 83
22 56
22 21
22 54
22 23
22 24
22 57
22 27
22 28
25 3
25 5
25 9
25 11
25 21
25 23
25 24
25 27
25 31
25 32
25 34
25 35
25 36
25 38
25 40
25 42
25 44
25 47
25 48
25 56
25 60
25 77
26 86
26 6
26 7
26 46
26 81
26 18
26 83
26 20
26 54
26 57
26 28
26 30
28 32
28 35
28 68
28 38
28 40
28 11
28 12
28 14
28 47
28 17
28 3
28 56
28 60
28 31
33 32
33 35
33 68
33 38
33 40
33 11
33 12
33 14
33 47
33 17
33 3
33 56
33 60
33 31
34 32
34 35
34 68
34 38
34 40
34 11
34 14
34 47
34 48
34 17
34 3
34 21
34 56
34 60
34 31
37 32
37 34
37 3
37 36
37 5
37 40
37 9
37 42
37 44
37 77
37 48
37 81
37 83
37 56
37 21
37 54
37 23
37 24
37 57
37 27
37 28
38 35
38 68
38 11
38 12
38 14
38 47
38 17
38 60
38 31
40 68
40 38
40 11
40 12
40 14
40 17
40 60
40 31
41 32
41 35
41 68
41 38
41 40
41 11
41 14
41 47
41 48
41 17
41 3
41 21
41 56
41 60
41 31
43 32
43 34
43 3
43 36
43 5
43 40
43 9
43 42
43 44
43 77
43 47
43 48
43 56
43 35
43 21
43 54
43 23
43 24
43 27
43 28
45 32
45 34
45 3
45 36
45 5
45 40
45 9
45 42
45 44
45 77
45 47
45 48
45 56
45 35
45 21
45 54
45 23
45 24
45 27
45 28
46 32
46 35
46 68
46 38
46 40
46 42
46 11
46 44
46 77
46 14
46 47
46 48
46 17
46 3
46 21
46 56
46 60
46 31
47 68
47 38
47 11
47 12
47 14
47 17
47 60
47 31
49 32
49 35
49 36
49 38
49 40
49 9
49 42
49 11
49 44
49 77
49 14
49 47
49 48
49 17
49 3
49 21
49 56
49 68
49 60
49 31
50 86
50 46
50 81
50 18
50 83
50 20
50 54
50 23
50 24
50 57
50 28
50 30
52 32
52 34
52 3
52 36
52 5
52 40
52 9
52 42
52 44
52 77
52 28
52 47
52 48
52 56
52 35
52 21
52 23
52 24
52 27
52 60
53 86
53 6
53 7
53 46
53 81
53 18
53 83
53 20
53 54
53 57
53 28
53 30
54 3
54 5
54 9
54 11
54 21
54 23
54 24
54 27
54 31
54 32
54 34
54 35
54 36
54 38
54 40
54 42
54 44
54 47
54 48
54 56
54 60
54 77
55 32
55 34
55 3
55 36
55 5
55 38
55 40
55 9
55 42
55 44
55 77
55 47
55 48
55 56
55 35
55 21
55 23
55 24
55 27
55 60
55 31
58 34
58 36
58 5
58 9
58 42
58 44
58 77
58 46
58 81
58 83
58 20
58 54
58 23
58 24
58 57
58 27
58 28
58 30
59 34
59 3
59 36
59 5
59 9
59 42
59 44
59 77
59 46
59 48
59 81
59 83
59 21
59 54
59 23
59 24
59 57
59 27
59 28
59 30
61 32
61 34
61 3
61 36
61 5
61 40
61 9
61 42
61 44
61 77
61 47
61 48
61 56
61 35
61 21
61 54
61 23
61 24
61 27
61 28
62 34
62 36
62 5
62 9
62 42
62 44
62 77
62 46
62 48
62 81
62 83
62 21
62 54
62 23
62 24
62 57
62 27
62 28
62 30
63 32
63 35
63 36
63 38
63 40
63 9
63 42
63 11
63 44
63 77
63 14
63 47
63 48
63 17
63 3
63 21
63 56
63 68
63 27
63 60
63 31
64 68
64 38
64 11
64 12
64 14
64 47
64 17
64 60
64 31
65 86
65 6
65 7
65 46
65 81
65 18
65 83
65 20
65 54
65 57
65 28
65 29
65 30
66 3
66 5
66 9
66 11
66 21
66 23
66 24
66 27
66 31
66 32
66 34
66 35
66 36
66 38
66 40
66 42
66 44
66 47
66 48
66 56
66 60
66 77
69 32
69 34
69 3
69 36
69 5
69 40
69 9
69 42
69 44
69 77
69 47
69 48
69 56
69 35
69 21
69 54
69 23
69 24
69 27
69 28
71 34
71 36
71 5
71 9
71 86
71 44
71 77
71 46
71 81
71 83
71 20
71 54
71 23
71 24
71 57
71 27
71 28
71 30
72 3
72 5
72 9
72 11
72 21
72 23
72 24
72 27
72 31
72 32
72 34
72 35
72 36
72 38
72 40
72 42
72 44
72 47
72 48
72 56
72 60
72 68
72 77
73 32
73 35
73 68
73 38
73 40
73 11
73 14
73 47
73 48
73 17
73 3
73 21
73 56
73 60
73 31
74 32
74 35
74 68
74 38
74 40
74 42
74 11
74 14
74 47
74 48
74 17
74 3
74 21
74 56
74 60
74 31
76 32
76 35
76 68
76 38
76 40
76 11
76 14
76 47
76 48
76 17
76 3
76 21
76 56
76 60
76 31
77 68
77 38
77 11
77 12
77 14
77 17
77 60
77 31
78 32
78 35
78 68
78 38
78 40
78 42
78 11
78 14
78 47
78 48
78 17
78 3
78 21
78 56
78 60
78 31
79 32
79 35
79 68
79 38
79 40
79 11
79 14
79 47
79 48
79 17
79 3
79 21
79 56
79 60
79 31
80 32
80 34
80 3
80 36
80 5
80 40
80 9
80 42
80 44
80 77
80 47
80 48
80 56
80 35
80 21
80 54
80 23
80 24
80 27
80 28
82 6
82 7
82 13
82 46
82 18
82 20
82 86
82 29
82 30
84 34
84 5
84 86
84 46
84 81
84 83
84 20
84 54
84 23
84 24
84 57
84 27
84 28
84 30
85 34
85 5
85 86
85 46
85 81
85 83
85 20
85 54
85 23
85 24
85 57
85 27
85 28
85 30
86 32
86 35
86 68
86 38
86 40
86 11
86 14
86 47
86 48
86 17
86 3
86 21
86 56
86 60
86 31
87 32
87 35
87 68
87 38
87 40
87 42
87 11
87 44
87 77
87 14
87 47
87 48
87 17
87 3
87 21
87 56
87 60
87 31
88 32
88 35
88 68
88 38
88 40
88 42
88 11
88 14
88 47
88 48
88 17
88 3
88 21
88 56
88 60
88 31
