88
1 2
1 35
1 4
1 6
1 49
1 31
1 11
1 43
1 47
1 81
1 83
1 85
1 22
1 36
1 27
1 29
1 63
2 32
2 35
2 4
2 5
2 6
2 39
2 9
2 10
2 11
2 43
2 63
2 47
2 81
2 85
2 22
2 36
2 49
2 27
2 86
2 29
2 69
3 32
3 2
3 35
3 36
3 5
3 6
3 39
3 9
3 10
3 11
3 12
3 77
3 63
3 47
3 81
3 22
3 49
3 27
3 86
3 29
3 69
5 32
5 2
5 36
5 69
5 39
5 9
5 10
5 11
5 12
5 77
5 47
5 81
5 86
5 27
5 63
7 32
7 2
7 35
7 36
7 5
7 6
7 39
7 9
7 10
7 11
7 77
7 63
7 47
7 81
7 85
7 22
7 49
7 27
7 86
7 29
7 69
8 32
8 2
8 35
8 36
8 5
8 6
8 39
8 9
8 10
8 11
8 12
8 77
8 63
8 47
8 81
8 22
8 49
8 27
8 86
8 29
8 69
9 32
9 69
9 39
9 10
9 12
9 77
9 86
9 5
10 32
10 2
10 36
10 5
10 39
10 9
10 11
10 12
10 77
10 63
10 47
10 81
10 86
10 27
10 29
10 69
11 32
11 2
11 35
11 36
11 5
11 6
11 39
11 9
11 10
11 12
11 77
11 63
11 47
11 81
11 22
11 49
11 27
11 86
11 29
11 69
12 32
12 5
12 9
12 10
12 77
12 69
13 32
13 5
13 9
13 10
13 12
13 77
13 69
14 32
14 5
14 39
14 9
14 10
14 12
14 77
14 47
14 86
14 69
15 32
15 2
15 36
15 5
15 39
15 9
15 10
15 11
15 12
15 77
15 63
15 47
15 81
15 86
15 27
15 69
17 31
18 31
20 32
20 5
20 39
20 9
20 10
20 12
20 77
20 86
20 69
21 32
21 2
21 35
21 36
21 5
21 6
21 39
21 9
21 10
21 11
21 77
21 63
21 47
21 81
21 85
21 22
21 49
21 27
21 86
21 29
21 69
22 32
22 2
22 35
22 36
22 5
22 6
22 39
22 9
22 10
22 11
22 12
22 77
22 63
22 47
22 81
22 86
22 27
22 29
22 69
23 2
23 35
23 4
23 6
23 49
23 31
23 11
23 43
23 47
23 81
23 83
23 85
23 22
23 36
23 27
23 29
23 63
24 32
24 2
24 35
24 36
24 5
24 6
24 39
24 9
24 10
24 11
24 12
24 77
24 63
24 47
24 81
24 22
24 49
24 27
24 86
24 29
24 69
25 31
28 2
28 35
28 4
28 6
28 49
28 31
28 11
28 43
28 81
28 83
28 85
28 22
28 36
28 27
28 29
28 63
30 83
30 31
31 32
31 5
31 9
31 10
31 12
31 77
31 69
32 2
32 35
32 36
32 5
32 6
32 39
32 9
32 10
32 11
32 12
32 77
32 63
32 47
32 81
32 22
32 27
32 86
32 29
32 69
34 31
36 32
36 2
36 35
36 5
36 6
36 39
36 9
36 10
36 11
36 12
36 77
36 63
36 47
36 81
36 22
36 49
36 27
36 86
36 29
36 69
37 32
37 2
37 35
37 36
37 5
37 6
37 39
37 9
37 10
37 11
37 12
37 77
37 63
37 47
37 81
37 22
37 27
37 86
37 29
37 69
38 83
38 43
38 4
38 85
38 31
40 2
40 4
40 5
40 6
40 9
40 10
40 11
40 22
40 27
40 29
40 32
40 35
40 36
40 39
40 43
40 47
40 49
40 63
40 69
40 81
40 85
40 86
41 32
41 2
41 36
41 5
41 39
41 9
41 10
41 11
41 12
41 77
41 63
41 47
41 81
41 86
41 27
41 69
42 32
42 2
42 35
42 4
42 49
42 6
42 39
42 9
42 10
42 11
42 43
42 47
42 81
42 83
42 85
42 22
42 36
42 27
42 86
42 29
42 63
44 2
44 4
44 5
44 6
44 9
44 10
44 11
44 22
44 27
44 29
44 32
44 35
44 36
44 39
44 43
44 47
44 49
44 63
44 81
44 83
44 85
44 86
45 2
45 35
45 4
45 49
45 6
45 39
45 11
45 43
45 47
45 81
45 83
45 85
45 22
45 36
45 27
45 86
45 29
45 63
46 83
46 43
46 4
46 85
46 31
47 32
47 2
47 35
47 36
47 5
47 6
47 39
47 9
47 10
47 11
47 12
47 77
47 63
47 81
47 22
47 27
47 86
47 29
47 69
48 35
48 4
48 6
48 43
48 49
48 83
48 85
48 22
48 29
48 31
50 4
50 43
50 49
50 83
50 85
50 31
51 4
51 43
51 49
51 83
51 85
51 31
52 31
54 32
54 2
54 36
54 5
54 39
54 9
54 10
54 11
54 12
54 77
54 63
54 47
54 81
54 86
54 27
54 69
56 2
56 35
56 4
56 49
56 6
56 39
56 11
56 43
56 47
56 81
56 83
56 85
56 22
56 36
56 27
56 86
56 29
56 63
57 2
57 35
57 4
57 49
57 6
57 39
57 11
57 43
57 47
57 81
57 83
57 85
57 22
57 36
57 27
57 86
57 29
57 63
58 32
58 36
58 5
58 39
58 9
58 10
58 11
58 12
58 77
58 63
58 47
58 81
58 86
58 27
58 69
59 2
59 4
59 5
59 6
59 9
59 10
59 11
59 22
59 27
59 29
59 32
59 35
59 36
59 39
59 43
59 47
59 49
59 63
59 69
59 81
59 85
59 86
60 32
60 2
60 36
60 5
60 39
60 9
60 10
60 11
60 12
60 77
60 63
60 47
60 81
60 86
60 27
60 29
60 69
61 2
61 35
61 4
61 49
61 6
61 39
61 11
61 43
61 47
61 81
61 83
61 85
61 22
61 36
61 27
61 86
61 29
61 63
62 32
62 2
62 35
62 4
62 49
62 6
62 39
62 9
62 10
62 11
62 43
62 47
62 81
62 83
62 85
62 22
62 36
62 27
62 86
62 29
62 63
63 32
63 2
63 36
63 5
63 39
63 9
63 10
63 11
63 12
63 77
63 47
63 81
63 86
63 27
63 69
64 2
64 35
64 4
64 49
64 6
64 39
64 11
64 43
64 47
64 81
64 83
64 85
64 22
64 36
64 27
64 86
64 29
64 63
66 4
66 43
66 49
66 83
66 85
66 31
70 35
70 4
70 6
70 43
70 49
70 83
70 85
70 22
70 29
70 31
71 32
71 2
71 35
71 36
71 5
71 6
71 39
71 9
71 10
71 11
71 12
71 77
71 63
71 47
71 81
71 22
71 27
71 86
71 29
71 69
72 31
73 83
73 31
74 32
74 2
74 35
74 4
74 49
74 6
74 39
74 9
74 10
74 11
74 43
74 47
74 81
74 83
74 85
74 22
74 36
74 27
74 86
74 29
74 63
77 32
77 5
77 9
77 10
77 12
77 69
78 32
78 2
78 35
78 4
78 49
78 6
78 39
78 9
78 10
78 11
78 43
78 47
78 81
78 83
78 85
78 22
78 36
78 27
78 86
78 29
78 63
80 32
80 2
80 35
80 4
80 49
80 6
80 39
80 10
80 11
80 43
80 47
80 81
80 83
80 85
80 22
80 36
80 27
80 86
80 29
80 63
82 31
84 2
84 4
84 5
84 6
84 9
84 10
84 11
84 22
84 27
84 29
84 32
84 35
84 36
84 39
84 43
84 47
84 49
84 63
84 69
84 81
84 85
84 86
85 32
85 5
85 39
85 9
85 10
85 12
85 77
85 86
85 69
86 32
86 2
86 36
86 5
86 39
86 9
86 10
86 11
86 12
86 77
86 63
86 47
86 81
86 27
86 69
87 2
87 35
87 4
87 6
87 49
87 31
87 11
87 43
87 81
87 83
87 85
87 22
87 36
87 27
87 29
87 63
88 32
88 5
88 9
88 10
88 12
88 77
88 69
