88
1 64
1 67
1 6
1 39
1 73
1 10
1 7
1 76
1 77
1 47
1 71
1 26
1 42
1 21
1 56
1 57
1 58
1 74
1 62
4 2
4 3
4 17
4 37
4 70
4 81
4 72
4 12
4 11
4 44
4 45
4 13
4 49
4 83
4 55
4 23
4 25
4 28
4 29
4 30
4 69
5 64
5 66
5 67
5 6
5 39
5 73
5 10
5 7
5 76
5 77
5 47
5 71
5 26
5 42
5 56
5 57
5 58
5 74
5 62
7 3
7 11
7 23
7 25
7 26
7 28
7 29
7 30
7 37
7 42
7 47
7 55
7 56
7 58
7 62
7 66
7 67
7 70
7 71
7 72
7 73
7 74
7 76
7 81
8 2
8 3
8 11
8 12
8 13
8 17
8 23
8 25
8 26
8 28
8 29
8 30
8 37
8 44
8 45
8 47
8 49
8 55
8 58
8 66
8 69
8 70
8 72
8 74
8 76
8 81
8 83
9 66
9 67
9 70
9 7
9 72
9 73
9 42
9 71
9 76
9 77
9 47
9 26
9 30
9 23
9 56
9 25
9 58
9 74
9 62
14 64
14 65
14 36
14 5
14 6
14 7
14 41
14 10
14 39
14 77
14 57
14 52
14 21
14 73
14 56
14 20
14 42
15 48
15 24
15 84
15 46
15 63
17 40
17 78
17 48
17 84
17 46
17 24
17 63
19 64
19 65
19 5
19 6
19 7
19 41
19 10
19 39
19 77
19 57
19 52
19 21
19 73
19 56
19 20
19 42
19 62
20 1
20 5
20 6
20 8
20 10
20 14
20 16
20 21
20 31
20 33
20 36
20 39
20 41
20 42
20 52
20 53
20 54
20 57
20 64
20 65
20 73
20 77
20 86
21 64
21 1
21 36
21 5
21 6
21 39
21 41
21 10
21 77
21 14
21 20
21 53
21 73
21 57
21 33
21 52
21 42
21 65
22 3
22 7
22 11
22 23
22 25
22 26
22 28
22 29
22 30
22 37
22 42
22 47
22 55
22 56
22 58
22 62
22 66
22 67
22 70
22 71
22 72
22 73
22 74
22 76
22 81
25 2
25 3
25 11
25 12
25 13
25 17
25 23
25 28
25 29
25 30
25 37
25 44
25 45
25 47
25 49
25 55
25 66
25 69
25 70
25 72
25 76
25 81
25 83
29 48
29 40
29 84
29 78
29 63
30 2
30 3
30 11
30 12
30 13
30 17
30 23
30 25
30 28
30 29
30 37
30 44
30 45
30 47
30 49
30 55
30 66
30 69
30 70
30 72
30 76
30 81
30 83
32 40
32 78
32 48
32 84
32 24
32 63
33 64
33 65
33 67
33 6
33 39
33 73
33 10
33 7
33 77
33 71
33 52
33 21
33 56
33 57
33 58
33 42
33 62
34 64
34 67
34 6
34 39
34 73
34 10
34 7
34 76
34 77
34 71
34 26
34 42
34 21
34 56
34 57
34 58
34 74
34 62
35 64
35 67
35 6
35 39
35 73
35 10
35 7
35 77
35 71
35 26
35 42
35 52
35 21
35 56
35 57
35 58
35 74
35 62
36 3
36 7
36 11
36 12
36 23
36 25
36 26
36 28
36 29
36 30
36 37
36 42
36 45
36 47
36 55
36 56
36 58
36 62
36 66
36 67
36 70
36 71
36 72
36 73
36 74
36 76
36 81
38 24
38 50
38 46
38 63
41 64
41 65
41 5
41 6
41 7
41 73
41 10
41 39
41 77
41 52
41 21
41 57
41 56
41 20
41 71
41 42
41 62
42 66
42 3
42 37
42 70
42 7
42 72
42 73
42 74
42 11
42 76
42 47
42 26
42 67
42 30
42 23
42 56
42 25
42 71
42 29
42 58
42 62
44 64
44 67
44 6
44 39
44 73
44 10
44 7
44 76
44 77
44 71
44 26
44 42
44 21
44 56
44 57
44 58
44 74
44 62
45 1
45 5
45 6
45 8
45 10
45 14
45 16
45 20
45 21
45 33
45 36
45 39
45 41
45 42
45 52
45 53
45 54
45 57
45 64
45 65
45 73
45 77
45 86
46 64
46 67
46 6
46 39
46 73
46 10
46 7
46 77
46 71
46 26
46 42
46 52
46 21
46 56
46 57
46 58
46 74
46 62
50 64
50 65
50 36
50 5
50 6
50 7
50 41
50 10
50 39
50 77
50 14
50 57
50 52
50 21
50 73
50 56
50 20
50 42
51 3
51 7
51 11
51 12
51 23
51 25
51 26
51 28
51 29
51 30
51 37
51 42
51 45
51 47
51 55
51 56
51 58
51 62
51 66
51 67
51 70
51 71
51 72
51 73
51 74
51 76
51 81
53 1
53 5
53 6
53 8
53 10
53 14
53 16
53 20
53 21
53 31
53 33
53 36
53 39
53 41
53 43
53 52
53 54
53 57
53 61
53 64
53 65
53 77
53 86
54 2
54 17
54 69
54 81
54 40
54 12
54 44
54 45
54 78
54 13
54 49
54 83
54 55
54 28
57 66
57 67
57 70
57 6
57 7
57 72
57 73
57 42
57 39
57 76
57 77
57 47
57 71
57 26
57 30
57 23
57 56
57 25
57 58
57 74
57 62
59 46
59 48
59 50
59 84
59 24
59 63
60 18
61 64
61 1
61 36
61 5
61 6
61 39
61 41
61 10
61 77
61 14
61 16
61 53
61 20
61 21
61 54
61 73
61 57
61 33
61 52
61 42
61 65
63 64
63 65
63 36
63 5
63 6
63 7
63 41
63 10
63 39
63 77
63 57
63 52
63 21
63 73
63 56
63 20
63 42
64 24
64 50
64 46
64 63
65 2
65 3
65 7
65 11
65 12
65 17
65 23
65 25
65 26
65 28
65 29
65 30
65 37
65 45
65 47
65 49
65 55
65 56
65 58
65 62
65 66
65 67
65 70
65 71
65 72
65 74
65 76
65 81
68 48
68 40
68 84
68 78
68 63
71 3
71 7
71 11
71 23
71 25
71 26
71 29
71 30
71 37
71 42
71 47
71 56
71 58
71 62
71 66
71 67
71 70
71 72
71 73
71 74
71 76
71 77
72 64
72 67
72 6
72 39
72 73
72 10
72 7
72 77
72 71
72 26
72 42
72 21
72 56
72 57
72 58
72 74
72 62
73 2
73 3
73 11
73 12
73 17
73 23
73 25
73 26
73 28
73 29
73 30
73 37
73 44
73 45
73 47
73 49
73 55
73 58
73 62
73 66
73 67
73 69
73 70
73 71
73 72
73 74
73 76
73 81
73 83
74 2
74 3
74 7
74 11
74 12
74 17
74 23
74 25
74 26
74 28
74 29
74 30
74 37
74 45
74 47
74 49
74 55
74 56
74 58
74 62
74 66
74 67
74 70
74 71
74 72
74 76
74 81
75 66
75 67
75 37
75 70
75 7
75 72
75 73
75 42
75 11
75 76
75 77
75 47
75 71
75 26
75 30
75 23
75 56
75 25
75 58
75 74
75 62
76 64
76 65
76 67
76 6
76 39
76 73
76 10
76 7
76 77
76 52
76 21
76 56
76 57
76 71
76 42
76 62
77 64
77 66
77 67
77 6
77 39
77 73
77 10
77 7
77 76
77 47
77 71
77 26
77 42
77 56
77 57
77 58
77 74
77 62
79 2
79 3
79 11
79 12
79 13
79 17
79 23
79 25
79 26
79 28
79 29
79 30
79 37
79 44
79 45
79 47
79 49
79 55
79 66
79 69
79 70
79 72
79 76
79 81
79 83
85 24
85 50
85 46
85 63
86 50
86 82
86 46
87 2
87 3
87 11
87 12
87 13
87 17
87 23
87 25
87 26
87 28
87 29
87 30
87 37
87 44
87 45
87 47
87 49
87 55
87 58
87 66
87 69
87 70
87 72
87 74
87 76
87 81
87 83
88 40
88 78
88 48
88 84
88 46
88 24
88 63
