88
1 27
1 5
1 39
1 8
1 10
1 75
1 13
1 82
1 83
1 84
1 56
1 59
1 30
1 31
2 75
2 5
2 7
2 8
2 31
2 10
2 11
2 13
2 82
2 83
2 84
2 56
2 39
2 59
2 30
2 37
3 64
3 2
3 11
3 5
3 7
3 8
3 10
3 39
3 76
3 13
3 82
3 83
3 84
3 56
3 31
3 37
4 2
4 11
4 5
4 7
4 8
4 75
4 10
4 39
4 13
4 27
4 82
4 83
4 84
4 56
4 59
4 30
4 31
6 64
6 33
6 2
6 11
6 5
6 7
6 8
6 10
6 39
6 76
6 13
6 82
6 83
6 84
6 56
6 31
6 37
9 1
9 12
9 15
9 18
9 26
9 28
9 29
9 32
9 33
9 35
9 36
9 37
9 38
9 43
9 44
9 49
9 50
9 51
9 52
9 58
9 64
9 69
9 76
14 1
14 9
14 12
14 15
14 18
14 26
14 28
14 29
14 32
14 33
14 35
14 36
14 38
14 43
14 44
14 49
14 50
14 51
14 52
14 58
14 64
14 65
14 69
14 76
18 40
18 67
18 23
19 1
19 9
19 12
19 14
19 15
19 18
19 26
19 28
19 29
19 32
19 33
19 35
19 36
19 38
19 43
19 44
19 49
19 50
19 51
19 52
19 58
19 64
19 65
19 68
19 69
19 76
20 64
20 2
20 11
20 5
20 7
20 8
20 10
20 39
20 76
20 13
20 82
20 83
20 84
20 56
20 31
20 37
21 40
21 67
21 27
21 23
22 17
24 2
24 11
24 5
24 7
24 8
24 31
24 10
24 39
24 13
24 82
24 83
24 84
24 56
24 75
24 30
24 37
25 40
25 67
25 23
26 67
26 40
26 75
26 59
26 23
26 27
26 30
27 1
27 9
27 12
27 14
27 15
27 18
27 26
27 28
27 29
27 32
27 33
27 35
27 36
27 38
27 43
27 44
27 49
27 50
27 51
27 52
27 58
27 64
27 65
27 68
27 69
27 76
28 1
28 2
28 9
28 12
28 15
28 18
28 26
28 29
28 32
28 33
28 35
28 36
28 37
28 38
28 43
28 44
28 49
28 50
28 51
28 52
28 58
28 64
28 69
28 76
29 67
29 40
29 75
29 13
29 59
29 84
29 23
29 27
29 30
30 67
30 40
30 75
30 13
30 59
30 23
30 27
31 2
31 11
31 5
31 7
31 8
31 10
31 39
31 13
31 59
31 82
31 83
31 84
31 56
31 75
31 30
31 37
32 67
32 40
32 59
32 23
32 27
32 30
33 40
33 67
33 27
33 23
34 17
35 67
35 39
35 40
35 10
35 75
35 13
35 27
35 84
35 23
35 56
35 59
35 30
36 40
36 67
36 27
36 23
39 64
39 1
39 2
39 43
39 5
39 38
39 7
39 8
39 12
39 11
39 44
39 82
39 76
39 50
39 83
39 56
39 33
39 31
39 28
39 37
41 64
41 33
41 2
41 11
41 5
41 7
41 8
41 44
41 10
41 39
41 76
41 82
41 50
41 83
41 56
41 31
41 37
42 67
42 39
42 8
42 10
42 75
42 13
42 27
42 40
42 84
42 23
42 56
42 59
42 30
43 1
43 9
43 12
43 15
43 18
43 26
43 28
43 29
43 32
43 33
43 35
43 36
43 38
43 44
43 49
43 50
43 51
43 52
43 58
43 64
43 65
43 69
43 76
45 64
45 33
45 2
45 11
45 5
45 7
45 8
45 44
45 10
45 39
45 76
45 82
45 50
45 83
45 56
45 31
45 37
46 40
46 67
46 27
46 23
48 40
48 67
48 23
49 67
49 39
49 40
49 10
49 75
49 13
49 27
49 84
49 23
49 56
49 59
49 30
50 67
50 39
50 40
50 10
50 75
50 13
50 27
50 84
50 23
50 59
50 30
51 64
51 33
51 2
51 11
51 5
51 38
51 7
51 8
51 44
51 39
51 76
51 82
51 43
51 50
51 83
51 56
51 31
51 28
51 37
52 1
52 9
52 12
52 14
52 15
52 18
52 26
52 28
52 29
52 32
52 33
52 35
52 36
52 38
52 43
52 44
52 49
52 50
52 51
52 58
52 64
52 65
52 68
52 69
52 76
53 40
53 67
53 23
54 40
54 67
54 27
54 23
55 2
55 11
55 5
55 7
55 8
55 31
55 10
55 39
55 13
55 59
55 82
55 83
55 84
55 56
55 75
55 30
55 37
56 64
56 1
56 2
56 43
56 32
56 5
56 38
56 7
56 12
56 11
56 44
56 50
56 76
56 49
56 82
56 83
56 33
56 31
56 28
56 26
56 37
57 67
57 40
57 10
57 75
57 13
57 27
57 84
57 23
57 59
57 30
58 64
58 2
58 11
58 5
58 7
58 8
58 31
58 10
58 39
58 76
58 13
58 82
58 83
58 84
58 56
58 75
58 37
60 2
60 11
60 5
60 7
60 8
60 31
60 10
60 39
60 13
60 59
60 82
60 83
60 84
60 56
60 75
60 30
60 37
61 67
61 39
61 40
61 10
61 75
61 13
61 27
61 84
61 23
61 56
61 59
61 30
62 27
62 5
62 39
62 8
62 10
62 75
62 13
62 40
62 83
62 84
62 56
62 59
62 30
63 64
63 1
63 2
63 43
63 5
63 38
63 7
63 8
63 12
63 11
63 44
63 82
63 76
63 50
63 83
63 56
63 33
63 31
63 28
63 37
64 32
64 1
64 2
64 35
64 37
64 38
64 7
64 76
64 43
64 44
64 50
64 12
64 15
64 49
64 18
64 51
64 33
64 29
64 28
64 26
64 69
65 67
65 39
65 40
65 10
65 75
65 13
65 27
65 84
65 23
65 59
65 30
66 67
66 40
66 75
66 59
66 23
66 27
66 30
67 64
67 2
67 11
67 5
67 7
67 8
67 10
67 39
67 76
67 13
67 82
67 83
67 84
67 56
67 31
67 37
68 2
68 11
68 5
68 7
68 8
68 31
68 10
68 39
68 13
68 59
68 82
68 83
68 84
68 56
68 75
68 30
68 37
69 64
69 33
69 2
69 11
69 5
69 7
69 8
69 44
69 10
69 39
69 76
69 82
69 50
69 83
69 56
69 31
69 37
70 64
70 1
70 2
70 43
70 5
70 38
70 7
70 8
70 12
70 11
70 44
70 82
70 76
70 50
70 83
70 56
70 33
70 31
70 28
70 37
72 67
72 40
72 75
72 13
72 59
72 23
72 27
72 30
73 67
73 39
73 40
73 10
73 75
73 13
73 27
73 84
73 23
73 59
73 30
74 67
74 40
74 75
74 59
74 23
74 27
74 30
75 27
75 5
75 39
75 8
75 10
75 11
75 13
75 82
75 83
75 84
75 56
75 59
75 30
75 31
76 2
76 11
76 5
76 7
76 8
76 31
76 10
76 39
76 13
76 82
76 83
76 84
76 56
76 75
76 37
77 40
77 67
77 23
78 67
78 39
78 40
78 10
78 75
78 13
78 27
78 84
78 23
78 56
78 59
78 30
79 40
79 59
79 67
79 27
79 23
80 67
80 23
82 1
82 9
82 12
82 15
82 18
82 26
82 28
82 29
82 32
82 33
82 35
82 36
82 37
82 38
82 43
82 44
82 49
82 50
82 51
82 52
82 58
82 64
82 69
82 76
83 64
83 1
83 2
83 43
83 32
83 37
83 38
83 7
83 12
83 11
83 44
83 15
83 76
83 49
83 50
83 33
83 29
83 28
83 26
86 67
86 40
86 75
86 59
86 23
86 27
86 30
87 64
87 33
87 2
87 11
87 5
87 7
87 8
87 44
87 10
87 39
87 76
87 82
87 50
87 83
87 56
87 31
87 37
88 2
88 11
88 5
88 7
88 8
88 75
88 10
88 39
88 13
88 27
88 82
88 83
88 84
88 56
88 59
88 30
88 31
