88
1 33
1 7
1 80
1 9
1 77
1 46
1 47
1 48
1 83
1 20
1 86
1 23
1 24
1 62
1 31
2 80
2 70
2 7
2 9
2 77
2 46
2 48
2 24
2 86
2 88
2 31
3 33
3 39
3 73
3 74
3 47
3 18
3 83
3 20
3 85
3 22
3 23
3 57
3 58
3 26
3 53
4 33
4 39
4 73
4 74
4 47
4 18
4 85
4 22
4 57
4 58
4 26
4 53
5 33
5 39
5 73
5 74
5 47
5 18
5 83
5 20
5 53
5 22
5 23
5 57
5 58
5 26
5 62
6 56
6 82
6 60
8 33
8 7
8 80
8 9
8 77
8 46
8 48
8 83
8 20
8 86
8 23
8 24
8 62
8 31
10 33
10 39
10 73
10 74
10 47
10 18
10 83
10 20
10 85
10 22
10 23
10 57
10 58
10 26
10 53
11 80
11 70
11 7
11 9
11 77
11 46
11 48
11 24
11 20
11 86
11 88
11 62
11 31
12 33
12 7
12 80
12 9
12 77
12 46
12 48
12 83
12 20
12 86
12 23
12 24
12 62
12 31
13 33
13 7
13 80
13 9
13 23
13 77
13 46
13 47
13 48
13 83
13 20
13 86
13 73
13 24
13 26
13 62
13 31
14 33
14 7
14 80
14 9
14 77
14 46
14 48
14 83
14 20
14 86
14 23
14 24
14 62
14 31
15 80
15 70
15 7
15 9
15 77
15 46
15 48
15 24
15 86
15 88
15 31
16 17
17 39
17 74
17 18
17 53
17 22
17 58
17 85
19 33
19 7
19 80
19 9
19 77
19 46
19 48
19 83
19 20
19 86
19 23
19 24
19 62
19 31
21 58
21 39
21 85
21 22
21 53
23 33
23 7
23 80
23 9
23 77
23 46
23 47
23 48
23 83
23 20
23 86
23 73
23 24
23 62
23 31
25 56
25 52
25 82
25 60
26 33
26 7
26 80
26 9
26 77
26 46
26 48
26 83
26 20
26 86
26 23
26 24
26 62
26 31
27 33
27 7
27 80
27 9
27 77
27 46
27 48
27 83
27 20
27 86
27 23
27 24
27 62
27 31
28 33
28 7
28 80
28 9
28 23
28 77
28 46
28 47
28 48
28 83
28 20
28 86
28 73
28 24
28 62
28 31
31 80
31 70
31 7
31 9
31 77
31 46
31 48
31 24
31 86
31 88
31 62
32 39
32 73
32 74
32 47
32 18
32 85
32 22
32 57
32 58
32 26
32 53
33 80
33 70
33 7
33 9
33 77
33 46
33 48
33 24
33 86
33 88
33 31
34 33
34 39
34 73
34 74
34 47
34 18
34 83
34 20
34 53
34 22
34 23
34 57
34 58
34 26
34 62
35 33
35 7
35 80
35 9
35 23
35 77
35 46
35 47
35 48
35 83
35 20
35 86
35 73
35 24
35 57
35 26
35 62
35 31
36 33
36 70
36 7
36 80
36 9
36 77
36 46
36 48
36 83
36 20
36 86
36 23
36 24
36 62
36 31
37 33
37 7
37 80
37 9
37 23
37 77
37 46
37 47
37 48
37 83
37 20
37 86
37 73
37 24
37 62
37 31
39 80
39 70
39 7
39 9
39 77
39 46
39 48
39 24
39 86
39 88
39 31
40 33
40 39
40 73
40 74
40 47
40 18
40 83
40 20
40 53
40 22
40 23
40 57
40 58
40 26
40 62
41 39
41 73
41 74
41 47
41 18
41 85
41 22
41 57
41 58
41 26
41 53
42 33
42 39
42 73
42 74
42 47
42 18
42 83
42 20
42 85
42 22
42 23
42 57
42 58
42 26
42 53
43 33
43 7
43 80
43 9
43 77
43 46
43 48
43 83
43 20
43 86
43 23
43 24
43 62
43 31
44 70
44 9
44 77
44 80
44 24
44 86
44 88
44 31
45 33
45 7
45 80
45 9
45 77
45 46
45 48
45 83
45 20
45 86
45 23
45 24
45 62
45 31
46 80
46 70
46 7
46 9
46 77
46 48
46 83
46 20
46 86
46 23
46 24
46 62
46 31
47 80
47 70
47 7
47 9
47 77
47 46
47 48
47 24
47 86
47 88
47 62
47 31
48 70
48 7
48 9
48 77
48 46
48 80
48 24
48 86
48 88
48 31
49 80
49 70
49 7
49 9
49 77
49 46
49 48
49 24
49 86
49 88
49 62
49 31
50 80
50 70
50 7
50 9
50 77
50 46
50 48
50 20
50 86
50 23
50 24
50 62
50 31
53 33
53 7
53 80
53 9
53 77
53 46
53 47
53 48
53 83
53 20
53 86
53 23
53 24
53 62
53 31
54 80
54 70
54 7
54 9
54 77
54 46
54 48
54 24
54 86
54 88
54 62
54 31
55 33
55 7
55 80
55 9
55 23
55 77
55 46
55 47
55 48
55 83
55 20
55 86
55 73
55 24
55 62
55 31
56 80
56 70
56 7
56 9
56 77
56 46
56 48
56 24
56 86
56 88
56 31
57 33
57 7
57 80
57 9
57 23
57 77
57 46
57 47
57 48
57 83
57 20
57 86
57 73
57 24
57 62
57 31
59 33
59 39
59 73
59 74
59 47
59 18
59 83
59 20
59 85
59 22
59 23
59 57
59 58
59 26
59 62
59 53
60 33
60 39
60 73
60 74
60 47
60 18
60 83
60 20
60 53
60 22
60 23
60 57
60 58
60 26
60 62
61 33
61 39
61 73
61 74
61 47
61 18
61 83
61 20
61 85
61 22
61 23
61 57
61 58
61 26
61 53
63 33
63 7
63 80
63 9
63 23
63 77
63 46
63 47
63 48
63 83
63 20
63 86
63 73
63 24
63 62
63 31
64 33
64 39
64 73
64 74
64 47
64 18
64 83
64 20
64 85
64 22
64 23
64 57
64 58
64 26
64 53
65 56
66 80
66 70
66 7
66 9
66 77
66 46
66 48
66 24
66 86
66 88
66 31
67 33
67 7
67 80
67 9
67 23
67 77
67 46
67 47
67 48
67 83
67 20
67 86
67 73
67 24
67 26
67 62
67 31
68 80
68 70
68 7
68 9
68 77
68 46
68 48
68 24
68 86
68 88
68 62
68 31
69 33
69 7
69 80
69 9
69 77
69 46
69 47
69 48
69 83
69 20
69 86
69 23
69 24
69 62
69 31
71 33
71 39
71 73
71 74
71 47
71 18
71 83
71 20
71 53
71 22
71 23
71 57
71 58
71 26
71 62
72 33
72 39
72 73
72 74
72 47
72 18
72 83
72 85
72 22
72 57
72 58
72 26
72 53
73 80
73 70
73 7
73 9
73 77
73 46
73 48
73 24
73 86
73 88
73 62
73 31
75 33
75 7
75 80
75 9
75 23
75 77
75 46
75 47
75 48
75 83
75 20
75 86
75 73
75 24
75 62
75 31
76 33
76 7
76 80
76 9
76 74
76 23
76 77
76 46
76 47
76 48
76 83
76 20
76 73
76 57
76 26
76 62
76 31
78 33
78 7
78 80
78 73
78 74
78 77
78 46
78 47
78 48
78 83
78 20
78 23
78 57
78 26
78 62
78 31
79 33
79 7
79 80
79 9
79 23
79 77
79 46
79 47
79 48
79 83
79 20
79 86
79 73
79 24
79 62
79 31
81 33
81 7
81 80
81 9
81 77
81 46
81 47
81 48
81 83
81 20
81 86
81 23
81 24
81 62
81 31
83 33
83 7
83 80
83 9
83 77
83 46
83 47
83 48
83 20
83 86
83 23
83 24
83 62
83 31
84 39
84 74
84 18
84 53
84 22
84 57
84 58
84 26
84 85
85 80
85 70
85 7
85 9
85 77
85 46
85 48
85 24
85 86
85 88
85 62
85 31
87 33
87 7
87 80
87 9
87 77
87 46
87 48
87 83
87 20
87 86
87 23
87 24
87 62
87 31
88 24
88 9
88 86
88 70
