88
1 11
1 24
1 25
1 26
1 28
1 37
1 39
1 42
1 44
1 52
1 58
1 63
1 64
1 65
1 67
1 69
1 71
1 72
1 73
1 76
1 79
1 80
1 81
1 87
2 21
2 22
2 25
2 32
2 34
2 36
2 38
2 39
2 42
2 44
2 45
2 50
2 53
2 54
2 65
2 67
2 69
2 70
2 75
2 78
2 82
2 85
2 86
3 7
3 11
3 18
3 23
3 24
3 25
3 26
3 28
3 37
3 39
3 52
3 58
3 63
3 64
3 66
3 67
3 71
3 72
3 73
3 74
3 76
3 79
3 80
3 81
3 87
4 64
4 66
4 37
4 7
4 72
4 9
4 74
4 11
4 79
4 80
4 81
4 18
4 52
4 87
4 23
4 26
4 63
5 64
5 66
5 11
5 37
5 7
5 72
5 9
5 74
5 71
5 76
5 79
5 80
5 81
5 18
5 52
5 73
5 23
5 58
5 87
5 26
5 63
6 11
6 24
6 25
6 26
6 28
6 37
6 39
6 42
6 44
6 52
6 53
6 58
6 63
6 64
6 65
6 67
6 69
6 71
6 72
6 73
6 76
6 78
6 79
6 80
6 81
6 87
7 9
7 18
7 66
7 74
7 23
10 11
10 18
10 24
10 25
10 26
10 28
10 37
10 39
10 52
10 58
10 63
10 64
10 66
10 67
10 71
10 72
10 73
10 74
10 76
10 79
10 80
10 81
10 87
11 66
11 7
11 9
11 74
11 18
11 23
12 9
12 18
12 7
12 74
12 23
13 64
13 66
13 11
13 37
13 7
13 72
13 9
13 74
13 71
13 79
13 80
13 81
13 18
13 52
13 87
13 23
13 26
13 63
14 64
14 66
14 37
14 7
14 72
14 9
14 74
14 23
14 79
14 80
14 18
14 52
14 87
14 26
14 63
15 7
15 11
15 18
15 23
15 24
15 25
15 26
15 28
15 37
15 39
15 52
15 58
15 63
15 64
15 66
15 67
15 71
15 72
15 73
15 74
15 76
15 79
15 80
15 81
15 87
17 30
24 64
24 66
24 11
24 37
24 7
24 72
24 9
24 74
24 71
24 76
24 79
24 80
24 81
24 18
24 52
24 87
24 23
24 58
24 26
24 63
25 66
25 7
25 9
25 74
25 18
25 23
26 64
26 66
26 11
26 37
26 7
26 72
26 9
26 74
26 71
26 79
26 80
26 81
26 18
26 52
26 23
26 87
26 63
27 66
27 7
27 72
27 9
27 74
27 23
27 18
27 87
29 11
29 21
29 22
29 24
29 25
29 26
29 28
29 32
29 34
29 39
29 42
29 44
29 45
29 50
29 52
29 53
29 54
29 58
29 65
29 67
29 69
29 71
29 73
29 75
29 76
29 78
29 80
29 81
29 82
29 85
29 86
30 7
30 9
30 11
30 18
30 23
30 24
30 26
30 28
30 37
30 39
30 52
30 58
30 63
30 64
30 66
30 71
30 72
30 73
30 74
30 76
30 79
30 80
30 81
30 87
31 11
31 21
31 24
31 25
31 26
31 28
31 37
31 39
31 42
31 44
31 45
31 50
31 52
31 53
31 58
31 63
31 64
31 65
31 67
31 69
31 71
31 73
31 75
31 76
31 78
31 79
31 80
31 81
31 87
32 9
32 18
32 7
32 74
32 23
33 7
33 9
33 11
33 18
33 23
33 24
33 26
33 28
33 37
33 52
33 58
33 63
33 64
33 66
33 71
33 72
33 73
33 74
33 76
33 79
33 80
33 81
33 87
35 11
35 21
35 22
35 24
35 25
35 26
35 28
35 32
35 34
35 39
35 42
35 44
35 45
35 50
35 52
35 53
35 54
35 58
35 65
35 67
35 69
35 71
35 73
35 75
35 76
35 78
35 80
35 81
35 82
35 85
35 86
37 66
37 7
37 9
37 74
37 18
37 23
39 64
39 66
39 11
39 37
39 7
39 72
39 9
39 74
39 71
39 76
39 79
39 80
39 81
39 18
39 52
39 87
39 23
39 58
39 26
39 63
41 64
41 66
41 11
41 37
41 7
41 72
41 9
41 74
41 71
41 79
41 80
41 81
41 18
41 52
41 87
41 23
41 26
41 63
42 64
42 66
42 37
42 7
42 72
42 9
42 74
42 23
42 79
42 18
42 87
42 26
42 63
43 11
43 24
43 25
43 26
43 28
43 37
43 39
43 42
43 44
43 45
43 52
43 53
43 58
43 63
43 64
43 65
43 67
43 69
43 71
43 72
43 73
43 76
43 78
43 79
43 80
43 81
43 87
47 11
47 18
47 24
47 25
47 26
47 28
47 37
47 39
47 44
47 52
47 58
47 63
47 64
47 65
47 66
47 67
47 69
47 71
47 72
47 73
47 76
47 79
47 80
47 81
47 87
49 66
49 7
49 72
49 9
49 74
49 18
49 23
53 66
53 7
53 9
53 74
53 18
53 23
55 64
55 66
55 37
55 7
55 72
55 9
55 74
55 23
55 79
55 18
55 87
55 63
56 64
56 66
56 11
56 37
56 7
56 72
56 9
56 74
56 71
56 79
56 80
56 81
56 18
56 52
56 87
56 23
56 26
56 63
57 7
57 11
57 18
57 23
57 24
57 25
57 26
57 28
57 37
57 39
57 52
57 58
57 63
57 64
57 66
57 67
57 71
57 72
57 73
57 74
57 76
57 79
57 80
57 81
57 87
58 9
58 18
58 7
58 74
58 23
59 7
59 11
59 18
59 23
59 24
59 25
59 26
59 28
59 37
59 39
59 52
59 58
59 63
59 64
59 66
59 67
59 71
59 72
59 73
59 74
59 76
59 79
59 80
59 81
59 87
60 7
60 11
60 18
60 23
60 24
60 25
60 26
60 28
60 37
60 39
60 52
60 58
60 63
60 64
60 66
60 67
60 71
60 72
60 73
60 74
60 76
60 79
60 80
60 81
60 87
61 66
61 7
61 72
61 9
61 74
61 23
61 18
61 87
62 66
62 7
62 9
62 74
62 18
62 23
63 66
63 7
63 72
63 9
63 74
63 23
63 18
63 87
64 66
64 11
64 37
64 7
64 72
64 9
64 74
64 71
64 76
64 79
64 80
64 81
64 18
64 52
64 87
64 23
64 26
64 63
68 66
68 7
68 72
68 9
68 74
68 23
68 18
68 87
71 64
71 66
71 37
71 7
71 72
71 9
71 74
71 11
71 79
71 80
71 81
71 18
71 52
71 87
71 23
71 26
71 63
72 66
72 7
72 9
72 74
72 18
72 23
77 11
77 24
77 25
77 26
77 28
77 37
77 39
77 42
77 44
77 45
77 52
77 53
77 58
77 63
77 64
77 65
77 67
77 69
77 71
77 72
77 73
77 76
77 78
77 79
77 80
77 81
77 87
78 64
78 66
78 11
78 37
78 7
78 72
78 9
78 74
78 71
78 79
78 80
78 81
78 18
78 52
78 87
78 23
78 26
78 63
79 64
79 66
79 11
79 37
79 7
79 72
79 9
79 74
79 71
79 76
79 80
79 81
79 18
79 52
79 87
79 23
79 58
79 26
79 63
81 64
81 66
81 11
81 37
81 7
81 72
81 9
81 74
81 71
81 76
81 79
81 80
81 87
81 18
81 52
81 23
81 58
81 26
81 63
83 34
83 36
83 54
83 38
83 51
83 86
83 70
84 66
84 7
84 72
84 9
84 74
84 23
84 18
84 87
86 66
86 7
86 9
86 74
86 18
86 23
87 64
87 66
87 11
87 37
87 7
87 72
87 9
87 74
87 71
87 76
87 79
87 80
87 81
87 18
87 52
87 23
87 58
87 26
87 63
88 11
88 24
88 25
88 26
88 28
88 37
88 39
88 42
88 44
88 52
88 53
88 58
88 63
88 64
88 65
88 67
88 69
88 71
88 72
88 73
88 76
88 78
88 79
88 80
88 81
88 87
