88
1 64
1 67
1 37
1 39
1 73
1 11
1 76
1 47
1 80
1 81
1 26
1 52
1 24
1 25
1 71
1 29
1 28
1 58
1 63
2 32
2 65
2 34
2 50
2 54
2 42
2 75
2 45
2 78
2 82
2 85
2 22
2 86
2 53
2 21
3 64
3 1
3 35
3 37
3 71
3 72
3 31
3 11
3 79
3 80
3 81
3 52
3 87
3 26
3 47
3 63
4 1
4 66
4 3
4 33
4 7
4 41
4 74
4 77
4 18
4 83
4 23
4 56
4 31
5 64
5 1
5 66
5 3
5 37
5 33
5 72
5 74
5 83
5 79
5 18
5 35
5 87
5 31
5 63
6 64
6 67
6 37
6 39
6 73
6 11
6 76
6 47
6 80
6 81
6 26
6 52
6 24
6 25
6 71
6 29
6 28
6 58
6 63
7 68
7 9
7 23
7 77
7 49
7 57
7 41
7 56
7 55
7 61
8 2
8 59
8 5
8 6
8 10
8 43
8 14
8 88
8 27
8 62
10 64
10 35
10 37
10 71
10 72
10 11
10 76
10 47
10 80
10 81
10 52
10 87
10 58
10 79
10 26
10 63
11 68
11 9
11 49
11 41
11 55
11 57
11 61
12 68
12 9
12 14
12 49
12 41
12 55
12 88
12 57
12 61
13 1
13 66
13 3
13 33
13 7
13 72
13 74
13 83
13 77
13 18
13 35
13 23
13 56
13 31
14 1
14 66
14 3
14 33
14 7
14 9
14 74
14 77
14 18
14 83
14 41
14 23
14 56
14 31
15 64
15 1
15 35
15 37
15 71
15 72
15 31
15 11
15 79
15 80
15 81
15 52
15 87
15 26
15 47
15 63
17 30
18 2
18 59
18 5
18 6
18 8
18 10
18 43
18 27
18 62
19 60
21 2
21 59
21 5
21 6
21 10
21 43
21 14
21 88
21 27
21 62
22 8
22 4
22 43
22 12
22 13
23 68
23 14
23 49
23 55
23 88
23 57
23 27
23 61
23 62
24 1
24 66
24 3
24 33
24 7
24 72
24 74
24 83
24 77
24 56
24 18
24 35
24 87
24 23
24 31
25 68
25 9
25 23
25 77
25 49
25 57
25 41
25 56
25 55
25 61
26 1
26 66
26 3
26 33
26 7
26 72
26 74
26 83
26 77
26 18
26 35
26 23
26 56
26 31
27 3
27 68
27 7
27 9
27 74
27 23
27 77
27 49
27 41
27 55
27 56
27 57
28 19
29 65
29 67
29 69
29 39
29 42
29 44
29 78
29 53
29 24
29 25
29 28
30 64
30 1
30 66
30 35
30 37
30 33
30 72
30 31
30 11
30 79
30 80
30 83
30 52
30 87
30 26
30 47
30 63
31 67
31 39
31 73
31 76
31 24
31 25
31 58
31 28
31 29
32 68
32 9
32 14
32 49
32 41
32 55
32 88
32 57
32 61
33 64
33 1
33 66
33 35
33 37
33 72
33 79
33 18
33 83
33 52
33 87
33 26
33 31
33 63
34 8
34 4
34 43
34 12
34 13
35 65
35 67
35 69
35 39
35 42
35 44
35 45
35 78
35 53
35 24
35 25
35 29
36 68
36 14
36 49
36 55
36 88
36 57
36 27
36 61
36 62
37 68
37 9
37 49
37 41
37 55
37 56
37 57
37 61
38 8
38 4
38 12
38 13
39 1
39 66
39 3
39 33
39 7
39 72
39 74
39 83
39 77
39 56
39 18
39 35
39 87
39 23
39 31
40 60
40 15
41 1
41 66
41 3
41 33
41 7
41 72
41 74
41 77
41 18
41 83
41 23
41 56
41 31
42 1
42 66
42 3
42 33
42 7
42 9
42 74
42 77
42 18
42 83
42 41
42 23
42 56
42 31
43 67
43 39
43 73
43 11
43 76
43 47
43 80
43 81
43 26
43 52
43 24
43 25
43 71
43 29
43 28
43 58
45 2
45 68
45 10
45 14
45 49
45 55
45 88
45 27
45 61
45 62
46 2
46 5
46 6
46 8
46 10
46 43
46 13
46 59
47 64
47 37
47 39
47 73
47 11
47 76
47 79
47 80
47 81
47 26
47 52
47 24
47 71
47 28
47 58
47 63
48 8
48 4
48 12
48 13
49 68
49 7
49 9
49 23
49 77
49 57
49 41
49 56
49 55
49 61
50 68
50 14
50 49
50 55
50 88
50 57
50 27
50 61
50 62
51 4
51 12
52 4
52 6
52 8
52 43
52 12
52 13
53 68
53 9
53 49
53 41
53 55
53 56
53 57
53 61
54 2
54 59
54 5
54 6
54 8
54 10
54 43
54 13
54 27
55 33
55 66
55 3
55 7
55 9
55 74
55 77
55 18
55 83
55 41
55 23
55 56
55 31
56 1
56 66
56 3
56 33
56 7
56 72
56 74
56 77
56 18
56 83
56 23
56 31
57 64
57 1
57 35
57 37
57 71
57 72
57 31
57 11
57 79
57 80
57 81
57 52
57 87
57 26
57 47
57 63
58 68
58 14
58 49
58 55
58 88
58 57
58 61
59 64
59 1
59 35
59 37
59 71
59 72
59 31
59 11
59 79
59 80
59 81
59 52
59 87
59 26
59 47
59 63
60 64
60 35
60 37
60 71
60 72
60 11
60 76
60 47
60 80
60 81
60 52
60 87
60 58
60 79
60 26
60 63
61 3
61 68
61 7
61 9
61 74
61 23
61 77
61 49
61 41
61 55
61 56
61 57
62 68
62 9
62 49
62 41
62 55
62 57
62 61
63 3
63 7
63 9
63 74
63 23
63 77
63 49
63 41
63 56
63 57
64 1
64 66
64 3
64 33
64 7
64 72
64 74
64 83
64 77
64 56
64 18
64 35
64 87
64 23
64 31
65 68
65 10
65 14
65 49
65 55
65 88
65 57
65 27
65 61
65 62
66 2
66 68
66 5
66 10
66 14
66 49
66 55
66 88
66 27
66 61
66 62
67 2
67 4
67 5
67 6
67 8
67 43
67 13
67 59
68 33
68 66
68 3
68 7
68 9
68 74
68 77
68 18
68 83
68 41
68 23
68 56
68 57
69 4
69 12
71 1
71 66
71 3
71 33
71 7
71 72
71 74
71 83
71 77
71 18
71 35
71 23
71 56
71 31
72 68
72 9
72 14
72 49
72 41
72 55
72 88
72 57
72 61
73 2
73 59
73 5
73 6
73 10
73 43
73 14
73 88
73 27
73 62
74 68
74 14
74 49
74 55
74 88
74 57
74 27
74 61
74 62
75 2
75 68
75 5
75 10
75 14
75 55
75 88
75 27
75 61
75 62
76 2
76 4
76 5
76 6
76 8
76 43
76 13
76 59
77 67
77 39
77 73
77 11
77 76
77 47
77 80
77 81
77 26
77 52
77 24
77 25
77 71
77 29
77 28
77 58
78 1
78 66
78 3
78 33
78 7
78 72
78 74
78 77
78 18
78 83
78 23
78 56
78 31
79 1
79 66
79 3
79 33
79 7
79 72
79 74
79 83
79 18
79 35
79 87
79 31
80 4
80 6
80 8
80 43
80 13
80 59
81 1
81 66
81 3
81 33
81 7
81 72
81 74
81 83
81 79
81 18
81 35
81 87
81 31
82 2
82 59
82 5
82 10
82 14
82 88
82 27
82 62
83 51
83 36
83 70
83 38
84 3
84 7
84 9
84 74
84 77
84 18
84 41
84 23
84 56
84 57
85 2
85 59
85 5
85 10
85 14
85 88
85 27
85 62
86 68
86 7
86 9
86 55
86 77
86 49
86 41
86 23
86 56
86 57
86 61
87 1
87 66
87 3
87 33
87 7
87 72
87 74
87 83
87 77
87 18
87 35
87 23
87 56
87 31
88 67
88 37
88 39
88 73
88 11
88 76
88 47
88 80
88 81
88 26
88 52
88 24
88 25
88 71
88 29
88 28
88 58
