88
2 34
2 67
2 68
2 10
2 79
2 16
2 19
2 25
2 55
2 57
2 63
4 3
4 6
4 11
4 27
4 28
4 35
4 36
4 37
4 41
4 43
4 44
4 49
4 50
4 53
4 61
4 64
4 73
4 74
4 77
4 80
4 83
4 88
5 1
5 2
5 6
5 21
5 24
5 35
5 37
5 38
5 39
5 41
5 44
5 48
5 50
5 51
5 60
5 61
5 64
5 73
5 74
5 75
5 77
5 78
5 80
5 83
10 65
10 66
10 69
10 7
10 72
10 42
10 71
10 29
10 45
10 14
10 47
10 81
10 82
10 84
10 62
10 23
10 52
10 87
10 59
10 26
10 20
11 65
11 66
11 4
11 69
11 71
11 72
11 42
11 7
11 29
11 45
11 14
11 47
11 81
11 82
11 84
11 62
11 23
11 52
11 87
11 26
11 20
12 65
12 66
12 4
12 69
12 71
12 72
12 42
12 7
12 29
12 45
12 14
12 47
12 81
12 82
12 84
12 62
12 23
12 52
12 87
12 26
12 20
15 32
15 67
15 68
15 40
15 10
15 11
15 76
15 79
15 16
15 49
15 19
15 22
15 25
15 57
15 63
16 1
16 2
16 6
16 7
16 20
16 21
16 23
16 24
16 26
16 30
16 37
16 38
16 39
16 41
16 44
16 47
16 48
16 51
16 59
16 60
16 61
16 65
16 71
16 74
16 75
16 77
16 78
16 81
16 83
17 1
17 2
17 7
17 14
17 20
17 21
17 23
17 24
17 26
17 29
17 30
17 38
17 39
17 47
17 48
17 51
17 52
17 59
17 62
17 65
17 66
17 71
17 72
17 75
17 78
17 81
17 82
18 33
18 13
18 55
22 65
22 66
22 4
22 69
22 71
22 72
22 42
22 7
22 29
22 45
22 14
22 47
22 81
22 82
22 84
22 62
22 23
22 52
22 87
22 26
22 20
25 1
25 2
25 7
25 20
25 21
25 23
25 24
25 26
25 30
25 37
25 38
25 39
25 41
25 44
25 47
25 48
25 51
25 59
25 60
25 65
25 71
25 75
25 77
25 78
25 81
25 82
25 83
26 64
26 51
26 2
26 35
26 37
26 6
26 39
26 41
26 74
26 44
26 77
26 80
26 88
26 50
26 83
26 21
26 73
26 24
26 38
26 60
26 61
28 1
28 7
28 14
28 20
28 21
28 23
28 24
28 26
28 29
28 30
28 38
28 39
28 45
28 47
28 48
28 51
28 52
28 59
28 62
28 65
28 66
28 71
28 72
28 75
28 78
28 81
28 82
28 84
29 33
29 13
30 64
30 16
30 3
30 36
30 32
30 40
30 11
30 76
30 43
30 80
30 49
30 35
30 53
30 22
30 57
30 88
30 68
30 27
30 28
34 66
34 4
34 69
34 72
34 42
34 45
34 46
34 84
34 14
34 54
34 87
34 52
34 29
34 62
39 64
39 32
39 3
39 36
39 40
39 73
39 11
39 76
39 43
39 80
39 49
39 50
39 35
39 53
39 22
39 88
39 27
39 28
40 65
40 66
40 4
40 69
40 71
40 72
40 42
40 7
40 29
40 45
40 14
40 47
40 81
40 82
40 84
40 62
40 23
40 52
40 87
40 26
40 20
44 1
44 2
44 6
44 21
44 24
44 35
44 37
44 38
44 39
44 41
44 50
44 51
44 60
44 61
44 64
44 73
44 74
44 75
44 77
44 80
44 83
44 88
47 65
47 66
47 4
47 69
47 71
47 72
47 42
47 7
47 45
47 14
47 29
47 81
47 82
47 84
47 62
47 23
47 52
47 87
47 26
47 20
48 7
48 14
48 20
48 23
48 26
48 29
48 30
48 42
48 45
48 47
48 52
48 59
48 62
48 65
48 66
48 69
48 71
48 72
48 81
48 82
48 84
48 87
51 19
51 16
51 3
51 36
51 32
51 40
51 11
51 76
51 43
51 80
51 49
51 35
51 53
51 22
51 57
51 88
51 68
51 27
51 28
52 34
52 67
52 10
52 79
52 55
52 25
52 63
54 64
54 83
54 35
54 36
54 37
54 6
54 41
54 74
54 44
54 77
54 28
54 80
54 50
54 3
54 53
54 73
54 88
54 60
54 61
58 1
58 2
58 7
58 14
58 20
58 21
58 23
58 24
58 26
58 29
58 30
58 38
58 39
58 47
58 48
58 51
58 59
58 62
58 65
58 66
58 71
58 75
58 78
58 81
58 82
61 4
61 7
61 14
61 20
61 23
61 26
61 29
61 42
61 45
61 47
61 52
61 59
61 62
61 65
61 66
61 69
61 71
61 72
61 81
61 82
61 84
61 87
62 1
62 2
62 7
62 20
62 21
62 23
62 24
62 26
62 30
62 37
62 38
62 39
62 41
62 47
62 48
62 51
62 59
62 60
62 65
62 71
62 75
62 78
62 81
62 82
62 83
65 1
65 7
65 14
65 20
65 21
65 23
65 24
65 26
65 29
65 30
65 45
65 47
65 48
65 51
65 52
65 59
65 62
65 66
65 71
65 72
65 75
65 78
65 81
65 82
65 84
66 34
66 67
66 68
66 10
66 79
66 19
66 25
66 55
66 57
66 63
67 1
67 7
67 14
67 20
67 23
67 26
67 29
67 30
67 45
67 47
67 48
67 52
67 59
67 62
67 65
67 66
67 69
67 71
67 72
67 75
67 78
67 81
67 82
67 84
68 1
68 2
68 6
68 7
68 21
68 23
68 24
68 26
68 30
68 37
68 38
68 39
68 41
68 44
68 47
68 48
68 50
68 51
68 59
68 60
68 61
68 71
68 73
68 74
68 75
68 77
68 78
68 81
68 83
69 65
69 66
69 7
69 72
69 42
69 71
69 29
69 45
69 14
69 47
69 81
69 82
69 84
69 30
69 20
69 23
69 52
69 87
69 59
69 26
69 62
70 1
70 2
70 6
70 7
70 21
70 23
70 24
70 26
70 30
70 37
70 38
70 39
70 41
70 44
70 47
70 48
70 51
70 59
70 60
70 61
70 71
70 73
70 74
70 75
70 77
70 78
70 81
70 83
71 1
71 2
71 7
71 20
71 21
71 23
71 24
71 26
71 29
71 30
71 38
71 39
71 47
71 48
71 51
71 59
71 60
71 62
71 65
71 75
71 78
71 81
71 82
72 65
72 66
72 4
72 69
72 71
72 42
72 7
72 45
72 14
72 47
72 81
72 82
72 84
72 62
72 87
72 23
72 52
72 26
72 29
72 20
73 1
73 2
73 6
73 7
73 20
73 21
73 23
73 24
73 26
73 30
73 37
73 38
73 39
73 41
73 44
73 47
73 48
73 51
73 59
73 60
73 61
73 65
73 71
73 74
73 75
73 77
73 78
73 81
73 82
73 83
74 65
74 66
74 4
74 69
74 71
74 72
74 42
74 7
74 29
74 45
74 14
74 47
74 81
74 82
74 84
74 62
74 23
74 52
74 87
74 26
74 20
75 1
75 2
75 6
75 21
75 24
75 35
75 37
75 38
75 39
75 41
75 44
75 48
75 50
75 51
75 60
75 61
75 64
75 73
75 74
75 77
75 78
75 80
75 83
76 1
76 7
76 14
76 20
76 23
76 24
76 26
76 29
76 30
76 45
76 47
76 48
76 52
76 59
76 62
76 65
76 66
76 69
76 71
76 72
76 75
76 78
76 81
76 82
76 84
80 66
80 4
80 69
80 72
80 42
80 45
80 46
80 84
80 14
80 54
80 87
80 52
80 29
80 62
81 1
81 2
81 7
81 20
81 21
81 23
81 24
81 26
81 29
81 30
81 38
81 39
81 47
81 48
81 51
81 59
81 60
81 62
81 65
81 66
81 71
81 75
81 78
81 82
86 32
86 67
86 68
86 40
86 10
86 11
86 76
86 79
86 16
86 49
86 19
86 22
86 25
86 57
86 27
86 43
86 63
