88
1 66
1 35
1 69
1 7
1 11
1 76
1 45
1 81
1 51
1 20
1 26
1 60
1 62
1 5
2 1
2 66
2 35
2 7
2 8
2 9
2 10
2 11
2 76
2 13
2 12
2 81
2 51
2 26
2 60
2 62
3 1
3 66
3 35
3 5
3 7
3 9
3 10
3 11
3 76
3 45
3 81
3 51
3 20
3 26
3 60
3 62
4 35
4 8
4 9
4 10
4 11
4 12
4 13
4 18
4 62
6 1
6 66
6 35
6 5
6 7
6 11
6 76
6 45
6 81
6 51
6 20
6 26
6 60
6 62
6 69
7 1
7 66
7 35
7 5
7 76
7 45
7 81
7 51
7 20
7 26
7 60
7 62
7 69
12 1
12 66
12 35
12 5
12 7
12 76
12 45
12 81
12 51
12 20
12 26
12 60
12 62
12 69
14 1
14 66
14 35
14 5
14 7
14 76
14 45
14 81
14 51
14 20
14 26
14 60
14 62
14 69
17 1
17 66
17 35
17 8
17 9
17 10
17 11
17 76
17 13
17 12
17 81
17 18
17 51
17 60
17 62
18 1
18 66
18 35
18 5
18 7
18 11
18 76
18 45
18 81
18 51
18 20
18 26
18 60
18 62
18 69
21 1
21 66
21 35
21 8
21 9
21 10
21 11
21 76
21 13
21 12
21 18
21 62
23 1
23 66
23 35
23 5
23 7
23 11
23 76
23 45
23 81
23 51
23 20
23 26
23 60
23 62
23 69
24 1
24 66
24 35
24 5
24 7
24 9
24 11
24 76
24 45
24 81
24 51
24 20
24 26
24 60
24 62
24 69
25 1
25 66
25 35
25 5
25 7
25 76
25 45
25 81
25 51
25 20
25 26
25 60
25 62
25 69
28 1
28 66
28 35
28 5
28 7
28 9
28 10
28 11
28 76
28 45
28 81
28 51
28 20
28 26
28 60
28 62
28 69
29 1
29 66
29 35
29 8
29 9
29 10
29 11
29 76
29 13
29 12
29 81
29 18
29 62
30 1
30 66
30 35
30 5
30 7
30 9
30 10
30 11
30 76
30 45
30 81
30 51
30 20
30 26
30 60
30 62
31 1
31 66
31 35
31 5
31 7
31 9
31 11
31 76
31 45
31 81
31 51
31 20
31 26
31 60
31 62
31 69
32 1
32 66
32 35
32 5
32 7
32 9
32 11
32 76
32 45
32 81
32 51
32 20
32 26
32 60
32 62
32 69
33 1
33 66
33 35
33 7
33 8
33 9
33 10
33 11
33 76
33 13
33 12
33 45
33 81
33 51
33 26
33 60
33 62
34 1
34 66
34 35
34 5
34 7
34 9
34 11
34 76
34 45
34 81
34 51
34 20
34 26
34 60
34 62
34 69
36 1
36 66
36 35
36 7
36 8
36 9
36 10
36 11
36 76
36 45
36 12
36 81
36 51
36 20
36 26
36 60
36 62
37 1
37 66
37 35
37 7
37 8
37 9
37 10
37 11
37 76
37 13
37 12
37 45
37 81
37 51
37 26
37 60
37 62
38 1
38 66
38 35
38 5
38 7
38 9
38 10
38 11
38 76
38 45
38 81
38 51
38 20
38 26
38 60
38 62
39 1
39 66
39 35
39 5
39 7
39 9
39 11
39 76
39 45
39 81
39 51
39 20
39 26
39 60
39 62
39 69
40 1
40 66
40 35
40 7
40 8
40 9
40 10
40 11
40 76
40 13
40 12
40 81
40 51
40 26
40 60
40 62
41 1
41 66
41 35
41 5
41 7
41 11
41 76
41 45
41 81
41 51
41 20
41 26
41 60
41 62
41 69
42 1
42 66
42 35
42 5
42 7
42 76
42 45
42 81
42 51
42 20
42 26
42 60
42 62
42 69
43 1
43 66
43 35
43 5
43 7
43 11
43 76
43 45
43 81
43 51
43 20
43 26
43 60
43 62
43 69
44 1
44 66
44 35
44 5
44 7
44 9
44 11
44 76
44 45
44 81
44 51
44 20
44 26
44 60
44 62
44 69
47 1
47 66
47 35
47 7
47 8
47 9
47 10
47 11
47 76
47 45
47 12
47 81
47 51
47 20
47 26
47 60
47 62
48 1
48 66
48 35
48 5
48 7
48 9
48 11
48 76
48 45
48 81
48 51
48 20
48 26
48 60
48 62
48 69
49 1
49 66
49 35
49 5
49 7
49 9
49 11
49 76
49 45
49 81
49 51
49 20
49 26
49 60
49 62
49 69
50 1
50 66
50 35
50 8
50 9
50 10
50 11
50 12
50 13
50 18
50 62
52 1
52 66
52 35
52 5
52 7
52 11
52 76
52 45
52 81
52 51
52 20
52 26
52 60
52 62
52 69
53 1
53 66
53 35
53 5
53 7
53 11
53 76
53 45
53 81
53 51
53 20
53 26
53 60
53 62
53 69
54 1
54 66
54 35
54 5
54 7
54 76
54 45
54 81
54 51
54 20
54 26
54 60
54 62
54 69
55 1
55 66
55 35
55 5
55 7
55 11
55 76
55 45
55 81
55 51
55 20
55 26
55 60
55 62
55 69
56 1
56 66
56 35
56 5
56 7
56 11
56 76
56 45
56 81
56 51
56 20
56 26
56 60
56 62
56 69
57 1
57 66
57 35
57 5
57 7
57 11
57 76
57 45
57 81
57 51
57 20
57 26
57 60
57 62
57 69
59 1
59 66
59 35
59 5
59 7
59 9
59 11
59 76
59 45
59 81
59 51
59 20
59 26
59 60
59 62
59 69
63 1
63 66
63 35
63 5
63 7
63 76
63 45
63 81
63 51
63 20
63 26
63 60
63 62
63 69
64 1
64 66
64 35
64 5
64 7
64 9
64 11
64 76
64 45
64 81
64 51
64 20
64 26
64 60
64 62
64 69
65 1
65 66
65 35
65 5
65 7
65 11
65 76
65 45
65 81
65 51
65 20
65 26
65 60
65 62
65 69
67 1
67 66
67 35
67 7
67 8
67 9
67 10
67 11
67 76
67 13
67 12
67 81
67 51
67 26
67 60
67 62
68 1
68 66
68 35
68 7
68 8
68 9
68 10
68 11
68 76
68 13
68 12
68 45
68 81
68 51
68 26
68 60
68 62
71 1
71 66
71 35
71 5
71 7
71 76
71 45
71 81
71 51
71 20
71 26
71 60
71 62
71 69
72 1
72 66
72 35
72 5
72 7
72 76
72 45
72 81
72 51
72 20
72 26
72 60
72 62
72 69
73 1
73 66
73 35
73 5
73 7
73 11
73 76
73 45
73 81
73 51
73 20
73 26
73 60
73 62
73 69
75 1
75 66
75 35
75 5
75 7
75 11
75 76
75 45
75 81
75 51
75 20
75 26
75 60
75 62
75 69
76 1
76 66
76 35
76 5
76 7
76 45
76 81
76 51
76 20
76 26
76 60
76 62
76 69
77 1
77 66
77 35
77 5
77 7
77 11
77 76
77 45
77 81
77 51
77 20
77 26
77 60
77 62
77 69
78 1
78 66
78 35
78 5
78 7
78 11
78 76
78 45
78 81
78 51
78 20
78 26
78 60
78 62
78 69
79 1
79 66
79 35
79 7
79 8
79 9
79 10
79 11
79 76
79 45
79 12
79 81
79 51
79 26
79 60
79 62
80 1
80 66
80 35
80 5
80 7
80 11
80 76
80 45
80 81
80 51
80 20
80 26
80 60
80 62
80 69
83 1
83 66
83 35
83 7
83 8
83 9
83 10
83 11
83 76
83 13
83 12
83 81
83 51
83 26
83 60
83 62
85 1
85 66
85 35
85 7
85 8
85 9
85 10
85 11
85 76
85 13
85 12
85 45
85 81
85 51
85 26
85 60
85 62
86 8
86 9
86 10
86 12
86 13
86 18
87 1
87 66
87 35
87 5
87 7
87 11
87 76
87 45
87 81
87 51
87 20
87 26
87 60
87 62
87 69
