88
1 18
1 21
1 28
1 38
1 40
1 41
1 51
1 53
1 54
1 55
1 57
1 58
1 62
1 66
1 70
1 71
1 72
1 73
1 75
1 76
1 82
1 83
1 87
2 56
2 84
2 61
2 30
3 42
3 11
3 45
3 61
3 84
3 56
3 25
3 10
3 30
4 65
4 10
4 11
4 45
4 46
4 61
4 56
4 25
4 26
4 42
6 56
6 10
6 84
6 61
6 30
7 1
7 18
7 21
7 26
7 28
7 40
7 41
7 51
7 53
7 54
7 55
7 57
7 58
7 62
7 66
7 70
7 71
7 72
7 73
7 75
7 76
7 82
7 83
7 87
8 42
8 11
8 45
8 61
8 84
8 56
8 25
8 10
8 30
9 1
9 65
9 71
9 40
9 10
9 11
9 45
9 46
9 61
9 72
9 54
9 25
9 26
9 42
11 1
11 18
11 26
11 28
11 40
11 41
11 45
11 46
11 51
11 54
11 57
11 58
11 62
11 65
11 66
11 70
11 71
11 72
11 73
11 75
11 76
11 82
11 83
11 87
12 1
12 18
12 21
12 26
12 28
12 40
12 41
12 51
12 53
12 54
12 55
12 57
12 58
12 62
12 66
12 70
12 71
12 72
12 73
12 75
12 76
12 82
12 83
12 87
13 65
13 10
13 11
13 45
13 46
13 61
13 56
13 25
13 26
13 42
14 1
14 18
14 21
14 28
14 38
14 40
14 41
14 51
14 53
14 54
14 55
14 57
14 58
14 62
14 66
14 70
14 71
14 73
14 75
14 76
14 82
14 83
14 87
15 1
15 18
15 26
15 28
15 40
15 41
15 46
15 51
15 54
15 55
15 57
15 58
15 62
15 65
15 66
15 70
15 71
15 72
15 73
15 75
15 76
15 82
15 83
15 87
17 20
19 56
19 84
19 61
19 30
22 1
22 75
22 82
22 65
22 71
22 40
22 41
22 10
22 11
22 45
22 46
22 72
22 18
22 51
22 54
22 25
22 26
22 28
22 42
22 62
23 1
23 66
23 87
23 70
23 38
23 71
23 41
23 75
23 76
23 18
23 82
23 83
23 21
23 73
23 55
23 57
23 58
23 28
23 53
23 62
23 51
27 1
27 18
27 25
27 26
27 28
27 40
27 41
27 42
27 45
27 46
27 51
27 54
27 57
27 58
27 62
27 65
27 66
27 70
27 71
27 72
27 73
27 75
27 76
27 82
27 83
27 87
28 1
28 18
28 26
28 40
28 41
28 46
28 51
28 54
28 55
28 57
28 58
28 62
28 65
28 66
28 70
28 71
28 72
28 73
28 75
28 76
28 82
28 83
28 87
29 20
30 1
30 18
30 21
30 28
30 40
30 41
30 51
30 53
30 54
30 55
30 57
30 58
30 62
30 66
30 70
30 71
30 72
30 73
30 75
30 76
30 82
30 83
30 87
31 20
32 65
32 40
32 10
32 11
32 45
32 46
32 61
32 72
32 54
32 25
32 26
32 42
33 42
33 11
33 45
33 46
33 61
33 56
33 25
33 10
34 1
34 18
34 26
34 28
34 40
34 41
34 45
34 46
34 51
34 54
34 57
34 58
34 62
34 65
34 66
34 70
34 71
34 72
34 73
34 75
34 76
34 82
34 83
34 87
35 65
35 72
35 10
35 11
35 45
35 46
35 61
35 54
35 56
35 25
35 26
35 42
36 1
36 65
36 71
36 40
36 41
36 10
36 11
36 45
36 46
36 61
36 72
36 82
36 54
36 25
36 26
36 28
36 42
37 1
37 10
37 11
37 18
37 25
37 26
37 28
37 40
37 41
37 42
37 45
37 46
37 51
37 54
37 58
37 62
37 65
37 71
37 72
37 73
37 75
37 76
37 82
37 87
39 56
39 84
39 61
39 30
40 1
40 18
40 26
40 28
40 41
40 46
40 51
40 54
40 55
40 57
40 58
40 62
40 65
40 66
40 70
40 71
40 72
40 73
40 75
40 76
40 82
40 83
40 87
43 1
43 65
43 40
43 10
43 11
43 45
43 46
43 61
43 72
43 54
43 25
43 26
43 42
44 1
44 18
44 21
44 28
44 38
44 40
44 41
44 51
44 53
44 54
44 55
44 57
44 58
44 62
44 66
44 70
44 71
44 72
44 73
44 75
44 76
44 82
44 83
44 87
45 1
45 18
45 21
45 26
45 28
45 40
45 41
45 46
45 51
45 54
45 55
45 57
45 58
45 62
45 65
45 66
45 70
45 71
45 72
45 73
45 75
45 76
45 82
45 83
45 87
47 1
47 65
47 40
47 10
47 11
47 45
47 46
47 61
47 72
47 54
47 25
47 26
47 42
48 1
48 18
48 26
48 28
48 40
48 41
48 45
48 46
48 51
48 54
48 57
48 58
48 62
48 65
48 66
48 70
48 71
48 72
48 73
48 75
48 76
48 82
48 83
48 87
49 56
49 84
49 30
50 10
50 11
50 84
50 56
50 61
50 30
60 1
60 18
60 26
60 28
60 40
60 41
60 46
60 51
60 54
60 55
60 57
60 58
60 62
60 65
60 66
60 70
60 71
60 72
60 73
60 75
60 76
60 82
60 83
60 87
62 1
62 18
62 21
62 26
62 28
62 40
62 41
62 51
62 53
62 54
62 55
62 57
62 58
62 66
62 70
62 71
62 72
62 73
62 75
62 76
62 82
62 83
62 87
64 1
64 18
64 21
64 28
64 38
64 40
64 41
64 51
64 53
64 54
64 55
64 57
64 58
64 62
64 66
64 70
64 71
64 72
64 73
64 75
64 76
64 82
64 83
64 87
67 1
67 11
67 18
67 25
67 26
67 28
67 40
67 41
67 42
67 45
67 46
67 51
67 54
67 57
67 58
67 62
67 65
67 66
67 71
67 72
67 73
67 75
67 76
67 82
67 83
67 87
68 1
68 18
68 21
68 26
68 28
68 40
68 41
68 46
68 51
68 54
68 55
68 57
68 58
68 62
68 65
68 66
68 70
68 71
68 72
68 73
68 75
68 76
68 82
68 83
68 87
69 1
69 75
69 65
69 71
69 40
69 41
69 10
69 11
69 45
69 46
69 72
69 82
69 54
69 25
69 26
69 28
69 42
69 62
74 1
74 18
74 21
74 28
74 38
74 40
74 41
74 51
74 53
74 55
74 57
74 58
74 62
74 66
74 70
74 71
74 73
74 75
74 76
74 82
74 83
74 87
75 1
75 66
75 70
75 38
75 71
75 41
75 87
75 76
75 18
75 82
75 83
75 21
75 73
75 55
75 57
75 58
75 28
75 53
75 62
75 51
76 1
76 66
76 87
76 70
76 38
76 71
76 41
76 75
76 18
76 82
76 83
76 21
76 73
76 55
76 57
76 58
76 28
76 53
76 62
76 51
77 1
77 18
77 26
77 28
77 40
77 41
77 45
77 46
77 51
77 54
77 57
77 58
77 62
77 65
77 66
77 70
77 71
77 72
77 73
77 75
77 76
77 82
77 83
77 87
78 1
78 11
78 18
78 25
78 26
78 28
78 40
78 41
78 42
78 45
78 46
78 51
78 54
78 57
78 58
78 62
78 65
78 66
78 71
78 72
78 73
78 75
78 76
78 82
78 83
78 87
80 1
80 18
80 21
80 28
80 40
80 41
80 51
80 53
80 54
80 55
80 57
80 58
80 62
80 66
80 70
80 71
80 72
80 73
80 75
80 76
80 82
80 83
80 87
84 1
84 18
84 26
84 28
84 40
84 41
84 46
84 51
84 54
84 55
84 57
84 58
84 62
84 65
84 66
84 70
84 71
84 72
84 73
84 75
84 76
84 82
84 83
84 87
88 1
88 10
88 11
88 18
88 25
88 26
88 28
88 40
88 41
88 42
88 45
88 46
88 51
88 54
88 57
88 58
88 62
88 65
88 71
88 72
88 73
88 75
88 76
88 82
88 83
88 87
