88
1 48
1 34
1 35
1 37
1 7
1 71
1 77
1 46
1 80
1 67
1 20
1 23
1 25
1 87
1 28
1 62
2 59
2 4
2 70
2 63
2 42
2 11
2 24
2 13
2 79
2 16
2 49
2 86
2 88
2 68
2 27
2 36
3 5
3 73
3 74
3 47
3 57
3 26
4 39
4 74
4 18
4 53
4 22
4 57
4 58
4 26
5 33
5 71
5 73
5 47
5 83
5 20
5 23
5 57
5 26
6 56
8 48
8 34
8 35
8 37
8 7
8 40
8 9
8 77
8 46
8 80
8 67
8 87
8 24
8 25
8 28
8 62
8 31
10 5
10 73
10 74
10 47
10 18
10 57
10 26
11 48
11 35
11 68
11 7
11 40
11 9
11 77
11 46
11 79
11 80
11 59
11 86
11 87
11 24
11 27
11 28
11 31
12 48
12 34
12 35
12 37
12 7
12 40
12 9
12 77
12 46
12 80
12 67
12 87
12 25
12 28
12 62
12 31
13 33
13 34
13 67
13 5
13 71
13 83
13 20
13 23
13 25
13 62
13 37
14 48
14 34
14 35
14 37
14 7
14 40
14 9
14 77
14 46
14 80
14 67
14 87
14 24
14 25
14 28
14 62
14 31
15 59
15 4
15 70
15 63
15 42
15 11
15 24
15 13
15 79
15 16
15 49
15 86
15 88
15 68
15 27
15 36
16 17
17 85
19 48
19 34
19 35
19 37
19 7
19 40
19 9
19 77
19 46
19 80
19 67
19 86
19 87
19 24
19 25
19 28
19 62
19 31
23 33
23 34
23 67
23 37
23 71
23 83
23 35
23 20
23 25
23 62
25 56
25 82
25 60
26 48
26 34
26 35
26 37
26 7
26 40
26 9
26 77
26 46
26 80
26 67
26 86
26 87
26 24
26 25
26 28
26 62
26 31
27 48
27 34
27 35
27 37
27 7
27 40
27 71
27 77
27 46
27 80
27 67
27 87
27 25
27 28
27 62
27 31
28 33
28 34
28 67
28 37
28 71
28 83
28 35
28 20
28 23
28 25
28 62
31 16
31 59
31 68
31 7
31 40
31 9
31 11
31 77
31 46
31 79
31 48
31 80
31 86
31 87
31 24
31 27
31 28
31 63
32 39
32 18
32 53
32 22
32 58
32 85
33 1
33 43
33 4
33 69
33 70
33 41
33 42
33 11
33 76
33 13
33 14
33 79
33 16
33 49
33 78
33 88
33 36
33 27
33 61
33 63
34 33
34 5
34 73
34 74
34 47
34 83
34 20
34 23
34 57
34 26
35 33
35 34
35 67
35 5
35 71
35 83
35 20
35 23
35 25
35 62
35 37
36 48
36 34
36 35
36 68
36 37
36 7
36 40
36 9
36 77
36 46
36 80
36 67
36 86
36 87
36 24
36 25
36 59
36 28
36 62
36 31
37 34
37 67
37 7
37 83
37 35
37 20
37 23
37 25
37 71
37 28
37 62
39 59
39 4
39 69
39 70
39 63
39 42
39 11
39 13
39 14
39 79
39 16
39 49
39 78
39 88
39 68
39 27
39 61
39 36
40 33
40 5
40 73
40 74
40 47
40 83
40 57
40 26
41 39
41 74
41 18
41 53
41 22
41 57
41 58
41 85
42 39
42 73
42 74
42 47
42 18
42 53
42 22
42 57
42 58
42 26
43 48
43 34
43 35
43 68
43 37
43 7
43 40
43 9
43 77
43 46
43 80
43 67
43 86
43 87
43 24
43 25
43 28
43 62
43 31
44 1
44 4
44 11
44 13
44 14
44 16
44 27
44 36
44 41
44 42
44 43
44 49
44 55
44 61
44 63
44 64
44 69
44 70
44 76
44 78
44 79
44 88
45 48
45 34
45 35
45 68
45 37
45 7
45 40
45 9
45 77
45 46
45 80
45 67
45 86
45 87
45 24
45 25
45 28
45 62
45 31
46 48
46 34
46 35
46 68
46 7
46 40
46 9
46 77
46 80
46 59
46 67
46 86
46 87
46 24
46 27
46 28
46 31
47 16
47 59
47 68
47 7
47 40
47 9
47 31
47 11
47 77
47 46
47 79
47 48
47 80
47 86
47 87
47 24
47 27
47 28
47 63
48 1
48 43
48 4
48 69
48 70
48 41
48 42
48 11
48 76
48 13
48 14
48 79
48 16
48 49
48 78
48 88
48 36
48 27
48 61
48 63
49 59
49 4
49 70
49 40
49 9
49 11
49 77
49 31
49 79
49 16
49 86
49 87
49 24
49 68
49 27
49 63
50 80
50 35
50 68
50 7
50 40
50 9
50 11
50 77
50 46
50 79
50 48
50 59
50 86
50 87
50 24
50 27
50 28
50 31
53 48
53 34
53 35
53 37
53 7
53 71
53 77
53 46
53 80
53 67
53 20
53 23
53 25
53 87
53 28
53 62
54 80
54 35
54 68
54 7
54 40
54 9
54 11
54 77
54 46
54 79
54 48
54 59
54 86
54 87
54 24
54 27
54 28
54 31
55 35
55 34
55 67
55 37
55 71
55 83
55 20
55 23
55 25
55 28
55 62
56 59
56 4
56 70
56 40
56 9
56 11
56 77
56 31
56 79
56 16
56 86
56 87
56 24
56 68
56 27
56 63
57 33
57 34
57 67
57 37
57 71
57 83
57 35
57 20
57 23
57 25
57 62
59 33
59 5
59 73
59 74
59 47
59 57
59 26
60 33
60 5
60 71
60 73
60 47
60 83
60 20
60 23
60 57
60 26
61 73
61 74
61 47
61 18
61 57
61 26
61 58
63 33
63 34
63 67
63 37
63 71
63 83
63 35
63 20
63 23
63 25
63 62
64 73
64 74
64 47
64 18
64 57
64 26
64 58
66 59
66 4
66 70
66 9
66 42
66 11
66 13
66 63
66 79
66 16
66 86
66 24
66 68
66 27
66 36
67 33
67 34
67 35
67 37
67 71
67 83
67 20
67 23
67 25
67 62
68 80
68 35
68 31
68 7
68 40
68 9
68 11
68 77
68 46
68 79
68 48
68 59
68 86
68 87
68 24
68 27
68 28
68 63
69 48
69 34
69 35
69 37
69 7
69 71
69 77
69 46
69 80
69 83
69 20
69 23
69 67
69 25
69 28
69 62
71 33
71 5
71 73
71 74
71 47
71 57
71 26
72 39
72 73
72 74
72 18
72 53
72 22
72 57
72 58
72 26
73 48
73 59
73 4
73 16
73 7
73 40
73 9
73 11
73 77
73 46
73 79
73 80
73 31
73 86
73 87
73 24
73 68
73 27
73 28
73 63
75 48
75 34
75 35
75 37
75 7
75 71
75 46
75 80
75 83
75 20
75 23
75 67
75 25
75 28
75 62
76 33
76 34
76 67
76 5
76 71
76 83
76 20
76 23
76 25
76 62
76 37
78 33
78 34
78 67
78 5
78 71
78 83
78 20
78 23
78 25
78 62
78 37
79 48
79 34
79 35
79 37
79 7
79 71
79 46
79 80
79 83
79 20
79 23
79 67
79 25
79 28
79 62
81 48
81 34
81 35
81 37
81 7
81 71
81 77
81 46
81 80
81 67
81 20
81 23
81 25
81 87
81 28
81 62
83 48
83 34
83 35
83 37
83 7
83 40
83 71
83 77
83 46
83 80
83 67
83 87
83 25
83 28
83 62
83 31
84 39
84 85
84 22
84 53
85 80
85 35
85 68
85 7
85 40
85 9
85 11
85 77
85 46
85 79
85 48
85 59
85 86
85 87
85 24
85 27
85 28
85 31
87 48
87 34
87 35
87 37
87 7
87 40
87 9
87 77
87 46
87 80
87 67
87 86
87 24
87 25
87 28
87 62
87 31
88 1
88 4
88 13
88 14
88 16
88 21
88 36
88 41
88 42
88 43
88 49
88 50
88 55
88 61
88 63
88 64
88 65
88 69
88 70
88 75
88 76
88 78
88 81
