88
1 33
1 37
1 39
1 41
1 78
1 80
1 82
1 21
1 54
1 88
1 58
1 59
1 60
2 35
2 37
2 77
2 47
2 81
2 84
2 21
2 86
3 35
3 77
3 47
3 81
3 84
3 86
5 1
5 4
5 33
5 7
5 41
5 39
5 13
5 78
5 15
5 80
5 82
5 54
5 88
5 58
5 59
5 60
9 1
9 37
9 41
9 78
9 47
9 80
9 81
9 82
9 84
9 21
9 54
9 88
9 58
9 59
9 60
10 1
10 37
10 39
10 41
10 78
10 47
10 80
10 82
10 21
10 54
10 88
10 33
10 59
10 60
10 58
11 1
11 37
11 41
11 78
11 47
11 80
11 81
11 82
11 84
11 21
11 54
11 88
11 58
11 59
11 60
12 33
12 4
12 39
12 7
12 13
12 78
12 15
12 80
12 82
12 88
12 58
12 59
12 60
14 33
14 4
14 39
14 7
14 13
14 78
14 15
14 80
14 82
14 88
14 58
14 59
14 60
17 1
17 35
17 37
17 41
17 77
17 47
17 81
17 84
17 21
17 54
18 1
18 37
18 7
18 41
18 39
18 78
18 80
18 82
18 21
18 54
18 88
18 33
18 59
18 60
18 58
20 33
20 4
20 7
20 39
20 13
20 78
20 15
20 80
20 82
20 88
20 58
20 59
20 60
20 26
22 1
22 37
22 39
22 41
22 78
22 47
22 80
22 82
22 21
22 54
22 88
22 33
22 59
22 60
22 58
23 1
23 37
23 7
23 41
23 39
23 78
23 80
23 82
23 21
23 54
23 88
23 33
23 59
23 60
23 58
24 1
24 37
24 7
24 41
24 39
24 78
24 80
24 82
24 21
24 54
24 88
24 33
24 59
24 60
24 58
25 1
25 37
25 39
25 41
25 78
25 47
25 80
25 82
25 21
25 54
25 88
25 33
25 59
25 60
25 58
27 1
27 37
27 41
27 78
27 47
27 80
27 81
27 82
27 84
27 21
27 54
27 88
27 58
27 59
27 60
28 1
28 37
28 39
28 41
28 78
28 47
28 80
28 82
28 21
28 54
28 88
28 33
28 59
28 60
28 58
29 35
29 77
29 81
29 84
29 86
29 30
30 1
30 37
30 7
30 41
30 39
30 78
30 15
30 80
30 82
30 21
30 54
30 88
30 33
30 59
30 60
30 58
31 1
31 35
31 37
31 41
31 77
31 47
31 81
31 84
31 21
31 54
32 1
32 35
32 37
32 41
32 77
32 47
32 81
32 84
32 21
32 54
32 88
34 33
34 4
34 39
34 7
34 13
34 78
34 15
34 80
34 82
34 88
34 58
34 59
34 60
35 1
35 37
35 7
35 41
35 39
35 78
35 80
35 82
35 21
35 54
35 88
35 33
35 59
35 60
35 58
36 1
36 37
36 41
36 78
36 47
36 80
36 81
36 82
36 84
36 21
36 54
36 88
36 58
36 59
36 60
37 1
37 33
37 7
37 41
37 39
37 78
37 15
37 80
37 82
37 21
37 54
37 88
37 58
37 59
37 60
38 1
38 37
38 41
38 78
38 47
38 80
38 81
38 82
38 84
38 21
38 54
38 88
38 58
38 59
38 60
40 1
40 35
40 37
40 41
40 78
40 47
40 81
40 82
40 84
40 21
40 54
40 88
40 60
41 1
41 37
41 39
41 78
41 47
41 80
41 82
41 21
41 54
41 88
41 33
41 59
41 60
41 58
42 1
42 37
42 39
42 41
42 78
42 47
42 80
42 82
42 21
42 54
42 88
42 33
42 59
42 60
42 58
43 1
43 37
43 41
43 78
43 47
43 80
43 81
43 82
43 84
43 21
43 54
43 88
43 58
43 59
43 60
44 1
44 37
44 7
44 41
44 39
44 78
44 80
44 82
44 21
44 54
44 88
44 33
44 59
44 60
44 58
45 1
45 35
45 37
45 41
45 77
45 47
45 81
45 84
45 21
45 54
46 1
46 35
46 37
46 41
46 77
46 47
46 81
46 84
46 21
46 54
47 1
47 37
47 41
47 78
47 80
47 81
47 82
47 84
47 21
47 54
47 88
47 58
47 59
47 60
48 1
48 37
48 41
48 78
48 47
48 80
48 81
48 82
48 84
48 21
48 54
48 88
48 58
48 59
48 60
49 35
49 77
49 47
49 81
49 84
49 86
50 35
50 77
50 47
50 81
50 84
50 86
51 1
51 37
51 33
51 41
51 78
51 47
51 80
51 82
51 84
51 21
51 54
51 88
51 58
51 59
51 60
52 1
52 37
52 7
52 41
52 39
52 78
52 15
52 80
52 82
52 21
52 54
52 88
52 33
52 59
52 60
52 58
53 1
53 37
53 39
53 41
53 78
53 47
53 80
53 82
53 21
53 54
53 88
53 33
53 59
53 60
53 58
55 35
55 77
55 47
55 81
55 84
55 86
56 1
56 4
56 33
56 7
56 41
56 39
56 13
56 78
56 15
56 80
56 82
56 54
56 88
56 58
56 59
56 60
57 1
57 35
57 37
57 41
57 77
57 47
57 81
57 84
57 21
57 54
61 1
61 35
61 37
61 41
61 77
61 78
61 47
61 81
61 82
61 84
61 21
61 54
61 88
61 60
62 33
62 4
62 7
62 39
62 13
62 78
62 15
62 80
62 82
62 58
62 59
62 60
62 26
63 35
63 77
63 81
63 84
63 86
63 30
64 1
64 37
64 39
64 41
64 78
64 80
64 82
64 21
64 54
64 88
64 33
64 59
64 60
64 58
65 1
65 37
65 39
65 41
65 78
65 80
65 82
65 21
65 54
65 88
65 33
65 59
65 60
65 58
67 1
67 37
67 39
67 41
67 78
67 80
67 82
67 21
67 54
67 88
67 33
67 59
67 60
67 58
69 33
69 4
69 7
69 39
69 13
69 78
69 15
69 80
69 82
69 58
69 59
69 60
69 26
70 33
70 4
70 39
70 7
70 13
70 78
70 15
70 80
70 82
70 88
70 58
70 59
70 60
71 1
71 37
71 39
71 41
71 78
71 47
71 80
71 82
71 21
71 54
71 88
71 33
71 59
71 60
71 58
72 1
72 4
72 33
72 7
72 39
72 13
72 78
72 15
72 80
72 82
72 54
72 88
72 58
72 59
72 60
73 1
73 37
73 39
73 41
73 78
73 80
73 82
73 21
73 54
73 88
73 33
73 59
73 60
73 58
74 1
74 37
74 39
74 41
74 78
74 80
74 82
74 21
74 54
74 88
74 33
74 59
74 60
74 58
75 1
75 37
75 7
75 41
75 39
75 13
75 78
75 15
75 80
75 82
75 21
75 54
75 88
75 33
75 59
75 60
75 58
76 1
76 37
76 39
76 41
76 78
76 80
76 82
76 21
76 54
76 88
76 33
76 59
76 60
76 58
77 1
77 37
77 41
77 78
77 47
77 80
77 81
77 82
77 84
77 21
77 54
77 88
77 59
77 60
78 1
78 37
78 7
78 41
78 39
78 15
78 80
78 82
78 21
78 54
78 88
78 33
78 59
78 60
78 58
79 35
79 77
79 47
79 81
79 84
79 86
80 33
80 4
80 7
80 39
80 13
80 78
80 15
80 82
80 58
80 59
80 60
80 26
81 1
81 37
81 41
81 78
81 47
81 80
81 82
81 84
81 21
81 54
81 88
81 58
81 59
81 60
83 35
83 86
83 77
83 30
84 1
84 37
84 41
84 78
84 47
84 80
84 81
84 82
84 21
84 54
84 88
84 59
84 60
85 1
85 35
85 37
85 41
85 77
85 78
85 47
85 81
85 82
85 84
85 21
85 54
85 88
85 60
87 1
87 37
87 41
87 78
87 47
87 80
87 81
87 82
87 84
87 21
87 54
87 88
87 58
87 59
87 60
88 33
88 4
88 7
88 39
88 13
88 78
88 15
88 80
88 82
88 58
88 59
88 60
88 26
