88
1 33
1 2
1 4
1 5
1 71
1 73
1 42
1 77
1 78
1 82
1 84
1 21
1 22
1 20
1 63
1 37
2 39
2 43
2 45
2 83
2 23
2 30
3 34
3 40
3 9
3 74
3 76
3 14
3 88
3 54
3 87
3 24
3 26
4 34
4 68
4 69
4 40
4 9
4 74
4 76
4 14
4 88
4 19
4 54
4 87
4 24
5 65
5 66
5 67
5 75
5 13
5 15
5 80
5 86
5 61
6 8
7 34
7 40
7 9
7 74
7 76
7 14
7 88
7 51
7 54
7 87
7 24
7 26
8 1
8 2
8 4
8 37
8 42
8 78
8 81
8 25
8 57
9 64
9 6
9 71
9 84
9 56
9 63
9 29
9 31
10 34
10 68
10 69
10 70
10 40
10 74
10 11
10 14
10 79
10 72
10 19
10 52
10 53
10 24
10 57
10 88
11 64
11 71
11 73
11 77
11 84
11 21
11 22
11 56
11 20
11 63
11 31
12 1
12 70
12 11
12 81
12 52
12 53
12 25
12 57
13 6
13 7
13 46
13 47
13 48
13 29
13 31
14 34
14 68
14 69
14 70
14 40
14 10
14 11
14 79
14 72
14 19
14 52
14 53
14 24
14 88
14 74
15 1
15 2
15 4
15 5
15 33
15 73
15 42
15 78
15 81
15 82
15 25
15 57
15 37
16 6
16 7
16 46
16 47
16 48
16 29
18 49
19 80
19 12
19 66
19 28
19 85
20 16
20 61
20 62
20 15
21 64
21 6
21 71
21 84
21 56
21 63
21 29
21 31
22 64
22 71
22 84
22 21
22 56
22 31
22 63
23 65
23 67
23 75
23 13
23 15
23 16
23 86
23 61
24 64
24 71
24 77
24 20
24 21
24 22
24 56
24 84
24 63
24 31
25 33
25 2
25 4
25 5
25 73
25 42
25 77
25 78
25 81
25 82
25 20
25 21
25 22
25 37
26 33
26 2
26 4
26 5
26 73
26 42
26 77
26 78
26 81
26 82
26 20
26 21
26 22
26 25
26 37
27 8
28 34
28 40
28 9
28 74
28 76
28 14
28 88
28 51
28 54
28 87
28 24
28 58
28 26
29 49
29 55
30 33
30 2
30 4
30 5
30 73
30 42
30 77
30 78
30 81
30 82
30 20
30 21
30 22
30 25
30 37
31 1
31 2
31 4
31 5
31 33
31 73
31 42
31 77
31 78
31 81
31 82
31 20
31 22
31 25
31 37
32 40
32 9
32 76
32 88
32 18
32 51
32 54
32 87
32 24
32 58
32 26
33 1
33 2
33 4
33 37
33 70
33 81
33 53
33 25
33 57
34 64
34 33
34 5
34 71
34 73
34 77
34 82
34 84
34 21
34 22
34 56
34 20
34 31
34 63
35 1
35 70
35 11
35 81
35 52
35 53
35 25
35 57
36 66
36 12
36 13
36 80
36 85
36 28
37 64
37 71
37 84
37 21
37 56
37 31
37 63
38 16
38 62
39 80
39 66
39 28
39 85
39 13
40 1
40 70
40 11
40 81
40 52
40 53
40 25
40 57
41 65
41 67
41 75
41 13
41 15
41 86
41 61
42 34
42 68
42 69
42 70
42 40
42 10
42 11
42 14
42 79
42 72
42 19
42 52
42 53
42 24
42 57
42 74
43 65
43 66
43 67
43 75
43 13
43 15
43 80
43 86
43 61
44 80
44 66
44 28
44 85
44 13
45 66
45 12
45 80
45 18
45 85
45 58
45 28
46 34
46 68
46 69
46 70
46 72
46 10
46 11
46 14
46 79
46 19
46 52
46 53
46 57
46 74
47 48
47 46
47 29
47 6
47 7
48 1
48 68
48 69
48 70
48 72
48 10
48 11
48 79
48 19
48 52
48 53
48 57
49 9
49 76
49 18
49 51
49 54
49 87
49 88
49 26
49 58
50 9
50 76
50 12
50 18
50 51
50 85
50 54
50 58
50 28
50 26
51 80
51 66
51 28
51 85
51 13
52 66
52 67
52 75
52 13
52 80
52 85
52 86
52 28
53 1
53 2
53 4
53 37
53 70
53 81
53 25
53 57
54 34
54 68
54 69
54 70
54 40
54 10
54 11
54 14
54 79
54 72
54 19
54 52
54 53
54 24
54 57
54 74
55 8
56 34
56 40
56 9
56 74
56 76
56 14
56 88
56 54
56 87
56 24
57 1
57 68
57 69
57 70
57 72
57 10
57 11
57 79
57 19
57 52
57 53
58 1
58 2
58 4
58 5
58 33
58 73
58 42
58 78
58 81
58 82
58 25
58 57
58 37
59 64
59 71
59 77
59 20
59 21
59 22
59 56
59 84
59 63
59 31
60 64
60 33
60 5
60 71
60 73
60 42
60 77
60 78
60 82
60 84
60 21
60 22
60 56
60 20
60 63
61 34
61 68
61 69
61 70
61 40
61 10
61 11
61 14
61 79
61 72
61 19
61 52
61 53
61 24
61 57
61 74
62 1
62 68
62 69
62 70
62 72
62 10
62 11
62 79
62 19
62 52
62 53
62 57
63 9
63 76
63 12
63 18
63 51
63 54
63 87
63 58
63 26
64 66
64 75
64 13
64 80
64 85
64 28
65 34
65 68
65 69
65 70
65 72
65 10
65 11
65 14
65 79
65 19
65 52
65 53
65 57
65 74
66 34
66 40
66 9
66 74
66 76
66 14
66 88
66 51
66 54
66 87
66 24
66 58
66 26
67 7
67 29
67 6
67 31
68 34
68 69
68 70
68 72
68 10
68 11
68 79
68 19
68 52
68 53
68 57
69 34
69 68
69 70
69 40
69 10
69 11
69 14
69 79
69 72
69 19
69 52
69 53
69 24
69 57
69 74
70 1
70 2
70 4
70 37
70 81
70 53
70 25
70 57
71 34
71 68
71 69
71 70
71 40
71 10
71 11
71 14
71 79
71 72
71 19
71 52
71 53
71 24
71 88
71 74
72 34
72 68
72 69
72 40
72 10
72 11
72 14
72 79
72 24
72 19
72 52
72 53
72 87
72 88
72 74
73 66
73 12
73 80
73 18
73 85
73 28
74 9
74 76
74 12
74 18
74 51
74 54
74 87
74 88
74 58
74 26
75 1
75 2
75 4
75 37
75 70
75 81
75 25
75 57
76 34
76 68
76 69
76 70
76 40
76 10
76 11
76 14
76 79
76 72
76 19
76 52
76 53
76 24
76 57
76 74
77 34
77 68
77 69
77 70
77 72
77 10
77 11
77 14
77 79
77 19
77 52
77 53
77 57
77 74
78 34
78 68
78 69
78 70
78 40
78 10
78 11
78 14
78 79
78 72
78 19
78 52
78 53
78 24
78 57
78 74
79 1
79 2
79 4
79 5
79 33
79 42
79 78
79 81
79 25
79 57
79 37
80 1
80 68
80 69
80 70
80 72
80 10
80 11
80 79
80 19
80 52
80 53
80 57
81 9
81 76
81 18
81 51
81 54
81 87
81 88
81 26
81 58
82 64
82 33
82 5
82 71
82 73
82 77
82 78
82 84
82 21
82 22
82 56
82 20
82 31
82 63
83 1
83 2
83 4
83 37
83 70
83 81
83 53
83 25
83 57
84 34
84 68
84 69
84 70
84 40
84 10
84 11
84 14
84 79
84 72
84 19
84 52
84 53
84 24
84 57
84 74
85 9
85 76
85 12
85 18
85 51
85 54
85 87
85 88
85 58
85 26
86 34
86 68
86 69
86 70
86 40
86 10
86 11
86 14
86 79
86 72
86 19
86 52
86 53
86 24
86 57
86 74
86 88
87 64
87 33
87 2
87 4
87 5
87 71
87 73
87 42
87 77
87 78
87 82
87 84
87 21
87 22
87 56
87 20
87 63
87 37
88 64
88 33
88 5
88 71
88 73
88 42
88 77
88 78
88 82
88 84
88 21
88 22
88 56
88 20
88 63
