88
1 32
1 27
1 39
1 40
1 75
1 76
1 15
1 81
1 51
1 24
1 55
1 56
1 79
1 28
1 62
2 32
2 27
2 40
2 73
2 75
2 76
2 77
2 15
2 81
2 51
2 24
2 55
2 56
2 79
2 28
2 62
3 32
3 59
3 6
3 40
3 73
3 75
3 76
3 77
3 12
3 15
3 82
3 51
3 23
3 24
3 55
3 27
3 62
4 19
4 6
4 73
4 43
4 12
4 77
4 82
4 51
4 52
4 23
4 24
4 59
4 60
4 61
4 62
5 32
5 59
5 6
5 40
5 73
5 75
5 76
5 77
5 12
5 15
5 82
5 51
5 23
5 24
5 55
5 27
5 61
5 62
7 49
8 84
8 39
8 36
8 4
8 47
9 32
9 1
9 27
9 40
9 75
9 76
9 77
9 15
9 81
9 51
9 24
9 55
9 56
9 79
9 28
9 62
10 19
10 32
10 75
10 6
10 73
10 43
10 12
10 77
10 82
10 51
10 23
10 24
10 59
10 60
10 61
10 62
11 19
11 32
11 75
11 6
11 73
11 43
11 12
11 77
11 82
11 51
11 23
11 24
11 55
11 59
11 60
11 61
11 62
12 6
12 73
12 43
12 77
12 82
12 19
12 52
12 23
12 59
12 60
12 61
13 19
13 6
13 73
13 43
13 12
13 77
13 82
13 51
13 23
13 24
13 59
13 60
13 61
13 62
14 6
14 43
14 82
14 19
14 52
14 59
14 60
14 61
17 32
17 27
17 40
17 73
17 75
17 76
17 77
17 15
17 81
17 51
17 24
17 55
17 56
17 79
17 28
17 62
18 32
18 1
18 27
18 40
18 75
18 76
18 77
18 15
18 81
18 51
18 24
18 55
18 56
18 79
18 28
18 62
21 84
21 39
21 36
21 4
21 47
22 49
25 32
25 1
25 27
25 39
25 40
25 75
25 76
25 15
25 81
25 51
25 24
25 55
25 56
25 79
25 28
25 62
26 84
26 39
26 36
26 4
26 47
27 6
27 43
27 82
27 19
27 52
27 59
27 60
27 61
29 49
31 32
31 1
31 27
31 40
31 75
31 76
31 77
31 15
31 81
31 51
31 24
31 55
31 56
31 79
31 28
31 62
32 27
32 40
32 73
32 75
32 76
32 77
32 12
32 15
32 81
32 51
32 56
32 24
32 55
32 23
32 79
32 62
33 32
33 1
33 27
33 39
33 40
33 75
33 76
33 15
33 81
33 51
33 24
33 55
33 56
33 79
33 28
33 62
34 1
34 27
34 36
34 39
34 76
34 47
34 81
34 84
34 56
34 79
34 28
35 32
35 27
35 40
35 73
35 75
35 76
35 77
35 15
35 81
35 51
35 24
35 55
35 56
35 79
35 28
35 62
36 32
36 1
36 27
36 39
36 40
36 75
36 76
36 15
36 81
36 55
36 56
36 79
36 28
37 19
37 75
37 6
37 73
37 43
37 12
37 77
37 82
37 51
37 23
37 24
37 59
37 60
37 61
37 62
38 32
38 1
38 27
38 40
38 75
38 76
38 77
38 15
38 81
38 51
38 24
38 55
38 56
38 79
38 28
38 62
41 32
41 1
41 27
41 39
41 40
41 75
41 76
41 15
41 81
41 84
41 55
41 56
41 79
41 28
42 1
42 36
42 39
42 47
42 81
42 84
42 56
42 79
42 28
44 6
44 43
44 12
44 82
44 19
44 52
44 23
44 59
44 60
44 61
45 49
45 4
46 32
46 27
46 40
46 73
46 75
46 76
46 77
46 15
46 81
46 51
46 24
46 55
46 56
46 79
46 28
46 62
47 6
47 43
47 19
47 52
47 59
47 60
47 61
48 1
48 36
48 39
48 47
48 84
48 4
48 28
50 32
50 27
50 40
50 73
50 75
50 76
50 77
50 12
50 15
50 81
50 51
50 56
50 24
50 55
50 23
50 79
50 62
53 32
53 27
53 40
53 73
53 75
53 76
53 77
53 15
53 81
53 51
53 24
53 55
53 56
53 23
53 79
53 62
54 84
54 36
54 4
54 47
57 19
57 75
57 6
57 73
57 43
57 12
57 77
57 82
57 51
57 23
57 24
57 59
57 60
57 61
57 62
58 32
58 1
58 27
58 39
58 40
58 75
58 76
58 15
58 81
58 84
58 55
58 56
58 79
58 28
59 6
59 73
59 43
59 12
59 77
59 82
59 19
59 52
59 23
59 60
59 61
60 6
60 43
60 12
60 82
60 19
60 52
60 59
60 61
61 6
61 43
61 82
61 19
61 52
61 59
61 60
62 19
62 6
62 73
62 43
62 12
62 77
62 82
62 51
62 52
62 23
62 24
62 59
62 60
62 61
63 32
63 59
63 6
63 40
63 73
63 75
63 76
63 77
63 12
63 15
63 82
63 51
63 23
63 24
63 55
63 27
63 62
64 19
64 6
64 73
64 43
64 12
64 77
64 82
64 51
64 23
64 24
64 59
64 60
64 61
64 62
65 32
65 27
65 40
65 73
65 75
65 76
65 77
65 12
65 15
65 24
65 82
65 51
65 59
65 55
65 23
65 79
65 62
66 19
66 6
66 73
66 43
66 12
66 77
66 82
66 51
66 52
66 23
66 24
66 59
66 60
66 61
66 62
67 32
67 59
67 6
67 40
67 73
67 75
67 76
67 77
67 12
67 15
67 82
67 51
67 23
67 24
67 55
67 27
67 62
68 32
68 1
68 27
68 39
68 40
68 75
68 76
68 15
68 81
68 55
68 56
68 79
68 28
69 32
69 1
69 27
69 39
69 40
69 75
69 76
69 15
69 81
69 51
69 24
69 55
69 56
69 79
69 28
69 62
70 32
70 1
70 27
70 39
70 40
70 75
70 76
70 15
70 81
70 55
70 56
70 79
70 28
71 32
71 27
71 40
71 73
71 75
71 76
71 77
71 12
71 15
71 81
71 51
71 56
71 24
71 55
71 23
71 79
71 62
72 32
72 27
72 40
72 73
72 75
72 76
72 77
72 12
72 15
72 81
72 82
72 51
72 24
72 55
72 23
72 79
72 59
72 62
73 6
73 43
73 12
73 82
73 19
73 52
73 23
73 59
73 60
73 61
74 19
74 75
74 6
74 73
74 43
74 12
74 77
74 82
74 51
74 23
74 24
74 59
74 60
74 61
74 62
75 6
75 73
75 43
75 12
75 77
75 82
75 19
75 52
75 23
75 59
75 60
75 61
76 32
76 59
76 6
76 40
76 73
76 75
76 12
76 77
76 15
76 82
76 51
76 23
76 24
76 55
76 27
76 62
77 19
77 6
77 73
77 43
77 12
77 82
77 51
77 52
77 23
77 24
77 59
77 60
77 61
77 62
78 1
78 27
78 36
78 39
78 40
78 76
78 15
78 81
78 84
78 55
78 56
78 79
78 28
79 6
79 73
79 43
79 12
79 77
79 82
79 19
79 52
79 23
79 59
79 60
79 61
80 32
80 1
80 27
80 39
80 40
80 75
80 76
80 15
80 81
80 55
80 56
80 79
80 28
82 6
82 43
82 12
82 19
82 52
82 23
82 59
82 60
82 61
83 32
83 27
83 40
83 73
83 75
83 76
83 77
83 15
83 81
83 51
83 24
83 55
83 56
83 79
83 28
83 62
84 1
84 4
84 39
84 47
84 81
84 56
84 36
84 79
84 28
85 32
85 27
85 40
85 73
85 75
85 76
85 77
85 15
85 81
85 51
85 24
85 55
85 56
85 79
85 28
85 62
86 6
86 73
86 43
86 12
86 82
86 19
86 52
86 23
86 59
86 60
86 61
87 32
87 59
87 40
87 73
87 75
87 76
87 77
87 12
87 15
87 24
87 82
87 51
87 55
87 23
87 27
87 62
88 19
88 6
88 73
88 43
88 12
88 77
88 82
88 51
88 23
88 24
88 59
88 60
88 61
88 62
