88
1 48
1 35
1 55
2 33
2 3
2 5
2 12
2 74
2 44
2 78
2 80
2 20
2 85
2 54
2 87
3 5
3 7
3 10
3 44
3 78
3 80
3 20
3 85
3 54
3 74
3 69
4 33
4 54
4 6
4 12
4 11
4 44
4 80
4 73
4 9
4 56
4 87
4 38
5 65
5 3
5 69
5 7
5 8
5 10
5 18
5 85
5 28
5 74
6 51
6 58
6 19
6 60
6 21
7 51
7 58
7 19
7 21
8 1
8 34
8 67
8 86
8 40
8 47
8 50
8 22
8 23
8 88
8 27
8 62
9 15
10 35
10 70
11 65
11 66
11 5
11 7
11 8
11 41
11 10
11 71
11 14
11 18
11 53
11 26
11 28
11 69
12 3
12 5
12 7
12 10
12 44
12 78
12 80
12 20
12 85
12 54
12 74
12 69
13 1
13 34
13 67
13 86
13 40
13 50
13 22
13 23
13 88
13 27
14 65
14 3
14 5
14 7
14 8
14 10
14 78
14 18
14 20
14 85
14 74
14 69
17 1
17 34
17 37
17 72
17 42
17 43
17 76
17 13
17 46
17 77
17 52
17 86
17 27
18 3
18 5
18 7
18 44
18 10
18 12
18 78
18 80
18 20
18 85
18 54
18 74
20 65
20 66
20 69
20 7
20 8
20 41
20 10
20 71
20 14
20 18
20 53
20 26
20 28
21 24
21 83
21 29
21 70
22 33
22 4
22 38
22 6
22 39
22 9
22 11
22 12
22 73
22 56
22 68
22 87
22 59
22 63
23 65
23 3
23 5
23 7
23 8
23 10
23 78
23 18
23 20
23 85
23 74
23 69
24 3
24 5
24 7
24 10
24 44
24 78
24 80
24 20
24 85
24 54
24 74
24 69
25 2
25 23
25 45
25 47
25 48
25 17
25 55
25 62
26 1
26 34
26 37
26 72
26 42
26 43
26 76
26 13
26 46
26 77
26 52
26 86
26 27
27 25
27 19
27 60
27 21
28 81
28 75
28 61
28 79
29 64
29 4
29 37
29 6
29 39
29 72
29 9
29 42
29 11
29 13
29 46
29 77
29 82
29 52
29 38
29 73
29 56
29 68
29 59
29 63
30 24
30 49
30 83
30 29
30 31
31 81
31 75
31 61
31 79
32 1
32 34
32 67
32 86
32 40
32 47
32 50
32 22
32 23
32 88
32 27
33 64
33 4
33 37
33 6
33 39
33 72
33 9
33 42
33 11
33 13
33 46
33 77
33 82
33 52
33 73
33 56
33 68
33 59
33 63
34 3
34 5
34 7
34 12
34 74
34 44
34 78
34 80
34 20
34 85
34 54
35 33
35 4
35 38
35 9
35 12
35 78
35 44
35 80
35 20
35 54
35 87
35 56
36 75
36 79
36 81
36 51
36 58
36 61
37 64
37 1
37 68
37 39
37 72
37 42
37 43
37 76
37 13
37 46
37 77
37 82
37 52
37 86
37 27
38 34
38 67
38 40
38 45
38 47
38 17
38 50
38 22
38 23
38 88
38 62
39 75
39 79
39 81
39 51
39 58
39 61
40 81
40 58
40 75
40 61
40 79
41 64
41 43
41 68
41 37
41 6
41 39
41 72
41 9
41 42
41 11
41 76
41 13
41 46
41 77
41 82
41 52
41 73
41 56
41 59
41 63
42 64
42 4
42 37
42 6
42 39
42 72
42 9
42 11
42 77
42 46
42 13
42 82
42 52
42 38
42 73
42 56
42 68
42 59
42 63
43 66
43 71
43 41
43 75
43 14
43 79
43 81
43 53
43 26
43 28
43 61
44 33
44 4
44 38
44 12
44 78
44 80
44 20
44 54
44 87
45 65
45 66
45 71
45 41
45 75
45 14
45 79
45 81
45 53
45 26
45 28
46 1
46 34
46 43
46 76
46 86
46 88
46 27
47 33
47 4
47 38
47 6
47 9
47 11
47 12
47 44
47 80
47 54
47 87
47 56
47 73
48 64
48 43
48 68
48 37
48 6
48 39
48 72
48 9
48 42
48 11
48 76
48 13
48 46
48 77
48 82
48 52
48 73
48 56
48 59
48 63
49 66
49 75
49 79
49 81
49 53
49 61
50 64
50 1
50 68
50 37
50 72
50 42
50 43
50 76
50 13
50 46
50 77
50 82
50 52
50 86
50 27
53 64
53 1
53 37
53 72
53 42
53 43
53 76
53 13
53 46
53 77
53 82
53 52
53 86
53 27
54 1
54 34
54 37
54 72
54 42
54 43
54 76
54 13
54 46
54 77
54 52
54 86
54 27
55 75
55 79
55 81
55 51
55 58
55 61
56 1
56 34
56 67
56 86
56 40
56 43
56 76
56 50
56 22
56 88
56 27
57 48
57 35
57 55
58 2
58 35
58 45
58 48
58 17
58 55
58 62
59 25
59 19
59 60
59 21
60 75
60 79
60 81
60 51
60 58
60 61
61 3
61 5
61 7
61 10
61 44
61 78
61 80
61 20
61 85
61 54
61 74
62 81
62 75
62 61
62 79
63 33
63 4
63 38
63 6
63 39
63 9
63 11
63 12
63 73
63 56
63 87
63 59
64 43
64 68
64 37
64 6
64 39
64 72
64 9
64 42
64 11
64 76
64 13
64 46
64 77
64 82
64 52
64 73
64 56
64 59
64 63
65 64
65 4
65 37
65 6
65 39
65 72
65 9
65 42
65 11
65 13
65 46
65 77
65 82
65 52
65 38
65 73
65 56
65 68
65 59
65 63
66 3
66 5
66 7
66 8
66 10
66 78
66 18
66 20
66 85
66 54
66 74
66 69
67 3
67 5
67 7
67 10
67 44
67 78
67 80
67 20
67 85
67 54
67 74
67 69
68 65
68 66
68 69
68 71
68 8
68 41
68 14
68 18
68 53
68 26
68 28
69 2
69 23
69 45
69 47
69 48
69 17
69 50
69 55
69 62
70 64
70 33
70 4
70 38
70 6
70 39
70 9
70 11
70 12
70 82
70 73
70 56
70 68
70 87
70 59
70 63
71 33
71 3
71 38
71 12
71 44
71 78
71 80
71 20
71 54
71 87
72 65
72 66
72 71
72 8
72 41
72 75
72 14
72 79
72 81
72 18
72 53
72 26
72 28
73 66
73 75
73 79
73 81
73 53
73 61
74 3
74 5
74 7
74 10
74 44
74 78
74 80
74 20
74 85
74 54
74 69
75 33
75 4
75 38
75 6
75 39
75 9
75 11
75 12
75 73
75 56
75 87
75 59
75 63
76 65
76 66
76 71
76 8
76 41
76 14
76 18
76 53
76 26
76 28
77 33
77 4
77 38
77 6
77 39
77 9
77 11
77 12
77 73
77 56
77 87
77 59
77 63
78 64
78 33
78 68
78 38
78 6
78 39
78 72
78 9
78 42
78 11
78 13
78 46
78 82
78 52
78 73
78 56
78 4
78 87
78 59
78 63
79 2
79 23
79 45
79 47
79 48
79 17
79 50
79 55
79 62
80 64
80 4
80 37
80 6
80 39
80 72
80 9
80 42
80 11
80 13
80 46
80 77
80 82
80 52
80 73
80 56
80 68
80 59
80 63
81 1
81 34
81 86
81 43
81 76
81 22
81 88
81 27
82 1
82 34
82 67
82 86
82 40
82 47
82 50
82 22
82 23
82 88
82 27
83 3
83 5
83 7
83 44
83 10
83 12
83 78
83 80
83 20
83 85
83 54
83 74
84 81
84 75
84 61
84 79
85 2
85 67
85 40
85 45
85 47
85 17
85 50
85 22
85 23
85 88
85 62
86 24
86 83
86 29
86 70
87 64
87 1
87 68
87 37
87 39
87 72
87 42
87 43
87 76
87 13
87 46
87 77
87 82
87 52
87 27
88 65
88 66
88 3
88 5
88 7
88 8
88 41
88 10
88 71
88 14
88 18
88 85
88 26
88 28
88 74
88 69
