88
1 22
1 29
1 32
1 36
1 38
1 40
1 44
1 48
1 50
1 52
1 55
1 56
1 58
1 60
1 61
1 62
1 65
1 67
1 68
1 71
1 72
1 73
1 77
1 78
1 79
1 84
1 88
2 6
2 11
2 21
2 22
2 33
2 34
2 36
2 38
2 41
2 44
2 53
2 55
2 56
2 58
2 59
2 61
2 65
2 67
2 68
2 72
2 78
2 79
2 80
2 87
2 88
3 22
3 29
3 32
3 36
3 38
3 40
3 44
3 48
3 50
3 52
3 55
3 56
3 58
3 60
3 61
3 62
3 65
3 67
3 68
3 71
3 72
3 73
3 77
3 78
3 79
3 84
3 88
5 33
5 34
5 67
5 36
5 6
5 41
5 11
5 14
5 80
5 21
5 54
5 87
5 68
5 59
5 28
5 53
5 16
10 16
10 11
10 28
10 14
10 54
11 16
11 41
11 28
11 14
11 54
14 16
14 11
14 28
14 54
20 32
20 18
20 35
20 39
20 40
20 73
20 43
20 77
20 47
20 48
20 50
20 84
20 85
20 25
20 24
20 52
20 71
20 60
20 29
25 33
25 34
25 6
25 80
25 41
25 11
25 14
25 16
25 21
25 54
25 87
25 59
25 28
25 53
26 41
26 11
26 14
26 16
26 54
26 28
28 16
28 41
28 11
28 14
28 54
29 41
29 11
29 14
29 16
29 54
29 28
31 33
31 34
31 68
31 6
31 80
31 41
31 11
31 14
31 16
31 21
31 54
31 87
31 59
31 28
31 53
33 16
33 34
33 36
33 6
33 41
33 11
33 14
33 80
33 21
33 54
33 87
33 68
33 59
33 28
33 53
34 33
34 6
34 80
34 41
34 11
34 14
34 16
34 21
34 54
34 87
34 59
34 28
34 53
36 41
36 11
36 14
36 16
36 53
36 54
36 28
39 34
39 41
39 11
39 14
39 16
39 21
39 54
39 87
39 28
39 53
41 33
41 34
41 6
41 80
41 11
41 14
41 16
41 21
41 54
41 87
41 59
41 28
41 53
42 6
42 11
42 14
42 21
42 22
42 33
42 34
42 36
42 41
42 53
42 55
42 58
42 59
42 61
42 65
42 67
42 68
42 78
42 79
42 80
42 87
42 88
43 41
43 11
43 14
43 16
43 54
43 28
44 16
44 11
44 28
44 14
44 54
45 18
45 22
45 25
45 29
45 32
45 38
45 40
45 43
45 44
45 48
45 50
45 52
45 55
45 56
45 60
45 61
45 62
45 71
45 72
45 73
45 77
45 78
45 79
45 84
45 88
46 18
46 24
46 25
46 29
46 32
46 35
46 38
46 39
46 40
46 43
46 47
46 48
46 50
46 52
46 56
46 60
46 62
46 71
46 73
46 77
46 84
46 85
48 33
48 34
48 68
48 6
48 80
48 41
48 11
48 14
48 16
48 21
48 54
48 87
48 59
48 28
48 53
49 6
49 11
49 21
49 22
49 33
49 34
49 36
49 38
49 41
49 44
49 53
49 55
49 56
49 58
49 59
49 61
49 65
49 67
49 68
49 72
49 78
49 79
49 80
49 87
49 88
51 32
51 18
51 35
51 39
51 40
51 73
51 43
51 77
51 47
51 48
51 50
51 84
51 85
51 25
51 24
51 52
51 71
51 60
51 29
52 22
52 29
52 32
52 36
52 38
52 40
52 44
52 48
52 50
52 55
52 56
52 58
52 60
52 61
52 62
52 65
52 67
52 71
52 72
52 73
52 77
52 78
52 79
52 84
52 88
53 34
53 41
53 11
53 14
53 16
53 21
53 54
53 28
56 6
56 11
56 21
56 22
56 33
56 34
56 36
56 38
56 41
56 44
56 53
56 55
56 58
56 59
56 61
56 62
56 65
56 67
56 68
56 72
56 78
56 79
56 80
56 87
56 88
58 6
58 11
58 14
58 16
58 21
58 28
58 33
58 34
58 36
58 41
58 53
58 54
58 59
58 61
58 65
58 67
58 68
58 78
58 79
58 80
58 87
58 88
61 33
61 34
61 67
61 36
61 6
61 65
61 41
61 11
61 14
61 79
61 80
61 21
61 54
61 87
61 68
61 58
61 59
61 28
61 53
61 16
62 80
62 34
62 41
62 11
62 14
62 16
62 21
62 54
62 87
62 28
62 53
63 6
63 21
63 22
63 32
63 33
63 34
63 36
63 38
63 40
63 44
63 48
63 52
63 53
63 55
63 56
63 58
63 59
63 61
63 62
63 65
63 67
63 68
63 72
63 78
63 79
63 80
63 87
63 88
65 6
65 21
65 22
65 33
65 34
65 36
65 38
65 40
65 44
65 53
65 55
65 56
65 58
65 59
65 61
65 62
65 67
65 68
65 72
65 78
65 79
65 80
65 87
65 88
66 18
66 22
66 29
66 32
66 38
66 40
66 43
66 44
66 48
66 50
66 52
66 55
66 56
66 58
66 60
66 61
66 62
66 65
66 71
66 72
66 73
66 77
66 78
66 79
66 84
66 88
69 41
69 11
69 14
69 16
69 54
69 28
70 80
70 34
70 6
70 41
70 11
70 14
70 16
70 21
70 54
70 87
70 59
70 28
70 53
71 6
71 11
71 21
71 22
71 33
71 34
71 36
71 41
71 44
71 53
71 55
71 58
71 59
71 61
71 65
71 67
71 68
71 72
71 78
71 79
71 80
71 87
71 88
72 33
72 34
72 67
72 36
72 6
72 41
72 11
72 14
72 80
72 21
72 54
72 87
72 68
72 59
72 28
72 53
72 16
73 6
73 11
73 21
73 22
73 33
73 34
73 36
73 38
73 41
73 44
73 53
73 55
73 56
73 58
73 59
73 61
73 65
73 67
73 68
73 72
73 78
73 79
73 80
73 87
73 88
74 33
74 34
74 67
74 36
74 6
74 65
74 41
74 11
74 14
74 79
74 80
74 21
74 54
74 87
74 68
74 58
74 59
74 28
74 53
74 16
75 6
75 11
75 14
75 16
75 21
75 28
75 33
75 34
75 36
75 41
75 53
75 54
75 58
75 59
75 61
75 65
75 67
75 68
75 78
75 79
75 80
75 87
75 88
76 6
76 11
76 21
76 22
76 33
76 34
76 36
76 41
76 44
76 53
76 55
76 58
76 59
76 61
76 65
76 67
76 68
76 72
76 78
76 79
76 80
76 87
76 88
78 33
78 34
78 6
78 80
78 41
78 11
78 14
78 16
78 21
78 54
78 87
78 59
78 28
78 53
79 80
79 34
79 6
79 41
79 11
79 14
79 16
79 21
79 54
79 87
79 59
79 28
79 53
80 34
80 6
80 41
80 11
80 14
80 16
80 21
80 54
80 87
80 59
80 28
80 53
81 32
81 35
81 38
81 39
81 40
81 73
81 43
81 77
81 47
81 48
81 50
81 18
81 84
81 85
81 25
81 24
81 52
81 71
81 60
81 29
81 62
82 6
82 21
82 22
82 32
82 33
82 34
82 36
82 38
82 40
82 44
82 48
82 52
82 53
82 55
82 56
82 58
82 59
82 61
82 62
82 65
82 67
82 68
82 72
82 78
82 79
82 80
82 87
82 88
83 64
83 18
83 35
83 39
83 73
83 74
83 71
83 77
83 47
83 43
83 50
83 85
83 25
83 24
83 57
83 29
83 31
84 6
84 22
84 29
84 32
84 33
84 36
84 38
84 40
84 44
84 48
84 52
84 55
84 56
84 58
84 59
84 60
84 61
84 62
84 65
84 67
84 68
84 71
84 72
84 78
84 79
84 80
84 87
84 88
86 84
86 32
86 35
86 38
86 71
86 72
86 73
86 43
86 50
86 77
86 47
86 48
86 40
86 18
86 52
86 24
86 56
86 25
86 60
86 29
86 62
87 33
87 34
87 36
87 6
87 41
87 11
87 14
87 80
87 21
87 54
87 68
87 59
87 28
87 53
87 16
