88
2 1
2 5
2 11
2 22
2 24
2 27
2 35
2 37
2 38
2 42
2 46
2 47
2 49
2 50
2 53
2 54
2 56
2 58
2 69
2 70
2 71
2 77
2 82
4 1
4 5
4 11
4 22
4 24
4 27
4 33
4 35
4 37
4 38
4 42
4 46
4 47
4 48
4 49
4 50
4 53
4 54
4 56
4 57
4 58
4 60
4 66
4 69
4 70
4 71
4 77
4 79
4 82
6 1
6 5
6 11
6 22
6 24
6 27
6 33
6 35
6 37
6 38
6 42
6 46
6 47
6 48
6 49
6 50
6 53
6 54
6 56
6 57
6 58
6 60
6 66
6 69
6 70
6 71
6 74
6 77
6 79
6 82
7 1
7 5
7 11
7 20
7 22
7 23
7 24
7 25
7 26
7 27
7 33
7 35
7 37
7 38
7 40
7 42
7 47
7 48
7 50
7 53
7 54
7 56
7 57
7 58
7 60
7 63
7 66
7 67
7 69
7 70
7 71
7 72
7 73
7 74
7 77
7 79
7 85
7 86
9 1
9 3
9 5
9 11
9 20
9 23
9 24
9 25
9 26
9 27
9 33
9 34
9 35
9 37
9 38
9 40
9 42
9 47
9 48
9 53
9 54
9 55
9 56
9 57
9 58
9 60
9 62
9 63
9 66
9 67
9 69
9 70
9 71
9 72
9 73
9 74
9 77
9 79
9 85
9 86
10 1
10 3
10 5
10 20
10 23
10 25
10 26
10 27
10 33
10 34
10 35
10 37
10 38
10 40
10 42
10 47
10 48
10 52
10 53
10 54
10 55
10 57
10 58
10 60
10 62
10 63
10 66
10 67
10 69
10 70
10 71
10 72
10 73
10 74
10 78
10 79
10 80
10 85
10 86
11 1
11 3
11 5
11 20
11 23
11 24
11 25
11 26
11 27
11 33
11 34
11 35
11 37
11 38
11 40
11 42
11 47
11 48
11 52
11 53
11 54
11 55
11 57
11 58
11 60
11 62
11 63
11 66
11 67
11 69
11 70
11 71
11 72
11 73
11 74
11 77
11 78
11 79
11 85
11 86
12 50
12 69
12 11
12 24
12 77
12 46
12 47
12 49
12 82
12 83
12 21
12 22
12 56
12 58
12 5
13 1
13 5
13 11
13 22
13 24
13 27
13 35
13 37
13 38
13 42
13 46
13 47
13 49
13 50
13 53
13 54
13 56
13 58
13 66
13 69
13 70
13 71
13 77
13 82
15 1
15 3
15 5
15 20
15 23
15 24
15 25
15 26
15 27
15 33
15 34
15 35
15 37
15 38
15 40
15 42
15 47
15 48
15 52
15 53
15 54
15 55
15 57
15 58
15 60
15 62
15 63
15 66
15 67
15 69
15 70
15 71
15 72
15 73
15 74
15 78
15 79
15 80
15 85
15 86
18 41
18 83
18 45
18 81
18 21
19 1
19 3
19 20
19 23
19 25
19 26
19 27
19 33
19 34
19 35
19 37
19 38
19 40
19 42
19 47
19 48
19 52
19 53
19 54
19 55
19 57
19 58
19 60
19 62
19 63
19 66
19 67
19 70
19 71
19 72
19 73
19 74
19 78
19 79
19 80
19 85
19 86
27 1
27 3
27 5
27 11
27 20
27 23
27 24
27 25
27 26
27 33
27 34
27 35
27 37
27 38
27 40
27 42
27 47
27 48
27 53
27 54
27 55
27 56
27 57
27 58
27 60
27 62
27 63
27 66
27 67
27 69
27 70
27 71
27 72
27 73
27 74
27 77
27 79
27 85
27 86
28 1
28 5
28 11
28 22
28 24
28 25
28 27
28 33
28 35
28 37
28 38
28 40
28 42
28 47
28 48
28 50
28 53
28 54
28 56
28 57
28 58
28 60
28 63
28 66
28 69
28 70
28 71
28 72
28 73
28 74
28 77
28 79
28 82
28 86
30 50
30 5
30 49
30 11
30 24
30 77
30 46
30 45
30 81
30 82
30 83
30 21
30 22
30 56
30 69
31 1
31 3
31 5
31 11
31 20
31 22
31 23
31 24
31 25
31 26
31 27
31 33
31 34
31 35
31 37
31 38
31 40
31 42
31 47
31 48
31 50
31 53
31 54
31 56
31 57
31 58
31 60
31 62
31 63
31 66
31 67
31 69
31 70
31 71
31 72
31 73
31 74
31 77
31 79
31 85
31 86
32 1
32 3
32 5
32 20
32 23
32 24
32 25
32 26
32 27
32 33
32 34
32 35
32 37
32 38
32 40
32 42
32 47
32 48
32 52
32 53
32 54
32 55
32 57
32 58
32 60
32 62
32 63
32 66
32 67
32 69
32 70
32 71
32 72
32 73
32 74
32 77
32 78
32 79
32 80
32 85
32 86
39 1
39 3
39 5
39 11
39 20
39 23
39 24
39 25
39 26
39 27
39 33
39 34
39 35
39 37
39 38
39 40
39 42
39 47
39 48
39 53
39 54
39 55
39 56
39 57
39 58
39 60
39 62
39 63
39 66
39 67
39 69
39 70
39 71
39 72
39 73
39 74
39 77
39 79
39 85
39 86
43 1
43 5
43 11
43 22
43 24
43 27
43 33
43 35
43 37
43 38
43 42
43 46
43 47
43 48
43 49
43 50
43 53
43 54
43 56
43 57
43 58
43 60
43 66
43 69
43 70
43 71
43 72
43 74
43 77
43 79
43 82
44 1
44 3
44 5
44 11
44 20
44 23
44 24
44 25
44 26
44 27
44 33
44 34
44 35
44 37
44 38
44 40
44 42
44 47
44 48
44 53
44 54
44 55
44 56
44 57
44 58
44 60
44 62
44 63
44 66
44 67
44 69
44 70
44 71
44 72
44 73
44 74
44 77
44 79
44 85
44 86
49 1
49 3
49 5
49 11
49 20
49 23
49 24
49 25
49 26
49 27
49 33
49 34
49 35
49 37
49 38
49 40
49 42
49 47
49 48
49 53
49 54
49 55
49 56
49 57
49 58
49 60
49 62
49 63
49 66
49 67
49 69
49 70
49 71
49 72
49 73
49 74
49 77
49 79
49 85
49 86
53 1
53 3
53 5
53 11
53 20
53 23
53 24
53 25
53 26
53 27
53 33
53 34
53 35
53 37
53 38
53 40
53 42
53 47
53 48
53 52
53 54
53 55
53 57
53 58
53 60
53 62
53 63
53 66
53 67
53 69
53 70
53 71
53 72
53 73
53 74
53 77
53 78
53 79
53 85
53 86
59 1
59 3
59 5
59 11
59 20
59 23
59 24
59 25
59 26
59 27
59 33
59 34
59 35
59 37
59 38
59 40
59 42
59 47
59 48
59 53
59 54
59 56
59 57
59 58
59 60
59 62
59 63
59 66
59 67
59 69
59 70
59 71
59 72
59 73
59 74
59 77
59 79
59 85
59 86
64 1
64 3
64 5
64 11
64 20
64 23
64 24
64 25
64 26
64 27
64 33
64 34
64 35
64 37
64 38
64 40
64 42
64 47
64 48
64 53
64 54
64 55
64 56
64 57
64 58
64 60
64 62
64 63
64 66
64 67
64 69
64 70
64 71
64 72
64 73
64 74
64 77
64 79
64 85
64 86
76 1
76 3
76 5
76 11
76 20
76 23
76 24
76 25
76 26
76 27
76 33
76 34
76 35
76 37
76 38
76 40
76 42
76 47
76 48
76 53
76 54
76 56
76 57
76 58
76 60
76 62
76 63
76 66
76 67
76 69
76 70
76 71
76 72
76 73
76 74
76 77
76 79
76 85
76 86
87 1
87 3
87 5
87 11
87 20
87 23
87 24
87 25
87 26
87 27
87 33
87 34
87 35
87 37
87 38
87 40
87 42
87 47
87 48
87 52
87 53
87 54
87 55
87 57
87 58
87 60
87 62
87 63
87 66
87 67
87 69
87 70
87 71
87 72
87 73
87 74
87 77
87 78
87 79
87 85
87 86
