88
4 1
4 3
4 68
4 6
4 9
4 11
4 77
4 78
4 13
4 50
4 51
4 59
4 28
4 63
5 1
5 2
5 4
5 6
5 7
5 10
5 11
5 12
5 13
5 14
5 21
5 24
5 25
5 26
5 32
5 33
5 36
5 42
5 44
5 47
5 48
5 61
5 62
5 63
5 65
5 67
5 68
5 74
5 75
5 77
5 78
5 83
6 1
6 2
6 4
6 7
6 10
6 11
6 12
6 13
6 14
6 21
6 22
6 24
6 25
6 26
6 32
6 33
6 36
6 42
6 44
6 47
6 48
6 55
6 61
6 62
6 65
6 67
6 68
6 74
6 75
6 77
6 78
6 83
8 3
8 6
8 9
8 11
8 77
8 78
8 50
8 51
8 59
8 28
8 63
10 1
10 3
10 4
10 6
10 65
10 42
10 11
10 13
10 78
10 47
10 48
10 77
10 14
10 68
10 26
10 59
10 28
10 61
10 63
12 3
12 9
12 18
12 50
12 51
12 28
13 3
13 9
13 18
13 50
13 51
13 28
15 18
15 38
15 30
17 18
17 38
17 30
18 1
18 3
18 4
18 6
18 65
18 9
18 11
18 77
18 78
18 13
18 48
18 50
18 51
18 68
18 59
18 28
18 63
20 1
20 83
20 4
20 6
20 65
20 63
20 42
20 11
20 13
20 78
20 47
20 48
20 77
20 14
20 61
20 68
20 26
20 59
20 74
20 21
21 1
21 3
21 4
21 6
21 9
21 11
21 77
21 78
21 13
21 50
21 51
21 68
21 59
21 28
21 63
22 1
22 3
22 4
22 6
22 65
22 9
22 11
22 77
22 78
22 13
22 48
22 50
22 51
22 68
22 59
22 28
22 63
23 1
23 3
23 4
23 6
23 65
23 9
23 11
23 77
23 14
23 13
23 48
23 50
23 51
23 78
23 68
23 59
23 28
23 63
25 18
25 38
25 30
26 38
26 30
27 1
27 2
27 4
27 6
27 7
27 10
27 11
27 12
27 13
27 14
27 21
27 24
27 25
27 26
27 32
27 33
27 36
27 42
27 44
27 47
27 48
27 61
27 62
27 63
27 65
27 67
27 68
27 74
27 75
27 77
27 78
27 83
33 1
33 83
33 4
33 6
33 65
33 63
33 42
33 11
33 13
33 78
33 47
33 48
33 77
33 14
33 61
33 68
33 26
33 59
33 74
33 21
34 18
34 30
35 1
35 2
35 4
35 7
35 10
35 12
35 13
35 14
35 21
35 22
35 24
35 25
35 26
35 32
35 33
35 36
35 41
35 42
35 44
35 47
35 48
35 49
35 52
35 55
35 61
35 62
35 65
35 67
35 68
35 74
35 75
35 77
35 78
35 83
36 1
36 2
36 4
36 6
36 11
36 13
36 14
36 21
36 26
36 33
36 42
36 47
36 48
36 59
36 61
36 62
36 63
36 65
36 68
36 74
36 77
36 78
36 83
37 1
37 2
37 4
37 6
37 7
37 11
37 13
37 14
37 21
37 24
37 25
37 26
37 32
37 33
37 42
37 44
37 47
37 48
37 59
37 61
37 62
37 63
37 65
37 67
37 68
37 74
37 77
37 78
37 83
40 1
40 3
40 4
40 6
40 65
40 9
40 11
40 77
40 14
40 13
40 48
40 50
40 78
40 68
40 59
40 28
40 63
41 1
41 2
41 5
41 7
41 10
41 12
41 14
41 21
41 22
41 23
41 24
41 25
41 26
41 31
41 32
41 33
41 36
41 37
41 39
41 42
41 43
41 44
41 45
41 46
41 47
41 48
41 49
41 52
41 55
41 56
41 61
41 62
41 65
41 67
41 70
41 74
41 75
41 83
41 85
41 87
42 1
42 2
42 4
42 7
42 10
42 12
42 13
42 14
42 21
42 22
42 24
42 25
42 26
42 32
42 33
42 36
42 41
42 44
42 47
42 48
42 49
42 52
42 55
42 61
42 62
42 65
42 67
42 68
42 74
42 75
42 77
42 78
42 83
43 1
43 2
43 4
43 7
43 10
43 12
43 14
43 21
43 22
43 24
43 25
43 26
43 32
43 33
43 36
43 37
43 39
43 41
43 42
43 44
43 46
43 47
43 48
43 49
43 52
43 55
43 56
43 61
43 62
43 65
43 67
43 68
43 70
43 74
43 75
43 83
43 87
44 1
44 83
44 4
44 6
44 65
44 63
44 42
44 11
44 13
44 78
44 47
44 48
44 77
44 14
44 61
44 68
44 26
44 59
44 74
44 21
45 3
45 9
45 18
45 50
45 51
45 28
45 30
48 1
48 2
48 5
48 7
48 10
48 12
48 14
48 21
48 22
48 23
48 24
48 25
48 26
48 31
48 32
48 33
48 36
48 37
48 39
48 41
48 42
48 43
48 44
48 45
48 46
48 47
48 49
48 52
48 55
48 56
48 61
48 62
48 65
48 67
48 70
48 74
48 75
48 83
48 85
48 87
51 3
51 6
51 9
51 11
51 50
51 59
51 28
51 63
53 1
53 2
53 4
53 7
53 10
53 11
53 12
53 13
53 14
53 21
53 22
53 24
53 25
53 26
53 32
53 33
53 36
53 41
53 42
53 44
53 47
53 48
53 49
53 52
53 55
53 61
53 62
53 65
53 67
53 68
53 74
53 75
53 77
53 78
53 83
55 1
55 3
55 4
55 6
55 9
55 11
55 77
55 78
55 13
55 50
55 51
55 68
55 59
55 28
55 63
56 18
56 30
57 1
57 3
57 4
57 6
57 9
57 11
57 77
57 78
57 13
57 50
57 51
57 68
57 59
57 28
57 63
58 9
58 18
58 51
58 50
58 30
59 3
59 9
59 18
59 50
59 51
59 28
59 30
60 18
60 30
61 3
61 4
61 6
61 9
61 11
61 77
61 78
61 13
61 50
61 51
61 68
61 59
61 28
61 63
62 38
63 1
63 2
63 4
63 7
63 10
63 11
63 12
63 13
63 14
63 21
63 22
63 24
63 25
63 26
63 32
63 33
63 36
63 42
63 44
63 47
63 48
63 49
63 52
63 55
63 61
63 62
63 65
63 67
63 68
63 74
63 75
63 77
63 78
63 83
64 3
64 6
64 9
64 11
64 78
64 50
64 51
64 59
64 28
64 63
65 18
65 51
65 30
67 3
67 4
67 6
67 9
67 11
67 77
67 78
67 13
67 50
67 51
67 68
67 59
67 28
67 63
68 1
68 2
68 4
68 6
68 7
68 11
68 13
68 14
68 21
68 24
68 25
68 26
68 32
68 33
68 42
68 44
68 47
68 48
68 59
68 61
68 62
68 63
68 65
68 67
68 74
68 77
68 78
68 83
70 3
70 9
70 18
70 50
70 51
70 30
71 18
71 38
71 30
72 18
72 51
72 30
73 18
73 38
73 30
74 1
74 3
74 4
74 6
74 9
74 11
74 77
74 78
74 13
74 50
74 51
74 68
74 59
74 28
74 63
75 3
75 9
75 18
75 50
75 51
75 28
75 30
76 18
76 30
78 1
78 2
78 4
78 6
78 7
78 11
78 13
78 14
78 21
78 24
78 25
78 26
78 32
78 33
78 42
78 47
78 48
78 59
78 61
78 62
78 63
78 65
78 68
78 74
78 77
78 83
79 1
79 3
79 4
79 6
79 65
79 9
79 11
79 77
79 78
79 13
79 48
79 50
79 51
79 68
79 59
79 28
79 63
81 3
81 6
81 9
81 11
81 50
81 51
81 59
81 28
81 63
82 38
82 30
84 1
84 3
84 4
84 6
84 65
84 9
84 11
84 77
84 78
84 13
84 48
84 50
84 51
84 68
84 59
84 28
84 63
86 3
86 6
86 9
86 11
86 77
86 78
86 13
86 50
86 51
86 59
86 28
86 63
88 3
88 68
88 6
88 9
88 11
88 77
88 78
88 13
88 50
88 51
88 59
88 28
88 63
