88
2 51
2 49
2 72
2 81
2 83
2 23
2 24
2 26
4 34
4 67
4 36
4 70
4 38
4 39
4 40
4 73
4 42
4 71
4 46
4 80
4 50
4 57
4 21
4 87
4 68
4 31
4 61
4 53
6 72
6 74
6 83
6 85
6 24
6 26
6 29
8 32
8 34
8 3
8 4
8 70
8 38
8 7
8 40
8 41
8 42
8 87
8 76
8 46
8 80
8 25
8 57
8 56
8 68
8 31
8 39
8 36
9 4
9 21
9 31
9 34
9 36
9 38
9 39
9 40
9 42
9 46
9 50
9 53
9 54
9 57
9 61
9 67
9 68
9 70
9 71
9 73
9 80
9 87
10 4
10 21
10 31
10 34
10 36
10 38
10 39
10 40
10 42
10 46
10 50
10 53
10 54
10 57
10 61
10 67
10 68
10 70
10 71
10 73
10 80
10 87
11 64
11 33
11 66
11 67
11 71
11 73
11 74
11 29
11 21
11 54
11 58
11 61
11 53
12 83
12 72
12 51
12 85
12 23
12 24
12 26
14 68
14 32
14 3
14 36
14 5
14 7
14 41
14 42
14 76
14 80
14 25
14 87
14 56
14 57
14 31
16 51
16 49
16 81
16 83
16 23
16 24
16 26
17 4
17 21
17 31
17 34
17 36
17 38
17 39
17 40
17 42
17 46
17 50
17 53
17 54
17 57
17 61
17 67
17 68
17 70
17 71
17 73
17 80
17 87
21 32
21 65
21 3
21 36
21 5
21 7
21 41
21 76
21 25
21 56
21 57
22 34
22 67
22 4
22 70
22 38
22 39
22 40
22 73
22 42
22 71
22 66
22 46
22 80
22 50
22 21
22 54
22 87
22 68
22 31
22 61
22 53
23 64
23 33
23 66
23 67
23 71
23 73
23 74
23 29
23 53
23 85
23 54
23 58
23 61
23 21
27 64
27 33
27 34
27 67
27 4
27 70
27 38
27 39
27 40
27 73
27 71
27 66
27 46
27 50
27 21
27 54
27 58
27 61
27 53
28 64
28 33
28 66
28 67
28 71
28 73
28 74
28 29
28 53
28 85
28 54
28 58
28 61
28 21
29 64
29 33
29 34
29 67
29 4
29 70
29 38
29 39
29 40
29 73
29 71
29 66
29 46
29 50
29 21
29 54
29 58
29 61
29 53
31 68
31 32
31 3
31 36
31 5
31 7
31 41
31 42
31 76
31 80
31 25
31 56
31 57
33 34
33 67
33 4
33 70
33 38
33 39
33 40
33 42
33 76
33 46
33 80
33 50
33 57
33 25
33 21
33 87
33 56
33 68
33 31
33 53
33 36
34 32
34 65
34 3
34 5
34 7
34 41
34 76
34 20
34 56
34 25
35 3
35 4
35 7
35 25
35 31
35 32
35 34
35 36
35 38
35 39
35 40
35 41
35 42
35 46
35 50
35 56
35 57
35 68
35 70
35 76
35 80
35 87
37 32
37 3
37 4
37 70
37 38
37 7
37 40
37 41
37 42
37 87
37 76
37 46
37 80
37 25
37 57
37 56
37 68
37 31
37 39
37 36
39 68
39 32
39 3
39 36
39 5
39 7
39 41
39 42
39 76
39 80
39 25
39 87
39 56
39 57
39 31
42 32
42 3
42 68
42 38
42 7
42 41
42 87
42 76
42 46
42 80
42 25
42 57
42 56
42 4
42 31
42 39
42 36
43 68
43 32
43 3
43 36
43 5
43 7
43 41
43 42
43 76
43 80
43 25
43 87
43 56
43 57
43 31
44 32
44 65
44 3
44 5
44 7
44 41
44 76
44 20
44 56
44 25
45 34
45 67
45 4
45 70
45 38
45 39
45 40
45 73
45 42
45 71
45 66
45 46
45 80
45 50
45 21
45 54
45 87
45 31
45 61
45 53
47 33
47 34
47 67
47 4
47 70
47 38
47 39
47 40
47 73
47 71
47 66
47 46
47 80
47 50
47 21
47 54
47 87
47 31
47 61
47 53
48 68
48 32
48 3
48 36
48 5
48 7
48 41
48 42
48 76
48 80
48 25
48 87
48 56
48 57
48 31
49 64
49 33
49 66
49 72
49 74
49 85
49 54
49 58
49 29
52 68
52 65
52 3
52 36
52 5
52 7
52 41
52 42
52 76
52 32
52 25
52 56
52 57
54 68
54 65
54 3
54 36
54 5
54 7
54 41
54 42
54 76
54 32
54 25
54 56
54 57
55 3
55 4
55 7
55 21
55 25
55 31
55 32
55 34
55 36
55 38
55 39
55 40
55 41
55 42
55 46
55 50
55 56
55 57
55 68
55 70
55 76
55 80
55 87
57 32
57 65
57 3
57 5
57 7
57 41
57 76
57 20
57 56
57 25
58 41
58 20
58 5
58 65
59 32
59 65
59 3
59 5
59 7
59 41
59 76
59 20
59 25
59 56
59 57
60 32
60 65
60 3
60 5
60 7
60 41
60 76
60 20
60 56
60 25
62 4
62 21
62 31
62 34
62 36
62 38
62 39
62 40
62 42
62 46
62 50
62 53
62 54
62 57
62 61
62 67
62 68
62 70
62 71
62 73
62 80
62 87
63 68
63 32
63 3
63 36
63 38
63 7
63 41
63 42
63 39
63 76
63 80
63 25
63 87
63 56
63 57
63 31
66 4
66 21
66 31
66 34
66 36
66 38
66 39
66 40
66 42
66 46
66 50
66 53
66 54
66 57
66 61
66 67
66 68
66 70
66 71
66 73
66 80
66 87
67 32
67 65
67 3
67 5
67 7
67 41
67 76
67 20
67 56
68 32
68 3
68 4
68 38
68 7
68 40
68 41
68 42
68 39
68 76
68 46
68 80
68 25
68 87
68 56
68 57
68 31
68 36
69 64
69 33
69 66
69 67
69 71
69 73
69 74
69 29
69 53
69 85
69 54
69 58
69 61
69 21
70 32
70 65
70 3
70 5
70 7
70 41
70 76
70 20
70 56
70 25
73 32
73 3
73 4
73 38
73 7
73 41
73 42
73 87
73 76
73 80
73 25
73 57
73 56
73 68
73 31
73 39
73 36
75 34
75 67
75 4
75 70
75 38
75 39
75 40
75 73
75 42
75 71
75 66
75 46
75 80
75 50
75 21
75 54
75 87
75 68
75 31
75 61
75 53
76 32
76 65
76 3
76 5
76 7
76 41
76 20
77 3
77 4
77 7
77 21
77 25
77 31
77 32
77 34
77 36
77 38
77 39
77 40
77 42
77 46
77 50
77 56
77 57
77 67
77 68
77 70
77 76
77 80
77 87
78 68
78 32
78 3
78 36
78 5
78 7
78 41
78 42
78 76
78 80
78 25
78 87
78 56
78 57
78 31
79 34
79 67
79 4
79 70
79 38
79 39
79 40
79 73
79 42
79 71
79 66
79 46
79 80
79 50
79 21
79 54
79 87
79 68
79 31
79 61
79 53
80 3
80 4
80 7
80 21
80 25
80 31
80 32
80 34
80 36
80 38
80 39
80 40
80 42
80 46
80 50
80 56
80 57
80 67
80 68
80 70
80 76
80 87
82 3
82 4
82 7
82 25
82 31
82 32
82 34
82 36
82 38
82 39
82 40
82 41
82 42
82 46
82 50
82 56
82 57
82 68
82 70
82 76
82 80
82 87
83 64
83 33
83 34
83 67
83 70
83 71
83 40
83 73
83 66
83 50
83 53
83 54
83 58
83 61
83 21
84 64
84 33
84 66
84 71
84 72
84 73
84 74
84 29
84 85
84 54
84 58
84 61
87 32
87 34
87 3
87 4
87 70
87 38
87 7
87 40
87 41
87 42
87 39
87 76
87 46
87 80
87 50
87 25
87 57
87 56
87 68
87 31
87 36
88 32
88 3
88 4
88 70
88 38
88 7
88 40
88 41
88 42
88 87
88 76
88 46
88 80
88 25
88 57
88 56
88 68
88 31
88 39
88 36
