88
1 59
1 12
1 56
1 18
1 19
1 53
1 86
1 24
1 27
1 28
1 29
2 1
2 59
2 12
2 17
2 18
2 53
2 86
2 56
2 24
2 27
2 28
2 29
3 1
3 59
3 12
3 56
3 18
3 19
3 53
3 86
3 24
3 27
3 28
3 29
4 1
4 59
4 12
4 56
4 18
4 19
4 53
4 86
4 24
4 27
4 28
4 29
5 1
5 59
5 12
5 56
5 18
5 53
5 86
5 24
5 27
5 28
5 29
6 1
6 59
6 12
6 56
6 18
6 19
6 53
6 86
6 24
6 27
6 28
6 29
7 1
7 59
7 12
7 56
7 18
7 19
7 53
7 86
7 24
7 27
7 28
7 29
9 1
9 59
9 12
9 56
9 18
9 19
9 53
9 86
9 24
9 27
9 28
9 29
10 1
10 8
10 12
10 17
10 53
10 86
10 56
10 24
10 27
10 28
10 29
11 1
11 8
11 12
11 17
11 53
11 86
11 56
11 24
11 27
11 28
11 29
13 1
13 59
13 12
13 17
13 18
13 53
13 86
13 56
13 24
13 27
13 28
13 29
14 1
14 59
14 12
14 56
14 18
14 19
14 53
14 86
14 24
14 27
14 28
14 29
21 1
21 59
21 12
21 56
21 18
21 19
21 53
21 86
21 24
21 27
21 28
21 29
22 1
22 59
22 12
22 17
22 18
22 53
22 86
22 56
22 24
22 27
22 28
22 29
23 8
23 17
23 12
25 1
25 59
25 12
25 56
25 18
25 19
25 53
25 86
25 24
25 27
25 28
25 29
26 1
26 59
26 12
26 17
26 18
26 53
26 86
26 56
26 24
26 27
26 28
26 29
27 1
27 12
27 56
27 18
27 19
27 53
27 86
27 24
27 59
27 28
27 29
28 1
28 59
28 12
28 56
28 18
28 19
28 53
28 86
28 24
28 27
28 29
29 1
29 59
29 12
29 56
29 18
29 19
29 53
29 86
29 24
29 27
29 28
30 1
30 59
30 12
30 17
30 18
30 53
30 86
30 56
30 24
30 27
30 28
30 29
31 1
31 59
31 12
31 56
31 18
31 53
31 86
31 24
31 27
31 28
31 29
32 1
32 59
32 12
32 56
32 18
32 19
32 53
32 86
32 24
32 27
32 28
32 29
33 1
33 59
33 12
33 56
33 18
33 19
33 53
33 86
33 24
33 27
33 28
33 29
34 1
34 59
34 12
34 56
34 18
34 53
34 86
34 24
34 27
34 28
34 29
35 1
35 59
35 12
35 56
35 18
35 53
35 86
35 24
35 27
35 28
35 29
36 1
36 59
36 12
36 56
36 18
36 19
36 53
36 86
36 24
36 27
36 28
36 29
37 1
37 59
37 12
37 56
37 18
37 19
37 53
37 86
37 24
37 27
37 28
37 29
38 1
38 59
38 12
38 56
38 18
38 19
38 53
38 86
38 24
38 27
38 28
38 29
39 1
39 59
39 12
39 56
39 18
39 19
39 53
39 86
39 24
39 27
39 28
39 29
40 1
40 59
40 12
40 56
40 18
40 19
40 53
40 86
40 24
40 27
40 28
40 29
41 1
41 59
41 12
41 56
41 18
41 19
41 53
41 86
41 24
41 27
41 28
41 29
42 1
42 59
42 12
42 56
42 18
42 19
42 53
42 86
42 24
42 27
42 28
42 29
43 1
43 59
43 12
43 56
43 18
43 19
43 53
43 86
43 24
43 27
43 28
43 29
44 1
44 59
44 12
44 56
44 18
44 19
44 53
44 86
44 24
44 27
44 28
44 29
45 8
45 12
45 17
45 53
45 86
45 29
46 1
46 59
46 12
46 17
46 18
46 53
46 86
46 56
46 24
46 27
46 28
46 29
47 1
47 59
47 12
47 56
47 18
47 19
47 53
47 86
47 24
47 27
47 28
47 29
48 1
48 59
48 12
48 56
48 18
48 19
48 53
48 86
48 24
48 27
48 28
48 29
49 1
49 59
49 12
49 56
49 18
49 19
49 53
49 86
49 24
49 27
49 28
49 29
50 1
50 59
50 12
50 56
50 18
50 19
50 53
50 86
50 24
50 27
50 28
50 29
51 1
51 59
51 12
51 17
51 53
51 86
51 56
51 24
51 27
51 28
51 29
52 8
52 17
52 12
52 53
52 29
53 1
53 59
53 12
53 56
53 18
53 19
53 86
53 24
53 27
53 28
53 29
54 1
54 59
54 12
54 56
54 18
54 19
54 53
54 86
54 24
54 27
54 28
54 29
55 1
55 59
55 12
55 56
55 18
55 19
55 53
55 86
55 24
55 27
55 28
55 29
56 1
56 59
56 12
56 18
56 19
56 53
56 86
56 24
56 27
56 28
56 29
57 1
57 59
57 12
57 56
57 18
57 19
57 53
57 86
57 24
57 27
57 28
57 29
58 1
58 8
58 12
58 17
58 53
58 86
58 56
58 27
58 28
58 29
60 1
60 59
60 12
60 56
60 18
60 19
60 53
60 86
60 24
60 27
60 28
60 29
61 1
61 59
61 12
61 56
61 18
61 19
61 53
61 86
61 24
61 27
61 28
61 29
62 1
62 59
62 12
62 56
62 18
62 53
62 86
62 24
62 27
62 28
62 29
63 1
63 59
63 12
63 17
63 18
63 53
63 86
63 56
63 24
63 27
63 28
63 29
64 1
64 59
64 12
64 56
64 18
64 19
64 53
64 86
64 24
64 27
64 28
64 29
65 1
65 59
65 12
65 56
65 18
65 19
65 53
65 86
65 24
65 27
65 28
65 29
66 1
66 59
66 12
66 17
66 53
66 86
66 56
66 24
66 27
66 28
66 29
67 1
67 59
67 12
67 56
67 18
67 19
67 53
67 86
67 24
67 27
67 28
67 29
68 1
68 59
68 12
68 56
68 18
68 19
68 53
68 86
68 24
68 27
68 28
68 29
69 1
69 8
69 12
69 17
69 53
69 86
69 56
69 24
69 27
69 28
69 29
70 1
70 59
70 12
70 56
70 18
70 53
70 86
70 24
70 27
70 28
70 29
71 1
71 59
71 12
71 56
71 18
71 53
71 86
71 24
71 27
71 28
71 29
72 1
72 59
72 8
72 12
72 17
72 53
72 86
72 56
72 24
72 27
72 28
72 29
73 1
73 59
73 12
73 17
73 53
73 86
73 56
73 24
73 27
73 28
73 29
74 1
74 8
74 12
74 17
74 53
74 86
74 27
74 29
75 1
75 59
75 12
75 56
75 18
75 19
75 53
75 86
75 24
75 27
75 28
75 29
76 1
76 59
76 12
76 17
76 18
76 53
76 86
76 56
76 24
76 27
76 28
76 29
77 1
77 59
77 12
77 56
77 18
77 19
77 53
77 86
77 24
77 27
77 28
77 29
78 1
78 59
78 12
78 56
78 18
78 19
78 53
78 86
78 24
78 27
78 28
78 29
79 1
79 59
79 12
79 56
79 18
79 19
79 53
79 86
79 24
79 27
79 28
79 29
80 1
80 59
80 12
80 56
80 18
80 19
80 53
80 86
80 24
80 27
80 28
80 29
81 1
81 59
81 12
81 56
81 18
81 53
81 86
81 24
81 27
81 28
81 29
82 8
82 12
82 17
82 53
82 86
82 29
83 1
83 59
83 12
83 17
83 18
83 53
83 86
83 56
83 24
83 27
83 28
83 29
84 1
84 59
84 12
84 17
84 18
84 53
84 86
84 56
84 24
84 27
84 28
84 29
85 1
85 59
85 12
85 56
85 18
85 53
85 86
85 24
85 27
85 28
85 29
86 1
86 59
86 12
86 56
86 18
86 19
86 53
86 24
86 27
86 28
86 29
87 1
87 59
87 12
87 56
87 18
87 19
87 53
87 86
87 24
87 27
87 28
87 29
88 1
88 59
88 12
88 56
88 18
88 19
88 53
88 86
88 24
88 27
88 28
88 29
