88
1 4
1 5
1 70
1 40
1 76
1 10
1 43
1 44
1 46
1 18
1 88
1 60
1 62
2 5
2 70
2 40
2 76
2 43
2 44
2 46
2 18
2 88
2 60
2 62
3 4
3 5
3 70
3 40
3 76
3 10
3 43
3 44
3 46
3 18
3 88
3 60
3 62
4 5
4 40
4 43
4 44
4 88
4 60
5 88
5 40
5 43
5 60
6 5
6 40
6 44
6 43
6 76
6 88
6 60
7 5
7 40
7 44
7 43
7 76
7 88
7 60
8 1
8 2
8 4
8 5
8 70
8 7
8 40
8 76
8 10
8 43
8 44
8 45
8 46
8 18
8 82
8 23
8 62
9 1
9 2
9 4
9 70
9 7
9 10
9 18
9 45
9 46
9 82
9 23
9 26
9 27
9 28
9 62
10 4
10 5
10 70
10 40
10 76
10 43
10 44
10 46
10 18
10 88
10 60
10 62
11 5
11 40
11 76
11 43
11 44
11 46
11 18
11 88
11 60
11 62
13 1
13 2
13 4
13 70
13 7
13 40
13 76
13 10
13 44
13 45
13 46
13 18
13 82
13 23
13 26
13 28
13 62
14 5
14 40
14 44
14 43
14 76
14 88
14 60
15 27
15 12
16 4
16 5
16 70
16 40
16 76
16 10
16 43
16 44
16 46
16 18
16 88
16 62
18 5
18 70
18 40
18 76
18 43
18 44
18 46
18 88
18 60
18 62
20 1
20 2
20 4
20 70
20 7
20 10
20 18
20 45
20 46
20 82
20 23
20 26
20 27
20 28
20 62
21 12
21 26
21 27
21 28
22 17
22 15
24 4
24 5
24 70
24 40
24 76
24 43
24 44
24 46
24 18
24 88
24 60
24 62
25 12
25 26
25 27
25 28
25 82
26 1
26 2
26 4
26 70
26 7
26 10
26 18
26 76
26 45
26 46
26 82
26 23
26 28
26 62
29 1
29 2
29 4
29 70
29 7
29 10
29 45
29 82
29 23
29 26
29 27
29 28
29 62
30 1
30 2
30 4
30 7
30 10
30 45
30 82
30 23
30 26
30 27
30 28
31 1
31 2
31 7
31 12
31 45
31 82
31 23
31 26
31 27
31 28
32 1
32 2
32 4
32 70
32 7
32 10
32 18
32 76
32 45
32 46
32 82
32 23
32 26
32 28
32 62
33 1
33 2
33 4
33 70
33 7
33 76
33 10
33 18
33 44
33 45
33 46
33 82
33 23
33 26
33 28
33 62
34 1
34 2
34 4
34 70
34 7
34 10
34 45
34 82
34 23
34 26
34 27
34 28
35 1
35 2
35 4
35 7
35 10
35 45
35 82
35 23
35 26
35 27
35 28
36 1
36 2
36 4
36 70
36 7
36 10
36 18
36 76
36 45
36 46
36 82
36 23
36 26
36 28
36 62
37 1
37 2
37 4
37 70
37 7
37 76
37 10
37 18
37 44
37 45
37 46
37 82
37 23
37 26
37 28
37 62
38 1
38 2
38 4
38 70
38 7
38 10
38 18
38 76
38 45
38 46
38 82
38 23
38 26
38 28
38 62
39 5
39 40
39 43
39 44
39 88
39 60
40 5
40 76
40 43
40 44
40 46
40 18
40 88
40 60
40 62
41 5
41 40
41 76
41 43
41 44
41 46
41 18
41 88
41 60
41 62
42 4
42 5
42 70
42 40
42 76
42 10
42 43
42 44
42 46
42 18
42 88
42 60
42 62
43 88
43 44
43 60
43 5
43 40
44 88
44 40
44 43
44 60
44 5
46 4
46 5
46 70
46 40
46 76
46 10
46 43
46 44
46 18
46 88
46 60
46 62
47 1
47 2
47 4
47 7
47 10
47 45
47 82
47 23
47 26
47 27
47 28
48 27
48 12
49 1
49 4
49 5
49 70
49 7
49 40
49 76
49 10
49 43
49 44
49 45
49 46
49 18
49 23
49 62
50 4
50 5
50 70
50 40
50 76
50 10
50 43
50 44
50 46
50 18
50 88
50 60
50 62
51 1
51 2
51 4
51 70
51 7
51 10
51 18
51 45
51 46
51 82
51 23
51 26
51 27
51 28
51 62
52 1
52 4
52 5
52 70
52 40
52 76
52 10
52 43
52 44
52 45
52 46
52 18
52 23
52 62
53 1
53 4
53 5
53 70
53 7
53 40
53 76
53 10
53 43
53 44
53 45
53 46
53 18
53 23
53 62
54 4
54 5
54 70
54 40
54 76
54 10
54 43
54 44
54 46
54 18
54 88
54 60
54 62
55 4
55 5
55 70
55 40
55 76
55 43
55 44
55 46
55 18
55 88
55 60
55 62
56 1
56 2
56 4
56 5
56 70
56 7
56 40
56 76
56 10
56 43
56 44
56 45
56 46
56 18
56 82
56 23
56 62
57 4
57 5
57 70
57 40
57 76
57 43
57 44
57 46
57 18
57 88
57 60
57 62
58 1
58 2
58 4
58 70
58 7
58 40
58 76
58 10
58 44
58 45
58 46
58 18
58 82
58 23
58 26
58 28
58 62
59 1
59 2
59 4
59 70
59 7
59 10
59 18
59 76
59 45
59 46
59 82
59 23
59 26
59 28
59 62
60 88
60 40
60 43
60 44
60 5
61 1
61 2
61 4
61 70
61 7
61 76
61 10
61 18
61 44
61 45
61 46
61 82
61 23
61 26
61 28
61 62
62 4
62 5
62 70
62 40
62 76
62 10
62 43
62 44
62 46
62 18
62 88
62 60
63 1
63 2
63 4
63 5
63 70
63 7
63 40
63 76
63 10
63 43
63 44
63 45
63 46
63 18
63 23
63 62
64 5
64 70
64 40
64 76
64 43
64 44
64 46
64 18
64 88
64 60
64 62
65 12
65 27
65 28
66 12
66 26
66 27
66 28
67 1
67 2
67 4
67 5
67 70
67 7
67 40
67 76
67 10
67 43
67 44
67 45
67 46
67 18
67 23
67 62
68 4
68 5
68 70
68 40
68 76
68 10
68 43
68 44
68 46
68 18
68 88
68 60
68 62
69 5
69 40
69 76
69 43
69 44
69 46
69 18
69 88
69 60
69 62
70 5
70 40
70 43
70 44
70 88
70 60
71 4
71 5
71 70
71 40
71 76
71 43
71 44
71 46
71 18
71 88
71 60
71 62
72 4
72 5
72 70
72 40
72 76
72 43
72 44
72 46
72 18
72 88
72 60
72 62
73 1
73 2
73 4
73 70
73 7
73 10
73 45
73 82
73 23
73 26
73 27
73 28
74 1
74 2
74 4
74 70
74 7
74 10
74 18
74 76
74 45
74 46
74 82
74 23
74 26
74 28
74 62
75 1
75 2
75 4
75 7
75 10
75 45
75 82
75 23
75 26
75 27
75 28
76 4
76 5
76 70
76 40
76 43
76 44
76 46
76 18
76 88
76 60
76 62
77 1
77 2
77 4
77 70
77 7
77 10
77 45
77 82
77 23
77 26
77 27
77 28
78 1
78 2
78 4
78 70
78 7
78 10
78 18
78 45
78 46
78 82
78 23
78 26
78 27
78 28
78 62
79 12
79 26
79 27
79 28
80 4
80 5
80 70
80 40
80 76
80 10
80 43
80 44
80 46
80 18
80 23
80 88
80 62
81 1
81 2
81 7
81 12
81 45
81 82
81 23
81 26
81 27
81 28
83 1
83 2
83 4
83 7
83 10
83 45
83 82
83 23
83 26
83 27
83 28
84 1
84 2
84 4
84 70
84 7
84 10
84 18
84 76
84 45
84 46
84 82
84 23
84 26
84 28
84 62
85 5
85 70
85 40
85 76
85 43
85 44
85 46
85 18
85 88
85 60
85 62
86 17
86 15
87 1
87 2
87 4
87 5
87 70
87 7
87 40
87 76
87 10
87 43
87 44
87 45
87 46
87 18
87 82
87 23
87 62
88 40
88 44
88 43
88 60
88 5
