88
1 48
1 49
1 50
1 44
1 53
2 32
2 65
2 69
2 51
2 39
2 74
2 44
2 77
2 79
2 83
2 84
2 53
2 23
2 88
2 52
2 25
2 60
2 20
3 4
3 75
3 28
3 61
3 29
4 32
4 65
4 39
4 44
4 77
4 48
4 49
4 50
4 83
4 84
4 53
4 23
4 88
4 20
5 69
5 28
5 74
5 75
5 29
5 79
5 52
5 25
5 60
5 61
6 4
6 29
7 32
7 65
7 69
7 51
7 39
7 74
7 44
7 77
7 79
7 83
7 84
7 53
7 23
7 88
7 52
7 25
7 60
7 20
8 32
8 65
8 69
8 51
8 39
8 44
8 77
8 79
8 48
8 49
8 50
8 83
8 84
8 53
8 23
8 88
8 20
9 32
9 65
9 69
9 51
9 39
9 44
9 77
9 79
9 48
9 49
9 50
9 83
9 84
9 53
9 23
9 88
9 20
10 75
10 28
10 61
10 29
11 60
11 75
11 61
11 25
11 28
11 29
12 28
12 74
12 75
12 29
12 52
12 25
12 60
12 61
13 32
13 65
13 69
13 51
13 39
13 74
13 44
13 77
13 79
13 48
13 83
13 84
13 53
13 23
13 88
13 52
13 25
13 20
14 32
14 65
14 51
14 39
14 44
14 77
14 48
14 49
14 50
14 83
14 84
14 53
14 23
14 88
14 20
17 4
20 32
20 39
20 44
20 48
20 49
20 50
20 53
20 23
20 88
22 28
22 75
22 60
22 29
22 61
24 69
24 28
24 74
24 75
24 29
24 79
24 52
24 25
24 60
24 61
26 32
26 65
26 51
26 39
26 44
26 77
26 48
26 49
26 50
26 83
26 84
26 53
26 23
26 88
26 20
27 32
27 65
27 69
27 51
27 39
27 74
27 44
27 77
27 79
27 48
27 83
27 84
27 53
27 23
27 88
27 52
27 25
27 20
29 32
29 65
29 51
29 39
29 44
29 77
29 48
29 49
29 50
29 83
29 84
29 53
29 23
29 88
29 20
31 32
31 65
31 69
31 51
31 39
31 74
31 44
31 77
31 79
31 48
31 83
31 84
31 53
31 23
31 88
31 52
31 25
31 20
33 32
33 65
33 69
33 51
33 39
33 74
33 77
33 79
33 83
33 84
33 23
33 88
33 52
33 25
33 60
33 20
34 69
34 28
34 74
34 75
34 29
34 79
34 52
34 25
34 60
34 61
35 32
35 65
35 69
35 51
35 39
35 74
35 44
35 77
35 79
35 48
35 83
35 84
35 53
35 23
35 88
35 52
35 25
35 20
36 32
36 65
36 51
36 39
36 44
36 77
36 48
36 49
36 50
36 83
36 84
36 53
36 23
36 88
36 20
37 32
37 65
37 39
37 44
37 77
37 48
37 49
37 50
37 83
37 84
37 53
37 23
37 88
37 20
38 32
38 65
38 69
38 51
38 39
38 44
38 77
38 79
38 48
38 49
38 50
38 83
38 84
38 53
38 23
38 88
38 20
39 32
39 65
39 69
39 51
39 44
39 77
39 48
39 49
39 50
39 83
39 84
39 53
39 23
39 88
39 20
40 32
40 65
40 69
40 51
40 39
40 74
40 44
40 77
40 79
40 48
40 83
40 84
40 53
40 23
40 88
40 52
40 25
40 20
41 75
41 4
41 29
42 69
42 28
42 74
42 75
42 79
42 52
42 25
42 60
42 61
43 32
43 65
43 69
43 51
43 39
43 74
43 44
43 77
43 79
43 48
43 83
43 84
43 53
43 23
43 88
43 52
43 25
43 20
44 32
44 48
44 49
44 50
44 53
44 23
45 69
45 28
45 74
45 75
45 79
45 51
45 52
45 25
45 60
45 61
46 28
46 74
46 75
46 29
46 52
46 25
46 60
46 61
47 32
47 65
47 51
47 39
47 44
47 77
47 48
47 49
47 50
47 83
47 84
47 53
47 23
47 88
47 20
49 32
49 44
49 48
49 50
49 53
49 23
52 32
52 65
52 69
52 51
52 39
52 74
52 44
52 77
52 79
52 48
52 83
52 84
52 53
52 23
52 88
52 20
52 25
53 48
53 49
53 50
53 44
54 32
54 39
54 44
54 48
54 49
54 50
54 20
54 53
54 23
54 88
55 28
55 75
55 60
55 29
55 61
56 69
56 28
56 74
56 75
56 79
56 51
56 52
56 25
56 60
56 61
57 69
57 28
57 74
57 75
57 79
57 51
57 52
57 25
57 60
57 61
58 32
58 65
58 69
58 51
58 39
58 44
58 77
58 79
58 48
58 49
58 50
58 83
58 84
58 53
58 23
58 88
58 20
59 51
59 69
59 28
59 74
59 79
59 83
59 84
59 25
59 52
59 60
59 61
60 32
60 65
60 69
60 51
60 39
60 44
60 77
60 48
60 49
60 50
60 83
60 84
60 53
60 23
60 88
60 20
61 32
61 65
61 39
61 44
61 77
61 48
61 49
61 50
61 20
61 53
61 23
61 88
62 65
62 69
62 51
62 39
62 28
62 74
62 77
62 79
62 83
62 84
62 23
62 88
62 52
62 25
62 60
62 61
62 20
63 69
63 28
63 74
63 75
63 79
63 51
63 52
63 25
63 60
63 61
64 75
64 28
64 61
64 29
65 32
65 39
65 44
65 77
65 48
65 49
65 50
65 83
65 84
65 53
65 23
65 88
65 20
66 32
66 65
66 69
66 51
66 39
66 44
66 77
66 79
66 48
66 49
66 50
66 83
66 84
66 53
66 23
66 88
66 20
67 65
67 69
67 51
67 39
67 28
67 74
67 77
67 79
67 83
67 84
67 23
67 88
67 52
67 25
67 60
67 61
67 20
68 65
68 69
68 51
68 39
68 28
68 74
68 77
68 79
68 83
68 84
68 23
68 88
68 52
68 25
68 60
68 61
68 20
70 69
70 28
70 74
70 75
70 79
70 51
70 52
70 25
70 60
70 61
71 69
71 28
71 74
71 75
71 79
71 51
71 52
71 25
71 60
71 61
72 32
72 65
72 69
72 51
72 39
72 74
72 44
72 77
72 79
72 48
72 49
72 83
72 84
72 53
72 23
72 88
72 52
72 25
72 20
73 69
73 28
73 74
73 75
73 79
73 52
73 25
73 60
73 61
74 32
74 65
74 69
74 51
74 39
74 44
74 77
74 48
74 49
74 50
74 83
74 84
74 53
74 23
74 88
74 20
75 32
75 65
75 51
75 39
75 44
75 77
75 48
75 49
75 50
75 83
75 84
75 53
75 23
75 88
75 20
76 69
76 28
76 74
76 75
76 29
76 79
76 52
76 25
76 60
76 61
78 32
78 65
78 69
78 51
78 39
78 74
78 44
78 77
78 79
78 48
78 83
78 84
78 53
78 23
78 88
78 52
78 25
78 20
79 32
79 65
79 39
79 44
79 77
79 48
79 49
79 50
79 83
79 84
79 53
79 23
79 88
79 20
80 32
80 65
80 69
80 51
80 39
80 44
80 77
80 79
80 48
80 49
80 50
80 83
80 84
80 53
80 23
80 88
80 20
81 32
81 65
81 69
81 51
81 39
81 44
81 77
81 79
81 48
81 49
81 50
81 83
81 84
81 53
81 23
81 88
81 20
82 65
82 69
82 51
82 39
82 28
82 74
82 77
82 79
82 83
82 84
82 23
82 88
82 52
82 25
82 60
82 61
82 20
84 32
84 65
84 39
84 44
84 77
84 48
84 49
84 50
84 20
84 53
84 23
84 88
85 32
85 65
85 69
85 51
85 39
85 74
85 77
85 79
85 83
85 84
85 23
85 88
85 52
85 25
85 60
85 20
86 32
86 65
86 51
86 39
86 44
86 77
86 48
86 49
86 50
86 83
86 84
86 53
86 23
86 88
86 20
87 48
87 49
87 50
87 44
87 53
88 32
88 44
88 48
88 49
88 50
88 53
88 23
