88
1 3
1 4
1 9
1 22
1 33
1 35
1 40
1 46
1 49
1 56
1 63
1 64
1 66
1 67
1 68
1 72
1 73
1 74
1 78
1 79
1 80
1 83
2 7
2 24
2 25
2 37
2 39
2 41
2 42
2 43
2 45
2 47
2 49
2 60
2 62
2 67
2 70
2 71
2 72
2 73
2 75
2 77
2 81
2 83
5 1
5 2
5 30
5 6
8 3
8 4
8 9
8 13
8 22
8 33
8 35
8 40
8 46
8 49
8 56
8 63
8 64
8 66
8 68
8 72
8 74
8 76
8 78
8 79
8 80
8 82
8 83
10 64
10 33
10 34
10 3
10 4
10 86
10 80
10 40
10 9
10 76
10 13
10 46
10 50
10 82
10 78
10 22
10 56
10 68
10 29
10 36
11 7
11 24
11 25
11 35
11 37
11 39
11 41
11 42
11 43
11 45
11 47
11 49
11 60
11 62
11 66
11 67
11 70
11 71
11 72
11 73
11 74
11 75
11 77
11 79
11 81
11 83
12 3
12 4
12 9
12 22
12 24
12 35
12 40
12 42
12 46
12 49
12 56
12 63
12 64
12 66
12 67
12 68
12 72
12 73
12 74
12 78
12 79
12 80
12 83
13 3
13 4
13 9
13 22
13 33
13 35
13 40
13 46
13 49
13 56
13 63
13 64
13 66
13 67
13 68
13 72
13 73
13 74
13 78
13 79
13 80
13 83
14 7
14 24
14 25
14 37
14 39
14 41
14 42
14 43
14 45
14 47
14 49
14 60
14 62
14 67
14 70
14 71
14 72
14 73
14 75
14 77
14 81
14 83
16 5
16 6
18 1
18 2
21 3
21 7
21 9
21 24
21 25
21 35
21 37
21 41
21 42
21 43
21 45
21 47
21 49
21 62
21 63
21 66
21 67
21 70
21 72
21 73
21 74
21 75
21 77
21 79
21 81
21 83
22 3
22 4
22 9
22 24
22 35
22 40
22 42
22 46
22 49
22 56
22 63
22 64
22 66
22 67
22 68
22 72
22 73
22 74
22 78
22 79
22 80
22 83
25 43
25 37
25 70
25 39
25 41
25 42
25 7
25 45
25 77
25 47
25 81
25 75
25 23
25 71
25 60
25 62
25 31
26 64
26 33
26 34
26 3
26 4
26 22
26 40
26 9
26 76
26 13
26 46
26 80
26 82
26 78
26 86
26 56
26 68
26 63
26 29
26 36
27 43
27 37
27 70
27 39
27 41
27 42
27 7
27 45
27 77
27 47
27 81
27 75
27 23
27 25
27 71
27 60
27 62
27 31
28 3
28 4
28 9
28 22
28 24
28 35
28 40
28 42
28 46
28 49
28 56
28 63
28 64
28 66
28 67
28 68
28 72
28 73
28 74
28 78
28 79
28 80
28 83
29 3
29 4
29 9
29 22
29 24
29 25
29 35
29 42
29 46
29 49
29 56
29 62
29 63
29 64
29 66
29 67
29 68
29 72
29 73
29 74
29 77
29 78
29 79
29 80
29 83
34 67
34 37
34 70
34 39
34 72
34 41
34 42
34 7
34 45
34 77
34 47
34 81
34 75
34 83
34 43
34 73
34 24
34 25
34 71
34 60
34 62
36 67
36 37
36 70
36 39
36 72
36 41
36 42
36 7
36 45
36 77
36 47
36 81
36 75
36 83
36 43
36 73
36 24
36 25
36 71
36 60
36 62
38 3
38 4
38 9
38 22
38 24
38 35
38 42
38 46
38 49
38 56
38 63
38 64
38 66
38 67
38 68
38 72
38 73
38 74
38 77
38 78
38 79
38 80
38 83
43 67
43 37
43 70
43 39
43 41
43 42
43 7
43 45
43 77
43 47
43 81
43 75
43 73
43 24
43 25
43 71
43 60
43 62
44 3
44 4
44 9
44 13
44 22
44 33
44 35
44 40
44 46
44 49
44 56
44 63
44 64
44 66
44 68
44 72
44 74
44 76
44 78
44 79
44 80
44 82
44 83
47 75
47 37
47 70
47 39
47 41
47 43
47 77
47 45
47 81
47 25
47 23
47 7
47 57
47 71
47 60
47 62
47 31
48 7
48 24
48 25
48 35
48 37
48 39
48 41
48 42
48 43
48 45
48 47
48 49
48 60
48 62
48 63
48 66
48 67
48 70
48 71
48 72
48 73
48 74
48 75
48 77
48 79
48 81
48 83
50 3
50 4
50 7
50 9
50 24
50 25
50 35
50 42
50 47
50 49
50 56
50 62
50 63
50 64
50 66
50 67
50 68
50 70
50 72
50 73
50 74
50 77
50 79
50 80
50 81
50 83
51 3
51 4
51 9
51 22
51 24
51 35
51 40
51 42
51 46
51 49
51 56
51 63
51 64
51 66
51 67
51 68
51 72
51 73
51 74
51 78
51 79
51 80
51 83
54 3
54 7
54 9
54 24
54 25
54 35
54 37
54 41
54 42
54 43
54 45
54 47
54 49
54 62
54 63
54 66
54 67
54 70
54 72
54 73
54 74
54 75
54 77
54 79
54 81
54 83
56 43
56 37
56 70
56 39
56 41
56 42
56 7
56 45
56 77
56 47
56 81
56 75
56 23
56 25
56 71
56 60
56 62
56 31
58 7
58 24
58 25
58 37
58 39
58 41
58 42
58 43
58 45
58 47
58 49
58 60
58 62
58 66
58 67
58 70
58 71
58 72
58 73
58 74
58 75
58 77
58 79
58 81
58 83
59 32
59 33
59 34
59 50
59 4
59 86
59 40
59 76
59 13
59 46
59 48
59 82
59 78
59 22
59 36
59 29
61 3
61 7
61 9
61 24
61 25
61 35
61 37
61 41
61 42
61 47
61 49
61 56
61 62
61 63
61 64
61 66
61 67
61 68
61 70
61 72
61 73
61 74
61 75
61 77
61 79
61 80
61 81
61 83
64 3
64 7
64 9
64 24
64 25
64 35
64 37
64 41
64 42
64 43
64 45
64 47
64 49
64 62
64 63
64 66
64 67
64 70
64 72
64 73
64 74
64 75
64 77
64 79
64 81
64 83
65 67
65 37
65 70
65 39
65 72
65 41
65 42
65 7
65 45
65 77
65 47
65 81
65 75
65 43
65 73
65 24
65 25
65 71
65 60
65 62
68 3
68 7
68 9
68 24
68 25
68 35
68 37
68 41
68 42
68 43
68 45
68 47
68 49
68 56
68 62
68 63
68 64
68 66
68 67
68 70
68 72
68 73
68 74
68 75
68 77
68 79
68 80
68 81
68 83
75 67
75 37
75 70
75 39
75 41
75 42
75 7
75 45
75 77
75 47
75 81
75 43
75 73
75 24
75 25
75 71
75 60
75 62
75 31
76 67
76 37
76 70
76 39
76 72
76 41
76 42
76 7
76 45
76 77
76 47
76 81
76 75
76 83
76 43
76 73
76 24
76 25
76 71
76 60
76 62
79 67
79 37
79 70
79 39
79 72
79 41
79 42
79 7
79 45
79 77
79 47
79 81
79 75
79 83
79 43
79 73
79 24
79 25
79 71
79 60
79 62
80 7
80 24
80 25
80 37
80 39
80 41
80 42
80 43
80 45
80 47
80 49
80 60
80 62
80 66
80 67
80 70
80 71
80 72
80 73
80 74
80 75
80 77
80 79
80 81
80 83
85 64
85 33
85 34
85 50
85 68
85 86
85 40
85 80
85 76
85 13
85 46
85 48
85 82
85 78
85 22
85 56
85 4
85 29
85 36
87 7
87 24
87 25
87 35
87 37
87 39
87 41
87 42
87 43
87 45
87 47
87 49
87 60
87 62
87 66
87 67
87 70
87 71
87 72
87 73
87 74
87 75
87 77
87 79
87 81
87 83
88 3
88 4
88 9
88 22
88 24
88 35
88 40
88 42
88 46
88 49
88 56
88 63
88 64
88 66
88 67
88 68
88 72
88 73
88 74
88 78
88 79
88 80
88 83
