88
1 35
1 7
1 8
1 9
1 14
1 15
1 59
1 50
1 19
1 52
1 86
1 23
1 88
1 47
2 35
2 7
2 8
2 9
2 14
2 15
2 59
2 50
2 19
2 52
2 86
2 23
2 88
2 47
3 35
3 7
3 8
3 9
3 14
3 15
3 59
3 50
3 19
3 52
3 86
3 23
3 88
3 47
4 35
4 38
4 7
4 8
4 9
4 14
4 15
4 59
4 50
4 19
4 52
4 86
4 23
4 88
4 47
5 1
5 2
5 35
5 36
5 33
5 38
5 39
5 40
5 9
5 44
5 77
5 46
5 15
5 27
5 19
5 21
5 88
5 47
9 35
9 7
9 8
9 14
9 15
9 59
9 50
9 19
9 52
9 86
9 23
9 88
9 47
10 35
10 7
10 8
10 9
10 14
10 15
10 59
10 50
10 19
10 52
10 86
10 23
10 88
10 47
11 35
11 7
11 8
11 9
11 14
11 15
11 59
11 50
11 19
11 52
11 86
11 23
11 88
11 47
12 2
12 35
12 36
12 38
12 8
12 9
12 44
12 77
12 14
12 15
12 27
12 59
12 50
12 19
12 46
12 23
12 88
12 47
13 7
13 8
13 14
13 50
13 52
13 86
13 59
17 1
17 2
17 35
17 36
17 33
17 38
17 39
17 40
17 9
17 44
17 77
17 46
17 15
17 27
17 19
17 21
17 88
17 47
18 2
18 35
18 36
18 38
18 8
18 9
18 44
18 77
18 14
18 15
18 27
18 59
18 50
18 19
18 46
18 23
18 88
18 47
19 7
19 8
19 14
19 50
19 52
19 86
19 23
19 59
21 35
21 7
21 8
21 9
21 14
21 15
21 59
21 50
21 19
21 52
21 86
21 23
21 88
21 47
22 1
22 36
22 33
22 6
22 39
22 40
22 44
22 46
22 84
22 21
24 2
24 35
24 36
24 38
24 9
24 44
24 77
24 46
24 15
24 27
24 19
24 23
24 88
24 47
25 33
25 6
25 39
25 40
25 84
25 21
27 2
27 35
27 38
27 8
27 9
27 44
27 77
27 14
27 15
27 59
27 50
27 19
27 52
27 46
27 23
27 88
27 47
28 1
28 2
28 35
28 36
28 38
28 9
28 44
28 77
28 46
28 15
28 27
28 19
28 23
28 88
28 47
29 35
29 38
29 7
29 8
29 9
29 14
29 15
29 27
29 59
29 50
29 19
29 52
29 86
29 23
29 88
29 47
30 84
30 6
31 2
31 35
31 36
31 38
31 9
31 44
31 77
31 46
31 15
31 27
31 19
31 23
31 88
31 47
32 1
32 2
32 36
32 38
32 33
32 40
32 39
32 44
32 77
32 46
32 84
32 21
32 27
33 1
33 2
33 35
33 36
33 38
33 9
33 44
33 77
33 46
33 15
33 27
33 19
33 23
33 88
33 47
34 1
34 33
34 6
34 39
34 40
34 84
34 21
35 59
35 7
35 8
35 9
35 14
35 15
35 50
35 19
35 52
35 86
35 23
35 88
35 47
36 1
36 2
36 35
36 33
36 38
36 39
36 40
36 9
36 44
36 77
36 46
36 15
36 27
36 19
36 21
36 88
36 47
37 35
37 7
37 8
37 14
37 50
37 19
37 52
37 86
37 23
37 88
37 59
38 35
38 7
38 8
38 9
38 14
38 15
38 59
38 50
38 19
38 52
38 86
38 23
38 88
38 47
40 2
40 35
40 36
40 38
40 9
40 44
40 77
40 46
40 15
40 27
40 19
40 23
40 88
40 47
41 2
41 35
41 36
41 38
41 9
41 44
41 77
41 46
41 15
41 27
41 19
41 23
41 88
41 47
42 1
42 2
42 36
42 38
42 33
42 40
42 9
42 39
42 44
42 77
42 46
42 84
42 21
42 27
43 35
43 7
43 8
43 9
43 14
43 15
43 59
43 50
43 19
43 52
43 86
43 23
43 88
43 47
44 35
44 7
44 8
44 9
44 14
44 15
44 59
44 50
44 19
44 52
44 86
44 23
44 88
44 47
47 35
47 38
47 7
47 8
47 9
47 14
47 15
47 50
47 19
47 52
47 86
47 23
47 88
47 59
48 1
48 2
48 35
48 36
48 33
48 38
48 39
48 40
48 9
48 44
48 77
48 46
48 15
48 27
48 19
48 21
48 88
48 47
49 2
49 35
49 36
49 38
49 9
49 44
49 77
49 46
49 15
49 27
49 19
49 23
49 88
49 47
50 7
50 8
50 14
50 52
50 86
50 23
50 88
50 59
51 1
51 2
51 36
51 38
51 33
51 40
51 39
51 44
51 77
51 46
51 84
51 21
51 27
53 84
53 21
53 6
53 39
54 6
55 2
55 35
55 38
55 7
55 8
55 9
55 77
55 14
55 15
55 27
55 59
55 50
55 19
55 52
55 46
55 86
55 23
55 88
55 47
56 84
56 6
57 1
57 2
57 35
57 36
57 33
57 38
57 39
57 40
57 9
57 44
57 77
57 46
57 15
57 27
57 19
57 21
57 88
57 47
58 1
58 2
58 36
58 38
58 33
58 40
58 39
58 44
58 77
58 46
58 84
58 21
58 27
60 35
60 7
60 8
60 14
60 15
60 50
60 19
60 52
60 86
60 23
60 88
60 59
61 1
61 36
61 33
61 6
61 39
61 40
61 44
61 84
61 21
62 84
62 21
62 6
62 39
63 35
63 38
63 7
63 8
63 9
63 14
63 15
63 59
63 50
63 19
63 52
63 86
63 23
63 88
63 47
64 1
64 2
64 35
64 36
64 38
64 33
64 9
64 44
64 77
64 46
64 15
64 27
64 19
64 23
64 88
64 47
67 1
67 2
67 36
67 6
67 33
67 40
67 39
67 44
67 77
67 46
67 84
67 21
68 1
68 2
68 35
68 36
68 33
68 38
68 39
68 40
68 9
68 44
68 77
68 46
68 15
68 27
68 19
68 21
68 88
68 47
69 1
69 2
69 35
69 36
69 33
69 38
69 39
69 40
69 9
69 44
69 77
69 46
69 15
69 27
69 19
69 21
69 88
69 47
70 1
70 2
70 36
70 38
70 33
70 40
70 39
70 44
70 77
70 46
70 84
70 21
70 27
71 1
71 2
71 35
71 36
71 38
71 9
71 44
71 77
71 46
71 15
71 27
71 19
71 23
71 88
71 47
72 84
72 6
73 1
73 2
73 36
73 6
73 33
73 40
73 39
73 44
73 77
73 46
73 84
73 21
73 27
74 1
74 2
74 36
74 6
74 33
74 40
74 39
74 44
74 46
74 84
74 21
75 1
75 36
75 33
75 6
75 39
75 40
75 44
75 84
75 21
76 1
76 36
76 33
76 6
76 39
76 40
76 44
76 46
76 84
76 21
77 35
77 7
77 8
77 9
77 14
77 15
77 59
77 50
77 19
77 52
77 86
77 23
77 88
77 47
78 1
78 2
78 35
78 36
78 33
78 38
78 39
78 40
78 9
78 44
78 77
78 46
78 15
78 27
78 19
78 21
78 88
78 47
79 1
79 36
79 33
79 6
79 39
79 40
79 44
79 84
79 21
80 84
80 6
81 1
81 2
81 36
81 6
81 33
81 40
81 39
81 44
81 77
81 46
81 84
81 21
82 1
82 2
82 36
82 38
82 33
82 40
82 39
82 44
82 77
82 46
82 84
82 21
82 27
83 35
83 38
83 7
83 8
83 9
83 14
83 15
83 59
83 50
83 19
83 52
83 86
83 23
83 88
83 47
84 1
84 2
84 35
84 36
84 38
84 9
84 44
84 77
84 46
84 15
84 27
84 19
84 23
84 88
84 47
85 6
87 35
87 38
87 7
87 8
87 9
87 77
87 14
87 15
87 27
87 59
87 50
87 19
87 52
87 86
87 23
87 88
87 47
88 35
88 7
88 8
88 14
88 50
88 19
88 52
88 86
88 23
88 59
