88
1 83
1 4
1 37
1 75
1 18
1 19
1 55
1 56
1 59
1 61
2 37
2 7
2 8
2 41
2 10
2 11
2 24
2 18
2 83
2 84
2 87
2 56
2 57
2 58
2 74
2 63
3 40
3 49
3 66
4 40
4 66
4 27
5 33
5 66
5 27
5 79
6 5
6 38
6 71
6 20
6 21
6 31
6 70
6 62
6 53
7 33
7 27
7 47
7 30
7 79
8 32
8 1
8 34
8 35
8 36
8 69
8 65
8 39
8 72
8 73
8 77
8 14
8 48
8 52
8 22
8 23
8 26
9 4
9 75
9 29
9 19
9 54
9 55
9 59
9 61
10 32
10 1
10 34
10 35
10 36
10 69
10 65
10 39
10 72
10 73
10 77
10 14
10 48
10 52
10 22
10 23
10 26
11 2
11 67
11 36
11 71
11 34
11 78
11 48
11 52
11 53
11 23
11 25
12 2
12 67
12 38
12 71
12 78
12 20
12 21
12 25
12 31
12 53
13 2
13 67
13 38
13 71
13 78
13 20
13 21
13 31
13 62
13 53
14 32
14 1
14 34
14 35
14 36
14 69
14 65
14 39
14 72
14 73
14 77
14 48
14 52
14 22
14 23
14 26
15 1
15 3
15 7
15 8
15 41
15 10
15 11
15 44
15 13
15 12
15 45
15 43
15 46
15 73
15 24
15 42
15 63
16 66
16 40
16 9
16 49
16 50
16 85
17 40
17 49
17 50
17 66
18 40
18 49
18 66
19 32
19 1
19 3
19 69
19 77
19 41
19 42
19 43
19 44
19 13
19 12
19 45
19 14
19 73
19 46
19 26
20 32
20 65
20 34
20 35
20 36
20 69
20 39
20 72
20 77
20 48
20 52
20 22
20 23
20 25
21 3
21 7
21 8
21 41
21 10
21 11
21 44
21 13
21 12
21 45
21 43
21 74
21 46
21 24
21 58
21 42
21 63
22 64
22 9
22 76
22 49
22 50
22 85
23 66
23 40
23 9
23 76
23 49
23 50
23 85
24 33
24 5
24 70
24 47
24 62
24 30
25 83
25 4
25 37
25 18
25 19
25 84
25 87
25 56
25 57
25 61
26 2
26 67
26 38
26 71
26 78
26 20
26 21
26 31
26 53
27 4
27 75
27 29
27 19
27 54
27 55
27 59
27 61
29 2
29 67
29 38
29 71
29 78
29 20
29 21
29 25
29 31
29 53
30 2
30 5
30 38
30 71
30 20
30 21
30 31
30 62
30 53
31 51
31 4
31 75
31 29
31 19
31 54
31 55
31 59
31 61
32 43
32 7
32 8
32 41
32 10
32 11
32 12
32 13
32 46
32 45
32 74
32 24
32 58
32 42
32 63
33 4
33 75
33 19
33 54
33 55
33 59
33 61
34 2
34 67
34 36
34 38
34 71
34 78
34 53
34 23
34 25
34 31
35 32
35 1
35 34
35 3
35 69
35 65
35 39
35 72
35 73
35 77
35 14
35 48
35 52
35 22
35 23
35 26
36 3
36 7
36 8
36 41
36 10
36 11
36 44
36 13
36 12
36 45
36 43
36 46
36 73
36 24
36 42
36 63
37 7
37 8
37 10
37 11
37 24
37 18
37 83
37 84
37 87
37 56
37 57
37 58
37 74
37 63
38 3
38 7
38 8
38 41
38 10
38 11
38 44
38 13
38 12
38 45
38 43
38 46
38 24
38 42
38 63
39 37
39 74
39 18
39 83
39 84
39 87
39 56
39 57
39 58
40 86
41 2
41 67
41 38
41 71
41 78
41 20
41 21
41 31
41 62
41 53
42 37
42 74
42 18
42 83
42 84
42 87
42 56
42 57
42 58
43 7
43 8
43 41
43 10
43 11
43 12
43 13
43 46
43 45
43 74
43 24
43 58
43 42
43 63
44 83
44 4
44 37
44 18
44 19
44 84
44 87
44 56
44 57
44 61
45 32
45 1
45 3
45 69
45 65
45 39
45 72
45 73
45 44
45 77
45 14
45 48
45 35
45 52
45 22
45 26
46 1
46 3
46 7
46 41
46 10
46 11
46 44
46 13
46 12
46 45
46 43
46 73
46 24
46 42
46 63
47 6
48 1
48 3
48 7
48 41
48 42
48 11
48 44
48 13
48 12
48 45
48 43
48 46
48 73
48 24
48 63
49 4
49 75
49 29
49 19
49 54
49 55
49 59
49 61
50 86
51 1
51 3
51 7
51 41
51 10
51 11
51 44
51 13
51 12
51 45
51 43
51 46
51 73
51 24
51 42
51 63
52 33
52 70
52 79
52 47
52 27
52 30
53 43
53 7
53 8
53 41
53 10
53 11
53 44
53 13
53 12
53 45
53 74
53 46
53 24
53 58
53 42
53 63
54 40
54 49
54 50
54 66
55 64
55 9
55 50
55 76
55 85
56 65
56 2
56 67
56 36
56 34
56 78
56 48
56 52
56 22
56 23
56 25
57 2
57 67
57 38
57 71
57 78
57 20
57 21
57 25
57 31
57 53
58 33
58 66
58 27
58 79
59 32
59 1
59 3
59 69
59 65
59 39
59 72
59 73
59 43
59 44
59 77
59 14
59 13
59 48
59 35
59 52
59 22
59 26
60 66
60 40
60 9
60 49
60 50
60 85
61 32
61 65
61 34
61 35
61 36
61 69
61 39
61 72
61 77
61 14
61 48
61 52
61 22
61 23
61 25
61 26
62 37
62 7
62 8
62 41
62 10
62 11
62 24
62 18
62 83
62 84
62 87
62 56
62 57
62 58
62 74
62 63
63 65
63 2
63 67
63 36
63 34
63 78
63 48
63 52
63 22
63 23
63 25
64 32
64 1
64 34
64 35
64 36
64 69
64 65
64 39
64 72
64 73
64 77
64 14
64 48
64 52
64 22
64 23
64 26
65 19
65 4
65 37
65 75
65 18
65 83
65 84
65 57
65 87
65 56
65 55
65 59
65 61
66 32
66 1
66 3
66 69
66 77
66 41
66 42
66 43
66 44
66 13
66 12
66 45
66 14
66 73
66 24
66 46
66 26
67 3
67 7
67 8
67 41
67 10
67 11
67 44
67 13
67 12
67 45
67 43
67 46
67 73
67 24
67 42
67 63
68 81
68 82
69 65
69 2
69 67
69 36
69 72
69 34
69 78
69 48
69 52
69 22
69 23
69 25
70 80
70 51
70 68
71 83
71 37
71 18
71 19
71 84
71 87
71 56
71 57
71 58
71 61
72 83
72 37
72 18
72 19
72 84
72 87
72 56
72 57
72 58
72 61
73 32
73 1
73 3
73 77
73 69
73 39
73 72
73 44
73 43
73 12
73 45
73 14
73 13
73 35
73 46
73 26
74 2
74 67
74 38
74 71
74 78
74 20
74 21
74 31
74 62
74 53
75 2
75 67
75 38
75 71
75 78
75 20
75 21
75 25
75 31
75 53
76 75
76 51
76 54
76 55
76 59
76 29
77 83
77 4
77 37
77 75
77 18
77 19
77 55
77 56
77 59
77 61
78 3
78 7
78 8
78 41
78 10
78 11
78 44
78 13
78 12
78 45
78 43
78 74
78 46
78 24
78 42
78 63
79 83
79 4
79 37
79 75
79 18
79 19
79 55
79 56
79 59
79 61
81 80
81 68
81 6
82 32
82 1
82 3
82 69
82 77
82 41
82 42
82 43
82 44
82 13
82 12
82 45
82 14
82 73
82 24
82 46
82 26
83 65
83 34
83 35
83 36
83 39
83 72
83 48
83 67
83 52
83 22
83 23
83 25
84 7
84 8
84 41
84 10
84 11
84 12
84 45
84 46
84 18
84 83
84 74
84 87
84 24
84 57
84 58
84 42
84 63
85 86
86 64
87 32
87 1
87 34
87 3
87 69
87 65
87 39
87 72
87 73
87 77
87 14
87 48
87 35
87 52
87 22
87 23
87 26
88 81
88 82
88 28
