88
1 3
1 5
1 7
1 14
1 20
1 21
1 24
1 25
1 30
1 33
1 37
1 38
1 41
1 51
1 52
1 53
1 67
1 68
1 71
1 73
1 75
1 79
1 81
1 87
2 1
2 67
2 3
2 5
2 7
2 41
2 71
2 14
2 79
2 75
2 51
2 20
2 21
2 24
2 52
2 33
2 30
4 1
4 3
4 5
4 7
4 14
4 20
4 21
4 24
4 25
4 30
4 33
4 37
4 38
4 41
4 51
4 52
4 53
4 67
4 68
4 71
4 73
4 75
4 79
4 81
4 87
6 1
6 67
6 3
6 5
6 7
6 41
6 71
6 14
6 79
6 75
6 51
6 20
6 21
6 87
6 24
6 52
6 33
6 30
6 53
7 1
7 67
7 3
7 5
7 71
7 41
7 75
7 14
7 79
7 51
7 52
7 21
7 24
7 20
7 33
7 30
8 23
9 3
9 5
9 7
9 23
9 24
9 30
11 3
11 5
11 7
11 23
11 24
11 30
12 1
12 3
12 5
12 7
12 14
12 20
12 21
12 24
12 30
12 33
12 37
12 38
12 41
12 51
12 52
12 53
12 67
12 71
12 73
12 75
12 79
12 87
13 3
13 5
13 7
13 23
13 24
13 30
17 1
17 67
17 3
17 5
17 7
17 41
17 75
17 14
17 51
17 20
17 23
17 24
17 52
17 33
17 30
21 1
21 3
21 5
21 7
21 14
21 20
21 24
21 25
21 30
21 33
21 37
21 38
21 39
21 41
21 51
21 52
21 53
21 54
21 67
21 68
21 70
21 71
21 73
21 75
21 79
21 81
21 87
22 1
22 3
22 5
22 7
22 51
22 20
22 23
22 24
22 30
26 1
26 3
26 5
26 7
26 14
26 20
26 21
26 24
26 25
26 30
26 33
26 37
26 38
26 39
26 41
26 51
26 52
26 53
26 54
26 67
26 68
26 70
26 71
26 73
26 75
26 79
26 81
26 87
29 1
29 3
29 5
29 7
29 14
29 20
29 21
29 24
29 25
29 30
29 33
29 37
29 38
29 39
29 41
29 51
29 52
29 53
29 54
29 67
29 68
29 70
29 71
29 73
29 75
29 79
29 81
29 87
33 1
33 67
33 3
33 5
33 7
33 41
33 75
33 14
33 79
33 51
33 52
33 24
33 20
33 30
34 1
34 3
34 5
34 7
34 14
34 20
34 21
34 24
34 25
34 30
34 33
34 37
34 38
34 39
34 41
34 51
34 52
34 53
34 67
34 68
34 71
34 73
34 75
34 79
34 81
34 87
35 1
35 3
35 5
35 7
35 14
35 20
35 21
35 24
35 25
35 30
35 33
35 37
35 38
35 39
35 41
35 51
35 52
35 53
35 54
35 67
35 68
35 70
35 71
35 73
35 75
35 79
35 81
35 87
38 1
38 3
38 5
38 7
38 14
38 20
38 21
38 24
38 25
38 30
38 33
38 37
38 39
38 41
38 51
38 52
38 53
38 54
38 67
38 68
38 71
38 73
38 75
38 79
38 81
38 87
42 1
42 67
42 3
42 5
42 7
42 41
42 75
42 14
42 51
42 20
42 23
42 24
42 52
42 33
42 30
43 1
43 67
43 3
43 5
43 7
43 41
43 71
43 14
43 79
43 75
43 51
43 20
43 21
43 24
43 52
43 33
43 30
43 53
44 1
44 67
44 3
44 5
44 7
44 41
44 75
44 14
44 51
44 20
44 23
44 24
44 52
44 33
44 30
45 1
45 67
45 3
45 5
45 7
45 41
45 75
45 14
45 51
45 20
45 23
45 24
45 52
45 33
45 30
46 3
46 5
46 7
46 20
46 23
46 24
46 30
47 1
47 3
47 5
47 7
47 14
47 20
47 21
47 24
47 25
47 30
47 33
47 37
47 38
47 39
47 41
47 51
47 52
47 53
47 54
47 67
47 68
47 71
47 73
47 75
47 79
47 81
47 87
48 1
48 67
48 3
48 5
48 7
48 41
48 71
48 14
48 79
48 75
48 51
48 20
48 21
48 87
48 24
48 52
48 33
48 30
48 53
49 1
49 67
49 3
49 5
49 7
49 41
49 71
49 14
49 79
49 75
49 51
49 20
49 21
49 87
49 24
49 52
49 33
49 30
49 53
50 1
50 3
50 5
50 7
50 14
50 20
50 21
50 24
50 25
50 30
50 33
50 37
50 38
50 39
50 41
50 51
50 52
50 53
50 67
50 68
50 71
50 73
50 75
50 79
50 81
50 87
54 1
54 67
54 3
54 5
54 7
54 41
54 75
54 14
54 51
54 20
54 23
54 24
54 30
55 1
55 3
55 5
55 7
55 51
55 20
55 23
55 24
55 30
56 1
56 3
56 5
56 7
56 14
56 20
56 21
56 24
56 25
56 30
56 33
56 37
56 38
56 39
56 41
56 51
56 52
56 53
56 54
56 67
56 68
56 71
56 73
56 75
56 79
56 81
56 87
57 1
57 3
57 5
57 7
57 14
57 20
57 21
57 24
57 25
57 30
57 33
57 37
57 38
57 39
57 41
57 51
57 52
57 53
57 54
57 67
57 68
57 70
57 71
57 73
57 75
57 79
57 81
57 87
58 1
58 3
58 5
58 7
58 14
58 20
58 21
58 24
58 25
58 30
58 33
58 37
58 38
58 41
58 51
58 52
58 53
58 67
58 68
58 71
58 73
58 75
58 79
58 81
58 87
59 1
59 3
59 5
59 7
59 20
59 23
59 24
59 30
60 23
61 1
61 67
61 3
61 5
61 7
61 41
61 75
61 14
61 79
61 51
61 20
61 23
61 24
61 52
61 33
61 30
62 1
62 3
62 5
62 7
62 14
62 20
62 21
62 24
62 25
62 30
62 33
62 37
62 38
62 39
62 41
62 51
62 52
62 53
62 67
62 68
62 71
62 73
62 75
62 79
62 81
62 87
63 1
63 3
63 5
63 7
63 20
63 23
63 24
63 30
64 1
64 67
64 3
64 5
64 7
64 41
64 75
64 14
64 51
64 20
64 23
64 24
64 30
65 1
65 3
65 5
65 7
65 14
65 20
65 21
65 24
65 25
65 30
65 33
65 37
65 38
65 41
65 51
65 52
65 53
65 67
65 68
65 71
65 73
65 75
65 79
65 87
66 1
66 67
66 3
66 5
66 7
66 41
66 75
66 14
66 51
66 20
66 23
66 24
66 52
66 33
66 30
68 1
68 3
68 5
68 7
68 14
68 20
68 21
68 24
68 25
68 30
68 33
68 37
68 38
68 39
68 41
68 47
68 51
68 52
68 53
68 54
68 67
68 70
68 71
68 73
68 75
68 79
68 81
68 87
69 1
69 67
69 3
69 5
69 38
69 7
69 41
69 75
69 14
69 79
69 71
69 51
69 20
69 21
69 87
69 24
69 52
69 33
69 53
69 30
69 37
72 1
72 3
72 5
72 7
72 14
72 20
72 21
72 24
72 25
72 30
72 33
72 37
72 38
72 41
72 51
72 52
72 53
72 67
72 68
72 71
72 73
72 75
72 79
72 87
77 1
77 67
77 3
77 5
77 7
77 41
77 71
77 14
77 79
77 75
77 51
77 20
77 21
77 24
77 52
77 33
77 30
77 53
79 1
79 3
79 5
79 7
79 14
79 20
79 21
79 24
79 25
79 30
79 33
79 37
79 38
79 39
79 41
79 51
79 52
79 53
79 54
79 67
79 68
79 70
79 71
79 73
79 75
79 81
79 87
80 1
80 67
80 3
80 5
80 7
80 41
80 75
80 14
80 51
80 20
80 23
80 24
80 30
83 1
83 3
83 5
83 7
83 41
83 51
83 20
83 23
83 24
83 30
86 1
86 3
86 5
86 7
86 14
86 20
86 21
86 24
86 30
86 33
86 37
86 38
86 41
86 51
86 52
86 53
86 67
86 71
86 73
86 75
86 79
86 87
