88
1 4
1 13
1 14
1 21
1 24
1 26
1 30
1 33
1 37
1 38
1 45
1 48
1 54
1 63
1 64
1 67
1 68
1 72
1 73
1 74
1 75
1 78
1 79
1 80
1 82
1 88
2 4
2 11
2 13
2 14
2 21
2 24
2 26
2 33
2 37
2 41
2 43
2 45
2 48
2 54
2 55
2 63
2 64
2 67
2 68
2 72
2 73
2 74
2 75
2 80
2 88
3 32
3 34
3 35
3 5
3 71
3 8
3 42
3 12
3 2
3 46
3 77
3 27
3 52
3 53
3 87
3 84
3 58
3 47
3 61
3 62
3 31
4 9
4 11
4 14
4 19
4 21
4 24
4 26
4 33
4 37
4 41
4 43
4 45
4 54
4 55
4 63
4 64
4 66
4 67
4 70
4 72
4 73
4 76
4 88
7 16
8 4
8 11
8 13
8 14
8 19
8 21
8 24
8 26
8 33
8 37
8 41
8 43
8 45
8 54
8 55
8 63
8 64
8 66
8 67
8 70
8 72
8 73
8 76
8 88
10 32
10 5
10 7
10 8
10 46
10 15
10 50
10 25
10 58
17 32
17 2
17 5
17 7
17 8
17 42
17 71
17 12
17 77
17 46
17 15
17 50
17 52
17 53
17 25
17 58
17 61
17 31
19 30
19 80
19 34
19 3
19 68
19 38
19 74
19 75
19 13
19 78
19 47
19 48
19 27
19 82
19 35
19 84
19 21
19 87
19 26
19 79
19 62
20 16
24 80
24 34
24 3
24 68
24 38
24 74
24 75
24 12
24 78
24 47
24 48
24 27
24 82
24 35
24 52
24 30
24 87
24 84
24 79
24 62
24 31
25 4
25 11
25 13
25 14
25 19
25 21
25 24
25 26
25 33
25 37
25 41
25 43
25 45
25 54
25 55
25 63
25 64
25 67
25 68
25 72
25 73
25 74
25 75
25 80
25 88
26 3
26 4
26 13
26 14
26 21
26 24
26 30
26 35
26 37
26 38
26 45
26 48
26 54
26 63
26 64
26 67
26 68
26 72
26 73
26 74
26 75
26 78
26 79
26 80
26 82
26 88
28 64
28 33
28 66
28 43
28 4
28 37
28 70
28 65
28 40
28 9
28 11
28 44
28 45
28 14
28 76
28 72
28 19
28 73
28 41
28 88
28 55
29 4
29 11
29 13
29 14
29 19
29 21
29 24
29 26
29 33
29 37
29 41
29 43
29 45
29 54
29 55
29 63
29 64
29 67
29 68
29 72
29 73
29 74
29 75
29 80
29 88
39 4
39 11
39 13
39 14
39 19
39 21
39 24
39 26
39 33
39 37
39 41
39 43
39 45
39 54
39 55
39 63
39 64
39 67
39 72
39 73
39 74
39 75
39 88
40 3
40 13
40 21
40 24
40 26
40 27
40 30
40 35
40 38
40 47
40 48
40 54
40 62
40 63
40 67
40 68
40 74
40 75
40 78
40 79
40 80
40 82
40 84
41 3
41 13
41 14
41 21
41 24
41 26
41 30
41 35
41 38
41 45
41 47
41 48
41 54
41 62
41 63
41 67
41 68
41 74
41 75
41 78
41 79
41 80
41 82
41 84
43 4
43 9
43 11
43 14
43 19
43 24
43 33
43 37
43 40
43 41
43 44
43 45
43 54
43 55
43 63
43 64
43 65
43 66
43 67
43 70
43 72
43 73
43 76
43 88
47 4
47 9
47 11
47 14
47 19
47 24
47 33
47 37
47 41
47 43
47 44
47 45
47 54
47 55
47 63
47 64
47 65
47 66
47 67
47 70
47 72
47 73
47 76
47 88
48 64
48 33
48 66
48 43
48 4
48 37
48 70
48 65
48 40
48 9
48 11
48 44
48 45
48 14
48 76
48 72
48 19
48 73
48 41
48 88
48 55
50 4
50 13
50 14
50 21
50 24
50 26
50 30
50 33
50 37
50 38
50 45
50 48
50 54
50 63
50 64
50 67
50 68
50 72
50 73
50 74
50 75
50 78
50 79
50 80
50 82
50 88
51 4
51 11
51 13
51 14
51 21
51 24
51 26
51 33
51 37
51 41
51 43
51 45
51 48
51 54
51 55
51 63
51 64
51 67
51 68
51 72
51 73
51 74
51 75
51 79
51 80
51 82
51 88
54 32
54 2
54 27
54 5
54 71
54 8
54 42
54 61
54 12
54 34
54 46
54 77
54 84
54 53
54 87
54 52
54 25
54 47
54 58
54 62
54 31
55 2
55 3
55 5
55 8
55 12
55 27
55 30
55 31
55 32
55 34
55 35
55 42
55 46
55 47
55 52
55 53
55 58
55 61
55 62
55 71
55 77
55 84
55 87
57 4
57 11
57 13
57 14
57 21
57 24
57 26
57 33
57 37
57 41
57 45
57 48
57 54
57 55
57 63
57 64
57 67
57 68
57 72
57 73
57 74
57 75
57 78
57 79
57 80
57 82
57 88
59 6
59 49
59 18
59 85
59 22
59 56
59 57
59 29
60 1
60 36
60 81
60 49
60 17
60 57
66 64
66 33
66 43
66 4
66 37
66 70
66 65
66 40
66 9
66 11
66 44
66 45
66 14
66 76
66 72
66 19
66 73
66 41
66 88
66 55
69 32
69 2
69 5
69 7
69 8
69 42
69 71
69 12
69 77
69 46
69 15
69 50
69 52
69 53
69 87
69 25
69 58
69 61
69 31
71 4
71 9
71 11
71 13
71 14
71 19
71 21
71 24
71 26
71 33
71 37
71 41
71 43
71 45
71 54
71 55
71 63
71 64
71 66
71 67
71 70
71 72
71 73
71 76
71 88
72 4
72 13
72 14
72 21
72 24
72 26
72 33
72 37
72 38
72 45
72 48
72 54
72 55
72 63
72 64
72 67
72 68
72 73
72 74
72 75
72 78
72 79
72 80
72 82
72 88
73 3
73 13
73 21
73 24
73 26
73 27
73 30
73 34
73 35
73 38
73 47
73 48
73 54
73 62
73 63
73 67
73 68
73 74
73 75
73 78
73 79
73 80
73 82
73 84
74 64
74 33
74 66
74 43
74 4
74 37
74 70
74 65
74 40
74 9
74 11
74 44
74 76
74 72
74 19
74 73
74 41
74 88
74 55
78 4
78 11
78 13
78 14
78 21
78 24
78 26
78 33
78 37
78 41
78 43
78 45
78 48
78 54
78 55
78 63
78 64
78 67
78 68
78 72
78 73
78 74
78 75
78 79
78 80
78 82
78 88
80 4
80 11
80 13
80 14
80 19
80 21
80 24
80 26
80 33
80 37
80 41
80 43
80 45
80 54
80 55
80 63
80 64
80 67
80 72
80 73
80 76
80 88
82 3
82 4
82 13
82 14
82 21
82 24
82 26
82 30
82 35
82 38
82 45
82 48
82 54
82 63
82 64
82 67
82 68
82 72
82 73
82 74
82 75
82 78
82 79
82 80
82 88
84 3
84 13
84 14
84 21
84 24
84 26
84 30
84 35
84 38
84 45
84 47
84 48
84 54
84 62
84 63
84 67
84 68
84 74
84 75
84 78
84 79
84 80
84 82
85 2
85 3
85 12
85 27
85 30
85 31
85 32
85 34
85 35
85 38
85 42
85 46
85 47
85 52
85 53
85 58
85 61
85 62
85 71
85 77
85 84
85 87
86 3
86 13
86 21
86 24
86 26
86 27
86 30
86 34
86 35
86 38
86 47
86 48
86 54
86 62
86 63
86 67
86 68
86 74
86 75
86 78
86 79
86 80
86 82
86 84
87 4
87 9
87 11
87 14
87 19
87 24
87 26
87 33
87 37
87 41
87 43
87 45
87 54
87 55
87 63
87 64
87 66
87 67
87 70
87 72
87 73
87 76
87 88
88 64
88 33
88 66
88 43
88 4
88 37
88 70
88 65
88 40
88 9
88 11
88 44
88 76
88 72
88 19
88 73
88 41
88 55
