88
1 32
1 66
1 3
1 38
1 71
1 40
1 73
1 44
1 78
1 29
1 48
1 56
1 52
1 62
1 22
1 55
1 88
1 84
1 60
1 61
1 72
2 33
2 34
2 67
2 36
2 6
2 65
2 45
2 78
2 79
2 80
2 81
2 21
2 87
2 88
2 68
2 58
2 59
2 61
2 53
3 32
3 66
3 38
3 71
3 40
3 44
3 78
3 79
3 48
3 56
3 29
3 84
3 62
3 22
3 55
3 88
3 52
3 60
3 61
3 72
4 86
5 33
5 34
5 75
5 6
5 41
5 42
5 11
5 14
5 80
5 81
5 46
5 54
5 87
5 59
5 53
5 21
6 13
6 5
7 9
7 86
8 10
9 10
10 2
10 75
10 76
10 14
10 16
10 82
10 46
10 54
10 28
11 2
11 75
11 76
11 14
11 16
11 82
11 46
11 54
11 28
12 10
13 20
14 2
14 76
14 46
14 16
14 82
14 54
14 28
15 17
16 20
17 83
17 13
17 5
18 10
19 28
19 2
19 82
19 76
19 5
20 32
20 18
20 35
20 71
20 73
20 43
20 77
20 47
20 48
20 50
20 84
20 25
20 24
20 52
20 60
20 29
21 1
21 83
21 13
21 5
21 9
22 1
22 83
22 13
22 9
23 2
23 5
24 2
24 5
25 34
25 75
25 41
25 42
25 11
25 76
25 46
25 16
25 14
25 54
25 87
25 28
25 53
25 21
26 2
26 75
26 76
26 14
26 16
26 82
26 46
26 54
26 28
27 10
28 75
28 11
28 76
28 14
28 16
28 82
28 46
28 54
29 2
29 75
29 76
29 14
29 16
29 82
29 46
29 54
29 28
30 1
30 83
30 13
30 9
31 80
31 34
31 75
31 6
31 41
31 42
31 11
31 46
31 16
31 81
31 14
31 54
31 87
31 28
31 53
31 21
32 2
32 5
33 80
33 34
33 75
33 6
33 41
33 42
33 11
33 46
33 16
33 81
33 14
33 54
33 87
33 59
33 53
33 21
34 75
34 41
34 42
34 11
34 76
34 14
34 16
34 46
34 54
34 28
34 53
34 21
35 2
35 76
35 14
35 16
35 82
35 54
35 28
36 75
36 41
36 42
36 11
36 76
36 14
36 16
36 82
36 46
36 54
36 28
37 2
37 5
38 86
39 75
39 41
39 42
39 11
39 76
39 14
39 16
39 82
39 46
39 54
39 28
40 1
40 83
40 13
40 9
41 80
41 34
41 75
41 42
41 11
41 14
41 16
41 81
41 46
41 54
41 87
41 28
41 53
41 21
42 33
42 34
42 67
42 36
42 6
42 65
42 41
42 11
42 45
42 80
42 81
42 21
42 87
42 68
42 58
42 59
42 53
43 2
43 75
43 11
43 76
43 14
43 16
43 82
43 46
43 54
43 28
44 2
44 75
44 76
44 14
44 16
44 82
44 46
44 54
44 28
45 32
45 66
45 3
45 38
45 71
45 40
45 73
45 44
45 77
45 48
45 72
45 50
45 52
45 56
45 84
45 60
45 29
45 62
46 32
46 18
46 35
46 71
46 40
46 73
46 43
46 77
46 47
46 48
46 50
46 84
46 25
46 24
46 52
46 60
46 29
47 1
47 83
47 13
47 9
48 80
48 34
48 75
48 6
48 41
48 42
48 11
48 46
48 16
48 81
48 14
48 54
48 87
48 28
48 53
48 21
49 33
49 34
49 67
49 36
49 6
49 65
49 41
49 45
49 78
49 79
49 80
49 81
49 21
49 87
49 88
49 68
49 58
49 59
49 61
49 53
50 86
51 18
51 35
51 71
51 73
51 43
51 77
51 47
51 50
51 84
51 24
51 25
51 60
51 29
52 32
52 66
52 3
52 38
52 71
52 40
52 73
52 44
52 29
52 48
52 56
52 84
52 22
52 55
52 88
52 72
52 60
52 61
52 62
53 75
53 41
53 42
53 11
53 76
53 14
53 16
53 82
53 46
53 54
53 28
54 2
54 5
55 2
55 5
56 33
56 34
56 67
56 36
56 6
56 65
56 55
56 45
56 78
56 79
56 80
56 81
56 21
56 22
56 87
56 88
56 68
56 58
56 59
56 61
56 53
57 2
57 76
57 14
57 16
57 82
57 54
57 28
58 33
58 34
58 75
58 36
58 6
58 41
58 42
58 11
58 45
58 80
58 81
58 21
58 87
58 68
58 59
58 53
59 1
59 83
59 13
59 9
60 10
61 33
61 34
61 75
61 6
61 41
61 42
61 11
61 45
61 46
61 80
61 81
61 21
61 87
61 59
61 53
62 75
62 41
62 42
62 11
62 76
62 14
62 16
62 82
62 46
62 54
62 28
63 3
63 6
63 22
63 33
63 36
63 38
63 44
63 45
63 55
63 56
63 58
63 59
63 61
63 62
63 65
63 66
63 67
63 68
63 72
63 78
63 79
63 80
63 81
63 88
64 2
64 5
65 3
65 6
65 21
65 22
65 33
65 34
65 36
65 38
65 44
65 45
65 55
65 56
65 58
65 59
65 61
65 62
65 66
65 67
65 68
65 72
65 78
65 79
65 80
65 81
65 87
65 88
66 32
66 3
66 38
66 71
66 40
66 73
66 44
66 77
66 48
66 72
66 50
66 52
66 22
66 55
66 56
66 84
66 60
66 29
66 62
67 2
67 5
68 1
68 83
68 13
68 9
69 2
69 75
69 76
69 14
69 16
69 82
69 46
69 54
69 28
70 75
70 41
70 42
70 11
70 76
70 14
70 16
70 82
70 46
70 54
70 28
70 53
71 6
71 11
71 21
71 33
71 34
71 36
71 41
71 42
71 45
71 53
71 58
71 59
71 61
71 65
71 67
71 68
71 78
71 79
71 80
71 81
71 87
71 88
72 80
72 34
72 75
72 6
72 41
72 42
72 11
72 46
72 16
72 81
72 14
72 54
72 87
72 59
72 53
72 21
73 33
73 34
73 67
73 36
73 6
73 65
73 45
73 78
73 79
73 80
73 81
73 21
73 87
73 88
73 68
73 58
73 59
73 61
73 53
74 33
74 34
74 75
74 6
74 41
74 42
74 11
74 45
74 46
74 80
74 81
74 21
74 87
74 59
74 53
75 33
75 34
75 36
75 6
75 41
75 42
75 11
75 45
75 80
75 81
75 21
75 87
75 68
75 59
75 53
76 33
76 34
76 67
76 36
76 6
76 65
76 41
76 42
76 45
76 78
76 79
76 80
76 81
76 21
76 87
76 88
76 68
76 58
76 59
76 61
76 53
77 2
77 82
77 5
78 34
78 75
78 41
78 42
78 11
78 76
78 46
78 16
78 14
78 54
78 28
78 53
79 75
79 41
79 42
79 11
79 76
79 14
79 16
79 82
79 46
79 54
79 28
79 53
80 75
80 41
80 42
80 11
80 76
80 14
80 16
80 82
80 46
80 54
80 28
80 53
81 32
81 18
81 35
81 71
81 40
81 73
81 43
81 77
81 47
81 48
81 50
81 84
81 25
81 24
81 52
81 60
81 29
82 3
82 6
82 22
82 33
82 36
82 38
82 44
82 45
82 55
82 56
82 58
82 59
82 61
82 62
82 65
82 66
82 67
82 68
82 72
82 78
82 79
82 80
82 81
82 88
83 64
83 35
83 39
83 74
83 43
83 47
83 18
83 85
83 24
83 25
83 31
84 3
84 22
84 32
84 36
84 38
84 40
84 44
84 45
84 48
84 52
84 55
84 56
84 58
84 61
84 62
84 65
84 66
84 67
84 68
84 72
84 78
84 79
84 88
85 1
85 83
85 13
85 9
86 32
86 18
86 71
86 40
86 73
86 43
86 77
86 48
86 50
86 84
86 25
86 52
86 60
86 29
87 80
87 34
87 75
87 6
87 41
87 42
87 11
87 46
87 16
87 81
87 14
87 54
87 59
87 53
87 21
88 2
88 5
