88
1 43
1 13
1 54
1 57
1 28
1 30
1 31
2 35
2 82
2 86
2 39
2 40
2 11
2 45
2 78
2 47
2 48
2 24
2 50
2 14
2 22
2 87
2 46
2 55
2 58
2 29
8 1
8 37
8 38
8 73
8 76
8 51
9 2
9 36
9 49
9 40
9 41
9 44
9 78
9 79
9 80
9 81
9 82
9 86
9 59
9 60
11 65
11 34
11 69
11 71
11 72
11 9
11 42
11 21
11 88
11 26
11 62
13 19
13 63
14 32
14 2
14 36
14 70
14 49
14 41
14 44
14 77
14 79
14 80
14 81
14 86
14 59
14 60
18 32
18 70
18 60
18 43
18 77
18 80
18 81
18 57
18 28
21 2
21 35
21 40
21 41
21 11
21 50
21 46
21 47
21 49
21 82
21 78
21 86
21 87
21 24
21 55
22 34
22 69
22 71
22 72
22 9
22 42
22 21
22 88
22 26
22 61
22 62
24 39
24 11
24 45
24 46
24 29
24 48
24 50
24 84
24 14
24 22
24 87
24 58
24 61
25 33
25 66
25 68
25 65
25 10
25 75
25 18
25 53
25 56
26 34
26 69
26 71
26 72
26 9
26 42
26 21
26 88
26 62
27 67
27 3
27 23
28 33
28 66
28 68
28 65
28 10
28 75
28 18
28 53
28 56
28 25
29 32
29 70
29 43
29 77
29 81
29 57
29 28
29 30
30 33
30 66
30 68
30 65
30 9
30 10
30 75
30 18
30 53
30 56
30 25
30 62
31 65
31 34
31 69
31 71
31 72
31 9
31 10
31 88
31 21
31 56
31 25
31 26
31 42
31 62
32 65
32 34
32 69
32 71
32 72
32 9
32 42
32 21
32 88
32 26
32 62
33 2
33 36
33 49
33 41
33 44
33 78
33 79
33 80
33 81
33 86
33 59
33 60
34 69
34 39
34 72
34 42
34 71
34 45
34 61
34 48
34 84
34 21
34 22
34 58
34 29
35 82
35 86
35 39
35 40
35 11
35 45
35 78
35 47
35 48
35 24
35 50
35 14
35 22
35 87
35 46
35 55
35 58
35 29
36 33
36 34
36 68
36 65
36 71
36 72
36 9
36 10
36 56
36 88
36 25
36 26
36 62
37 35
37 82
37 39
37 40
37 11
37 45
37 78
37 47
37 48
37 24
37 50
37 84
37 14
37 22
37 87
37 46
37 55
37 58
37 29
38 43
38 13
38 54
38 57
38 28
38 30
38 31
39 35
39 86
39 40
39 11
39 45
39 78
39 47
39 50
39 24
39 82
39 14
39 22
39 87
39 46
39 55
39 58
39 29
40 33
40 66
40 68
40 65
40 9
40 10
40 75
40 56
40 18
40 53
40 88
40 25
40 26
40 62
41 33
41 66
41 68
41 65
41 71
41 9
41 10
41 75
41 56
41 53
41 88
41 25
41 26
41 62
42 35
42 86
42 40
42 11
42 45
42 78
42 47
42 50
42 24
42 82
42 14
42 22
42 87
42 46
42 55
42 58
42 29
43 33
43 66
43 68
43 37
43 65
43 10
43 75
43 18
43 53
43 56
43 25
44 39
44 11
44 45
44 46
44 29
44 48
44 50
44 84
44 14
44 22
44 87
44 58
44 61
45 34
45 69
45 71
45 72
45 9
45 42
45 21
45 88
45 26
45 62
46 35
46 82
46 86
46 39
46 40
46 11
46 45
46 78
46 47
46 48
46 50
46 14
46 22
46 87
46 24
46 55
46 58
46 29
47 2
47 35
47 36
47 40
47 41
47 44
47 50
47 78
47 79
47 49
47 82
47 86
47 55
47 24
48 35
48 86
48 40
48 11
48 45
48 78
48 47
48 50
48 24
48 82
48 14
48 22
48 87
48 46
48 55
48 58
48 29
49 2
49 35
49 40
49 41
49 11
49 50
49 46
49 47
49 82
49 78
49 86
49 87
49 24
49 55
50 34
50 69
50 39
50 72
50 42
50 71
50 48
50 84
50 21
50 88
50 26
50 61
50 62
51 32
51 36
51 70
51 28
51 44
51 77
51 79
51 80
51 81
51 59
51 60
53 34
53 69
53 39
53 72
53 42
53 45
53 14
53 61
53 48
53 84
53 46
53 22
53 58
53 29
53 21
54 33
54 66
54 68
54 37
54 10
54 75
54 18
54 53
54 56
54 25
55 33
55 66
55 68
55 65
55 9
55 10
55 75
55 18
55 53
55 56
55 25
56 34
56 69
56 39
56 72
56 42
56 45
56 14
56 61
56 48
56 84
56 21
56 22
56 58
56 29
57 1
57 66
57 37
57 73
57 75
57 18
57 51
58 69
58 39
58 42
58 11
58 45
58 14
58 61
58 48
58 84
58 46
58 22
58 87
58 29
58 21
59 34
59 69
59 71
59 72
59 9
59 42
59 21
59 88
59 26
59 61
59 62
60 33
60 68
60 65
60 71
60 9
60 10
60 75
60 56
60 53
60 88
60 25
60 26
60 62
61 34
61 69
61 39
61 72
61 42
61 71
61 45
61 48
61 84
61 21
61 22
61 58
61 29
62 2
62 35
62 40
62 41
62 11
62 50
62 78
62 47
62 49
62 82
62 86
62 87
62 24
62 55
62 79
63 27
64 12
65 2
65 35
65 40
65 41
65 11
65 50
65 78
65 47
65 49
65 82
65 86
65 87
65 24
65 55
65 79
66 35
66 86
66 40
66 11
66 45
66 78
66 47
66 50
66 24
66 82
66 14
66 22
66 87
66 46
66 55
66 58
66 29
67 32
67 70
67 60
67 43
67 77
67 81
67 57
67 28
67 30
68 2
68 35
68 36
68 40
68 41
68 44
68 50
68 78
68 47
68 49
68 82
68 86
68 55
68 24
68 79
69 32
69 36
69 70
69 28
69 44
69 77
69 80
69 81
69 59
69 60
70 34
70 69
70 71
70 72
70 9
70 42
70 21
70 88
70 26
70 62
71 34
71 69
71 72
71 42
71 84
71 21
71 88
71 26
71 61
71 62
72 2
72 35
72 36
72 49
72 40
72 41
72 44
72 78
72 79
72 80
72 81
72 82
72 86
72 55
72 59
72 60
73 32
73 2
73 36
73 70
73 49
73 41
73 44
73 77
73 28
73 79
73 80
73 81
73 59
73 60
74 43
74 13
74 83
74 54
74 57
74 30
74 31
75 32
75 36
75 70
75 28
75 44
75 77
75 80
75 81
75 59
75 60
76 32
76 70
76 43
76 77
76 57
76 28
76 30
77 34
77 69
77 39
77 72
77 42
77 71
77 45
77 48
77 84
77 21
77 22
77 88
77 61
78 39
78 11
78 45
78 46
78 29
78 48
78 50
78 84
78 14
78 22
78 87
78 24
78 58
78 61
79 34
79 69
79 71
79 72
79 9
79 42
79 21
79 88
79 26
79 61
79 62
80 33
80 68
80 65
80 71
80 9
80 10
80 75
80 56
80 53
80 88
80 25
80 26
80 62
81 34
81 69
81 39
81 72
81 42
81 71
81 45
81 48
81 84
81 21
81 22
81 58
81 61
82 2
82 35
82 36
82 86
82 40
82 41
82 44
82 78
82 47
82 49
82 59
82 55
82 24
82 79
83 32
83 2
83 36
83 70
83 49
83 41
83 44
83 77
83 28
83 79
83 80
83 81
83 59
83 60
84 43
84 13
84 83
84 54
84 57
84 30
84 31
85 67
85 74
85 3
86 35
86 39
86 40
86 11
86 29
86 45
86 14
86 47
86 48
86 50
86 84
86 46
86 22
86 87
86 24
86 55
86 58
86 61
87 35
87 82
87 86
87 39
87 40
87 11
87 45
87 78
87 47
87 48
87 24
87 50
87 14
87 22
87 55
87 46
87 58
87 29
88 2
88 35
88 36
88 40
88 41
88 44
88 50
88 78
88 47
88 49
88 82
88 86
88 55
88 24
88 79
