88
1 57
1 23
1 65
2 3
2 17
2 6
2 71
2 11
2 14
2 79
2 81
2 21
2 61
3 6
3 14
3 21
3 22
3 28
3 29
3 30
3 31
3 43
3 44
3 46
3 56
3 59
3 63
3 67
3 68
3 70
3 72
3 73
3 75
3 77
3 78
3 82
3 84
4 32
4 35
4 70
4 38
4 7
4 10
4 39
4 77
4 48
4 87
4 88
4 26
4 74
4 30
4 31
5 32
5 48
5 35
5 70
5 38
5 7
5 40
5 10
5 39
5 77
5 47
5 80
5 87
5 88
5 26
5 74
5 30
8 32
8 48
8 35
8 70
8 38
8 7
8 40
8 10
8 39
8 47
8 80
8 87
8 88
8 26
8 74
8 30
10 32
10 48
10 35
10 70
10 38
10 7
10 74
10 39
10 77
10 47
10 80
10 87
10 88
10 26
10 30
10 31
11 80
11 34
11 4
11 39
11 40
11 45
11 47
11 48
11 49
11 50
11 86
11 24
13 25
13 52
13 37
14 34
14 4
14 69
14 8
14 45
14 49
14 50
14 86
14 24
15 80
15 34
15 4
15 38
15 39
15 40
15 45
15 47
15 48
15 50
15 86
15 87
15 24
16 57
16 23
16 65
19 80
19 34
19 4
19 38
19 39
19 40
19 45
19 47
19 48
19 50
19 86
19 87
19 88
20 32
20 48
20 35
20 70
20 38
20 7
20 40
20 10
20 39
20 47
20 80
20 87
20 88
20 26
20 74
20 30
21 80
21 34
21 4
21 38
21 39
21 40
21 45
21 47
21 48
21 50
21 86
21 87
21 88
25 80
25 34
25 4
25 38
25 39
25 40
25 45
25 47
25 48
25 49
25 50
25 86
25 24
26 32
26 35
26 68
26 70
26 7
26 73
26 10
26 43
26 77
26 75
26 88
26 28
26 74
26 30
26 31
27 34
27 4
27 69
27 49
27 40
27 45
27 8
27 50
27 86
27 24
28 34
28 4
28 69
28 8
28 45
28 49
28 50
28 51
28 86
28 24
29 80
29 34
29 4
29 38
29 39
29 40
29 45
29 47
29 48
29 50
29 86
29 87
29 88
30 2
30 67
30 17
30 6
30 71
30 72
30 11
30 14
30 79
30 81
30 82
30 3
30 84
30 46
30 22
30 59
30 29
30 21
31 6
31 14
31 21
31 22
31 28
31 29
31 43
31 44
31 46
31 56
31 59
31 63
31 67
31 68
31 70
31 72
31 73
31 75
31 77
31 78
31 81
31 82
31 84
34 32
34 48
34 35
34 38
34 7
34 40
34 10
34 39
34 47
34 80
34 50
34 86
34 87
34 88
34 26
34 74
34 30
35 1
35 36
35 33
35 53
35 55
35 61
36 80
36 34
36 4
36 38
36 39
36 40
36 45
36 47
36 48
36 50
36 86
36 87
36 24
37 2
37 6
37 14
37 21
37 22
37 28
37 29
37 43
37 44
37 46
37 56
37 59
37 63
37 67
37 68
37 71
37 72
37 73
37 75
37 78
37 79
37 81
37 82
37 84
39 1
39 3
39 36
39 33
39 11
39 79
39 17
39 53
39 61
40 32
40 48
40 35
40 70
40 38
40 7
40 10
40 39
40 47
40 80
40 87
40 88
40 26
40 74
40 30
41 1
41 3
41 36
41 33
41 11
41 79
41 17
41 53
41 61
46 80
46 34
46 4
46 38
46 39
46 40
46 45
46 47
46 48
46 50
46 86
46 87
46 24
47 6
47 14
47 21
47 22
47 28
47 29
47 31
47 43
47 44
47 46
47 56
47 59
47 63
47 67
47 68
47 72
47 73
47 75
47 77
47 78
47 81
47 82
47 84
48 6
48 14
48 21
48 22
48 28
48 29
48 31
48 43
48 44
48 46
48 56
48 59
48 63
48 67
48 68
48 72
48 73
48 75
48 77
48 78
48 81
48 82
48 84
49 6
49 14
49 21
49 22
49 28
49 29
49 31
49 43
49 44
49 46
49 56
49 59
49 63
49 67
49 68
49 72
49 73
49 75
49 77
49 78
49 81
49 82
49 84
50 2
50 3
50 6
50 14
50 21
50 22
50 28
50 29
50 43
50 44
50 46
50 56
50 59
50 63
50 67
50 71
50 72
50 73
50 78
50 79
50 81
50 82
50 84
51 2
51 3
51 17
51 6
51 71
51 11
51 14
51 79
51 81
51 21
53 80
53 34
53 4
53 38
53 39
53 40
53 45
53 47
53 48
53 50
53 86
53 87
54 6
54 14
54 21
54 22
54 28
54 29
54 31
54 43
54 44
54 46
54 56
54 59
54 63
54 67
54 68
54 72
54 73
54 75
54 77
54 78
54 81
54 82
54 84
56 32
56 35
56 70
56 38
56 7
56 10
56 77
56 87
56 88
56 26
56 74
56 30
56 31
59 32
59 48
59 35
59 70
59 38
59 7
59 40
59 10
59 39
59 47
59 80
59 87
59 88
59 26
59 74
59 30
60 1
60 3
60 36
60 33
60 11
60 79
60 17
60 53
60 61
61 34
61 4
61 69
61 49
61 40
61 45
61 8
61 50
61 86
61 24
62 1
62 36
62 33
62 11
62 17
62 53
62 55
62 61
65 32
65 35
65 68
65 70
65 7
65 10
65 75
65 77
65 87
65 88
65 26
65 28
65 74
65 30
65 31
66 32
66 35
66 70
66 38
66 7
66 10
66 39
66 77
66 48
66 87
66 88
66 26
66 74
66 30
66 31
67 34
67 4
67 69
67 8
67 45
67 49
67 50
67 51
67 86
67 24
68 32
68 80
68 34
68 35
68 4
68 38
68 39
68 40
68 10
68 47
68 48
68 50
68 86
68 87
68 88
68 26
68 74
69 32
69 35
69 68
69 70
69 7
69 73
69 10
69 43
69 44
69 77
69 78
69 88
69 75
69 56
69 26
69 31
69 28
69 74
69 30
69 63
71 32
71 80
71 34
71 35
71 4
71 38
71 39
71 40
71 10
71 47
71 48
71 50
71 86
71 87
71 88
71 26
71 74
73 32
73 35
73 68
73 70
73 7
73 10
73 43
73 44
73 77
73 75
73 88
73 26
73 31
73 28
73 74
73 30
73 63
74 32
74 35
74 68
74 70
74 7
74 10
74 75
74 77
74 87
74 88
74 26
74 28
74 30
74 31
75 32
75 35
75 68
75 70
75 38
75 7
75 10
75 77
75 87
75 88
75 26
75 74
75 30
75 31
76 2
76 3
76 17
76 6
76 71
76 72
76 11
76 14
76 79
76 81
76 82
76 46
76 22
76 21
77 32
77 35
77 70
77 38
77 7
77 10
77 39
77 48
77 87
77 88
77 26
77 74
77 30
77 31
78 34
78 4
78 69
78 8
78 45
78 49
78 50
78 51
78 86
78 24
79 32
79 48
79 35
79 70
79 38
79 7
79 40
79 10
79 39
79 77
79 47
79 80
79 87
79 88
79 26
79 74
79 30
81 32
81 80
81 34
81 35
81 4
81 38
81 39
81 40
81 47
81 48
81 50
81 86
81 87
81 88
82 32
82 35
82 70
82 38
82 7
82 10
82 75
82 77
82 87
82 88
82 26
82 74
82 30
82 31
83 1
83 36
83 33
83 11
83 17
83 53
83 55
83 61
84 1
84 36
84 33
84 53
84 55
84 61
85 32
85 48
85 34
85 35
85 38
85 7
85 40
85 10
85 39
85 47
85 80
85 50
85 86
85 87
85 88
85 26
85 74
85 30
86 34
86 4
86 69
86 8
86 45
86 49
86 50
86 51
86 24
87 32
87 35
87 68
87 70
87 7
87 73
87 10
87 43
87 44
87 77
87 78
87 75
87 88
87 26
87 31
87 28
87 74
87 30
87 63
88 80
88 34
88 4
88 69
88 39
88 40
88 45
88 47
88 48
88 8
88 50
88 86
88 24
88 49
