88
1 19
1 33
1 2
1 3
1 5
1 38
1 10
1 23
1 14
1 35
1 52
1 87
1 88
1 70
1 29
1 31
2 65
2 39
2 43
2 45
2 78
2 48
2 81
2 53
2 54
2 24
2 25
2 26
2 27
2 61
2 63
3 1
3 36
3 49
3 7
3 41
3 71
3 79
3 81
3 84
3 22
3 25
3 68
3 26
3 61
4 19
4 2
4 35
4 5
4 38
4 10
4 23
4 14
4 3
4 52
4 87
4 88
4 31
4 70
4 29
4 69
5 34
5 37
5 72
5 76
5 77
5 51
5 85
5 55
6 64
6 33
6 3
6 10
6 50
6 35
6 87
6 59
6 60
6 30
7 37
7 72
7 74
7 76
7 77
7 51
7 85
7 55
8 32
8 67
8 50
8 82
8 86
8 59
8 30
9 1
9 68
9 7
9 41
9 71
9 79
9 49
9 84
9 22
9 4
9 26
9 61
9 36
10 37
10 39
10 72
10 74
10 43
10 45
10 77
10 48
10 51
10 53
10 54
10 27
10 63
11 64
11 33
11 3
11 10
11 50
11 35
11 87
11 59
11 60
12 19
12 1
12 2
12 4
12 5
12 70
12 7
12 41
12 23
12 14
12 47
12 83
12 84
12 22
12 73
12 88
12 52
12 31
12 29
12 69
13 19
13 2
13 35
13 5
13 38
13 10
13 83
13 14
13 47
13 88
13 3
13 52
13 87
13 23
13 31
13 70
13 29
13 69
14 1
14 36
14 7
14 41
14 71
14 79
14 49
14 84
14 22
14 25
14 68
14 26
14 61
16 64
16 33
16 67
16 32
16 50
16 82
16 59
16 60
16 30
18 32
18 64
18 67
18 50
18 82
18 59
18 60
18 30
19 66
19 40
19 9
19 42
19 75
19 46
19 80
19 57
19 58
20 1
20 36
20 49
20 65
20 71
20 41
20 78
20 79
20 81
20 84
20 22
20 25
20 24
20 68
20 26
20 61
21 65
21 36
21 49
21 43
21 45
21 78
21 48
21 81
21 53
21 54
21 24
21 25
21 26
21 27
21 61
21 63
22 1
22 36
22 49
22 7
22 41
22 71
22 79
22 81
22 84
22 25
22 68
22 26
22 61
23 33
23 3
23 38
23 10
23 35
23 52
23 87
23 88
24 64
24 33
24 3
24 32
24 10
24 50
24 87
24 59
24 60
24 30
25 32
25 67
25 50
25 82
25 86
25 59
25 30
26 32
26 82
26 67
26 86
27 1
27 4
27 5
27 7
27 41
27 71
27 79
27 83
27 84
27 22
27 73
27 68
27 47
27 69
28 21
28 6
29 34
29 9
29 75
29 66
29 46
29 80
29 18
29 57
29 58
30 37
30 39
30 72
30 74
30 76
30 77
30 48
30 51
30 53
30 54
30 55
30 27
30 63
31 1
31 36
31 7
31 41
31 71
31 79
31 49
31 84
31 22
31 25
31 68
31 26
31 61
32 65
32 36
32 49
32 39
32 43
32 45
32 78
32 48
32 81
32 53
32 54
32 24
32 25
32 26
32 27
32 61
32 63
33 65
33 39
33 72
33 74
33 43
33 45
33 78
33 77
33 48
33 51
33 53
33 54
33 24
33 27
33 63
34 1
34 36
34 49
34 7
34 41
34 71
34 79
34 81
34 84
34 22
34 25
34 68
34 26
34 61
35 2
35 5
35 38
35 73
35 83
35 14
35 47
35 19
35 52
35 23
35 88
35 31
35 70
35 29
35 69
36 1
36 68
36 49
36 65
36 71
36 41
36 43
36 45
36 78
36 79
36 81
36 22
36 24
36 25
36 26
36 61
37 32
37 82
37 67
37 86
38 19
38 2
38 4
38 5
38 70
38 7
38 73
38 14
38 47
38 83
38 84
38 22
38 23
38 88
38 52
38 31
38 29
38 69
39 64
39 33
39 3
39 10
39 50
39 35
39 87
39 59
39 60
40 1
40 68
40 7
40 41
40 71
40 79
40 49
40 84
40 22
40 73
40 36
40 4
41 64
41 33
41 3
41 10
41 50
41 35
41 87
41 59
41 60
41 30
42 86
42 6
43 1
43 36
43 49
43 65
43 71
43 41
43 78
43 79
43 81
43 84
43 22
43 25
43 24
43 68
43 26
43 61
44 37
44 39
44 72
44 74
44 76
44 77
44 51
44 85
44 55
45 64
45 33
45 67
45 32
45 50
45 82
45 59
45 60
45 30
46 6
47 67
47 86
48 64
48 33
48 3
48 32
48 10
48 50
48 82
48 87
48 59
48 60
48 30
49 64
49 33
49 3
49 32
49 10
49 50
49 82
49 87
49 59
49 60
49 30
50 34
50 9
50 75
50 80
50 18
50 58
51 64
51 33
51 3
51 10
51 50
51 35
51 87
51 59
51 60
52 1
52 36
52 49
52 65
52 71
52 41
52 43
52 45
52 78
52 79
52 81
52 84
52 22
52 25
52 24
52 68
52 26
52 61
53 2
53 35
53 4
53 5
53 38
53 73
53 83
53 14
53 47
53 19
53 52
53 23
53 88
53 31
53 70
53 29
53 69
54 82
54 67
54 86
55 21
56 32
56 82
56 67
56 86
57 64
57 33
57 3
57 32
57 10
57 50
57 87
57 59
57 60
57 30
58 32
58 82
58 67
58 86
59 37
59 39
59 72
59 74
59 76
59 77
59 51
59 53
59 54
59 55
59 85
60 34
60 9
60 75
60 66
60 46
60 80
60 18
60 57
60 58
61 64
61 33
61 3
61 10
61 50
61 35
61 87
61 60
62 1
62 68
62 7
62 41
62 71
62 79
62 84
62 22
62 73
62 36
62 47
62 4
63 19
63 33
63 2
63 3
63 38
63 10
63 14
63 35
63 52
63 87
63 88
64 1
64 68
64 7
64 41
64 71
64 79
64 49
64 84
64 22
64 4
64 26
64 61
64 36
65 21
65 6
67 1
67 4
67 7
67 41
67 71
67 79
67 83
67 84
67 22
67 73
67 68
67 47
68 2
68 4
68 5
68 38
68 7
68 73
68 83
68 14
68 47
68 19
68 52
68 23
68 88
68 31
68 70
68 29
68 69
69 34
69 9
69 75
69 66
69 46
69 80
69 18
69 57
69 58
70 65
70 39
70 72
70 74
70 43
70 45
70 78
70 77
70 48
70 81
70 53
70 54
70 24
70 25
70 27
70 63
71 6
72 19
72 2
72 35
72 5
72 38
72 83
72 14
72 47
72 88
72 3
72 52
72 87
72 23
72 31
72 70
72 29
72 69
73 32
73 82
73 67
73 86
74 6
75 64
75 33
75 3
75 32
75 10
75 50
75 82
75 87
75 59
75 60
75 30
76 1
76 4
76 7
76 41
76 71
76 79
76 83
76 84
76 22
76 73
76 68
76 47
77 19
77 2
77 35
77 5
77 38
77 10
77 23
77 14
77 3
77 52
77 87
77 88
77 31
77 70
77 29
77 69
78 2
78 35
78 4
78 5
78 38
78 73
78 83
78 14
78 47
78 19
78 52
78 23
78 88
78 31
78 70
78 29
78 69
79 64
79 33
79 3
79 10
79 50
79 35
79 87
79 59
79 60
79 30
80 19
80 2
80 35
80 5
80 38
80 10
80 23
80 14
80 3
80 52
80 87
80 88
80 31
80 70
80 29
80 69
82 32
82 64
82 67
82 50
82 59
82 60
82 30
84 32
84 82
84 67
84 86
85 65
85 39
85 72
85 74
85 43
85 45
85 78
85 77
85 48
85 81
85 53
85 54
85 24
85 27
85 63
86 34
86 9
86 75
86 66
86 46
86 80
86 18
86 57
86 58
87 1
87 4
87 5
87 7
87 41
87 71
87 79
87 83
87 84
87 22
87 73
87 68
87 47
87 69
88 1
88 68
88 7
88 41
88 71
88 79
88 49
88 84
88 22
88 73
88 36
88 4
