88
1 48
1 34
1 36
1 70
1 17
1 41
1 42
1 45
1 80
1 81
1 82
1 19
1 52
1 53
1 26
1 60
1 29
1 63
2 34
2 36
2 37
2 41
2 43
2 45
2 81
2 82
2 19
2 52
2 53
2 18
2 26
2 60
2 29
2 63
3 19
3 80
3 34
3 70
3 42
3 66
3 48
3 17
3 83
3 53
3 55
3 26
4 19
4 48
4 34
4 36
4 70
4 17
4 42
4 66
4 80
4 81
4 82
4 83
4 53
4 55
4 26
4 60
5 34
5 36
5 37
5 41
5 43
5 45
5 81
5 82
5 19
5 52
5 53
5 18
5 26
5 60
5 29
5 63
6 18
6 37
6 41
6 43
6 45
6 47
6 50
6 84
6 59
6 30
6 63
8 19
8 48
8 34
8 36
8 70
8 17
8 42
8 66
8 80
8 81
8 82
8 83
8 53
8 55
8 26
8 60
9 18
9 36
9 37
9 6
9 41
9 43
9 45
9 47
9 81
9 50
9 84
9 52
9 59
9 29
9 63
10 80
10 66
10 70
10 42
10 48
10 17
10 83
10 55
10 56
11 48
11 34
11 36
11 70
11 17
11 42
11 66
11 80
11 81
11 82
11 19
11 52
11 53
11 55
11 26
11 60
11 29
12 19
12 80
12 34
12 70
12 42
12 66
12 48
12 17
12 83
12 53
12 55
12 26
13 48
13 34
13 36
13 70
13 17
13 41
13 42
13 45
13 80
13 81
13 82
13 19
13 52
13 53
13 55
13 26
13 60
13 29
14 18
14 36
14 37
14 6
14 41
14 43
14 45
14 47
14 81
14 82
14 84
14 52
14 26
14 60
14 29
14 63
15 16
15 22
16 48
16 34
16 36
16 70
16 17
16 41
16 42
16 43
16 45
16 80
16 81
16 82
16 19
16 52
16 53
16 26
16 60
16 29
16 63
17 48
17 34
17 36
17 70
17 41
17 42
17 45
17 80
17 81
17 82
17 19
17 52
17 53
17 26
17 60
17 29
17 63
20 18
20 37
20 6
20 41
20 43
20 45
20 47
20 50
20 84
20 59
20 30
20 63
21 48
21 34
21 36
21 70
21 17
21 41
21 42
21 45
21 80
21 81
21 82
21 19
21 52
21 53
21 26
21 60
21 29
21 63
23 19
23 80
23 34
23 70
23 42
23 66
23 48
23 17
23 83
23 53
23 55
24 18
24 37
24 6
24 41
24 43
24 45
24 47
24 50
24 84
24 52
24 59
24 29
24 63
25 18
25 36
25 37
25 6
25 41
25 43
25 50
25 45
25 81
25 82
25 84
25 52
25 47
25 60
25 29
25 63
26 48
26 34
26 36
26 70
26 17
26 41
26 42
26 45
26 80
26 81
26 82
26 19
26 52
26 53
26 60
26 29
26 63
28 34
28 36
28 70
28 17
28 41
28 42
28 43
28 45
28 81
28 82
28 19
28 52
28 53
28 26
28 60
28 29
28 63
31 48
31 34
31 36
31 70
31 17
31 41
31 42
31 45
31 80
31 81
31 82
31 19
31 52
31 53
31 26
31 60
31 29
31 63
32 18
32 36
32 37
32 6
32 41
32 43
32 45
32 47
32 81
32 82
32 84
32 52
32 26
32 60
32 29
32 63
34 18
34 37
34 6
34 41
34 43
34 45
34 47
34 50
34 84
34 59
34 63
35 34
35 36
35 70
35 17
35 41
35 42
35 43
35 45
35 81
35 82
35 19
35 52
35 53
35 26
35 60
35 29
35 63
36 18
36 37
36 6
36 41
36 43
36 45
36 47
36 50
36 84
36 59
36 63
38 56
38 66
38 83
39 19
39 48
39 34
39 36
39 70
39 17
39 42
39 66
39 80
39 81
39 82
39 83
39 52
39 53
39 55
39 26
39 60
39 29
41 18
41 36
41 37
41 6
41 43
41 45
41 47
41 50
41 84
41 52
41 59
41 29
41 63
45 18
45 36
45 37
45 6
45 41
45 43
45 50
45 47
45 81
45 82
45 84
45 52
45 59
45 60
45 29
45 63
46 34
46 36
46 37
46 6
46 41
46 43
46 45
46 47
46 81
46 82
46 19
46 52
46 53
46 18
46 26
46 60
46 29
46 63
49 34
49 36
49 70
49 41
49 42
49 43
49 45
49 81
49 82
49 19
49 52
49 53
49 26
49 60
49 29
49 63
53 34
53 36
53 37
53 6
53 41
53 43
53 45
53 47
53 81
53 82
53 19
53 52
53 18
53 26
53 60
53 29
53 63
54 19
54 48
54 34
54 70
54 17
54 42
54 66
54 80
54 81
54 82
54 83
54 53
54 55
54 26
54 60
56 18
56 36
56 37
56 6
56 41
56 43
56 50
56 45
56 81
56 82
56 84
56 52
56 47
56 60
56 29
56 63
57 19
57 80
57 34
57 70
57 42
57 66
57 48
57 17
57 83
57 53
57 55
58 19
58 80
58 34
58 70
58 42
58 66
58 48
58 17
58 83
58 53
58 55
61 18
61 36
61 37
61 6
61 41
61 43
61 50
61 45
61 81
61 82
61 84
61 52
61 26
61 47
61 60
61 29
61 63
62 18
62 36
62 37
62 6
62 41
62 43
62 45
62 47
62 50
62 84
62 52
62 59
62 29
62 63
63 37
63 6
63 41
63 43
63 18
63 47
63 50
63 84
63 59
63 30
64 34
64 36
64 37
64 70
64 41
64 43
64 45
64 81
64 82
64 19
64 52
64 53
64 18
64 26
64 60
64 29
64 63
65 19
65 48
65 34
65 70
65 17
65 42
65 66
65 80
65 81
65 82
65 83
65 53
65 55
65 26
65 60
66 18
66 36
66 37
66 6
66 41
66 43
66 45
66 47
66 81
66 82
66 52
66 26
66 60
66 29
66 63
67 48
67 34
67 36
67 70
67 17
67 41
67 42
67 45
67 80
67 81
67 82
67 19
67 52
67 53
67 26
67 60
67 29
67 63
68 18
68 36
68 37
68 6
68 41
68 43
68 45
68 47
68 81
68 82
68 84
68 52
68 26
68 60
68 29
68 63
69 19
69 80
69 34
69 70
69 42
69 66
69 48
69 17
69 83
69 53
69 55
70 18
70 36
70 37
70 6
70 41
70 43
70 45
70 47
70 81
70 82
70 52
70 26
70 60
70 29
70 63
71 34
71 36
71 37
71 41
71 43
71 45
71 47
71 81
71 82
71 19
71 52
71 53
71 18
71 26
71 60
71 29
71 63
72 18
72 36
72 37
72 6
72 41
72 43
72 45
72 47
72 81
72 82
72 19
72 52
72 26
72 60
72 29
72 63
73 18
73 36
73 37
73 6
73 41
73 43
73 45
73 47
73 81
73 82
73 52
73 26
73 60
73 29
73 63
74 34
74 36
74 37
74 41
74 43
74 45
74 81
74 82
74 19
74 52
74 53
74 18
74 26
74 60
74 29
74 63
75 34
75 36
75 37
75 6
75 41
75 43
75 45
75 47
75 81
75 82
75 19
75 52
75 53
75 18
75 26
75 60
75 29
75 63
76 34
76 36
76 37
76 41
76 43
76 45
76 47
76 81
76 82
76 19
76 52
76 53
76 18
76 26
76 60
76 29
76 63
78 37
78 6
78 43
78 50
78 47
78 18
78 84
78 59
78 30
78 63
79 18
79 37
79 6
79 41
79 43
79 45
79 47
79 50
79 84
79 59
79 63
81 18
81 59
81 36
81 37
81 6
81 41
81 43
81 50
81 45
81 82
81 84
81 52
81 47
81 60
81 29
81 63
85 56
85 66
85 83
87 18
87 36
87 37
87 6
87 41
87 43
87 50
87 45
87 81
87 82
87 84
87 52
87 47
87 60
87 29
87 63
88 34
88 36
88 37
88 41
88 43
88 45
88 81
88 82
88 19
88 52
88 53
88 18
88 26
88 60
88 29
88 63
