88
2 6
2 38
2 44
2 14
2 47
2 81
2 50
2 29
2 61
3 32
3 38
3 6
3 44
3 77
3 78
3 47
3 81
3 50
3 14
3 29
3 28
3 61
4 6
4 8
4 9
4 14
4 15
4 20
4 21
4 23
4 25
4 28
4 29
4 32
4 34
4 36
4 38
4 39
4 40
4 43
4 44
4 45
4 46
4 47
4 50
4 51
4 53
4 71
4 75
4 77
4 78
4 81
4 86
4 87
5 6
5 8
5 9
5 14
5 15
5 20
5 21
5 23
5 25
5 28
5 29
5 32
5 34
5 36
5 38
5 39
5 43
5 44
5 45
5 46
5 47
5 50
5 51
5 53
5 71
5 75
5 77
5 78
5 81
5 87
11 61
11 6
17 1
17 2
17 52
17 82
17 41
21 59
21 61
22 64
22 2
22 67
22 10
22 49
22 19
22 55
22 57
22 27
23 81
23 61
23 6
25 6
25 38
25 44
25 14
25 47
25 81
25 50
25 29
25 61
26 34
26 67
26 36
26 71
26 8
26 10
26 43
26 24
26 46
26 15
26 40
26 75
26 53
26 86
26 87
26 23
26 25
26 27
28 6
28 9
28 14
28 20
28 21
28 25
28 29
28 32
28 34
28 36
28 38
28 39
28 43
28 44
28 45
28 47
28 50
28 51
28 75
28 77
28 78
28 81
29 6
29 38
29 44
29 78
29 47
29 81
29 50
29 14
29 61
30 82
31 8
31 9
31 15
31 20
31 21
31 23
31 24
31 25
31 28
31 29
31 32
31 34
31 36
31 38
31 39
31 40
31 43
31 44
31 45
31 46
31 51
31 53
31 71
31 75
31 77
31 78
31 86
31 87
32 61
33 34
33 67
33 36
33 71
33 8
33 10
33 43
33 24
33 46
33 15
33 40
33 53
33 86
33 87
33 23
33 27
34 32
34 38
34 6
34 39
34 9
34 75
34 44
34 77
34 14
34 45
34 81
34 50
34 51
34 20
34 78
34 25
34 47
34 28
34 29
34 21
35 8
35 9
35 14
35 15
35 20
35 21
35 23
35 24
35 25
35 28
35 29
35 32
35 34
35 36
35 38
35 39
35 40
35 43
35 44
35 45
35 46
35 47
35 50
35 51
35 53
35 71
35 75
35 77
35 78
35 86
35 87
36 61
37 8
37 9
37 14
37 15
37 20
37 21
37 23
37 24
37 25
37 28
37 29
37 32
37 34
37 36
37 38
37 39
37 40
37 43
37 44
37 45
37 46
37 47
37 50
37 51
37 53
37 71
37 75
37 77
37 78
37 86
37 87
38 81
38 50
38 61
38 6
40 59
40 61
42 8
42 9
42 14
42 15
42 20
42 21
42 23
42 24
42 25
42 28
42 29
42 32
42 34
42 36
42 38
42 39
42 40
42 43
42 44
42 45
42 46
42 47
42 51
42 53
42 71
42 75
42 77
42 78
42 86
42 87
44 32
44 38
44 6
44 39
44 9
44 45
44 14
44 77
44 81
44 50
44 51
44 20
44 78
44 47
44 28
44 29
44 21
45 6
45 38
45 29
45 14
45 47
45 81
45 50
45 61
46 81
46 61
46 6
47 59
47 61
48 6
48 8
48 9
48 14
48 20
48 21
48 23
48 25
48 28
48 29
48 32
48 34
48 36
48 38
48 39
48 43
48 44
48 45
48 46
48 47
48 50
48 51
48 53
48 71
48 75
48 77
48 78
48 81
48 87
49 8
49 9
49 10
49 15
49 20
49 21
49 23
49 24
49 25
49 27
49 28
49 32
49 34
49 36
49 39
49 40
49 43
49 45
49 46
49 51
49 53
49 67
49 71
49 75
49 77
49 78
49 86
49 87
50 81
50 14
50 61
50 6
50 47
54 64
54 2
54 41
54 49
54 19
54 55
54 57
56 32
56 38
56 6
56 39
56 9
56 44
56 77
56 14
56 47
56 81
56 50
56 78
56 29
56 28
56 61
58 8
58 9
58 14
58 15
58 20
58 21
58 23
58 24
58 25
58 28
58 29
58 32
58 34
58 36
58 38
58 39
58 40
58 43
58 44
58 45
58 46
58 47
58 51
58 53
58 71
58 75
58 77
58 78
58 86
58 87
60 6
60 38
60 44
60 14
60 47
60 81
60 50
60 29
60 61
62 6
62 8
62 9
62 14
62 20
62 21
62 23
62 25
62 28
62 29
62 32
62 34
62 36
62 38
62 39
62 43
62 44
62 45
62 46
62 47
62 50
62 51
62 53
62 71
62 75
62 77
62 78
62 81
62 87
63 8
63 9
63 10
63 15
63 20
63 21
63 23
63 24
63 25
63 27
63 28
63 32
63 34
63 36
63 39
63 40
63 43
63 45
63 46
63 51
63 53
63 67
63 71
63 75
63 77
63 78
63 86
63 87
65 8
65 9
65 14
65 15
65 20
65 21
65 23
65 25
65 28
65 29
65 32
65 34
65 36
65 38
65 39
65 40
65 43
65 44
65 45
65 46
65 47
65 50
65 51
65 53
65 71
65 75
65 77
65 78
65 81
65 86
65 87
66 64
66 2
66 49
66 19
66 55
66 57
67 59
67 61
68 6
68 8
68 9
68 14
68 15
68 20
68 21
68 23
68 25
68 28
68 29
68 32
68 34
68 36
68 38
68 39
68 40
68 43
68 44
68 45
68 46
68 47
68 50
68 51
68 53
68 71
68 75
68 77
68 78
68 81
68 86
68 87
69 64
69 2
69 49
69 19
69 55
69 57
70 8
70 9
70 10
70 15
70 20
70 21
70 23
70 24
70 25
70 27
70 28
70 32
70 34
70 36
70 39
70 40
70 43
70 45
70 46
70 51
70 53
70 67
70 71
70 75
70 77
70 78
70 86
70 87
71 61
71 6
72 8
72 9
72 10
72 15
72 20
72 21
72 23
72 24
72 25
72 27
72 28
72 32
72 34
72 36
72 39
72 40
72 43
72 45
72 46
72 51
72 53
72 67
72 71
72 75
72 77
72 78
72 86
72 87
73 6
73 8
73 9
73 14
73 15
73 20
73 21
73 23
73 25
73 28
73 29
73 32
73 34
73 36
73 38
73 39
73 40
73 43
73 44
73 45
73 46
73 47
73 50
73 51
73 53
73 71
73 75
73 77
73 78
73 81
73 86
73 87
74 6
74 8
74 9
74 14
74 15
74 20
74 21
74 23
74 25
74 28
74 29
74 32
74 34
74 36
74 38
74 39
74 43
74 44
74 45
74 46
74 47
74 50
74 51
74 53
74 71
74 75
74 77
74 78
74 81
74 87
75 6
75 38
75 29
75 14
75 47
75 81
75 50
75 61
76 8
76 9
76 14
76 15
76 20
76 21
76 23
76 24
76 25
76 28
76 29
76 32
76 34
76 36
76 38
76 39
76 40
76 43
76 44
76 45
76 46
76 47
76 50
76 51
76 53
76 71
76 75
76 77
76 78
76 86
76 87
77 59
77 61
78 59
79 67
79 40
79 10
79 46
79 15
79 53
79 86
79 55
79 24
79 57
79 27
80 1
80 82
80 52
80 41
81 61
83 6
83 38
83 44
83 14
83 47
83 81
83 50
83 78
83 29
83 61
84 34
84 67
84 36
84 71
84 8
84 10
84 43
84 24
84 45
84 46
84 15
84 40
84 75
84 51
84 53
84 86
84 87
84 23
84 25
84 27
85 8
85 9
85 10
85 15
85 20
85 21
85 23
85 24
85 25
85 27
85 28
85 32
85 34
85 36
85 39
85 40
85 43
85 45
85 46
85 51
85 53
85 67
85 71
85 75
85 77
85 78
85 86
85 87
88 6
88 8
88 9
88 14
88 20
88 21
88 23
88 25
88 28
88 29
88 32
88 34
88 36
88 38
88 39
88 43
88 44
88 45
88 46
88 47
88 50
88 51
88 53
88 71
88 75
88 77
88 78
88 81
88 87
