88
3 2
3 4
3 14
3 16
3 17
3 20
3 21
3 26
3 35
3 39
3 40
3 43
3 44
3 45
3 47
3 50
3 53
3 54
3 60
3 74
3 76
3 79
3 80
3 86
4 2
4 14
4 16
4 17
4 20
4 21
4 26
4 35
4 39
4 40
4 44
4 45
4 47
4 50
4 53
4 54
4 60
4 74
4 76
4 79
4 80
4 86
7 66
7 3
7 5
7 6
7 43
7 44
7 80
7 18
7 52
7 22
7 23
7 20
7 54
7 86
9 66
9 3
9 5
9 6
9 43
9 44
9 18
9 80
9 50
9 35
9 20
9 21
9 22
9 23
9 54
9 86
22 16
22 2
22 35
22 4
22 39
22 40
22 74
22 76
22 45
22 14
22 47
22 80
22 17
22 50
22 20
22 21
22 54
22 26
22 79
22 60
22 53
24 4
24 5
24 14
24 16
24 17
24 20
24 21
24 22
24 23
24 26
24 35
24 39
24 40
24 43
24 44
24 47
24 50
24 53
24 54
24 60
24 74
24 76
24 79
24 80
24 86
25 2
25 4
25 5
25 14
25 16
25 17
25 20
25 21
25 23
25 26
25 35
25 39
25 40
25 43
25 44
25 45
25 47
25 50
25 53
25 54
25 60
25 74
25 76
25 79
25 80
25 86
27 3
27 4
27 5
27 6
27 17
27 18
27 20
27 21
27 22
27 23
27 26
27 35
27 39
27 40
27 43
27 44
27 47
27 50
27 53
27 54
27 60
27 80
27 86
28 3
28 4
28 5
28 6
28 17
28 18
28 20
28 21
28 22
28 23
28 26
28 35
28 39
28 40
28 43
28 44
28 47
28 50
28 53
28 54
28 60
28 79
28 80
28 86
29 3
29 4
29 5
29 6
29 17
29 18
29 20
29 21
29 22
29 23
29 26
29 35
29 39
29 40
29 43
29 44
29 47
29 50
29 53
29 54
29 80
29 86
30 16
30 2
30 35
30 4
30 39
30 40
30 74
30 76
30 45
30 14
30 47
30 80
30 17
30 50
30 21
30 54
30 26
30 79
30 60
30 53
31 4
31 5
31 14
31 16
31 17
31 20
31 21
31 22
31 23
31 26
31 35
31 39
31 40
31 43
31 44
31 47
31 50
31 53
31 54
31 60
31 74
31 76
31 79
31 80
31 86
32 4
32 5
32 14
32 16
32 17
32 20
32 21
32 23
32 26
32 35
32 39
32 40
32 43
32 44
32 47
32 50
32 53
32 54
32 60
32 74
32 76
32 79
32 80
32 86
34 2
34 4
34 5
34 14
34 16
34 17
34 20
34 21
34 23
34 26
34 35
34 39
34 40
34 43
34 44
34 45
34 47
34 50
34 53
34 54
34 60
34 74
34 76
34 79
34 80
34 86
36 3
36 4
36 5
36 6
36 17
36 18
36 20
36 21
36 22
36 23
36 26
36 35
36 39
36 40
36 43
36 44
36 47
36 50
36 53
36 54
36 60
36 74
36 79
36 80
36 86
37 66
37 3
37 5
37 6
37 43
37 44
37 80
37 18
37 52
37 22
37 23
37 20
37 54
37 86
38 66
38 3
38 5
38 6
38 43
38 44
38 18
38 51
38 52
38 22
38 23
38 20
38 86
42 4
42 5
42 14
42 16
42 17
42 20
42 21
42 22
42 23
42 26
42 35
42 39
42 40
42 43
42 44
42 47
42 50
42 53
42 54
42 60
42 74
42 76
42 79
42 80
42 86
48 4
48 5
48 6
48 14
48 16
48 17
48 18
48 20
48 21
48 22
48 23
48 26
48 35
48 39
48 40
48 43
48 44
48 47
48 50
48 53
48 54
48 60
48 74
48 76
48 79
48 80
48 86
50 16
50 2
50 35
50 4
50 39
50 40
50 74
50 76
50 45
50 14
50 47
50 80
50 17
50 20
50 21
50 54
50 26
50 79
50 60
50 53
52 2
52 4
52 5
52 14
52 16
52 17
52 20
52 21
52 23
52 26
52 35
52 39
52 40
52 43
52 44
52 45
52 47
52 50
52 53
52 54
52 60
52 74
52 76
52 79
52 80
52 86
55 66
55 3
55 5
55 6
55 43
55 44
55 80
55 18
55 52
55 22
55 23
55 20
55 54
55 86
56 3
56 4
56 5
56 6
56 17
56 18
56 20
56 21
56 22
56 23
56 26
56 35
56 39
56 40
56 43
56 44
56 47
56 50
56 53
56 54
56 60
56 80
56 86
57 3
57 4
57 5
57 6
57 17
57 18
57 20
57 21
57 22
57 23
57 26
57 35
57 39
57 40
57 43
57 44
57 47
57 50
57 53
57 54
57 60
57 74
57 76
57 79
57 80
57 86
58 2
58 4
58 5
58 14
58 16
58 17
58 20
58 21
58 26
58 35
58 39
58 40
58 43
58 44
58 45
58 47
58 50
58 53
58 54
58 60
58 74
58 76
58 79
58 80
58 86
59 66
59 3
59 4
59 5
59 6
59 43
59 44
59 18
59 80
59 50
59 35
59 20
59 21
59 22
59 23
59 54
59 86
61 66
61 3
61 5
61 6
61 43
61 44
61 80
61 18
61 52
61 21
61 22
61 23
61 20
61 54
61 86
62 2
62 4
62 14
62 16
62 17
62 20
62 21
62 26
62 35
62 39
62 40
62 44
62 45
62 47
62 50
62 53
62 54
62 60
62 74
62 76
62 79
62 80
62 86
64 3
64 4
64 5
64 6
64 16
64 17
64 18
64 20
64 21
64 22
64 23
64 26
64 35
64 39
64 40
64 43
64 44
64 47
64 50
64 53
64 54
64 60
64 74
64 76
64 79
64 80
64 86
65 4
65 5
65 14
65 16
65 17
65 20
65 21
65 22
65 23
65 26
65 35
65 39
65 40
65 43
65 44
65 47
65 50
65 53
65 54
65 60
65 74
65 76
65 79
65 80
65 86
68 4
68 5
68 6
68 14
68 16
68 17
68 18
68 20
68 21
68 22
68 23
68 26
68 35
68 39
68 40
68 43
68 44
68 47
68 50
68 53
68 54
68 60
68 74
68 76
68 79
68 80
68 86
69 66
69 3
69 5
69 6
69 43
69 44
69 18
69 52
69 22
69 23
69 20
69 86
70 2
70 4
70 14
70 16
70 17
70 20
70 21
70 26
70 35
70 39
70 40
70 43
70 44
70 45
70 47
70 50
70 53
70 54
70 60
70 74
70 76
70 79
70 80
70 86
71 4
71 5
71 14
71 16
71 17
71 20
71 21
71 22
71 23
71 26
71 35
71 39
71 40
71 43
71 44
71 47
71 50
71 53
71 54
71 60
71 74
71 76
71 79
71 80
71 86
72 16
72 2
72 35
72 4
72 39
72 40
72 74
72 76
72 45
72 14
72 47
72 80
72 17
72 50
72 21
72 54
72 26
72 79
72 60
72 53
73 16
73 2
73 35
73 4
73 39
73 40
73 74
73 76
73 45
73 14
73 47
73 80
73 17
73 50
73 20
73 21
73 54
73 26
73 79
73 60
73 53
78 4
78 5
78 14
78 16
78 17
78 20
78 21
78 22
78 23
78 26
78 35
78 39
78 40
78 43
78 44
78 47
78 50
78 53
78 54
78 60
78 74
78 76
78 79
78 80
78 86
81 4
81 5
81 14
81 16
81 17
81 20
81 21
81 23
81 26
81 35
81 39
81 40
81 43
81 44
81 47
81 50
81 53
81 54
81 60
81 74
81 76
81 79
81 80
81 86
82 66
82 51
82 52
83 3
83 4
83 5
83 6
83 39
83 40
83 43
83 44
83 50
83 47
83 80
83 17
83 18
83 35
83 20
83 21
83 22
83 23
83 26
83 54
83 86
84 16
84 2
84 35
84 4
84 39
84 40
84 74
84 76
84 45
84 14
84 47
84 80
84 17
84 50
84 20
84 21
84 54
84 26
84 79
84 60
84 53
