88
1 34
1 38
1 6
1 7
1 72
1 41
1 10
1 87
1 14
1 79
1 73
1 25
1 71
1 39
1 63
2 67
2 68
2 74
2 54
2 56
2 58
2 27
2 26
3 35
3 8
3 11
3 43
3 48
3 40
3 84
3 22
3 23
3 57
3 31
4 66
4 42
4 75
4 82
4 51
4 86
5 52
5 3
5 60
6 1
6 37
6 70
6 7
6 41
6 39
6 78
6 14
6 79
6 85
6 87
6 24
6 71
6 63
6 69
6 53
7 1
7 34
7 6
7 38
7 39
7 41
7 10
7 87
7 14
7 79
7 78
7 73
7 71
7 63
9 52
9 3
9 60
10 1
10 34
10 38
10 6
10 7
10 72
10 41
10 87
10 14
10 79
10 73
10 25
10 39
10 63
11 64
11 33
11 65
11 72
11 80
11 56
11 54
11 88
11 25
11 58
11 59
11 26
12 67
12 42
12 75
12 61
12 82
12 51
12 55
12 27
12 28
12 74
14 67
14 68
14 74
14 88
14 54
14 56
14 58
14 27
14 26
18 35
18 17
18 8
18 11
18 44
18 43
18 48
18 40
18 84
18 22
18 23
18 57
19 18
19 76
21 69
21 70
21 71
21 45
21 78
21 85
21 24
21 31
21 37
21 53
22 67
22 68
22 74
22 61
22 54
22 55
22 58
22 27
22 28
22 26
23 60
23 18
23 3
23 52
23 62
24 67
24 68
24 74
24 27
24 80
24 88
24 54
24 56
24 58
24 59
24 26
25 35
25 17
25 8
25 11
25 44
25 43
25 48
25 40
25 84
25 22
25 23
25 57
26 66
26 42
26 75
26 82
26 51
26 86
27 64
27 33
27 67
27 68
27 65
27 74
27 80
27 88
27 54
27 56
27 58
27 59
27 26
28 35
28 8
28 11
28 43
28 48
28 40
28 84
28 22
28 23
28 57
28 31
31 35
31 40
31 11
31 43
31 48
31 8
31 84
31 22
31 23
31 57
32 37
32 70
32 45
32 78
32 48
32 85
32 24
32 31
32 69
32 53
33 35
33 17
33 8
33 11
33 44
33 43
33 48
33 40
33 84
33 22
33 23
33 57
34 66
34 42
34 75
34 82
34 51
34 86
34 55
34 27
34 28
34 61
35 5
35 8
35 9
35 11
35 44
35 46
35 47
35 17
35 83
35 57
36 1
36 34
36 38
36 6
36 7
36 72
36 41
36 10
36 87
36 14
36 79
36 73
36 25
36 39
36 63
37 1
37 6
37 69
37 38
37 7
37 41
37 10
37 39
37 14
37 79
37 78
37 87
37 71
37 63
38 33
38 67
38 68
38 65
38 74
38 80
38 88
38 54
38 56
38 58
38 59
38 26
39 64
39 1
39 34
39 33
39 38
39 7
39 72
39 41
39 10
39 14
39 79
39 73
39 25
39 65
40 67
40 68
40 74
40 75
40 51
40 55
40 27
40 28
40 61
41 1
41 34
41 38
41 6
41 7
41 73
41 10
41 39
41 14
41 79
41 87
41 71
41 63
42 64
42 33
42 65
42 72
42 80
42 56
42 54
42 88
42 25
42 58
42 59
42 26
43 1
43 34
43 38
43 6
43 7
43 72
43 41
43 10
43 87
43 14
43 79
43 73
43 25
43 71
43 39
43 63
44 64
44 1
44 34
44 38
44 6
44 7
44 72
44 41
44 10
44 87
44 14
44 79
44 73
44 25
44 39
44 63
45 66
45 42
45 75
45 82
45 51
45 86
45 55
45 27
45 28
45 61
46 42
46 66
46 82
46 86
47 69
47 70
47 45
47 78
47 53
47 24
47 31
47 37
47 85
48 64
48 1
48 34
48 38
48 33
48 72
48 41
48 10
48 14
48 79
48 80
48 73
48 88
48 25
48 59
48 65
49 37
49 6
49 71
49 45
49 78
49 85
49 87
49 24
49 63
49 70
49 69
49 53
50 35
50 17
50 8
50 9
50 11
50 44
50 46
50 43
50 40
50 84
50 22
50 23
50 57
51 64
51 1
51 34
51 38
51 33
51 72
51 41
51 10
51 79
51 80
51 73
51 88
51 25
51 59
51 65
52 66
52 42
52 75
52 82
52 51
52 86
52 55
52 27
52 28
52 61
53 1
53 34
53 38
53 6
53 7
53 41
53 10
53 87
53 14
53 79
53 73
53 25
53 71
53 39
53 63
54 67
54 68
54 74
54 61
54 55
54 56
54 58
54 27
54 28
54 26
55 67
55 68
55 74
55 61
55 54
55 56
55 26
55 27
55 28
55 58
56 67
56 68
56 74
56 75
56 51
56 55
56 27
56 28
56 61
57 64
57 33
57 68
57 65
57 80
57 88
57 54
57 56
57 58
57 59
57 26
58 67
58 68
58 74
58 75
58 51
58 55
58 27
58 28
58 61
59 52
59 3
59 60
60 67
60 68
60 74
60 88
60 54
60 56
60 58
60 27
60 26
61 37
61 6
61 71
61 45
61 78
61 85
61 87
61 24
61 63
61 70
61 69
61 53
62 64
62 1
62 34
62 33
62 38
62 7
62 72
62 41
62 10
62 39
62 14
62 79
62 80
62 73
62 25
62 59
62 65
63 18
63 76
63 62
64 66
64 42
64 75
64 82
64 51
64 86
65 1
65 34
65 38
65 6
65 7
65 41
65 10
65 87
65 14
65 79
65 73
65 25
65 71
65 39
65 63
66 1
66 34
66 38
66 6
66 7
66 72
66 41
66 10
66 87
66 14
66 79
66 73
66 25
66 39
66 63
67 64
67 33
67 68
67 65
67 72
67 80
67 88
67 54
67 56
67 58
67 59
67 26
68 67
68 74
68 61
68 54
68 55
68 56
68 58
68 27
68 26
69 67
69 68
69 74
69 61
69 54
69 55
69 56
69 58
69 27
69 26
70 42
70 66
70 82
70 86
71 64
71 33
71 68
71 65
71 72
71 80
71 88
71 54
71 56
71 58
71 59
71 26
72 64
72 33
72 68
72 65
72 80
72 88
72 54
72 56
72 58
72 59
72 26
73 33
73 67
73 68
73 74
73 80
73 88
73 54
73 56
73 58
73 59
73 26
74 1
74 34
74 38
74 6
74 7
74 72
74 41
74 10
74 87
74 14
74 79
74 73
74 25
74 71
74 39
74 63
75 1
75 6
75 69
75 38
75 7
75 41
75 10
75 39
75 14
75 79
75 78
75 87
75 71
75 63
76 64
76 1
76 34
76 38
76 33
76 72
76 41
76 10
76 39
76 14
76 79
76 80
76 73
76 88
76 25
76 59
76 65
77 64
77 1
77 34
77 38
77 33
77 72
77 41
77 10
77 39
77 14
77 79
77 80
77 73
77 25
77 59
77 65
78 1
78 34
78 38
78 6
78 7
78 72
78 41
78 10
78 87
78 14
78 79
78 73
78 25
78 39
78 63
79 69
79 70
79 45
79 78
79 53
79 24
79 31
79 37
79 85
80 64
80 1
80 34
80 38
80 6
80 65
80 72
80 41
80 10
80 7
80 14
80 79
80 73
80 25
80 39
80 63
82 2
82 5
82 9
82 44
82 77
82 46
82 15
82 17
82 83
82 47
83 64
83 1
83 34
83 38
83 33
83 72
83 41
83 10
83 14
83 79
83 80
83 73
83 88
83 25
83 59
83 65
84 64
84 33
84 34
84 65
84 72
84 73
84 10
84 80
84 56
84 88
84 25
84 26
84 59
85 1
85 6
85 37
85 38
85 7
85 41
85 39
85 14
85 79
85 78
85 87
85 71
85 63
85 70
85 69
86 37
86 70
86 40
86 45
86 48
86 84
86 85
86 24
86 31
86 69
86 53
87 64
87 33
87 68
87 65
87 80
87 88
87 54
87 56
87 58
87 59
87 26
88 64
88 33
88 34
88 38
88 65
88 72
88 73
88 10
88 80
88 56
88 25
88 26
88 59
