88
1 36
2 47
2 21
2 87
2 57
2 60
2 31
3 1
3 6
3 7
3 9
3 22
3 27
3 28
3 32
3 34
3 41
3 46
3 48
3 55
3 59
3 63
3 64
3 67
3 76
3 77
3 82
3 84
3 88
5 3
5 12
5 14
5 22
5 26
5 34
5 37
5 42
5 45
5 48
5 53
5 54
5 58
5 59
5 62
5 66
5 67
5 68
5 69
5 71
5 73
5 74
5 78
5 79
5 84
6 1
6 7
6 9
6 22
6 27
6 28
6 32
6 34
6 46
6 48
6 55
6 59
6 62
6 63
6 64
6 67
6 69
6 76
6 77
6 82
6 84
6 88
8 1
8 3
8 6
8 7
8 9
8 22
8 27
8 28
8 32
8 34
8 46
8 48
8 55
8 59
8 62
8 64
8 67
8 69
8 76
8 77
8 78
8 82
8 84
8 88
9 32
9 2
9 41
9 47
9 21
9 87
9 57
9 31
9 60
9 63
10 35
10 36
11 31
11 36
11 87
12 64
12 1
12 34
12 59
12 32
12 6
12 7
12 9
12 55
12 76
12 77
12 46
12 48
12 82
12 22
12 41
12 88
12 27
12 28
12 63
13 1
13 6
13 7
13 9
13 22
13 27
13 28
13 32
13 34
13 41
13 46
13 48
13 55
13 59
13 63
13 64
13 67
13 76
13 77
13 82
13 84
13 88
14 3
14 5
14 12
14 26
14 37
14 42
14 45
14 49
14 53
14 54
14 58
14 61
14 62
14 66
14 68
14 69
14 70
14 71
14 72
14 73
14 74
14 78
14 79
15 35
15 4
15 29
15 30
17 31
17 36
17 47
17 60
17 87
21 3
21 5
21 12
21 14
21 22
21 26
21 37
21 42
21 45
21 48
21 53
21 54
21 58
21 59
21 62
21 66
21 67
21 68
21 69
21 71
21 73
21 74
21 78
21 79
21 84
22 3
22 5
22 12
22 14
22 26
22 34
22 37
22 42
22 45
22 48
22 53
22 54
22 58
22 59
22 62
22 66
22 67
22 68
22 69
22 71
22 73
22 74
22 78
22 79
22 84
23 2
23 47
23 21
23 87
23 57
23 60
23 31
28 1
28 3
28 5
28 12
28 14
28 22
28 26
28 34
28 37
28 45
28 46
28 48
28 53
28 54
28 58
28 59
28 62
28 64
28 66
28 67
28 68
28 69
28 73
28 77
28 78
28 82
28 84
28 88
30 2
30 41
30 47
30 21
30 87
30 57
30 31
30 60
30 63
31 2
31 36
31 47
31 21
31 87
31 60
32 2
32 6
32 7
32 41
32 28
32 47
32 21
32 55
32 57
32 27
32 60
32 63
33 32
33 2
33 6
33 7
33 9
33 55
33 76
33 41
33 57
33 27
33 28
33 63
34 1
34 3
34 5
34 9
34 14
34 22
34 26
34 37
34 45
34 46
34 48
34 53
34 54
34 58
34 59
34 62
34 64
34 66
34 67
34 69
34 73
34 77
34 78
34 82
34 84
34 88
35 36
36 1
36 3
36 5
36 9
36 14
36 22
36 26
36 34
36 37
36 45
36 46
36 48
36 53
36 54
36 58
36 59
36 62
36 64
36 66
36 67
36 69
36 73
36 77
36 78
36 82
36 84
36 88
37 32
37 2
37 6
37 41
37 28
37 47
37 21
37 55
37 57
37 27
37 60
37 63
38 3
38 5
38 11
38 12
38 14
38 26
38 37
38 42
38 43
38 45
38 49
38 53
38 54
38 58
38 61
38 66
38 68
38 70
38 71
38 72
38 73
38 74
38 78
38 79
38 80
40 1
40 3
40 5
40 9
40 14
40 22
40 26
40 34
40 37
40 45
40 46
40 48
40 53
40 54
40 58
40 59
40 62
40 64
40 66
40 67
40 69
40 73
40 76
40 77
40 78
40 82
40 84
40 88
46 1
46 3
46 6
46 7
46 9
46 22
46 27
46 28
46 32
46 34
46 48
46 55
46 59
46 62
46 64
46 67
46 69
46 73
46 76
46 77
46 78
46 82
46 84
46 88
47 35
47 4
47 29
47 30
48 2
48 47
48 21
48 87
48 57
48 60
48 31
49 32
49 6
49 7
49 9
49 76
49 41
49 55
49 57
49 27
49 28
49 63
50 36
51 5
51 11
51 12
51 25
51 26
51 33
51 42
51 43
51 44
51 49
51 53
51 54
51 58
51 61
51 68
51 70
51 71
51 72
51 74
51 75
51 79
51 80
52 1
52 3
52 5
52 14
52 22
52 26
52 34
52 37
52 45
52 46
52 48
52 53
52 54
52 58
52 59
52 62
52 64
52 66
52 67
52 68
52 69
52 73
52 77
52 78
52 82
52 84
52 88
53 3
53 5
53 12
53 14
53 22
53 26
53 34
53 37
53 42
53 45
53 48
53 54
53 58
53 59
53 62
53 66
53 67
53 68
53 69
53 71
53 73
53 74
53 78
53 79
53 84
59 32
59 2
59 31
59 41
59 55
59 28
59 47
59 21
59 87
59 57
59 27
59 60
59 63
64 5
64 11
64 12
64 25
64 26
64 33
64 42
64 43
64 44
64 45
64 49
64 53
64 54
64 58
64 61
64 66
64 68
64 70
64 71
64 72
64 74
64 75
64 79
64 80
65 3
65 5
65 12
65 14
65 22
65 26
65 34
65 37
65 42
65 45
65 48
65 53
65 54
65 58
65 59
65 62
65 66
65 67
65 68
65 69
65 71
65 73
65 74
65 78
65 79
65 84
67 64
67 1
67 34
67 59
67 32
67 6
67 7
67 9
67 55
67 76
67 77
67 46
67 48
67 82
67 84
67 22
67 41
67 88
67 27
67 28
67 63
68 3
68 5
68 11
68 12
68 14
68 26
68 37
68 42
68 43
68 45
68 49
68 53
68 54
68 58
68 61
68 66
68 70
68 71
68 72
68 73
68 74
68 75
68 78
68 79
68 80
69 5
69 11
69 12
69 25
69 26
69 33
69 42
69 43
69 44
69 45
69 49
69 53
69 54
69 58
69 61
69 66
69 68
69 70
69 71
69 72
69 74
69 75
69 79
69 80
70 1
70 3
70 5
70 14
70 22
70 26
70 34
70 37
70 45
70 46
70 48
70 53
70 54
70 58
70 59
70 62
70 64
70 66
70 67
70 68
70 69
70 73
70 77
70 78
70 82
70 84
70 88
73 1
73 3
73 5
73 9
73 14
73 22
73 34
73 37
73 45
73 46
73 48
73 53
73 54
73 58
73 59
73 62
73 64
73 66
73 67
73 69
73 76
73 77
73 78
73 82
73 84
73 88
75 32
75 2
75 31
75 41
75 55
75 47
75 21
75 87
75 57
75 27
75 60
75 63
76 5
76 11
76 12
76 25
76 26
76 33
76 42
76 43
76 44
76 45
76 49
76 53
76 54
76 58
76 61
76 66
76 68
76 70
76 71
76 72
76 74
76 75
76 79
76 80
77 36
78 32
78 2
78 6
78 7
78 41
78 28
78 47
78 21
78 55
78 57
78 27
78 60
78 63
79 1
79 3
79 6
79 7
79 9
79 14
79 22
79 27
79 28
79 34
79 37
79 46
79 48
79 59
79 62
79 64
79 67
79 69
79 73
79 76
79 77
79 78
79 82
79 84
79 88
80 3
80 5
80 12
80 14
80 26
80 37
80 42
80 45
80 49
80 53
80 54
80 58
80 62
80 66
80 67
80 68
80 69
80 70
80 71
80 72
80 73
80 74
80 78
80 79
83 35
83 4
83 29
83 30
84 13
85 13
87 32
87 2
87 31
87 41
87 47
87 21
87 55
87 57
87 27
87 60
87 63
88 3
88 5
88 12
88 14
88 26
88 37
88 42
88 45
88 49
88 53
88 54
88 58
88 62
88 66
88 67
88 68
88 69
88 70
88 71
88 72
88 73
88 74
88 78
88 79
88 84
