88
1 83
1 4
1 29
1 5
2 64
2 34
2 68
2 41
2 18
2 86
2 31
2 60
2 29
2 63
3 83
3 4
3 29
3 5
4 83
4 29
4 5
6 64
6 83
6 68
6 29
6 5
7 65
7 67
7 86
7 70
7 73
7 74
7 43
7 76
7 16
7 59
7 75
7 52
7 85
7 54
7 23
7 25
7 26
7 27
7 28
7 62
9 65
9 75
9 69
9 70
9 73
9 74
9 43
9 16
9 59
9 51
9 52
9 85
9 54
9 23
9 27
9 62
10 83
10 4
10 29
10 5
11 83
11 4
11 29
11 5
12 64
12 34
12 67
12 68
12 31
12 41
12 43
12 76
12 28
12 18
12 86
12 23
12 25
12 26
12 75
12 60
12 63
13 64
13 34
13 68
13 41
13 28
13 18
13 86
13 25
13 26
13 31
13 60
13 63
14 65
14 67
14 86
14 70
14 41
14 74
14 43
14 76
14 16
14 59
14 75
14 52
14 85
14 54
14 73
14 23
14 25
14 26
14 27
14 28
14 62
17 64
17 34
17 68
17 41
17 28
17 18
17 86
17 25
17 26
17 31
17 60
17 63
18 16
18 23
18 25
18 26
18 28
18 34
18 41
18 43
18 52
18 54
18 59
18 60
18 62
18 63
18 67
18 70
18 73
18 74
18 75
18 76
18 85
18 86
21 64
21 68
21 5
21 18
21 83
21 29
21 31
22 83
22 4
22 29
22 5
24 16
24 23
24 25
24 26
24 27
24 28
24 34
24 41
24 43
24 52
24 54
24 59
24 60
24 62
24 63
24 65
24 67
24 70
24 73
24 74
24 75
24 76
24 85
24 86
29 65
29 67
29 86
29 70
29 73
29 74
29 43
29 76
29 16
29 59
29 75
29 52
29 85
29 54
29 23
29 25
29 26
29 27
29 28
29 62
30 4
31 64
31 34
31 67
31 68
31 41
31 43
31 76
31 28
31 18
31 86
31 25
31 26
31 75
31 60
31 63
32 18
32 23
32 25
32 26
32 28
32 31
32 34
32 41
32 43
32 54
32 59
32 60
32 62
32 63
32 64
32 67
32 68
32 70
32 74
32 75
32 76
32 85
32 86
33 64
33 34
33 67
33 68
33 31
33 41
33 43
33 76
33 28
33 18
33 86
33 23
33 25
33 26
33 75
33 60
33 63
34 18
34 23
34 25
34 26
34 28
34 31
34 41
34 43
34 52
34 54
34 59
34 60
34 62
34 63
34 67
34 70
34 73
34 74
34 75
34 76
34 85
34 86
35 64
35 34
35 68
35 41
35 18
35 86
35 31
35 60
35 29
35 63
36 64
36 68
36 5
36 83
36 29
36 31
37 64
37 68
37 5
37 83
37 29
37 31
38 64
38 34
38 67
38 68
38 31
38 41
38 43
38 76
38 28
38 18
38 86
38 25
38 26
38 75
38 60
38 63
39 16
39 23
39 25
39 26
39 27
39 28
39 34
39 41
39 43
39 52
39 54
39 59
39 62
39 63
39 65
39 67
39 70
39 73
39 74
39 75
39 76
39 85
39 86
40 18
40 23
40 25
40 26
40 28
40 31
40 34
40 41
40 43
40 52
40 54
40 59
40 60
40 62
40 63
40 67
40 70
40 73
40 74
40 75
40 76
40 85
40 86
41 16
41 18
41 23
41 25
41 26
41 28
41 34
41 43
41 52
41 54
41 59
41 60
41 62
41 63
41 67
41 70
41 73
41 74
41 75
41 76
41 85
41 86
42 18
42 23
42 25
42 26
42 28
42 31
42 34
42 41
42 43
42 54
42 59
42 60
42 62
42 63
42 64
42 67
42 68
42 70
42 74
42 75
42 76
42 85
42 86
43 65
43 67
43 70
43 73
43 74
43 75
43 76
43 16
43 59
43 52
43 85
43 54
43 23
43 25
43 26
43 27
43 28
43 62
44 16
44 23
44 25
44 26
44 27
44 28
44 34
44 41
44 43
44 52
44 54
44 59
44 62
44 63
44 65
44 67
44 70
44 73
44 74
44 75
44 76
44 85
44 86
45 65
45 67
45 86
45 70
45 73
45 74
45 43
45 76
45 16
45 59
45 75
45 52
45 85
45 54
45 23
45 25
45 26
45 27
45 28
45 62
46 65
46 67
46 70
46 73
46 74
46 43
46 76
46 16
46 59
46 75
46 52
46 85
46 54
46 23
46 27
46 62
47 64
47 34
47 67
47 68
47 31
47 41
47 43
47 76
47 28
47 18
47 86
47 25
47 26
47 75
47 60
47 63
48 64
48 68
48 18
48 83
48 60
48 29
48 31
50 64
50 34
50 67
50 68
50 31
50 41
50 43
50 76
50 28
50 18
50 86
50 23
50 25
50 26
50 75
50 60
50 63
53 16
53 23
53 25
53 26
53 27
53 28
53 41
53 43
53 52
53 54
53 59
53 62
53 63
53 65
53 67
53 70
53 73
53 74
53 75
53 76
53 85
53 86
55 18
55 23
55 25
55 26
55 28
55 31
55 34
55 41
55 43
55 54
55 59
55 60
55 62
55 63
55 64
55 67
55 68
55 70
55 74
55 75
55 76
55 85
55 86
56 18
56 23
56 25
56 26
56 28
56 31
56 34
56 41
56 43
56 54
56 59
56 60
56 62
56 63
56 64
56 67
56 68
56 70
56 74
56 75
56 76
56 85
56 86
57 18
57 23
57 25
57 26
57 28
57 31
57 34
57 41
57 43
57 54
57 59
57 60
57 62
57 63
57 64
57 67
57 68
57 70
57 74
57 75
57 76
57 85
57 86
58 16
58 23
58 25
58 26
58 27
58 28
58 41
58 43
58 52
58 54
58 59
58 62
58 63
58 65
58 67
58 70
58 73
58 74
58 75
58 76
58 85
58 86
61 65
61 67
61 70
61 73
61 74
61 43
61 76
61 16
61 59
61 75
61 52
61 85
61 54
61 23
61 25
61 26
61 27
61 28
61 62
66 16
66 18
66 23
66 25
66 26
66 28
66 34
66 41
66 43
66 52
66 54
66 59
66 60
66 62
66 63
66 67
66 70
66 73
66 74
66 75
66 76
66 85
66 86
71 64
71 34
71 67
71 68
71 31
71 41
71 43
71 76
71 28
71 18
71 86
71 25
71 26
71 75
71 60
71 63
72 16
72 18
72 23
72 25
72 26
72 28
72 34
72 41
72 43
72 52
72 54
72 59
72 60
72 62
72 63
72 67
72 70
72 73
72 74
72 75
72 76
72 85
72 86
77 64
77 68
77 5
77 83
77 29
77 31
78 64
78 34
78 67
78 68
78 31
78 41
78 43
78 76
78 28
78 18
78 86
78 23
78 25
78 26
78 75
78 60
78 63
79 18
79 23
79 25
79 26
79 28
79 31
79 34
79 41
79 43
79 54
79 59
79 60
79 62
79 63
79 64
79 67
79 68
79 70
79 74
79 75
79 76
79 85
79 86
80 64
80 34
80 67
80 68
80 86
80 31
80 41
80 43
80 76
80 28
80 18
80 54
80 23
80 25
80 26
80 75
80 60
80 62
80 63
81 64
81 34
81 67
81 68
81 86
81 31
81 41
81 43
81 76
81 28
81 18
81 54
81 23
81 25
81 26
81 75
81 60
81 62
81 63
82 64
82 34
82 68
82 41
82 18
82 86
82 31
82 60
82 29
82 63
83 64
83 34
83 68
83 41
83 18
83 31
83 60
83 29
83 63
84 64
84 34
84 67
84 68
84 41
84 76
84 28
84 18
84 86
84 25
84 26
84 31
84 60
84 63
87 65
87 67
87 70
87 73
87 74
87 43
87 76
87 16
87 59
87 75
87 52
87 85
87 54
87 23
87 25
87 26
87 27
87 28
87 62
88 64
88 34
88 67
88 68
88 31
88 41
88 43
88 76
88 28
88 18
88 86
88 23
88 25
88 26
88 75
88 60
88 63
