88
1 20
1 43
1 60
1 13
2 43
2 20
2 13
2 30
3 32
3 1
3 66
3 67
3 5
3 6
3 65
3 87
3 46
3 84
3 85
3 55
3 24
3 52
3 26
3 28
3 29
4 67
4 68
4 39
4 42
4 75
4 84
4 85
4 55
4 52
5 2
5 4
5 70
5 7
5 8
5 73
5 44
5 15
5 50
5 23
5 25
5 58
5 79
6 2
6 4
6 70
6 7
6 8
6 74
6 15
6 50
6 23
6 25
6 58
6 79
7 64
7 3
7 69
7 9
7 14
7 82
7 51
7 53
7 27
7 61
8 16
9 3
9 71
9 82
9 53
9 86
9 30
10 2
10 4
10 70
10 7
10 74
10 15
10 50
10 23
10 25
10 58
10 79
10 62
11 2
11 4
11 70
11 7
11 41
11 74
11 76
11 77
11 78
11 79
11 50
11 54
11 58
11 62
12 32
12 65
12 67
12 5
12 6
12 39
12 42
12 84
12 85
12 55
12 52
12 26
12 28
12 29
13 2
13 4
13 70
13 7
13 8
13 15
13 50
13 23
13 25
13 58
13 79
14 3
14 71
14 9
14 82
14 53
14 86
14 30
15 81
15 43
15 60
15 20
16 43
16 20
16 13
16 30
17 2
17 70
17 7
17 41
17 74
17 76
17 77
17 78
17 79
17 50
17 54
17 57
17 58
17 62
18 64
18 69
18 8
18 73
18 44
18 14
18 51
18 25
18 27
19 86
19 53
19 30
19 71
20 3
20 71
20 9
20 14
20 82
20 51
20 53
20 86
20 61
21 66
21 40
21 41
21 76
21 77
21 78
21 45
21 80
21 72
21 62
21 54
21 87
21 24
21 57
21 88
22 64
22 2
22 4
22 69
22 7
22 8
22 73
22 44
22 15
22 23
22 25
22 27
23 64
23 69
23 8
23 9
23 44
23 14
23 51
23 73
23 27
23 61
24 81
24 43
24 60
24 20
25 32
25 65
25 67
25 5
25 39
25 42
25 84
25 85
25 55
25 52
25 29
26 64
26 69
26 8
26 73
26 44
26 14
26 51
26 25
26 27
27 64
27 3
27 69
27 8
27 9
27 44
27 14
27 82
27 51
27 53
27 73
27 61
28 81
28 43
28 60
28 20
29 64
29 69
29 8
29 73
29 44
29 14
29 51
29 27
29 61
30 81
30 43
30 60
30 13
30 20
31 1
31 66
31 40
31 41
31 76
31 77
31 46
31 45
31 80
31 72
31 78
31 87
31 24
31 57
31 26
31 28
31 88
32 64
32 3
32 69
32 8
32 9
32 44
32 14
32 82
32 51
32 53
32 73
32 27
32 61
33 2
33 4
33 70
33 7
33 74
33 76
33 79
33 50
33 54
33 23
33 58
33 15
33 62
34 86
34 13
34 30
34 71
35 32
35 65
35 67
35 5
35 6
35 39
35 42
35 84
35 85
35 55
35 52
35 28
35 29
36 2
36 4
36 70
36 7
36 8
36 15
36 50
36 23
36 25
36 58
36 79
37 32
37 1
37 66
37 5
37 6
37 65
37 40
37 45
37 46
37 80
37 72
37 87
37 24
37 88
37 26
37 28
37 29
38 2
38 4
38 70
38 7
38 8
38 74
38 15
38 50
38 23
38 25
38 58
38 79
39 64
39 3
39 69
39 9
39 14
39 82
39 51
39 53
39 27
39 61
40 81
40 43
40 60
40 13
40 20
41 33
41 34
41 83
41 21
41 56
41 63
42 86
42 30
42 71
43 32
43 1
43 66
43 5
43 6
43 65
43 40
43 55
43 46
43 80
43 72
43 52
43 87
43 24
43 88
43 26
43 28
43 29
44 3
44 71
44 9
44 14
44 82
44 51
44 53
44 86
44 61
45 32
45 1
45 66
45 67
45 5
45 6
45 39
45 87
45 46
45 84
45 85
45 55
45 24
45 52
45 26
45 28
45 29
45 65
46 32
46 1
46 67
46 5
46 6
46 39
46 55
46 84
46 85
46 87
46 24
46 52
46 26
46 28
46 29
46 65
47 2
47 70
47 7
47 41
47 74
47 76
47 77
47 78
47 79
47 50
47 54
47 57
47 58
47 62
48 64
48 3
48 69
48 9
48 14
48 82
48 51
48 53
48 73
48 27
48 61
49 33
49 34
49 35
49 37
49 38
49 83
49 21
49 22
49 31
50 2
50 70
50 77
50 41
50 74
50 76
50 45
50 78
50 79
50 54
50 57
50 58
50 62
51 36
51 75
51 48
51 83
51 56
51 68
51 63
52 2
52 4
52 70
52 7
52 74
52 76
52 77
52 78
52 15
52 50
52 54
52 23
52 58
52 79
52 62
53 64
53 2
53 4
53 69
53 7
53 8
53 73
53 44
53 15
53 50
53 23
53 25
53 27
54 43
54 20
54 13
54 30
55 64
55 69
55 8
55 73
55 44
55 25
55 27
56 81
56 43
56 60
56 20
57 32
57 1
57 67
57 5
57 6
57 39
57 87
57 46
57 84
57 85
57 55
57 24
57 52
57 26
57 28
57 29
57 65
58 19
58 11
59 2
59 70
59 77
59 41
59 74
59 76
59 45
59 78
59 79
59 50
59 54
59 57
59 58
59 62
60 86
60 53
60 30
60 71
61 3
61 71
61 9
61 14
61 82
61 51
61 53
61 86
62 86
62 13
62 30
62 71
63 64
63 4
63 69
63 7
63 8
63 73
63 44
63 15
63 23
63 25
63 27
64 32
64 1
64 66
64 5
64 6
64 65
64 40
64 45
64 46
64 80
64 72
64 87
64 24
64 88
64 26
64 28
64 29
65 2
65 4
65 70
65 7
65 8
65 73
65 44
65 15
65 50
65 23
65 25
65 58
65 79
66 43
66 20
66 13
66 30
67 66
67 40
67 41
67 74
67 76
67 45
67 78
67 77
67 80
67 72
67 54
67 88
67 57
67 62
68 3
68 71
68 9
68 14
68 82
68 51
68 53
68 86
68 61
68 30
69 2
69 4
69 70
69 7
69 74
69 15
69 50
69 23
69 25
69 58
69 79
70 64
70 4
70 69
70 7
70 8
70 73
70 44
70 15
70 23
70 25
70 27
71 32
71 65
71 67
71 5
71 6
71 39
71 42
71 84
71 85
71 55
71 52
71 26
71 28
71 29
72 64
72 69
72 8
72 73
72 44
72 14
72 51
72 27
72 61
73 32
73 1
73 66
73 5
73 6
73 65
73 40
73 55
73 46
73 80
73 52
73 85
73 87
73 24
73 26
73 28
73 29
74 64
74 2
74 27
74 4
74 69
74 70
74 7
74 8
74 73
74 44
74 15
74 50
74 23
74 25
74 58
74 79
75 13
75 30
75 71
76 43
76 20
76 13
76 30
77 2
77 27
77 4
77 69
77 70
77 7
77 8
77 73
77 44
77 15
77 50
77 23
77 25
77 58
77 79
78 64
78 3
78 69
78 9
78 14
78 82
78 51
78 53
78 27
78 61
79 64
79 69
79 8
79 73
79 44
79 23
79 25
79 27
80 20
80 13
80 30
81 2
81 4
81 70
81 7
81 41
81 74
81 76
81 77
81 78
81 79
81 50
81 54
81 58
81 62
82 32
82 65
82 67
82 5
82 39
82 42
82 84
82 85
82 55
82 52
82 29
83 32
83 1
83 67
83 5
83 6
83 39
83 87
83 46
83 84
83 85
83 55
83 24
83 52
83 26
83 28
83 29
83 65
84 2
84 4
84 70
84 7
84 74
84 79
84 50
84 54
84 23
84 25
84 58
84 15
84 62
85 64
85 3
85 69
85 9
85 14
85 82
85 51
85 53
85 73
85 27
85 61
86 32
86 1
86 67
86 5
86 6
86 39
86 46
86 84
86 85
86 55
86 24
86 52
86 26
86 28
86 29
86 65
87 81
87 43
87 60
87 20
88 20
88 43
88 60
88 13
