88
1 33
1 75
1 43
1 44
1 77
1 47
1 56
1 21
1 86
1 24
1 27
1 28
1 63
2 12
2 23
3 1
3 33
3 77
3 53
3 86
3 27
3 29
4 1
4 2
4 27
4 36
4 37
4 65
4 33
4 43
4 44
4 77
4 47
4 56
4 75
4 21
4 86
4 87
4 24
4 55
4 79
4 28
4 63
5 23
5 53
5 86
5 29
6 1
6 2
6 3
6 10
6 18
6 21
6 22
6 24
6 27
6 28
6 31
6 32
6 33
6 36
6 37
6 38
6 41
6 43
6 44
6 47
6 48
6 49
6 50
6 55
6 56
6 57
6 59
6 63
6 65
6 68
6 75
6 78
6 79
6 83
6 87
7 1
7 77
7 53
7 86
7 29
8 16
9 1
9 2
9 3
9 10
9 21
9 22
9 24
9 27
9 28
9 32
9 33
9 36
9 37
9 38
9 41
9 43
9 44
9 47
9 48
9 49
9 50
9 55
9 56
9 57
9 59
9 63
9 65
9 68
9 75
9 77
9 78
9 79
9 83
9 87
10 12
11 12
12 81
12 74
12 52
12 82
12 15
13 23
13 12
13 53
13 29
14 1
14 2
14 21
14 24
14 27
14 28
14 33
14 36
14 37
14 41
14 43
14 44
14 47
14 48
14 55
14 56
14 57
14 59
14 63
14 65
14 75
14 77
14 78
14 79
14 83
14 86
14 87
17 64
17 7
17 72
17 73
17 74
17 81
17 82
17 25
17 58
17 26
17 30
18 4
18 5
18 6
18 11
18 14
18 19
18 26
18 30
18 39
18 40
18 45
18 46
18 58
18 61
18 62
18 64
18 66
18 67
18 69
18 70
18 71
18 72
18 73
18 76
18 80
18 84
18 85
18 88
19 81
19 82
19 52
19 15
21 1
21 33
21 43
21 77
21 53
21 86
21 27
21 28
21 29
22 12
22 23
23 8
23 17
24 3
24 4
24 5
24 6
24 9
24 10
24 11
24 14
24 18
24 19
24 22
24 31
24 32
24 34
24 35
24 38
24 39
24 40
24 41
24 42
24 45
24 46
24 49
24 50
24 54
24 57
24 59
24 60
24 61
24 62
24 66
24 67
24 68
24 69
24 70
24 71
24 76
24 80
24 83
24 84
24 85
24 88
25 1
25 77
25 53
25 86
25 29
26 12
26 23
27 1
27 2
27 21
27 24
27 28
27 33
27 36
27 37
27 41
27 43
27 44
27 47
27 48
27 55
27 56
27 57
27 59
27 63
27 65
27 75
27 77
27 78
27 79
27 83
27 86
27 87
28 1
28 2
28 3
28 10
28 18
28 21
28 22
28 24
28 27
28 31
28 32
28 33
28 34
28 35
28 36
28 37
28 38
28 41
28 42
28 43
28 44
28 47
28 48
28 49
28 50
28 54
28 55
28 56
28 57
28 59
28 60
28 63
28 65
28 68
28 75
28 78
28 79
28 83
28 87
29 1
29 77
29 53
29 86
29 33
30 23
30 12
30 53
30 29
31 23
31 53
31 86
31 29
32 1
32 33
32 43
32 77
32 53
32 86
32 56
32 27
32 28
32 29
33 1
33 77
33 53
33 86
33 27
33 29
34 23
34 53
34 29
35 23
35 12
35 53
35 29
36 1
36 2
36 10
36 21
36 22
36 24
36 27
36 28
36 32
36 33
36 37
36 38
36 41
36 43
36 44
36 47
36 48
36 49
36 50
36 55
36 56
36 57
36 59
36 63
36 65
36 68
36 75
36 77
36 78
36 79
36 83
36 87
37 1
37 27
37 33
37 65
37 43
37 44
37 77
37 47
37 56
37 75
37 21
37 86
37 87
37 24
37 79
37 28
37 63
38 1
38 27
38 37
38 65
38 43
38 44
38 77
38 47
38 56
38 75
38 21
38 86
38 87
38 24
38 33
38 79
38 28
38 63
39 1
39 33
39 77
39 53
39 86
39 29
40 1
40 33
40 77
40 53
40 86
40 27
40 29
41 1
41 33
41 77
41 53
41 86
41 29
42 1
42 33
42 43
42 77
42 24
42 53
42 86
42 56
42 27
42 28
42 29
43 1
43 33
43 77
43 53
43 86
43 56
43 27
43 28
43 29
44 1
44 33
44 77
44 53
44 86
44 27
44 29
46 12
46 23
47 29
47 77
47 86
47 53
48 1
48 33
48 77
48 53
48 86
48 27
48 28
48 29
49 23
49 29
49 77
49 86
49 53
50 1
50 33
50 43
50 77
50 53
50 86
50 56
50 27
50 28
50 29
51 12
51 23
53 2
53 3
53 9
53 10
53 18
53 21
53 22
53 24
53 27
53 28
53 31
53 32
53 33
53 34
53 35
53 36
53 37
53 38
53 41
53 42
53 43
53 44
53 47
53 48
53 49
53 50
53 54
53 55
53 56
53 57
53 59
53 60
53 63
53 65
53 68
53 75
53 78
53 79
53 83
53 87
54 1
54 33
54 77
54 53
54 86
54 27
54 28
54 29
55 2
55 3
55 9
55 10
55 18
55 21
55 22
55 24
55 27
55 28
55 31
55 32
55 33
55 34
55 35
55 36
55 37
55 38
55 41
55 42
55 43
55 44
55 47
55 48
55 49
55 50
55 54
55 56
55 57
55 59
55 60
55 63
55 65
55 68
55 75
55 78
55 79
55 83
55 87
56 2
56 3
56 4
56 9
56 10
56 18
56 21
56 22
56 24
56 27
56 28
56 31
56 32
56 34
56 35
56 36
56 37
56 38
56 41
56 42
56 43
56 44
56 47
56 48
56 49
56 50
56 54
56 55
56 57
56 59
56 60
56 63
56 65
56 66
56 68
56 71
56 75
56 78
56 79
56 80
56 83
56 87
57 1
57 2
57 10
57 21
57 24
57 27
57 28
57 32
57 33
57 36
57 37
57 38
57 41
57 43
57 44
57 47
57 48
57 49
57 50
57 55
57 56
57 59
57 63
57 65
57 75
57 77
57 78
57 79
57 83
57 87
59 5
59 6
59 7
59 11
59 14
59 19
59 25
59 26
59 30
59 40
59 45
59 46
59 58
59 62
59 64
59 69
59 72
59 73
59 76
59 84
59 85
59 88
60 1
60 27
60 37
60 65
60 43
60 44
60 77
60 47
60 56
60 75
60 21
60 86
60 87
60 24
60 33
60 79
60 28
60 63
61 1
61 2
61 10
61 21
61 24
61 27
61 28
61 33
61 36
61 37
61 41
61 43
61 44
61 47
61 48
61 49
61 55
61 56
61 57
61 59
61 63
61 65
61 75
61 77
61 78
61 79
61 83
61 87
62 23
62 53
62 86
62 29
63 23
63 12
63 53
63 29
64 23
64 53
64 86
64 29
65 1
65 33
65 43
65 44
65 77
65 47
65 56
65 21
65 86
65 24
65 27
65 28
65 29
65 53
66 12
66 23
67 1
67 33
67 43
67 77
67 24
67 53
67 86
67 56
67 27
67 28
67 29
68 1
68 33
68 43
68 77
68 24
68 53
68 86
68 56
68 27
68 28
68 29
69 12
70 23
70 53
70 86
70 29
71 23
71 53
71 86
71 29
72 12
72 23
73 12
73 23
75 1
75 33
75 43
75 44
75 77
75 47
75 56
75 21
75 86
75 24
75 27
75 28
75 29
75 53
76 23
76 12
76 53
76 29
77 53
77 86
77 29
78 1
78 33
78 77
78 53
78 86
78 27
78 29
79 1
79 33
79 43
79 77
79 47
79 24
79 53
79 86
79 56
79 27
79 28
79 29
80 23
80 29
80 77
80 86
80 53
81 23
81 53
81 86
81 29
83 12
83 23
84 23
84 12
84 53
84 29
85 23
85 53
85 86
85 29
86 1
86 33
86 77
86 53
86 27
86 28
86 29
87 1
87 33
87 77
87 53
87 86
87 29
88 1
88 33
88 77
88 53
88 86
88 27
88 28
88 29
