88
1 33
1 34
1 67
1 77
1 71
1 72
1 41
1 10
1 23
1 66
1 78
1 45
1 81
1 83
1 73
1 56
1 25
1 79
2 36
2 37
2 39
2 40
2 76
2 43
2 44
2 48
2 49
2 22
2 87
2 88
2 58
2 30
2 63
3 36
3 37
3 40
3 76
3 43
3 44
3 48
3 49
3 22
3 87
3 88
3 58
3 30
3 63
4 6
4 7
4 8
4 13
4 19
4 20
4 86
4 59
5 6
5 7
5 8
5 13
5 19
5 86
5 59
6 64
6 68
6 9
6 11
6 12
6 14
6 15
6 80
6 52
6 85
6 54
6 26
6 28
6 53
6 21
7 33
7 2
7 67
7 71
7 72
7 41
7 10
7 23
7 66
7 78
7 77
7 34
7 81
7 83
7 27
7 73
7 56
7 25
7 79
7 42
8 20
8 13
8 6
8 7
9 8
9 20
9 13
9 6
9 7
10 6
10 7
10 50
10 20
10 57
10 60
11 64
11 16
11 70
11 9
11 12
11 14
11 15
11 80
11 52
11 21
11 54
11 26
11 28
11 53
12 6
12 7
12 8
12 13
12 19
12 86
12 59
13 6
13 7
13 8
13 19
13 86
13 59
14 64
14 70
14 38
14 9
14 12
14 28
14 15
14 16
14 50
14 52
14 21
14 54
14 57
14 60
15 6
15 7
15 8
15 13
15 19
15 86
15 59
16 70
16 6
16 7
16 50
16 20
16 57
16 38
16 60
17 59
17 19
17 86
18 8
18 59
18 19
18 13
18 86
19 70
19 38
19 7
19 16
19 50
19 20
19 57
19 6
19 60
20 57
20 50
20 60
20 6
20 7
21 70
21 38
21 28
21 16
21 50
21 20
21 57
21 60
22 33
22 34
22 43
22 36
22 37
22 39
22 41
22 71
22 76
22 77
22 45
22 87
22 49
22 83
22 73
22 23
22 25
22 58
22 79
22 30
23 8
23 59
23 19
23 13
23 86
24 70
24 38
24 7
24 16
24 50
24 20
24 57
24 6
24 60
25 8
25 59
25 19
25 13
25 86
26 2
26 3
26 5
26 10
26 11
26 24
26 27
26 42
26 46
26 51
26 53
26 56
26 61
26 62
26 65
26 66
26 67
26 68
26 69
26 72
26 74
26 75
26 78
26 80
26 85
27 70
27 38
27 28
27 16
27 50
27 20
27 21
27 57
27 60
28 1
28 18
28 4
28 55
29 64
29 68
29 9
29 11
29 12
29 14
29 15
29 80
29 52
29 85
29 54
29 26
29 28
29 53
29 21
30 2
30 3
30 5
30 9
30 11
30 14
30 24
30 26
30 27
30 42
30 46
30 51
30 53
30 61
30 62
30 65
30 66
30 68
30 69
30 74
30 75
30 80
30 85
31 6
31 7
31 8
31 13
31 19
31 86
31 59
32 64
32 70
32 38
32 9
32 12
32 14
32 15
32 16
32 52
32 21
32 54
32 28
32 53
33 70
33 6
33 7
33 50
33 20
33 57
33 38
33 60
34 64
34 16
34 70
34 38
34 9
34 12
34 14
34 15
34 80
34 52
34 21
34 54
34 28
34 53
35 6
35 7
35 8
35 13
35 19
35 86
35 59
36 2
36 3
36 5
36 10
36 23
36 24
36 27
36 34
36 42
36 46
36 51
36 56
36 61
36 62
36 65
36 66
36 67
36 69
36 71
36 72
36 74
36 75
36 77
36 78
36 81
36 83
37 82
38 84
39 64
39 70
39 38
39 28
39 12
39 15
39 16
39 50
39 52
39 21
39 54
39 57
39 60
40 33
40 36
40 37
40 39
40 41
40 43
40 44
40 45
40 79
40 76
40 49
40 22
40 73
40 88
40 25
40 87
40 58
40 30
41 84
42 82
42 84
43 70
43 6
43 7
43 50
43 20
43 57
43 38
43 60
44 2
44 3
44 5
44 10
44 23
44 24
44 27
44 42
44 46
44 51
44 56
44 61
44 62
44 65
44 66
44 67
44 68
44 69
44 71
44 72
44 74
44 75
44 77
44 78
44 81
44 85
45 84
46 8
46 20
46 13
46 6
46 7
47 8
47 20
47 13
47 6
47 7
48 2
48 3
48 5
48 71
48 72
48 73
48 10
48 67
48 66
48 46
48 77
48 34
48 81
48 83
48 78
48 27
48 23
48 56
48 25
48 79
48 42
49 70
49 38
49 16
49 50
49 20
49 57
49 6
49 60
50 33
50 34
50 67
50 77
50 71
50 72
50 41
50 10
50 23
50 45
50 78
50 79
50 81
50 83
50 73
50 56
50 25
51 33
51 2
51 67
51 71
51 72
51 41
51 10
51 23
51 66
51 78
51 77
51 34
51 81
51 83
51 27
51 73
51 56
51 25
51 79
51 42
52 64
52 70
52 38
52 28
52 9
52 12
52 14
52 15
52 16
52 50
52 21
52 54
52 57
52 60
53 6
53 7
53 8
53 13
53 19
53 86
53 59
54 6
54 7
54 8
54 13
54 19
54 86
54 59
55 82
56 84
57 64
57 70
57 38
57 9
57 12
57 14
57 15
57 16
57 52
57 21
57 54
57 28
58 82
59 1
59 18
59 4
60 42
60 65
60 2
60 3
60 5
60 71
60 72
60 10
60 67
60 66
60 46
60 77
60 34
60 81
60 83
60 78
60 23
60 56
60 25
60 27
60 74
61 64
61 70
61 38
61 9
61 12
61 14
61 15
61 16
61 50
61 52
61 21
61 54
61 57
61 28
62 70
62 38
62 28
62 12
62 16
62 50
62 20
62 21
62 57
62 60
63 84
64 82
65 70
65 38
65 28
65 16
65 50
65 20
65 21
65 57
65 60
66 64
66 16
66 70
66 9
66 11
66 12
66 14
66 15
66 80
66 52
66 21
66 54
66 26
66 28
66 53
67 64
67 70
67 38
67 28
67 12
67 15
67 16
67 50
67 52
67 21
67 54
67 57
67 60
68 8
68 20
68 13
68 6
68 7
69 7
69 8
69 13
69 19
69 86
69 59
70 32
70 35
70 47
70 48
70 55
70 29
70 31
71 7
71 8
71 13
71 19
71 86
71 59
72 6
72 7
72 8
72 13
72 19
72 86
72 59
73 6
73 7
73 8
73 13
73 19
73 20
73 86
73 59
74 70
74 38
74 16
74 50
74 20
74 57
74 6
74 60
75 33
75 34
75 87
75 36
75 39
75 41
75 71
75 76
75 77
75 45
75 81
75 83
75 73
75 23
75 25
75 58
75 79
75 30
76 2
76 3
76 5
76 10
76 11
76 24
76 26
76 27
76 42
76 46
76 51
76 56
76 61
76 62
76 65
76 66
76 67
76 68
76 69
76 72
76 74
76 75
76 78
76 85
77 64
77 70
77 38
77 9
77 12
77 14
77 15
77 16
77 52
77 21
77 54
77 28
78 2
78 3
78 5
78 9
78 11
78 14
78 24
78 26
78 27
78 42
78 46
78 51
78 53
78 61
78 62
78 65
78 66
78 68
78 69
78 74
78 75
78 80
78 85
79 6
79 7
79 8
79 13
79 19
79 86
79 59
80 64
80 70
80 38
80 9
80 12
80 14
80 15
80 16
80 50
80 52
80 21
80 54
80 28
81 70
81 38
81 28
81 16
81 50
81 20
81 21
81 57
81 60
82 64
82 16
82 9
82 11
82 12
82 14
82 15
82 80
82 52
82 21
82 54
82 26
82 28
82 53
83 64
83 70
83 38
83 28
83 9
83 12
83 14
83 15
83 16
83 50
83 52
83 21
83 54
83 57
83 60
84 35
84 40
84 44
84 47
84 48
84 22
84 88
84 29
84 63
85 32
85 35
85 4
85 55
85 29
85 31
86 1
86 18
86 4
86 55
87 8
87 20
87 13
87 6
87 7
88 70
88 38
88 28
88 16
88 50
88 20
88 21
88 57
88 60
