88
1 67
1 3
1 5
1 7
1 41
1 10
1 75
1 14
1 24
1 51
1 52
1 53
1 73
1 87
1 23
1 20
1 30
2 1
2 67
2 3
2 5
2 7
2 41
2 10
2 75
2 14
2 24
2 51
2 52
2 53
2 73
2 87
2 23
2 20
2 30
4 1
4 67
4 3
4 5
4 7
4 41
4 10
4 75
4 14
4 24
4 51
4 52
4 53
4 73
4 87
4 23
4 20
4 30
6 1
6 67
6 3
6 5
6 7
6 41
6 10
6 75
6 14
6 24
6 51
6 52
6 53
6 73
6 87
6 23
6 20
6 30
7 1
7 67
7 3
7 5
7 41
7 10
7 75
7 14
7 24
7 51
7 52
7 53
7 73
7 87
7 23
7 20
7 30
8 1
8 67
8 3
8 5
8 7
8 41
8 75
8 14
8 51
8 52
8 23
8 24
8 20
8 30
9 1
9 67
9 3
9 5
9 7
9 41
9 75
9 14
9 24
9 51
9 52
9 53
9 73
9 87
9 23
9 20
9 30
11 1
11 67
11 3
11 5
11 7
11 41
11 75
11 14
11 24
11 51
11 52
11 53
11 73
11 87
11 23
11 20
11 30
12 1
12 67
12 3
12 5
12 7
12 41
12 10
12 75
12 14
12 24
12 51
12 52
12 53
12 73
12 87
12 23
12 20
12 30
13 1
13 67
13 3
13 5
13 7
13 41
13 75
13 14
13 24
13 51
13 52
13 53
13 73
13 87
13 23
13 20
13 30
17 1
17 67
17 3
17 5
17 7
17 41
17 10
17 75
17 14
17 24
17 51
17 52
17 53
17 73
17 87
17 23
17 20
17 30
21 1
21 67
21 3
21 5
21 7
21 41
21 10
21 75
21 14
21 24
21 51
21 52
21 53
21 73
21 87
21 23
21 20
21 30
22 1
22 67
22 3
22 5
22 7
22 41
22 10
22 75
22 14
22 24
22 51
22 52
22 53
22 73
22 87
22 23
22 20
22 30
26 1
26 67
26 3
26 5
26 7
26 41
26 10
26 75
26 14
26 24
26 51
26 52
26 53
26 73
26 87
26 23
26 20
26 30
29 1
29 67
29 3
29 5
29 7
29 41
29 10
29 75
29 14
29 24
29 51
29 52
29 53
29 73
29 87
29 23
29 20
29 30
33 1
33 67
33 3
33 5
33 7
33 41
33 10
33 75
33 14
33 24
33 51
33 52
33 53
33 73
33 87
33 23
33 20
33 30
34 1
34 67
34 3
34 5
34 7
34 41
34 10
34 75
34 14
34 24
34 51
34 52
34 53
34 73
34 87
34 23
34 20
34 30
35 1
35 67
35 3
35 5
35 7
35 41
35 10
35 75
35 14
35 24
35 51
35 52
35 53
35 73
35 87
35 23
35 20
35 30
38 1
38 67
38 3
38 5
38 7
38 41
38 10
38 75
38 14
38 24
38 51
38 52
38 53
38 73
38 87
38 23
38 20
38 30
42 1
42 67
42 3
42 5
42 7
42 41
42 10
42 75
42 14
42 24
42 51
42 52
42 53
42 73
42 87
42 23
42 20
42 30
43 1
43 67
43 3
43 5
43 7
43 41
43 10
43 75
43 14
43 24
43 51
43 52
43 53
43 73
43 87
43 23
43 20
43 30
44 1
44 67
44 3
44 5
44 7
44 41
44 10
44 75
44 14
44 24
44 51
44 52
44 53
44 73
44 87
44 23
44 20
44 30
45 1
45 67
45 3
45 5
45 7
45 41
45 10
45 75
45 14
45 24
45 51
45 52
45 53
45 73
45 87
45 23
45 20
45 30
46 1
46 67
46 3
46 5
46 7
46 41
46 75
46 14
46 24
46 51
46 52
46 53
46 73
46 87
46 23
46 20
46 30
47 1
47 67
47 3
47 5
47 7
47 41
47 10
47 75
47 14
47 24
47 51
47 52
47 53
47 73
47 87
47 23
47 20
47 30
48 1
48 67
48 3
48 5
48 7
48 41
48 10
48 75
48 14
48 24
48 51
48 52
48 53
48 73
48 87
48 23
48 20
48 30
49 1
49 67
49 3
49 5
49 7
49 41
49 10
49 75
49 14
49 24
49 51
49 52
49 53
49 73
49 87
49 23
49 20
49 30
50 1
50 67
50 3
50 5
50 7
50 41
50 10
50 75
50 14
50 24
50 51
50 52
50 53
50 73
50 87
50 23
50 20
50 30
54 1
54 67
54 3
54 5
54 7
54 41
54 10
54 75
54 14
54 24
54 51
54 52
54 53
54 73
54 87
54 23
54 20
54 30
55 1
55 67
55 3
55 5
55 7
55 41
55 10
55 75
55 14
55 24
55 51
55 52
55 53
55 73
55 87
55 23
55 20
55 30
56 1
56 67
56 3
56 5
56 7
56 41
56 10
56 75
56 14
56 24
56 51
56 52
56 53
56 73
56 87
56 23
56 20
56 30
57 1
57 67
57 3
57 5
57 7
57 41
57 10
57 75
57 14
57 24
57 51
57 52
57 53
57 73
57 87
57 23
57 20
57 30
58 1
58 67
58 3
58 5
58 7
58 41
58 10
58 75
58 14
58 24
58 51
58 52
58 53
58 73
58 87
58 23
58 20
58 30
59 1
59 67
59 3
59 5
59 7
59 41
59 10
59 75
59 14
59 24
59 51
59 52
59 53
59 73
59 87
59 23
59 20
59 30
60 1
60 67
60 3
60 5
60 7
60 41
60 75
60 14
60 24
60 51
60 52
60 53
60 73
60 87
60 23
60 20
60 30
61 1
61 67
61 3
61 5
61 7
61 41
61 10
61 75
61 14
61 24
61 51
61 52
61 53
61 73
61 87
61 23
61 20
61 30
62 1
62 67
62 3
62 5
62 7
62 41
62 10
62 75
62 14
62 24
62 51
62 52
62 53
62 73
62 87
62 23
62 20
62 30
63 1
63 67
63 3
63 5
63 7
63 41
63 10
63 75
63 14
63 24
63 51
63 52
63 53
63 73
63 87
63 23
63 20
63 30
64 1
64 67
64 3
64 5
64 7
64 41
64 10
64 75
64 14
64 24
64 51
64 52
64 53
64 73
64 87
64 23
64 20
64 30
65 1
65 67
65 3
65 5
65 7
65 41
65 10
65 75
65 14
65 24
65 51
65 52
65 53
65 73
65 87
65 23
65 20
65 30
66 1
66 67
66 3
66 5
66 7
66 41
66 10
66 75
66 14
66 24
66 51
66 52
66 53
66 73
66 87
66 23
66 20
66 30
68 1
68 67
68 3
68 5
68 7
68 41
68 10
68 75
68 14
68 24
68 51
68 52
68 53
68 73
68 87
68 23
68 20
68 30
69 1
69 67
69 3
69 5
69 7
69 41
69 10
69 75
69 14
69 24
69 51
69 52
69 53
69 73
69 87
69 23
69 20
69 30
72 1
72 67
72 3
72 5
72 7
72 41
72 10
72 75
72 14
72 24
72 51
72 52
72 53
72 73
72 87
72 23
72 20
72 30
77 1
77 67
77 3
77 5
77 7
77 41
77 10
77 75
77 14
77 24
77 51
77 52
77 53
77 73
77 87
77 23
77 20
77 30
79 1
79 67
79 3
79 5
79 7
79 41
79 10
79 75
79 14
79 24
79 51
79 52
79 53
79 73
79 87
79 23
79 20
79 30
80 1
80 67
80 3
80 5
80 7
80 41
80 10
80 75
80 14
80 24
80 51
80 52
80 53
80 73
80 87
80 23
80 20
80 30
83 1
83 67
83 3
83 5
83 7
83 41
83 10
83 75
83 14
83 24
83 51
83 52
83 53
83 73
83 87
83 23
83 20
83 30
85 1
85 3
85 5
85 7
85 51
85 20
85 23
85 24
85 30
86 1
86 67
86 3
86 5
86 7
86 41
86 10
86 75
86 14
86 24
86 51
86 52
86 53
86 73
86 87
86 23
86 20
86 30
