88
3 2
3 4
3 5
3 18
3 19
3 27
3 29
3 30
3 33
3 35
3 36
3 39
3 41
3 43
3 45
3 48
3 49
3 57
3 58
3 59
3 60
3 63
3 69
3 70
3 73
3 77
3 84
3 87
3 88
5 2
5 3
5 4
5 9
5 14
5 18
5 29
5 31
5 33
5 37
5 45
5 47
5 49
5 50
5 53
5 57
5 60
5 70
5 72
5 73
5 77
5 81
5 84
5 86
5 87
6 1
6 3
6 38
6 12
6 13
6 47
6 51
6 21
6 86
6 79
6 62
6 31
9 2
9 4
9 5
9 18
9 19
9 27
9 29
9 30
9 33
9 35
9 36
9 39
9 41
9 43
9 45
9 48
9 49
9 57
9 58
9 59
9 60
9 63
9 69
9 70
9 73
9 77
9 84
9 87
9 88
11 2
11 4
11 5
11 9
11 18
11 19
11 27
11 29
11 30
11 33
11 35
11 36
11 41
11 43
11 45
11 48
11 49
11 57
11 58
11 59
11 60
11 63
11 69
11 70
11 73
11 77
11 84
11 87
11 88
12 2
12 3
12 4
12 5
12 9
12 13
12 14
12 18
12 29
12 31
12 37
12 47
12 49
12 50
12 53
12 60
12 62
12 72
12 73
12 79
12 81
12 86
15 10
17 7
22 2
22 5
22 19
22 24
22 27
22 30
22 32
22 33
22 35
22 36
22 39
22 41
22 43
22 45
22 46
22 48
22 57
22 58
22 59
22 63
22 69
22 70
22 73
22 77
22 78
22 84
22 87
22 88
28 18
28 3
28 4
28 37
28 49
28 72
28 9
28 13
28 14
28 47
28 81
28 50
28 53
28 86
28 79
28 60
28 29
28 62
28 31
30 8
30 10
30 20
30 26
30 61
31 2
31 4
31 5
31 9
31 18
31 19
31 27
31 29
31 30
31 33
31 35
31 36
31 43
31 45
31 48
31 49
31 57
31 58
31 59
31 60
31 63
31 69
31 70
31 73
31 77
31 84
31 87
31 88
32 1
32 38
32 6
32 65
32 74
32 12
32 13
32 79
32 83
32 21
32 62
32 51
34 1
34 3
34 38
34 6
34 74
34 12
34 13
34 47
34 51
34 21
34 79
34 62
34 31
35 2
35 3
35 4
35 5
35 9
35 13
35 14
35 18
35 29
35 31
35 37
35 45
35 47
35 49
35 50
35 53
35 60
35 62
35 70
35 72
35 73
35 79
35 81
35 84
35 86
35 87
36 2
36 4
36 5
36 9
36 14
36 18
36 19
36 27
36 29
36 33
36 35
36 37
36 45
36 49
36 50
36 53
36 57
36 60
36 63
36 70
36 72
36 73
36 77
36 81
36 84
36 87
37 2
37 3
37 4
37 5
37 9
37 14
37 18
37 29
37 31
37 33
37 45
37 47
37 49
37 50
37 53
37 57
37 60
37 70
37 72
37 73
37 77
37 79
37 81
37 84
37 86
37 87
38 2
38 3
38 4
38 5
38 9
38 14
38 18
38 29
38 31
38 33
38 37
38 45
38 47
38 49
38 50
38 53
38 57
38 60
38 70
38 72
38 73
38 77
38 79
38 81
38 84
38 86
38 87
39 2
39 3
39 4
39 5
39 9
39 14
39 18
39 29
39 31
39 33
39 35
39 37
39 45
39 47
39 49
39 50
39 53
39 57
39 60
39 70
39 72
39 73
39 77
39 81
39 84
39 86
39 87
40 1
40 38
40 6
40 71
40 74
40 12
40 83
40 21
40 51
40 65
42 2
42 4
42 5
42 9
42 18
42 19
42 27
42 29
42 30
42 33
42 35
42 36
42 41
42 43
42 45
42 48
42 49
42 57
42 58
42 59
42 60
42 63
42 69
42 70
42 73
42 77
42 84
42 87
42 88
43 2
43 4
43 5
43 9
43 18
43 19
43 27
43 29
43 30
43 33
43 35
43 36
43 45
43 48
43 49
43 57
43 58
43 60
43 63
43 69
43 70
43 73
43 77
43 84
43 87
44 2
44 3
44 4
44 37
44 49
44 72
44 9
44 18
44 13
44 14
44 47
44 81
44 50
44 53
44 86
44 79
44 60
44 29
44 62
44 31
46 18
46 3
46 37
46 38
46 49
46 72
46 9
46 13
46 14
46 47
46 81
46 50
46 53
46 86
46 79
46 60
46 62
46 31
48 2
48 3
48 4
48 5
48 9
48 14
48 18
48 29
48 31
48 33
48 35
48 37
48 45
48 47
48 49
48 50
48 53
48 57
48 60
48 70
48 72
48 73
48 77
48 81
48 84
48 86
48 87
50 2
50 3
50 4
50 5
50 9
50 14
50 18
50 29
50 31
50 33
50 37
50 45
50 47
50 49
50 53
50 57
50 60
50 62
50 70
50 72
50 73
50 77
50 79
50 81
50 84
50 86
50 87
51 2
51 4
51 5
51 9
51 14
51 18
51 19
51 27
51 29
51 33
51 35
51 37
51 45
51 49
51 50
51 53
51 57
51 60
51 63
51 70
51 72
51 73
51 77
51 81
51 84
51 87
52 65
52 66
52 51
52 71
52 74
52 82
52 83
52 21
52 25
52 26
52 61
52 85
59 2
59 3
59 4
59 5
59 9
59 14
59 18
59 27
59 29
59 33
59 35
59 37
59 45
59 49
59 50
59 53
59 57
59 60
59 63
59 70
59 72
59 73
59 77
59 81
59 84
59 86
59 87
62 2
62 4
62 5
62 19
62 27
62 29
62 30
62 33
62 35
62 36
62 39
62 41
62 43
62 45
62 48
62 57
62 58
62 59
62 60
62 63
62 69
62 70
62 73
62 77
62 78
62 84
62 87
62 88
63 1
63 38
63 6
63 71
63 74
63 12
63 13
63 79
63 83
63 21
63 51
63 62
63 65
64 8
64 10
64 82
64 20
64 26
64 61
66 2
66 4
66 5
66 9
66 14
66 18
66 19
66 27
66 29
66 30
66 33
66 35
66 36
66 43
66 45
66 48
66 49
66 57
66 58
66 60
66 63
66 69
66 70
66 72
66 73
66 77
66 84
66 87
67 2
67 3
67 4
67 37
67 49
67 72
67 9
67 18
67 13
67 14
67 47
67 81
67 50
67 53
67 86
67 79
67 60
67 29
67 62
67 31
68 1
68 38
68 6
68 71
68 74
68 12
68 83
68 21
68 25
68 51
68 85
68 65
69 2
69 4
69 5
69 19
69 24
69 27
69 29
69 30
69 32
69 33
69 35
69 36
69 39
69 41
69 43
69 45
69 48
69 57
69 58
69 59
69 63
69 70
69 73
69 77
69 78
69 84
69 87
69 88
73 1
73 3
73 37
73 6
73 72
73 38
73 12
73 13
73 14
73 47
73 81
73 50
73 53
73 86
73 79
73 62
73 31
75 1
75 3
75 38
75 6
75 31
75 74
75 12
75 13
75 47
75 83
75 21
75 79
75 62
75 51
76 1
76 66
76 6
76 71
76 74
76 12
76 83
76 21
76 25
76 51
76 85
76 65
80 2
80 3
80 4
80 5
80 9
80 14
80 18
80 29
80 31
80 33
80 35
80 37
80 45
80 49
80 50
80 53
80 57
80 60
80 70
80 72
80 73
80 77
80 81
80 84
80 86
80 87
83 2
83 4
83 5
83 9
83 14
83 18
83 19
83 27
83 29
83 30
83 33
83 35
83 36
83 43
83 45
83 48
83 49
83 57
83 58
83 60
83 63
83 69
83 70
83 72
83 73
83 77
83 84
83 87
84 2
84 4
84 5
84 9
84 14
84 18
84 19
84 27
84 29
84 33
84 35
84 36
84 37
84 43
84 45
84 49
84 57
84 58
84 60
84 63
84 69
84 70
84 72
84 73
84 77
84 87
86 18
86 3
86 37
86 49
86 72
86 9
86 13
86 14
86 47
86 81
86 50
86 53
86 79
86 60
86 62
86 31
