88
1 2
1 67
1 36
1 5
1 38
1 7
1 76
1 11
1 44
1 66
1 14
1 13
1 84
1 78
1 86
1 87
1 39
1 26
1 59
3 2
3 36
3 5
3 38
3 7
3 11
3 44
3 66
3 14
3 13
3 50
3 84
3 78
3 87
3 26
3 59
4 2
4 36
4 5
4 38
4 7
4 11
4 44
4 66
4 14
4 13
4 50
4 84
4 78
4 87
4 26
4 59
6 2
6 36
6 38
6 7
6 11
6 66
6 14
6 17
6 50
6 51
6 84
6 78
15 17
15 2
15 51
15 50
16 2
16 38
16 7
16 11
16 66
16 17
16 50
16 51
16 84
17 2
17 36
17 5
17 38
17 7
17 11
17 44
17 66
17 14
17 13
17 50
17 84
17 78
17 87
17 26
17 59
18 17
18 51
19 2
19 67
19 36
19 5
19 38
19 7
19 40
19 76
19 66
19 11
19 44
19 13
19 14
19 52
19 78
19 86
19 87
19 84
19 26
19 59
19 39
20 2
20 67
20 36
20 5
20 38
20 7
20 40
20 76
20 66
20 11
20 44
20 13
20 14
20 52
20 78
20 86
20 87
20 84
20 26
20 59
20 39
22 17
22 2
22 51
22 50
23 2
23 67
23 36
23 5
23 38
23 7
23 76
23 11
23 44
23 66
23 14
23 13
23 50
23 84
23 78
23 86
23 87
23 26
23 59
24 66
24 67
24 36
24 5
24 38
24 7
24 40
24 76
24 11
24 44
24 13
24 14
24 52
24 78
24 86
24 87
24 84
24 26
24 59
24 39
25 2
25 36
25 5
25 38
25 7
25 11
25 44
25 66
25 14
25 13
25 50
25 84
25 78
25 87
25 26
25 59
27 2
27 36
27 5
27 38
27 7
27 11
27 66
27 14
27 13
27 17
27 50
27 84
27 78
27 26
28 2
28 36
28 38
28 7
28 11
28 66
28 14
28 17
28 50
28 51
28 84
28 78
29 51
30 17
30 51
31 2
31 36
31 5
31 38
31 7
31 11
31 44
31 66
31 14
31 13
31 17
31 50
31 84
31 78
31 87
31 26
31 59
32 2
32 67
32 36
32 5
32 38
32 7
32 76
32 11
32 44
32 66
32 14
32 13
32 50
32 84
32 78
32 86
32 87
32 39
32 26
32 59
34 2
34 38
34 7
34 66
34 17
34 50
34 51
34 84
35 2
35 67
35 36
35 5
35 38
35 7
35 76
35 11
35 44
35 66
35 14
35 13
35 50
35 84
35 78
35 86
35 87
35 39
35 26
35 59
36 66
36 67
36 5
36 38
36 7
36 40
36 44
36 11
36 76
36 13
36 14
36 52
36 78
36 86
36 87
36 84
36 26
36 59
36 39
37 2
37 36
37 5
37 38
37 7
37 11
37 66
37 14
37 13
37 17
37 50
37 84
37 78
37 26
41 2
41 36
41 38
41 7
41 11
41 66
41 14
41 17
41 50
41 51
41 84
41 78
42 2
42 67
42 36
42 5
42 38
42 7
42 40
42 76
42 66
42 11
42 44
42 13
42 14
42 52
42 78
42 86
42 87
42 84
42 26
42 59
42 39
43 2
43 36
43 5
43 38
43 7
43 11
43 66
43 14
43 13
43 17
43 50
43 84
43 78
43 26
45 2
45 36
45 5
45 38
45 7
45 11
45 66
45 14
45 13
45 17
45 50
45 84
45 78
45 87
45 26
45 59
46 17
46 2
46 51
46 50
47 2
47 36
47 5
47 38
47 7
47 11
47 44
47 66
47 14
47 13
47 50
47 84
47 78
47 87
47 26
47 59
48 2
48 67
48 36
48 5
48 38
48 7
48 40
48 76
48 66
48 11
48 44
48 13
48 14
48 52
48 78
48 86
48 87
48 84
48 26
48 59
48 39
49 2
49 36
49 5
49 38
49 7
49 11
49 44
49 66
49 14
49 13
49 50
49 84
49 78
49 87
49 26
49 59
50 2
50 67
50 36
50 5
50 38
50 7
50 40
50 76
50 66
50 11
50 44
50 13
50 14
50 52
50 78
50 86
50 87
50 84
50 26
50 59
50 39
53 2
53 36
53 5
53 38
53 7
53 11
53 44
53 66
53 14
53 13
53 50
53 84
53 78
53 87
53 26
53 59
54 2
54 36
54 5
54 38
54 7
54 11
54 66
54 14
54 13
54 17
54 50
54 84
54 78
54 26
55 2
55 36
55 5
55 38
55 7
55 11
55 44
55 66
55 14
55 13
55 17
55 50
55 84
55 78
55 87
55 26
55 59
56 2
56 38
56 7
56 11
56 66
56 14
56 17
56 50
56 51
56 84
58 2
58 67
58 36
58 5
58 38
58 7
58 40
58 76
58 66
58 11
58 44
58 13
58 14
58 52
58 78
58 86
58 87
58 84
58 26
58 59
58 39
60 2
60 36
60 38
60 7
60 11
60 66
60 14
60 13
60 17
60 50
60 51
60 84
60 78
60 26
61 2
61 67
61 36
61 5
61 38
61 7
61 40
61 76
61 66
61 11
61 44
61 13
61 14
61 52
61 78
61 86
61 87
61 84
61 26
61 59
61 39
62 2
62 36
62 5
62 38
62 7
62 11
62 66
62 14
62 13
62 17
62 50
62 84
62 78
62 26
63 2
63 36
63 5
63 38
63 7
63 11
63 44
63 66
63 14
63 13
63 50
63 84
63 78
63 87
63 26
63 59
64 2
64 67
64 36
64 5
64 38
64 7
64 76
64 11
64 44
64 66
64 14
64 13
64 50
64 84
64 78
64 86
64 87
64 26
64 59
65 2
65 36
65 5
65 38
65 7
65 11
65 44
65 66
65 14
65 13
65 50
65 84
65 78
65 87
65 26
65 59
68 2
68 67
68 36
68 5
68 38
68 7
68 40
68 76
68 66
68 11
68 44
68 13
68 14
68 52
68 78
68 86
68 87
68 84
68 26
68 59
68 39
69 2
69 36
69 5
69 38
69 7
69 11
69 66
69 14
69 13
69 17
69 50
69 84
69 78
69 87
69 26
70 17
70 51
71 2
71 36
71 38
71 7
71 11
71 66
71 14
71 13
71 17
71 50
71 51
71 84
71 78
72 2
72 67
72 36
72 5
72 38
72 7
72 11
72 44
72 66
72 14
72 13
72 50
72 84
72 78
72 87
72 26
72 59
73 2
73 67
73 36
73 5
73 38
73 7
73 40
73 76
73 66
73 11
73 44
73 13
73 14
73 52
73 78
73 86
73 87
73 84
73 26
73 59
73 39
77 2
77 67
77 36
77 5
77 38
77 7
77 40
77 76
77 66
77 11
77 44
77 13
77 14
77 52
77 78
77 86
77 87
77 84
77 26
77 59
77 39
79 2
79 67
79 36
79 5
79 38
79 7
79 40
79 76
79 66
79 11
79 44
79 13
79 14
79 52
79 78
79 86
79 87
79 84
79 26
79 59
79 39
80 2
80 38
80 7
80 11
80 66
80 17
80 50
80 51
80 84
81 66
81 67
81 36
81 5
81 38
81 7
81 40
81 76
81 11
81 44
81 13
81 14
81 52
81 78
81 86
81 87
81 84
81 26
81 59
81 39
82 2
82 67
82 36
82 5
82 38
82 7
82 76
82 11
82 44
82 66
82 14
82 13
82 50
82 84
82 78
82 86
82 87
82 26
82 59
83 2
83 38
83 7
83 11
83 66
83 14
83 17
83 50
83 51
83 84
84 2
84 67
84 36
84 5
84 38
84 7
84 40
84 76
84 66
84 11
84 44
84 13
84 14
84 52
84 78
84 86
84 87
84 39
84 26
84 59
85 2
85 36
85 5
85 38
85 7
85 11
85 66
85 14
85 13
85 17
85 50
85 84
85 78
85 26
88 2
88 36
88 5
88 38
88 7
88 11
88 66
88 14
88 13
88 17
88 50
88 84
88 78
88 87
88 26
88 59
