88
1 5
1 8
1 10
1 19
1 21
1 26
1 27
1 28
1 35
1 37
1 46
1 48
1 49
1 50
1 54
1 56
1 58
1 59
1 66
1 71
1 73
1 74
1 75
1 76
1 80
1 81
1 83
2 1
2 6
2 8
2 10
2 22
2 24
2 26
2 31
2 32
2 33
2 34
2 39
2 40
2 41
2 42
2 44
2 45
2 46
2 47
2 49
2 50
2 62
2 64
2 66
2 67
2 68
2 73
2 77
2 80
2 83
2 84
2 87
2 88
3 5
3 6
3 8
3 10
3 21
3 22
3 26
3 27
3 28
3 31
3 32
3 33
3 34
3 35
3 37
3 39
3 40
3 41
3 42
3 44
3 45
3 46
3 47
3 48
3 49
3 50
3 54
3 58
3 59
3 62
3 64
3 66
3 67
3 71
3 73
3 76
3 77
3 80
3 83
3 88
4 5
4 6
4 8
4 10
4 21
4 22
4 26
4 27
4 28
4 31
4 32
4 33
4 34
4 35
4 37
4 39
4 40
4 41
4 44
4 45
4 46
4 47
4 48
4 49
4 50
4 54
4 58
4 59
4 62
4 64
4 66
4 67
4 71
4 73
4 76
4 77
4 80
4 83
4 88
5 59
5 37
5 72
5 9
5 74
5 75
5 76
5 48
5 81
5 19
5 21
5 56
5 58
5 27
5 28
7 19
7 66
7 35
7 5
7 71
7 74
7 75
7 76
7 27
7 48
7 81
7 59
7 83
7 21
7 49
7 56
7 58
7 54
7 28
7 26
7 37
11 5
11 8
11 10
11 19
11 21
11 26
11 27
11 28
11 31
11 33
11 34
11 35
11 37
11 40
11 41
11 46
11 48
11 49
11 50
11 54
11 56
11 58
11 59
11 66
11 71
11 73
11 74
11 75
11 76
11 80
11 81
11 83
14 35
14 5
14 71
14 72
14 9
14 74
14 75
14 76
14 59
14 48
14 81
14 19
14 21
14 54
14 56
14 58
14 27
14 28
14 37
17 86
18 4
18 23
18 52
18 55
18 30
18 63
20 5
20 6
20 8
20 10
20 21
20 22
20 26
20 27
20 28
20 31
20 32
20 33
20 34
20 35
20 37
20 39
20 40
20 41
20 44
20 45
20 46
20 47
20 48
20 49
20 50
20 54
20 58
20 59
20 62
20 64
20 66
20 67
20 71
20 73
20 76
20 77
20 80
20 83
20 88
23 5
23 8
23 10
23 21
23 26
23 27
23 28
23 31
23 32
23 33
23 34
23 35
23 37
23 40
23 41
23 44
23 46
23 48
23 49
23 50
23 54
23 56
23 58
23 59
23 62
23 64
23 66
23 67
23 71
23 73
23 74
23 75
23 76
23 77
23 80
23 83
23 88
25 5
25 8
25 10
25 19
25 21
25 26
25 27
25 28
25 35
25 37
25 46
25 48
25 49
25 50
25 54
25 56
25 58
25 59
25 66
25 71
25 73
25 74
25 75
25 76
25 80
25 81
25 83
35 59
35 5
35 71
35 72
35 9
35 74
35 75
35 76
35 48
35 81
35 19
35 21
35 54
35 56
35 58
35 27
35 28
35 37
36 19
36 35
36 5
36 71
36 74
36 75
36 76
36 27
36 48
36 81
36 59
36 83
36 21
36 49
36 56
36 58
36 54
36 28
36 26
36 37
38 5
38 8
38 10
38 21
38 26
38 27
38 28
38 31
38 32
38 33
38 34
38 35
38 37
38 39
38 40
38 41
38 44
38 45
38 46
38 48
38 49
38 50
38 54
38 56
38 58
38 59
38 62
38 64
38 66
38 67
38 71
38 73
38 75
38 76
38 77
38 80
38 83
38 88
43 5
43 8
43 10
43 19
43 21
43 26
43 27
43 28
43 31
43 33
43 34
43 35
43 37
43 40
43 41
43 46
43 48
43 49
43 50
43 54
43 56
43 58
43 59
43 62
43 66
43 71
43 73
43 74
43 75
43 76
43 80
43 81
43 83
45 35
45 5
45 71
45 72
45 9
45 74
45 75
45 76
45 59
45 48
45 81
45 19
45 21
45 54
45 56
45 58
45 27
45 28
45 37
46 5
46 8
46 10
46 19
46 21
46 26
46 27
46 28
46 31
46 33
46 34
46 35
46 37
46 40
46 41
46 48
46 49
46 50
46 54
46 56
46 58
46 59
46 62
46 66
46 71
46 73
46 74
46 75
46 76
46 80
46 81
46 83
51 5
51 8
51 10
51 21
51 26
51 27
51 28
51 31
51 32
51 33
51 34
51 35
51 37
51 40
51 41
51 44
51 45
51 46
51 48
51 49
51 50
51 54
51 56
51 58
51 59
51 62
51 64
51 66
51 67
51 71
51 73
51 75
51 76
51 77
51 80
51 83
51 88
53 5
53 8
53 10
53 19
53 21
53 26
53 27
53 28
53 31
53 33
53 34
53 35
53 37
53 40
53 41
53 46
53 48
53 49
53 50
53 54
53 56
53 58
53 59
53 62
53 66
53 71
53 73
53 74
53 75
53 76
53 80
53 81
53 83
57 35
57 5
57 71
57 72
57 9
57 74
57 75
57 76
57 59
57 48
57 81
57 19
57 21
57 54
57 56
57 58
57 27
57 28
57 37
59 19
59 66
59 35
59 5
59 71
59 74
59 75
59 76
59 27
59 48
59 81
59 83
59 21
59 49
59 56
59 58
59 54
59 28
59 26
59 37
60 1
60 2
60 6
60 15
60 22
60 24
60 32
60 34
60 39
60 41
60 42
60 44
60 45
60 47
60 62
60 64
60 67
60 68
60 77
60 84
60 87
60 88
61 5
61 8
61 10
61 19
61 21
61 26
61 27
61 28
61 33
61 35
61 37
61 40
61 46
61 48
61 49
61 50
61 54
61 56
61 58
61 59
61 66
61 71
61 73
61 74
61 75
61 76
61 80
61 81
61 83
63 59
63 37
63 72
63 9
63 74
63 75
63 76
63 48
63 81
63 19
63 21
63 56
63 58
63 27
63 28
65 4
65 23
65 15
65 52
65 55
65 30
65 63
67 5
67 8
67 10
67 19
67 21
67 26
67 27
67 28
67 31
67 32
67 33
67 34
67 35
67 37
67 40
67 41
67 44
67 46
67 48
67 49
67 50
67 54
67 56
67 58
67 59
67 62
67 66
67 71
67 73
67 74
67 75
67 76
67 80
67 81
67 83
71 5
71 8
71 10
71 19
71 21
71 26
71 27
71 28
71 31
71 33
71 34
71 35
71 37
71 40
71 41
71 46
71 48
71 49
71 50
71 54
71 56
71 58
71 59
71 62
71 66
71 73
71 74
71 75
71 76
71 80
71 81
71 83
73 59
73 37
73 72
73 9
73 74
73 75
73 76
73 48
73 81
73 19
73 21
73 56
73 58
73 27
73 28
74 37
74 72
74 9
74 75
74 76
74 48
74 81
74 19
74 21
74 56
74 58
74 59
78 35
78 5
78 71
78 72
78 9
78 74
78 75
78 76
78 59
78 48
78 81
78 19
78 21
78 54
78 56
78 58
78 27
78 28
78 37
79 5
79 8
79 19
79 21
79 26
79 27
79 28
79 35
79 37
79 46
79 48
79 49
79 50
79 54
79 56
79 58
79 59
79 66
79 71
79 73
79 74
79 75
79 76
79 80
79 81
79 83
82 1
82 5
82 6
82 8
82 10
82 22
82 24
82 26
82 28
82 31
82 32
82 33
82 34
82 35
82 39
82 40
82 41
82 42
82 44
82 45
82 46
82 47
82 49
82 50
82 54
82 62
82 64
82 66
82 67
82 68
82 71
82 73
82 77
82 80
82 83
82 88
84 1
84 2
84 6
84 10
84 15
84 22
84 24
84 31
84 32
84 33
84 34
84 39
84 40
84 41
84 42
84 44
84 45
84 46
84 47
84 62
84 64
84 67
84 68
84 77
84 80
84 87
84 88
