88
2 17
2 82
2 86
2 49
5 80
5 34
5 35
5 4
5 69
5 81
5 7
5 40
5 39
5 70
5 46
5 48
5 43
5 83
5 78
5 71
5 57
5 58
5 28
5 26
5 31
6 1
6 3
6 9
6 10
6 21
6 23
6 27
6 36
6 37
6 41
6 45
6 47
6 50
6 54
6 55
6 56
6 66
6 67
6 72
6 73
6 74
6 88
7 1
7 3
7 8
7 9
7 10
7 23
7 27
7 32
7 36
7 37
7 41
7 45
7 47
7 50
7 54
7 55
7 56
7 66
7 67
7 72
7 73
7 74
7 88
12 1
12 7
12 8
12 9
12 10
12 23
12 26
12 27
12 28
12 32
12 35
12 36
12 37
12 40
12 45
12 47
12 48
12 50
12 54
12 55
12 56
12 66
12 67
12 70
12 72
12 74
12 80
12 81
13 1
13 7
13 8
13 10
13 23
13 26
13 27
13 28
13 31
13 32
13 34
13 35
13 36
13 37
13 40
13 45
13 47
13 48
13 50
13 54
13 55
13 58
13 70
13 72
13 78
13 80
13 81
13 83
14 1
14 3
14 8
14 9
14 10
14 23
14 27
14 32
14 36
14 37
14 41
14 45
14 47
14 50
14 54
14 55
14 56
14 66
14 67
14 70
14 72
14 73
14 74
14 80
14 88
16 86
16 29
16 22
16 13
17 34
17 4
17 69
17 39
17 43
17 46
17 83
17 57
17 71
17 58
19 17
19 82
19 39
19 86
19 49
20 1
20 8
20 9
20 10
20 23
20 27
20 32
20 35
20 36
20 37
20 40
20 45
20 47
20 50
20 54
20 55
20 56
20 66
20 67
20 70
20 72
20 73
20 74
20 80
20 81
24 1
24 8
24 9
24 10
24 23
24 27
24 32
24 35
24 36
24 37
24 40
24 41
24 45
24 47
24 50
24 54
24 55
24 56
24 66
24 67
24 70
24 72
24 73
24 74
24 80
24 81
24 88
30 1
30 7
30 8
30 10
30 23
30 26
30 27
30 28
30 31
30 32
30 34
30 35
30 36
30 37
30 40
30 45
30 47
30 48
30 50
30 54
30 55
30 56
30 67
30 70
30 72
30 74
30 78
30 80
30 81
30 83
31 1
31 3
31 8
31 9
31 10
31 23
31 27
31 32
31 36
31 37
31 41
31 45
31 47
31 50
31 54
31 55
31 56
31 66
31 67
31 72
31 73
31 74
31 88
33 1
33 7
33 8
33 9
33 10
33 23
33 26
33 27
33 28
33 32
33 35
33 36
33 37
33 40
33 45
33 47
33 48
33 50
33 54
33 55
33 56
33 66
33 67
33 70
33 72
33 74
33 80
33 81
38 1
38 3
38 9
38 10
38 21
38 23
38 27
38 36
38 37
38 41
38 45
38 47
38 50
38 54
38 55
38 56
38 66
38 67
38 72
38 73
38 74
38 88
39 1
39 3
39 8
39 9
39 10
39 21
39 23
39 27
39 36
39 37
39 41
39 45
39 47
39 50
39 54
39 55
39 56
39 66
39 67
39 72
39 73
39 74
39 88
42 1
42 7
42 8
42 9
42 10
42 23
42 26
42 27
42 28
42 32
42 35
42 36
42 37
42 40
42 45
42 47
42 48
42 50
42 54
42 55
42 56
42 66
42 67
42 70
42 72
42 74
42 80
42 81
44 1
44 3
44 8
44 9
44 10
44 23
44 27
44 32
44 36
44 37
44 41
44 45
44 47
44 50
44 54
44 55
44 56
44 66
44 67
44 72
44 73
44 74
44 88
50 1
50 3
50 8
50 9
50 10
50 21
50 23
50 27
50 36
50 37
50 41
50 45
50 47
50 54
50 55
50 56
50 66
50 67
50 72
50 73
50 74
50 88
51 34
51 4
51 69
51 39
51 43
51 46
51 17
51 83
51 57
51 71
51 58
53 1
53 7
53 8
53 10
53 23
53 26
53 27
53 28
53 31
53 32
53 34
53 35
53 36
53 37
53 40
53 45
53 47
53 48
53 50
53 54
53 55
53 56
53 67
53 70
53 72
53 74
53 78
53 80
53 81
53 83
58 1
58 8
58 9
58 10
58 23
58 27
58 32
58 35
58 36
58 37
58 40
58 45
58 47
58 50
58 54
58 55
58 56
58 66
58 67
58 70
58 72
58 73
58 74
58 80
58 81
60 1
60 3
60 8
60 9
60 10
60 23
60 27
60 32
60 36
60 37
60 41
60 45
60 47
60 50
60 54
60 55
60 56
60 66
60 67
60 72
60 73
60 74
60 88
61 1
61 3
61 8
61 9
61 10
61 21
61 23
61 27
61 36
61 37
61 41
61 45
61 47
61 50
61 54
61 55
61 56
61 66
61 67
61 72
61 73
61 74
61 88
62 1
62 4
62 7
62 8
62 10
62 26
62 28
62 31
62 32
62 34
62 35
62 36
62 37
62 40
62 46
62 47
62 48
62 50
62 54
62 58
62 69
62 70
62 71
62 78
62 80
62 81
62 83
63 1
63 7
63 8
63 10
63 23
63 26
63 27
63 28
63 31
63 32
63 35
63 36
63 37
63 40
63 45
63 47
63 48
63 50
63 54
63 55
63 56
63 67
63 70
63 72
63 74
63 78
63 80
63 81
64 34
64 4
64 69
64 39
64 43
64 46
64 17
64 83
64 57
64 71
64 58
65 1
65 7
65 8
65 9
65 10
65 23
65 26
65 27
65 28
65 32
65 35
65 36
65 37
65 40
65 45
65 47
65 48
65 50
65 54
65 55
65 56
65 66
65 67
65 70
65 72
65 74
65 80
65 81
66 1
66 3
66 36
66 37
66 72
66 9
66 10
66 23
66 45
66 73
66 56
66 50
66 67
66 41
66 54
66 55
66 88
66 27
66 74
66 21
68 1
68 4
68 7
68 8
68 10
68 26
68 28
68 31
68 32
68 34
68 35
68 36
68 40
68 43
68 46
68 47
68 48
68 50
68 54
68 58
68 69
68 70
68 71
68 78
68 80
68 81
68 83
70 1
70 66
70 3
70 36
70 37
70 72
70 9
70 10
70 23
70 45
70 73
70 56
70 50
70 67
70 41
70 54
70 55
70 88
70 27
70 74
70 21
75 1
75 8
75 9
75 10
75 23
75 26
75 27
75 28
75 32
75 35
75 36
75 37
75 40
75 45
75 47
75 50
75 54
75 55
75 56
75 66
75 67
75 70
75 72
75 73
75 74
75 80
75 81
76 1
76 7
76 8
76 10
76 26
76 28
76 31
76 32
76 34
76 35
76 36
76 37
76 40
76 45
76 47
76 48
76 50
76 54
76 55
76 58
76 70
76 71
76 78
76 80
76 81
76 83
77 1
77 7
77 8
77 10
77 23
77 26
77 27
77 28
77 31
77 32
77 35
77 36
77 37
77 40
77 45
77 47
77 48
77 50
77 54
77 55
77 56
77 66
77 67
77 70
77 72
77 74
77 78
77 80
77 81
83 1
83 3
83 8
83 9
83 10
83 23
83 27
83 32
83 36
83 37
83 41
83 45
83 47
83 50
83 54
83 55
83 56
83 66
83 67
83 70
83 72
83 73
83 74
83 80
83 88
84 1
84 7
84 8
84 10
84 23
84 26
84 28
84 31
84 32
84 34
84 35
84 36
84 37
84 40
84 45
84 47
84 48
84 50
84 54
84 55
84 58
84 70
84 71
84 72
84 78
84 80
84 81
84 83
85 1
85 3
85 9
85 10
85 21
85 23
85 27
85 36
85 37
85 41
85 45
85 47
85 50
85 54
85 55
85 56
85 66
85 67
85 72
85 73
85 74
85 88
87 1
87 7
87 8
87 10
87 23
87 26
87 28
87 31
87 32
87 34
87 35
87 36
87 37
87 40
87 45
87 47
87 48
87 50
87 54
87 55
87 58
87 70
87 71
87 72
87 78
87 80
87 81
87 83
