88
1 64
1 32
1 68
1 8
1 41
1 12
1 14
1 15
1 81
1 18
1 52
1 85
1 73
1 87
1 79
1 61
2 9
2 10
2 11
2 17
2 33
2 36
2 37
2 39
2 42
2 43
2 45
2 57
2 63
2 66
2 67
2 71
2 72
2 74
2 76
2 80
2 83
2 88
5 64
5 65
5 83
5 67
5 68
5 69
5 73
5 42
5 77
5 14
5 51
5 25
5 87
5 57
5 74
5 63
10 48
10 16
10 28
10 22
11 42
11 65
11 83
11 67
11 69
11 39
11 72
11 10
11 71
11 77
11 14
11 43
11 51
11 25
11 57
11 74
11 63
12 42
12 65
12 83
12 67
12 68
12 69
12 39
12 72
12 64
12 10
12 71
12 77
12 14
12 51
12 25
12 57
12 87
12 74
12 63
14 42
14 33
14 66
14 67
14 36
14 37
14 71
14 72
14 10
14 39
14 76
14 45
14 77
14 11
14 43
14 83
14 88
14 57
14 63
14 74
14 69
15 9
15 10
15 11
15 17
15 33
15 36
15 37
15 39
15 43
15 45
15 47
15 53
15 56
15 57
15 63
15 66
15 71
15 72
15 75
15 76
15 80
15 88
17 13
17 30
18 64
18 32
18 34
18 68
18 8
18 12
18 87
18 44
18 14
18 15
18 81
18 52
18 85
18 73
18 41
18 79
18 61
19 2
19 50
19 4
19 13
19 30
20 2
20 4
20 50
21 64
21 65
21 83
21 67
21 68
21 69
21 32
21 41
21 42
21 87
21 77
21 14
21 79
21 51
21 73
21 25
21 74
23 64
23 32
23 68
23 8
23 41
23 12
23 14
23 15
23 81
23 18
23 52
23 85
23 73
23 87
23 79
23 61
25 42
25 65
25 83
25 67
25 68
25 69
25 39
25 72
25 64
25 10
25 71
25 77
25 14
25 43
25 51
25 87
25 57
25 74
25 63
26 16
26 13
26 30
27 48
27 16
27 22
29 16
29 22
30 1
30 5
30 48
30 16
30 22
30 28
31 64
31 65
31 83
31 67
31 68
31 69
31 73
31 42
31 77
31 14
31 51
31 25
31 87
31 57
31 74
31 63
32 48
32 16
32 28
32 22
33 34
33 38
33 49
33 8
33 12
33 44
33 46
33 15
33 81
33 18
33 78
33 40
33 31
33 85
34 32
34 38
34 49
34 8
34 12
34 44
34 46
34 15
34 81
34 18
34 52
34 78
34 73
34 41
34 79
34 61
34 85
35 32
35 34
35 38
35 49
35 8
35 41
35 44
35 61
35 12
35 15
35 81
35 18
35 52
35 46
35 79
35 78
35 85
36 1
36 34
36 5
36 38
36 40
36 44
36 46
36 48
36 49
36 78
36 28
36 31
37 32
37 34
37 38
37 49
37 8
37 41
37 44
37 61
37 12
37 15
37 81
37 18
37 52
37 46
37 73
37 79
37 78
37 85
38 32
38 34
38 49
38 8
38 41
38 44
38 61
38 12
38 15
38 81
38 18
38 52
38 46
38 79
38 78
38 85
41 9
41 10
41 11
41 17
41 33
41 36
41 37
41 39
41 42
41 43
41 45
41 53
41 57
41 63
41 66
41 67
41 71
41 72
41 74
41 76
41 80
41 83
41 88
43 64
43 32
43 34
43 68
43 49
43 8
43 41
43 44
43 12
43 15
43 81
43 18
43 52
43 46
43 73
43 87
43 79
43 61
43 85
45 42
45 33
45 66
45 67
45 36
45 37
45 71
45 72
45 10
45 39
45 76
45 11
45 17
45 83
45 43
45 88
45 57
45 74
45 63
47 1
47 5
47 40
47 48
47 22
47 28
47 31
48 64
48 65
48 83
48 67
48 68
48 69
48 32
48 41
48 42
48 87
48 77
48 14
48 79
48 51
48 73
48 25
48 74
49 1
49 34
49 5
49 38
49 81
49 8
49 44
49 46
49 15
49 40
49 78
49 31
49 85
51 42
51 65
51 67
51 69
51 39
51 72
51 10
51 71
51 77
51 14
51 43
51 83
51 25
51 57
51 74
51 63
52 1
52 34
52 5
52 38
52 49
52 40
52 44
52 46
52 81
52 78
52 31
53 34
53 38
53 49
53 8
53 12
53 44
53 46
53 15
53 81
53 18
53 52
53 78
53 61
53 85
54 32
54 34
54 38
54 49
54 8
54 12
54 44
54 46
54 15
54 81
54 18
54 52
54 78
54 79
54 61
54 85
55 64
55 65
55 68
55 69
55 32
55 41
55 87
55 77
55 14
55 79
55 51
55 73
55 25
55 61
56 9
56 10
56 11
56 17
56 33
56 36
56 37
56 39
56 42
56 43
56 45
56 53
56 57
56 63
56 66
56 71
56 72
56 74
56 76
56 80
56 83
56 88
57 64
57 65
57 67
57 68
57 69
57 32
57 41
57 87
57 77
57 14
57 79
57 51
57 73
57 25
57 61
58 34
58 38
58 49
58 8
58 12
58 44
58 46
58 15
58 81
58 78
58 40
58 31
58 85
59 34
59 38
59 49
59 8
59 12
59 44
59 46
59 15
59 81
59 18
59 52
59 78
59 61
59 85
60 2
60 50
60 4
60 13
60 30
61 42
61 33
61 66
61 67
61 36
61 37
61 71
61 72
61 10
61 39
61 76
61 45
61 11
61 17
61 83
61 43
61 88
61 57
61 74
61 63
62 1
62 5
62 40
62 48
62 28
62 31
63 42
63 65
63 67
63 36
63 69
63 51
63 39
63 72
63 10
63 71
63 76
63 45
63 77
63 11
63 43
63 83
63 25
63 88
63 57
63 74
64 32
64 65
64 68
64 69
64 41
64 87
64 77
64 14
64 79
64 51
64 73
64 25
64 61
65 64
65 32
65 68
65 8
65 41
65 12
65 14
65 15
65 81
65 18
65 52
65 85
65 73
65 87
65 79
65 61
66 1
66 5
66 38
66 40
66 46
66 48
66 49
66 78
66 28
66 31
67 64
67 65
67 83
67 68
67 69
67 32
67 41
67 42
67 87
67 77
67 14
67 79
67 51
67 73
67 25
68 16
68 13
68 30
71 64
71 65
71 68
71 32
71 41
71 12
71 14
71 79
71 18
71 51
71 52
71 73
71 87
71 61
72 42
72 65
72 67
72 36
72 69
72 51
72 39
72 10
72 71
72 45
72 77
72 11
72 43
72 83
72 25
72 88
72 57
72 74
72 63
73 42
73 33
73 66
73 67
73 36
73 37
73 71
73 72
73 10
73 39
73 76
73 45
73 77
73 11
73 43
73 83
73 88
73 57
73 63
73 74
73 69
74 64
74 65
74 83
74 67
74 68
74 69
74 32
74 41
74 42
74 87
74 77
74 14
74 79
74 51
74 73
74 25
75 16
75 22
76 48
76 16
76 28
76 22
77 64
77 65
77 83
77 67
77 68
77 69
77 73
77 42
77 14
77 51
77 25
77 87
77 57
77 74
77 63
78 64
78 65
78 83
78 67
78 68
78 69
78 32
78 41
78 42
78 87
78 77
78 14
78 79
78 51
78 73
78 25
79 9
79 10
79 11
79 17
79 33
79 36
79 37
79 39
79 42
79 43
79 45
79 57
79 63
79 66
79 67
79 71
79 72
79 74
79 76
79 80
79 83
79 88
80 1
80 5
80 40
80 48
80 22
80 28
80 31
83 33
83 67
83 36
83 37
83 39
83 72
83 10
83 71
83 76
83 45
83 77
83 11
83 43
83 42
83 25
83 88
83 57
83 63
83 74
83 69
86 2
86 4
86 50
87 42
87 33
87 67
87 36
87 37
87 39
87 72
87 10
87 71
87 76
87 45
87 77
87 11
87 43
87 83
87 25
87 88
87 57
87 63
87 74
87 69
88 64
88 32
88 68
88 8
88 41
88 12
88 14
88 15
88 18
88 52
88 85
88 73
88 87
88 79
88 61
