88
2 66
2 69
2 70
2 39
2 72
2 9
2 42
2 77
2 46
2 47
2 49
2 84
2 85
2 86
2 55
2 58
2 27
2 30
2 31
3 33
3 34
3 67
3 36
3 38
3 73
3 74
3 50
3 80
3 17
3 82
3 83
3 53
3 22
3 88
3 68
3 28
4 3
4 17
4 39
4 40
4 41
4 75
4 76
4 77
4 78
4 79
4 48
4 49
4 51
4 54
4 56
4 72
4 57
4 26
4 30
4 31
6 3
6 17
6 39
6 40
6 41
6 74
6 75
6 76
6 78
6 79
6 48
6 49
6 51
6 54
6 56
6 57
6 26
6 30
6 31
7 1
7 2
7 66
7 70
7 71
7 45
7 46
7 47
7 81
7 84
7 85
7 86
7 25
7 29
8 1
8 2
8 69
8 70
8 9
8 42
8 66
8 46
8 47
8 81
8 84
8 85
8 86
8 55
8 58
8 27
8 29
9 43
9 44
9 13
9 14
9 15
9 18
9 19
9 87
9 61
9 62
10 3
10 39
10 40
10 41
10 74
10 75
10 76
10 78
10 79
10 48
10 17
10 82
10 51
10 54
10 56
10 57
10 26
11 3
11 68
11 38
11 40
11 41
11 74
11 75
11 50
11 78
11 79
11 48
11 17
11 82
11 51
11 73
11 56
11 57
11 26
12 1
12 2
12 35
12 71
12 45
12 46
12 81
12 84
12 25
12 29
13 3
13 68
13 38
13 73
13 74
13 75
13 50
13 78
13 79
13 48
13 17
13 82
13 51
13 53
13 56
13 57
13 26
16 33
16 34
16 67
16 36
16 38
16 43
16 13
16 14
16 80
16 83
16 53
16 22
16 87
16 88
16 28
16 62
18 37
18 10
18 11
18 44
18 14
18 15
18 19
18 61
19 3
19 68
19 39
19 40
19 41
19 74
19 75
19 76
19 82
19 78
19 79
19 48
19 17
19 50
19 51
19 54
19 73
19 56
19 57
19 26
24 69
24 39
24 40
24 41
24 75
24 76
24 77
24 78
24 79
24 48
24 72
24 51
24 54
24 55
24 56
24 57
24 49
24 26
24 30
24 31
25 37
25 10
25 11
25 44
25 15
25 18
25 19
25 61
28 67
28 36
28 43
28 13
28 14
28 80
28 18
28 19
28 87
28 88
28 62
29 49
29 39
29 40
29 41
29 75
29 76
29 77
29 78
29 79
29 48
29 72
29 51
29 54
29 56
29 57
29 26
29 30
29 31
30 69
30 39
30 40
30 41
30 75
30 76
30 77
30 78
30 79
30 48
30 72
30 51
30 54
30 56
30 57
30 49
30 26
30 31
31 33
31 34
31 67
31 36
31 38
31 43
31 13
31 14
31 80
31 83
31 53
31 22
31 87
31 88
31 28
31 62
32 33
32 34
32 3
32 68
32 38
32 73
32 74
32 50
32 79
32 17
32 82
32 83
32 53
32 22
32 56
32 51
33 34
33 3
33 36
33 38
33 73
33 74
33 83
33 50
33 80
33 17
33 82
33 67
33 53
33 22
33 88
33 68
33 28
34 37
34 10
34 11
34 44
34 15
34 18
34 19
34 61
35 3
35 17
35 39
35 40
35 41
35 75
35 76
35 77
35 78
35 79
35 48
35 49
35 51
35 54
35 56
35 72
35 57
35 26
35 30
35 31
36 33
36 34
36 67
36 68
36 38
36 73
36 43
36 13
36 14
36 80
36 50
36 83
36 53
36 22
36 87
36 88
36 28
36 62
37 33
37 34
37 67
37 36
37 43
37 13
37 14
37 80
37 83
37 22
37 87
37 88
37 28
37 62
38 33
38 34
38 3
38 36
38 51
38 73
38 74
38 50
38 79
38 17
38 82
38 83
38 53
38 22
38 88
38 68
38 28
39 33
39 34
39 67
39 36
39 38
39 73
39 74
39 43
39 13
39 80
39 50
39 82
39 83
39 53
39 22
39 87
39 88
39 68
39 28
39 62
40 33
40 34
40 3
40 68
40 38
40 73
40 74
40 50
40 79
40 17
40 82
40 83
40 53
40 22
40 56
40 88
40 28
40 51
41 37
41 10
41 11
41 44
41 15
41 18
41 19
41 61
43 3
43 17
43 39
43 40
43 41
43 75
43 76
43 77
43 78
43 79
43 48
43 49
43 51
43 54
43 56
43 72
43 57
43 26
43 30
43 31
44 1
44 2
44 35
44 70
44 71
44 45
44 46
44 47
44 81
44 84
44 25
44 29
47 33
47 34
47 3
47 36
47 38
47 73
47 74
47 83
47 50
47 80
47 17
47 82
47 67
47 53
47 22
47 88
47 68
47 28
49 67
49 43
49 13
49 14
49 15
49 80
49 18
49 19
49 87
49 61
49 62
50 33
50 34
50 67
50 36
50 43
50 13
50 14
50 80
50 83
50 22
50 87
50 88
50 28
50 62
51 43
51 13
51 14
51 15
51 80
51 18
51 19
51 87
51 61
51 62
52 33
52 34
52 67
52 36
52 38
52 73
52 74
52 43
52 13
52 80
52 50
52 82
52 83
52 53
52 22
52 87
52 88
52 68
52 28
52 62
55 37
55 10
55 11
55 44
55 15
55 18
55 19
55 61
56 69
56 39
56 40
56 9
56 42
56 75
56 76
56 77
56 78
56 48
56 72
56 26
56 57
56 54
56 41
56 55
56 49
56 27
56 58
56 30
56 31
57 43
57 44
57 14
57 15
57 18
57 19
57 61
57 62
58 33
58 67
58 36
58 43
58 13
58 14
58 80
58 18
58 83
58 22
58 87
58 88
58 28
58 62
59 33
59 34
59 3
59 68
59 38
59 73
59 74
59 50
59 79
59 17
59 82
59 83
59 53
59 22
59 56
59 51
60 69
60 39
60 40
60 9
60 42
60 75
60 76
60 77
60 78
60 48
60 72
60 26
60 57
60 54
60 41
60 55
60 49
60 27
60 58
60 30
60 31
61 33
61 34
61 67
61 36
61 43
61 13
61 14
61 80
61 83
61 22
61 87
61 88
61 28
61 62
62 67
62 43
62 13
62 14
62 15
62 80
62 18
62 19
62 87
62 61
63 37
63 10
63 11
63 44
63 15
63 18
63 19
63 61
64 33
64 34
64 3
64 68
64 38
64 73
64 74
64 50
64 79
64 48
64 17
64 82
64 83
64 53
64 22
64 56
64 51
66 33
66 34
66 67
66 36
66 43
66 13
66 14
66 80
66 83
66 22
66 87
66 88
66 28
66 62
67 1
67 2
67 70
67 71
67 42
67 66
67 46
67 47
67 81
67 84
67 85
67 86
67 25
67 58
67 27
67 29
68 33
68 34
68 67
68 36
68 38
68 73
68 43
68 13
68 14
68 80
68 50
68 83
68 53
68 22
68 87
68 88
68 28
68 62
73 33
73 34
73 67
73 36
73 43
73 13
73 14
73 80
73 83
73 53
73 22
73 87
73 88
73 28
73 62
74 37
74 10
74 11
74 44
74 15
74 18
74 19
74 61
75 33
75 67
75 36
75 43
75 13
75 14
75 80
75 18
75 83
75 22
75 87
75 88
75 28
75 62
77 43
77 44
77 13
77 14
77 15
77 18
77 19
77 87
77 61
77 62
78 67
78 36
78 43
78 13
78 14
78 80
78 18
78 19
78 87
78 62
80 43
80 44
80 14
80 15
80 18
80 19
80 61
80 62
83 3
83 68
83 39
83 40
83 41
83 74
83 75
83 76
83 82
83 78
83 79
83 48
83 17
83 50
83 51
83 54
83 73
83 56
83 57
83 26
84 33
84 34
84 67
84 36
84 38
84 43
84 13
84 14
84 80
84 83
84 53
84 22
84 87
84 88
84 28
84 62
87 43
87 44
87 13
87 14
87 15
87 18
87 19
87 61
87 62
88 67
88 36
88 43
88 13
88 14
88 80
88 18
88 19
88 87
88 28
88 62
