88
1 66
1 67
1 7
1 8
1 9
1 10
1 39
1 78
1 75
1 20
1 85
1 55
1 25
1 87
2 1
2 7
2 8
2 10
2 14
2 20
2 23
2 25
2 37
2 42
2 50
2 55
2 57
2 58
2 60
2 64
2 66
2 69
2 72
2 75
2 85
2 87
3 64
3 1
3 69
3 70
3 72
3 60
3 42
3 14
3 81
3 50
3 20
3 46
3 23
3 57
3 58
3 5
3 62
3 37
4 19
4 33
4 2
4 3
4 41
4 45
4 47
4 49
4 35
4 24
4 88
4 79
5 19
5 33
5 2
5 3
5 4
5 45
5 47
5 49
5 35
5 79
5 63
8 19
8 35
8 2
8 67
8 39
8 9
8 66
8 78
8 47
8 24
8 3
8 85
8 41
8 88
9 66
9 75
9 69
9 7
9 8
9 10
9 39
9 78
9 14
9 87
9 72
9 50
9 58
9 20
9 85
9 23
9 57
9 25
9 42
9 55
10 65
10 43
10 6
10 11
10 51
10 53
10 61
10 31
11 64
11 1
11 5
11 38
11 71
11 74
11 70
11 46
11 48
11 81
11 50
11 52
11 22
11 58
11 60
11 26
11 62
11 37
12 82
13 1
13 5
13 7
13 8
13 10
13 14
13 20
13 23
13 25
13 37
13 42
13 46
13 50
13 55
13 57
13 58
13 60
13 64
13 69
13 72
13 75
13 85
13 87
16 65
16 43
16 6
16 11
16 83
16 53
16 31
16 61
16 51
17 82
18 65
18 43
18 6
18 11
18 83
18 53
18 31
18 61
18 51
20 1
20 5
20 7
20 8
20 10
20 14
20 23
20 25
20 37
20 42
20 46
20 50
20 55
20 57
20 58
20 60
20 64
20 69
20 70
20 72
20 75
20 87
21 32
21 36
21 5
21 38
21 71
21 74
21 13
21 46
21 48
21 81
21 52
21 22
21 26
21 70
21 62
22 83
22 27
22 77
23 64
23 1
23 85
23 69
23 7
23 8
23 10
23 75
23 14
23 72
23 50
23 58
23 20
23 46
23 87
23 57
23 25
23 60
23 42
23 55
23 37
24 32
24 1
24 36
24 5
24 38
24 71
24 74
24 70
24 46
24 48
24 81
24 52
24 22
24 26
24 60
24 62
24 37
26 66
26 67
26 7
26 8
26 9
26 10
26 39
26 14
26 72
26 75
26 20
26 78
26 55
26 25
26 87
26 85
28 33
28 11
28 4
28 6
28 43
28 45
28 49
28 53
28 63
29 51
29 77
29 83
29 27
29 61
29 31
30 21
31 66
31 75
31 69
31 7
31 8
31 10
31 39
31 78
31 14
31 87
31 72
31 50
31 58
31 20
31 85
31 23
31 57
31 25
31 42
31 55
32 83
32 27
32 77
33 64
33 1
33 69
33 38
33 71
33 74
33 70
33 46
33 81
33 50
33 52
33 22
33 23
33 57
33 58
33 37
33 60
33 26
33 62
33 5
34 19
34 35
34 2
34 67
34 4
34 9
34 45
34 47
34 24
34 3
34 41
34 88
34 79
35 1
35 5
35 7
35 8
35 14
35 20
35 23
35 37
35 42
35 46
35 50
35 55
35 57
35 58
35 60
35 64
35 69
35 70
35 72
35 75
35 81
35 87
36 83
36 27
36 77
36 61
37 66
37 67
37 7
37 8
37 9
37 10
37 39
37 78
37 24
37 75
37 85
37 55
37 88
37 25
37 87
38 33
38 43
38 6
38 65
38 11
38 49
38 51
38 53
38 31
38 63
39 19
39 33
39 2
39 3
39 4
39 41
39 45
39 47
39 49
39 35
39 24
39 88
39 79
40 51
40 77
40 83
40 27
40 61
40 31
41 64
41 1
41 36
41 5
41 38
41 71
41 74
41 70
41 46
41 48
41 81
41 52
41 22
41 26
41 60
41 62
41 37
42 19
42 35
42 2
42 67
42 39
42 9
42 78
42 47
42 24
42 3
42 41
42 88
42 79
44 65
44 43
44 6
44 11
44 51
44 53
44 61
44 31
45 64
45 1
45 87
45 69
45 70
45 7
45 8
45 42
45 75
45 14
45 72
45 50
45 20
45 46
45 55
45 23
45 57
45 58
45 60
45 37
45 5
46 19
46 33
46 2
46 3
46 4
46 41
46 45
46 47
46 49
46 35
46 24
46 88
46 79
47 64
47 66
47 75
47 69
47 7
47 8
47 10
47 39
47 78
47 14
47 87
47 72
47 50
47 58
47 20
47 85
47 23
47 57
47 25
47 42
47 55
48 51
48 77
48 83
48 27
48 61
48 31
50 33
50 2
50 3
50 4
50 45
50 79
50 49
50 35
50 63
52 19
52 35
52 2
52 67
52 39
52 9
52 66
52 78
52 47
52 24
52 3
52 41
52 88
52 79
54 82
55 66
55 67
55 39
55 9
55 78
55 47
55 24
55 19
55 85
55 41
55 88
55 25
56 82
56 27
56 77
57 64
57 1
57 36
57 5
57 38
57 71
57 74
57 70
57 46
57 48
57 81
57 52
57 22
57 58
57 60
57 26
57 62
57 37
58 65
58 6
58 31
58 77
58 83
58 27
58 61
58 51
59 65
59 43
59 6
59 11
59 51
59 53
59 61
59 31
60 64
60 1
60 5
60 38
60 71
60 74
60 46
60 48
60 81
60 50
60 52
60 22
60 23
60 58
60 70
60 26
60 62
60 37
62 64
62 66
62 75
62 37
62 7
62 8
62 10
62 39
62 14
62 72
62 50
62 58
62 20
62 85
62 87
62 23
62 57
62 25
62 42
62 55
62 69
67 66
67 75
67 7
67 8
67 9
67 10
67 39
67 14
67 72
67 20
67 78
67 55
67 25
67 87
67 85
68 19
68 35
68 2
68 67
68 4
68 9
68 47
68 24
68 3
68 41
68 88
68 79
69 64
69 1
69 87
69 37
69 70
69 72
69 42
69 75
69 14
69 81
69 50
69 20
69 46
69 23
69 57
69 58
69 60
69 5
70 19
70 35
70 2
70 67
70 39
70 9
70 66
70 78
70 47
70 24
70 3
70 41
70 88
70 79
71 64
71 1
71 87
71 69
71 70
71 7
71 8
71 42
71 75
71 14
71 72
71 50
71 20
71 46
71 55
71 23
71 57
71 58
71 60
71 37
71 5
72 64
72 66
72 75
72 37
72 7
72 8
72 10
72 39
72 14
72 50
72 58
72 20
72 85
72 87
72 23
72 57
72 25
72 42
72 55
72 69
73 66
73 67
73 7
73 8
73 9
73 10
73 39
73 78
73 24
73 75
73 85
73 55
73 88
73 25
73 87
74 66
74 67
74 7
74 8
74 9
74 10
74 39
74 14
74 72
74 75
74 20
74 78
74 55
74 25
74 87
74 42
74 85
75 64
75 1
75 37
75 7
75 8
75 10
75 87
75 14
75 72
75 50
75 58
75 20
75 46
75 55
75 23
75 57
75 25
75 60
75 42
75 85
75 69
76 66
76 67
76 69
76 7
76 8
76 10
76 39
76 14
76 87
76 72
76 75
76 20
76 78
76 23
76 57
76 25
76 42
76 55
76 85
77 32
77 1
77 70
77 36
77 5
77 38
77 71
77 74
77 13
77 46
77 48
77 81
77 52
77 22
77 26
77 60
77 62
78 33
78 43
78 6
78 65
78 11
78 45
78 49
78 53
78 63
79 64
79 1
79 69
79 70
79 72
79 60
79 42
79 14
79 81
79 50
79 20
79 46
79 23
79 57
79 58
79 5
79 62
79 37
80 33
80 43
80 6
80 65
80 11
80 45
80 49
80 53
80 31
80 63
84 33
84 4
84 43
84 45
84 49
84 63
85 83
85 27
85 77
85 61
87 64
87 1
87 69
87 70
87 72
87 60
87 42
87 14
87 81
87 50
87 20
87 46
87 23
87 57
87 58
87 5
87 37
