88
1 6
1 17
1 81
1 18
1 19
1 24
2 3
2 69
2 7
2 12
2 13
2 14
2 27
2 60
2 30
3 2
3 35
3 69
3 7
3 10
3 14
3 27
3 83
3 55
3 59
3 60
3 30
4 1
4 43
4 36
4 37
4 39
4 40
4 41
4 71
4 77
4 78
4 47
4 48
4 49
4 50
4 82
4 22
4 56
4 31
5 32
5 1
5 2
5 35
5 4
5 37
5 71
5 10
5 39
5 77
5 47
5 48
5 43
5 83
5 22
5 56
5 36
5 49
5 59
5 31
6 32
6 2
6 35
6 4
6 5
6 7
6 10
6 71
6 14
6 83
6 55
6 59
6 30
6 37
7 3
7 69
7 12
7 13
7 17
7 24
7 27
7 60
8 3
8 69
8 7
8 12
8 13
8 17
8 27
8 60
8 30
9 11
9 20
9 29
9 33
9 34
9 40
9 41
9 44
9 50
9 53
9 54
9 57
9 61
9 62
9 65
9 70
9 72
9 73
9 74
9 75
9 78
9 79
9 80
9 82
9 84
9 85
9 88
10 17
10 12
10 13
10 81
10 19
10 24
10 27
11 3
11 69
11 7
11 12
11 13
11 17
11 27
11 60
12 65
12 34
12 70
12 39
12 40
12 41
12 11
12 44
12 82
12 78
12 80
12 72
12 50
12 84
12 53
12 54
12 56
12 57
12 29
12 62
12 85
13 64
13 66
13 67
13 68
13 38
13 42
13 87
13 45
13 15
13 52
13 21
13 23
13 25
13 58
13 26
14 6
14 17
14 12
14 13
14 81
14 19
14 24
15 11
15 20
15 21
15 23
15 25
15 26
15 28
15 29
15 33
15 34
15 44
15 45
15 52
15 53
15 54
15 57
15 61
15 62
15 65
15 68
15 73
15 74
15 75
15 79
15 80
15 85
15 87
15 88
17 24
17 81
17 18
17 19
17 6
18 65
18 34
18 70
18 39
18 40
18 41
18 11
18 44
18 82
18 78
18 80
18 72
18 50
18 84
18 53
18 56
18 57
18 29
18 62
18 85
19 3
19 69
19 12
19 13
19 17
19 24
19 27
19 60
21 24
21 17
21 19
21 6
21 81
22 3
22 69
22 12
22 13
22 17
22 24
22 27
22 60
23 24
23 81
23 18
23 19
23 6
24 15
24 20
24 21
24 23
24 25
24 26
24 28
24 29
24 33
24 45
24 52
24 54
24 57
24 61
24 64
24 67
24 68
24 73
24 74
24 75
24 79
24 85
24 87
24 88
25 6
25 17
25 13
25 81
25 19
25 24
26 3
26 69
26 12
26 13
26 17
26 24
26 27
26 60
27 65
27 34
27 70
27 39
27 40
27 41
27 11
27 44
27 82
27 78
27 80
27 72
27 50
27 84
27 53
27 22
27 56
27 57
27 29
27 62
27 85
28 18
28 19
28 6
29 3
29 69
29 12
29 13
29 17
29 24
29 27
29 60
30 64
30 66
30 67
30 38
30 42
30 51
30 58
30 63
31 3
31 69
31 7
31 12
31 13
31 17
31 27
31 60
31 30
32 3
32 17
32 12
32 13
32 81
32 19
32 24
32 27
33 18
34 24
34 81
34 18
34 19
34 6
35 3
35 69
35 7
35 12
35 13
35 17
35 27
35 60
35 30
36 3
36 69
36 7
36 12
36 13
36 17
36 27
36 60
36 30
37 32
37 2
37 35
37 4
37 5
37 71
37 10
37 43
37 77
37 14
37 48
37 83
37 55
37 59
37 30
38 81
38 18
38 19
38 6
39 3
39 69
39 17
39 12
39 13
39 81
39 24
39 27
39 60
40 3
40 69
40 17
40 12
40 13
40 81
40 24
40 27
40 60
41 32
41 1
41 2
41 35
41 4
41 5
41 71
41 31
41 10
41 43
41 77
41 14
41 47
41 48
41 49
41 83
41 22
41 55
41 36
41 59
41 37
42 3
42 69
42 17
42 12
42 13
42 81
42 24
42 27
43 24
43 81
43 18
43 19
43 6
44 24
44 81
44 18
44 19
44 6
45 1
45 22
45 31
45 34
45 36
45 39
45 40
45 41
45 47
45 48
45 49
45 50
45 53
45 56
45 65
45 70
45 72
45 77
45 78
45 80
45 82
45 84
46 11
46 20
46 29
46 33
46 34
46 40
46 41
46 44
46 50
46 53
46 54
46 57
46 61
46 62
46 65
46 70
46 72
46 73
46 74
46 75
46 78
46 80
46 82
46 84
46 85
46 88
47 3
47 69
47 7
47 12
47 13
47 17
47 27
47 60
47 30
48 32
48 2
48 35
48 4
48 5
48 7
48 10
48 14
48 83
48 55
48 59
48 60
48 30
49 3
49 69
49 17
49 12
49 13
49 81
49 24
49 27
50 3
50 69
50 7
50 12
50 13
50 14
50 55
50 27
50 60
50 30
52 18
52 19
52 6
53 2
53 3
53 69
53 7
53 10
53 14
53 83
53 55
53 27
53 60
53 30
54 3
54 69
54 7
54 12
54 13
54 17
54 27
54 60
54 30
55 1
55 43
55 36
55 37
55 39
55 40
55 41
55 71
55 77
55 78
55 47
55 48
55 49
55 50
55 82
55 22
55 56
55 31
56 11
56 20
56 28
56 29
56 33
56 34
56 40
56 41
56 44
56 50
56 53
56 54
56 57
56 61
56 62
56 65
56 70
56 72
56 73
56 74
56 75
56 78
56 79
56 80
56 82
56 84
56 85
56 88
57 3
57 69
57 7
57 12
57 13
57 14
57 55
57 27
57 60
57 30
58 3
58 69
58 17
58 12
58 13
58 81
58 24
58 27
58 60
60 3
60 69
60 7
60 12
60 13
60 14
60 27
60 30
62 24
62 17
62 19
62 6
62 81
63 3
63 17
63 12
63 13
63 81
63 19
63 24
63 27
64 24
64 81
64 18
64 19
64 6
66 18
66 19
66 6
67 6
67 17
67 81
67 18
67 19
67 24
68 24
68 81
68 18
68 19
68 6
69 11
69 15
69 20
69 21
69 23
69 25
69 26
69 28
69 29
69 33
69 34
69 44
69 45
69 52
69 54
69 57
69 61
69 62
69 64
69 68
69 73
69 74
69 75
69 79
69 80
69 85
69 87
69 88
70 32
70 2
70 35
70 4
70 5
70 7
70 10
70 71
70 14
70 83
70 55
70 59
70 30
71 32
71 2
71 35
71 4
71 5
71 10
71 43
71 77
71 14
71 47
71 48
71 49
71 83
71 55
71 59
71 30
71 37
72 1
72 43
72 36
72 37
72 39
72 40
72 41
72 71
72 77
72 78
72 47
72 48
72 49
72 50
72 84
72 82
72 22
72 56
72 31
73 3
73 69
73 7
73 12
73 13
73 17
73 27
73 60
74 2
74 3
74 69
74 7
74 14
74 83
74 55
74 27
74 60
74 30
77 3
77 69
77 12
77 13
77 17
77 24
77 27
77 60
78 3
78 69
78 7
78 12
78 13
78 14
78 55
78 27
78 60
78 30
79 18
79 19
79 6
80 3
80 69
80 17
80 12
80 13
80 81
80 24
80 27
81 1
81 11
81 22
81 31
81 34
81 36
81 39
81 40
81 41
81 44
81 47
81 49
81 50
81 53
81 56
81 62
81 65
81 70
81 72
81 78
81 80
81 82
81 84
82 32
82 2
82 35
82 4
82 5
82 7
82 10
82 71
82 14
82 83
82 55
82 59
82 30
83 32
83 1
83 2
83 35
83 4
83 5
83 71
83 31
83 10
83 43
83 77
83 14
83 47
83 48
83 49
83 22
83 55
83 36
83 59
83 37
84 3
84 69
84 7
84 12
84 13
84 17
84 27
84 60
84 30
85 32
85 2
85 35
85 4
85 5
85 7
85 10
85 71
85 14
85 83
85 55
85 59
85 30
87 18
87 6
88 24
88 81
88 18
88 19
88 6
