88
1 66
1 35
1 4
1 17
1 41
1 11
1 44
1 45
1 46
1 49
1 83
1 52
1 43
1 73
1 84
1 87
1 28
1 58
2 64
2 33
2 34
2 3
2 32
2 5
2 7
2 40
2 39
2 48
2 81
2 20
2 85
2 54
3 8
3 56
3 86
3 55
3 24
3 60
3 61
3 31
4 37
4 10
4 11
4 45
4 78
4 49
4 50
4 42
4 52
4 14
4 22
4 23
4 27
4 74
4 62
4 69
5 8
5 86
5 56
5 59
5 61
5 63
6 57
6 21
7 2
7 35
7 68
7 38
7 9
7 75
7 77
7 47
7 80
7 17
7 67
7 88
7 26
8 1
8 66
8 11
8 4
8 69
8 73
8 43
8 45
8 14
8 49
8 84
8 78
8 22
8 87
8 46
8 52
8 58
9 8
9 56
9 55
9 24
9 60
9 61
9 31
10 12
10 13
10 24
10 55
10 56
10 60
10 31
11 64
11 33
11 34
11 3
11 32
11 7
11 40
11 42
11 39
11 48
11 50
11 20
11 85
11 54
11 23
11 29
11 62
12 1
12 66
12 43
12 4
12 69
12 10
12 11
12 45
12 14
12 49
12 84
12 78
12 22
12 46
12 52
12 58
12 27
13 1
13 37
13 10
13 11
13 45
13 14
13 49
13 50
13 42
13 52
13 78
13 22
13 23
13 27
13 74
13 69
14 66
14 35
14 41
14 43
14 44
14 46
14 80
14 17
14 75
14 83
14 84
14 73
14 88
14 87
14 28
14 26
15 65
15 71
15 79
15 21
15 57
15 25
17 64
17 33
17 34
17 3
17 32
17 5
17 7
17 40
17 39
17 48
17 20
17 85
17 54
17 29
17 62
18 36
18 76
18 70
19 65
19 71
19 79
19 21
19 57
19 25
21 36
21 76
21 70
22 2
22 67
22 72
22 9
22 77
22 47
22 51
22 30
22 63
23 2
23 35
23 68
23 38
23 9
23 75
23 77
23 47
23 80
23 67
23 88
23 26
23 30
24 81
24 70
25 12
25 13
25 21
25 55
25 57
25 60
26 25
26 71
26 79
26 82
26 65
27 64
27 33
27 37
27 10
27 78
27 29
27 50
27 42
27 85
27 22
27 23
27 74
27 62
27 69
28 64
28 33
28 34
28 3
28 32
28 37
28 7
28 40
28 42
28 39
28 48
28 50
28 20
28 85
28 54
28 23
28 29
28 62
29 1
29 66
29 43
29 4
29 69
29 73
29 11
29 45
29 14
29 49
29 84
29 78
29 22
29 87
29 46
29 52
29 58
29 28
30 64
30 33
30 34
30 37
30 10
30 29
30 50
30 42
30 85
30 23
30 27
30 74
30 62
31 81
31 70
32 72
32 47
32 51
32 59
32 30
32 63
33 64
33 37
33 10
33 78
33 29
33 50
33 42
33 85
33 22
33 23
33 27
33 74
33 62
34 2
34 35
34 68
34 38
34 9
34 75
34 44
34 77
34 80
34 17
34 67
34 41
34 83
34 88
34 87
34 28
34 26
35 1
35 66
35 43
35 4
35 69
35 10
35 11
35 45
35 14
35 49
35 84
35 78
35 22
35 46
35 52
35 58
35 27
36 2
36 67
36 72
36 9
36 47
36 51
36 30
36 63
37 2
37 67
37 72
37 9
37 47
37 51
37 30
37 63
38 32
38 3
38 5
38 7
38 40
38 81
38 20
38 54
39 2
39 72
39 9
39 47
39 51
39 30
39 63
40 2
40 67
40 72
40 9
40 47
40 51
40 30
40 63
41 1
41 43
41 4
41 69
41 10
41 11
41 45
41 14
41 49
41 84
41 78
41 22
41 23
41 52
41 58
41 27
41 74
41 37
42 8
42 56
42 86
42 55
42 24
42 60
42 61
42 31
43 1
43 4
43 69
43 10
43 11
43 45
43 14
43 49
43 50
43 42
43 52
43 78
43 22
43 23
43 58
43 27
43 74
43 37
44 32
44 3
44 5
44 7
44 40
44 81
44 20
45 1
45 66
45 35
45 4
45 41
45 43
45 44
45 46
45 80
45 17
45 26
45 83
45 84
45 73
45 87
45 28
45 58
46 8
46 56
46 86
46 55
46 24
46 60
46 61
46 31
47 81
47 5
48 1
48 66
48 43
48 4
48 69
48 41
48 11
48 44
48 45
48 14
48 49
48 83
48 84
48 46
48 73
48 52
48 87
48 28
48 58
49 36
49 76
49 70
50 1
50 43
50 4
50 69
50 10
50 11
50 45
50 14
50 49
50 84
50 78
50 22
50 23
50 46
50 52
50 58
50 27
50 74
50 37
51 1
51 43
51 4
51 69
51 10
51 11
51 45
51 14
51 49
51 50
51 52
51 78
51 22
51 23
51 58
51 27
51 74
51 37
52 83
52 35
52 68
52 38
52 41
52 75
52 44
52 77
52 80
52 17
52 67
52 73
52 88
52 87
52 28
52 26
53 1
53 66
53 43
53 4
53 69
53 73
53 11
53 44
53 45
53 14
53 49
53 84
53 78
53 22
53 87
53 46
53 52
53 58
53 28
54 12
54 13
54 55
54 24
54 60
54 31
55 57
55 21
56 1
56 66
56 43
56 4
56 17
56 41
56 11
56 44
56 45
56 14
56 49
56 83
56 84
56 46
56 73
56 52
56 87
56 28
56 58
57 8
57 86
57 56
57 59
57 61
57 31
58 8
58 86
58 56
58 59
58 61
58 63
60 19
61 24
61 12
61 60
61 13
61 55
62 2
62 35
62 68
62 38
62 9
62 75
62 44
62 77
62 80
62 17
62 67
62 41
62 83
62 88
62 87
62 28
62 26
63 64
63 33
63 34
63 37
63 39
63 10
63 29
63 48
63 50
63 42
63 85
63 54
63 23
63 27
63 74
63 62
64 24
64 12
64 60
64 13
64 55
65 64
65 33
65 37
65 10
65 78
65 29
65 50
65 42
65 85
65 22
65 23
65 27
65 74
65 62
66 25
66 21
66 57
67 66
67 35
67 41
67 43
67 44
67 46
67 80
67 17
67 83
67 84
67 73
67 88
67 87
67 28
67 26
68 64
68 33
68 34
68 3
68 32
68 5
68 7
68 40
68 39
68 48
68 20
68 85
68 54
68 29
68 62
70 18
70 53
71 2
71 67
71 68
71 38
71 72
71 9
71 77
71 47
71 51
71 30
72 57
72 12
72 21
72 13
73 25
73 79
73 21
73 57
74 2
74 35
74 68
74 38
74 9
74 75
74 44
74 77
74 80
74 17
74 67
74 41
74 83
74 88
74 26
75 1
75 66
75 35
75 4
75 41
75 43
75 44
75 46
75 80
75 17
75 26
75 83
75 84
75 73
75 87
75 28
75 58
76 12
76 13
76 24
76 55
76 56
76 60
76 61
76 31
77 64
77 33
77 34
77 3
77 32
77 5
77 7
77 40
77 39
77 48
77 81
77 20
77 54
78 2
78 35
78 68
78 38
78 9
78 75
78 77
78 47
78 80
78 17
78 67
78 41
78 83
78 88
78 26
79 32
79 34
79 3
79 5
79 7
79 40
79 39
79 48
79 81
79 20
79 54
80 2
80 35
80 68
80 38
80 9
80 75
80 77
80 47
80 17
80 67
80 41
80 88
80 26
81 5
82 2
82 67
82 68
82 38
82 72
82 9
82 77
82 47
82 51
82 30
83 36
83 76
83 70
84 35
84 68
84 38
84 41
84 75
84 44
84 77
84 80
84 17
84 83
84 73
84 88
84 87
84 28
84 26
85 56
85 8
85 59
85 61
85 86
86 19
87 1
87 43
87 4
87 69
87 10
87 11
87 45
87 14
87 49
87 84
87 78
87 22
87 23
87 52
87 58
87 27
87 74
87 37
88 2
88 35
88 68
88 38
88 9
88 75
88 77
88 47
88 80
88 17
88 67
88 41
88 83
88 26
