88
1 2
1 35
1 36
1 5
1 38
1 7
1 11
1 44
1 66
1 14
1 13
1 59
1 83
1 84
1 78
1 22
1 87
1 26
1 15
1 37
1 85
3 2
3 36
3 38
3 7
3 11
3 66
3 78
3 15
3 16
3 18
3 84
3 14
3 85
4 2
4 36
4 38
4 7
4 11
4 66
4 78
4 13
4 16
4 18
4 83
4 84
4 14
4 15
4 85
6 2
6 38
6 18
6 16
6 17
6 50
6 84
15 16
15 17
15 50
15 51
16 18
16 17
16 2
16 51
16 50
17 2
17 36
17 38
17 7
17 66
17 11
17 18
17 14
17 16
17 50
17 84
17 78
19 1
19 5
19 7
19 10
19 11
19 13
19 14
19 15
19 22
19 24
19 26
19 31
19 32
19 35
19 36
19 37
19 39
19 40
19 44
19 47
19 48
19 52
19 58
19 59
19 67
19 76
19 78
19 81
19 83
19 85
19 86
19 87
20 1
20 5
20 7
20 10
20 11
20 13
20 14
20 15
20 22
20 24
20 26
20 31
20 32
20 35
20 36
20 37
20 39
20 44
20 47
20 48
20 58
20 59
20 66
20 67
20 76
20 78
20 83
20 85
20 86
20 87
22 16
22 17
22 50
22 51
23 2
23 35
23 36
23 5
23 38
23 7
23 11
23 66
23 14
23 13
23 83
23 84
23 78
23 26
23 15
23 85
24 1
24 5
24 7
24 10
24 11
24 12
24 13
24 14
24 15
24 22
24 26
24 27
24 31
24 32
24 35
24 36
24 37
24 39
24 40
24 44
24 47
24 48
24 52
24 58
24 59
24 64
24 67
24 76
24 78
24 81
24 83
24 85
24 86
24 87
25 2
25 36
25 38
25 7
25 11
25 66
25 14
25 13
25 18
25 83
25 84
25 78
25 26
25 15
25 85
27 2
27 66
27 38
27 7
27 11
27 18
27 16
27 50
27 84
28 2
28 66
28 38
28 18
28 16
28 50
28 84
30 51
31 2
31 36
31 38
31 7
31 66
31 11
31 18
31 14
31 16
31 50
31 84
31 78
32 2
32 35
32 36
32 5
32 38
32 7
32 11
32 44
32 66
32 14
32 13
32 59
32 83
32 84
32 78
32 22
32 87
32 26
32 15
32 37
32 85
34 2
34 50
34 16
34 17
34 18
34 51
35 2
35 59
35 36
35 5
35 38
35 7
35 11
35 44
35 66
35 14
35 13
35 83
35 84
35 78
35 22
35 87
35 26
35 15
35 37
35 85
36 1
36 5
36 10
36 11
36 12
36 13
36 14
36 15
36 22
36 24
36 26
36 27
36 31
36 32
36 35
36 37
36 39
36 40
36 44
36 47
36 48
36 52
36 58
36 59
36 64
36 67
36 76
36 78
36 81
36 83
36 85
36 86
36 87
37 2
37 66
37 38
37 7
37 11
37 18
37 14
37 16
37 50
37 84
41 2
41 38
41 18
41 16
41 17
41 50
41 84
42 5
42 7
42 11
42 13
42 14
42 15
42 22
42 24
42 26
42 35
42 36
42 37
42 38
42 44
42 47
42 59
42 66
42 78
42 83
42 84
42 85
42 87
43 2
43 66
43 38
43 7
43 11
43 18
43 14
43 16
43 50
43 84
45 2
45 66
45 38
45 7
45 11
45 18
45 14
45 16
45 50
45 84
45 78
46 16
46 17
46 50
46 51
47 2
47 35
47 36
47 5
47 38
47 7
47 11
47 66
47 14
47 13
47 18
47 83
47 84
47 78
47 26
47 15
47 85
48 1
48 5
48 7
48 10
48 11
48 13
48 14
48 15
48 22
48 24
48 26
48 31
48 32
48 35
48 36
48 37
48 39
48 44
48 47
48 58
48 59
48 66
48 67
48 76
48 78
48 81
48 83
48 85
48 86
48 87
49 2
49 36
49 38
49 7
49 11
49 66
49 78
49 13
49 16
49 18
49 83
49 84
49 14
49 15
49 85
50 1
50 5
50 7
50 11
50 13
50 14
50 15
50 22
50 24
50 26
50 31
50 35
50 36
50 37
50 38
50 39
50 44
50 47
50 48
50 58
50 59
50 66
50 67
50 76
50 78
50 83
50 84
50 85
50 86
50 87
53 2
53 36
53 38
53 7
53 11
53 66
53 78
53 15
53 16
53 18
53 84
53 14
53 85
54 2
54 66
54 38
54 7
54 11
54 18
54 16
54 50
54 84
55 2
55 36
55 38
55 7
55 66
55 11
55 18
55 78
55 15
55 16
55 50
55 84
55 14
56 16
56 17
56 2
56 50
56 18
58 1
58 5
58 7
58 11
58 13
58 14
58 15
58 22
58 24
58 26
58 31
58 35
58 36
58 37
58 38
58 39
58 44
58 47
58 48
58 59
58 66
58 67
58 76
58 78
58 83
58 84
58 85
58 86
58 87
60 2
60 66
60 38
60 7
60 11
60 18
60 16
60 50
60 84
61 5
61 7
61 11
61 13
61 14
61 15
61 22
61 24
61 26
61 35
61 36
61 37
61 38
61 44
61 47
61 59
61 66
61 78
61 83
61 84
61 85
61 87
62 2
62 66
62 38
62 7
62 11
62 18
62 16
62 50
62 84
63 2
63 36
63 38
63 7
63 11
63 66
63 14
63 13
63 18
63 83
63 84
63 78
63 15
63 85
64 2
64 35
64 36
64 5
64 38
64 7
64 11
64 66
64 14
64 13
64 83
64 84
64 78
64 26
64 15
64 85
65 2
65 36
65 38
65 7
65 11
65 66
65 14
65 13
65 18
65 83
65 84
65 78
65 26
65 15
65 85
68 1
68 5
68 7
68 11
68 13
68 14
68 15
68 22
68 24
68 26
68 31
68 35
68 36
68 37
68 39
68 44
68 47
68 48
68 58
68 59
68 66
68 67
68 76
68 78
68 83
68 84
68 85
68 86
68 87
69 2
69 66
69 38
69 7
69 11
69 18
69 14
69 16
69 50
69 84
70 51
71 2
71 66
71 38
71 7
71 18
71 16
71 50
71 84
72 2
72 35
72 36
72 5
72 38
72 7
72 11
72 66
72 14
72 13
72 83
72 84
72 78
72 26
72 15
72 85
73 5
73 7
73 11
73 13
73 14
73 15
73 22
73 24
73 26
73 35
73 36
73 37
73 38
73 44
73 47
73 48
73 58
73 59
73 66
73 78
73 83
73 84
73 85
73 87
77 1
77 5
77 7
77 10
77 11
77 13
77 14
77 15
77 22
77 24
77 26
77 31
77 32
77 35
77 36
77 37
77 39
77 44
77 47
77 48
77 52
77 58
77 59
77 66
77 67
77 76
77 78
77 81
77 83
77 85
77 86
77 87
79 1
79 5
79 7
79 11
79 13
79 14
79 15
79 22
79 24
79 26
79 31
79 32
79 35
79 36
79 37
79 39
79 44
79 47
79 48
79 58
79 59
79 66
79 67
79 76
79 78
79 83
79 85
79 86
79 87
80 2
80 50
80 16
80 17
80 18
80 51
81 1
81 5
81 7
81 10
81 11
81 12
81 13
81 14
81 15
81 22
81 24
81 26
81 27
81 31
81 32
81 35
81 36
81 37
81 39
81 40
81 44
81 47
81 48
81 52
81 58
81 59
81 64
81 67
81 76
81 78
81 83
81 85
81 86
81 87
82 2
82 35
82 36
82 5
82 38
82 7
82 11
82 66
82 14
82 13
82 83
82 84
82 78
82 26
82 15
82 85
83 16
83 17
83 2
83 50
83 18
84 5
84 7
84 11
84 13
84 14
84 15
84 22
84 24
84 26
84 35
84 36
84 37
84 38
84 44
84 47
84 48
84 58
84 59
84 66
84 78
84 83
84 85
84 87
85 2
85 66
85 38
85 7
85 11
85 18
85 16
85 50
85 84
88 2
88 66
88 38
88 7
88 11
88 18
88 14
88 16
88 50
88 84
88 78
