88
1 58
1 54
2 1
2 58
2 84
2 86
2 54
3 72
3 47
3 19
3 84
3 53
3 86
3 26
6 66
6 3
6 36
6 37
6 38
6 73
6 42
6 83
6 77
6 14
6 48
6 49
6 18
6 51
6 27
6 28
6 74
6 30
7 72
7 47
7 56
7 19
7 84
7 53
7 55
7 88
7 26
11 2
11 6
11 72
11 77
11 14
11 47
11 24
11 82
11 55
11 56
11 88
11 30
18 86
18 19
18 84
18 53
18 54
18 26
18 58
20 3
20 4
20 5
20 10
20 18
20 21
20 22
20 32
20 35
20 36
20 37
20 38
20 39
20 41
20 42
20 48
20 59
20 60
20 66
20 67
20 68
20 70
20 73
20 74
20 78
20 87
21 2
21 6
21 72
21 47
21 24
21 82
21 53
21 55
21 56
21 88
21 30
22 2
22 37
22 6
22 73
22 42
22 18
22 66
22 14
22 77
22 49
22 82
22 51
22 24
22 83
22 27
22 28
22 74
22 30
23 1
23 58
23 86
23 54
24 3
24 4
24 5
24 10
24 18
24 21
24 22
24 32
24 34
24 35
24 36
24 37
24 38
24 39
24 41
24 42
24 43
24 48
24 59
24 60
24 66
24 67
24 68
24 69
24 70
24 73
24 74
24 78
24 87
25 51
25 66
25 35
25 36
25 37
25 6
25 38
25 41
25 42
25 83
25 77
25 14
25 48
25 49
25 18
25 3
25 73
25 27
25 28
25 74
25 30
27 3
27 4
27 5
27 18
27 21
27 22
27 28
27 32
27 35
27 36
27 37
27 38
27 41
27 42
27 48
27 51
27 60
27 66
27 73
27 74
27 78
27 83
30 2
30 6
30 72
30 77
30 47
30 56
30 82
30 55
30 24
30 88
31 2
31 72
31 47
31 24
31 82
31 53
31 55
31 56
31 88
31 26
32 51
32 2
32 6
32 49
32 77
32 14
32 56
32 82
32 83
32 24
32 55
32 88
32 27
32 28
32 30
33 72
33 47
33 19
33 84
33 53
33 86
33 26
34 72
34 47
34 56
34 19
34 53
34 55
34 88
34 26
35 2
35 6
35 72
35 77
35 14
35 47
35 49
35 82
35 24
35 55
35 56
35 88
35 30
36 2
36 6
36 49
36 77
36 14
36 56
36 82
36 51
36 24
36 55
36 88
36 27
36 30
37 26
37 19
37 84
37 53
37 86
38 2
38 6
38 72
38 77
38 47
38 24
38 82
38 55
38 56
38 88
38 30
39 3
39 4
39 5
39 14
39 18
39 21
39 27
39 28
39 35
39 36
39 37
39 38
39 41
39 42
39 48
39 49
39 51
39 60
39 66
39 73
39 74
39 77
39 83
40 72
40 47
40 56
40 19
40 84
40 53
40 55
40 88
40 26
41 2
41 72
41 47
41 24
41 82
41 53
41 55
41 56
41 88
41 26
43 54
43 19
43 84
43 86
43 58
43 26
44 2
44 72
44 47
44 24
44 53
44 55
44 56
44 88
44 26
45 3
45 4
45 5
45 18
45 21
45 22
45 27
45 28
45 32
45 35
45 36
45 37
45 38
45 41
45 42
45 48
45 51
45 60
45 66
45 73
45 74
45 78
45 83
46 51
46 2
46 6
46 49
46 77
46 14
46 56
46 82
46 83
46 24
46 55
46 88
46 27
46 30
47 51
47 66
47 3
47 4
47 37
47 38
47 28
47 41
47 42
47 83
47 77
47 14
47 48
47 49
47 18
47 35
47 73
47 36
47 27
47 60
47 74
48 72
48 47
48 19
48 84
48 53
48 86
48 26
50 20
52 3
52 4
52 5
52 18
52 21
52 22
52 27
52 28
52 32
52 35
52 36
52 37
52 38
52 41
52 42
52 48
52 51
52 60
52 66
52 73
52 74
52 78
52 83
54 1
54 58
54 19
54 84
54 86
55 2
55 6
55 72
55 77
55 14
55 47
55 49
55 82
55 24
55 56
55 88
55 30
56 1
56 58
56 86
56 54
57 2
57 6
57 72
57 77
57 14
57 47
57 49
57 82
57 51
57 24
57 55
57 56
57 88
57 30
58 2
58 6
58 72
58 77
58 47
58 24
58 82
58 55
58 56
58 88
58 30
60 51
60 2
60 6
60 49
60 77
60 14
60 56
60 82
60 83
60 24
60 55
60 88
60 27
60 28
60 30
61 51
61 2
61 6
61 49
61 77
61 14
61 56
61 82
61 83
61 24
61 55
61 88
61 27
61 28
61 30
62 72
62 47
62 19
62 84
62 53
62 86
62 26
63 1
64 72
64 47
64 56
64 19
64 84
64 53
64 88
64 26
65 51
65 66
65 3
65 4
65 37
65 38
65 41
65 42
65 83
65 77
65 14
65 48
65 49
65 18
65 35
65 73
65 36
65 27
65 28
65 74
66 2
66 6
66 72
66 77
66 14
66 47
66 49
66 82
66 51
66 24
66 55
66 56
66 88
66 30
67 51
67 2
67 6
67 49
67 77
67 14
67 56
67 82
67 83
67 24
67 55
67 88
67 27
67 30
68 2
68 6
68 72
68 47
68 24
68 82
68 53
68 55
68 56
68 88
68 30
69 66
69 3
69 36
69 37
69 6
69 38
69 73
69 42
69 18
69 77
69 14
69 48
69 49
69 82
69 51
69 83
69 27
69 28
69 74
69 30
70 35
70 66
70 3
70 4
70 5
70 38
70 41
70 42
70 28
70 48
70 27
70 18
70 83
70 21
70 22
70 73
70 36
70 37
70 60
70 74
70 51
71 3
71 4
71 5
71 14
71 18
71 21
71 22
71 27
71 28
71 35
71 36
71 37
71 38
71 41
71 42
71 48
71 49
71 51
71 60
71 66
71 73
71 74
71 83
72 3
72 4
72 5
72 10
72 21
72 22
72 23
72 32
72 34
72 35
72 36
72 37
72 38
72 39
72 41
72 43
72 48
72 59
72 60
72 66
72 67
72 68
72 69
72 70
72 73
72 74
72 78
72 87
75 51
75 2
75 6
75 42
75 18
75 77
75 14
75 49
75 82
75 83
75 24
75 27
75 28
75 30
76 19
76 84
76 53
76 86
76 26
76 58
77 66
77 3
77 36
77 37
77 6
77 38
77 73
77 42
77 83
77 14
77 48
77 49
77 18
77 51
77 27
77 28
77 74
77 30
78 51
78 66
78 3
78 4
78 37
78 38
78 41
78 42
78 83
78 77
78 14
78 48
78 49
78 18
78 35
78 73
78 36
78 27
78 28
78 74
79 54
79 19
79 84
79 86
79 58
79 26
80 1
80 54
80 19
80 84
80 86
80 58
82 3
82 4
82 5
82 18
82 21
82 22
82 28
82 32
82 35
82 36
82 37
82 38
82 41
82 42
82 48
82 59
82 60
82 66
82 67
82 70
82 73
82 74
82 78
83 3
83 4
83 5
83 18
83 21
83 22
83 27
83 28
83 32
83 35
83 36
83 37
83 38
83 41
83 42
83 48
83 51
83 60
83 66
83 73
83 74
83 78
84 51
84 2
84 6
84 77
84 14
84 49
84 82
84 83
84 55
84 24
84 27
84 28
84 30
85 51
85 66
85 35
85 36
85 37
85 6
85 38
85 41
85 42
85 83
85 77
85 14
85 48
85 49
85 18
85 3
85 73
85 27
85 28
85 74
85 30
86 66
86 3
86 36
86 37
86 6
86 38
86 73
86 42
86 83
86 77
86 14
86 48
86 49
86 18
86 51
86 27
86 28
86 74
86 30
87 66
87 3
87 36
87 37
87 6
87 38
87 73
87 42
87 18
87 77
87 14
87 48
87 49
87 82
87 51
87 83
87 27
87 28
87 74
87 30
88 51
88 66
88 3
88 4
88 37
88 38
88 41
88 42
88 83
88 77
88 14
88 48
88 49
88 18
88 35
88 73
88 36
88 27
88 28
88 74
