88
1 3
1 5
1 8
1 12
1 14
1 25
1 42
1 43
1 49
1 50
1 53
1 56
1 57
1 59
1 64
1 66
1 72
1 73
1 74
1 78
1 79
1 87
2 3
2 5
2 8
2 12
2 14
2 25
2 42
2 43
2 49
2 50
2 52
2 53
2 57
2 59
2 64
2 66
2 71
2 72
2 73
2 74
2 78
2 79
2 87
3 64
3 66
3 87
3 5
3 72
3 73
3 42
3 43
3 12
3 78
3 79
3 49
3 50
3 25
3 53
3 23
3 56
3 57
3 58
3 59
3 74
4 64
4 66
4 3
4 69
4 72
4 73
4 42
4 43
4 61
4 79
4 56
4 53
4 87
4 23
4 57
4 58
4 31
4 74
4 5
5 32
5 2
5 67
5 36
5 70
5 76
5 44
5 77
5 46
5 82
5 30
9 64
9 66
9 3
9 5
9 72
9 73
9 42
9 43
9 12
9 78
9 79
9 56
9 25
9 53
9 87
9 23
9 57
9 58
9 74
9 31
10 3
10 5
10 8
10 12
10 14
10 25
10 42
10 43
10 49
10 50
10 53
10 56
10 57
10 59
10 64
10 66
10 72
10 73
10 74
10 78
10 79
10 87
11 3
11 5
11 8
11 12
11 14
11 25
11 42
11 43
11 49
11 50
11 52
11 53
11 57
11 59
11 64
11 66
11 71
11 72
11 73
11 74
11 78
11 79
11 87
12 35
12 68
12 69
12 9
12 15
12 48
12 24
12 19
12 23
12 56
12 88
12 58
12 47
12 28
12 61
12 31
13 65
13 34
13 11
13 4
13 37
13 7
13 8
13 10
13 71
13 75
13 83
13 52
13 86
13 60
17 32
17 2
17 67
17 36
17 70
17 76
17 44
17 46
17 82
17 51
17 30
18 35
18 68
18 69
18 9
18 15
18 48
18 24
18 19
18 23
18 56
18 88
18 58
18 47
18 28
18 61
18 31
19 65
19 34
19 11
19 37
19 7
19 8
19 75
19 10
19 71
19 13
19 14
19 49
19 50
19 83
19 52
19 86
19 25
19 59
19 60
21 3
21 5
21 8
21 12
21 14
21 25
21 42
21 43
21 49
21 50
21 52
21 57
21 59
21 64
21 66
21 71
21 72
21 73
21 74
21 78
21 79
21 87
22 1
22 33
22 39
22 40
22 51
22 21
24 2
24 35
24 38
24 9
24 77
24 15
24 27
24 19
24 88
24 47
24 28
25 6
27 35
27 68
27 69
27 31
27 9
27 15
27 48
27 24
27 19
27 53
27 23
27 56
27 88
27 58
27 47
27 28
27 61
27 5
28 2
28 70
28 38
28 9
28 76
28 77
28 46
28 47
28 82
28 27
29 64
29 66
29 68
29 69
29 72
29 73
29 42
29 61
29 79
29 48
29 53
29 23
29 56
29 57
29 58
29 31
29 74
29 5
31 35
31 68
31 69
31 38
31 9
31 15
31 48
31 24
31 19
31 88
31 47
31 28
31 61
32 40
32 1
32 51
32 30
32 33
33 2
33 70
33 38
33 9
33 76
33 77
33 46
33 44
33 82
33 27
34 84
34 6
35 3
35 5
35 8
35 12
35 14
35 25
35 42
35 43
35 49
35 50
35 53
35 56
35 57
35 59
35 64
35 66
35 72
35 73
35 74
35 78
35 79
35 87
36 32
36 2
36 67
36 70
36 76
36 44
36 77
36 46
36 82
36 30
37 3
37 7
37 8
37 10
37 11
37 12
37 14
37 25
37 42
37 43
37 49
37 50
37 52
37 57
37 59
37 60
37 64
37 66
37 71
37 72
37 73
37 74
37 75
37 78
37 83
37 86
37 87
38 3
38 5
38 8
38 12
38 14
38 25
38 42
38 43
38 49
38 50
38 52
38 57
38 59
38 60
38 64
38 66
38 71
38 72
38 73
38 74
38 78
38 79
38 87
40 35
40 68
40 69
40 38
40 9
40 15
40 48
40 24
40 19
40 88
40 47
40 28
40 61
41 35
41 68
41 38
41 9
41 15
41 48
41 24
41 19
41 88
41 47
41 28
41 61
42 32
42 1
42 67
42 36
42 44
42 82
42 51
42 30
43 3
43 5
43 8
43 12
43 14
43 25
43 42
43 49
43 50
43 52
43 53
43 57
43 59
43 64
43 66
43 71
43 72
43 73
43 74
43 78
43 79
43 87
44 3
44 5
44 8
44 12
44 14
44 25
44 42
44 43
44 49
44 50
44 52
44 57
44 59
44 64
44 66
44 71
44 72
44 73
44 74
44 78
44 79
44 87
47 64
47 66
47 3
47 69
47 72
47 73
47 42
47 43
47 12
47 79
47 56
47 53
47 87
47 23
47 57
47 58
47 31
47 74
47 5
48 32
48 2
48 67
48 36
48 70
48 38
48 76
48 44
48 77
48 46
48 82
48 27
49 35
49 68
49 38
49 9
49 77
49 15
49 27
49 24
49 19
49 88
49 47
49 28
50 3
50 7
50 8
50 10
50 11
50 12
50 14
50 25
50 37
50 43
50 49
50 52
50 57
50 59
50 60
50 66
50 71
50 72
50 73
50 74
50 75
50 78
50 83
50 86
50 87
51 40
51 1
51 32
51 30
51 33
53 6
55 35
55 68
55 69
55 31
55 15
55 48
55 24
55 19
55 53
55 23
55 56
55 88
55 58
55 79
55 28
55 61
55 5
57 32
57 2
57 67
57 36
57 70
57 76
57 44
57 77
57 46
57 82
57 27
57 30
58 32
58 1
58 33
58 40
58 51
58 21
58 30
60 3
60 7
60 8
60 12
60 14
60 25
60 37
60 42
60 43
60 49
60 50
60 52
60 57
60 59
60 64
60 66
60 71
60 72
60 73
60 74
60 75
60 78
60 83
60 86
60 87
61 40
61 33
61 84
61 21
61 39
62 6
63 64
63 66
63 3
63 69
63 72
63 73
63 42
63 43
63 12
63 78
63 79
63 56
63 53
63 87
63 23
63 57
63 58
63 31
63 74
63 5
64 2
64 67
64 70
64 38
64 76
64 44
64 77
64 46
64 82
64 27
67 1
67 33
67 39
67 40
67 51
67 21
68 32
68 2
68 67
68 36
68 70
68 38
68 76
68 44
68 77
68 46
68 82
68 27
69 32
69 2
69 67
69 36
69 70
69 38
69 76
69 44
69 77
69 46
69 82
69 27
70 32
70 1
70 36
70 33
70 40
70 51
70 30
71 2
71 27
71 70
71 38
71 9
71 77
71 15
71 19
71 24
71 47
71 28
73 1
73 33
73 39
73 40
73 51
73 21
73 30
74 1
74 33
74 39
74 40
74 51
74 21
75 40
75 33
75 84
75 21
75 39
76 40
76 1
76 39
76 21
76 33
77 3
77 5
77 8
77 12
77 14
77 25
77 42
77 43
77 49
77 50
77 53
77 56
77 57
77 59
77 64
77 66
77 72
77 73
77 74
77 78
77 79
77 87
78 32
78 2
78 67
78 36
78 70
78 76
78 44
78 77
78 46
78 82
78 27
79 40
79 33
79 84
79 21
79 39
81 1
81 33
81 39
81 40
81 51
81 21
82 32
82 1
82 36
82 33
82 40
82 51
82 30
83 64
83 66
83 3
83 69
83 72
83 73
83 42
83 43
83 61
83 79
83 56
83 53
83 87
83 23
83 57
83 58
83 31
83 74
83 5
84 2
84 27
84 70
84 38
84 9
84 76
84 77
84 46
84 15
84 47
84 28
87 64
87 66
87 68
87 69
87 72
87 73
87 42
87 61
87 79
87 48
87 53
87 23
87 56
87 57
87 58
87 31
87 74
87 5
88 3
88 7
88 8
88 11
88 12
88 14
88 25
88 37
88 42
88 43
88 49
88 50
88 52
88 57
88 59
88 60
88 64
88 66
88 71
88 72
88 73
88 74
88 75
88 78
88 83
88 86
88 87
