88
1 64
1 80
1 66
1 3
1 4
1 40
1 9
1 74
1 83
1 46
1 79
1 16
1 49
1 35
1 78
1 22
1 56
1 68
1 26
1 63
2 7
2 11
2 21
2 24
2 25
2 28
2 37
2 39
2 41
2 42
2 43
2 44
2 45
2 47
2 54
2 58
2 59
2 60
2 62
2 67
2 70
2 71
2 73
2 75
2 77
2 81
2 87
2 88
5 2
5 30
8 64
8 33
8 66
8 3
8 4
8 80
8 40
8 9
8 74
8 46
8 16
8 35
8 78
8 22
8 56
8 68
8 26
8 63
10 33
10 34
10 4
10 86
10 40
10 80
10 76
10 13
10 46
10 16
10 82
10 78
10 22
10 56
10 36
10 29
11 7
11 12
11 21
11 24
11 25
11 37
11 41
11 42
11 43
11 44
11 45
11 47
11 54
11 58
11 59
11 60
11 62
11 67
11 70
11 72
11 73
11 75
11 77
11 81
11 87
11 88
12 64
12 66
12 3
12 4
12 72
12 9
12 74
12 83
12 79
12 80
12 49
12 35
12 56
12 68
12 26
12 63
13 64
13 80
13 66
13 3
13 4
13 40
13 9
13 74
13 83
13 46
13 79
13 16
13 49
13 35
13 78
13 22
13 56
13 68
13 26
13 63
14 7
14 11
14 21
14 24
14 25
14 28
14 37
14 39
14 41
14 42
14 43
14 44
14 45
14 47
14 54
14 58
14 59
14 60
14 62
14 67
14 70
14 71
14 73
14 75
14 77
14 81
14 87
14 88
16 5
18 1
18 2
21 7
21 12
21 24
21 25
21 35
21 37
21 41
21 42
21 43
21 47
21 49
21 62
21 66
21 67
21 70
21 72
21 73
21 74
21 75
21 77
21 79
21 81
21 83
21 87
21 88
22 64
22 66
22 3
22 4
22 72
22 9
22 74
22 83
22 12
22 79
22 80
22 49
22 35
22 56
22 68
22 26
22 63
25 7
25 11
25 21
25 27
25 28
25 37
25 38
25 39
25 41
25 43
25 44
25 45
25 47
25 54
25 58
25 59
25 60
25 62
25 65
25 70
25 71
25 75
25 81
25 87
26 64
26 33
26 4
26 40
26 80
26 76
26 13
26 46
26 16
26 82
26 78
26 22
26 56
26 68
27 7
27 11
27 21
27 25
27 28
27 37
27 38
27 39
27 41
27 43
27 44
27 45
27 47
27 54
27 58
27 59
27 60
27 62
27 65
27 70
27 71
27 75
27 77
27 81
27 87
28 64
28 66
28 3
28 4
28 72
28 9
28 74
28 83
28 12
28 79
28 80
28 49
28 35
28 73
28 56
28 68
28 26
28 63
29 64
29 35
29 66
29 67
29 68
29 72
29 9
29 42
29 83
29 12
29 79
29 80
29 49
29 3
29 56
29 73
29 24
29 26
29 74
29 63
34 7
34 11
34 21
34 24
34 25
34 28
34 37
34 39
34 41
34 42
34 43
34 44
34 45
34 47
34 54
34 58
34 59
34 60
34 62
34 67
34 70
34 71
34 73
34 75
34 77
34 81
34 87
34 88
36 7
36 11
36 21
36 24
36 25
36 27
36 28
36 37
36 39
36 41
36 42
36 43
36 44
36 45
36 47
36 54
36 58
36 59
36 60
36 62
36 70
36 71
36 75
36 77
36 81
36 87
36 88
38 64
38 35
38 66
38 67
38 4
38 72
38 9
38 74
38 83
38 12
38 79
38 80
38 49
38 3
38 56
38 73
38 24
38 68
38 26
38 63
43 7
43 11
43 21
43 25
43 27
43 28
43 37
43 39
43 41
43 42
43 44
43 45
43 47
43 54
43 58
43 59
43 60
43 62
43 65
43 70
43 71
43 75
43 77
43 81
43 87
43 88
44 64
44 33
44 3
44 4
44 80
44 40
44 9
44 46
44 16
44 35
44 78
44 22
44 56
44 68
44 26
44 63
47 7
47 11
47 21
47 23
47 27
47 28
47 31
47 37
47 38
47 39
47 41
47 43
47 44
47 45
47 54
47 58
47 59
47 60
47 65
47 70
47 71
47 75
47 87
48 7
48 11
48 12
48 21
48 24
48 25
48 37
48 41
48 42
48 43
48 45
48 47
48 49
48 58
48 59
48 62
48 67
48 70
48 72
48 73
48 75
48 77
48 81
48 83
48 87
48 88
50 64
50 35
50 66
50 67
50 68
50 72
50 9
50 42
50 83
50 12
50 79
50 80
50 49
50 3
50 56
50 73
50 24
50 88
50 26
50 74
50 63
51 64
51 66
51 3
51 4
51 72
51 9
51 74
51 83
51 12
51 79
51 80
51 49
51 35
51 56
51 68
51 26
51 63
54 7
54 12
54 24
54 25
54 35
54 37
54 41
54 42
54 43
54 45
54 47
54 49
54 62
54 66
54 67
54 70
54 72
54 73
54 74
54 75
54 77
54 79
54 81
54 83
54 87
54 88
56 7
56 11
56 21
56 27
56 28
56 37
56 38
56 39
56 41
56 43
56 44
56 45
56 47
56 54
56 58
56 59
56 60
56 65
56 70
56 71
56 75
56 81
56 87
58 7
58 11
58 21
58 24
58 25
58 37
58 39
58 41
58 42
58 43
58 44
58 45
58 47
58 54
58 59
58 60
58 62
58 67
58 70
58 71
58 73
58 75
58 77
58 81
58 87
58 88
59 33
59 34
59 50
59 36
59 48
59 40
59 76
59 13
59 16
59 82
59 86
59 29
61 3
61 9
61 12
61 24
61 25
61 26
61 35
61 42
61 47
61 49
61 62
61 63
61 66
61 67
61 72
61 73
61 74
61 77
61 79
61 81
61 83
61 87
61 88
64 7
64 12
64 24
64 25
64 35
64 37
64 41
64 42
64 47
64 49
64 62
64 63
64 66
64 67
64 70
64 72
64 73
64 74
64 75
64 77
64 79
64 81
64 83
64 87
64 88
65 7
65 11
65 21
65 24
65 25
65 27
65 28
65 37
65 39
65 41
65 42
65 43
65 44
65 45
65 47
65 54
65 58
65 59
65 60
65 62
65 70
65 71
65 75
65 77
65 81
65 87
65 88
68 3
68 7
68 9
68 12
68 24
68 25
68 26
68 35
68 42
68 47
68 49
68 62
68 63
68 66
68 67
68 70
68 72
68 73
68 74
68 77
68 79
68 81
68 83
68 87
68 88
75 7
75 11
75 21
75 25
75 27
75 28
75 37
75 39
75 41
75 43
75 44
75 45
75 47
75 54
75 58
75 59
75 60
75 62
75 65
75 70
75 71
75 77
75 81
75 87
75 88
76 7
76 11
76 21
76 24
76 25
76 28
76 37
76 39
76 41
76 42
76 43
76 44
76 45
76 47
76 54
76 58
76 59
76 60
76 62
76 67
76 70
76 71
76 73
76 75
76 77
76 81
76 87
76 88
79 7
79 11
79 21
79 24
79 25
79 28
79 37
79 39
79 41
79 42
79 43
79 44
79 45
79 47
79 54
79 58
79 59
79 60
79 62
79 67
79 70
79 71
79 73
79 75
79 77
79 81
79 87
79 88
80 7
80 11
80 12
80 21
80 24
80 25
80 37
80 39
80 41
80 42
80 43
80 44
80 45
80 47
80 54
80 58
80 59
80 60
80 62
80 67
80 70
80 71
80 73
80 75
80 77
80 81
80 87
80 88
85 33
85 34
85 50
85 4
85 86
85 40
85 76
85 13
85 46
85 16
85 82
85 78
85 22
85 36
85 29
87 7
87 11
87 12
87 21
87 24
87 25
87 37
87 41
87 42
87 43
87 44
87 45
87 47
87 54
87 58
87 59
87 62
87 67
87 70
87 72
87 73
87 75
87 77
87 81
87 83
87 88
88 64
88 35
88 66
88 67
88 4
88 72
88 9
88 74
88 83
88 12
88 79
88 80
88 49
88 3
88 73
88 56
88 68
88 26
88 63
