88
1 64
1 32
1 66
1 36
1 70
1 40
1 73
1 42
1 29
1 80
1 88
1 57
1 58
1 74
2 33
2 67
2 37
2 65
2 8
2 76
2 79
2 17
2 22
2 26
3 64
3 51
3 36
3 32
3 71
3 42
3 14
3 29
3 80
3 83
3 25
3 53
3 87
3 68
3 27
3 28
3 74
4 65
4 67
4 37
4 8
4 75
4 12
4 13
4 79
4 16
4 22
4 26
4 54
5 68
5 9
5 17
5 51
5 53
5 87
5 27
5 28
5 61
5 62
6 16
6 34
6 75
6 12
6 54
7 64
7 51
7 66
7 36
7 70
7 71
7 42
7 14
7 29
7 80
7 83
7 53
7 25
7 68
7 74
7 32
8 33
8 67
8 76
8 79
8 17
8 22
8 61
8 62
9 16
9 75
9 12
9 13
9 54
10 65
10 67
10 37
10 8
10 76
10 13
10 79
10 22
10 26
11 65
11 67
11 37
11 8
11 76
11 13
11 79
11 22
11 26
12 64
12 51
12 66
12 36
12 70
12 71
12 42
12 14
12 29
12 80
12 83
12 32
12 25
12 68
12 74
13 32
13 51
13 36
13 71
13 9
13 74
13 14
13 80
13 83
13 25
13 53
13 87
13 68
13 27
13 28
13 29
14 64
14 51
14 36
14 32
14 71
14 42
14 29
14 80
14 83
14 25
14 53
14 87
14 68
14 27
14 28
14 74
16 5
16 10
16 48
16 18
16 85
16 63
16 31
17 2
17 35
17 69
17 6
17 39
17 72
17 10
17 11
17 44
17 47
17 20
17 21
17 52
18 64
18 1
18 66
18 4
18 70
18 38
18 40
18 41
18 42
18 55
18 77
18 73
18 88
18 57
18 58
19 64
19 32
19 66
19 36
19 70
19 71
19 42
19 14
19 29
19 80
19 83
19 25
19 74
20 33
20 67
20 9
20 76
20 79
20 17
20 22
20 61
20 62
21 33
21 67
21 37
21 65
21 8
21 76
21 79
21 22
21 26
22 68
22 9
22 17
22 51
22 53
22 87
22 27
22 28
22 61
22 62
23 59
24 33
24 67
24 37
24 65
24 8
24 76
24 79
24 22
24 26
25 33
25 9
25 17
25 87
25 27
25 28
25 61
25 62
26 1
26 66
26 4
26 70
26 38
26 40
26 41
26 55
26 77
26 73
26 88
26 57
26 58
27 33
27 67
27 37
27 65
27 8
27 76
27 13
27 79
27 22
27 26
28 48
28 18
28 30
28 63
29 2
29 3
29 4
29 69
29 6
29 7
29 41
29 43
29 77
29 78
29 47
29 35
29 52
29 21
29 23
29 55
29 38
30 33
30 67
30 37
30 76
30 79
30 17
30 22
30 62
31 1
31 4
31 70
31 38
31 7
31 40
31 41
31 23
31 77
31 73
31 88
31 57
31 58
31 55
32 64
32 51
32 66
32 36
32 70
32 71
32 42
32 14
32 29
32 80
32 83
32 25
32 68
32 74
33 32
33 51
33 36
33 71
33 9
33 74
33 14
33 80
33 83
33 25
33 53
33 87
33 68
33 27
33 28
33 29
34 1
34 3
34 4
34 38
34 7
34 40
34 41
34 43
34 77
34 88
34 73
34 23
34 57
34 58
34 55
35 65
35 67
35 37
35 8
35 12
35 75
35 76
35 13
35 79
35 16
35 22
35 26
35 54
36 2
36 3
36 69
36 6
36 39
36 72
36 11
36 44
36 78
36 47
36 43
36 35
36 20
36 21
36 52
37 5
37 10
37 44
37 48
37 85
37 63
37 31
38 65
38 37
38 8
38 75
38 12
38 13
38 16
38 54
38 26
39 33
39 67
39 37
39 65
39 76
39 79
39 17
39 22
39 26
39 62
40 1
40 3
40 4
40 38
40 7
40 41
40 43
40 77
40 78
40 88
40 73
40 23
40 57
40 58
40 55
41 65
41 8
41 75
41 12
41 13
41 16
41 54
41 26
42 1
42 2
42 3
42 4
42 69
42 6
42 7
42 40
42 41
42 43
42 77
42 78
42 47
42 52
42 73
42 23
42 57
42 58
42 38
42 55
43 64
43 51
43 66
43 36
43 70
43 71
43 42
43 14
43 29
43 80
43 83
43 32
43 25
43 68
43 74
44 1
44 66
44 4
44 70
44 38
44 7
44 40
44 41
44 23
44 77
44 73
44 88
44 57
44 58
44 55
45 9
45 17
45 53
45 87
45 27
45 28
45 61
45 62
46 65
46 67
46 37
46 8
46 76
46 13
46 79
46 22
46 26
47 65
47 67
47 37
47 8
47 12
47 75
47 76
47 13
47 79
47 22
47 26
47 54
48 33
48 9
48 17
48 53
48 87
48 27
48 28
48 61
48 62
49 33
49 67
49 37
49 76
49 79
49 17
49 22
49 62
50 32
50 51
50 36
50 71
50 9
50 74
50 14
50 80
50 83
50 25
50 53
50 87
50 68
50 27
50 28
50 29
51 65
51 67
51 37
51 8
51 12
51 75
51 76
51 13
51 79
51 22
51 26
51 54
52 19
53 19
54 32
54 51
54 36
54 71
54 74
54 14
54 80
54 83
54 25
54 53
54 87
54 68
54 27
54 28
54 29
55 5
55 10
55 48
55 18
55 85
55 63
55 31
56 16
56 34
56 75
56 12
56 54
58 33
58 9
58 17
58 53
58 87
58 27
58 28
58 61
58 62
59 64
59 1
59 66
59 70
59 32
59 40
59 73
59 42
59 77
59 55
59 88
59 57
59 58
60 33
60 9
60 76
60 17
60 61
60 62
61 65
61 37
61 8
61 75
61 12
61 13
61 16
61 54
61 26
62 33
62 9
62 17
62 53
62 87
62 27
62 28
62 61
63 34
64 32
64 51
64 36
64 71
64 42
64 14
64 29
64 80
64 83
64 25
64 53
64 87
64 68
64 27
64 28
64 74
65 1
65 66
65 4
65 70
65 38
65 40
65 41
65 55
65 77
65 73
65 88
65 57
65 58
66 33
66 67
66 37
66 65
66 8
66 76
66 13
66 79
66 22
66 26
67 64
67 51
67 36
67 32
67 71
67 42
67 14
67 29
67 80
67 83
67 25
67 53
67 87
67 68
67 27
67 28
67 74
68 51
68 71
68 9
68 14
68 83
68 53
68 87
68 25
68 27
68 28
68 61
69 9
69 33
69 61
69 62
69 17
70 59
71 65
71 8
71 75
71 12
71 13
71 16
71 54
71 26
72 64
72 32
72 66
72 36
72 70
72 71
72 42
72 14
72 29
72 80
72 83
72 25
72 68
72 74
73 33
73 67
73 37
73 65
73 8
73 76
73 79
73 17
73 22
73 26
74 68
74 9
74 17
74 51
74 53
74 87
74 27
74 28
74 61
74 62
75 64
75 51
75 66
75 36
75 70
75 71
75 42
75 14
75 29
75 80
75 83
75 53
75 25
75 68
75 28
75 74
75 32
76 32
76 51
76 36
76 71
76 74
76 14
76 80
76 83
76 25
76 53
76 87
76 68
76 27
76 28
76 29
77 65
77 67
77 37
77 8
77 75
77 76
77 13
77 79
77 22
77 54
77 26
78 9
78 17
78 51
78 53
78 87
78 27
78 28
78 61
78 62
79 16
79 75
79 12
79 13
79 54
80 65
80 67
80 37
80 8
80 12
80 75
80 76
80 13
80 79
80 22
80 26
80 54
81 16
81 34
81 75
81 12
81 54
83 2
83 3
83 4
83 69
83 6
83 7
83 72
83 41
83 43
83 78
83 47
83 35
83 52
83 21
83 23
83 38
84 64
84 1
84 66
84 4
84 70
84 38
84 40
84 41
84 42
84 55
84 77
84 73
84 88
84 57
84 58
85 19
87 33
87 67
87 37
87 65
87 8
87 76
87 79
87 17
87 22
87 26
88 33
88 9
88 17
88 27
88 61
88 62
