88
1 2
1 3
1 4
1 7
1 9
1 14
1 23
1 25
1 27
1 28
1 29
1 32
1 36
1 38
1 40
1 41
1 42
1 43
1 47
1 51
1 53
1 55
1 57
1 58
1 64
1 66
1 68
1 70
1 71
1 73
1 74
1 77
1 78
1 80
1 83
1 87
1 88
7 1
7 4
7 9
7 14
7 17
7 25
7 27
7 28
7 29
7 32
7 36
7 38
7 40
7 41
7 42
7 51
7 53
7 55
7 57
7 58
7 61
7 62
7 64
7 66
7 68
7 70
7 71
7 73
7 74
7 77
7 80
7 83
7 87
7 88
12 1
12 4
12 7
12 9
12 14
12 23
12 25
12 27
12 28
12 29
12 32
12 36
12 38
12 40
12 41
12 42
12 51
12 53
12 55
12 57
12 58
12 61
12 64
12 66
12 68
12 70
12 71
12 73
12 74
12 77
12 80
12 83
12 87
12 88
16 2
16 35
16 5
16 6
16 39
16 72
16 31
16 10
16 11
16 44
16 45
16 47
16 48
16 18
16 30
16 20
16 85
16 52
16 63
16 69
16 21
17 1
17 2
17 3
17 4
17 5
17 6
17 7
17 10
17 11
17 18
17 20
17 21
17 23
17 31
17 35
17 38
17 39
17 41
17 43
17 44
17 47
17 48
17 52
17 55
17 57
17 63
17 69
17 72
17 77
17 78
17 85
18 1
18 2
18 3
18 4
18 6
18 7
18 14
18 21
18 23
18 25
18 29
18 32
18 35
18 36
18 38
18 40
18 41
18 42
18 43
18 47
18 51
18 52
18 53
18 55
18 57
18 58
18 64
18 66
18 68
18 69
18 70
18 71
18 72
18 73
18 74
18 77
18 78
18 80
18 83
18 88
19 1
19 3
19 4
19 7
19 9
19 14
19 23
19 25
19 27
19 28
19 29
19 32
19 36
19 38
19 40
19 41
19 42
19 43
19 51
19 53
19 55
19 57
19 58
19 61
19 64
19 66
19 68
19 70
19 71
19 73
19 74
19 77
19 80
19 83
19 87
19 88
26 1
26 2
26 3
26 4
26 6
26 7
26 14
26 21
26 23
26 25
26 29
26 32
26 35
26 36
26 38
26 40
26 41
26 42
26 43
26 47
26 51
26 52
26 55
26 57
26 58
26 64
26 66
26 68
26 69
26 70
26 71
26 72
26 73
26 74
26 77
26 78
26 80
26 83
26 88
28 18
28 5
28 10
28 44
28 45
28 46
28 48
28 49
28 50
28 85
28 31
28 30
28 63
29 1
29 2
29 3
29 4
29 6
29 7
29 10
29 11
29 20
29 21
29 23
29 31
29 35
29 38
29 39
29 40
29 41
29 42
29 43
29 44
29 47
29 52
29 55
29 57
29 58
29 64
29 66
29 69
29 70
29 72
29 73
29 77
29 78
29 88
31 1
31 2
31 3
31 4
31 6
31 7
31 11
31 14
31 21
31 23
31 25
31 29
31 32
31 35
31 36
31 38
31 39
31 40
31 41
31 42
31 43
31 47
31 51
31 52
31 55
31 57
31 58
31 64
31 66
31 68
31 69
31 70
31 71
31 72
31 73
31 74
31 77
31 78
31 80
31 83
31 88
32 1
32 4
32 9
32 14
32 17
32 25
32 27
32 28
32 29
32 36
32 38
32 40
32 41
32 42
32 51
32 53
32 55
32 57
32 58
32 61
32 62
32 64
32 66
32 68
32 70
32 71
32 73
32 74
32 77
32 80
32 83
32 87
32 88
34 1
34 2
34 3
34 4
34 6
34 7
34 11
34 14
34 20
34 21
34 23
34 25
34 29
34 32
34 35
34 36
34 38
34 39
34 40
34 41
34 42
34 43
34 47
34 52
34 55
34 57
34 58
34 64
34 66
34 69
34 70
34 71
34 72
34 73
34 74
34 77
34 78
34 80
34 83
34 88
36 1
36 2
36 3
36 4
36 5
36 6
36 7
36 10
36 11
36 20
36 21
36 23
36 31
36 35
36 38
36 39
36 40
36 41
36 43
36 44
36 47
36 48
36 52
36 55
36 57
36 58
36 63
36 69
36 72
36 73
36 77
36 78
36 85
36 88
37 2
37 3
37 5
37 6
37 10
37 11
37 18
37 20
37 21
37 30
37 31
37 35
37 39
37 43
37 44
37 47
37 48
37 52
37 63
37 69
37 72
37 78
37 85
40 1
40 2
40 3
40 4
40 6
40 7
40 11
40 14
40 20
40 21
40 23
40 25
40 29
40 32
40 35
40 36
40 38
40 39
40 41
40 42
40 43
40 44
40 47
40 52
40 55
40 57
40 58
40 64
40 66
40 69
40 70
40 71
40 72
40 73
40 74
40 77
40 78
40 80
40 83
40 88
42 1
42 2
42 3
42 4
42 6
42 7
42 10
42 11
42 20
42 21
42 23
42 29
42 32
42 35
42 38
42 39
42 40
42 41
42 43
42 44
42 47
42 52
42 55
42 57
42 58
42 64
42 66
42 69
42 70
42 72
42 73
42 77
42 78
42 80
42 88
43 1
43 4
43 9
43 14
43 17
43 25
43 27
43 28
43 29
43 32
43 36
43 38
43 40
43 41
43 42
43 51
43 53
43 55
43 57
43 58
43 61
43 62
43 64
43 66
43 68
43 70
43 71
43 73
43 74
43 77
43 80
43 83
43 87
43 88
44 1
44 2
44 3
44 4
44 6
44 7
44 11
44 14
44 21
44 23
44 25
44 29
44 32
44 35
44 36
44 38
44 39
44 40
44 41
44 42
44 43
44 47
44 51
44 52
44 55
44 57
44 58
44 64
44 66
44 68
44 69
44 70
44 71
44 72
44 73
44 74
44 77
44 78
44 80
44 83
44 88
55 35
55 5
55 6
55 39
55 72
55 31
55 10
55 11
55 44
55 45
55 48
55 18
55 30
55 52
55 85
55 20
55 63
55 69
55 21
59 1
59 2
59 3
59 4
59 6
59 7
59 14
59 23
59 25
59 27
59 28
59 29
59 32
59 35
59 36
59 38
59 40
59 41
59 42
59 43
59 47
59 51
59 52
59 53
59 55
59 57
59 58
59 64
59 66
59 68
59 69
59 70
59 71
59 73
59 74
59 77
59 78
59 80
59 83
59 87
59 88
65 1
65 2
65 3
65 4
65 6
65 7
65 14
65 21
65 23
65 25
65 29
65 32
65 35
65 36
65 38
65 40
65 41
65 42
65 43
65 47
65 51
65 52
65 55
65 57
65 58
65 64
65 66
65 68
65 69
65 70
65 71
65 72
65 73
65 74
65 77
65 78
65 80
65 83
65 88
72 1
72 3
72 4
72 7
72 9
72 14
72 23
72 25
72 27
72 28
72 29
72 32
72 36
72 38
72 40
72 41
72 42
72 51
72 53
72 55
72 57
72 58
72 61
72 64
72 66
72 68
72 70
72 71
72 73
72 74
72 77
72 80
72 83
72 87
72 88
75 1
75 4
75 9
75 14
75 17
75 25
75 27
75 28
75 29
75 32
75 36
75 38
75 40
75 41
75 42
75 51
75 53
75 55
75 57
75 58
75 61
75 62
75 64
75 66
75 68
75 70
75 71
75 73
75 74
75 77
75 80
75 83
75 87
75 88
83 1
83 2
83 3
83 4
83 6
83 7
83 10
83 11
83 20
83 21
83 23
83 31
83 35
83 38
83 39
83 40
83 41
83 43
83 44
83 47
83 52
83 55
83 57
83 58
83 66
83 69
83 70
83 72
83 73
83 77
83 78
83 85
83 88
84 1
84 2
84 3
84 4
84 6
84 7
84 14
84 21
84 23
84 25
84 29
84 32
84 35
84 36
84 38
84 40
84 41
84 42
84 43
84 47
84 51
84 52
84 55
84 57
84 58
84 64
84 66
84 68
84 69
84 70
84 71
84 72
84 73
84 74
84 77
84 78
84 80
84 83
84 88
