88
1 40
1 9
1 17
1 50
1 53
1 57
2 34
2 82
3 19
3 33
3 67
3 4
3 37
3 7
3 41
3 10
3 75
3 45
3 14
3 61
3 83
3 46
3 54
3 87
3 68
3 31
3 74
3 21
4 33
4 83
4 68
4 37
4 70
4 7
4 41
4 75
4 14
4 19
4 25
4 46
4 54
4 87
4 55
4 31
4 61
4 21
5 32
5 65
5 43
5 36
5 71
5 40
5 11
5 76
5 80
5 72
5 52
5 23
5 26
5 63
6 2
6 59
6 77
6 15
6 22
6 88
6 27
6 60
7 42
7 5
8 44
9 50
9 44
10 86
12 86
14 64
14 51
14 66
14 3
14 69
14 73
14 78
14 79
14 48
14 49
14 35
14 24
14 56
14 58
14 28
14 62
16 42
16 5
17 66
17 3
17 38
17 73
17 78
17 47
17 48
17 24
17 51
17 56
17 58
17 79
17 28
17 62
18 13
20 16
21 64
21 35
21 36
21 69
21 39
21 72
21 43
21 76
21 78
21 79
21 48
21 49
21 51
21 11
21 56
21 58
21 26
21 62
21 63
22 65
22 71
22 40
22 9
22 80
22 52
22 23
22 57
23 6
24 20
24 5
25 1
25 70
25 77
25 14
25 15
25 55
25 27
25 60
26 66
26 3
26 38
26 73
26 78
26 47
26 48
26 24
26 51
26 56
26 58
26 79
26 28
26 62
27 1
27 37
27 70
27 7
27 41
27 55
27 14
27 15
27 83
27 21
27 87
27 25
27 33
27 61
27 31
28 64
28 32
28 35
28 36
28 69
28 39
28 72
28 11
28 76
28 78
28 80
28 49
28 51
28 43
28 58
28 26
28 63
29 44
30 17
30 50
30 44
30 53
31 19
31 66
31 67
31 68
31 38
31 73
31 10
31 75
31 45
31 46
31 47
31 3
31 84
31 54
31 24
31 28
31 74
32 1
32 33
32 70
32 7
32 41
32 55
32 14
32 15
32 83
32 21
32 87
32 25
32 27
32 60
32 61
33 61
33 67
33 4
33 37
33 38
33 73
33 10
33 75
33 45
33 46
33 47
33 19
33 84
33 54
33 87
33 24
33 68
33 74
33 31
34 2
34 5
34 20
34 22
34 88
34 59
35 19
35 33
35 4
35 37
35 70
35 7
35 41
35 74
35 75
35 14
35 83
35 25
35 46
35 54
35 87
35 68
35 31
35 61
35 21
36 1
36 70
36 41
36 77
36 14
36 15
36 83
36 55
36 25
36 27
36 60
37 66
37 3
37 38
37 73
37 47
37 48
37 24
37 51
37 84
37 56
37 79
37 28
37 62
38 1
38 70
38 77
38 15
38 55
38 27
38 60
39 1
39 37
39 70
39 7
39 41
39 55
39 14
39 15
39 83
39 21
39 87
39 25
39 33
39 61
39 31
40 1
40 77
40 15
40 55
40 27
40 60
41 2
41 59
41 77
41 15
41 22
41 88
41 27
41 60
42 1
42 37
42 70
42 7
42 41
42 55
42 14
42 83
42 21
42 87
42 25
42 33
42 61
42 31
43 1
43 70
43 77
43 15
43 55
43 27
43 60
44 1
44 33
44 70
44 7
44 41
44 14
44 15
44 83
44 21
44 55
44 25
44 27
44 60
45 2
45 59
45 77
45 22
45 88
45 27
45 60
46 88
46 2
46 20
46 5
46 22
47 1
47 33
47 70
47 7
47 41
47 14
47 15
47 83
47 21
47 55
47 25
47 27
47 60
48 1
48 59
48 77
48 15
48 55
48 27
48 60
49 61
49 67
49 4
49 37
49 38
49 7
49 10
49 75
49 45
49 46
49 47
49 19
49 84
49 54
49 87
49 68
49 74
49 31
50 19
50 33
50 67
50 4
50 37
50 7
50 10
50 75
50 45
50 46
50 61
50 83
50 84
50 21
50 54
50 87
50 68
50 74
50 31
51 32
51 65
51 71
51 40
51 76
51 80
51 72
51 52
51 23
51 26
52 64
52 51
52 35
52 36
52 69
52 39
52 72
52 11
52 78
52 79
52 48
52 49
52 3
52 43
52 56
52 58
52 28
52 62
52 63
53 42
53 5
54 61
54 67
54 4
54 37
54 38
54 73
54 10
54 75
54 45
54 46
54 47
54 19
54 84
54 87
54 24
54 68
54 74
54 31
55 1
55 4
55 37
55 70
55 7
55 41
55 14
55 83
55 21
55 54
55 87
55 25
55 33
55 61
55 31
56 4
56 7
56 10
56 14
56 19
56 21
56 25
56 31
56 33
56 37
56 41
56 45
56 46
56 54
56 61
56 67
56 68
56 70
56 74
56 75
56 83
56 87
57 6
58 1
58 33
58 70
58 7
58 41
58 14
58 15
58 83
58 21
58 55
58 25
58 27
58 60
59 18
59 42
59 85
60 42
60 5
61 2
61 59
61 77
61 15
61 22
61 88
61 27
61 60
62 1
62 83
62 75
62 4
62 37
62 70
62 33
62 41
62 7
62 14
62 19
62 25
62 46
62 54
62 87
62 68
62 31
62 61
62 55
62 21
63 1
63 70
63 41
63 77
63 14
63 15
63 55
63 25
63 27
63 60
64 1
64 4
64 37
64 70
64 33
64 41
64 7
64 14
64 83
64 25
64 21
64 54
64 87
64 68
64 61
64 55
64 31
65 1
65 70
65 41
65 77
65 14
65 15
65 83
65 55
65 25
65 27
65 60
66 19
66 33
66 67
66 4
66 37
66 7
66 10
66 75
66 45
66 46
66 61
66 83
66 84
66 21
66 54
66 87
66 68
66 74
66 31
67 61
67 4
67 37
67 38
67 10
67 75
67 45
67 46
67 47
67 19
67 84
67 54
67 87
67 24
67 68
67 74
67 31
68 66
68 67
68 4
68 38
68 73
68 10
68 75
68 45
68 46
68 47
68 19
68 84
68 54
68 24
68 74
69 2
69 5
69 20
69 22
69 88
69 59
70 42
70 5
71 42
71 5
72 1
72 37
72 70
72 7
72 41
72 55
72 14
72 15
72 83
72 21
72 87
72 25
72 33
72 61
72 31
73 1
73 33
73 70
73 7
73 41
73 55
73 14
73 15
73 83
73 21
73 87
73 25
73 27
73 60
73 61
74 19
74 1
74 4
74 37
74 70
74 33
74 41
74 7
74 14
74 83
74 25
74 21
74 54
74 87
74 68
74 61
74 55
74 31
75 19
75 33
75 67
75 4
75 37
75 7
75 41
75 10
75 45
75 46
75 61
75 83
75 84
75 21
75 54
75 87
75 68
75 74
75 31
76 2
76 59
76 77
76 15
76 22
76 88
76 27
76 60
77 64
77 51
77 66
77 35
77 69
77 39
77 78
77 79
77 48
77 49
77 3
77 56
77 58
77 28
77 62
78 2
78 59
78 77
78 22
78 88
78 27
78 60
79 42
79 5
80 64
80 35
80 36
80 69
80 39
80 72
80 43
80 78
80 79
80 48
80 49
80 51
80 11
80 56
80 58
80 26
80 62
80 63
81 2
81 59
81 77
81 15
81 22
81 88
81 27
81 60
82 61
82 67
82 4
82 37
82 38
82 10
82 75
82 45
82 46
82 47
82 19
82 84
82 54
82 87
82 24
82 68
82 74
82 31
83 64
83 51
83 35
83 36
83 69
83 39
83 11
83 78
83 79
83 48
83 49
83 3
83 43
83 56
83 58
83 28
83 62
83 63
84 32
84 65
84 71
84 40
84 43
84 76
84 80
84 72
84 52
84 23
84 26
85 18
85 42
85 5
87 19
87 66
87 67
87 4
87 38
87 73
87 10
87 75
87 45
87 46
87 47
87 3
87 84
87 54
87 24
87 68
87 28
87 74
88 64
88 51
88 66
88 35
88 36
88 69
88 39
88 11
88 78
88 79
88 48
88 49
88 3
88 56
88 58
88 28
88 62
88 63
