88
1 34
1 36
1 81
1 82
1 19
1 53
1 26
1 60
2 36
2 38
2 8
2 41
2 45
2 81
2 82
2 52
2 58
2 60
2 29
3 80
3 4
3 70
3 42
3 48
3 17
3 55
4 80
4 34
4 70
4 42
4 48
4 17
4 19
4 53
5 36
5 38
5 8
5 41
5 45
5 81
5 82
5 52
5 58
5 60
5 29
6 1
6 2
6 68
6 37
6 65
6 72
6 10
6 18
6 13
6 47
6 50
6 84
6 87
6 61
6 25
6 74
8 80
8 34
8 4
8 70
8 42
8 48
8 17
8 19
8 53
9 32
9 2
9 68
9 37
9 71
9 72
9 73
9 43
9 47
9 18
9 25
9 63
9 61
9 69
10 66
10 83
11 34
11 4
11 70
11 42
11 19
11 53
11 26
12 80
12 4
12 70
12 42
12 48
12 17
12 55
13 34
13 4
13 70
13 42
13 19
13 53
13 26
14 32
14 69
14 38
14 71
14 8
14 41
14 43
14 45
14 73
14 58
14 63
15 22
16 36
16 81
16 82
16 52
16 26
16 60
17 36
17 81
17 82
17 19
17 26
17 60
18 40
18 33
18 49
19 3
19 64
19 67
19 11
19 77
19 14
19 51
19 21
19 86
19 23
19 88
19 30
20 1
20 18
20 59
20 37
20 6
20 65
20 10
20 13
20 47
20 50
20 84
20 87
20 25
20 79
20 74
21 36
21 81
21 82
21 19
21 26
21 60
22 40
22 49
23 66
23 83
23 55
24 32
24 1
24 2
24 68
24 37
24 6
24 72
24 73
24 43
24 47
24 18
24 25
24 61
24 69
25 32
25 2
25 68
25 69
25 38
25 71
25 8
25 41
25 43
25 45
25 73
25 58
25 63
26 81
26 82
26 52
26 60
26 36
27 65
27 35
27 12
27 10
27 75
27 44
27 13
27 46
27 79
27 50
27 84
27 78
27 87
27 24
27 59
27 74
27 31
28 36
28 81
28 82
28 52
28 26
28 60
28 29
29 3
29 5
29 9
29 14
29 54
29 27
30 3
30 9
30 77
30 14
30 51
30 21
30 86
30 23
30 88
31 34
31 81
31 82
31 19
31 53
31 26
31 60
32 38
32 71
32 8
32 41
32 43
32 45
32 73
32 58
32 29
32 63
33 1
33 59
33 6
33 65
33 12
33 10
33 44
33 13
33 78
33 47
33 50
33 84
33 87
33 24
33 79
33 74
34 1
34 2
34 68
34 37
34 6
34 65
34 72
34 10
34 18
34 13
34 47
34 50
34 84
34 87
34 61
34 25
34 74
34 69
35 36
35 81
35 82
35 52
35 26
35 60
35 29
36 32
36 1
36 2
36 68
36 37
36 6
36 72
36 13
36 47
36 18
36 84
36 87
36 25
36 61
36 69
38 56
39 34
39 4
39 70
39 42
39 17
39 19
39 53
39 26
40 3
40 5
40 9
40 77
40 14
40 51
40 54
40 23
40 88
40 86
41 32
41 1
41 2
41 68
41 37
41 6
41 72
41 73
41 43
41 47
41 18
41 25
41 63
41 61
41 69
42 65
42 35
42 12
42 10
42 75
42 44
42 13
42 46
42 79
42 50
42 84
42 78
42 87
42 24
42 59
42 74
42 31
43 3
43 5
43 9
43 14
43 51
43 54
43 27
44 1
44 59
44 6
44 65
44 10
44 12
44 13
44 78
44 47
44 50
44 84
44 87
44 24
44 79
44 74
44 31
45 32
45 2
45 68
45 69
45 71
45 8
45 41
45 43
45 72
45 18
45 73
45 25
45 58
45 63
45 61
45 37
46 36
46 38
46 71
46 8
46 41
46 45
46 52
46 58
46 29
46 63
47 64
47 67
47 30
47 11
47 77
47 51
47 21
47 86
47 23
47 88
47 62
48 64
48 35
48 11
48 51
48 30
48 75
48 77
48 46
48 67
48 21
48 86
48 23
48 88
48 62
49 36
49 81
49 82
49 52
49 60
49 29
50 3
50 5
50 9
50 76
50 15
50 54
50 27
51 65
51 35
51 12
51 10
51 11
51 44
51 13
51 46
51 79
51 59
51 50
51 84
51 78
51 87
51 24
51 75
51 74
51 62
51 31
52 1
52 59
52 6
52 65
52 12
52 10
52 44
52 13
52 78
52 47
52 50
52 84
52 87
52 24
52 79
52 74
53 36
53 38
53 71
53 8
53 41
53 45
53 52
53 58
53 29
53 63
54 80
54 4
54 70
54 42
54 48
54 17
54 55
55 64
55 35
55 11
55 31
55 12
55 30
55 75
55 44
55 46
55 79
55 67
55 78
55 24
55 59
55 62
55 21
56 32
56 2
56 68
56 69
56 38
56 71
56 8
56 41
56 43
56 45
56 73
56 58
56 63
57 80
57 48
57 66
57 83
57 55
58 80
58 48
58 66
58 83
58 55
59 65
59 67
59 12
59 10
59 11
59 44
59 13
59 46
59 79
59 50
59 35
59 84
59 78
59 87
59 24
59 75
59 74
59 62
59 31
60 3
60 5
60 9
60 77
60 14
60 51
60 54
60 23
60 88
60 86
61 32
61 69
61 38
61 71
61 8
61 41
61 43
61 45
61 73
61 58
61 63
62 32
62 1
62 2
62 68
62 37
62 6
62 71
62 72
62 73
62 43
62 47
62 18
62 25
62 63
62 61
62 69
63 1
63 59
63 6
63 65
63 10
63 13
63 47
63 50
63 84
63 87
63 24
63 25
63 79
63 74
64 36
64 38
64 8
64 41
64 45
64 81
64 82
64 52
64 58
64 60
64 29
65 80
65 4
65 70
65 42
65 48
65 17
65 55
66 38
66 71
66 8
66 41
66 43
66 45
66 52
66 73
66 58
66 29
66 63
67 34
67 36
67 81
67 82
67 19
67 26
67 60
68 32
68 69
68 38
68 71
68 8
68 41
68 43
68 45
68 73
68 58
68 63
69 66
69 83
69 55
70 38
70 71
70 8
70 41
70 43
70 45
70 52
70 73
70 58
70 29
70 63
71 36
71 38
71 8
71 41
71 45
71 81
71 82
71 52
71 58
71 29
72 36
72 38
72 71
72 8
72 41
72 45
72 52
72 58
72 29
72 63
73 38
73 71
73 8
73 41
73 43
73 45
73 52
73 58
73 29
73 63
74 36
74 38
74 8
74 41
74 45
74 81
74 82
74 52
74 58
74 60
74 29
75 36
75 38
75 71
75 8
75 41
75 45
75 52
75 58
75 29
75 63
76 36
76 38
76 71
76 8
76 41
76 45
76 81
76 82
76 52
76 58
76 29
77 1
77 59
77 6
77 65
77 12
77 10
77 44
77 13
77 78
77 47
77 50
77 84
77 87
77 24
77 79
77 74
78 1
78 59
78 6
78 65
78 10
78 12
78 13
78 47
78 50
78 84
78 87
78 24
78 25
78 79
78 74
79 1
79 2
79 68
79 37
79 6
79 65
79 72
79 10
79 18
79 13
79 47
79 50
79 84
79 87
79 61
79 25
79 74
79 69
80 20
80 27
80 76
80 15
81 32
81 2
81 68
81 69
81 38
81 71
81 8
81 41
81 43
81 45
81 72
81 18
81 73
81 58
81 63
81 61
81 37
82 65
82 35
82 12
82 10
82 75
82 44
82 13
82 46
82 79
82 50
82 84
82 78
82 87
82 24
82 59
82 74
82 31
83 20
83 76
83 15
84 65
84 35
84 12
84 10
84 11
84 44
84 13
84 46
84 79
84 59
84 50
84 78
84 87
84 24
84 75
84 74
84 62
84 31
85 56
86 3
86 5
86 9
86 76
86 15
86 54
86 27
87 32
87 2
87 68
87 69
87 38
87 71
87 8
87 41
87 43
87 45
87 72
87 73
87 58
87 61
87 63
88 36
88 38
88 8
88 41
88 45
88 81
88 82
88 52
88 58
88 60
88 29
