88
1 2
1 43
1 37
1 6
1 39
1 72
1 71
1 44
1 66
1 14
1 19
1 85
1 23
1 24
1 27
1 61
1 63
2 76
2 5
3 33
3 36
3 45
3 81
3 50
3 87
3 25
3 29
4 32
4 33
4 36
4 69
4 45
4 81
4 50
4 53
4 86
4 87
5 4
5 12
5 18
5 15
5 82
5 28
6 66
6 3
6 37
6 39
6 72
6 71
6 44
6 78
6 43
6 85
6 23
6 26
6 27
6 61
6 62
6 63
7 84
7 1
7 67
7 68
7 40
7 42
7 11
7 76
7 48
7 20
7 88
7 57
7 74
10 60
10 5
11 84
11 1
11 3
11 68
11 40
11 42
11 76
11 48
11 67
11 20
11 88
11 57
11 26
11 74
11 62
14 1
14 67
14 11
14 76
14 48
14 57
19 64
19 70
19 38
19 9
19 10
19 75
19 77
19 46
19 79
19 49
19 83
19 73
19 41
19 59
19 30
20 66
20 43
20 37
20 6
20 39
20 72
20 71
20 44
20 14
20 85
20 23
20 24
20 27
20 61
20 63
21 84
21 1
21 3
21 68
21 40
21 42
21 11
21 76
21 48
21 67
21 20
21 88
21 57
21 26
21 74
21 62
22 32
22 34
22 36
22 69
22 8
22 13
22 47
22 80
22 17
22 51
22 52
22 53
22 86
22 58
22 30
22 31
23 66
23 3
23 68
23 37
23 39
23 40
23 42
23 43
23 44
23 78
23 20
23 85
23 88
23 26
23 27
23 62
24 4
24 12
24 18
24 15
24 82
24 28
25 1
25 66
25 3
25 68
25 40
25 42
25 43
25 78
25 48
25 84
25 57
25 23
25 88
25 20
25 26
25 27
25 74
25 62
26 32
26 51
26 34
26 69
26 8
26 13
26 47
26 80
26 17
26 83
26 52
26 53
26 86
26 58
26 30
26 31
27 4
27 82
27 60
27 15
28 60
28 82
28 12
28 4
28 15
29 64
29 70
29 38
29 9
29 10
29 75
29 77
29 46
29 79
29 49
29 83
29 73
29 41
29 59
29 30
31 51
31 34
31 59
31 70
31 8
31 10
31 77
31 46
31 47
31 80
31 17
31 83
31 52
31 79
31 30
32 64
32 2
32 70
32 6
32 38
32 9
32 10
32 75
32 73
32 77
32 46
32 79
32 49
32 19
32 22
32 41
32 59
33 4
33 82
33 60
33 15
34 64
34 2
34 70
34 6
34 38
34 9
34 10
34 75
34 73
34 77
34 46
34 79
34 49
34 19
34 22
34 41
34 59
35 64
35 70
35 38
35 9
35 10
35 75
35 73
35 77
35 46
35 79
35 49
35 83
35 22
35 41
35 59
35 30
36 66
36 3
36 37
36 39
36 72
36 71
36 44
36 78
36 43
36 20
36 85
36 23
36 88
36 26
36 27
36 61
36 62
37 76
37 5
38 84
38 1
38 3
38 68
38 40
38 42
38 11
38 76
38 78
38 48
38 67
38 20
38 88
38 57
38 26
38 74
38 62
39 1
39 66
39 3
39 68
39 40
39 42
39 11
39 78
39 48
39 67
39 84
39 57
39 23
39 88
39 20
39 26
39 27
39 74
39 62
40 84
40 1
40 3
40 68
40 42
40 11
40 76
40 78
40 48
40 67
40 20
40 88
40 57
40 26
40 74
40 62
41 64
41 2
41 70
41 6
41 9
41 10
41 75
41 14
41 79
41 49
41 19
41 46
41 22
41 73
41 24
41 38
42 1
42 66
42 3
42 68
42 40
42 74
42 11
42 78
42 48
42 43
42 84
42 57
42 23
42 88
42 20
42 26
42 27
42 62
43 2
43 38
43 6
43 9
43 75
43 14
43 73
43 49
43 19
43 22
43 41
43 24
43 61
43 63
44 60
44 5
45 1
45 67
45 11
45 76
45 48
45 57
46 76
46 5
47 66
47 3
47 37
47 39
47 72
47 71
47 44
47 78
47 43
47 20
47 85
47 23
47 88
47 26
47 27
47 61
47 62
48 66
48 37
48 39
48 72
48 43
48 44
48 78
48 61
48 85
48 23
48 71
48 27
48 26
48 62
48 63
49 64
49 51
49 34
49 59
49 70
49 8
49 10
49 77
49 46
49 47
49 80
49 17
49 83
49 52
49 79
49 30
49 31
51 4
51 28
51 12
51 15
51 82
51 60
52 2
52 43
52 37
52 6
52 39
52 72
52 71
52 44
52 66
52 14
52 19
52 85
52 22
52 23
52 24
52 27
52 61
52 63
53 64
53 2
53 70
53 6
53 38
53 9
53 10
53 75
53 73
53 14
53 79
53 49
53 19
53 46
53 22
53 41
53 24
53 59
54 2
54 37
54 6
54 39
54 72
54 41
54 71
54 44
54 14
54 19
54 85
54 22
54 24
54 38
54 61
54 63
55 64
55 2
55 70
55 6
55 38
55 9
55 10
55 75
55 73
55 77
55 46
55 79
55 49
55 19
55 22
55 41
55 59
56 12
56 18
56 28
56 82
56 15
57 2
57 38
57 6
57 71
57 72
57 9
57 75
57 44
57 14
57 19
57 22
57 41
57 24
57 61
57 63
58 5
60 2
60 37
60 6
60 39
60 72
60 41
60 71
60 44
60 14
60 19
60 85
60 22
60 24
60 38
60 61
60 63
61 60
61 5
62 1
62 66
62 3
62 68
62 40
62 42
62 11
62 78
62 48
62 43
62 84
62 57
62 23
62 88
62 20
62 26
62 27
62 74
63 60
63 5
64 60
64 5
65 18
66 64
66 2
66 70
66 6
66 38
66 9
66 10
66 75
66 73
66 77
66 46
66 79
66 49
66 19
66 22
66 41
66 59
67 66
67 3
67 68
67 37
67 39
67 40
67 42
67 43
67 78
67 48
67 57
67 84
67 85
67 23
67 88
67 20
67 26
67 27
67 74
67 62
68 66
68 3
68 37
68 39
68 72
68 71
68 44
68 78
68 43
68 20
68 85
68 23
68 88
68 26
68 27
68 62
69 5
71 2
71 37
71 6
71 72
71 41
71 44
71 14
71 19
71 22
71 24
71 38
71 61
71 63
72 64
72 34
72 59
72 70
72 9
72 10
72 75
72 77
72 46
72 47
72 80
72 49
72 83
72 52
72 73
72 79
72 30
73 5
74 2
74 38
74 6
74 9
74 75
74 14
74 73
74 49
74 19
74 22
74 41
74 24
74 61
74 63
75 84
75 1
75 3
75 68
75 40
75 42
75 11
75 76
75 48
75 67
75 20
75 88
75 57
75 26
75 74
75 62
76 64
76 70
76 38
76 9
76 10
76 75
76 73
76 77
76 46
76 79
76 49
76 83
76 22
76 41
76 59
77 84
77 1
77 3
77 68
77 40
77 42
77 11
77 76
77 48
77 67
77 20
77 88
77 57
77 26
77 74
78 1
78 3
78 68
78 40
78 42
78 11
78 48
78 67
78 84
78 57
78 88
78 20
78 26
78 74
78 62
79 66
79 3
79 37
79 39
79 72
79 71
79 44
79 78
79 43
79 20
79 85
79 23
79 88
79 26
79 27
79 61
79 62
80 33
80 45
80 81
80 21
80 87
80 56
80 25
80 29
82 51
82 34
82 59
82 8
82 77
82 46
82 13
82 80
82 17
82 83
82 52
82 58
82 47
82 30
82 31
83 66
83 37
83 39
83 72
83 43
83 44
83 14
83 85
83 23
83 24
83 71
83 27
83 61
83 63
84 4
84 82
84 60
84 15
85 60
85 5
86 84
86 1
86 3
86 68
86 40
86 42
86 11
86 76
86 48
86 67
86 20
86 88
86 57
86 74
87 1
87 67
87 68
87 40
87 42
87 11
87 76
87 48
87 84
87 57
87 74
88 2
88 38
88 6
88 9
88 75
88 14
88 73
88 49
88 19
88 22
88 41
88 24
88 61
88 63
