88
1 11
1 14
1 31
1 34
1 35
1 36
1 38
1 40
1 46
1 47
1 49
1 50
1 54
1 55
1 56
1 57
1 58
1 66
1 71
1 73
1 78
1 82
2 33
2 69
2 51
2 74
2 79
2 83
2 84
2 52
3 29
4 36
4 22
4 71
4 40
4 73
4 10
4 11
4 44
4 82
4 14
4 48
4 49
4 50
4 53
4 76
4 56
4 31
4 62
4 85
5 25
5 60
5 61
5 28
7 33
7 69
7 74
7 79
7 51
7 84
7 52
8 32
8 33
8 67
8 68
8 5
8 65
8 39
8 72
8 44
8 77
8 48
8 81
8 83
8 20
8 53
8 23
8 88
8 84
8 85
9 32
9 33
9 67
9 68
9 5
9 65
9 39
9 72
9 44
9 77
9 81
9 83
9 20
9 53
9 23
9 88
9 84
9 85
9 51
10 29
11 75
11 28
11 61
11 29
12 28
12 75
12 60
12 61
13 32
13 33
13 67
13 68
13 5
13 65
13 39
13 72
13 77
13 81
13 83
13 84
13 23
13 88
13 20
13 51
14 32
14 36
14 49
14 71
14 40
14 73
14 10
14 11
14 44
14 82
14 48
14 81
14 50
14 53
14 76
14 56
14 68
14 22
14 62
14 85
17 4
20 36
20 71
20 40
20 73
20 10
20 11
20 76
20 82
20 78
20 47
20 48
20 49
20 50
20 14
20 22
20 56
20 58
20 62
20 31
22 75
22 29
24 28
24 60
24 61
26 32
26 65
26 67
26 68
26 5
26 39
26 72
26 10
26 44
26 77
26 48
26 81
26 83
26 20
26 53
26 22
26 23
26 88
26 84
26 62
26 85
27 33
27 5
27 65
27 39
27 72
27 77
27 79
27 83
27 84
27 88
27 20
27 69
27 51
29 32
29 67
29 36
29 49
29 71
29 76
29 10
29 44
29 48
29 81
29 82
29 53
29 22
29 23
29 68
29 62
29 85
31 32
31 33
31 67
31 68
31 5
31 65
31 39
31 72
31 77
31 81
31 83
31 84
31 23
31 88
31 20
31 51
33 69
33 74
33 79
33 51
33 52
33 25
34 28
34 60
34 61
35 32
35 33
35 67
35 68
35 5
35 65
35 39
35 72
35 77
35 81
35 83
35 84
35 23
35 88
35 20
35 51
36 32
36 67
36 68
36 49
36 39
36 76
36 10
36 44
36 48
36 81
36 82
36 53
36 22
36 23
36 88
36 62
36 85
37 36
37 22
37 71
37 40
37 73
37 10
37 11
37 44
37 82
37 14
37 47
37 48
37 49
37 50
37 53
37 76
37 56
37 31
37 62
37 85
38 32
38 33
38 67
38 68
38 5
38 65
38 39
38 72
38 44
38 77
38 81
38 83
38 20
38 53
38 23
38 88
38 84
38 85
38 51
39 32
39 33
39 67
39 68
39 5
39 65
39 72
39 44
39 77
39 48
39 81
39 83
39 20
39 53
39 22
39 23
39 88
39 84
39 85
40 33
40 5
40 65
40 39
40 72
40 77
40 79
40 83
40 84
40 88
40 20
40 69
40 51
41 29
42 28
42 74
42 52
42 25
42 60
42 61
43 32
43 33
43 67
43 68
43 5
43 65
43 39
43 72
43 77
43 81
43 83
43 84
43 23
43 88
43 20
43 51
44 35
44 36
44 38
44 71
44 40
44 73
44 10
44 11
44 76
44 82
44 78
44 47
44 49
44 50
44 56
44 14
44 55
44 46
44 58
44 62
44 31
45 28
45 74
45 52
45 25
45 60
45 61
46 28
46 75
46 60
46 61
47 32
47 36
47 49
47 71
47 73
47 10
47 11
47 44
47 50
47 14
47 48
47 81
47 82
47 53
47 76
47 23
47 68
47 22
47 62
47 85
49 35
49 36
49 38
49 71
49 40
49 73
49 10
49 11
49 76
49 82
49 78
49 47
49 56
49 50
49 14
49 22
49 55
49 46
49 58
49 62
49 31
52 33
52 67
52 5
52 65
52 39
52 72
52 77
52 83
52 84
52 23
52 88
52 20
52 69
52 51
53 35
53 36
53 38
53 71
53 40
53 73
53 11
53 76
53 82
53 78
53 47
53 49
53 50
53 56
53 14
53 54
53 55
53 46
53 57
53 58
53 31
54 36
54 71
54 40
54 73
54 10
54 11
54 76
54 82
54 78
54 47
54 48
54 49
54 50
54 14
54 22
54 56
54 58
54 62
54 31
55 75
55 29
56 25
56 74
56 60
56 52
57 25
57 74
57 79
57 60
57 52
58 32
58 33
58 67
58 68
58 5
58 65
58 39
58 72
58 44
58 77
58 81
58 83
58 20
58 53
58 23
58 88
58 84
58 85
58 51
59 69
59 74
59 79
59 52
59 25
59 60
60 32
60 65
60 67
60 68
60 5
60 39
60 72
60 10
60 44
60 77
60 48
60 81
60 83
60 20
60 53
60 22
60 23
60 88
60 84
60 85
61 36
61 71
61 40
61 73
61 10
61 11
61 76
61 82
61 78
61 47
61 48
61 49
61 50
61 14
61 22
61 56
61 58
61 31
61 62
61 85
62 25
62 74
62 52
62 69
62 79
63 69
63 74
63 79
63 52
63 25
63 60
64 75
64 29
65 36
65 22
65 71
65 40
65 73
65 10
65 11
65 44
65 82
65 14
65 48
65 49
65 50
65 53
65 76
65 56
65 62
65 85
66 32
66 33
66 67
66 68
66 5
66 65
66 39
66 72
66 44
66 77
66 48
66 81
66 83
66 20
66 53
66 22
66 23
66 88
66 84
66 85
67 69
67 74
67 79
67 51
67 52
67 25
68 25
68 74
68 52
68 69
68 79
70 69
70 74
70 79
70 52
70 25
70 60
71 69
71 74
71 79
71 52
71 25
71 60
72 32
72 33
72 67
72 68
72 5
72 65
72 39
72 44
72 77
72 81
72 83
72 20
72 53
72 23
72 88
72 84
72 51
73 28
73 74
73 52
73 25
73 60
73 61
74 32
74 33
74 67
74 68
74 5
74 65
74 39
74 72
74 44
74 77
74 48
74 81
74 83
74 20
74 53
74 22
74 23
74 88
74 84
74 85
75 32
75 67
75 36
75 49
75 71
75 73
75 10
75 11
75 44
75 14
75 48
75 81
75 82
75 53
75 76
75 23
75 68
75 22
75 62
75 85
76 28
76 60
76 61
78 32
78 33
78 67
78 68
78 5
78 65
78 39
78 72
78 77
78 81
78 83
78 84
78 23
78 88
78 20
78 51
79 36
79 22
79 71
79 40
79 73
79 10
79 11
79 44
79 82
79 14
79 47
79 48
79 49
79 50
79 53
79 76
79 56
79 31
79 62
79 85
80 32
80 33
80 67
80 68
80 5
80 65
80 39
80 72
80 44
80 77
80 48
80 81
80 83
80 20
80 53
80 23
80 88
80 84
80 85
81 32
81 33
81 67
81 68
81 5
81 65
81 39
81 72
81 44
81 77
81 83
81 20
81 53
81 23
81 88
81 84
81 85
81 51
82 69
82 74
82 79
82 51
82 52
82 25
84 36
84 71
84 40
84 73
84 10
84 11
84 76
84 82
84 14
84 47
84 48
84 49
84 50
84 85
84 22
84 56
84 58
84 62
84 31
85 33
85 69
85 74
85 79
85 51
85 52
85 25
86 32
86 36
86 22
86 71
86 40
86 73
86 10
86 11
86 44
86 82
86 14
86 48
86 49
86 50
86 53
86 76
86 56
86 68
86 62
86 85
87 11
87 14
87 31
87 34
87 35
87 36
87 38
87 40
87 46
87 47
87 49
87 50
87 54
87 55
87 56
87 57
87 58
87 66
87 71
87 73
87 78
87 82
88 36
88 71
88 40
88 73
88 10
88 11
88 76
88 82
88 78
88 47
88 48
88 49
88 50
88 14
88 22
88 56
88 58
88 62
88 31
