88
2 50
2 69
2 11
2 24
2 77
2 47
2 17
2 82
2 22
2 56
2 58
2 5
2 43
2 37
4 1
4 5
4 11
4 17
4 22
4 24
4 27
4 31
4 35
4 37
4 38
4 42
4 43
4 47
4 50
4 53
4 54
4 56
4 58
4 69
4 70
4 77
6 1
6 4
6 5
6 7
6 11
6 17
6 22
6 24
6 27
6 31
6 35
6 37
6 38
6 42
6 43
6 47
6 50
6 53
6 54
6 56
6 58
6 69
6 70
6 77
7 1
7 4
7 5
7 11
7 13
7 17
7 24
7 27
7 30
7 31
7 33
7 35
7 37
7 38
7 42
7 43
7 47
7 48
7 53
7 54
7 57
7 58
7 60
7 66
7 69
7 70
7 71
7 77
7 79
7 87
9 1
9 2
9 4
9 5
9 7
9 10
9 12
9 13
9 17
9 25
9 27
9 30
9 31
9 33
9 35
9 37
9 38
9 40
9 42
9 43
9 44
9 47
9 48
9 53
9 54
9 57
9 58
9 60
9 63
9 66
9 68
9 70
9 71
9 72
9 73
9 74
9 79
9 85
9 86
9 87
9 88
10 1
10 2
10 3
10 4
10 7
10 9
10 12
10 13
10 17
10 19
10 20
10 23
10 25
10 26
10 27
10 30
10 31
10 33
10 34
10 35
10 37
10 38
10 39
10 40
10 42
10 43
10 44
10 48
10 53
10 54
10 55
10 57
10 58
10 60
10 62
10 63
10 66
10 67
10 68
10 70
10 71
10 72
10 73
10 74
10 79
10 85
10 86
10 87
10 88
11 1
11 2
11 4
11 5
11 7
11 9
11 10
11 12
11 13
11 17
11 20
11 23
11 25
11 26
11 27
11 30
11 31
11 33
11 35
11 37
11 38
11 40
11 42
11 43
11 44
11 47
11 48
11 53
11 54
11 57
11 58
11 60
11 63
11 66
11 67
11 68
11 70
11 71
11 72
11 73
11 74
11 79
11 85
11 86
11 87
11 88
12 50
12 69
12 11
12 77
12 46
12 24
12 49
12 82
12 83
12 22
12 56
13 50
13 69
13 42
13 11
13 24
13 77
13 47
13 17
13 82
13 22
13 56
13 58
13 5
13 43
13 37
15 1
15 2
15 4
15 7
15 9
15 10
15 12
15 13
15 17
15 20
15 23
15 25
15 26
15 27
15 30
15 31
15 33
15 34
15 35
15 37
15 38
15 40
15 42
15 43
15 44
15 47
15 48
15 53
15 54
15 57
15 58
15 60
15 62
15 63
15 66
15 67
15 68
15 70
15 71
15 72
15 73
15 74
15 79
15 85
15 86
15 87
15 88
18 41
18 83
18 45
18 81
18 21
19 1
19 2
19 3
19 4
19 7
19 9
19 10
19 12
19 13
19 14
19 15
19 20
19 23
19 25
19 26
19 27
19 30
19 31
19 33
19 34
19 35
19 37
19 38
19 39
19 40
19 42
19 44
19 48
19 52
19 53
19 54
19 55
19 57
19 60
19 62
19 63
19 66
19 67
19 68
19 70
19 71
19 72
19 73
19 74
19 78
19 79
19 80
19 85
19 86
19 87
19 88
27 1
27 2
27 4
27 5
27 7
27 9
27 10
27 12
27 13
27 17
27 25
27 30
27 31
27 33
27 35
27 37
27 38
27 40
27 42
27 43
27 44
27 47
27 48
27 53
27 54
27 57
27 58
27 60
27 63
27 66
27 68
27 69
27 70
27 71
27 72
27 73
27 74
27 79
27 85
27 86
27 87
27 88
28 1
28 4
28 5
28 7
28 11
28 13
28 17
28 24
28 27
28 31
28 35
28 37
28 38
28 42
28 43
28 47
28 53
28 54
28 56
28 58
28 66
28 69
28 70
28 71
28 77
28 79
30 11
30 50
30 46
30 49
30 82
30 83
30 21
30 22
30 56
31 1
31 2
31 4
31 5
31 7
31 9
31 12
31 13
31 17
31 24
31 27
31 30
31 33
31 35
31 37
31 38
31 42
31 43
31 44
31 47
31 48
31 53
31 54
31 57
31 58
31 60
31 63
31 66
31 69
31 70
31 71
31 72
31 73
31 74
31 79
31 87
32 1
32 2
32 4
32 7
32 9
32 10
32 12
32 13
32 17
32 20
32 23
32 25
32 26
32 27
32 30
32 31
32 33
32 34
32 35
32 37
32 38
32 40
32 42
32 43
32 44
32 47
32 48
32 53
32 54
32 57
32 58
32 60
32 62
32 63
32 66
32 67
32 68
32 70
32 71
32 72
32 73
32 74
32 79
32 85
32 86
32 87
32 88
39 1
39 2
39 4
39 5
39 7
39 9
39 10
39 12
39 13
39 17
39 25
39 26
39 27
39 30
39 31
39 33
39 35
39 37
39 38
39 40
39 42
39 43
39 44
39 47
39 48
39 53
39 54
39 57
39 58
39 60
39 63
39 66
39 68
39 70
39 71
39 72
39 73
39 74
39 79
39 85
39 86
39 87
39 88
43 1
43 4
43 5
43 7
43 11
43 17
43 22
43 24
43 27
43 31
43 35
43 37
43 38
43 42
43 47
43 50
43 53
43 54
43 56
43 58
43 69
43 70
43 71
43 77
44 1
44 2
44 4
44 5
44 7
44 9
44 10
44 12
44 13
44 17
44 25
44 27
44 30
44 31
44 33
44 35
44 37
44 38
44 40
44 42
44 43
44 47
44 48
44 53
44 54
44 57
44 58
44 60
44 63
44 66
44 68
44 69
44 70
44 71
44 72
44 73
44 74
44 79
44 86
44 87
44 88
49 1
49 2
49 4
49 5
49 7
49 9
49 10
49 12
49 13
49 17
49 25
49 27
49 30
49 31
49 33
49 35
49 37
49 38
49 40
49 42
49 43
49 44
49 47
49 48
49 53
49 54
49 57
49 58
49 60
49 63
49 66
49 68
49 69
49 70
49 71
49 72
49 73
49 74
49 79
49 86
49 87
49 88
53 1
53 2
53 4
53 5
53 7
53 9
53 10
53 12
53 13
53 17
53 20
53 23
53 25
53 26
53 27
53 30
53 31
53 33
53 35
53 37
53 38
53 40
53 42
53 43
53 44
53 47
53 48
53 54
53 57
53 58
53 60
53 63
53 66
53 67
53 68
53 70
53 71
53 72
53 73
53 74
53 79
53 85
53 86
53 87
53 88
59 1
59 2
59 4
59 5
59 7
59 9
59 10
59 12
59 13
59 17
59 25
59 27
59 30
59 31
59 33
59 35
59 37
59 38
59 40
59 42
59 43
59 44
59 47
59 48
59 53
59 54
59 57
59 58
59 60
59 63
59 66
59 69
59 70
59 71
59 72
59 73
59 74
59 79
59 86
59 87
59 88
64 1
64 2
64 4
64 5
64 7
64 9
64 10
64 12
64 13
64 17
64 25
64 26
64 27
64 30
64 31
64 33
64 35
64 37
64 38
64 40
64 42
64 43
64 44
64 47
64 48
64 53
64 54
64 57
64 58
64 60
64 63
64 66
64 67
64 68
64 70
64 71
64 72
64 73
64 74
64 79
64 85
64 86
64 87
64 88
76 1
76 2
76 4
76 5
76 7
76 9
76 10
76 12
76 13
76 17
76 25
76 27
76 30
76 31
76 33
76 35
76 37
76 38
76 40
76 42
76 43
76 44
76 47
76 48
76 53
76 54
76 57
76 58
76 60
76 63
76 66
76 69
76 70
76 71
76 72
76 73
76 74
76 79
76 86
76 87
76 88
87 1
87 2
87 4
87 5
87 7
87 9
87 10
87 12
87 13
87 17
87 20
87 25
87 26
87 27
87 30
87 31
87 33
87 35
87 37
87 38
87 40
87 42
87 43
87 44
87 47
87 48
87 53
87 54
87 57
87 58
87 60
87 63
87 66
87 67
87 68
87 70
87 71
87 72
87 73
87 74
87 79
87 85
87 86
87 88
