88
1 2
1 4
1 71
1 10
1 26
1 59
1 29
2 1
2 11
2 14
2 25
2 27
2 31
2 32
2 33
2 34
2 36
2 38
2 41
2 42
2 44
2 47
2 48
2 50
2 52
2 53
2 54
2 56
2 57
2 60
2 61
2 62
2 65
2 67
2 69
2 70
2 73
2 74
2 78
2 79
2 80
2 81
2 82
2 83
2 87
4 1
4 11
4 14
4 25
4 27
4 31
4 32
4 33
4 34
4 36
4 38
4 41
4 42
4 44
4 48
4 50
4 53
4 54
4 56
4 57
4 60
4 61
4 62
4 65
4 69
4 70
4 73
4 74
4 78
4 79
4 80
4 81
4 82
4 83
4 85
4 87
5 19
5 20
5 3
5 84
7 4
7 10
7 11
7 14
7 26
7 36
7 50
7 53
7 54
7 56
7 57
7 62
7 65
7 71
7 73
7 74
7 78
7 79
7 80
7 81
7 83
7 85
10 6
11 2
11 72
11 66
11 58
11 59
11 29
14 1
14 11
14 25
14 27
14 31
14 32
14 33
14 34
14 36
14 38
14 41
14 42
14 44
14 47
14 48
14 50
14 52
14 53
14 54
14 56
14 57
14 60
14 61
14 62
14 65
14 67
14 69
14 70
14 73
14 74
14 78
14 79
14 80
14 81
14 82
14 83
14 85
14 87
17 19
17 20
17 3
17 84
21 4
21 10
21 11
21 14
21 26
21 36
21 50
21 53
21 54
21 56
21 57
21 62
21 65
21 71
21 73
21 74
21 78
21 79
21 80
21 81
21 83
21 85
22 1
22 11
22 14
22 25
22 26
22 27
22 31
22 32
22 33
22 34
22 36
22 38
22 41
22 42
22 44
22 48
22 50
22 53
22 54
22 56
22 57
22 60
22 61
22 62
22 65
22 69
22 70
22 73
22 74
22 78
22 79
22 80
22 81
22 82
22 83
22 85
22 87
23 65
23 2
23 4
23 71
23 73
23 10
23 78
23 81
23 50
23 83
23 85
23 26
23 59
23 74
24 2
24 3
24 72
24 66
24 84
24 58
24 29
27 2
27 72
27 66
27 58
27 59
27 29
28 2
28 71
28 72
28 10
28 59
28 29
31 2
31 4
31 71
31 10
31 50
31 83
31 85
31 26
31 59
32 65
32 4
32 71
32 73
32 10
32 11
32 78
32 79
32 80
32 81
32 50
32 83
32 85
32 54
32 57
32 36
32 26
32 74
32 62
32 53
33 4
33 10
33 11
33 14
33 26
33 32
33 34
33 36
33 38
33 42
33 44
33 50
33 53
33 54
33 56
33 57
33 61
33 62
33 65
33 71
33 73
33 74
33 78
33 79
33 80
33 81
33 83
33 85
33 87
34 1
34 11
34 14
34 25
34 27
34 31
34 32
34 33
34 36
34 38
34 41
34 42
34 44
34 48
34 50
34 53
34 54
34 56
34 57
34 60
34 61
34 62
34 65
34 69
34 70
34 73
34 74
34 78
34 79
34 80
34 81
34 82
34 83
34 85
34 87
35 1
35 11
35 14
35 25
35 27
35 31
35 32
35 33
35 34
35 36
35 38
35 41
35 42
35 44
35 47
35 48
35 50
35 53
35 54
35 56
35 57
35 60
35 61
35 62
35 65
35 69
35 70
35 73
35 74
35 78
35 79
35 80
35 81
35 82
35 83
35 85
35 87
36 2
36 72
36 66
36 58
36 59
36 29
37 65
37 4
37 71
37 73
37 10
37 11
37 78
37 79
37 81
37 50
37 83
37 85
37 54
37 57
37 36
37 26
37 59
37 74
37 62
37 53
39 4
39 10
39 11
39 14
39 26
39 32
39 34
39 36
39 38
39 42
39 44
39 50
39 53
39 54
39 56
39 57
39 61
39 62
39 65
39 71
39 73
39 74
39 78
39 79
39 80
39 81
39 83
39 85
39 87
40 65
40 2
40 4
40 71
40 73
40 10
40 78
40 81
40 50
40 83
40 85
40 26
40 59
43 66
43 3
43 72
43 84
43 58
43 29
45 2
45 72
45 66
45 58
45 59
45 29
46 4
46 10
46 11
46 14
46 26
46 32
46 34
46 36
46 38
46 42
46 44
46 50
46 53
46 54
46 56
46 57
46 61
46 62
46 65
46 70
46 71
46 73
46 74
46 78
46 79
46 80
46 81
46 83
46 85
46 87
47 2
47 4
47 71
47 72
47 10
47 59
47 29
48 2
48 4
48 71
48 72
48 10
48 59
48 29
49 20
49 58
49 3
49 84
49 66
50 30
50 6
54 1
54 11
54 14
54 25
54 27
54 31
54 32
54 33
54 34
54 36
54 38
54 41
54 42
54 44
54 47
54 48
54 50
54 52
54 53
54 56
54 57
54 60
54 61
54 62
54 65
54 67
54 69
54 70
54 73
54 74
54 78
54 79
54 80
54 81
54 82
54 83
54 85
54 87
55 65
55 4
55 71
55 73
55 10
55 11
55 78
55 79
55 81
55 50
55 83
55 85
55 57
55 26
55 59
55 74
57 1
57 11
57 14
57 25
57 27
57 31
57 32
57 33
57 34
57 36
57 38
57 41
57 42
57 44
57 47
57 48
57 50
57 52
57 53
57 54
57 56
57 60
57 61
57 62
57 65
57 67
57 69
57 70
57 73
57 74
57 78
57 79
57 80
57 81
57 82
57 83
57 87
63 4
63 10
63 11
63 14
63 26
63 32
63 34
63 36
63 38
63 42
63 44
63 50
63 53
63 54
63 56
63 57
63 61
63 62
63 65
63 71
63 73
63 74
63 78
63 79
63 80
63 81
63 83
63 85
63 87
64 65
64 4
64 71
64 73
64 10
64 11
64 78
64 79
64 81
64 50
64 83
64 85
64 54
64 57
64 36
64 26
64 59
64 74
64 62
64 53
68 4
68 10
68 11
68 14
68 26
68 32
68 34
68 36
68 38
68 42
68 44
68 50
68 53
68 54
68 56
68 57
68 61
68 62
68 65
68 71
68 73
68 74
68 78
68 79
68 80
68 81
68 83
68 85
68 87
70 4
70 10
70 11
70 14
70 26
70 36
70 50
70 53
70 54
70 56
70 57
70 62
70 65
70 71
70 73
70 74
70 78
70 79
70 80
70 81
70 83
70 85
77 65
77 4
77 71
77 73
77 10
77 11
77 78
77 79
77 80
77 81
77 50
77 83
77 85
77 54
77 57
77 36
77 26
77 74
77 62
77 53
78 65
78 4
78 71
78 73
78 10
78 11
78 14
78 79
78 80
78 81
78 50
78 83
78 85
78 54
78 57
78 56
78 36
78 26
78 74
78 62
78 53
79 4
79 11
79 14
79 26
79 27
79 31
79 32
79 33
79 34
79 36
79 38
79 41
79 42
79 44
79 48
79 50
79 53
79 54
79 56
79 57
79 61
79 62
79 65
79 70
79 73
79 74
79 78
79 80
79 81
79 83
79 85
79 87
80 4
80 10
80 11
80 14
80 26
80 32
80 34
80 36
80 38
80 42
80 44
80 50
80 53
80 54
80 56
80 57
80 61
80 62
80 65
80 71
80 73
80 74
80 78
80 79
80 81
80 83
80 85
80 87
81 2
81 3
81 72
81 66
81 84
81 58
81 29
85 2
85 72
85 66
85 58
85 59
85 29
86 19
86 20
86 3
86 84
87 4
87 11
87 14
87 26
87 27
87 31
87 32
87 33
87 34
87 36
87 38
87 41
87 42
87 44
87 48
87 50
87 53
87 54
87 56
87 57
87 61
87 62
87 65
87 69
87 70
87 73
87 74
87 78
87 79
87 80
87 81
87 83
87 85
88 4
88 10
88 11
88 14
88 26
88 32
88 34
88 36
88 38
88 42
88 44
88 50
88 53
88 54
88 56
88 57
88 61
88 62
88 65
88 71
88 73
88 74
88 78
88 79
88 80
88 81
88 83
88 85
88 87
