88
1 33
1 34
1 49
1 50
1 30
1 59
1 61
1 62
2 32
2 65
2 66
2 36
2 7
2 41
2 74
2 75
2 77
2 14
2 52
2 21
2 86
2 73
2 23
2 57
2 58
3 38
3 12
3 42
3 76
3 78
3 82
4 32
4 65
4 2
4 36
4 7
4 41
4 75
4 66
4 14
4 77
4 52
4 21
4 73
4 23
5 33
5 68
5 49
5 71
5 79
5 48
5 81
5 50
5 59
5 61
5 30
6 56
6 24
6 83
6 54
7 68
7 49
7 71
7 79
7 48
7 81
7 50
7 59
7 30
8 32
8 65
8 2
8 36
8 69
8 7
8 41
8 74
8 23
8 66
8 77
8 21
8 86
8 73
8 57
8 58
9 56
9 24
9 54
11 65
11 2
11 7
11 73
11 75
11 76
11 77
11 12
11 82
11 52
11 14
11 23
11 78
12 3
12 68
12 49
12 71
12 42
12 79
12 48
12 81
12 50
12 59
12 30
13 1
13 8
13 17
13 18
13 22
13 29
14 67
14 69
14 70
14 72
14 74
14 11
14 44
14 45
14 13
14 87
14 43
14 84
14 85
14 86
14 55
14 88
14 57
14 25
14 27
14 60
14 58
16 68
16 49
16 71
16 79
16 48
16 81
16 50
16 59
16 30
17 65
17 2
17 7
17 73
17 75
17 12
17 66
17 14
17 77
17 82
17 52
17 78
17 23
18 33
18 34
18 39
18 40
18 80
18 61
18 62
18 63
19 56
19 24
19 54
21 18
21 26
22 8
22 17
22 18
22 26
23 2
23 3
23 38
23 12
23 42
23 75
23 76
23 77
23 14
23 82
23 52
23 78
24 8
24 17
24 18
24 22
24 26
24 29
25 3
25 68
25 38
25 71
25 42
25 76
25 79
25 48
25 81
26 33
26 68
26 49
26 71
26 79
26 48
26 81
26 50
26 59
26 61
26 30
27 56
27 24
27 83
27 54
28 8
28 17
28 18
28 22
28 26
28 29
29 3
29 38
29 76
29 42
29 75
29 12
29 14
29 82
29 78
30 1
30 8
30 17
30 18
30 22
30 29
31 56
31 24
31 54
32 1
32 8
32 17
32 18
32 22
32 26
32 29
33 8
33 17
33 18
33 26
34 32
34 65
34 2
34 36
34 7
34 41
34 74
34 75
34 66
34 14
34 77
34 52
34 21
34 86
34 73
34 23
34 57
34 58
35 32
35 65
35 66
35 43
35 36
35 69
35 7
35 72
35 41
35 74
35 11
35 45
35 73
35 25
35 21
35 86
35 23
35 88
35 57
35 58
36 32
36 65
36 2
36 7
36 41
36 75
36 66
36 14
36 77
36 52
36 21
36 73
36 23
37 35
37 9
37 10
37 46
37 47
37 53
37 28
37 31
38 17
38 18
38 26
39 64
39 35
39 37
39 28
39 9
39 10
39 46
39 47
39 53
39 60
39 31
40 64
40 35
40 37
40 28
40 9
40 10
40 46
40 47
40 53
40 60
40 31
41 8
41 1
41 22
41 29
41 46
42 67
42 69
42 70
42 72
42 74
42 11
42 44
42 45
42 13
42 87
42 43
42 84
42 85
42 86
42 55
42 88
42 57
42 25
42 27
42 58
43 8
43 17
43 18
43 26
44 3
44 38
44 12
44 42
44 76
44 78
44 82
45 1
45 10
45 46
45 53
45 22
45 29
46 26
47 3
47 68
47 38
47 71
47 76
47 42
47 12
47 78
47 79
47 48
47 81
47 82
48 67
48 69
48 70
48 72
48 74
48 11
48 44
48 45
48 13
48 87
48 43
48 84
48 85
48 86
48 55
48 88
48 57
48 25
48 27
48 60
48 58
49 8
49 17
49 18
49 26
50 1
50 8
50 17
50 18
50 22
50 26
50 29
51 64
51 35
51 37
51 9
51 10
51 28
51 47
51 53
51 60
51 31
52 34
52 39
52 40
52 80
52 62
52 63
53 32
53 65
53 66
53 43
53 36
53 69
53 7
53 72
53 41
53 74
53 11
53 45
53 88
53 21
53 86
53 73
53 23
53 57
53 58
54 3
54 68
54 49
54 71
54 42
54 79
54 48
54 81
54 59
54 30
55 32
55 65
55 66
55 43
55 36
55 69
55 7
55 72
55 41
55 74
55 11
55 45
55 73
55 25
55 21
55 86
55 23
55 88
55 57
55 58
56 64
56 35
56 37
56 9
56 10
56 46
56 47
56 53
56 28
56 31
57 35
57 37
57 9
57 10
57 46
57 47
57 53
57 28
57 31
58 32
58 65
58 66
58 43
58 36
58 69
58 7
58 72
58 41
58 74
58 11
58 45
58 73
58 25
58 21
58 86
58 23
58 88
58 57
59 17
59 18
59 26
60 32
60 65
60 66
60 43
60 36
60 69
60 7
60 72
60 41
60 74
60 11
60 45
60 25
60 21
60 86
60 23
60 88
60 57
60 58
61 65
61 2
61 7
61 73
61 75
61 12
61 66
61 14
61 77
61 52
61 21
61 23
62 3
62 68
62 49
62 71
62 42
62 79
62 48
62 81
62 59
62 30
63 18
63 26
64 32
64 65
64 66
64 43
64 36
64 69
64 7
64 72
64 41
64 74
64 11
64 45
64 73
64 25
64 21
64 86
64 23
64 88
64 57
64 58
65 3
65 38
65 12
65 42
65 76
65 78
65 81
65 82
66 33
66 34
66 39
66 80
66 50
66 61
66 62
67 32
67 66
67 43
67 36
67 69
67 7
67 72
67 41
67 74
67 11
67 45
67 25
67 21
67 86
67 23
67 88
67 57
67 58
68 32
68 65
68 2
68 36
68 69
68 7
68 41
68 74
68 23
68 66
68 77
68 21
68 86
68 73
68 57
68 58
69 1
69 46
69 53
69 22
69 29
71 64
71 67
71 37
71 70
71 87
71 44
71 13
71 47
71 35
71 84
71 85
71 55
71 27
71 60
71 31
72 64
72 67
72 69
72 70
72 11
72 44
72 45
72 13
72 43
72 84
72 85
72 55
72 88
72 25
72 87
72 27
72 60
73 67
73 69
73 70
73 72
73 74
73 11
73 44
73 45
73 13
73 87
73 43
73 84
73 85
73 86
73 55
73 88
73 57
73 25
73 27
73 58
74 64
74 67
74 37
74 70
74 9
74 47
74 35
74 85
74 55
74 60
74 31
75 80
75 40
75 39
75 4
75 63
76 33
76 34
76 39
76 40
76 80
76 62
76 63
77 64
77 67
77 37
77 70
77 9
77 87
77 13
77 47
77 35
77 84
77 85
77 55
77 27
77 60
77 31
78 64
78 35
78 37
78 28
78 9
78 10
78 46
78 47
78 53
78 60
78 31
79 32
79 65
79 66
79 43
79 36
79 69
79 7
79 72
79 41
79 74
79 11
79 45
79 73
79 25
79 21
79 86
79 23
79 88
79 57
79 58
80 7
80 11
80 13
80 21
80 25
80 27
80 32
80 36
80 41
80 43
80 44
80 45
80 57
80 58
80 66
80 69
80 72
80 74
80 84
80 86
80 87
80 88
81 8
81 17
81 18
81 26
82 64
82 35
82 37
82 9
82 10
82 46
82 47
82 53
82 28
82 31
83 7
83 11
83 13
83 21
83 25
83 27
83 32
83 36
83 41
83 43
83 44
83 45
83 57
83 58
83 66
83 69
83 72
83 74
83 84
83 86
83 87
83 88
84 8
84 17
84 18
84 26
85 67
85 69
85 70
85 72
85 74
85 11
85 44
85 45
85 13
85 87
85 43
85 84
85 86
85 55
85 88
85 57
85 25
85 27
85 58
86 8
86 1
86 22
86 29
86 46
87 65
87 2
87 7
87 73
87 75
87 12
87 66
87 14
87 77
87 82
87 52
87 78
87 23
88 64
88 35
88 37
88 9
88 10
88 28
88 47
88 85
88 55
88 60
88 31
