88
2 20
3 6
5 1
5 51
5 29
5 22
5 63
7 32
7 65
7 4
7 71
7 72
7 73
7 42
7 45
7 77
7 24
7 55
7 88
7 57
7 58
7 60
7 26
8 34
8 67
8 37
8 38
8 40
8 10
8 43
8 76
8 79
8 80
8 25
8 74
8 62
9 32
9 65
9 4
9 39
9 72
9 73
9 77
9 45
9 49
9 24
9 55
9 88
9 58
9 60
9 26
9 31
11 6
12 35
12 69
12 70
12 46
12 48
12 84
12 86
12 59
13 20
14 64
14 33
14 3
14 68
14 41
14 44
14 78
14 47
14 17
14 83
14 84
14 56
14 27
18 66
18 51
18 29
18 30
19 8
19 1
19 22
19 63
21 34
21 8
21 10
21 23
21 76
21 54
21 87
21 25
23 8
23 63
23 22
23 54
23 87
24 4
24 5
24 9
24 14
24 31
24 37
24 38
24 39
24 40
24 43
24 49
24 53
24 61
24 62
24 67
24 73
24 74
24 75
24 77
24 79
24 80
24 81
24 82
25 64
25 33
25 68
25 71
25 72
25 41
25 42
25 78
25 47
25 17
25 83
25 32
25 24
25 56
25 57
25 26
25 88
26 19
26 36
28 36
28 69
28 70
28 50
28 19
28 52
28 21
29 6
30 6
31 4
31 5
31 9
31 14
31 24
31 32
31 38
31 39
31 40
31 45
31 49
31 53
31 55
31 58
31 60
31 61
31 65
31 73
31 75
31 77
31 81
31 82
32 36
32 69
32 70
32 46
32 50
32 19
32 52
32 21
32 86
32 59
32 28
33 64
33 68
33 71
33 72
33 41
33 42
33 44
33 78
33 47
33 17
33 83
33 56
33 88
33 57
33 26
33 27
34 36
34 69
34 50
34 19
34 52
34 21
34 28
35 64
35 65
35 68
35 71
35 72
35 42
35 45
35 78
35 47
35 88
35 83
35 32
35 24
35 55
35 56
35 57
35 58
35 60
35 26
36 32
36 65
36 61
36 4
36 49
36 39
36 72
36 73
36 77
36 45
36 81
36 82
36 53
36 24
36 55
36 88
36 58
36 60
36 26
36 31
37 32
37 65
37 61
37 4
37 49
37 39
37 72
37 73
37 77
37 45
37 81
37 82
37 53
37 24
37 55
37 88
37 58
37 60
37 26
37 31
38 50
38 19
38 36
39 34
39 67
39 5
39 38
39 40
39 9
39 74
39 43
39 14
39 79
39 80
39 81
39 82
39 53
39 75
39 61
39 62
39 37
40 36
40 69
40 50
40 19
40 52
40 21
40 28
41 34
41 37
41 10
41 23
41 76
41 54
41 87
41 25
42 64
42 65
42 68
42 71
42 72
42 78
42 47
42 17
42 83
42 32
42 24
42 55
42 56
42 57
42 26
42 60
42 88
43 4
43 9
43 24
43 26
43 31
43 32
43 39
43 45
43 49
43 53
43 55
43 58
43 60
43 61
43 65
43 72
43 73
43 75
43 77
43 81
43 82
43 88
44 34
44 67
44 37
44 38
44 10
44 43
44 76
44 79
44 80
44 54
44 25
44 74
44 62
45 34
45 67
45 37
45 38
45 40
45 9
45 10
45 43
45 76
45 61
45 14
45 79
45 80
45 75
45 53
45 74
45 62
45 5
46 4
46 5
46 9
46 14
46 31
46 38
46 39
46 40
46 45
46 49
46 53
46 58
46 61
46 67
46 73
46 74
46 75
46 77
46 79
46 80
46 81
46 82
47 32
47 65
47 61
47 4
47 5
47 39
47 9
47 75
47 77
47 14
47 45
47 81
47 82
47 53
47 73
47 24
47 55
47 49
47 60
47 58
47 31
48 4
48 5
48 9
48 14
48 24
48 31
48 32
48 38
48 39
48 40
48 45
48 49
48 53
48 55
48 58
48 60
48 61
48 65
48 73
48 75
48 77
48 81
48 82
49 35
49 70
49 46
49 48
49 84
49 86
49 59
50 64
50 65
50 68
50 71
50 72
50 42
50 45
50 78
50 77
50 24
50 32
50 55
50 88
50 57
50 58
50 60
50 26
51 64
51 65
51 68
51 71
51 72
51 42
51 45
51 78
51 77
51 24
51 32
51 55
51 88
51 57
51 58
51 60
51 26
53 33
53 83
53 3
53 41
53 44
53 47
53 17
53 35
53 84
53 56
53 27
54 50
54 19
54 36
55 34
55 67
55 37
55 38
55 40
55 10
55 43
55 76
55 14
55 79
55 80
55 25
55 74
55 62
55 5
56 35
56 70
56 44
56 46
56 48
56 3
56 84
56 86
56 59
57 33
57 83
57 3
57 41
57 44
57 47
57 17
57 35
57 84
57 56
57 27
58 65
58 4
58 5
58 38
58 39
58 40
58 9
58 74
58 75
58 45
58 14
58 77
58 81
58 82
58 53
58 73
58 55
58 49
58 60
58 61
58 31
59 36
59 69
59 50
59 19
59 52
59 21
59 28
60 36
60 69
60 70
60 46
60 48
60 50
60 19
60 52
60 21
60 86
60 59
60 28
61 36
61 69
61 70
61 46
61 50
61 19
61 52
61 21
61 86
61 59
61 28
62 19
62 36
63 32
63 65
63 71
63 72
63 73
63 42
63 45
63 78
63 77
63 24
63 55
63 88
63 57
63 58
63 60
63 26
64 4
64 5
64 9
64 14
64 31
64 37
64 38
64 39
64 40
64 43
64 49
64 53
64 61
64 62
64 67
64 73
64 74
64 75
64 79
64 80
64 81
64 82
65 69
65 70
65 46
65 48
65 50
65 52
65 21
65 86
65 59
65 28
66 36
66 69
66 70
66 46
66 50
66 19
66 52
66 21
66 86
66 59
66 28
67 35
67 69
67 70
67 46
67 48
67 21
67 86
67 59
67 28
68 64
68 65
68 17
68 71
68 72
68 41
68 42
68 78
68 47
68 56
68 83
68 32
68 24
68 55
68 88
68 57
68 26
68 60
69 34
69 67
69 37
69 38
69 40
69 10
69 43
69 76
69 79
69 80
69 25
69 74
69 62
70 12
70 85
71 32
71 65
71 4
71 49
71 39
71 72
71 73
71 77
71 45
71 81
71 82
71 24
71 55
71 88
71 58
71 60
71 26
71 31
72 64
72 33
72 68
72 71
72 41
72 42
72 78
72 47
72 17
72 83
72 32
72 24
72 56
72 57
72 26
72 60
72 88
73 64
73 33
73 3
73 68
73 41
73 44
73 78
73 47
73 17
73 83
73 84
73 56
73 27
74 35
74 70
74 44
74 46
74 48
74 59
74 3
74 84
74 86
74 27
75 35
75 69
75 70
75 46
75 48
75 84
75 21
75 86
75 59
75 28
76 36
76 69
76 70
76 46
76 48
76 50
76 52
76 21
76 86
76 59
76 28
77 64
77 65
77 68
77 32
77 71
77 72
77 42
77 78
77 47
77 17
77 83
77 57
77 24
77 55
77 56
77 88
77 26
77 60
78 61
78 67
78 4
78 5
78 38
78 39
78 40
78 9
78 74
78 75
78 45
78 14
78 79
78 81
78 82
78 77
78 53
78 73
78 49
78 58
78 31
79 36
79 69
79 70
79 46
79 48
79 50
79 52
79 21
79 86
79 59
79 28
80 35
80 70
80 44
80 46
80 48
80 59
80 3
80 84
80 86
80 27
83 34
83 67
83 5
83 38
83 40
83 9
83 10
83 43
83 76
83 14
83 79
83 80
83 75
83 25
83 74
83 62
83 37
84 34
84 67
84 5
84 38
84 40
84 9
84 74
84 43
84 14
84 79
84 80
84 81
84 82
84 53
84 75
84 61
84 62
84 37
87 35
87 69
87 70
87 46
87 48
87 84
87 21
87 86
87 59
87 28
88 32
88 65
88 4
88 49
88 39
88 72
88 73
88 77
88 45
88 81
88 82
88 53
88 55
88 24
88 58
88 60
88 26
88 31
