88
3 4
3 5
3 9
3 11
3 12
3 13
3 25
3 26
3 29
3 32
3 35
3 37
3 38
3 41
3 42
3 49
3 54
3 55
3 58
3 66
3 70
3 72
3 74
3 76
3 81
3 83
3 86
3 88
6 66
6 70
6 38
6 42
6 11
6 46
6 81
6 50
6 83
6 86
6 55
6 88
6 58
6 74
7 4
7 5
7 9
7 11
7 12
7 13
7 25
7 26
7 29
7 32
7 35
7 37
7 38
7 41
7 42
7 49
7 54
7 55
7 58
7 66
7 70
7 72
7 74
7 76
7 81
7 83
7 86
7 88
10 66
10 38
10 46
10 81
10 50
10 83
10 56
10 88
11 4
11 5
11 9
11 12
11 13
11 25
11 26
11 29
11 32
11 35
11 37
11 38
11 41
11 42
11 49
11 54
11 55
11 58
11 66
11 70
11 72
11 74
11 76
11 80
11 81
11 83
11 86
11 88
14 4
14 5
14 9
14 11
14 12
14 13
14 25
14 26
14 29
14 32
14 35
14 37
14 41
14 42
14 48
14 49
14 54
14 55
14 58
14 62
14 70
14 72
14 74
14 76
14 80
14 86
14 88
15 66
15 5
15 38
15 49
15 9
15 42
15 11
15 13
15 46
15 81
15 83
15 86
15 55
15 88
15 58
15 70
15 74
17 4
17 5
17 9
17 11
17 12
17 13
17 25
17 26
17 29
17 32
17 35
17 37
17 38
17 41
17 42
17 49
17 54
17 55
17 58
17 62
17 66
17 70
17 72
17 74
17 76
17 80
17 81
17 86
17 88
18 66
18 38
18 46
18 81
18 50
18 83
18 86
18 56
18 88
21 66
21 70
21 38
21 42
21 11
21 46
21 81
21 50
21 83
21 86
21 55
21 88
21 58
21 74
22 4
22 5
22 9
22 11
22 12
22 13
22 25
22 26
22 29
22 32
22 35
22 37
22 38
22 41
22 42
22 46
22 49
22 54
22 55
22 58
22 66
22 70
22 72
22 74
22 76
22 81
22 83
22 86
22 88
23 66
23 70
23 38
23 42
23 11
23 46
23 81
23 50
23 83
23 86
23 55
23 88
23 58
23 74
27 66
27 38
27 46
27 81
27 50
27 83
27 86
27 56
27 88
28 66
28 38
28 46
28 81
28 50
28 83
28 56
28 88
30 56
30 17
30 50
33 4
33 5
33 9
33 11
33 12
33 13
33 25
33 32
33 35
33 37
33 38
33 41
33 42
33 46
33 49
33 54
33 55
33 58
33 66
33 70
33 72
33 74
33 76
33 81
33 83
33 86
33 88
34 66
34 70
34 38
34 42
34 11
34 46
34 81
34 50
34 83
34 86
34 55
34 88
34 58
34 74
36 66
36 70
36 38
36 74
36 11
36 46
36 81
36 50
36 83
36 86
36 56
36 88
39 4
39 5
39 9
39 11
39 12
39 13
39 25
39 26
39 29
39 32
39 35
39 37
39 41
39 42
39 48
39 49
39 54
39 55
39 58
39 62
39 70
39 72
39 74
39 76
39 80
39 81
39 86
39 88
40 66
40 70
40 38
40 42
40 11
40 46
40 81
40 50
40 83
40 86
40 55
40 88
40 58
40 74
43 66
43 38
43 11
43 46
43 81
43 50
43 83
43 86
43 56
43 88
44 66
44 38
44 46
44 81
44 50
44 83
44 56
44 88
45 4
45 5
45 9
45 11
45 12
45 13
45 25
45 26
45 29
45 32
45 35
45 37
45 41
45 42
45 48
45 49
45 54
45 55
45 58
45 62
45 70
45 72
45 74
45 76
45 80
45 86
45 88
47 4
47 5
47 9
47 11
47 12
47 13
47 25
47 26
47 29
47 32
47 35
47 37
47 41
47 42
47 48
47 49
47 54
47 55
47 58
47 62
47 65
47 70
47 72
47 74
47 76
47 80
47 86
47 88
52 66
52 38
52 46
52 81
52 50
52 83
52 56
52 88
53 4
53 5
53 9
53 11
53 12
53 13
53 25
53 26
53 29
53 32
53 35
53 37
53 41
53 42
53 48
53 49
53 54
53 55
53 58
53 62
53 65
53 70
53 72
53 74
53 76
53 80
53 86
53 88
57 4
57 5
57 9
57 11
57 12
57 13
57 25
57 26
57 29
57 32
57 35
57 37
57 38
57 41
57 42
57 49
57 54
57 55
57 58
57 66
57 70
57 72
57 74
57 76
57 80
57 81
57 86
57 88
59 56
59 50
59 83
59 46
60 66
60 38
60 46
60 81
60 50
60 83
60 86
60 56
60 88
63 4
63 5
63 9
63 11
63 12
63 13
63 25
63 26
63 29
63 32
63 35
63 37
63 41
63 42
63 48
63 49
63 54
63 55
63 58
63 62
63 70
63 72
63 74
63 76
63 80
63 86
63 88
64 4
64 5
64 9
64 11
64 12
64 13
64 25
64 26
64 29
64 32
64 35
64 37
64 41
64 42
64 48
64 49
64 54
64 55
64 58
64 62
64 65
64 70
64 72
64 74
64 76
64 80
64 86
67 4
67 5
67 9
67 11
67 12
67 13
67 25
67 26
67 29
67 32
67 35
67 37
67 38
67 41
67 42
67 48
67 49
67 54
67 55
67 58
67 62
67 66
67 70
67 72
67 74
67 76
67 80
67 81
67 86
67 88
68 4
68 5
68 9
68 11
68 12
68 13
68 25
68 26
68 29
68 32
68 35
68 37
68 38
68 41
68 42
68 49
68 54
68 55
68 58
68 66
68 70
68 72
68 74
68 76
68 80
68 81
68 83
68 86
68 88
69 4
69 5
69 9
69 11
69 12
69 13
69 25
69 26
69 29
69 32
69 35
69 37
69 41
69 42
69 48
69 49
69 54
69 55
69 58
69 62
69 70
69 72
69 74
69 76
69 80
69 86
69 88
71 4
71 5
71 9
71 11
71 12
71 13
71 25
71 26
71 29
71 32
71 35
71 37
71 41
71 42
71 48
71 49
71 54
71 55
71 58
71 62
71 65
71 70
71 72
71 74
71 76
71 80
71 86
77 4
77 5
77 9
77 11
77 12
77 13
77 25
77 26
77 29
77 32
77 35
77 37
77 38
77 41
77 42
77 48
77 49
77 54
77 55
77 58
77 62
77 66
77 70
77 72
77 74
77 76
77 80
77 81
77 86
77 88
78 4
78 5
78 9
78 11
78 12
78 13
78 25
78 26
78 29
78 32
78 35
78 37
78 38
78 41
78 42
78 49
78 54
78 55
78 58
78 62
78 66
78 70
78 72
78 74
78 76
78 80
78 81
78 86
78 88
79 4
79 5
79 9
79 11
79 12
79 13
79 25
79 26
79 29
79 32
79 35
79 37
79 38
79 41
79 42
79 48
79 49
79 54
79 55
79 58
79 62
79 66
79 70
79 72
79 74
79 76
79 80
79 81
79 86
79 88
81 66
81 5
81 38
81 9
81 42
81 11
81 13
81 46
81 49
81 83
81 86
81 55
81 88
81 58
81 70
81 74
82 4
82 5
82 9
82 11
82 12
82 13
82 25
82 26
82 29
82 32
82 35
82 37
82 38
82 41
82 42
82 46
82 49
82 54
82 55
82 58
82 66
82 70
82 72
82 74
82 76
82 81
82 83
82 86
82 88
84 66
84 70
84 38
84 42
84 11
84 46
84 81
84 50
84 83
84 86
84 88
84 58
84 74
85 4
85 5
85 9
85 11
85 12
85 13
85 25
85 26
85 29
85 32
85 35
85 37
85 38
85 41
85 42
85 49
85 54
85 55
85 58
85 66
85 70
85 72
85 74
85 76
85 81
85 83
85 86
85 88
87 4
87 5
87 9
87 11
87 12
87 13
87 25
87 26
87 29
87 32
87 35
87 37
87 38
87 41
87 42
87 49
87 54
87 55
87 58
87 66
87 70
87 72
87 74
87 76
87 81
87 83
87 86
87 88
