88
1 2
1 3
1 7
1 11
1 14
1 22
1 24
1 27
1 32
1 35
1 36
1 37
1 40
1 41
1 44
1 48
1 55
1 60
1 67
1 77
1 78
1 82
1 83
1 84
2 83
2 35
2 4
2 37
2 7
2 40
2 39
2 78
2 82
2 3
2 84
2 14
2 55
2 67
2 36
2 87
2 27
2 60
3 32
3 36
3 41
3 11
3 44
3 77
3 47
3 48
3 84
3 22
3 24
3 63
4 18
4 50
4 15
5 50
5 15
6 32
6 36
6 41
6 11
6 44
6 77
6 47
6 48
6 84
6 22
6 24
6 63
7 50
7 13
7 15
8 25
8 29
9 25
9 29
10 50
10 13
10 6
10 15
11 32
11 38
11 10
11 44
11 77
11 47
11 48
11 22
11 24
11 63
12 17
13 25
13 29
14 49
14 10
14 38
14 6
14 23
17 32
17 38
17 41
17 11
17 44
17 77
17 47
17 48
17 22
17 24
17 63
18 2
18 3
18 4
18 37
18 7
18 40
18 41
18 39
18 14
18 82
18 35
18 84
18 78
18 55
18 83
18 36
18 87
18 27
18 60
18 67
19 17
19 86
20 33
20 34
20 68
20 69
20 70
20 71
20 72
20 76
20 74
20 12
20 45
20 81
20 51
20 52
20 53
20 54
20 56
20 58
20 59
20 61
20 62
21 50
21 15
22 1
22 5
22 30
22 34
22 42
22 45
22 46
22 51
22 52
22 53
22 54
22 56
22 58
22 59
22 61
22 62
22 68
22 69
22 70
22 71
22 72
22 73
22 80
22 81
23 2
23 3
23 4
23 37
23 7
23 40
23 41
23 39
23 14
23 82
23 35
23 84
23 78
23 55
23 83
23 36
23 87
23 27
23 60
23 67
24 2
24 3
24 11
24 14
24 22
24 27
24 32
24 35
24 36
24 40
24 41
24 44
24 47
24 48
24 55
24 60
24 67
24 77
24 78
24 82
24 83
24 84
25 49
25 10
25 38
25 23
26 38
26 10
26 11
26 44
26 77
26 47
26 48
26 22
26 24
26 63
27 38
27 10
27 11
27 44
27 77
27 47
27 48
27 22
27 23
27 24
27 63
28 32
28 2
28 35
28 36
28 37
28 7
28 40
28 41
28 39
28 77
28 14
28 82
28 3
28 84
28 78
28 55
28 83
28 67
28 87
28 27
28 60
29 9
30 32
30 2
30 67
30 36
30 41
30 11
30 44
30 77
30 14
30 47
30 48
30 3
30 84
30 22
30 24
30 60
30 63
31 32
31 38
31 41
31 11
31 44
31 77
31 47
31 48
31 84
31 22
31 24
31 63
32 38
32 10
32 11
32 44
32 77
32 47
32 48
32 22
32 24
32 63
33 38
33 10
33 11
33 44
33 77
33 47
33 48
33 22
33 24
33 63
34 38
34 10
34 44
34 47
34 49
34 22
34 23
34 63
35 38
35 10
35 11
35 44
35 47
35 22
35 23
35 63
36 38
36 10
36 11
36 44
36 47
36 48
36 22
36 23
36 24
36 63
37 32
37 38
37 41
37 11
37 44
37 77
37 47
37 48
37 84
37 22
37 24
37 63
38 2
38 3
38 11
38 14
38 22
38 24
38 27
38 32
38 35
38 36
38 40
38 41
38 44
38 47
38 48
38 55
38 60
38 67
38 77
38 78
38 82
38 83
38 84
39 2
39 3
39 11
39 14
39 22
39 24
39 27
39 32
39 35
39 36
39 40
39 41
39 44
39 47
39 48
39 55
39 60
39 67
39 77
39 78
39 82
39 83
39 84
40 2
40 3
40 4
40 37
40 7
40 39
40 14
40 82
40 35
40 78
40 55
40 83
40 36
40 87
40 27
40 60
40 67
41 38
41 10
41 11
41 44
41 47
41 48
41 22
41 23
41 24
41 63
42 49
42 10
42 23
42 38
42 63
43 49
43 10
43 13
43 6
43 23
44 49
44 10
44 38
44 23
45 32
45 41
45 11
45 44
45 77
45 47
45 48
45 84
45 22
45 24
45 63
46 38
46 10
46 44
46 47
46 49
46 22
46 23
46 63
47 38
47 10
47 11
47 44
47 48
47 22
47 23
47 24
47 63
48 2
48 4
48 7
48 14
48 27
48 28
48 30
48 31
48 35
48 37
48 39
48 40
48 42
48 43
48 55
48 60
48 67
48 78
48 82
48 83
48 87
48 88
49 1
49 4
49 5
49 70
49 39
49 73
49 42
49 43
49 46
49 80
49 81
49 56
49 54
49 87
49 88
49 31
49 28
49 30
49 69
50 1
50 43
50 4
50 5
50 7
50 40
50 73
50 42
50 39
50 46
50 80
50 82
50 31
50 78
50 55
50 88
50 87
50 27
50 28
50 30
50 37
51 50
51 13
51 15
52 38
52 10
52 11
52 44
52 47
52 48
52 22
52 23
52 24
52 63
53 38
53 10
53 11
53 44
53 47
53 22
53 23
53 63
54 49
54 10
54 23
54 38
54 63
55 2
55 3
55 11
55 14
55 22
55 24
55 27
55 32
55 35
55 36
55 40
55 41
55 44
55 47
55 48
55 60
55 67
55 77
55 78
55 82
55 83
55 84
56 32
56 3
56 36
56 41
56 11
56 44
56 77
56 47
56 48
56 84
56 22
56 24
56 63
57 49
57 50
57 13
57 6
58 49
58 10
58 38
58 6
58 23
59 50
59 13
59 15
60 32
60 36
60 41
60 11
60 44
60 77
60 47
60 48
60 84
60 22
60 24
60 63
61 38
61 10
61 11
61 44
61 47
61 22
61 23
61 63
62 32
62 38
62 41
62 11
62 44
62 77
62 47
62 48
62 22
62 24
62 63
63 38
63 10
63 11
63 44
63 47
63 22
63 23
64 49
64 50
64 13
64 6
65 49
65 10
65 38
65 6
65 23
66 49
66 10
66 38
66 6
66 23
67 32
67 2
67 35
67 36
67 37
67 7
67 40
67 41
67 83
67 77
67 14
67 48
67 82
67 3
67 84
67 78
67 55
67 24
67 27
67 60
68 32
68 38
68 41
68 11
68 44
68 77
68 47
68 48
68 84
68 22
68 24
68 63
69 49
69 10
69 38
69 23
70 2
70 35
70 4
70 37
70 7
70 40
70 28
70 39
70 14
70 43
70 82
70 83
70 78
70 55
70 67
70 88
70 87
70 27
70 60
70 31
71 38
71 10
71 11
71 44
71 47
71 22
71 23
71 63
72 32
72 3
72 36
72 41
72 11
72 44
72 77
72 47
72 48
72 84
72 22
72 24
72 63
73 49
73 10
73 23
73 38
73 63
74 38
74 10
74 11
74 44
74 47
74 48
74 22
74 23
74 24
74 63
75 32
75 38
75 41
75 11
75 44
75 77
75 47
75 48
75 84
75 22
75 24
75 63
76 2
76 3
76 11
76 14
76 22
76 24
76 32
76 35
76 36
76 40
76 41
76 44
76 47
76 48
76 55
76 60
76 63
76 67
76 77
76 78
76 82
76 83
76 84
77 49
77 10
77 38
77 6
77 23
78 1
78 2
78 4
78 5
78 7
78 27
78 28
78 30
78 31
78 35
78 37
78 39
78 40
78 42
78 43
78 46
78 55
78 73
78 82
78 83
78 87
78 88
79 49
79 50
79 13
79 6
80 32
80 2
80 67
80 36
80 41
80 11
80 44
80 77
80 14
80 47
80 48
80 3
80 84
80 22
80 24
80 60
80 63
81 49
81 13
81 6
82 49
82 10
82 23
82 38
82 63
83 49
83 13
83 6
84 38
84 10
84 44
84 47
84 22
84 23
84 63
85 17
86 65
86 66
86 75
86 85
86 57
86 26
86 21
87 38
87 10
87 11
87 44
87 77
87 47
87 48
87 22
87 23
87 24
87 63
88 32
88 38
88 11
88 44
88 77
88 47
88 48
88 22
88 24
88 63
