88
2 1
2 68
2 37
2 31
2 41
2 75
2 45
2 28
2 79
2 48
2 25
2 22
2 73
2 24
2 4
2 58
2 27
2 36
2 63
3 35
3 70
3 77
3 40
3 12
3 10
3 11
3 44
3 45
3 14
3 15
3 17
3 52
3 78
3 84
3 58
3 47
4 1
4 3
4 70
4 77
4 40
4 41
4 10
4 75
4 45
4 78
4 47
4 17
4 52
4 22
4 25
4 58
4 79
4 28
4 63
5 3
5 70
5 77
5 40
5 41
5 10
5 11
5 44
5 45
5 12
5 47
5 17
5 35
5 52
5 78
5 22
5 84
5 58
5 79
6 1
6 68
6 37
6 31
6 41
6 75
6 21
6 28
6 24
6 48
6 49
6 25
6 57
6 22
6 73
6 88
6 4
6 27
6 36
6 69
6 63
7 32
7 1
7 27
7 68
7 37
7 65
7 31
7 73
7 75
7 48
7 49
7 25
7 21
7 24
7 57
7 88
7 4
7 63
7 28
7 69
7 36
9 35
9 70
9 8
9 44
9 10
9 11
9 12
9 77
9 14
9 15
9 17
9 3
9 52
9 78
9 40
9 84
9 58
9 47
11 3
11 70
11 77
11 40
11 41
11 10
11 44
11 45
11 12
11 47
11 17
11 35
11 52
11 78
11 22
11 84
11 58
11 79
11 28
11 63
13 1
13 3
13 10
13 11
13 12
13 17
13 22
13 28
13 35
13 40
13 41
13 44
13 45
13 47
13 52
13 58
13 63
13 70
13 75
13 77
13 78
13 79
13 84
16 26
16 86
16 62
18 1
18 3
18 70
18 40
18 41
18 10
18 75
18 45
18 78
18 47
18 17
18 52
18 22
18 25
18 58
18 79
18 28
18 63
19 80
19 51
19 54
19 30
20 35
20 70
20 8
20 44
20 10
20 11
20 12
20 77
20 14
20 15
20 17
20 3
20 52
20 78
20 40
20 84
20 58
20 47
22 32
22 1
22 34
22 68
22 37
22 65
22 31
22 73
22 42
22 75
22 48
22 49
22 25
22 21
22 24
22 57
22 88
22 4
22 27
22 69
22 36
23 72
23 80
23 51
23 85
23 54
23 30
29 3
29 70
29 77
29 40
29 41
29 10
29 11
29 44
29 45
29 12
29 47
29 17
29 35
29 52
29 78
29 22
29 84
29 58
29 79
31 1
31 68
31 37
31 63
31 41
31 75
31 28
31 24
31 48
31 49
31 25
31 57
31 22
31 73
31 88
31 4
31 27
31 21
31 69
31 36
32 1
32 27
32 68
32 69
32 31
32 41
32 75
32 45
32 28
32 79
32 48
32 25
32 22
32 73
32 24
32 4
32 58
32 63
32 36
32 37
34 35
34 70
34 77
34 8
34 44
34 10
34 11
34 12
34 45
34 14
34 15
34 17
34 3
34 52
34 78
34 40
34 84
34 58
34 47
35 1
35 27
35 68
35 69
35 31
35 41
35 75
35 45
35 28
35 79
35 48
35 25
35 22
35 73
35 24
35 4
35 58
35 63
35 36
35 37
36 1
36 3
36 10
36 11
36 17
36 22
36 28
36 35
36 40
36 41
36 44
36 45
36 47
36 52
36 58
36 63
36 70
36 75
36 77
36 78
36 79
36 84
38 79
38 35
38 70
38 77
38 40
38 44
38 10
38 11
38 12
38 45
38 14
38 15
38 17
38 3
38 52
38 78
38 84
38 58
38 47
43 1
43 4
43 70
43 41
43 10
43 75
43 45
43 79
43 48
43 22
43 25
43 24
43 68
43 58
43 27
43 28
43 63
47 35
47 70
47 77
47 40
47 44
47 10
47 11
47 12
47 45
47 14
47 15
47 17
47 3
47 52
47 78
47 84
47 58
47 79
48 35
48 70
48 7
48 8
48 44
48 10
48 11
48 12
48 77
48 14
48 15
48 17
48 3
48 52
48 78
48 40
48 84
48 47
49 1
49 3
49 70
49 40
49 41
49 10
49 75
49 45
49 78
49 47
49 17
49 52
49 22
49 25
49 58
49 79
49 28
49 63
50 1
50 4
50 21
50 24
50 25
50 27
50 31
50 32
50 34
50 36
50 37
50 42
50 48
50 49
50 57
50 65
50 67
50 68
50 69
50 73
50 75
50 83
50 88
52 3
52 70
52 77
52 40
52 41
52 10
52 11
52 44
52 45
52 12
52 47
52 17
52 35
52 84
52 78
52 22
52 58
52 79
52 28
53 32
53 1
53 27
53 68
53 37
53 65
53 31
53 73
53 75
53 48
53 49
53 25
53 21
53 24
53 57
53 88
53 4
53 63
53 28
53 69
53 36
54 3
54 10
54 11
54 12
54 17
54 22
54 28
54 35
54 40
54 41
54 44
54 45
54 47
54 52
54 58
54 63
54 70
54 75
54 77
54 78
54 79
54 84
56 1
56 4
56 37
56 41
56 10
56 75
56 45
56 79
56 48
56 22
56 25
56 24
56 68
56 58
56 27
56 28
56 63
57 35
57 70
57 77
57 40
57 41
57 10
57 11
57 12
57 45
57 14
57 47
57 17
57 3
57 52
57 78
57 22
57 84
57 58
57 79
57 44
60 6
60 21
60 29
60 31
60 32
60 34
60 36
60 42
60 46
60 49
60 50
60 55
60 56
60 57
60 64
60 65
60 66
60 67
60 69
60 71
60 73
60 76
60 82
60 83
60 88
63 32
63 1
63 68
63 37
63 65
63 31
63 73
63 42
63 75
63 48
63 49
63 25
63 21
63 24
63 57
63 88
63 4
63 27
63 69
63 36
66 1
66 4
66 21
66 24
66 25
66 27
66 29
66 31
66 32
66 34
66 36
66 37
66 42
66 48
66 49
66 57
66 65
66 67
66 68
66 69
66 73
66 75
66 83
66 88
69 61
69 35
69 70
69 7
69 8
69 9
69 10
69 11
69 12
69 77
69 14
69 15
69 17
69 3
69 52
69 78
69 40
69 84
69 47
69 44
70 4
70 21
70 24
70 27
70 29
70 31
70 32
70 34
70 36
70 37
70 42
70 48
70 49
70 55
70 57
70 64
70 65
70 67
70 68
70 69
70 73
70 82
70 83
70 88
71 1
71 4
71 70
71 41
71 10
71 75
71 45
71 79
71 48
71 22
71 25
71 24
71 68
71 58
71 27
71 28
71 63
72 35
72 70
72 8
72 44
72 10
72 11
72 12
72 77
72 14
72 15
72 17
72 3
72 52
72 78
72 40
72 84
72 47
73 1
73 68
73 70
73 40
73 41
73 10
73 75
73 45
73 78
73 47
73 17
73 52
73 22
73 25
73 58
73 79
73 28
73 63
77 3
77 70
77 40
77 41
77 10
77 11
77 44
77 45
77 12
77 47
77 17
77 35
77 52
77 78
77 22
77 84
77 58
77 79
77 28
77 63
78 1
78 4
78 37
78 31
78 41
78 75
78 45
78 79
78 48
78 22
78 25
78 24
78 68
78 58
78 27
78 28
78 63
79 35
79 70
79 8
79 44
79 10
79 11
79 12
79 77
79 14
79 15
79 17
79 3
79 52
79 78
79 40
79 84
79 58
79 47
84 1
84 68
84 70
84 40
84 41
84 10
84 75
84 45
84 78
84 47
84 17
84 52
84 22
84 25
84 58
84 79
84 28
84 63
85 1
85 3
85 70
85 77
85 40
85 41
85 10
85 75
85 44
85 45
85 78
85 47
85 17
85 52
85 22
85 58
85 79
85 28
85 63
86 4
86 21
86 24
86 27
86 29
86 31
86 32
86 34
86 36
86 37
86 42
86 46
86 48
86 49
86 55
86 57
86 64
86 65
86 67
86 68
86 69
86 71
86 73
86 82
86 83
86 88
87 1
87 68
87 70
87 41
87 10
87 75
87 45
87 78
87 79
87 17
87 52
87 22
87 25
87 24
87 4
87 58
87 28
87 63
