88
1 33
1 34
1 3
1 36
1 7
1 40
1 74
1 11
1 29
1 78
1 79
1 24
1 35
1 54
1 88
1 15
1 28
1 61
1 62
1 63
2 33
2 66
2 3
2 5
2 54
2 11
2 18
2 49
2 82
2 22
2 63
2 37
3 33
3 66
3 4
3 5
3 54
3 11
3 2
3 80
3 49
3 82
3 22
3 18
3 63
3 37
4 1
4 3
4 7
4 11
4 15
4 16
4 24
4 25
4 28
4 29
4 31
4 33
4 34
4 35
4 36
4 40
4 48
4 61
4 62
4 73
4 74
4 77
4 78
4 79
4 88
7 66
7 4
7 37
7 18
7 2
7 80
7 49
7 82
7 22
7 5
8 33
8 66
8 3
8 5
8 54
8 11
8 2
8 49
8 82
8 22
8 18
8 63
8 37
9 30
9 6
10 66
10 4
10 37
10 18
10 2
10 80
10 49
10 82
10 22
10 5
12 30
12 6
14 33
14 66
14 4
14 5
14 54
14 11
14 2
14 80
14 49
14 82
14 22
14 18
14 63
14 37
15 33
15 2
15 3
15 5
15 40
15 11
15 66
15 78
15 49
15 18
15 22
15 54
15 28
15 62
15 63
17 33
17 2
17 3
17 5
17 54
17 11
17 66
17 78
17 49
17 18
17 22
17 63
17 62
17 37
18 30
18 6
20 30
20 6
21 2
21 4
21 5
21 18
21 80
21 49
21 82
21 22
21 30
21 37
22 30
22 6
25 30
25 6
27 1
27 3
27 7
27 11
27 15
27 24
27 28
27 29
27 31
27 33
27 34
27 35
27 36
27 40
27 48
27 54
27 61
27 62
27 63
27 74
27 78
27 79
27 88
28 33
28 2
28 3
28 4
28 5
28 54
28 11
28 66
28 80
28 49
28 82
28 22
28 18
28 63
28 37
29 1
29 3
29 7
29 15
29 16
29 24
29 25
29 28
29 31
29 34
29 35
29 36
29 40
29 43
29 47
29 48
29 61
29 62
29 73
29 74
29 77
29 78
29 79
29 87
29 88
31 1
31 7
31 15
31 16
31 24
31 25
31 28
31 29
31 32
31 34
31 35
31 36
31 40
31 43
31 47
31 48
31 61
31 73
31 74
31 77
31 78
31 79
31 86
31 87
31 88
32 2
32 4
32 5
32 18
32 80
32 49
32 82
32 22
32 30
32 37
34 33
34 2
34 3
34 5
34 11
34 66
34 78
34 49
34 18
34 22
34 54
34 62
34 63
35 1
35 7
35 15
35 16
35 24
35 25
35 28
35 29
35 31
35 32
35 34
35 36
35 40
35 43
35 47
35 48
35 61
35 73
35 74
35 77
35 79
35 86
35 87
35 88
36 33
36 34
36 3
36 40
36 11
36 66
36 78
36 15
36 54
36 28
36 62
36 63
37 1
37 7
37 15
37 16
37 24
37 25
37 28
37 29
37 31
37 32
37 34
37 35
37 36
37 40
37 43
37 47
37 48
37 61
37 73
37 74
37 77
37 79
37 86
37 87
37 88
38 33
38 34
38 3
38 40
38 11
38 66
38 78
38 15
38 54
38 28
38 62
38 63
39 66
39 4
39 37
39 18
39 2
39 80
39 49
39 82
39 22
39 5
40 66
40 4
40 37
40 18
40 2
40 80
40 49
40 82
40 22
40 5
41 1
41 34
41 3
41 36
41 33
41 7
41 40
41 11
41 78
41 15
41 54
41 24
41 28
41 62
41 63
43 33
43 66
43 4
43 5
43 54
43 11
43 2
43 80
43 49
43 82
43 22
43 18
43 63
43 37
44 1
44 7
44 15
44 16
44 24
44 25
44 28
44 29
44 31
44 32
44 34
44 35
44 36
44 40
44 43
44 47
44 48
44 61
44 73
44 74
44 77
44 78
44 79
44 86
44 87
44 88
45 4
45 37
45 6
45 80
45 82
45 30
46 1
46 34
46 3
46 36
46 33
46 7
46 40
46 11
46 78
46 79
46 35
46 54
46 24
46 15
46 28
46 29
46 62
46 63
47 1
47 34
47 3
47 36
47 33
47 7
47 40
47 11
47 78
47 79
47 35
47 54
47 24
47 15
47 28
47 29
47 62
47 63
48 2
48 4
48 5
48 18
48 80
48 49
48 82
48 22
48 30
48 37
50 30
50 6
51 33
51 66
51 3
51 5
51 54
51 11
51 2
51 80
51 49
51 82
51 22
51 18
51 63
51 37
52 66
52 4
52 37
52 54
52 18
52 2
52 80
52 49
52 82
52 22
52 63
52 5
53 4
53 37
53 6
53 80
53 82
53 30
54 1
54 3
54 7
54 15
54 16
54 24
54 25
54 28
54 29
54 31
54 34
54 35
54 36
54 40
54 43
54 48
54 61
54 62
54 73
54 74
54 77
54 78
54 79
54 87
54 88
55 66
55 4
55 37
55 18
55 2
55 80
55 49
55 82
55 22
55 5
56 33
56 2
56 3
56 5
56 11
56 66
56 78
56 49
56 18
56 22
56 54
56 28
56 62
56 63
57 66
57 4
57 37
57 54
57 18
57 2
57 80
57 49
57 82
57 22
57 63
57 5
58 80
58 82
58 4
58 30
58 6
60 1
60 34
60 3
60 36
60 33
60 7
60 40
60 11
60 78
60 79
60 54
60 24
60 15
60 28
60 62
60 63
61 33
61 66
61 4
61 5
61 54
61 11
61 2
61 80
61 49
61 82
61 22
61 18
61 63
61 37
62 33
62 2
62 3
62 5
62 54
62 11
62 66
62 49
62 18
62 22
62 63
62 37
63 1
63 34
63 3
63 36
63 33
63 7
63 40
63 11
63 78
63 15
63 54
63 28
63 62
64 30
64 6
65 2
65 4
65 5
65 18
65 80
65 49
65 82
65 22
65 30
65 37
66 1
66 7
66 15
66 16
66 24
66 25
66 28
66 29
66 31
66 32
66 34
66 35
66 36
66 40
66 43
66 47
66 48
66 61
66 62
66 73
66 74
66 77
66 78
66 79
66 87
66 88
67 1
67 34
67 3
67 36
67 33
67 7
67 40
67 11
67 78
67 79
67 88
67 35
67 54
67 24
67 15
67 28
67 29
67 62
67 63
68 80
68 82
68 4
68 30
68 6
70 30
70 6
71 4
71 37
71 6
71 80
71 82
71 30
72 80
72 82
72 4
72 30
72 6
73 66
73 4
73 37
73 18
73 2
73 80
73 49
73 82
73 22
73 5
74 33
74 2
74 3
74 5
74 40
74 11
74 66
74 78
74 49
74 18
74 22
74 54
74 28
74 62
74 63
75 33
75 66
75 4
75 5
75 54
75 11
75 2
75 80
75 49
75 82
75 22
75 18
75 63
75 37
76 30
76 6
77 1
77 34
77 3
77 36
77 33
77 7
77 40
77 11
77 78
77 15
77 54
77 28
77 62
77 63
78 33
78 66
78 3
78 54
78 40
78 11
78 49
78 18
78 22
78 28
78 62
78 63
79 33
79 2
79 3
79 4
79 5
79 54
79 11
79 66
79 80
79 49
79 82
79 22
79 18
79 63
79 37
80 1
80 7
80 15
80 16
80 24
80 25
80 28
80 29
80 31
80 32
80 34
80 35
80 36
80 40
80 43
80 47
80 48
80 61
80 62
80 73
80 74
80 77
80 78
80 79
80 87
80 88
82 30
82 6
83 66
83 4
83 37
83 18
83 2
83 80
83 49
83 82
83 22
83 5
84 2
84 4
84 5
84 18
84 80
84 49
84 82
84 22
84 30
84 37
85 30
85 6
86 33
86 66
86 3
86 54
86 40
86 11
86 78
86 49
86 18
86 22
86 28
86 62
86 63
87 1
87 7
87 15
87 16
87 24
87 25
87 28
87 29
87 31
87 32
87 34
87 35
87 36
87 40
87 43
87 47
87 48
87 59
87 61
87 73
87 74
87 77
87 79
87 86
87 88
