88
1 33
1 2
1 3
1 68
1 7
1 76
1 79
1 67
1 20
1 57
1 27
1 62
1 52
2 68
2 67
2 76
2 62
2 7
3 33
3 2
3 67
3 68
3 7
3 76
3 79
3 59
3 20
3 57
3 27
3 62
3 52
4 33
4 2
4 3
4 68
4 6
4 7
4 76
4 79
4 59
4 67
4 20
4 57
4 27
4 62
4 52
6 33
6 2
6 3
6 68
6 7
6 75
6 76
6 79
6 59
6 67
6 20
6 25
6 57
6 27
6 62
6 52
7 2
7 67
7 68
7 76
7 79
7 3
7 62
9 4
9 5
9 6
9 75
9 16
9 83
9 25
9 26
10 33
10 3
10 25
10 6
10 7
10 75
10 79
10 59
10 83
10 52
10 20
10 57
10 26
10 27
10 62
11 2
11 67
11 68
11 7
11 76
11 79
11 3
11 20
11 57
11 62
14 2
14 67
14 68
14 7
14 76
14 62
16 33
16 2
16 3
16 68
16 7
16 76
16 79
16 59
16 67
16 20
16 57
16 27
16 62
16 52
17 4
17 5
17 6
17 75
17 16
17 83
17 25
17 26
19 33
19 3
19 4
19 5
19 6
19 75
19 79
19 59
19 83
19 52
19 25
19 57
19 26
19 27
19 20
20 33
20 2
20 3
20 68
20 6
20 7
20 75
20 76
20 79
20 59
20 67
20 52
20 57
20 27
20 62
21 33
21 3
21 4
21 6
21 75
21 79
21 59
21 83
21 52
21 25
21 57
21 26
21 27
21 20
22 33
22 59
22 4
22 5
22 6
22 75
22 83
22 52
22 25
22 26
22 27
23 33
23 2
23 3
23 68
23 7
23 76
23 79
23 67
23 20
23 57
23 62
23 52
24 4
24 5
24 6
24 75
24 16
24 83
24 25
24 26
25 33
25 2
25 3
25 68
25 6
25 7
25 75
25 76
25 79
25 59
25 67
25 20
25 57
25 27
25 62
25 52
26 2
26 67
26 68
26 7
26 76
26 79
26 3
26 20
26 57
26 62
26 52
27 2
27 67
27 68
27 7
27 76
27 3
27 62
28 2
28 67
28 68
28 7
28 76
28 79
28 3
28 20
28 57
28 62
29 4
29 5
29 6
29 75
29 16
29 83
29 25
29 26
30 33
30 3
30 25
30 6
30 7
30 75
30 79
30 59
30 83
30 52
30 20
30 57
30 26
30 27
30 62
31 2
31 67
31 68
31 7
31 76
31 3
31 62
32 33
32 2
32 3
32 68
32 6
32 7
32 75
32 76
32 79
32 59
32 67
32 20
32 57
32 27
32 62
32 52
34 33
34 2
34 3
34 68
34 6
34 7
34 76
34 79
34 59
34 67
34 20
34 57
34 27
34 62
34 52
35 33
35 2
35 3
35 6
35 7
35 75
35 76
35 79
35 59
35 67
35 20
35 25
35 57
35 27
35 62
35 52
36 33
36 2
36 3
36 6
36 7
36 75
36 79
36 59
36 83
36 20
36 25
36 57
36 26
36 27
36 62
36 52
37 33
37 2
37 3
37 6
37 7
37 75
37 79
37 59
37 20
37 25
37 57
37 26
37 27
37 62
37 52
38 33
38 59
38 4
38 5
38 6
38 75
38 83
38 52
38 25
38 26
38 27
39 33
39 2
39 3
39 68
39 6
39 7
39 75
39 76
39 79
39 59
39 67
39 20
39 57
39 27
39 62
39 52
40 33
40 3
40 4
40 6
40 75
40 79
40 59
40 83
40 52
40 25
40 57
40 26
40 27
40 20
41 2
41 67
41 68
41 7
41 76
41 79
41 3
41 20
41 57
41 62
42 33
42 59
42 4
42 5
42 6
42 75
42 83
42 52
42 25
42 57
42 26
42 27
42 20
43 33
43 2
43 3
43 68
43 6
43 7
43 76
43 79
43 59
43 67
43 20
43 57
43 27
43 62
43 52
44 33
44 3
44 25
44 6
44 7
44 75
44 79
44 59
44 83
44 52
44 20
44 57
44 26
44 27
44 62
45 16
45 5
47 33
47 3
47 25
47 6
47 7
47 75
47 79
47 59
47 83
47 52
47 20
47 57
47 26
47 27
47 62
48 33
48 3
48 25
48 6
48 7
48 75
48 79
48 59
48 83
48 52
48 20
48 57
48 26
48 27
48 62
49 33
49 2
49 3
49 6
49 7
49 75
49 76
49 79
49 59
49 67
49 20
49 25
49 57
49 26
49 27
49 62
49 52
50 33
50 2
50 3
50 68
50 7
50 76
50 79
50 59
50 67
50 20
50 57
50 27
50 62
50 52
51 33
51 2
51 3
51 68
51 7
51 76
51 79
51 59
51 67
51 20
51 57
51 27
51 62
51 52
52 33
52 2
52 3
52 68
52 6
52 7
52 75
52 76
52 79
52 59
52 67
52 20
52 57
52 27
52 62
53 16
54 4
54 5
54 16
54 83
54 25
54 26
55 33
55 2
55 3
55 68
55 6
55 7
55 75
55 76
55 79
55 59
55 67
55 20
55 25
55 57
55 27
55 62
55 52
56 33
56 2
56 3
56 6
56 7
56 75
56 79
56 59
56 20
56 25
56 57
56 26
56 27
56 62
56 52
57 33
57 2
57 3
57 68
57 7
57 76
57 79
57 67
57 20
57 52
57 27
57 62
58 4
58 5
58 75
58 16
58 83
58 25
58 26
59 33
59 2
59 3
59 68
59 6
59 7
59 75
59 76
59 79
59 67
59 20
59 57
59 27
59 62
59 52
60 2
60 67
60 68
60 7
60 76
60 79
60 3
60 20
60 57
60 62
60 52
61 33
61 3
61 4
61 5
61 6
61 75
61 79
61 59
61 83
61 52
61 25
61 57
61 26
61 27
61 20
62 33
62 2
62 3
62 68
62 7
62 76
62 79
62 59
62 67
62 20
62 57
62 27
62 52
63 33
63 59
63 4
63 5
63 6
63 75
63 83
63 25
63 26
63 27
64 33
64 59
64 4
64 5
64 6
64 75
64 79
64 83
64 52
64 25
64 57
64 26
64 27
64 20
65 33
65 59
65 4
65 5
65 6
65 75
65 83
65 52
65 25
65 57
65 26
65 27
65 20
66 33
66 3
66 4
66 25
66 6
66 75
66 79
66 59
66 83
66 52
66 20
66 57
66 26
66 27
66 62
67 2
67 3
67 68
67 7
67 76
67 79
67 62
68 2
68 67
68 76
68 62
68 7
69 2
69 67
69 68
69 7
69 76
69 79
69 3
69 20
69 57
69 62
70 16
70 26
70 83
70 4
70 5
71 4
71 5
71 75
71 16
71 83
71 25
71 26
72 16
72 5
73 4
73 5
73 6
73 75
73 16
73 83
73 25
73 26
74 4
74 5
74 6
74 75
74 16
74 83
74 25
74 26
77 33
77 2
77 3
77 6
77 7
77 75
77 79
77 59
77 83
77 20
77 25
77 57
77 26
77 27
77 62
77 52
78 33
78 2
78 3
78 6
78 7
78 75
78 76
78 79
78 59
78 67
78 20
78 25
78 57
78 27
78 62
78 52
79 33
79 2
79 3
79 68
79 7
79 76
79 59
79 67
79 20
79 57
79 27
79 62
79 52
80 33
80 2
80 3
80 68
80 7
80 76
80 79
80 59
80 67
80 20
80 57
80 27
80 62
80 52
83 2
83 67
83 68
83 7
83 76
83 62
84 33
84 2
84 3
84 68
84 7
84 76
84 79
84 59
84 67
84 20
84 57
84 27
84 62
84 52
85 16
85 83
85 4
85 5
86 33
86 59
86 4
86 5
86 6
86 75
86 83
86 25
86 26
86 27
87 33
87 2
87 3
87 68
87 7
87 76
87 79
87 59
87 67
87 20
87 57
87 27
87 62
87 52
88 33
88 2
88 3
88 68
88 7
88 76
88 79
88 59
88 67
88 20
88 57
88 27
88 62
88 52
