88
1 34
1 75
1 31
1 9
1 10
1 11
1 14
1 15
1 50
1 51
1 20
1 59
1 42
1 63
2 34
2 4
2 5
2 38
2 9
2 10
2 18
2 14
2 15
2 50
2 51
2 20
2 24
2 59
2 42
3 33
3 4
3 5
3 38
3 15
3 18
3 20
3 24
5 34
5 31
5 9
5 10
5 75
5 14
5 15
5 50
5 51
5 20
5 59
5 42
5 63
6 34
6 75
6 31
6 9
6 10
6 11
6 29
6 14
6 15
6 50
6 51
6 59
6 42
6 63
7 33
7 4
7 5
7 38
7 18
7 84
7 24
9 34
9 75
9 31
9 10
9 11
9 13
9 14
9 51
9 59
9 29
9 63
10 34
10 75
10 31
10 9
10 42
10 11
10 14
10 15
10 50
10 51
10 20
10 59
10 63
15 34
15 4
15 5
15 38
15 9
15 10
15 18
15 14
15 50
15 51
15 20
15 24
15 59
15 42
18 34
18 75
18 31
18 9
18 10
18 11
18 13
18 14
18 29
18 50
18 51
18 59
18 42
18 63
19 34
19 75
19 31
19 9
19 10
19 11
19 29
19 14
19 15
19 50
19 51
19 59
19 42
19 63
20 34
20 75
20 31
20 9
20 10
20 11
20 13
20 14
20 51
20 59
20 29
20 63
21 34
21 75
21 31
21 9
21 10
21 11
21 13
21 14
21 29
21 50
21 51
21 59
21 42
21 63
22 4
22 5
22 38
22 42
22 18
22 15
22 50
22 20
22 24
23 34
23 4
23 5
23 31
23 9
23 10
23 75
23 14
23 15
23 50
23 51
23 20
23 59
23 42
23 63
24 34
24 4
24 5
24 31
24 9
24 10
24 14
24 15
24 50
24 51
24 20
24 59
24 42
24 63
25 34
25 4
25 5
25 9
25 10
25 18
25 14
25 15
25 50
25 51
25 20
25 24
25 59
25 42
25 31
26 33
26 4
26 5
26 38
26 42
26 18
26 15
26 50
26 20
26 24
28 33
28 4
28 5
28 38
28 42
28 18
28 15
28 50
28 20
28 24
30 16
30 33
30 84
31 34
31 75
31 9
31 10
31 11
31 13
31 14
31 29
31 50
31 51
31 59
31 42
31 63
32 34
32 4
32 5
32 31
32 9
32 10
32 75
32 14
32 15
32 50
32 51
32 20
32 59
32 42
32 63
33 34
33 75
33 31
33 9
33 10
33 11
33 13
33 14
33 29
33 51
33 59
33 42
33 63
34 75
34 31
34 9
34 10
34 11
34 13
34 14
34 51
34 59
34 29
34 63
35 33
35 4
35 5
35 38
35 42
35 18
35 15
35 50
35 20
35 24
36 34
36 4
36 5
36 9
36 10
36 18
36 14
36 15
36 50
36 51
36 20
36 24
36 59
36 42
36 31
37 33
37 4
37 5
37 38
37 18
37 84
37 24
38 34
38 4
38 5
38 31
38 9
38 10
38 14
38 15
38 50
38 51
38 20
38 59
38 42
38 63
39 34
39 4
39 5
39 31
39 9
39 10
39 75
39 14
39 15
39 50
39 51
39 20
39 59
39 42
39 63
40 34
40 4
40 5
40 9
40 10
40 18
40 14
40 15
40 50
40 51
40 20
40 24
40 59
40 42
40 31
41 34
41 4
41 5
41 9
41 10
41 18
41 14
41 15
41 50
41 51
41 20
41 24
41 59
41 42
41 31
42 34
42 4
42 5
42 31
42 9
42 10
42 14
42 15
42 50
42 51
42 20
42 24
42 59
42 63
43 34
43 75
43 31
43 9
43 10
43 11
43 13
43 14
43 51
43 59
43 29
43 63
44 34
44 75
44 31
44 9
44 10
44 11
44 13
44 14
44 29
44 50
44 51
44 59
44 42
44 63
45 34
45 75
45 31
45 9
45 10
45 11
45 14
45 15
45 50
45 51
45 20
45 59
45 42
45 63
46 34
46 4
46 5
46 38
46 9
46 10
46 18
46 14
46 15
46 50
46 51
46 20
46 24
46 59
46 42
47 34
47 4
47 5
47 38
47 9
47 10
47 18
47 14
47 15
47 50
47 51
47 20
47 24
47 59
47 42
48 33
48 4
48 5
48 38
48 42
48 18
48 15
48 50
48 20
48 24
49 34
49 4
49 5
49 9
49 10
49 18
49 14
49 15
49 50
49 51
49 20
49 24
49 59
49 42
49 31
50 34
50 75
50 31
50 9
50 10
50 11
50 14
50 15
50 51
50 20
50 59
50 42
50 63
52 4
52 5
52 38
52 42
52 18
52 15
52 50
52 20
52 24
52 59
53 34
53 4
53 5
53 9
53 10
53 18
53 14
53 15
53 50
53 51
53 20
53 24
53 59
53 42
53 31
54 34
54 75
54 31
54 9
54 10
54 11
54 13
54 14
54 29
54 51
54 59
54 42
54 63
55 16
55 33
55 18
55 84
55 38
56 34
56 4
56 5
56 38
56 9
56 10
56 18
56 14
56 15
56 50
56 51
56 20
56 24
56 59
56 42
57 33
57 4
57 5
57 38
57 15
57 18
57 20
57 24
58 34
58 75
58 31
58 9
58 10
58 11
58 13
58 14
58 29
58 50
58 51
58 59
58 42
58 63
60 34
60 75
60 31
60 9
60 10
60 11
60 13
60 14
60 51
60 59
60 29
60 63
61 33
61 4
61 5
61 38
61 42
61 18
61 15
61 50
61 20
61 24
62 34
62 4
62 5
62 9
62 10
62 14
62 15
62 50
62 51
62 20
62 24
62 59
62 42
62 31
64 33
64 4
64 5
64 38
64 42
64 18
64 15
64 50
64 20
64 24
65 16
65 33
65 18
65 84
65 38
66 34
66 75
66 31
66 9
66 10
66 11
66 13
66 14
66 51
66 59
66 29
66 63
67 34
67 4
67 5
67 9
67 10
67 18
67 14
67 15
67 50
67 51
67 20
67 24
67 59
67 42
68 34
68 4
68 5
68 38
68 9
68 10
68 18
68 14
68 15
68 50
68 51
68 20
68 24
68 59
68 42
69 33
69 4
69 5
69 38
69 15
69 18
69 20
69 24
70 33
70 38
70 16
70 18
70 84
70 24
71 33
71 4
71 5
71 38
71 42
71 18
71 15
71 50
71 20
71 24
72 34
72 4
72 5
72 9
72 10
72 18
72 14
72 15
72 50
72 51
72 20
72 24
72 59
72 42
72 31
73 34
73 4
73 5
73 31
73 9
73 10
73 14
73 15
73 50
73 51
73 20
73 59
73 42
73 63
74 34
74 4
74 5
74 31
74 9
74 10
74 75
74 14
74 15
74 50
74 51
74 20
74 59
74 42
74 63
75 34
75 9
75 10
75 11
75 13
75 14
75 51
75 31
75 29
75 63
76 34
76 75
76 31
76 9
76 10
76 11
76 13
76 14
76 51
76 59
76 29
76 63
77 34
77 4
77 5
77 9
77 10
77 18
77 14
77 15
77 50
77 51
77 20
77 24
77 59
77 42
77 31
78 33
78 4
78 5
78 38
78 42
78 18
78 15
78 50
78 20
78 24
79 34
79 75
79 31
79 9
79 10
79 11
79 13
79 14
79 51
79 59
79 29
79 63
80 34
80 4
80 5
80 38
80 9
80 10
80 18
80 14
80 15
80 50
80 51
80 20
80 24
80 59
80 42
81 34
81 4
81 5
81 38
81 9
81 10
81 18
81 14
81 15
81 50
81 51
81 20
81 24
81 59
81 42
82 33
82 4
82 5
82 38
82 15
82 18
82 20
82 24
83 34
83 4
83 5
83 31
83 9
83 10
83 75
83 14
83 15
83 50
83 51
83 20
83 59
83 42
83 63
85 16
87 33
87 4
87 5
87 38
87 15
87 18
87 20
87 24
88 34
88 4
88 5
88 31
88 9
88 10
88 14
88 15
88 50
88 51
88 20
88 24
88 59
88 42
88 63
