88
1 3
1 6
1 14
1 18
1 19
1 21
1 22
1 28
1 32
1 35
1 36
1 37
1 38
1 39
1 42
1 44
1 46
1 49
1 56
1 58
1 59
1 63
1 69
1 71
1 72
1 75
1 77
1 87
2 3
2 14
2 18
2 21
2 22
2 28
2 32
2 34
2 35
2 37
2 39
2 42
2 44
2 55
2 58
2 63
2 68
2 69
2 71
2 72
2 73
2 75
2 77
2 87
3 34
3 43
3 68
3 5
3 7
3 40
3 73
3 79
3 11
3 2
3 45
3 80
3 24
3 66
3 53
3 55
3 23
3 88
3 47
3 60
3 61
4 41
4 10
4 12
4 82
4 51
4 54
4 25
4 74
4 31
5 1
5 3
5 6
5 19
5 22
5 26
5 27
5 31
5 36
5 38
5 44
5 46
5 48
5 49
5 50
5 56
5 58
5 59
5 65
5 67
5 72
5 74
5 77
5 78
6 1
6 3
6 19
6 22
6 26
6 27
6 32
6 35
6 36
6 38
6 44
6 46
6 48
6 49
6 50
6 56
6 58
6 59
6 65
6 67
6 69
6 72
6 74
6 77
6 78
6 87
7 2
7 34
7 68
7 40
7 73
7 43
7 66
7 28
7 47
7 80
7 88
7 75
7 53
7 55
7 23
7 79
7 60
7 61
9 1
9 67
9 36
9 38
9 6
9 65
9 31
9 74
9 12
9 46
9 59
9 48
9 49
9 50
9 19
9 78
9 54
9 56
9 26
9 27
9 51
10 30
11 83
13 83
14 1
14 3
14 6
14 18
14 19
14 22
14 26
14 27
14 32
14 35
14 36
14 38
14 39
14 42
14 44
14 46
14 48
14 49
14 50
14 56
14 58
14 59
14 65
14 67
14 69
14 72
14 77
14 78
14 87
15 70
16 81
16 84
17 64
17 33
17 4
17 5
17 40
17 11
17 76
17 45
17 79
17 29
17 53
17 24
17 61
18 84
19 41
19 10
19 12
19 82
19 51
19 54
19 25
21 70
22 1
22 3
22 6
22 14
22 18
22 19
22 21
22 26
22 32
22 35
22 36
22 37
22 38
22 39
22 42
22 44
22 46
22 48
22 49
22 56
22 58
22 59
22 63
22 65
22 67
22 69
22 71
22 72
22 77
22 78
22 87
23 41
23 74
23 12
23 82
23 51
23 54
23 25
23 31
24 41
24 10
24 12
24 82
24 51
24 54
24 25
24 74
24 31
25 1
25 67
25 36
25 38
25 6
25 65
25 31
25 74
25 12
25 46
25 59
25 48
25 49
25 50
25 19
25 78
25 54
25 56
25 26
25 27
25 51
26 70
27 1
27 3
27 6
27 19
27 26
27 31
27 36
27 38
27 44
27 46
27 48
27 49
27 50
27 51
27 54
27 56
27 58
27 59
27 65
27 67
27 74
27 77
27 78
28 2
28 7
28 14
28 18
28 21
28 23
28 34
28 37
28 43
28 47
28 53
28 55
28 60
28 61
28 63
28 66
28 68
28 71
28 73
28 75
28 79
28 80
28 88
30 7
30 14
30 18
30 21
30 23
30 28
30 34
30 37
30 39
30 42
30 43
30 47
30 55
30 60
30 63
30 66
30 68
30 71
30 73
30 75
30 80
30 88
31 41
31 10
31 12
31 82
31 51
31 54
31 25
32 83
33 81
33 84
34 74
34 12
34 50
34 78
34 82
34 51
34 54
34 25
34 27
34 31
35 41
35 10
35 70
36 25
36 10
36 82
36 41
37 70
38 25
38 10
38 41
39 1
39 6
39 12
39 19
39 26
39 27
39 31
39 36
39 38
39 46
39 48
39 49
39 50
39 51
39 54
39 56
39 59
39 65
39 67
39 74
39 78
39 82
40 1
40 67
40 36
40 38
40 65
40 74
40 12
40 50
40 46
40 59
40 48
40 49
40 82
40 51
40 78
40 54
40 56
40 26
40 27
40 31
41 3
41 14
41 18
41 21
41 22
41 28
41 32
41 34
41 35
41 37
41 39
41 42
41 44
41 55
41 58
41 63
41 68
41 69
41 71
41 72
41 73
41 75
41 77
41 87
42 41
42 10
42 12
42 82
42 51
42 54
42 25
43 83
44 25
44 10
44 82
44 41
45 81
45 84
45 30
46 83
47 41
47 10
47 70
48 41
48 10
48 12
48 82
48 51
48 54
48 25
48 31
49 83
49 70
50 3
50 6
50 14
50 18
50 19
50 21
50 22
50 28
50 32
50 35
50 37
50 39
50 42
50 44
50 49
50 56
50 58
50 63
50 69
50 71
50 72
50 75
50 77
50 87
51 52
52 32
52 34
52 35
52 68
52 37
52 39
52 72
52 73
52 42
52 71
52 18
52 14
52 47
52 75
52 21
52 22
52 55
52 87
52 63
52 28
52 69
53 1
53 3
53 6
53 14
53 18
53 19
53 21
53 22
53 26
53 32
53 35
53 36
53 37
53 38
53 39
53 42
53 44
53 46
53 48
53 49
53 56
53 58
53 59
53 63
53 65
53 67
53 69
53 71
53 72
53 77
53 87
54 83
55 84
56 41
56 10
56 12
56 82
56 51
56 54
56 25
56 74
56 31
57 84
58 83
58 70
59 64
59 33
59 4
59 5
59 40
59 11
59 76
59 45
59 24
59 29
60 64
60 33
60 4
60 5
60 40
60 11
60 76
60 45
60 79
60 29
60 53
60 24
60 61
61 41
61 74
61 12
61 82
61 51
61 54
61 25
61 31
62 74
62 12
62 82
62 51
62 54
62 25
62 31
63 1
63 3
63 6
63 14
63 18
63 19
63 21
63 22
63 26
63 27
63 32
63 35
63 36
63 37
63 38
63 39
63 42
63 44
63 46
63 48
63 49
63 50
63 56
63 58
63 59
63 65
63 67
63 69
63 71
63 72
63 77
63 78
63 87
64 1
64 3
64 6
64 18
64 19
64 22
64 26
64 27
64 32
64 35
64 36
64 38
64 39
64 42
64 44
64 46
64 48
64 49
64 50
64 56
64 58
64 59
64 65
64 67
64 69
64 72
64 77
64 78
64 87
65 14
65 18
65 21
65 22
65 23
65 28
65 32
65 34
65 35
65 37
65 39
65 42
65 47
65 55
65 63
65 68
65 69
65 71
65 72
65 73
65 75
65 80
65 87
66 1
66 3
66 6
66 18
66 19
66 22
66 26
66 27
66 32
66 35
66 36
66 38
66 39
66 42
66 44
66 46
66 48
66 49
66 50
66 56
66 58
66 59
66 65
66 67
66 69
66 72
66 77
66 78
66 87
67 25
67 10
67 82
67 41
68 83
70 83
71 10
71 70
72 41
72 10
73 65
73 74
73 12
73 50
73 78
73 82
73 51
73 54
73 25
73 27
73 31
74 25
74 10
74 82
74 41
75 83
76 83
77 1
77 3
77 6
77 14
77 18
77 19
77 21
77 22
77 26
77 32
77 35
77 36
77 37
77 38
77 39
77 42
77 44
77 46
77 48
77 49
77 56
77 58
77 59
77 63
77 65
77 67
77 69
77 71
77 72
77 87
78 74
78 12
78 50
78 82
78 51
78 54
78 25
78 27
78 31
80 25
80 10
80 82
80 41
81 30
82 84
83 70
84 7
84 14
84 18
84 21
84 23
84 28
84 32
84 34
84 35
84 37
84 39
84 42
84 43
84 47
84 55
84 60
84 63
84 66
84 68
84 71
84 73
84 75
84 80
84 87
84 88
85 2
85 43
85 4
85 5
85 7
85 40
85 79
85 11
85 76
85 34
85 45
85 80
85 88
85 66
85 53
85 23
85 24
85 47
85 60
85 61
86 17
87 3
87 6
87 14
87 18
87 19
87 21
87 22
87 28
87 32
87 35
87 37
87 39
87 42
87 44
87 49
87 56
87 58
87 59
87 63
87 69
87 71
87 72
87 75
87 77
88 10
88 70
