88
1 2
1 7
1 8
1 9
1 12
1 13
1 24
1 26
1 37
1 42
1 43
1 45
1 53
1 54
1 60
1 64
1 65
1 69
1 70
1 74
1 76
1 88
2 84
2 20
2 85
2 4
2 61
3 7
3 8
3 12
3 13
3 14
3 23
3 24
3 26
3 31
3 32
3 35
3 37
3 38
3 40
3 41
3 42
3 45
3 48
3 53
3 54
3 55
3 60
3 62
3 64
3 65
3 68
3 69
3 70
3 74
3 80
3 88
4 2
4 7
4 8
4 9
4 12
4 13
4 23
4 24
4 26
4 32
4 37
4 42
4 43
4 45
4 53
4 54
4 60
4 64
4 65
4 68
4 69
4 70
4 74
4 76
4 80
4 88
5 33
5 34
5 3
5 71
5 72
5 73
5 44
5 78
5 47
5 27
5 19
5 87
5 56
5 57
5 58
5 79
5 28
6 84
6 20
6 85
6 4
6 61
7 1
7 34
7 3
7 5
7 77
7 79
7 82
7 51
7 61
9 1
9 34
9 3
9 5
9 77
9 79
9 82
9 51
10 19
10 1
10 34
10 3
10 5
10 71
10 73
10 77
10 78
10 79
10 82
10 51
10 56
10 57
10 33
10 28
10 58
11 4
11 84
11 85
11 52
11 61
11 20
12 25
12 66
12 22
13 10
13 11
13 14
13 21
13 27
13 29
13 30
13 35
13 36
13 39
13 40
13 44
13 46
13 47
13 48
13 49
13 50
13 62
13 67
13 72
13 75
13 83
13 86
13 87
14 33
14 34
14 3
14 5
14 71
14 73
14 77
14 78
14 79
14 82
14 19
14 56
14 57
14 58
14 28
16 25
16 66
16 22
18 33
18 71
18 72
18 73
18 10
18 11
18 44
18 46
18 47
18 19
18 78
18 87
18 56
18 57
18 58
18 27
18 28
18 21
19 10
19 11
19 14
19 21
19 27
19 29
19 30
19 31
19 35
19 36
19 38
19 39
19 40
19 41
19 44
19 46
19 47
19 48
19 49
19 50
19 55
19 62
19 67
19 72
19 75
19 83
19 86
19 87
20 10
20 11
20 14
20 21
20 27
20 29
20 30
20 35
20 36
20 39
20 40
20 44
20 46
20 47
20 48
20 49
20 50
20 62
20 67
20 72
20 75
20 78
20 83
20 86
20 87
21 1
21 34
21 3
21 5
21 77
21 79
21 82
21 51
21 61
22 81
22 59
23 84
23 52
23 20
23 85
23 4
24 1
24 34
24 3
24 5
24 71
24 77
24 79
24 82
24 51
24 56
25 4
25 84
25 85
25 52
25 61
25 20
26 1
26 34
26 3
26 5
26 71
26 77
26 79
26 82
26 51
26 56
26 28
27 81
27 18
27 59
27 52
28 4
28 18
28 20
28 52
29 4
29 84
29 85
29 61
30 1
30 34
30 3
30 5
30 77
30 79
30 82
30 51
31 1
31 34
31 3
31 5
31 71
31 73
31 77
31 79
31 82
31 51
31 56
31 57
31 33
31 28
31 58
32 1
32 34
32 3
32 5
32 71
32 77
32 79
32 82
32 51
32 56
33 1
33 34
33 3
33 5
33 71
33 77
33 79
33 82
33 51
34 19
34 1
34 3
34 5
34 71
34 73
34 77
34 78
34 79
34 82
34 51
34 56
34 57
34 33
34 28
34 58
35 84
35 52
35 20
35 85
35 4
36 1
36 4
36 51
36 84
36 85
36 61
37 81
37 18
37 59
37 20
37 52
38 19
38 1
38 34
38 3
38 5
38 71
38 73
38 77
38 79
38 82
38 51
38 56
38 57
38 33
38 28
38 58
39 1
39 34
39 5
39 77
39 82
39 51
39 85
39 61
40 4
40 84
40 85
40 52
40 61
40 20
41 84
41 20
41 85
41 4
41 61
42 84
42 52
42 20
42 4
43 84
43 20
43 85
43 4
43 61
44 10
44 11
44 19
44 21
44 27
44 28
44 29
44 30
44 33
44 39
44 46
44 47
44 50
44 57
44 58
44 67
44 72
44 73
44 75
44 78
44 83
44 86
44 87
45 4
45 84
45 85
45 52
45 61
45 20
46 1
46 34
46 3
46 5
46 71
46 77
46 79
46 82
46 51
46 56
46 28
47 1
47 34
47 3
47 5
47 71
47 77
47 79
47 82
47 51
47 56
48 1
48 34
48 5
48 77
48 82
48 51
48 85
48 61
49 1
49 34
49 3
49 5
49 77
49 79
49 82
49 51
50 33
50 3
50 71
50 72
50 73
50 44
50 46
50 47
50 27
50 19
50 78
50 87
50 56
50 57
50 58
50 79
50 28
51 25
51 66
51 22
52 25
52 66
52 22
53 81
53 18
53 59
54 4
54 84
54 85
54 52
54 61
54 20
55 1
55 34
55 5
55 77
55 82
55 51
55 85
55 61
56 7
56 8
56 12
56 13
56 23
56 24
56 26
56 31
56 32
56 35
56 37
56 38
56 41
56 42
56 45
56 53
56 54
56 55
56 60
56 62
56 64
56 65
56 68
56 69
56 70
56 74
56 80
56 88
57 33
57 34
57 3
57 5
57 71
57 73
57 77
57 78
57 79
57 82
57 19
57 56
57 58
57 28
58 1
58 4
58 51
58 84
58 85
58 61
59 1
59 4
59 51
59 84
59 85
59 61
60 4
60 84
60 85
60 52
60 61
60 20
61 33
61 3
61 71
61 72
61 73
61 44
61 46
61 47
61 27
61 19
61 78
61 87
61 56
61 57
61 58
61 79
61 28
62 4
62 84
62 85
62 61
63 4
63 84
63 85
63 52
63 61
63 20
64 84
64 18
64 20
64 4
64 52
65 4
65 84
65 85
65 61
66 84
66 20
66 85
66 4
66 61
67 1
67 34
67 5
67 77
67 82
67 51
67 85
67 61
68 4
68 84
68 85
68 52
68 61
68 20
69 33
69 72
69 73
69 10
69 11
69 44
69 46
69 47
69 50
69 19
69 78
69 86
69 87
69 56
69 57
69 58
69 27
69 28
69 29
69 30
69 21
70 84
70 20
70 85
70 4
70 61
71 19
71 1
71 34
71 3
71 5
71 33
71 73
71 77
71 78
71 79
71 82
71 51
71 56
71 57
71 58
71 28
72 1
72 34
72 3
72 5
72 71
72 73
72 77
72 79
72 82
72 51
72 56
72 57
72 33
72 28
72 58
73 33
73 3
73 71
73 72
73 44
73 46
73 47
73 27
73 19
73 78
73 87
73 56
73 57
73 58
73 79
73 28
74 4
74 84
74 85
74 52
74 61
74 20
75 4
75 51
75 84
75 85
75 61
76 52
76 18
76 59
76 20
77 33
77 34
77 3
77 5
77 71
77 73
77 78
77 79
77 82
77 19
77 56
77 57
77 58
77 28
78 19
78 1
78 34
78 3
78 5
78 71
78 73
78 77
78 79
78 82
78 51
78 56
78 57
78 33
78 28
78 58
79 1
79 5
79 77
79 82
79 51
79 85
79 61
80 19
80 1
80 34
80 3
80 5
80 71
80 73
80 77
80 79
80 82
80 51
80 56
80 57
80 33
80 28
80 58
81 25
81 66
81 22
82 64
82 65
82 2
82 37
82 6
82 8
82 9
82 42
82 43
82 76
82 13
82 12
82 24
82 53
82 54
82 88
82 26
82 63
82 70
82 74
82 69
83 19
83 1
83 34
83 3
83 5
83 71
83 73
83 77
83 78
83 79
83 82
83 51
83 56
83 57
83 33
83 28
83 58
84 10
84 11
84 14
84 21
84 23
84 27
84 29
84 30
84 31
84 35
84 36
84 38
84 39
84 40
84 41
84 44
84 46
84 47
84 48
84 49
84 50
84 55
84 62
84 67
84 72
84 75
84 80
84 83
84 86
84 87
86 4
86 84
86 85
86 61
87 4
87 84
87 85
87 61
88 84
88 52
88 20
88 4
