88
1 65
1 37
1 38
1 7
1 9
1 55
1 44
1 29
1 84
1 85
1 86
1 23
1 63
1 60
1 61
1 69
1 53
2 65
2 37
2 7
2 84
2 20
2 59
2 29
3 20
3 59
3 84
3 7
4 20
4 59
4 84
4 7
5 18
5 13
6 20
6 59
6 84
6 7
7 1
7 9
7 10
7 14
7 26
7 28
7 30
7 33
7 34
7 35
7 36
7 38
7 41
7 42
7 44
7 45
7 46
7 47
7 48
7 51
7 52
7 53
7 54
7 55
7 57
7 58
7 61
7 62
7 63
7 64
7 66
7 68
7 69
7 70
7 71
7 72
7 74
7 75
7 76
7 77
7 79
7 80
7 83
7 85
7 86
7 87
7 88
8 5
8 6
9 1
9 10
9 14
9 23
9 26
9 33
9 34
9 36
9 37
9 38
9 41
9 42
9 44
9 45
9 46
9 47
9 48
9 51
9 52
9 53
9 54
9 55
9 57
9 60
9 61
9 63
9 64
9 65
9 66
9 69
9 70
9 71
9 74
9 75
9 79
9 85
9 86
9 87
10 1
10 11
10 14
10 22
10 26
10 28
10 30
10 32
10 33
10 34
10 35
10 36
10 41
10 42
10 43
10 44
10 45
10 46
10 47
10 48
10 51
10 52
10 54
10 55
10 57
10 58
10 62
10 64
10 66
10 67
10 68
10 69
10 70
10 71
10 72
10 73
10 74
10 75
10 76
10 77
10 78
10 79
10 80
10 83
10 86
10 87
10 88
11 65
11 37
11 7
11 84
11 20
11 59
11 60
11 29
13 2
13 10
13 11
13 22
13 25
13 26
13 28
13 30
13 31
13 32
13 33
13 34
13 35
13 36
13 41
13 42
13 43
13 45
13 46
13 47
13 48
13 54
13 56
13 58
13 62
13 64
13 66
13 67
13 68
13 70
13 71
13 72
13 73
13 74
13 75
13 76
13 77
13 78
13 79
13 80
13 81
13 82
13 83
13 87
13 88
14 1
14 9
14 23
14 26
14 29
14 36
14 37
14 38
14 44
14 48
14 51
14 52
14 53
14 55
14 57
14 60
14 61
14 63
14 65
14 69
14 79
14 85
14 86
14 87
17 49
17 5
17 6
18 6
20 1
20 37
20 38
20 65
20 9
20 55
20 44
20 14
20 29
20 48
20 51
20 52
20 85
20 86
20 23
20 57
20 63
20 60
20 61
20 69
20 53
21 18
21 13
22 65
22 37
22 38
22 7
22 9
22 29
22 84
22 85
22 23
22 20
22 60
22 61
22 63
23 1
23 37
23 38
23 7
23 9
23 44
23 14
23 29
23 51
23 84
23 53
23 86
23 55
23 57
23 85
23 63
23 60
23 61
23 69
23 65
24 65
24 37
24 38
24 7
24 9
24 55
24 29
24 84
24 85
24 23
24 63
24 60
24 61
24 69
24 53
25 20
25 59
25 84
25 7
26 1
26 37
26 38
26 65
26 9
26 55
26 44
26 14
26 29
26 51
26 52
26 85
26 86
26 23
26 57
26 63
26 60
26 61
26 69
26 53
27 18
28 20
28 59
28 84
28 7
29 1
29 37
29 38
29 65
29 9
29 55
29 44
29 14
29 79
29 48
29 51
29 52
29 85
29 86
29 23
29 57
29 63
29 60
29 61
29 69
29 53
30 65
30 37
30 7
30 9
30 29
30 84
30 23
30 20
30 60
30 61
31 65
31 37
31 7
31 84
31 20
31 59
31 29
32 59
33 20
33 59
33 84
33 7
34 65
34 37
34 7
34 84
34 20
34 59
34 29
35 20
35 59
35 84
35 29
35 7
36 20
36 59
36 84
36 7
37 20
37 59
37 84
37 29
37 7
38 65
38 37
38 7
38 84
38 23
38 20
38 59
38 60
38 29
39 20
39 59
39 84
39 7
40 20
40 59
40 84
40 7
41 65
41 37
41 38
41 7
41 9
41 29
41 84
41 85
41 23
41 20
41 60
41 61
41 63
42 65
42 37
42 7
42 84
42 23
42 20
42 59
42 60
42 29
43 65
43 37
43 7
43 84
43 20
43 59
43 60
43 29
44 1
44 37
44 38
44 65
44 9
44 55
44 14
44 29
44 51
44 52
44 85
44 86
44 23
44 57
44 63
44 60
44 61
44 69
44 53
45 20
45 59
45 84
45 7
46 20
46 59
46 84
46 7
47 20
47 59
47 84
47 29
47 7
48 65
48 37
48 7
48 84
48 20
48 59
48 29
49 59
49 20
50 18
50 13
51 65
51 37
51 7
51 9
51 29
51 84
51 23
51 20
51 60
51 61
52 65
52 37
52 7
52 84
52 20
52 59
52 29
53 65
53 37
53 7
53 9
53 29
53 84
53 23
53 20
53 60
53 61
54 20
54 59
54 84
54 29
54 7
55 65
55 37
55 7
55 84
55 23
55 20
55 59
55 60
55 29
56 1
56 9
56 10
56 14
56 23
56 26
56 28
56 30
56 33
56 34
56 36
56 38
56 41
56 42
56 44
56 45
56 46
56 47
56 48
56 51
56 52
56 53
56 54
56 55
56 57
56 60
56 61
56 62
56 63
56 64
56 66
56 68
56 69
56 70
56 71
56 72
56 74
56 75
56 76
56 77
56 79
56 80
56 83
56 85
56 86
56 87
57 20
57 59
57 84
57 7
58 1
58 9
58 10
58 14
58 23
58 26
58 29
58 36
58 37
58 38
58 44
58 48
58 51
58 52
58 53
58 55
58 57
58 60
58 61
58 63
58 65
58 69
58 79
58 85
58 86
58 87
59 10
59 11
59 22
59 25
59 26
59 28
59 30
59 31
59 32
59 33
59 34
59 35
59 36
59 41
59 42
59 43
59 45
59 46
59 47
59 48
59 52
59 54
59 56
59 58
59 62
59 64
59 66
59 67
59 68
59 70
59 71
59 72
59 73
59 74
59 75
59 76
59 77
59 78
59 79
59 80
59 81
59 82
59 83
59 87
59 88
60 2
60 3
60 11
60 22
60 24
60 25
60 28
60 30
60 31
60 32
60 33
60 34
60 35
60 39
60 40
60 41
60 42
60 43
60 45
60 46
60 47
60 54
60 56
60 58
60 62
60 64
60 66
60 67
60 68
60 70
60 71
60 72
60 73
60 74
60 75
60 76
60 77
60 78
60 80
60 81
60 82
60 83
60 88
61 65
61 37
61 7
61 84
61 20
61 59
61 29
62 20
62 59
62 84
62 7
63 65
63 37
63 7
63 84
63 23
63 20
63 59
63 60
63 29
64 65
64 37
64 7
64 84
64 20
64 59
64 29
65 20
65 59
65 84
65 7
66 20
66 59
66 84
66 7
67 20
67 59
67 84
67 7
68 20
68 59
68 84
68 7
69 20
69 59
69 84
69 7
70 18
71 20
71 59
71 84
71 7
72 20
72 59
72 84
72 7
73 20
73 59
73 84
73 29
73 7
74 65
74 37
74 7
74 84
74 20
74 59
74 29
75 20
75 59
75 84
75 7
76 20
76 59
76 84
76 7
77 65
77 37
77 7
77 84
77 20
77 59
77 29
78 65
78 37
78 7
78 84
78 20
78 59
78 29
80 65
80 37
80 7
80 84
80 20
80 59
80 60
80 29
81 20
81 59
81 84
81 7
82 18
82 13
83 20
83 59
83 84
83 7
84 59
85 18
86 1
86 9
86 10
86 14
86 23
86 26
86 29
86 36
86 37
86 38
86 44
86 48
86 51
86 52
86 53
86 55
86 57
86 60
86 61
86 63
86 65
86 69
86 79
86 85
86 87
87 1
87 37
87 38
87 65
87 9
87 55
87 44
87 14
87 29
87 51
87 84
87 85
87 86
87 23
87 57
87 63
87 60
87 61
87 69
87 53
88 65
88 37
88 38
88 7
88 9
88 29
88 84
88 85
88 23
88 20
88 60
88 61
88 63
