88
1 80
1 37
1 70
1 73
1 75
1 76
1 77
1 48
1 17
1 51
1 84
1 87
2 65
2 68
2 5
2 38
2 40
2 9
2 42
2 62
2 14
2 47
2 49
2 57
2 54
2 55
2 88
2 36
2 74
2 4
3 65
3 35
3 4
3 5
3 40
3 9
3 42
3 14
3 54
3 55
3 88
3 68
3 58
3 74
3 62
4 64
4 33
4 34
4 66
4 46
4 45
4 82
4 85
4 86
4 23
4 26
4 53
5 65
5 35
5 4
5 40
5 9
5 42
5 14
5 3
5 54
5 55
5 88
5 68
5 74
5 62
5 36
6 8
6 11
6 31
7 32
7 67
7 36
7 38
7 72
7 44
7 47
7 49
7 50
7 21
7 57
7 79
7 29
9 32
9 4
9 5
9 38
9 7
9 40
9 29
9 42
9 44
9 79
9 49
9 50
9 54
9 57
9 68
9 47
9 74
9 36
10 81
10 18
10 69
10 78
10 63
11 81
12 37
12 76
12 48
12 17
12 84
12 87
14 37
14 76
14 77
14 48
14 17
14 84
14 87
17 25
18 41
18 10
18 83
18 27
18 30
18 31
19 65
19 68
19 5
19 38
19 40
19 9
19 42
19 62
19 14
19 47
19 49
19 57
19 54
19 55
19 88
19 36
19 74
19 4
21 1
21 67
21 70
21 72
21 73
21 75
21 77
21 80
21 51
21 84
21 28
22 48
22 37
22 76
22 77
22 80
22 17
22 84
22 87
23 81
23 18
23 69
23 78
23 63
24 32
24 65
24 68
24 5
24 38
24 40
24 9
24 42
24 62
24 14
24 79
24 49
24 57
24 54
24 55
24 36
24 47
24 74
24 4
25 81
25 69
25 78
26 19
26 65
26 2
26 3
26 4
26 6
26 14
26 24
26 35
26 22
26 55
26 88
26 58
26 59
26 62
27 32
27 67
27 36
27 38
27 7
27 40
27 9
27 42
27 44
27 29
27 47
27 49
27 50
27 21
27 72
27 57
27 79
27 74
28 64
28 33
28 34
28 45
28 53
28 86
28 26
29 65
29 68
29 5
29 38
29 40
29 9
29 42
29 62
29 14
29 47
29 49
29 57
29 54
29 55
29 88
29 36
29 74
29 4
31 37
31 76
31 48
31 17
31 84
31 87
32 1
32 67
32 38
32 7
32 72
32 44
32 47
32 49
32 50
32 51
32 21
32 57
32 79
32 28
32 29
33 1
33 67
33 70
33 7
33 72
33 73
33 75
33 44
33 77
33 80
33 50
33 51
33 21
33 28
33 29
34 32
34 4
34 5
34 38
34 7
34 40
34 9
34 42
34 44
34 29
34 79
34 49
34 50
34 54
34 57
34 68
34 47
34 74
34 36
35 32
35 65
35 68
35 5
35 38
35 7
35 40
35 9
35 42
35 44
35 14
35 79
35 49
35 54
35 57
35 4
35 47
35 74
35 36
36 32
36 67
36 5
36 38
36 7
36 40
36 9
36 42
36 44
36 29
36 79
36 49
36 50
36 21
36 54
36 72
36 57
36 47
36 74
37 83
37 10
37 43
37 52
38 32
38 1
38 67
38 7
38 72
38 44
38 47
38 49
38 50
38 21
38 57
38 79
38 28
38 29
39 32
39 36
39 5
39 38
39 7
39 40
39 9
39 42
39 44
39 79
39 49
39 50
39 54
39 57
39 68
39 47
39 74
39 4
40 1
40 37
40 70
40 80
40 73
40 75
40 77
40 48
40 17
40 51
40 84
40 87
40 28
41 66
41 69
41 18
41 45
41 78
41 82
41 46
41 23
41 63
41 85
42 32
42 1
42 67
42 70
42 7
42 72
42 73
42 75
42 44
42 79
42 50
42 51
42 21
42 28
42 29
43 32
43 36
43 5
43 38
43 7
43 40
43 9
43 42
43 44
43 79
43 49
43 50
43 54
43 57
43 68
43 47
43 74
43 4
44 2
44 6
44 39
44 13
44 24
44 19
44 22
44 56
44 59
44 60
45 37
45 76
45 48
45 17
45 84
45 87
46 8
46 11
46 31
47 37
47 76
47 48
47 17
47 84
47 87
48 37
48 73
48 76
48 77
48 80
48 17
48 84
48 87
49 19
49 2
49 3
49 6
49 39
49 24
49 56
49 35
49 22
49 55
49 88
49 58
49 59
49 60
50 32
50 67
50 36
50 38
50 7
50 40
50 44
50 47
50 49
50 21
50 72
50 57
50 79
50 29
51 8
51 11
51 30
51 31
52 64
52 33
52 34
52 45
52 46
52 53
52 86
52 23
52 26
53 1
53 67
53 70
53 72
53 73
53 75
53 77
53 80
53 51
53 84
53 21
53 28
54 65
54 35
54 4
54 5
54 40
54 9
54 42
54 14
54 3
54 55
54 88
54 68
54 58
54 74
54 62
55 37
55 76
55 77
55 48
55 17
55 84
55 87
56 1
56 67
56 37
56 70
56 72
56 73
56 75
56 77
56 80
56 48
56 17
56 51
56 84
56 87
56 28
57 32
57 36
57 5
57 38
57 7
57 40
57 9
57 42
57 44
57 29
57 79
57 49
57 50
57 54
57 68
57 47
57 74
58 32
58 1
58 67
58 38
58 7
58 72
58 44
58 47
58 49
58 50
58 21
58 57
58 79
58 28
58 29
59 83
59 43
59 10
59 27
59 52
60 8
60 11
60 12
60 61
60 71
62 65
62 2
62 3
62 4
62 5
62 40
62 9
62 42
62 14
62 35
62 54
62 55
62 88
62 68
62 58
62 74
63 18
63 82
63 69
63 78
64 48
64 37
64 76
64 77
64 80
64 17
64 84
64 87
65 83
65 41
65 10
65 27
65 30
66 8
66 11
66 12
66 61
66 71
67 56
67 52
67 43
67 60
67 13
68 52
68 43
68 60
68 13
69 64
69 33
69 34
69 66
69 46
69 45
69 82
69 85
69 86
69 23
69 26
69 53
70 83
70 41
70 10
70 27
70 30
71 32
71 65
71 68
71 5
71 38
71 7
71 40
71 9
71 42
71 14
71 79
71 49
71 54
71 57
71 4
71 47
71 74
71 62
71 36
72 6
72 39
72 13
72 24
72 19
72 52
72 22
72 56
72 60
73 32
73 67
73 36
73 5
73 38
73 7
73 40
73 9
73 42
73 44
73 29
73 79
73 49
73 50
73 21
73 54
73 72
73 57
73 47
73 74
74 19
74 65
74 2
74 3
74 6
74 39
74 14
74 24
74 88
74 35
74 22
74 55
74 56
74 58
74 59
74 62
75 32
75 1
75 67
75 38
75 7
75 72
75 44
75 47
75 50
75 51
75 21
75 57
75 79
75 28
75 29
76 65
76 2
76 3
76 4
76 6
76 14
76 35
76 55
76 88
76 68
76 58
76 59
76 62
77 1
77 67
77 70
77 72
77 73
77 75
77 44
77 80
77 50
77 51
77 21
77 28
77 29
78 1
78 37
78 70
78 80
78 73
78 75
78 77
78 48
78 17
78 51
78 84
78 87
78 28
79 64
79 33
79 34
79 66
79 46
79 45
79 82
79 85
79 86
79 23
79 26
79 53
80 81
80 18
80 69
80 78
80 63
81 25
82 65
82 35
82 4
82 5
82 40
82 9
82 42
82 14
82 3
82 54
82 55
82 88
82 68
82 74
82 62
82 36
83 19
83 65
83 2
83 3
83 6
83 14
83 24
83 35
83 22
83 55
83 88
83 58
83 59
83 62
84 64
84 33
84 34
84 66
84 46
84 45
84 82
84 85
84 86
84 23
84 26
84 53
85 12
85 61
85 71
87 32
87 67
87 36
87 5
87 38
87 7
87 40
87 9
87 42
87 44
87 29
87 79
87 49
87 50
87 21
87 54
87 72
87 57
87 47
87 74
88 65
88 2
88 3
88 4
88 14
88 35
88 55
88 68
88 58
88 59
88 62
