88
2 1
2 4
2 10
2 24
2 25
2 27
2 28
2 31
2 36
2 37
2 41
2 45
2 48
2 49
2 57
2 58
2 68
2 69
2 73
2 75
2 79
2 88
3 40
3 41
3 10
3 44
3 45
3 12
3 15
3 17
3 79
3 14
3 58
3 47
3 28
4 1
4 68
4 40
4 41
4 10
4 75
4 44
4 45
4 12
4 47
4 17
4 25
4 58
4 79
4 28
5 1
5 40
5 41
5 10
5 75
5 44
5 45
5 12
5 15
5 17
5 79
5 14
5 58
5 47
5 28
6 1
6 4
6 21
6 24
6 25
6 27
6 28
6 29
6 31
6 32
6 34
6 36
6 37
6 41
6 42
6 45
6 48
6 49
6 57
6 58
6 65
6 67
6 68
6 69
6 73
6 75
6 79
6 83
6 88
7 1
7 4
7 21
7 24
7 25
7 27
7 28
7 29
7 31
7 32
7 34
7 36
7 37
7 41
7 42
7 45
7 48
7 49
7 55
7 57
7 58
7 64
7 65
7 67
7 68
7 69
7 73
7 75
7 79
7 82
7 83
7 88
9 40
9 41
9 10
9 44
9 45
9 12
9 15
9 17
9 79
9 14
9 58
9 47
9 28
11 1
11 40
11 41
11 10
11 75
11 44
11 45
11 12
11 15
11 17
11 79
11 14
11 58
11 47
11 28
13 1
13 40
13 41
13 10
13 75
13 44
13 45
13 12
13 15
13 17
13 79
13 14
13 25
13 58
13 47
13 28
16 26
16 51
16 86
16 62
18 1
18 4
18 40
18 41
18 10
18 75
18 12
18 45
18 47
18 17
18 25
18 24
18 68
18 58
18 79
18 28
18 44
19 80
19 54
19 51
19 86
19 30
20 40
20 41
20 10
20 44
20 45
20 12
20 15
20 17
20 79
20 14
20 58
20 47
20 28
22 1
22 4
22 21
22 24
22 25
22 27
22 28
22 29
22 31
22 32
22 34
22 36
22 37
22 41
22 42
22 45
22 48
22 49
22 55
22 57
22 64
22 65
22 67
22 68
22 69
22 73
22 75
22 79
22 82
22 83
22 88
23 72
23 74
23 80
23 51
23 85
23 54
23 30
29 1
29 40
29 41
29 10
29 75
29 44
29 45
29 12
29 15
29 17
29 79
29 14
29 58
29 47
29 28
31 1
31 4
31 21
31 24
31 25
31 27
31 28
31 29
31 32
31 34
31 36
31 37
31 41
31 42
31 45
31 48
31 49
31 57
31 58
31 65
31 67
31 68
31 69
31 73
31 75
31 79
31 83
31 88
32 1
32 4
32 21
32 24
32 25
32 27
32 28
32 31
32 36
32 37
32 41
32 45
32 48
32 49
32 57
32 58
32 65
32 68
32 69
32 73
32 75
32 79
32 88
34 40
34 41
34 10
34 44
34 45
34 12
34 15
34 17
34 79
34 14
34 58
34 47
34 28
35 1
35 4
35 21
35 24
35 25
35 27
35 28
35 31
35 32
35 36
35 37
35 41
35 45
35 48
35 49
35 57
35 58
35 65
35 68
35 69
35 73
35 75
35 79
35 88
36 1
36 40
36 41
36 10
36 75
36 44
36 45
36 12
36 47
36 17
36 25
36 58
36 79
36 28
38 40
38 41
38 10
38 44
38 45
38 12
38 15
38 17
38 79
38 14
38 58
38 47
38 28
43 1
43 27
43 4
43 37
43 40
43 41
43 10
43 75
43 45
43 47
43 48
43 17
43 25
43 24
43 68
43 58
43 79
43 28
43 31
47 40
47 41
47 10
47 44
47 45
47 12
47 15
47 17
47 14
47 58
47 79
47 28
48 40
48 41
48 10
48 44
48 45
48 12
48 15
48 17
48 79
48 14
48 58
48 47
48 61
49 1
49 4
49 40
49 41
49 10
49 75
49 12
49 45
49 47
49 17
49 25
49 24
49 68
49 58
49 79
49 28
49 44
50 1
50 4
50 21
50 24
50 25
50 27
50 28
50 29
50 31
50 32
50 34
50 36
50 37
50 41
50 42
50 48
50 49
50 55
50 57
50 64
50 65
50 67
50 68
50 69
50 73
50 75
50 79
50 82
50 83
50 88
52 1
52 40
52 41
52 10
52 75
52 44
52 45
52 12
52 15
52 17
52 79
52 14
52 58
52 47
52 28
53 1
53 4
53 21
53 24
53 25
53 27
53 28
53 29
53 31
53 32
53 34
53 36
53 37
53 41
53 42
53 45
53 48
53 49
53 55
53 57
53 58
53 64
53 65
53 67
53 68
53 69
53 73
53 75
53 79
53 82
53 83
53 88
54 1
54 40
54 41
54 10
54 75
54 44
54 45
54 12
54 15
54 17
54 79
54 14
54 25
54 58
54 47
54 28
56 1
56 27
56 68
56 37
56 40
56 41
56 10
56 75
56 45
56 31
56 47
56 48
56 17
56 25
56 73
56 24
56 4
56 58
56 79
56 28
56 36
57 1
57 40
57 41
57 10
57 75
57 44
57 45
57 12
57 15
57 17
57 79
57 14
57 58
57 47
57 28
60 6
60 21
60 24
60 27
60 29
60 31
60 32
60 34
60 36
60 37
60 42
60 46
60 48
60 49
60 50
60 55
60 56
60 57
60 64
60 65
60 66
60 67
60 69
60 71
60 73
60 74
60 76
60 82
60 83
60 85
60 88
63 1
63 4
63 21
63 24
63 25
63 27
63 28
63 29
63 31
63 32
63 34
63 36
63 37
63 41
63 42
63 45
63 48
63 49
63 55
63 57
63 58
63 64
63 65
63 67
63 68
63 69
63 73
63 75
63 79
63 82
63 83
63 88
66 1
66 4
66 21
66 24
66 25
66 27
66 28
66 29
66 31
66 32
66 34
66 36
66 37
66 41
66 42
66 48
66 49
66 55
66 57
66 64
66 65
66 67
66 68
66 69
66 73
66 75
66 82
66 83
66 88
69 33
69 40
69 12
69 10
69 44
69 14
69 15
69 17
69 47
69 61
70 4
70 6
70 21
70 24
70 25
70 27
70 29
70 31
70 32
70 34
70 36
70 37
70 42
70 46
70 48
70 49
70 55
70 56
70 57
70 64
70 65
70 67
70 68
70 69
70 71
70 73
70 82
70 83
70 88
71 1
71 27
71 4
71 37
71 40
71 41
71 10
71 75
71 45
71 47
71 48
71 17
71 25
71 24
71 68
71 58
71 79
71 28
71 31
72 40
72 41
72 10
72 44
72 45
72 12
72 15
72 17
72 79
72 14
72 58
72 47
72 28
72 61
73 1
73 27
73 4
73 40
73 41
73 10
73 75
73 44
73 45
73 47
73 48
73 17
73 25
73 24
73 68
73 58
73 79
73 28
77 1
77 40
77 41
77 10
77 75
77 44
77 45
77 12
77 15
77 17
77 79
77 14
77 58
77 47
77 28
78 1
78 68
78 69
78 31
78 41
78 10
78 75
78 45
78 28
78 79
78 48
78 25
78 73
78 24
78 4
78 58
78 27
78 36
78 37
79 40
79 41
79 10
79 44
79 45
79 12
79 15
79 17
79 14
79 58
79 47
79 28
79 61
84 1
84 27
84 4
84 40
84 41
84 10
84 75
84 44
84 45
84 47
84 48
84 17
84 25
84 24
84 68
84 58
84 79
84 28
85 1
85 4
85 40
85 41
85 10
85 75
85 12
85 45
85 47
85 17
85 25
85 68
85 58
85 79
85 28
85 44
86 4
86 6
86 21
86 24
86 25
86 27
86 29
86 31
86 32
86 34
86 36
86 37
86 42
86 46
86 48
86 49
86 55
86 56
86 57
86 64
86 65
86 66
86 67
86 68
86 69
86 71
86 73
86 76
86 82
86 83
86 88
87 1
87 27
87 4
87 37
87 40
87 41
87 10
87 75
87 45
87 47
87 48
87 17
87 25
87 24
87 68
87 58
87 79
87 28
87 31
