88
1 2
1 11
1 13
1 21
1 24
1 32
1 33
1 35
1 36
1 37
1 42
1 43
1 44
1 46
1 47
1 50
1 56
1 57
1 60
1 61
1 64
1 66
1 73
1 75
1 76
1 77
1 78
1 80
1 83
1 87
1 88
3 32
3 83
3 35
3 36
3 5
3 42
3 11
3 13
3 47
3 43
3 18
3 67
3 85
3 22
3 87
3 24
3 57
3 75
3 60
3 61
4 5
4 11
4 13
4 18
4 22
4 24
4 32
4 33
4 35
4 36
4 42
4 43
4 47
4 50
4 57
4 60
4 61
4 67
4 75
4 76
4 80
4 83
4 85
4 87
6 32
6 67
6 5
6 42
6 75
6 18
6 35
6 85
6 22
6 87
6 24
6 57
6 61
7 2
7 11
7 12
7 13
7 21
7 24
7 25
7 26
7 33
7 34
7 35
7 36
7 37
7 42
7 43
7 44
7 46
7 47
7 50
7 56
7 57
7 60
7 64
7 66
7 73
7 75
7 76
7 77
7 78
7 80
7 81
7 83
7 87
7 88
8 11
8 13
8 21
8 24
8 32
8 33
8 35
8 36
8 37
8 42
8 43
8 44
8 47
8 50
8 56
8 57
8 60
8 61
8 66
8 67
8 75
8 76
8 77
8 80
8 83
8 85
8 87
8 88
11 2
11 12
11 13
11 20
11 21
11 24
11 25
11 26
11 33
11 34
11 35
11 36
11 37
11 42
11 43
11 44
11 46
11 47
11 50
11 51
11 56
11 57
11 60
11 64
11 66
11 73
11 74
11 75
11 76
11 77
11 78
11 80
11 81
11 83
11 87
11 88
13 2
13 11
13 12
13 20
13 21
13 24
13 25
13 26
13 33
13 34
13 35
13 36
13 37
13 42
13 43
13 44
13 46
13 47
13 50
13 56
13 57
13 60
13 64
13 66
13 73
13 75
13 76
13 77
13 78
13 80
13 81
13 83
13 87
13 88
14 2
14 11
14 13
14 21
14 24
14 32
14 33
14 35
14 36
14 37
14 42
14 43
14 44
14 47
14 50
14 56
14 57
14 60
14 61
14 66
14 67
14 73
14 75
14 76
14 77
14 78
14 80
14 83
14 85
14 87
14 88
16 32
16 83
16 35
16 36
16 5
16 42
16 11
16 13
16 47
16 80
16 43
16 18
16 67
16 85
16 22
16 87
16 24
16 57
16 75
16 60
16 61
18 2
18 11
18 12
18 13
18 21
18 24
18 25
18 26
18 32
18 33
18 34
18 35
18 36
18 37
18 42
18 43
18 44
18 46
18 47
18 50
18 56
18 57
18 60
18 61
18 64
18 66
18 73
18 75
18 76
18 77
18 78
18 80
18 81
18 83
18 87
18 88
23 9
23 30
23 6
27 2
27 11
27 13
27 21
27 24
27 32
27 33
27 35
27 36
27 37
27 42
27 43
27 44
27 47
27 50
27 56
27 57
27 60
27 61
27 64
27 66
27 73
27 75
27 76
27 77
27 78
27 80
27 83
27 85
27 87
27 88
28 9
28 30
28 6
30 67
30 5
30 6
30 9
30 18
30 22
31 2
31 11
31 13
31 21
31 24
31 26
31 32
31 33
31 35
31 36
31 37
31 42
31 43
31 44
31 46
31 47
31 50
31 56
31 57
31 60
31 61
31 64
31 66
31 73
31 75
31 76
31 77
31 78
31 80
31 83
31 87
31 88
38 32
38 67
38 5
38 42
38 43
38 18
38 35
38 85
38 22
38 87
38 24
38 57
38 75
38 61
39 32
39 83
39 35
39 36
39 5
39 42
39 11
39 13
39 47
39 43
39 18
39 67
39 85
39 22
39 87
39 24
39 57
39 75
39 60
39 61
40 2
40 11
40 13
40 21
40 24
40 32
40 33
40 35
40 36
40 37
40 42
40 43
40 44
40 47
40 50
40 56
40 57
40 60
40 61
40 64
40 66
40 73
40 75
40 76
40 77
40 78
40 80
40 83
40 85
40 87
40 88
41 11
41 13
41 21
41 22
41 24
41 32
41 33
41 35
41 36
41 37
41 42
41 43
41 44
41 47
41 50
41 56
41 57
41 60
41 61
41 66
41 67
41 75
41 76
41 77
41 80
41 83
41 85
41 87
41 88
42 2
42 11
42 12
42 13
42 21
42 24
42 25
42 26
42 33
42 34
42 35
42 36
42 37
42 43
42 44
42 46
42 47
42 50
42 56
42 57
42 60
42 64
42 66
42 73
42 75
42 76
42 77
42 78
42 80
42 81
42 83
42 87
42 88
43 2
43 11
43 12
43 13
43 21
43 24
43 25
43 26
43 32
43 33
43 34
43 35
43 36
43 37
43 42
43 44
43 46
43 47
43 50
43 56
43 57
43 60
43 61
43 64
43 66
43 73
43 75
43 76
43 77
43 78
43 80
43 81
43 83
43 87
43 88
45 2
45 11
45 12
45 13
45 20
45 21
45 24
45 25
45 26
45 33
45 34
45 35
45 36
45 37
45 42
45 43
45 44
45 46
45 47
45 50
45 51
45 56
45 57
45 60
45 64
45 66
45 73
45 74
45 75
45 76
45 77
45 78
45 80
45 81
45 83
45 87
45 88
52 5
52 11
52 13
52 18
52 22
52 24
52 32
52 33
52 35
52 36
52 42
52 43
52 47
52 57
52 60
52 61
52 67
52 75
52 76
52 80
52 83
52 85
52 87
53 2
53 11
53 13
53 21
53 24
53 32
53 33
53 35
53 36
53 37
53 42
53 43
53 44
53 47
53 50
53 56
53 57
53 60
53 61
53 66
53 67
53 75
53 76
53 77
53 80
53 83
53 85
53 87
53 88
57 2
57 11
57 12
57 13
57 20
57 21
57 24
57 25
57 26
57 33
57 34
57 35
57 36
57 37
57 42
57 43
57 44
57 46
57 47
57 50
57 51
57 56
57 60
57 64
57 66
57 73
57 74
57 75
57 76
57 77
57 78
57 80
57 81
57 83
57 87
57 88
59 32
59 35
59 36
59 5
59 42
59 11
59 13
59 47
59 43
59 18
59 67
59 85
59 22
59 87
59 24
59 57
59 75
59 60
59 61
63 32
63 83
63 35
63 36
63 5
63 42
63 11
63 13
63 47
63 80
63 43
63 18
63 67
63 85
63 22
63 87
63 24
63 57
63 75
63 60
63 61
65 5
65 11
65 13
65 18
65 22
65 24
65 32
65 33
65 35
65 36
65 42
65 43
65 47
65 50
65 57
65 60
65 61
65 67
65 75
65 76
65 80
65 83
65 85
65 87
69 32
69 67
69 5
69 6
69 18
69 85
69 22
69 61
71 5
71 11
71 13
71 18
71 22
71 24
71 32
71 33
71 35
71 36
71 42
71 43
71 47
71 50
71 57
71 60
71 61
71 67
71 75
71 76
71 80
71 83
71 85
71 87
72 2
72 11
72 13
72 21
72 24
72 26
72 32
72 33
72 35
72 36
72 37
72 42
72 43
72 44
72 46
72 47
72 50
72 56
72 57
72 60
72 61
72 64
72 66
72 73
72 75
72 76
72 77
72 78
72 80
72 83
72 87
72 88
79 2
79 11
79 13
79 21
79 24
79 32
79 33
79 35
79 36
79 37
79 42
79 43
79 44
79 47
79 50
79 56
79 57
79 60
79 61
79 64
79 66
79 73
79 75
79 76
79 77
79 78
79 80
79 83
79 85
79 87
79 88
84 32
84 83
84 35
84 36
84 5
84 42
84 11
84 13
84 47
84 43
84 18
84 67
84 85
84 22
84 87
84 24
84 57
84 75
84 60
84 61
86 2
86 11
86 13
86 21
86 24
86 32
86 33
86 35
86 36
86 37
86 42
86 43
86 44
86 46
86 47
86 50
86 56
86 57
86 60
86 61
86 64
86 66
86 73
86 75
86 76
86 77
86 78
86 80
86 83
86 87
86 88
