88
1 2
1 3
1 7
1 8
1 10
1 11
1 12
1 13
1 14
1 37
1 38
1 41
1 44
1 47
1 48
1 64
1 78
1 84
1 85
1 86
1 87
1 88
2 44
2 10
2 84
2 86
2 38
3 86
3 38
5 2
5 38
5 10
5 44
5 78
5 48
5 84
5 86
7 64
7 2
7 3
7 37
7 38
7 8
7 41
7 10
7 11
7 44
7 13
7 12
7 47
7 48
7 84
7 14
7 86
7 87
7 88
7 78
7 85
8 2
8 38
8 7
8 10
8 11
8 44
8 13
8 78
8 48
8 84
8 86
9 1
9 2
9 3
9 5
9 6
9 7
9 8
9 10
9 11
9 12
9 13
9 14
9 24
9 27
9 28
9 30
9 31
9 33
9 37
9 41
9 42
9 44
9 45
9 47
9 48
9 59
9 60
9 61
9 63
9 64
9 75
9 77
9 78
9 79
9 80
9 83
9 84
9 85
9 87
9 88
10 44
10 2
10 84
10 86
10 38
11 1
11 2
11 3
11 5
11 6
11 7
11 8
11 9
11 10
11 12
11 13
11 14
11 24
11 27
11 31
11 37
11 38
11 41
11 44
11 47
11 48
11 59
11 60
11 63
11 64
11 78
11 80
11 84
11 85
11 86
11 87
11 88
12 1
12 2
12 3
12 5
12 6
12 7
12 8
12 9
12 10
12 11
12 13
12 14
12 21
12 24
12 27
12 28
12 30
12 31
12 33
12 37
12 41
12 42
12 44
12 45
12 47
12 48
12 59
12 60
12 61
12 63
12 64
12 70
12 75
12 77
12 78
12 79
12 80
12 83
12 84
12 85
12 87
12 88
13 1
13 3
13 5
13 6
13 8
13 9
13 12
13 14
13 16
13 20
13 21
13 22
13 23
13 24
13 27
13 28
13 30
13 31
13 33
13 34
13 35
13 36
13 37
13 39
13 40
13 42
13 43
13 45
13 46
13 47
13 49
13 50
13 52
13 53
13 57
13 59
13 60
13 61
13 63
13 64
13 70
13 75
13 77
13 79
13 80
13 83
13 88
14 2
14 3
14 6
14 7
14 8
14 10
14 11
14 12
14 13
14 37
14 38
14 41
14 44
14 47
14 48
14 63
14 64
14 78
14 84
14 85
14 86
14 87
14 88
16 66
16 69
16 72
16 73
16 76
16 18
16 51
16 54
16 56
16 26
16 29
16 62
17 1
17 2
17 3
17 5
17 6
17 7
17 8
17 9
17 10
17 11
17 12
17 13
17 14
17 27
17 37
17 38
17 41
17 44
17 47
17 48
17 59
17 60
17 63
17 64
17 78
17 80
17 84
17 85
17 86
17 87
17 88
18 1
18 5
18 6
18 9
18 16
18 17
18 19
18 20
18 21
18 22
18 23
18 24
18 27
18 28
18 30
18 31
18 32
18 33
18 34
18 35
18 36
18 39
18 40
18 42
18 43
18 45
18 46
18 49
18 50
18 52
18 53
18 55
18 57
18 59
18 60
18 61
18 63
18 70
18 75
18 77
18 79
18 80
18 83
19 1
19 2
19 3
19 5
19 6
19 7
19 8
19 9
19 10
19 11
19 12
19 13
19 14
19 24
19 27
19 28
19 30
19 31
19 37
19 41
19 44
19 45
19 47
19 48
19 59
19 60
19 61
19 63
19 64
19 75
19 77
19 78
19 79
19 80
19 84
19 85
19 87
19 88
20 2
20 38
20 10
20 44
20 13
20 78
20 48
20 84
20 86
21 86
21 38
23 1
23 2
23 3
23 5
23 6
23 7
23 8
23 9
23 10
23 11
23 12
23 13
23 14
23 24
23 27
23 31
23 37
23 38
23 41
23 44
23 47
23 48
23 59
23 60
23 63
23 64
23 78
23 79
23 80
23 84
23 85
23 86
23 87
23 88
24 86
24 38
27 1
27 2
27 3
27 5
27 6
27 7
27 8
27 9
27 10
27 11
27 12
27 13
27 14
27 37
27 38
27 41
27 44
27 47
27 48
27 59
27 60
27 63
27 64
27 78
27 80
27 84
27 85
27 86
27 87
27 88
28 2
28 38
28 7
28 41
28 10
28 11
28 44
28 13
28 78
28 48
28 84
28 85
28 86
28 87
30 1
30 2
30 3
30 5
30 6
30 7
30 8
30 9
30 10
30 11
30 12
30 13
30 14
30 24
30 27
30 31
30 37
30 38
30 41
30 44
30 47
30 48
30 59
30 60
30 63
30 64
30 78
30 79
30 80
30 84
30 85
30 86
30 87
30 88
31 38
33 44
33 86
33 38
34 86
34 38
36 86
36 38
37 1
37 5
37 6
37 9
37 12
37 16
37 17
37 19
37 20
37 21
37 22
37 23
37 24
37 27
37 28
37 30
37 31
37 33
37 34
37 35
37 36
37 39
37 40
37 42
37 43
37 45
37 46
37 49
37 50
37 52
37 53
37 55
37 57
37 59
37 60
37 61
37 63
37 70
37 75
37 77
37 79
37 80
37 83
37 88
38 2
38 44
38 86
39 2
39 3
39 7
39 8
39 10
39 11
39 12
39 13
39 14
39 37
39 38
39 41
39 44
39 47
39 48
39 64
39 78
39 84
39 85
39 86
39 87
39 88
41 1
41 2
41 3
41 5
41 6
41 7
41 8
41 9
41 10
41 11
41 12
41 13
41 14
41 24
41 27
41 30
41 31
41 37
41 38
41 44
41 47
41 48
41 59
41 60
41 63
41 64
41 78
41 79
41 80
41 84
41 85
41 86
41 87
41 88
42 2
42 3
42 7
42 8
42 10
42 11
42 12
42 13
42 14
42 37
42 38
42 41
42 44
42 47
42 48
42 64
42 78
42 84
42 85
42 86
42 87
42 88
43 2
43 38
43 7
43 10
43 11
43 44
43 13
43 78
43 48
43 84
43 86
44 64
44 2
44 3
44 37
44 38
44 7
44 8
44 41
44 10
44 11
44 12
44 13
44 14
44 47
44 48
44 84
44 85
44 86
44 87
44 88
44 78
47 2
47 44
47 86
47 38
48 2
48 38
48 7
48 10
48 11
48 44
48 13
48 78
48 84
48 86
48 87
49 44
49 2
49 84
49 86
49 38
59 2
59 38
59 7
59 10
59 11
59 44
59 13
59 78
59 48
59 84
59 85
59 86
59 87
60 2
60 44
60 86
60 38
61 2
61 38
61 10
61 44
61 84
61 86
64 2
64 44
64 86
64 38
71 86
71 38
77 2
77 38
77 10
77 44
77 84
77 86
78 64
78 2
78 3
78 38
78 7
78 8
78 41
78 10
78 11
78 44
78 13
78 14
78 47
78 48
78 84
78 85
78 86
78 87
79 86
79 38
80 1
80 2
80 3
80 5
80 6
80 7
80 8
80 9
80 10
80 11
80 12
80 13
80 14
80 24
80 27
80 28
80 30
80 31
80 37
80 41
80 44
80 45
80 47
80 48
80 59
80 60
80 61
80 63
80 64
80 75
80 78
80 79
80 84
80 85
80 87
80 88
83 2
83 3
83 7
83 8
83 10
83 11
83 12
83 13
83 14
83 37
83 38
83 41
83 44
83 47
83 48
83 64
83 78
83 84
83 85
83 86
83 87
83 88
84 1
84 2
84 3
84 5
84 6
84 7
84 8
84 10
84 11
84 12
84 13
84 14
84 27
84 37
84 38
84 41
84 44
84 47
84 48
84 59
84 60
84 63
84 64
84 78
84 80
84 85
84 86
84 87
84 88
85 2
85 44
85 86
85 38
86 1
86 2
86 3
86 5
86 6
86 7
86 8
86 9
86 10
86 11
86 12
86 13
86 14
86 24
86 27
86 30
86 31
86 37
86 41
86 44
86 47
86 48
86 59
86 60
86 63
86 64
86 78
86 79
86 80
86 84
86 85
86 87
86 88
87 44
87 2
87 84
87 86
87 38
88 2
88 44
88 86
88 38
