88
1 19
1 60
1 85
1 6
1 55
2 19
2 60
2 85
2 55
3 64
3 71
3 72
3 76
3 53
3 25
3 56
3 57
4 1
4 66
4 3
4 68
4 5
4 33
4 40
4 74
4 11
4 12
4 78
4 47
4 48
4 17
4 67
4 22
4 26
4 69
5 28
5 85
6 51
6 13
7 19
7 60
7 85
7 6
7 55
8 36
8 9
8 77
8 84
8 54
8 87
8 88
8 4
8 30
8 31
9 71
9 72
9 75
9 81
9 53
9 25
9 56
9 57
9 61
10 33
10 66
10 67
10 68
10 5
10 39
10 11
10 12
10 14
10 79
10 80
10 22
10 58
10 47
10 26
10 69
11 1
11 3
11 68
11 69
11 38
11 40
11 41
11 74
11 78
11 45
11 46
11 47
11 48
11 17
11 83
11 21
11 86
11 73
11 88
12 34
12 70
12 8
12 42
12 52
12 62
12 63
14 64
14 71
14 76
14 56
14 25
14 62
16 33
16 67
16 39
16 10
16 11
16 12
16 14
16 79
16 80
16 58
16 26
16 63
17 36
17 86
17 38
17 41
17 45
17 77
17 83
17 84
17 21
17 54
17 87
17 88
17 4
17 31
18 82
19 36
19 7
19 9
19 44
19 84
19 54
19 87
19 4
19 30
20 35
20 37
20 49
20 43
20 59
20 27
21 34
21 70
21 39
21 8
21 10
21 14
21 79
21 80
21 52
21 58
21 42
21 63
22 1
22 66
22 3
22 68
22 5
22 33
22 40
22 74
22 11
22 12
22 78
22 47
22 48
22 17
22 67
22 26
22 69
23 19
23 60
23 6
23 55
24 65
24 75
24 55
24 6
24 81
25 1
25 66
25 3
25 68
25 5
25 40
25 41
25 74
25 83
25 12
25 45
25 46
25 47
25 48
25 17
25 67
25 78
25 22
25 73
25 69
26 49
26 27
26 37
26 59
26 43
27 65
27 19
27 6
27 55
28 50
28 51
29 34
29 70
29 39
29 8
29 42
29 14
29 79
29 80
29 52
29 62
29 63
30 1
30 3
30 38
30 40
30 41
30 74
30 45
30 46
30 77
30 48
30 17
30 83
30 78
30 86
30 73
30 88
30 31
30 21
31 36
31 86
31 38
31 41
31 77
31 46
31 45
31 83
31 84
31 21
31 54
31 87
31 88
32 64
32 71
32 76
32 56
32 25
32 62
33 1
33 66
33 3
33 68
33 69
33 38
33 40
33 41
33 74
33 45
33 78
33 47
33 48
33 17
33 83
33 46
33 22
33 73
33 86
33 21
34 33
34 66
34 67
34 68
34 5
34 39
34 10
34 11
34 12
34 14
34 79
34 80
34 22
34 58
34 47
34 26
34 69
34 63
35 34
35 70
35 39
35 8
35 10
35 11
35 14
35 79
35 80
35 58
35 42
35 63
36 1
36 66
36 67
36 68
36 5
36 33
36 40
36 10
36 11
36 12
36 78
36 47
36 48
36 22
36 26
36 74
36 69
37 1
37 66
37 3
37 68
37 5
37 40
37 41
37 74
37 83
37 12
37 45
37 46
37 47
37 48
37 17
37 67
37 78
37 22
37 73
37 69
37 21
38 33
38 39
38 8
38 10
38 11
38 14
38 79
38 80
38 58
38 26
38 63
39 36
39 86
39 38
39 41
39 77
39 46
39 45
39 83
39 84
39 21
39 54
39 87
39 88
39 31
40 18
40 27
41 1
41 3
41 69
41 38
41 77
41 40
41 73
41 74
41 78
41 45
41 46
41 47
41 48
41 17
41 83
41 21
41 86
41 88
42 36
42 86
42 38
42 41
42 87
42 77
42 46
42 45
42 83
42 84
42 21
42 54
42 73
42 88
42 31
43 64
43 34
43 70
43 8
43 42
43 76
43 52
43 62
44 23
45 36
45 7
45 9
45 44
45 84
45 54
45 87
45 4
45 30
46 18
46 23
47 34
47 70
47 39
47 8
47 10
47 14
47 79
47 80
47 52
47 58
47 42
47 63
48 33
48 66
48 67
48 5
48 39
48 10
48 11
48 12
48 14
48 79
48 80
48 22
48 58
48 26
48 63
49 1
49 3
49 38
49 40
49 41
49 74
49 45
49 46
49 77
49 48
49 17
49 83
49 78
49 86
49 73
49 88
49 31
49 21
50 33
50 66
50 67
50 68
50 5
50 40
50 10
50 11
50 12
50 47
50 48
50 22
50 26
50 74
50 69
52 33
52 66
52 67
52 68
52 5
52 10
52 11
52 12
52 14
52 47
52 80
52 22
52 58
52 26
52 69
53 36
53 9
53 77
53 84
53 54
53 87
53 4
53 30
53 31
54 34
54 70
54 39
54 8
54 10
54 14
54 79
54 80
54 52
54 58
54 42
54 63
55 18
55 27
56 1
56 3
56 38
56 40
56 41
56 74
56 45
56 46
56 77
56 48
56 17
56 83
56 78
56 86
56 73
56 88
56 31
56 21
57 43
57 18
57 27
57 37
58 19
58 60
58 6
58 55
59 64
59 71
59 72
59 76
59 53
59 25
59 56
59 57
60 65
60 71
60 72
60 75
60 81
60 53
60 25
60 57
60 61
61 34
61 70
61 39
61 8
61 42
61 52
61 62
61 63
62 34
62 70
62 39
62 8
62 10
62 11
62 14
62 79
62 80
62 52
62 58
62 42
62 63
63 33
63 39
63 8
63 10
63 11
63 14
63 79
63 80
63 58
63 26
64 32
64 35
64 36
64 7
64 9
64 44
64 4
64 30
65 36
65 86
65 38
65 41
65 87
65 77
65 46
65 45
65 83
65 84
65 21
65 54
65 73
65 88
65 31
66 65
66 75
66 61
66 81
66 53
67 65
67 71
67 72
67 75
67 81
67 53
67 25
67 57
67 61
68 34
68 70
68 39
68 8
68 10
68 11
68 14
68 79
68 80
68 52
68 58
68 42
68 63
69 32
69 35
69 37
69 43
69 49
69 59
70 1
70 66
70 3
70 68
70 5
70 40
70 41
70 74
70 83
70 12
70 45
70 46
70 47
70 48
70 17
70 67
70 78
70 22
70 73
70 69
71 86
71 38
71 41
71 87
71 77
71 46
71 45
71 83
71 84
71 21
71 54
71 73
71 88
71 31
72 1
72 3
72 38
72 40
72 41
72 74
72 45
72 46
72 77
72 48
72 17
72 83
72 78
72 86
72 73
72 88
72 31
72 21
73 34
73 70
73 39
73 8
73 42
73 79
73 52
73 62
73 63
74 64
74 34
74 70
74 8
74 42
74 76
74 52
74 62
74 63
75 1
75 66
75 3
75 68
75 5
75 40
75 73
75 74
75 83
75 12
75 45
75 46
75 47
75 48
75 17
75 67
75 78
75 22
75 69
76 71
76 72
76 75
76 81
76 53
76 25
76 56
76 57
76 61
77 36
77 86
77 38
77 41
77 45
77 46
77 83
77 84
77 21
77 54
77 87
77 88
77 31
78 34
78 70
78 39
78 8
78 10
78 14
78 79
78 80
78 52
78 58
78 42
78 63
79 34
79 70
79 39
79 8
79 10
79 14
79 80
79 52
79 58
79 42
79 63
80 33
80 66
80 67
80 68
80 5
80 10
80 11
80 12
80 14
80 79
80 22
80 58
80 47
80 26
80 69
81 36
81 86
81 38
81 41
81 45
81 77
81 83
81 84
81 21
81 54
81 87
81 88
81 4
81 31
82 2
82 23
83 65
83 71
83 72
83 75
83 81
83 53
83 25
83 57
83 61
84 33
84 39
84 8
84 10
84 11
84 14
84 79
84 80
84 58
84 26
84 63
85 24
85 2
85 29
85 23
86 64
86 34
86 70
86 42
86 76
86 52
86 56
86 62
87 64
87 34
87 70
87 8
87 42
87 52
87 62
87 63
88 34
88 70
88 39
88 8
88 42
88 79
88 52
88 62
88 63
