88
1 65
1 7
1 28
1 74
1 43
1 15
1 19
1 22
1 56
1 26
1 31
1 60
1 63
2 66
2 5
2 49
2 81
2 18
2 52
2 57
2 37
3 65
3 7
3 28
3 74
3 43
3 15
3 19
3 22
3 56
3 26
3 31
3 60
3 63
4 66
4 5
4 49
4 81
4 18
4 52
4 57
4 37
5 65
5 37
5 7
5 28
5 74
5 43
5 15
5 19
5 52
5 56
5 57
5 26
5 31
5 60
5 63
6 66
6 5
6 74
6 81
6 18
6 52
6 57
6 37
7 65
7 28
7 74
7 43
7 15
7 19
7 22
7 56
7 26
7 31
7 60
7 63
9 49
10 66
10 5
10 81
10 18
10 52
10 57
10 37
11 66
11 5
11 49
11 81
11 18
11 52
11 57
11 37
14 65
14 7
14 28
14 74
14 43
14 15
14 19
14 22
14 56
14 26
14 31
14 60
14 63
21 65
21 37
21 7
21 28
21 74
21 43
21 15
21 19
21 52
21 56
21 57
21 26
21 31
21 60
21 63
23 66
23 5
23 74
23 81
23 18
23 52
23 57
23 37
24 65
24 5
24 7
24 28
24 74
24 43
24 15
24 18
24 19
24 52
24 56
24 57
24 26
24 31
24 60
24 37
24 63
25 65
25 37
25 7
25 28
25 74
25 43
25 15
25 19
25 52
25 56
25 57
25 26
25 31
25 60
25 63
26 65
26 7
26 28
26 74
26 43
26 15
26 19
26 22
26 56
26 31
26 60
26 63
28 65
28 7
28 74
28 43
28 15
28 19
28 22
28 56
28 26
28 31
28 60
28 63
29 65
29 66
29 37
29 7
29 74
29 43
29 15
29 81
29 18
29 52
29 57
29 26
29 63
29 60
29 5
30 65
30 66
30 5
30 74
30 15
30 81
30 18
30 52
30 57
30 26
30 63
30 60
30 37
31 65
31 7
31 28
31 74
31 43
31 15
31 19
31 22
31 56
31 26
31 60
31 63
32 65
32 5
32 7
32 28
32 74
32 43
32 15
32 19
32 52
32 56
32 57
32 26
32 31
32 60
32 37
32 63
33 65
33 7
33 28
33 74
33 43
33 15
33 19
33 22
33 56
33 57
33 26
33 31
33 60
33 63
34 65
34 5
34 7
34 74
34 43
34 15
34 18
34 19
34 52
34 56
34 57
34 26
34 31
34 60
34 37
34 63
35 65
35 5
35 7
35 74
35 43
35 15
35 81
35 18
35 52
35 56
35 57
35 26
35 31
35 60
35 37
35 63
36 65
36 7
36 28
36 74
36 43
36 15
36 19
36 22
36 56
36 57
36 26
36 31
36 60
36 63
38 65
38 7
38 28
38 74
38 43
38 15
38 19
38 22
38 56
38 26
38 31
38 60
38 63
39 65
39 7
39 28
39 74
39 43
39 15
39 19
39 22
39 56
39 26
39 31
39 60
39 63
40 65
40 66
40 5
40 74
40 15
40 81
40 18
40 52
40 57
40 26
40 37
41 65
41 7
41 28
41 74
41 43
41 15
41 19
41 22
41 56
41 26
41 31
41 60
41 63
42 65
42 7
42 28
42 74
42 43
42 15
42 19
42 22
42 56
42 26
42 31
42 60
42 63
44 65
44 5
44 7
44 28
44 74
44 43
44 15
44 18
44 19
44 52
44 56
44 57
44 26
44 31
44 60
44 37
44 63
45 65
45 37
45 7
45 28
45 74
45 43
45 15
45 19
45 52
45 56
45 57
45 26
45 31
45 60
45 63
46 65
46 5
46 7
46 74
46 43
46 15
46 81
46 18
46 19
46 52
46 56
46 57
46 26
46 31
46 60
46 37
46 63
47 65
47 66
47 5
47 74
47 15
47 81
47 18
47 52
47 57
47 26
47 63
47 60
47 37
48 65
48 66
48 5
48 74
48 15
48 81
48 18
48 52
48 57
48 26
48 63
48 60
48 37
50 66
50 5
50 49
50 81
50 18
50 52
50 57
50 37
51 66
51 5
51 49
51 81
51 18
51 52
51 57
51 37
52 65
52 7
52 28
52 74
52 43
52 15
52 19
52 22
52 56
52 57
52 26
52 31
52 60
52 63
53 65
53 7
53 28
53 74
53 43
53 15
53 19
53 22
53 56
53 26
53 31
53 60
53 63
54 65
54 7
54 28
54 74
54 43
54 15
54 19
54 22
54 56
54 26
54 31
54 60
54 63
55 65
55 66
55 37
55 7
55 74
55 43
55 15
55 81
55 18
55 52
55 57
55 26
55 63
55 60
55 5
56 65
56 7
56 28
56 43
56 15
56 19
56 22
56 26
56 31
56 60
56 63
58 65
58 7
58 28
58 74
58 43
58 15
58 19
58 22
58 56
58 26
58 31
58 60
58 63
61 65
61 5
61 7
61 28
61 74
61 43
61 15
61 18
61 19
61 52
61 56
61 57
61 26
61 31
61 60
61 37
61 63
62 65
62 7
62 28
62 74
62 43
62 15
62 19
62 22
62 56
62 26
62 31
62 60
62 63
63 65
63 7
63 28
63 74
63 43
63 15
63 19
63 22
63 56
63 26
63 60
63 31
64 65
64 66
64 5
64 74
64 15
64 81
64 18
64 52
64 57
64 26
64 60
64 37
65 7
65 28
65 74
65 43
65 15
65 19
65 22
65 56
65 26
65 31
65 60
65 63
67 65
67 5
67 7
67 28
67 74
67 43
67 15
67 19
67 52
67 56
67 57
67 26
67 31
67 60
67 37
67 63
68 65
68 7
68 28
68 74
68 43
68 15
68 19
68 22
68 56
68 26
68 31
68 60
68 63
69 65
69 7
69 28
69 74
69 43
69 15
69 19
69 22
69 56
69 26
69 31
69 60
69 63
71 65
71 7
71 28
71 74
71 43
71 15
71 19
71 52
71 22
71 56
71 57
71 26
71 31
71 60
71 63
72 65
72 7
72 28
72 74
72 43
72 15
72 19
72 22
72 56
72 26
72 31
72 60
72 63
73 65
73 37
73 7
73 28
73 74
73 43
73 15
73 19
73 52
73 56
73 57
73 26
73 31
73 60
73 63
75 65
75 5
75 7
75 74
75 43
75 15
75 81
75 18
75 19
75 52
75 56
75 57
75 26
75 31
75 60
75 37
75 63
76 65
76 66
76 37
76 7
76 74
76 43
76 15
76 81
76 18
76 52
76 57
76 26
76 63
76 60
76 5
77 65
77 7
77 28
77 43
77 15
77 19
77 22
77 56
77 26
77 31
77 60
77 63
78 65
78 7
78 28
78 74
78 43
78 15
78 19
78 22
78 56
78 57
78 26
78 31
78 60
78 63
79 65
79 7
79 28
79 74
79 43
79 15
79 19
79 22
79 56
79 26
79 31
79 60
79 63
80 65
80 7
80 28
80 74
80 43
80 15
80 19
80 22
80 56
80 26
80 31
80 60
80 63
81 65
81 37
81 7
81 28
81 74
81 43
81 15
81 19
81 52
81 22
81 56
81 57
81 26
81 31
81 60
81 63
82 65
82 66
82 37
82 7
82 74
82 43
82 15
82 81
82 18
82 52
82 57
82 26
82 63
82 60
82 5
83 65
83 7
83 28
83 74
83 43
83 15
83 19
83 22
83 56
83 57
83 26
83 31
83 60
83 63
84 65
84 5
84 7
84 74
84 43
84 15
84 81
84 18
84 19
84 52
84 56
84 57
84 26
84 31
84 60
84 37
84 63
85 65
85 66
85 37
85 7
85 74
85 43
85 15
85 81
85 18
85 52
85 57
85 26
85 63
85 60
85 5
86 66
86 5
86 74
86 81
86 18
86 52
86 57
86 37
87 65
87 7
87 28
87 74
87 43
87 15
87 19
87 22
87 56
87 26
87 31
87 60
87 63
88 65
88 7
88 28
88 74
88 43
88 15
88 19
88 22
88 56
88 26
88 31
88 60
88 63
