88
1 64
1 51
1 2
1 35
1 5
1 6
1 42
1 11
1 45
1 14
1 82
1 3
1 46
1 22
1 23
1 88
1 70
1 61
1 63
4 64
4 1
4 2
4 3
4 5
4 6
4 38
4 10
4 11
4 61
4 82
4 35
4 22
4 23
4 88
4 67
4 63
4 70
4 42
4 55
4 51
6 64
6 2
6 35
6 5
6 42
6 11
6 45
6 14
6 51
6 46
6 22
6 88
6 61
6 63
9 65
9 4
9 71
9 72
9 41
9 74
9 12
9 80
9 76
9 83
9 52
9 54
9 73
9 25
9 60
10 64
10 2
10 35
10 5
10 6
10 42
10 11
10 45
10 14
10 51
10 46
10 22
10 23
10 88
10 61
10 63
13 64
13 51
13 2
13 35
13 5
13 6
13 42
13 11
13 45
13 14
13 82
13 3
13 46
13 22
13 23
13 88
13 70
13 61
13 63
19 1
19 67
19 3
19 68
19 5
19 38
19 71
19 72
19 73
19 10
19 11
19 63
19 80
19 82
19 35
19 22
19 23
19 55
19 75
19 70
19 51
20 1
20 3
20 10
20 12
20 25
20 38
20 41
20 52
20 55
20 60
20 67
20 68
20 70
20 71
20 72
20 73
20 74
20 75
20 76
20 80
20 82
20 83
21 64
21 1
21 2
21 3
21 5
21 6
21 42
21 11
21 45
21 14
21 82
21 35
21 46
21 22
21 23
21 88
21 63
21 70
21 61
21 51
24 1
24 3
24 5
24 10
24 11
24 22
24 23
24 35
24 38
24 42
24 51
24 55
24 61
24 63
24 67
24 68
24 70
24 71
24 72
24 73
24 75
24 80
24 82
27 1
27 3
27 5
27 10
27 11
27 22
27 23
27 35
27 38
27 42
27 51
27 55
27 61
27 63
27 67
27 68
27 70
27 71
27 72
27 73
27 75
27 80
27 82
28 64
28 1
28 2
28 3
28 5
28 6
28 38
28 10
28 11
28 61
28 82
28 35
28 22
28 23
28 88
28 63
28 70
28 42
28 51
30 68
30 65
30 67
30 4
30 25
30 38
30 71
30 72
30 41
30 74
30 75
30 12
30 80
30 76
30 83
30 52
30 54
30 73
30 55
30 60
31 1
31 67
31 3
31 68
31 70
31 38
31 71
31 72
31 41
31 10
31 75
31 12
31 80
31 76
31 82
31 83
31 52
31 73
31 23
31 55
31 74
32 1
32 3
32 10
32 12
32 25
32 38
32 41
32 52
32 55
32 60
32 67
32 68
32 70
32 71
32 72
32 73
32 74
32 75
32 76
32 80
32 82
32 83
33 1
33 3
33 5
33 6
33 10
33 11
33 22
33 23
33 35
33 38
33 42
33 51
33 55
33 61
33 63
33 64
33 67
33 68
33 70
33 73
33 75
33 80
33 82
34 1
34 3
34 5
34 10
34 11
34 22
34 23
34 35
34 38
34 42
34 51
34 55
34 61
34 63
34 64
34 67
34 68
34 70
34 71
34 72
34 73
34 75
34 80
34 82
35 64
35 2
35 5
35 6
35 42
35 11
35 45
35 14
35 51
35 46
35 22
35 23
35 88
35 61
35 63
36 1
36 67
36 3
36 68
36 70
36 38
36 71
36 72
36 41
36 10
36 75
36 12
36 80
36 76
36 82
36 83
36 52
36 73
36 23
36 55
36 74
37 64
37 51
37 2
37 35
37 5
37 6
37 42
37 11
37 45
37 14
37 82
37 3
37 46
37 22
37 23
37 88
37 70
37 61
37 63
38 64
38 2
38 35
38 5
38 6
38 42
38 11
38 45
38 14
38 51
38 46
38 22
38 23
38 88
38 61
38 63
39 65
39 4
39 71
39 72
39 41
39 74
39 12
39 76
39 83
39 52
39 54
39 25
39 60
40 1
40 3
40 10
40 12
40 25
40 38
40 41
40 52
40 55
40 60
40 67
40 68
40 70
40 71
40 72
40 73
40 74
40 75
40 76
40 80
40 82
40 83
41 64
41 1
41 2
41 3
41 5
41 6
41 38
41 10
41 11
41 61
41 82
41 35
41 22
41 23
41 88
41 67
41 63
41 70
41 42
41 55
41 51
42 64
42 2
42 35
42 5
42 6
42 11
42 45
42 14
42 51
42 46
42 22
42 23
42 88
42 61
42 63
43 1
43 3
43 10
43 12
43 25
43 38
43 41
43 52
43 55
43 60
43 67
43 68
43 70
43 71
43 72
43 73
43 74
43 75
43 76
43 80
43 82
43 83
44 64
44 1
44 2
44 3
44 5
44 6
44 38
44 10
44 11
44 61
44 82
44 35
44 22
44 23
44 88
44 63
44 70
44 42
44 51
47 1
47 3
47 10
47 12
47 25
47 38
47 41
47 52
47 55
47 60
47 67
47 68
47 70
47 71
47 72
47 73
47 74
47 75
47 76
47 80
47 82
47 83
48 64
48 1
48 2
48 3
48 5
48 6
48 38
48 10
48 11
48 61
48 82
48 35
48 22
48 23
48 88
48 67
48 63
48 70
48 42
48 55
48 51
49 1
49 67
49 3
49 68
49 70
49 38
49 71
49 72
49 41
49 10
49 75
49 12
49 80
49 76
49 82
49 83
49 52
49 73
49 23
49 55
49 74
50 64
50 1
50 2
50 3
50 5
50 6
50 10
50 11
50 61
50 82
50 35
50 22
50 23
50 88
50 63
50 70
50 42
50 51
56 68
56 65
56 67
56 4
56 25
56 38
56 71
56 72
56 41
56 10
56 75
56 12
56 80
56 76
56 83
56 52
56 54
56 73
56 55
56 60
56 74
57 64
57 2
57 35
57 5
57 6
57 42
57 11
57 45
57 14
57 51
57 46
57 22
57 23
57 88
57 70
57 61
57 63
58 64
58 1
58 2
58 3
58 5
58 6
58 42
58 11
58 45
58 14
58 82
58 35
58 46
58 22
58 23
58 88
58 63
58 70
58 61
58 51
59 66
59 15
63 64
63 2
63 35
63 5
63 6
63 42
63 11
63 45
63 14
63 51
63 46
63 22
63 23
63 88
63 61
67 64
67 1
67 2
67 3
67 5
67 6
67 42
67 11
67 45
67 82
67 35
67 22
67 23
67 88
67 63
67 70
67 61
67 51
75 1
75 67
75 3
75 68
75 5
75 38
75 71
75 72
75 73
75 10
75 11
75 80
75 82
75 35
75 22
75 23
75 55
75 63
75 70
75 51
76 1
76 83
76 3
76 68
76 70
76 38
76 71
76 72
76 41
76 10
76 11
76 80
76 82
76 67
76 52
76 73
76 23
76 55
76 75
76 74
77 65
77 67
77 68
77 25
77 38
77 71
77 72
77 41
77 10
77 75
77 12
77 80
77 76
77 83
77 52
77 54
77 73
77 55
77 60
77 74
78 1
78 3
78 10
78 12
78 25
78 38
78 41
78 52
78 55
78 60
78 67
78 68
78 70
78 71
78 72
78 73
78 74
78 75
78 76
78 80
78 82
78 83
79 1
79 67
79 3
79 68
79 70
79 38
79 71
79 72
79 41
79 10
79 75
79 12
79 80
79 76
79 82
79 83
79 52
79 73
79 55
79 60
79 74
80 64
80 1
80 2
80 3
80 5
80 6
80 38
80 10
80 11
80 61
80 82
80 35
80 22
80 23
80 88
80 67
80 63
80 70
80 42
80 55
80 51
84 64
84 1
84 2
84 3
84 5
84 6
84 10
84 11
84 45
84 61
84 82
84 35
84 22
84 23
84 88
84 63
84 70
84 42
84 51
85 26
85 66
85 15
86 64
86 1
86 2
86 3
86 5
86 6
86 42
86 11
86 45
86 82
86 35
86 22
86 23
86 88
86 63
86 70
86 61
86 51
87 64
87 2
87 35
87 5
87 6
87 42
87 11
87 45
87 14
87 51
87 46
87 22
87 23
87 88
87 61
87 63
