88
1 42
1 77
1 15
1 49
1 56
1 29
2 56
2 49
2 42
2 29
2 77
3 18
3 7
3 12
3 14
3 63
4 33
4 67
4 69
4 6
4 72
4 73
4 10
4 78
4 53
4 26
4 61
4 5
5 64
5 65
5 34
5 3
5 4
5 51
5 39
5 71
5 76
5 35
5 84
5 24
5 59
6 56
6 17
6 42
6 45
6 49
7 66
7 5
7 8
7 57
7 11
7 44
7 13
7 46
7 80
7 72
7 62
7 78
7 87
7 88
7 55
7 69
7 21
8 64
8 65
8 34
8 35
8 4
8 51
8 39
8 10
8 71
8 76
8 75
8 3
8 84
8 24
8 59
9 32
9 80
9 66
9 36
9 70
9 40
9 41
9 79
9 48
9 8
9 54
9 55
9 31
10 37
10 17
10 9
10 42
10 45
10 49
10 58
10 74
11 32
11 66
11 36
11 70
11 8
11 41
11 87
11 13
11 79
11 80
11 54
11 55
11 88
11 62
11 31
12 2
12 36
12 37
12 40
12 74
12 79
12 48
12 58
12 31
13 83
13 47
14 64
14 65
14 34
14 4
14 71
14 10
14 75
14 76
14 84
14 53
14 26
14 59
15 18
15 23
15 12
15 14
15 63
17 77
17 15
17 82
17 22
17 56
17 29
18 32
18 66
18 36
18 70
18 8
18 41
18 87
18 44
18 13
18 79
18 80
18 54
18 55
18 88
18 57
18 62
21 2
21 37
21 40
21 9
21 74
21 45
21 48
21 17
21 58
21 31
22 64
22 65
22 34
22 3
22 4
22 51
22 39
22 71
22 76
22 75
22 35
22 84
22 24
22 59
23 2
23 37
23 40
23 9
23 74
23 48
23 58
23 31
24 32
24 66
24 36
24 70
24 8
24 41
24 87
24 44
24 13
24 46
24 79
24 80
24 54
24 55
24 88
24 57
24 62
25 64
25 33
25 67
25 4
25 69
25 6
25 71
25 73
25 10
25 75
25 53
25 26
25 59
25 61
25 5
26 33
26 67
26 5
26 6
26 72
26 73
26 78
26 53
26 61
26 69
27 67
27 5
27 72
27 11
27 44
27 13
27 46
27 80
27 62
27 78
27 87
27 88
27 57
27 61
27 69
27 21
28 64
28 33
28 67
28 4
28 69
28 6
28 71
28 73
28 10
28 75
28 53
28 26
28 59
28 61
28 5
30 33
30 67
30 69
30 6
30 72
30 73
30 78
30 61
30 21
30 26
30 53
30 5
31 12
31 18
31 68
31 14
31 23
32 64
32 33
32 34
32 67
32 4
32 6
32 71
32 73
32 10
32 75
32 53
32 26
32 59
32 61
32 65
33 32
33 66
33 36
33 70
33 8
33 41
33 11
33 44
33 13
33 46
33 79
33 80
33 21
33 54
33 55
33 88
33 57
33 87
33 62
34 64
34 65
34 35
34 4
34 71
34 10
34 75
34 76
34 84
34 24
34 26
34 59
35 32
35 66
35 36
35 70
35 8
35 41
35 11
35 44
35 13
35 46
35 79
35 80
35 21
35 54
35 55
35 88
35 57
35 87
35 62
36 66
36 5
36 8
36 57
36 11
36 44
36 13
36 46
36 80
36 72
36 62
36 78
36 87
36 88
36 55
36 69
36 21
37 65
37 34
37 3
37 68
37 51
37 39
37 76
37 35
37 84
37 24
38 65
38 34
38 3
38 4
38 51
38 39
38 76
38 35
38 84
38 24
38 59
39 33
39 67
39 69
39 6
39 72
39 73
39 78
39 53
39 26
39 61
39 5
40 64
40 65
40 34
40 35
40 4
40 51
40 39
40 10
40 71
40 76
40 75
40 3
40 84
40 24
40 59
41 2
41 37
41 40
41 9
41 74
41 45
41 48
41 17
41 58
41 31
42 64
42 65
42 34
42 35
42 4
42 51
42 39
42 10
42 71
42 76
42 75
42 3
42 84
42 24
42 59
43 32
43 2
43 36
43 37
43 70
43 40
43 41
43 74
43 79
43 48
43 54
43 31
44 32
44 66
44 36
44 70
44 8
44 41
44 11
44 13
44 46
44 80
44 72
44 78
44 54
44 55
44 88
44 57
44 87
44 62
44 21
45 43
45 30
45 47
46 32
46 66
46 36
46 70
46 8
46 41
46 87
46 13
46 79
46 80
46 54
46 55
46 88
46 62
46 31
47 64
47 33
47 34
47 75
47 4
47 6
47 65
47 73
47 10
47 71
47 53
47 26
47 59
48 33
48 67
48 69
48 6
48 72
48 73
48 78
48 53
48 26
48 61
48 5
49 12
49 18
49 68
49 14
49 23
51 32
51 66
51 36
51 70
51 8
51 41
51 11
51 44
51 13
51 46
51 79
51 80
51 78
51 54
51 55
51 88
51 57
51 87
51 62
51 21
52 37
52 17
52 9
52 42
52 45
52 49
52 58
53 64
53 65
53 34
53 35
53 4
53 71
53 10
53 75
53 76
53 3
53 84
53 24
53 59
54 35
54 3
54 68
54 39
54 76
54 51
54 84
54 23
54 24
55 82
55 43
55 30
57 65
57 34
57 3
57 51
57 39
57 76
57 35
57 84
57 24
58 64
58 33
58 34
58 67
58 4
58 6
58 71
58 73
58 10
58 75
58 53
58 26
58 59
58 61
58 65
60 2
60 37
60 40
60 9
60 74
60 79
60 48
60 58
60 31
61 35
61 3
61 68
61 39
61 76
61 51
61 84
61 23
61 24
62 65
62 34
62 3
62 51
62 39
62 76
62 35
62 84
62 24
63 33
63 67
63 69
63 6
63 72
63 73
63 78
63 53
63 26
63 61
63 5
64 35
64 3
64 68
64 39
64 76
64 51
64 84
64 23
64 24
65 33
65 67
65 69
65 6
65 72
65 73
65 78
65 61
65 21
65 26
65 53
65 5
66 2
66 37
66 40
66 9
66 74
66 45
66 48
66 17
66 58
66 31
67 64
67 65
67 34
67 35
67 4
67 51
67 39
67 10
67 71
67 76
67 75
67 3
67 84
67 24
67 59
68 32
68 66
68 36
68 70
68 8
68 41
68 11
68 44
68 13
68 46
68 79
68 80
68 21
68 54
68 55
68 88
68 57
68 87
68 62
69 2
69 37
69 40
69 9
69 74
69 45
69 48
69 17
69 58
70 64
70 33
70 34
70 67
70 4
70 6
70 71
70 73
70 10
70 75
70 53
70 26
70 59
70 61
71 33
71 67
71 69
71 6
71 72
71 73
71 11
71 78
71 53
71 21
71 26
71 61
71 5
72 35
72 3
72 68
72 39
72 76
72 51
72 84
72 23
72 24
73 66
73 5
73 8
73 41
73 57
73 11
73 44
73 13
73 46
73 80
73 72
73 62
73 78
73 54
73 87
73 88
73 55
73 69
73 21
74 12
74 18
74 68
74 14
74 23
75 65
75 34
75 3
75 68
75 51
75 39
75 76
75 35
75 84
75 24
76 64
76 65
76 34
76 4
76 71
76 10
76 75
76 84
76 53
76 24
76 26
76 59
77 64
77 65
77 34
77 3
77 4
77 51
77 39
77 71
77 76
77 35
77 84
77 24
77 59
78 33
78 67
78 69
78 6
78 71
78 72
78 73
78 10
78 75
78 53
78 26
78 61
78 5
79 33
79 67
79 69
79 6
79 72
79 73
79 11
79 46
79 53
79 78
79 26
79 21
79 61
79 5
80 64
80 65
80 34
80 35
80 4
80 51
80 39
80 10
80 71
80 76
80 75
80 3
80 84
80 24
80 59
82 2
82 36
82 37
82 40
82 9
82 74
82 79
82 48
82 58
82 31
86 82
86 43
86 29
86 22
86 15
87 32
87 66
87 36
87 70
87 8
87 41
87 11
87 44
87 13
87 46
87 79
87 80
87 21
87 54
87 55
87 88
87 57
87 62
88 18
88 12
88 14
88 23
