88
1 32
1 3
1 4
1 7
1 48
1 49
1 50
1 84
1 85
3 1
3 2
3 5
3 10
3 12
3 14
3 16
3 17
3 21
3 24
3 29
3 37
3 43
3 46
3 47
3 54
3 58
3 63
3 70
3 71
3 82
3 83
3 86
3 87
4 64
4 65
4 75
4 39
4 8
4 73
4 74
4 11
4 45
4 52
4 22
5 4
5 7
5 18
5 84
5 55
5 59
5 60
6 60
6 18
6 59
6 84
6 55
7 1
7 2
7 5
7 12
7 13
7 14
7 17
7 21
7 23
7 24
7 28
7 29
7 35
7 37
7 41
7 43
7 44
7 46
7 47
7 54
7 57
7 58
7 63
7 70
7 71
7 77
7 83
7 86
7 87
7 88
8 60
8 18
8 59
8 84
8 55
9 32
9 3
9 36
9 38
9 6
9 41
9 42
9 44
9 13
9 78
9 48
9 50
9 53
9 23
9 56
9 57
9 28
9 30
10 4
10 7
10 18
10 84
10 55
10 59
10 60
11 32
11 3
11 4
11 38
11 7
11 42
11 78
11 48
11 49
11 50
11 85
11 56
11 30
12 1
12 2
12 9
12 10
12 14
12 16
12 17
12 21
12 24
12 27
12 29
12 31
12 37
12 43
12 46
12 47
12 58
12 61
12 70
12 71
12 72
12 79
12 80
12 82
12 83
12 87
13 66
13 68
13 76
13 15
13 51
13 25
14 32
14 35
14 36
14 38
14 6
14 41
14 42
14 44
14 13
14 78
14 77
14 48
14 88
14 53
14 23
14 56
14 57
14 28
14 30
15 67
15 20
15 26
15 19
15 76
17 1
17 2
17 5
17 10
17 12
17 14
17 21
17 24
17 29
17 37
17 43
17 46
17 47
17 54
17 58
17 63
17 70
17 71
17 82
17 83
17 86
17 87
18 66
18 67
18 76
18 15
18 20
18 25
19 66
19 67
19 76
19 20
19 25
19 26
21 3
21 4
21 7
21 18
21 49
21 50
21 84
21 85
21 59
22 4
22 7
22 18
22 84
22 55
22 59
22 60
23 32
23 3
23 36
23 38
23 6
23 41
23 42
23 44
23 13
23 78
23 48
23 50
23 53
23 56
23 57
23 28
23 30
24 32
24 3
24 36
24 38
24 6
24 41
24 42
24 44
24 13
24 78
24 48
24 49
24 50
24 53
24 23
24 56
24 57
24 30
27 4
27 7
27 18
27 84
27 85
27 55
27 59
27 60
28 32
28 3
28 4
28 38
28 6
28 7
28 42
28 78
28 48
28 49
28 50
28 85
28 56
28 36
28 30
29 32
29 35
29 36
29 38
29 6
29 41
29 42
29 44
29 13
29 78
29 77
29 48
29 88
29 53
29 23
29 56
29 57
29 28
29 30
30 2
30 5
30 6
30 13
30 14
30 17
30 21
30 23
30 24
30 28
30 35
30 36
30 41
30 43
30 44
30 46
30 47
30 53
30 54
30 56
30 57
30 63
30 70
30 71
30 77
30 86
30 87
30 88
32 35
32 36
32 5
32 6
32 41
32 42
32 44
32 13
32 78
32 77
32 48
32 88
32 53
32 54
32 23
32 56
32 57
32 38
32 28
32 30
34 55
35 3
35 4
35 7
35 18
35 49
35 50
35 84
35 85
35 55
35 59
35 60
36 32
36 3
36 38
36 6
36 41
36 42
36 44
36 13
36 78
36 48
36 50
36 53
36 23
36 56
36 57
36 28
36 30
37 32
37 3
37 4
37 38
37 6
37 7
37 42
37 78
37 48
37 49
37 50
37 85
37 56
37 36
37 30
38 1
38 2
38 5
38 6
38 13
38 14
38 17
38 21
38 23
38 24
38 28
38 29
38 35
38 41
38 43
38 44
38 46
38 47
38 53
38 54
38 57
38 63
38 70
38 71
38 77
38 86
38 87
38 88
39 60
39 18
39 59
39 84
39 55
40 4
40 7
40 49
40 18
40 84
40 85
40 55
40 59
40 60
41 32
41 3
41 36
41 38
41 6
41 42
41 44
41 13
41 78
41 48
41 49
41 50
41 53
41 56
41 30
41 85
42 32
42 35
42 36
42 38
42 6
42 41
42 44
42 77
42 78
42 13
42 48
42 88
42 53
42 23
42 56
42 57
42 28
42 30
43 32
43 3
43 4
43 38
43 7
43 42
43 48
43 49
43 50
43 84
43 85
43 30
44 32
44 3
44 36
44 6
44 38
44 42
44 78
44 48
44 49
44 50
44 53
44 56
44 30
44 85
47 32
47 3
47 4
47 7
47 42
47 48
47 49
47 50
47 84
47 85
47 30
48 32
48 35
48 36
48 38
48 6
48 41
48 42
48 44
48 13
48 78
48 77
48 88
48 53
48 23
48 56
48 57
48 28
48 30
49 32
49 3
49 4
49 38
49 6
49 7
49 42
49 78
49 48
49 50
49 85
49 56
49 36
49 30
50 4
50 7
50 18
50 84
50 55
50 59
50 60
52 55
53 32
53 3
53 36
53 38
53 6
53 41
53 42
53 44
53 13
53 78
53 48
53 50
53 23
53 56
53 57
53 30
54 60
54 18
54 59
54 84
54 55
55 1
55 2
55 5
55 6
55 13
55 14
55 17
55 21
55 23
55 24
55 28
55 29
55 35
55 37
55 41
55 43
55 44
55 46
55 47
55 53
55 54
55 57
55 63
55 70
55 71
55 77
55 86
55 87
55 88
56 3
56 4
56 7
56 18
56 49
56 50
56 84
56 85
56 55
56 59
56 60
57 60
57 18
57 59
57 84
57 55
58 18
58 59
58 60
58 55
59 1
59 9
59 10
59 11
59 12
59 16
59 27
59 29
59 31
59 34
59 37
59 39
59 40
59 58
59 61
59 62
59 64
59 69
59 72
59 79
59 80
59 81
59 82
59 83
60 64
60 65
60 34
60 69
60 81
60 39
60 40
60 73
60 74
60 11
60 45
60 79
60 80
60 8
60 52
60 22
60 72
60 61
60 62
61 18
61 59
61 60
61 55
63 2
63 5
63 6
63 13
63 14
63 21
63 23
63 24
63 28
63 35
63 36
63 41
63 43
63 44
63 46
63 47
63 53
63 54
63 56
63 57
63 70
63 71
63 77
63 78
63 86
63 87
63 88
64 32
64 3
64 4
64 38
64 7
64 42
64 48
64 49
64 50
64 84
64 85
64 30
70 60
70 18
70 59
70 84
70 55
71 32
71 3
71 4
71 7
71 42
71 48
71 49
71 50
71 84
71 85
75 60
75 18
75 59
75 84
75 55
77 32
77 3
77 4
77 38
77 6
77 7
77 42
77 78
77 48
77 49
77 50
77 85
77 56
77 36
77 30
78 32
78 3
78 36
78 38
78 6
78 42
78 44
78 13
78 48
78 49
78 50
78 53
78 56
78 30
78 85
79 3
79 4
79 7
79 18
79 49
79 50
79 84
79 85
80 55
81 5
81 6
81 13
81 14
81 21
81 23
81 24
81 28
81 30
81 35
81 36
81 38
81 41
81 43
81 44
81 46
81 53
81 54
81 56
81 57
81 63
81 77
81 78
81 86
81 87
81 88
82 60
82 18
82 59
82 84
82 55
83 33
83 68
83 8
83 75
83 15
83 51
84 64
84 80
84 34
84 69
84 81
84 39
84 72
84 9
84 10
84 11
84 12
84 79
84 16
84 40
84 82
84 52
84 27
84 61
84 62
84 31
85 4
85 7
85 18
85 84
85 55
85 59
85 60
86 32
86 3
86 36
86 38
86 6
86 42
86 44
86 13
86 78
86 48
86 49
86 50
86 53
86 56
86 30
86 85
87 32
87 3
87 36
87 38
87 7
87 42
87 78
87 48
87 49
87 50
87 85
87 56
87 4
87 30
88 32
88 3
88 36
88 38
88 6
88 42
88 78
88 48
88 49
88 50
88 85
88 56
88 4
88 30
