88
1 16
1 49
1 18
1 19
1 50
2 33
2 66
2 35
2 54
2 70
2 65
2 41
2 42
2 43
2 14
2 29
2 80
2 84
2 21
2 22
2 55
2 52
2 26
2 61
2 30
3 85
4 18
4 16
4 49
4 50
4 19
4 28
5 85
6 33
6 66
6 35
6 36
6 5
6 65
6 41
6 10
6 43
6 14
6 29
6 80
6 84
6 21
6 54
6 52
6 61
6 30
6 69
7 49
7 18
7 19
7 50
8 48
8 70
8 40
8 41
8 42
8 55
8 29
8 80
8 84
8 22
8 87
8 52
8 26
8 28
8 61
8 62
8 16
9 48
9 70
9 40
9 42
9 55
9 29
9 80
9 18
9 19
9 22
9 87
9 26
9 28
9 61
9 62
9 16
10 33
10 66
10 35
10 70
10 65
10 41
10 42
10 43
10 14
10 29
10 80
10 84
10 21
10 54
10 55
10 52
10 26
10 61
10 30
11 16
11 70
11 40
11 42
11 87
11 48
11 18
11 19
11 22
11 55
11 26
11 28
11 62
12 18
12 16
12 49
12 50
12 19
12 28
13 33
13 66
13 35
13 36
13 5
13 70
13 65
13 41
13 42
13 43
13 14
13 29
13 80
13 84
13 21
13 54
13 52
13 61
13 30
13 69
14 33
14 66
14 35
14 36
14 5
14 65
14 41
14 10
14 43
14 29
14 80
14 84
14 21
14 54
14 52
14 61
14 30
14 69
15 33
15 66
15 54
15 70
15 80
15 41
15 42
15 55
15 29
15 48
15 84
15 21
15 22
15 87
15 52
15 26
15 61
15 30
16 49
16 18
16 19
16 50
17 33
17 66
17 35
17 36
17 5
17 65
17 41
17 10
17 43
17 14
17 29
17 80
17 84
17 21
17 54
17 52
17 61
17 30
17 69
19 33
19 54
19 70
19 40
19 41
19 42
19 55
19 80
19 29
19 48
19 30
19 84
19 21
19 22
19 87
19 52
19 26
19 61
19 62
20 2
20 5
20 10
20 11
20 14
20 21
20 30
20 33
20 35
20 36
20 41
20 43
20 47
20 52
20 54
20 65
20 66
20 69
20 77
20 79
20 84
20 86
21 33
21 66
21 35
21 36
21 5
21 65
21 41
21 10
21 43
21 14
21 29
21 80
21 84
21 54
21 52
21 61
21 30
21 69
22 16
22 70
22 40
22 42
22 87
22 18
22 48
22 49
22 50
22 19
22 55
22 26
22 28
22 62
23 49
23 50
23 44
24 33
24 66
24 35
24 36
24 5
24 65
24 41
24 10
24 11
24 14
24 79
24 43
24 52
24 21
24 54
24 84
24 61
24 30
24 69
25 33
25 66
25 35
25 36
25 5
25 65
25 41
25 10
25 43
25 14
25 29
25 80
25 84
25 21
25 54
25 52
25 61
25 30
25 69
27 48
27 70
27 40
27 42
27 55
27 80
27 18
27 19
27 22
27 87
27 26
27 28
27 29
27 62
27 16
28 49
28 50
28 19
29 33
29 66
29 35
29 36
29 5
29 65
29 41
29 10
29 43
29 14
29 79
29 80
29 84
29 21
29 54
29 52
29 61
29 30
29 69
31 40
31 18
31 16
31 49
31 50
31 19
31 28
31 62
32 33
32 70
32 40
32 41
32 42
32 55
32 80
32 29
32 48
32 84
32 30
32 22
32 87
32 52
32 26
32 61
32 62
33 57
33 44
33 53
34 85
35 33
35 54
35 70
35 40
35 41
35 42
35 55
35 80
35 29
35 48
35 84
35 21
35 22
35 87
35 52
35 26
35 61
35 30
36 33
36 70
36 48
36 40
36 41
36 42
36 55
36 29
36 80
36 84
36 22
36 87
36 52
36 26
36 28
36 61
36 62
36 16
37 16
37 70
37 40
37 87
37 18
37 48
37 49
37 50
37 19
37 22
37 55
37 26
37 28
37 62
38 48
38 70
38 40
38 41
38 42
38 55
38 29
38 80
38 84
38 22
38 87
38 26
38 28
38 61
38 62
38 16
39 57
39 44
39 53
40 18
40 16
40 49
40 50
40 19
40 87
40 28
40 62
43 16
43 70
43 40
43 87
43 18
43 48
43 49
43 50
43 19
43 22
43 55
43 26
43 28
43 62
44 33
44 66
44 35
44 36
44 5
44 65
44 41
44 10
44 43
44 14
44 29
44 80
44 84
44 21
44 54
44 52
44 61
44 30
44 69
45 33
45 66
45 35
45 54
45 70
45 65
45 80
45 41
45 42
45 43
45 29
45 48
45 30
45 84
45 21
45 22
45 87
45 52
45 26
45 61
45 55
46 40
46 18
46 16
46 49
46 50
46 19
46 28
46 62
47 49
47 50
47 44
48 16
48 70
48 40
48 42
48 55
48 29
48 80
48 18
48 19
48 22
48 87
48 26
48 28
48 61
48 62
49 33
49 66
49 35
49 70
49 65
49 41
49 42
49 43
49 14
49 29
49 80
49 84
49 21
49 54
49 55
49 52
49 26
49 61
49 30
50 16
50 70
50 40
50 42
50 87
50 48
50 49
50 18
50 19
50 22
50 55
50 26
50 28
50 62
56 49
56 50
56 19
58 33
58 66
58 35
58 36
58 5
58 65
58 41
58 10
58 43
58 14
58 29
58 80
58 42
58 84
58 21
58 54
58 52
58 61
58 30
58 69
59 40
59 18
59 16
59 49
59 50
59 19
59 28
59 62
60 33
60 66
60 35
60 36
60 5
60 70
60 65
60 41
60 10
60 43
60 14
60 29
60 80
60 42
60 84
60 21
60 54
60 52
60 61
60 30
60 69
63 57
63 53
64 57
64 53
67 49
67 18
67 19
67 50
68 33
68 66
68 35
68 54
68 70
68 65
68 80
68 41
68 42
68 43
68 29
68 48
68 30
68 84
68 21
68 22
68 87
68 52
68 26
68 61
68 55
69 33
69 66
69 35
69 36
69 5
69 65
69 41
69 10
69 43
69 14
69 79
69 80
69 84
69 21
69 54
69 52
69 61
69 30
71 33
71 66
71 35
71 70
71 65
71 41
71 42
71 43
71 14
71 29
71 80
71 84
71 21
71 54
71 55
71 52
71 26
71 61
71 30
72 44
73 5
73 10
73 11
73 14
73 21
73 30
73 33
73 35
73 36
73 41
73 43
73 47
73 52
73 54
73 61
73 65
73 66
73 69
73 77
73 79
73 84
73 86
74 16
74 70
74 40
74 42
74 55
74 48
74 18
74 19
74 22
74 87
74 26
74 28
74 29
74 62
75 16
75 40
75 18
75 48
75 49
75 50
75 19
75 22
75 87
75 28
75 62
76 57
76 44
76 53
77 2
77 5
77 10
77 11
77 14
77 20
77 21
77 30
77 33
77 35
77 36
77 41
77 43
77 47
77 52
77 54
77 65
77 66
77 69
77 79
77 84
77 86
78 57
78 44
78 53
79 33
79 66
79 54
79 70
79 65
79 80
79 41
79 42
79 43
79 29
79 48
79 30
79 84
79 21
79 22
79 87
79 52
79 26
79 61
79 55
80 33
80 66
80 35
80 36
80 5
80 70
80 65
80 41
80 42
80 43
80 14
80 29
80 84
80 21
80 54
80 52
80 61
80 30
80 69
81 57
81 44
81 53
82 85
83 48
83 40
83 18
83 16
83 49
83 50
83 19
83 87
83 28
83 62
85 48
85 70
85 40
85 41
85 42
85 55
85 29
85 80
85 84
85 22
85 87
85 26
85 28
85 61
85 62
85 16
86 85
87 33
87 54
87 70
87 40
87 41
87 42
87 80
87 29
87 48
87 30
87 84
87 21
87 22
87 55
87 52
87 26
87 61
87 62
88 5
88 10
88 11
88 14
88 21
88 30
88 33
88 35
88 36
88 41
88 43
88 47
88 52
88 54
88 61
88 65
88 66
88 69
88 77
88 79
88 84
88 86
