88
1 2
1 7
1 10
1 12
1 28
1 31
1 32
1 33
1 34
1 39
1 42
1 43
1 44
1 47
1 49
1 53
1 56
1 59
1 65
1 66
1 67
1 72
1 75
1 77
1 82
1 83
1 84
1 85
2 7
2 10
2 11
2 12
2 19
2 21
2 27
2 31
2 33
2 42
2 44
2 48
2 49
2 50
2 54
2 56
2 58
2 59
2 61
2 63
2 66
2 77
2 78
2 85
2 88
3 1
3 2
3 7
3 10
3 12
3 19
3 21
3 27
3 28
3 31
3 32
3 33
3 42
3 43
3 44
3 47
3 48
3 49
3 50
3 54
3 56
3 58
3 59
3 63
3 65
3 66
3 77
3 84
3 85
3 88
5 33
5 27
5 63
5 10
5 11
5 12
5 78
5 61
5 48
5 49
5 50
5 19
5 85
5 54
5 56
5 88
5 58
5 59
5 42
5 30
5 21
6 22
6 79
7 1
7 2
7 10
7 14
7 23
7 28
7 31
7 32
7 33
7 34
7 35
7 36
7 39
7 43
7 44
7 45
7 47
7 53
7 65
7 66
7 67
7 70
7 72
7 75
7 77
7 80
7 81
7 82
7 83
7 84
7 85
9 27
9 11
9 12
9 78
9 48
9 17
9 50
9 19
9 21
9 54
9 88
9 58
9 59
9 61
9 30
9 63
10 54
10 11
10 78
10 17
10 50
10 19
10 21
10 22
10 88
10 58
10 27
10 61
10 30
10 63
11 33
11 27
11 63
11 10
11 12
11 78
11 61
11 48
11 49
11 50
11 19
11 85
11 54
11 56
11 88
11 58
11 59
11 42
11 30
11 21
12 15
12 37
12 79
13 37
13 15
14 1
14 2
14 7
14 10
14 12
14 19
14 21
14 27
14 28
14 31
14 32
14 33
14 39
14 42
14 43
14 44
14 47
14 48
14 49
14 56
14 59
14 63
14 65
14 66
14 75
14 77
14 84
14 85
14 88
16 37
16 15
17 22
19 1
19 2
19 7
19 10
19 14
19 28
19 31
19 32
19 33
19 34
19 35
19 36
19 39
19 42
19 43
19 44
19 45
19 47
19 49
19 53
19 56
19 65
19 66
19 67
19 72
19 75
19 77
19 80
19 81
19 82
19 83
19 84
19 85
21 2
21 7
21 10
21 12
21 19
21 27
21 31
21 32
21 33
21 42
21 43
21 44
21 47
21 48
21 49
21 50
21 54
21 56
21 58
21 59
21 63
21 65
21 66
21 77
21 78
21 84
21 85
21 88
22 11
22 78
22 17
22 50
22 19
22 21
22 54
22 58
22 27
22 61
22 30
23 4
23 60
24 27
24 63
24 42
24 11
24 12
24 78
24 48
24 49
24 50
24 19
24 85
24 54
24 56
24 88
24 58
24 59
24 61
24 30
24 21
25 15
25 37
25 79
26 15
26 37
26 79
27 1
27 2
27 7
27 10
27 12
27 28
27 31
27 32
27 33
27 39
27 42
27 43
27 44
27 47
27 48
27 49
27 53
27 56
27 59
27 65
27 66
27 72
27 75
27 77
27 82
27 83
27 84
27 85
28 1
28 2
28 7
28 10
28 12
28 19
28 21
28 31
28 32
28 33
28 39
28 42
28 43
28 44
28 47
28 48
28 49
28 53
28 56
28 59
28 63
28 65
28 66
28 72
28 75
28 77
28 84
28 85
28 88
29 17
29 22
30 1
30 2
30 7
30 10
30 12
30 28
30 31
30 32
30 33
30 34
30 39
30 42
30 43
30 44
30 47
30 49
30 53
30 56
30 59
30 65
30 66
30 67
30 72
30 75
30 77
30 82
30 83
30 84
30 85
31 54
31 11
31 78
31 17
31 50
31 19
31 21
31 22
31 58
31 27
31 61
31 30
32 27
32 11
32 12
32 78
32 48
32 17
32 50
32 19
32 21
32 54
32 88
32 58
32 59
32 61
32 30
32 63
33 22
33 11
33 78
33 17
33 54
33 58
33 61
33 30
34 22
34 79
35 11
35 78
35 17
35 22
35 61
35 30
36 79
37 1
37 2
37 7
37 10
37 12
37 19
37 21
37 27
37 28
37 31
37 32
37 33
37 39
37 42
37 43
37 44
37 47
37 48
37 49
37 53
37 56
37 59
37 63
37 65
37 66
37 75
37 77
37 84
37 85
37 88
38 15
38 37
38 79
39 22
39 11
39 78
39 17
39 50
39 54
39 58
39 61
39 30
40 15
40 37
40 79
41 15
41 37
41 79
42 7
42 10
42 11
42 12
42 19
42 21
42 27
42 33
42 44
42 48
42 49
42 50
42 54
42 56
42 58
42 59
42 61
42 63
42 66
42 78
42 85
42 88
43 17
43 30
43 11
43 61
43 22
44 17
44 30
44 11
44 61
44 22
45 4
45 60
46 22
46 79
47 17
47 30
47 22
48 54
48 11
48 78
48 17
48 50
48 22
48 58
48 27
48 61
48 30
50 22
50 11
50 78
50 17
50 54
50 58
50 61
50 30
51 15
51 37
51 79
52 22
52 79
53 15
53 37
53 79
54 15
54 37
54 79
55 4
55 60
56 1
56 2
56 7
56 10
56 12
56 28
56 31
56 32
56 33
56 39
56 42
56 43
56 44
56 47
56 48
56 49
56 53
56 59
56 65
56 66
56 72
56 75
56 77
56 82
56 84
56 85
57 22
57 11
57 78
57 17
57 50
57 54
57 58
57 61
57 30
58 22
58 79
62 15
62 37
62 79
63 17
63 30
63 11
63 61
63 22
64 33
64 27
64 63
64 10
64 11
64 12
64 78
64 61
64 48
64 49
64 50
64 19
64 85
64 54
64 56
64 88
64 58
64 59
64 42
64 30
64 21
65 27
65 63
65 42
65 11
65 12
65 78
65 48
65 49
65 50
65 19
65 85
65 54
65 56
65 88
65 58
65 59
65 61
65 30
65 21
66 79
67 27
67 63
67 42
67 11
67 12
67 78
67 48
67 49
67 50
67 19
67 85
67 54
67 56
67 88
67 58
67 59
67 61
67 30
67 21
68 15
68 37
68 79
69 15
69 37
69 79
70 22
70 79
71 37
71 15
72 15
72 37
72 79
73 22
73 79
74 79
75 17
75 22
76 4
76 60
77 7
77 10
77 11
77 12
77 19
77 21
77 27
77 33
77 42
77 44
77 48
77 49
77 50
77 54
77 56
77 58
77 59
77 61
77 63
77 66
77 78
77 85
77 88
78 17
78 30
78 22
79 1
79 2
79 7
79 10
79 14
79 28
79 31
79 32
79 33
79 34
79 35
79 36
79 39
79 42
79 43
79 44
79 45
79 47
79 49
79 53
79 56
79 65
79 66
79 67
79 72
79 75
79 77
79 80
79 81
79 82
79 83
79 84
79 85
80 4
80 60
81 15
81 37
81 79
82 2
82 7
82 10
82 12
82 19
82 21
82 27
82 31
82 32
82 33
82 42
82 43
82 44
82 47
82 48
82 49
82 50
82 54
82 56
82 58
82 59
82 63
82 65
82 66
82 77
82 78
82 84
82 85
82 88
83 11
83 12
83 78
83 48
83 17
83 50
83 19
83 21
83 54
83 88
83 58
83 27
83 61
83 30
83 63
84 22
84 79
85 1
85 2
85 7
85 10
85 12
85 19
85 21
85 28
85 31
85 32
85 33
85 39
85 42
85 43
85 44
85 47
85 48
85 49
85 53
85 56
85 59
85 63
85 65
85 66
85 72
85 75
85 77
85 84
85 88
87 22
87 11
87 78
87 17
87 50
87 54
87 58
87 61
87 30
88 1
88 2
88 7
88 10
88 14
88 23
88 28
88 31
88 32
88 33
88 34
88 35
88 36
88 39
88 43
88 44
88 45
88 47
88 49
88 53
88 65
88 66
88 67
88 70
88 72
88 75
88 77
88 80
88 81
88 82
88 83
88 84
88 85
