88
1 4
1 69
1 12
1 47
1 81
1 51
1 24
1 23
1 88
1 26
1 27
1 60
1 29
1 30
1 63
2 37
2 7
2 9
2 43
2 13
2 14
2 49
2 52
2 22
2 24
2 29
2 31
3 67
3 38
3 71
3 73
3 76
3 78
3 50
3 83
3 56
3 57
3 58
3 62
4 2
4 37
4 7
4 12
4 13
4 14
4 30
4 22
4 23
4 24
4 31
4 60
4 29
4 69
4 63
5 1
5 35
5 4
5 69
5 8
5 44
5 23
5 12
5 47
5 27
5 81
5 51
5 87
5 88
5 26
5 59
5 60
5 30
6 64
6 1
6 35
6 70
6 32
6 8
6 41
6 10
6 11
6 44
6 46
6 48
6 72
6 82
6 42
6 20
6 87
6 28
6 74
7 37
7 9
7 43
7 13
7 14
7 49
7 18
7 52
7 22
7 31
8 4
8 69
8 7
8 12
8 81
8 51
8 23
8 24
8 60
8 29
8 30
8 63
9 64
9 1
9 35
9 4
9 69
9 8
9 44
9 12
9 47
9 81
9 51
9 59
9 87
9 88
9 26
9 27
9 60
10 2
10 37
10 7
10 9
10 12
10 13
10 14
10 52
10 30
10 22
10 23
10 24
10 31
10 29
10 69
10 63
11 4
11 69
11 12
11 47
11 81
11 51
11 24
11 23
11 88
11 26
11 27
11 60
11 29
11 30
11 63
12 18
12 5
12 45
13 17
13 19
14 2
14 37
14 7
14 9
14 43
14 13
14 49
14 52
14 22
14 24
14 31
14 29
14 63
15 9
15 43
15 45
15 49
15 18
15 52
16 15
17 49
17 18
17 43
17 5
17 45
18 6
19 36
19 38
19 39
19 40
19 73
19 71
19 76
19 78
19 80
19 50
19 83
19 84
19 21
19 54
19 57
19 56
19 68
19 58
19 62
20 2
20 37
20 9
20 43
20 13
20 14
20 49
20 18
20 52
20 22
20 31
21 2
21 37
21 9
21 43
21 13
21 14
21 49
21 52
21 22
21 31
22 4
22 69
22 7
22 12
22 81
22 51
22 24
22 23
22 88
22 26
22 27
22 60
22 29
22 30
22 63
23 2
23 37
23 7
23 9
23 43
23 13
23 14
23 52
23 22
23 24
23 31
23 29
23 63
24 84
24 66
24 36
24 70
24 39
24 40
24 41
24 10
24 77
24 80
24 72
24 82
24 20
24 54
24 68
24 28
24 42
25 18
25 5
25 45
26 2
26 37
26 7
26 9
26 43
26 12
26 13
26 14
26 52
26 22
26 23
26 24
26 31
26 29
26 30
26 63
27 64
27 1
27 35
27 4
27 69
27 32
27 8
27 11
27 44
27 47
27 81
27 51
27 87
27 88
27 26
27 59
27 60
28 9
28 43
28 45
28 49
28 18
28 52
29 2
29 37
29 9
29 43
29 13
29 14
29 49
29 52
29 22
29 31
30 4
30 69
30 12
30 47
30 81
30 51
30 24
30 23
30 88
30 26
30 27
30 60
30 29
30 63
31 27
31 4
31 69
31 12
31 47
31 81
31 51
31 24
31 23
31 88
31 26
31 59
31 60
31 29
31 30
31 63
32 18
32 5
32 45
33 2
33 37
33 7
33 9
33 43
33 13
33 14
33 49
33 52
33 22
33 24
33 31
34 18
34 5
34 45
35 2
35 69
35 7
35 12
35 13
35 51
35 22
35 23
35 24
35 31
35 60
35 29
35 30
35 63
36 37
36 9
36 43
36 45
36 14
36 49
36 18
36 52
36 31
37 2
37 7
37 9
37 43
37 13
37 14
37 52
37 22
37 23
37 24
37 31
37 29
37 30
37 63
38 18
38 5
38 45
39 18
39 5
39 45
40 5
40 15
41 37
41 9
41 43
41 13
41 14
41 49
41 18
41 52
41 22
41 31
42 4
42 69
42 12
42 47
42 81
42 51
42 24
42 23
42 88
42 26
42 27
42 60
42 29
42 30
42 63
43 2
43 37
43 7
43 9
43 13
43 14
43 52
43 22
43 24
43 31
43 29
43 63
44 2
44 37
44 7
44 9
44 43
44 12
44 13
44 14
44 52
44 22
44 23
44 24
44 31
44 29
44 30
44 63
45 64
45 1
45 35
45 32
45 72
45 41
45 10
45 11
45 44
45 46
45 47
45 48
45 8
45 82
45 42
45 87
45 59
45 28
45 74
46 2
46 37
46 7
46 12
46 13
46 14
46 30
46 22
46 23
46 24
46 31
46 60
46 29
46 69
46 63
47 2
47 37
47 7
47 12
47 13
47 14
47 30
47 22
47 23
47 24
47 31
47 60
47 29
47 69
47 63
48 18
48 5
48 45
49 19
49 15
50 17
50 3
51 64
51 1
51 35
51 4
51 32
51 8
51 10
51 11
51 44
51 46
51 47
51 48
51 81
51 42
51 59
51 87
51 88
51 26
51 27
51 74
52 64
52 1
52 35
52 4
52 32
52 8
52 74
52 11
52 44
52 46
52 47
52 81
52 51
52 59
52 87
52 88
52 26
52 27
53 35
53 4
53 69
53 8
53 44
53 12
53 47
53 27
53 81
53 51
53 23
53 88
53 26
53 59
53 60
53 29
53 30
53 63
54 49
54 18
54 5
54 45
55 32
55 66
55 36
55 70
55 72
55 41
55 10
55 11
55 77
55 46
55 48
55 82
55 42
55 84
55 68
55 28
55 74
55 20
56 17
56 19
56 15
57 2
57 37
57 7
57 9
57 43
57 13
57 14
57 49
57 52
57 22
57 24
57 31
58 19
58 15
59 2
59 37
59 7
59 9
59 43
59 13
59 14
59 52
59 22
59 23
59 24
59 31
59 29
59 30
59 63
60 4
60 69
60 7
60 12
60 81
60 51
60 23
60 24
60 27
60 29
60 30
60 63
61 18
61 5
61 45
62 37
62 9
62 43
62 45
62 14
62 49
62 18
62 52
63 18
63 5
63 45
64 19
64 15
65 37
65 9
65 43
65 45
65 49
65 18
65 52
66 49
66 18
66 5
66 45
67 2
67 37
67 7
67 9
67 43
67 13
67 14
67 49
67 52
67 22
67 31
68 49
68 18
68 43
68 5
68 45
69 2
69 37
69 7
69 9
69 12
69 13
69 14
69 52
69 22
69 23
69 24
69 31
69 60
69 29
69 30
69 63
70 2
70 37
70 7
70 12
70 13
70 14
70 51
70 30
70 22
70 23
70 24
70 31
70 60
70 29
70 69
70 63
71 4
71 69
71 7
71 12
71 81
71 51
71 23
71 24
71 27
71 60
71 29
71 30
71 63
72 18
72 5
72 45
73 2
73 37
73 7
73 9
73 12
73 13
73 14
73 30
73 22
73 23
73 24
73 31
73 60
73 29
73 69
73 63
74 2
74 37
74 7
74 9
74 43
74 12
74 13
74 14
74 52
74 22
74 23
74 24
74 31
74 29
74 30
74 63
75 2
75 37
75 9
75 43
75 13
75 14
75 49
75 18
75 52
75 22
75 31
76 18
76 5
76 45
77 15
77 45
77 5
78 18
78 5
78 45
79 37
79 9
79 43
79 45
79 14
79 49
79 18
79 52
79 31
80 2
80 37
80 9
80 43
80 13
80 14
80 49
80 18
80 52
80 22
80 31
81 2
81 37
81 7
81 9
81 43
81 12
81 13
81 14
81 52
81 22
81 23
81 24
81 31
81 29
81 30
81 63
82 17
82 19
82 15
83 18
83 5
83 45
85 64
85 1
85 35
85 4
85 69
85 8
85 44
85 12
85 47
85 81
85 51
85 59
85 87
85 88
85 26
85 27
85 60
86 2
86 37
86 7
86 9
86 43
86 13
86 14
86 52
86 22
86 23
86 24
86 31
86 29
86 30
86 63
87 5
87 9
87 43
87 45
87 49
87 18
87 52
88 18
88 5
88 45
