88
1 32
1 33
1 31
1 38
1 48
1 72
1 73
1 14
1 29
1 80
1 81
1 82
1 51
1 78
1 57
1 59
1 28
1 53
1 21
3 11
3 23
3 24
3 25
3 26
3 34
3 35
3 36
3 40
3 41
3 42
3 50
3 52
3 54
3 56
3 58
3 60
3 62
3 71
3 74
3 75
3 76
3 77
5 14
5 21
5 23
5 25
5 28
5 29
5 31
5 32
5 33
5 35
5 38
5 41
5 48
5 51
5 53
5 57
5 58
5 59
5 72
5 73
5 77
5 78
5 80
5 81
5 82
6 64
6 1
6 2
6 19
6 68
7 34
7 75
7 4
7 5
7 71
7 40
7 42
7 11
7 76
7 66
7 24
7 50
7 52
7 54
7 56
7 36
7 26
7 60
7 74
7 62
8 1
8 66
8 67
8 4
8 5
8 71
8 50
8 54
8 24
8 27
8 63
9 11
9 23
9 25
9 28
9 29
9 31
9 32
9 33
9 34
9 35
9 36
9 38
9 40
9 41
9 42
9 48
9 51
9 52
9 53
9 58
9 59
9 60
9 62
9 72
9 73
9 74
9 75
9 76
9 77
9 78
9 80
10 66
10 75
10 4
10 5
10 71
10 11
10 76
10 24
10 50
10 54
10 56
10 36
10 26
11 73
11 14
11 48
11 81
11 82
11 21
11 57
11 31
12 64
12 17
12 2
12 19
13 64
13 1
13 2
13 67
13 68
13 19
13 27
13 63
15 11
15 23
15 24
15 25
15 26
15 33
15 34
15 35
15 36
15 38
15 40
15 41
15 42
15 51
15 52
15 53
15 54
15 56
15 58
15 60
15 62
15 71
15 74
15 75
15 76
15 77
15 80
17 11
17 23
17 25
17 28
17 29
17 31
17 32
17 33
17 34
17 35
17 36
17 38
17 40
17 41
17 42
17 48
17 51
17 52
17 53
17 58
17 59
17 60
17 62
17 72
17 73
17 74
17 77
17 78
17 80
18 64
18 17
18 2
20 11
20 23
20 25
20 26
20 28
20 29
20 32
20 33
20 34
20 35
20 36
20 38
20 40
20 41
20 42
20 51
20 52
20 53
20 54
20 56
20 58
20 59
20 60
20 62
20 71
20 72
20 74
20 75
20 76
20 77
20 78
20 80
21 73
21 14
21 48
21 81
21 82
21 57
21 31
25 14
25 23
25 28
25 29
25 31
25 32
25 33
25 34
25 35
25 38
25 40
25 41
25 42
25 48
25 51
25 52
25 53
25 58
25 59
25 60
25 62
25 72
25 73
25 74
25 77
25 78
25 80
25 82
31 32
31 33
31 38
31 48
31 72
31 73
31 14
31 29
31 80
31 81
31 82
31 51
31 78
31 57
31 59
31 28
31 53
31 21
35 32
35 31
35 73
35 78
35 48
35 81
35 82
35 14
35 57
35 59
35 28
35 21
37 11
37 23
37 25
37 26
37 28
37 29
37 32
37 33
37 34
37 35
37 36
37 38
37 40
37 41
37 42
37 51
37 52
37 53
37 54
37 56
37 58
37 59
37 60
37 62
37 71
37 72
37 74
37 75
37 76
37 77
37 78
37 80
39 32
39 33
39 31
39 38
39 48
39 72
39 73
39 14
39 29
39 80
39 81
39 82
39 51
39 78
39 23
39 57
39 58
39 59
39 28
39 53
39 21
40 14
40 21
40 23
40 25
40 28
40 29
40 31
40 32
40 33
40 34
40 35
40 38
40 41
40 48
40 51
40 53
40 57
40 58
40 59
40 60
40 62
40 72
40 73
40 77
40 78
40 80
40 81
40 82
43 11
43 23
43 25
43 26
43 28
43 29
43 32
43 33
43 34
43 35
43 36
43 38
43 40
43 41
43 42
43 51
43 52
43 53
43 54
43 56
43 58
43 59
43 60
43 62
43 71
43 72
43 74
43 75
43 76
43 77
43 78
43 80
44 11
44 23
44 24
44 25
44 26
44 34
44 35
44 36
44 40
44 41
44 42
44 50
44 52
44 54
44 56
44 58
44 60
44 62
44 71
44 74
44 75
44 76
44 77
45 34
45 75
45 4
45 5
45 71
45 40
45 42
45 11
45 76
45 77
45 24
45 50
45 52
45 66
45 54
45 56
45 36
45 26
45 60
45 74
45 62
46 17
47 32
47 31
47 73
47 78
47 48
47 81
47 82
47 14
47 57
47 59
47 28
47 21
48 32
48 73
48 14
48 81
48 82
48 21
48 57
48 59
48 28
48 31
53 14
53 21
53 23
53 25
53 28
53 29
53 31
53 32
53 33
53 35
53 38
53 41
53 48
53 51
53 57
53 58
53 59
53 72
53 73
53 77
53 78
53 80
53 81
53 82
55 66
55 75
55 4
55 5
55 71
55 40
55 42
55 11
55 76
55 24
55 50
55 52
55 54
55 56
55 36
55 26
55 74
56 14
56 21
56 23
56 25
56 28
56 29
56 31
56 32
56 33
56 34
56 35
56 38
56 41
56 48
56 51
56 53
56 57
56 58
56 59
56 60
56 62
56 72
56 73
56 77
56 78
56 80
56 81
56 82
57 73
57 14
57 48
57 81
57 82
57 21
57 31
61 11
61 23
61 25
61 28
61 29
61 31
61 32
61 33
61 34
61 35
61 36
61 38
61 40
61 41
61 42
61 48
61 51
61 52
61 53
61 58
61 59
61 60
61 62
61 72
61 73
61 74
61 76
61 77
61 78
61 80
64 14
64 21
64 23
64 25
64 28
64 29
64 31
64 32
64 33
64 34
64 35
64 38
64 41
64 48
64 51
64 53
64 57
64 58
64 59
64 60
64 62
64 72
64 73
64 77
64 78
64 80
64 81
64 82
65 14
65 21
65 23
65 25
65 28
65 29
65 31
65 32
65 33
65 34
65 35
65 38
65 41
65 48
65 51
65 53
65 57
65 58
65 59
65 60
65 72
65 73
65 77
65 78
65 80
65 81
65 82
69 14
69 21
69 23
69 25
69 28
69 29
69 31
69 32
69 33
69 34
69 35
69 38
69 41
69 48
69 51
69 53
69 57
69 58
69 59
69 60
69 72
69 73
69 77
69 78
69 80
69 81
69 82
70 1
70 66
70 67
70 4
70 5
70 50
70 68
70 27
70 63
78 14
78 21
78 23
78 25
78 28
78 29
78 31
78 32
78 33
78 34
78 35
78 38
78 41
78 48
78 51
78 53
78 57
78 58
78 59
78 60
78 62
78 72
78 73
78 77
78 80
78 81
78 82
79 11
79 23
79 25
79 28
79 29
79 31
79 32
79 33
79 34
79 35
79 36
79 38
79 40
79 41
79 42
79 48
79 51
79 52
79 53
79 58
79 59
79 60
79 62
79 72
79 73
79 74
79 75
79 76
79 77
79 78
79 80
83 66
83 67
83 4
83 5
83 71
83 24
83 50
83 54
83 56
83 27
83 63
84 11
84 23
84 25
84 28
84 29
84 31
84 32
84 33
84 34
84 35
84 36
84 38
84 40
84 41
84 42
84 48
84 51
84 52
84 53
84 58
84 59
84 60
84 62
84 72
84 73
84 74
84 75
84 76
84 77
84 78
84 80
85 1
85 66
85 67
85 4
85 5
85 50
85 68
85 27
85 63
86 14
86 21
86 23
86 25
86 28
86 29
86 31
86 32
86 33
86 34
86 35
86 38
86 40
86 41
86 48
86 51
86 53
86 57
86 58
86 59
86 60
86 62
86 72
86 73
86 74
86 77
86 78
86 80
86 82
87 66
87 75
87 4
87 5
87 71
87 11
87 76
87 24
87 50
87 54
87 56
87 36
87 26
88 14
88 23
88 25
88 28
88 29
88 31
88 32
88 33
88 34
88 35
88 38
88 40
88 41
88 42
88 48
88 51
88 52
88 53
88 58
88 59
88 60
88 62
88 72
88 73
88 74
88 77
88 78
88 80
88 82
