88
1 66
1 67
1 36
1 37
1 39
1 9
1 42
1 13
1 14
1 48
1 50
1 46
1 88
1 59
1 60
3 1
3 66
3 67
3 36
3 37
3 39
3 9
3 42
3 13
3 46
3 48
3 81
3 50
3 78
3 55
3 56
3 59
3 60
4 32
4 34
4 71
4 73
4 74
4 44
4 47
4 17
4 82
4 53
4 22
4 87
4 57
4 58
4 61
4 62
5 52
5 76
6 32
6 34
6 3
6 22
6 71
6 41
6 74
6 45
6 77
6 47
6 80
6 17
6 30
6 53
6 73
6 87
6 57
6 27
6 62
6 63
7 1
7 66
7 67
7 37
7 39
7 9
7 42
7 18
7 13
7 46
7 48
7 81
7 50
7 78
7 54
7 55
7 56
7 59
7 60
8 7
8 9
8 13
8 18
8 31
8 33
8 35
8 37
8 42
8 43
8 44
8 46
8 48
8 50
8 54
8 55
8 56
8 58
8 59
8 61
8 78
8 81
8 82
10 64
10 1
10 66
10 67
10 36
10 39
10 9
10 14
10 83
10 88
10 68
10 60
11 1
11 66
11 67
11 37
11 39
11 9
11 42
11 18
11 13
11 46
11 48
11 81
11 50
11 78
11 54
11 55
11 56
11 59
11 60
13 1
13 66
13 67
13 37
13 39
13 9
13 42
13 43
13 18
13 46
13 48
13 81
13 50
13 78
13 54
13 55
13 56
13 59
13 60
14 1
14 66
14 67
14 37
14 39
14 9
14 42
14 43
14 13
14 46
14 48
14 81
14 50
14 56
14 78
14 54
14 55
14 18
14 59
14 60
18 33
18 35
18 37
18 7
18 42
18 43
18 44
18 13
18 46
18 59
18 48
18 81
18 82
18 78
18 50
18 55
18 56
18 58
18 54
18 61
18 31
19 33
19 18
19 35
19 17
19 7
19 42
19 43
19 44
19 13
19 78
19 48
19 81
19 82
19 54
19 55
19 56
19 58
19 61
19 31
21 52
21 76
22 32
22 33
22 35
22 7
22 73
22 43
22 44
22 18
22 78
22 17
22 82
22 54
22 87
22 56
22 57
22 58
22 61
22 31
23 1
23 66
23 67
23 36
23 37
23 39
23 9
23 42
23 13
23 46
23 48
23 81
23 50
23 55
23 88
23 59
23 60
24 1
24 66
24 67
24 36
24 37
24 39
24 9
24 42
24 13
24 46
24 48
24 81
24 50
24 56
24 78
24 55
24 88
24 59
24 60
26 7
26 9
26 13
26 18
26 31
26 33
26 35
26 37
26 42
26 43
26 44
26 46
26 48
26 50
26 54
26 55
26 56
26 58
26 59
26 60
26 66
26 67
26 78
26 81
30 7
30 13
30 18
30 31
30 33
30 35
30 37
30 42
30 43
30 44
30 46
30 48
30 50
30 54
30 55
30 56
30 58
30 59
30 61
30 78
30 81
30 82
31 1
31 66
31 67
31 36
31 37
31 39
31 9
31 42
31 13
31 46
31 48
31 81
31 50
31 78
31 55
31 56
31 59
31 60
33 3
33 17
33 22
33 26
33 27
33 30
33 32
33 34
33 41
33 45
33 47
33 53
33 57
33 62
33 63
33 71
33 73
33 74
33 77
33 79
33 80
33 87
34 1
34 66
34 67
34 37
34 39
34 9
34 42
34 18
34 13
34 46
34 48
34 81
34 50
34 78
34 54
34 55
34 56
34 59
34 60
35 3
35 8
35 41
35 75
35 12
35 77
35 45
35 80
35 27
35 21
35 40
35 25
35 26
35 79
35 28
35 30
35 63
36 64
36 1
36 66
36 67
36 68
36 39
36 9
36 14
36 88
36 60
37 32
37 34
37 35
37 7
37 73
37 74
37 71
37 44
37 47
37 17
37 82
37 53
37 22
37 87
37 57
37 58
37 61
37 62
37 31
38 32
38 33
38 35
38 17
38 7
38 73
38 74
38 71
38 44
38 43
38 82
38 53
38 22
38 87
38 57
38 58
38 61
38 62
38 31
39 34
39 3
39 71
39 40
39 41
39 74
39 12
39 45
39 77
39 47
39 80
39 27
39 30
39 53
39 22
39 26
39 79
39 28
39 62
39 63
42 1
42 66
42 67
42 36
42 37
42 39
42 9
42 13
42 46
42 48
42 50
42 88
42 59
42 60
43 1
43 66
43 67
43 36
43 37
43 39
43 9
43 42
43 13
43 14
43 50
43 46
43 88
43 59
43 60
44 64
44 1
44 66
44 67
44 36
44 39
44 9
44 14
44 46
44 88
44 68
44 59
44 60
47 34
47 3
47 71
47 41
47 74
47 45
47 77
47 79
47 80
47 30
47 53
47 22
47 26
47 27
47 28
47 62
47 63
48 32
48 33
48 35
48 7
48 73
48 43
48 44
48 18
48 17
48 82
48 54
48 87
48 57
48 58
48 61
48 31
50 1
50 66
50 67
50 37
50 39
50 9
50 42
50 13
50 46
50 48
50 81
50 78
50 54
50 55
50 56
50 59
50 60
51 65
51 6
51 8
51 75
51 12
51 79
51 72
51 84
51 85
51 40
51 25
51 26
51 28
51 21
53 1
53 66
53 67
53 36
53 37
53 39
53 9
53 42
53 13
53 46
53 48
53 81
53 50
53 78
53 54
53 55
53 56
53 59
53 60
54 32
54 34
54 71
54 73
54 74
54 45
54 77
54 47
54 80
54 17
54 82
54 30
54 53
54 22
54 87
54 57
54 61
54 62
58 1
58 66
58 67
58 36
58 37
58 39
58 9
58 42
58 13
58 14
58 48
58 50
58 46
58 88
58 59
58 60
60 64
60 1
60 66
60 67
60 36
60 37
60 39
60 9
60 42
60 14
60 50
60 46
60 88
60 59
62 1
62 7
62 9
62 13
62 18
62 31
62 33
62 35
62 37
62 39
62 42
62 43
62 46
62 48
62 50
62 54
62 55
62 56
62 59
62 60
62 66
62 67
62 78
62 81
63 1
63 66
63 67
63 37
63 39
63 9
63 42
63 18
63 13
63 46
63 48
63 81
63 50
63 78
63 54
63 55
63 56
63 59
63 60
67 7
67 13
67 18
67 31
67 33
67 35
67 37
67 42
67 43
67 44
67 46
67 48
67 50
67 54
67 55
67 56
67 58
67 59
67 61
67 78
67 81
67 82
68 1
68 66
68 67
68 37
68 39
68 9
68 42
68 18
68 13
68 46
68 48
68 81
68 50
68 78
68 54
68 55
68 56
68 59
68 60
69 32
69 33
69 35
69 7
69 73
69 74
69 43
69 44
69 18
69 17
69 82
69 53
69 22
69 87
69 57
69 58
69 61
69 62
69 31
77 33
77 35
77 17
77 7
77 43
77 44
77 18
77 78
77 81
77 82
77 54
77 55
77 56
77 57
77 58
77 61
77 31
78 1
78 66
78 67
78 36
78 37
78 39
78 9
78 42
78 13
78 46
78 48
78 81
78 50
78 55
78 88
78 59
78 60
80 1
80 66
80 67
80 36
80 37
80 39
80 9
80 42
80 13
80 46
80 48
80 81
80 50
80 55
80 88
80 59
80 60
81 3
81 22
81 26
81 27
81 28
81 30
81 32
81 34
81 41
81 45
81 47
81 53
81 57
81 62
81 63
81 71
81 73
81 74
81 77
81 79
81 80
81 87
83 76
84 32
84 33
84 35
84 17
84 7
84 73
84 74
84 71
84 44
84 47
84 43
84 82
84 53
84 22
84 87
84 57
84 58
84 61
84 62
84 31
85 3
85 17
85 22
85 26
85 27
85 30
85 32
85 34
85 41
85 45
85 47
85 53
85 57
85 62
85 63
85 71
85 73
85 74
85 77
85 79
85 80
85 87
88 32
88 34
88 3
88 22
88 71
88 41
88 74
88 45
88 77
88 47
88 80
88 17
88 30
88 53
88 73
88 87
88 57
88 27
88 62
