88
2 6
2 8
2 9
2 11
2 22
2 23
2 28
2 31
2 36
2 37
2 38
2 39
2 40
2 41
2 42
2 43
2 44
2 45
2 46
2 49
2 51
2 54
2 55
2 57
2 59
2 60
2 61
2 62
2 63
2 66
2 67
2 68
2 71
2 72
2 74
2 75
2 76
2 77
2 79
2 80
2 83
2 84
2 86
2 87
2 88
4 8
4 9
4 11
4 22
4 23
4 28
4 29
4 36
4 37
4 38
4 39
4 41
4 42
4 43
4 44
4 45
4 46
4 51
4 54
4 55
4 57
4 59
4 61
4 62
4 66
4 67
4 68
4 71
4 75
4 76
4 77
4 79
4 80
4 83
4 84
4 86
4 87
5 66
5 67
5 37
5 41
5 30
5 75
5 76
5 80
5 83
5 84
5 85
5 22
5 55
5 57
5 59
5 86
5 29
5 62
7 8
7 22
7 23
7 28
7 29
7 37
7 38
7 39
7 41
7 42
7 44
7 45
7 54
7 55
7 57
7 59
7 61
7 62
7 66
7 67
7 68
7 75
7 76
7 77
7 80
7 83
7 84
7 85
7 86
7 87
10 3
10 6
10 8
10 9
10 11
10 13
10 23
10 28
10 31
10 34
10 36
10 37
10 38
10 39
10 40
10 41
10 42
10 43
10 44
10 45
10 46
10 49
10 50
10 51
10 53
10 54
10 55
10 57
10 58
10 59
10 60
10 61
10 62
10 63
10 64
10 66
10 67
10 68
10 71
10 72
10 74
10 75
10 76
10 77
10 78
10 79
10 80
10 84
10 86
10 87
10 88
12 8
12 9
12 22
12 23
12 28
12 29
12 36
12 37
12 38
12 39
12 41
12 42
12 44
12 45
12 46
12 51
12 54
12 55
12 57
12 59
12 61
12 62
12 66
12 67
12 68
12 71
12 75
12 76
12 77
12 80
12 83
12 84
12 85
12 86
12 87
14 3
14 6
14 8
14 9
14 11
14 13
14 23
14 28
14 31
14 34
14 36
14 37
14 38
14 39
14 40
14 42
14 43
14 44
14 45
14 46
14 49
14 50
14 51
14 53
14 54
14 58
14 60
14 61
14 63
14 64
14 68
14 69
14 71
14 72
14 74
14 77
14 78
14 79
14 80
14 87
14 88
15 17
17 22
17 23
17 29
17 37
17 39
17 41
17 45
17 55
17 57
17 59
17 61
17 62
17 66
17 67
17 75
17 76
17 80
17 83
17 84
17 85
17 86
17 87
24 3
24 6
24 8
24 9
24 11
24 13
24 23
24 28
24 31
24 34
24 36
24 37
24 38
24 39
24 40
24 41
24 42
24 43
24 44
24 45
24 46
24 49
24 50
24 51
24 53
24 54
24 55
24 57
24 58
24 59
24 60
24 61
24 62
24 63
24 64
24 66
24 67
24 68
24 71
24 72
24 74
24 75
24 76
24 77
24 78
24 79
24 80
24 84
24 87
24 88
25 8
25 22
25 23
25 28
25 29
25 37
25 38
25 39
25 41
25 42
25 44
25 45
25 54
25 55
25 57
25 59
25 61
25 62
25 66
25 67
25 68
25 75
25 76
25 77
25 80
25 83
25 84
25 85
25 86
25 87
26 3
26 6
26 8
26 9
26 11
26 22
26 23
26 28
26 31
26 36
26 37
26 38
26 39
26 40
26 41
26 42
26 43
26 44
26 45
26 46
26 49
26 51
26 54
26 55
26 57
26 59
26 60
26 61
26 62
26 63
26 66
26 67
26 68
26 71
26 72
26 74
26 75
26 76
26 77
26 79
26 80
26 83
26 84
26 86
26 87
26 88
33 3
33 6
33 8
33 9
33 11
33 13
33 23
33 28
33 31
33 34
33 36
33 37
33 38
33 39
33 40
33 42
33 43
33 44
33 45
33 46
33 49
33 50
33 51
33 53
33 54
33 55
33 58
33 60
33 61
33 63
33 64
33 68
33 69
33 71
33 72
33 74
33 76
33 77
33 78
33 79
33 80
33 87
33 88
35 3
35 6
35 8
35 9
35 11
35 13
35 23
35 28
35 31
35 34
35 36
35 37
35 38
35 39
35 40
35 42
35 43
35 44
35 45
35 46
35 49
35 50
35 51
35 53
35 54
35 55
35 58
35 59
35 60
35 61
35 63
35 64
35 66
35 68
35 71
35 72
35 74
35 76
35 77
35 78
35 79
35 80
35 84
35 87
35 88
43 3
43 6
43 8
43 9
43 11
43 13
43 23
43 28
43 31
43 34
43 36
43 37
43 38
43 39
43 40
43 42
43 44
43 45
43 46
43 49
43 50
43 51
43 53
43 54
43 58
43 60
43 61
43 63
43 64
43 68
43 69
43 71
43 72
43 74
43 76
43 77
43 78
43 79
43 80
43 87
43 88
44 3
44 6
44 8
44 9
44 11
44 13
44 23
44 28
44 31
44 34
44 36
44 37
44 38
44 39
44 40
44 42
44 43
44 45
44 46
44 49
44 50
44 51
44 53
44 54
44 58
44 60
44 61
44 63
44 64
44 68
44 69
44 71
44 72
44 74
44 77
44 78
44 79
44 80
44 87
44 88
48 8
48 9
48 11
48 22
48 23
48 28
48 29
48 36
48 37
48 38
48 39
48 40
48 41
48 42
48 43
48 44
48 45
48 46
48 51
48 54
48 55
48 57
48 59
48 61
48 62
48 66
48 67
48 68
48 71
48 72
48 74
48 75
48 76
48 77
48 79
48 80
48 83
48 84
48 86
48 87
51 3
51 6
51 8
51 9
51 11
51 13
51 23
51 28
51 31
51 34
51 36
51 37
51 38
51 39
51 40
51 42
51 43
51 44
51 45
51 46
51 49
51 50
51 53
51 54
51 55
51 58
51 59
51 60
51 61
51 62
51 63
51 64
51 66
51 68
51 71
51 72
51 74
51 76
51 77
51 78
51 79
51 80
51 84
51 87
51 88
52 8
52 9
52 22
52 23
52 28
52 29
52 36
52 37
52 38
52 39
52 41
52 42
52 44
52 45
52 46
52 51
52 54
52 55
52 57
52 59
52 61
52 62
52 66
52 67
52 68
52 71
52 75
52 76
52 77
52 80
52 83
52 84
52 85
52 86
52 87
65 6
65 8
65 9
65 11
65 22
65 23
65 28
65 31
65 36
65 37
65 38
65 39
65 40
65 41
65 42
65 43
65 44
65 45
65 46
65 49
65 51
65 54
65 55
65 57
65 59
65 60
65 61
65 62
65 63
65 66
65 67
65 68
65 71
65 72
65 74
65 75
65 76
65 77
65 79
65 80
65 83
65 84
65 86
65 87
65 88
71 3
71 6
71 8
71 9
71 11
71 13
71 23
71 28
71 31
71 34
71 36
71 37
71 38
71 39
71 40
71 42
71 43
71 44
71 45
71 46
71 49
71 50
71 51
71 53
71 54
71 55
71 58
71 60
71 61
71 63
71 64
71 68
71 69
71 72
71 74
71 76
71 77
71 78
71 79
71 80
71 87
71 88
73 3
73 6
73 8
73 9
73 11
73 13
73 23
73 28
73 31
73 34
73 36
73 37
73 38
73 39
73 40
73 42
73 43
73 44
73 45
73 46
73 49
73 50
73 51
73 53
73 54
73 58
73 60
73 61
73 63
73 64
73 68
73 69
73 71
73 72
73 74
73 77
73 78
73 79
73 87
73 88
79 3
79 6
79 8
79 9
79 11
79 13
79 23
79 28
79 31
79 34
79 36
79 37
79 38
79 39
79 40
79 42
79 43
79 44
79 45
79 46
79 49
79 50
79 51
79 53
79 54
79 58
79 60
79 61
79 63
79 64
79 68
79 69
79 71
79 72
79 74
79 77
79 78
79 80
79 87
79 88
82 66
82 67
82 37
82 41
82 30
82 75
82 76
82 80
82 83
82 84
82 85
82 22
82 55
82 57
82 59
82 86
82 29
82 62
