88
1 33
1 34
1 67
1 39
1 75
1 46
1 15
1 50
1 52
1 59
1 30
2 33
2 34
2 67
2 39
2 75
2 44
2 46
2 15
2 3
2 52
2 63
3 64
3 32
3 66
3 6
3 7
3 8
3 9
3 42
3 43
3 13
3 14
3 61
3 72
3 26
3 83
3 84
3 20
3 58
3 27
3 28
3 74
4 1
4 36
4 70
4 6
4 81
4 8
4 9
4 11
4 14
4 40
4 83
4 84
4 78
4 68
4 58
5 65
5 34
5 3
5 39
5 40
5 75
5 44
5 78
5 80
5 52
5 60
5 63
6 65
6 34
6 3
6 39
6 40
6 75
6 44
6 78
6 80
6 52
6 60
6 63
7 1
7 68
7 70
7 65
7 40
7 78
7 80
7 81
7 36
7 60
8 1
8 36
8 70
8 6
8 65
8 40
8 9
8 11
8 78
8 80
8 81
8 84
8 68
8 58
9 64
9 1
9 43
9 36
9 70
9 6
9 7
9 8
9 42
9 11
9 13
9 14
9 61
9 81
9 83
9 84
9 20
9 58
9 27
9 28
9 74
10 1
10 36
10 70
10 6
10 65
10 8
10 9
10 11
10 78
10 80
10 40
10 84
10 68
10 58
10 81
11 64
11 1
11 36
11 70
11 6
11 8
11 9
11 42
11 43
11 14
11 61
11 81
11 83
11 84
11 20
11 58
11 27
11 28
11 74
12 35
12 17
12 69
12 71
12 31
12 73
12 10
12 45
12 77
12 47
12 48
12 49
12 54
12 53
12 22
12 23
12 88
12 79
12 86
12 37
12 5
13 5
13 7
13 12
13 20
13 22
13 23
13 25
13 26
13 27
13 28
13 32
13 38
13 41
13 42
13 48
13 64
13 66
13 72
13 73
13 74
13 76
13 88
14 1
14 36
14 70
14 6
14 8
14 9
14 11
14 78
14 81
14 83
14 84
14 68
14 58
15 64
15 32
15 66
15 6
15 7
15 8
15 9
15 42
15 43
15 13
15 14
15 61
15 72
15 26
15 83
15 84
15 20
15 58
15 27
15 28
15 74
17 2
17 82
18 35
18 4
18 77
18 17
18 21
18 87
18 24
18 29
18 62
18 85
19 33
19 34
19 67
19 39
19 75
19 46
19 15
19 50
19 3
19 52
19 63
20 35
20 4
20 69
20 71
20 62
20 77
20 45
20 49
20 17
20 54
20 87
20 24
20 29
20 85
20 53
22 2
22 51
22 82
23 50
23 59
23 30
24 5
24 10
24 12
24 22
24 23
24 25
24 31
24 37
24 38
24 41
24 45
24 47
24 48
24 49
24 53
24 54
24 69
24 73
24 76
24 79
24 86
24 88
25 2
25 51
25 82
27 33
27 67
27 39
27 46
27 15
27 50
27 59
27 30
28 51
29 2
29 51
29 82
30 65
30 3
30 68
30 40
30 44
30 78
30 80
30 60
30 63
31 33
31 34
31 67
31 39
31 75
31 46
31 15
31 50
31 52
31 30
32 1
32 36
32 70
32 6
32 65
32 40
32 11
32 78
32 80
32 8
32 68
32 58
32 81
33 34
33 67
33 39
33 75
33 44
33 46
33 15
33 3
33 52
33 63
34 33
34 67
34 39
34 75
34 46
34 15
34 50
34 3
34 52
34 30
34 63
35 33
35 34
35 67
35 39
35 75
35 44
35 46
35 15
35 50
35 3
35 52
35 63
36 34
36 67
36 39
36 75
36 44
36 46
36 3
36 52
36 60
36 63
37 64
37 1
37 43
37 36
37 70
37 6
37 8
37 9
37 42
37 11
37 14
37 61
37 81
37 83
37 84
37 20
37 58
37 27
37 74
38 64
38 1
38 43
38 36
38 70
38 6
38 8
38 9
38 42
38 11
38 14
38 61
38 81
38 83
38 84
38 20
38 58
38 27
38 74
39 1
39 6
39 7
39 8
39 9
39 11
39 13
39 14
39 20
39 26
39 27
39 28
39 32
39 42
39 43
39 58
39 61
39 64
39 70
39 74
39 81
39 83
39 84
40 33
40 67
40 46
40 15
40 50
40 59
40 30
41 33
41 34
41 67
41 39
41 75
41 46
41 15
41 50
41 52
41 30
42 33
42 34
42 67
42 39
42 75
42 44
42 46
42 15
42 3
42 52
42 63
43 50
43 59
43 30
44 64
44 1
44 43
44 36
44 70
44 6
44 8
44 9
44 42
44 11
44 14
44 61
44 81
44 83
44 84
44 20
44 58
44 27
44 74
45 65
45 3
45 40
45 75
45 44
45 78
45 80
45 60
45 63
46 59
46 30
47 50
47 59
47 30
48 33
48 34
48 67
48 39
48 75
48 44
48 46
48 15
48 50
48 3
48 52
48 63
50 1
50 36
50 65
50 40
50 44
50 78
50 80
50 68
50 60
51 1
51 36
51 70
51 6
51 65
51 40
51 11
51 78
51 80
51 8
51 68
51 58
51 81
52 2
52 82
53 33
53 34
53 67
53 39
53 75
53 44
53 46
53 15
53 50
53 3
53 52
53 63
55 33
55 34
55 67
55 39
55 75
55 44
55 46
55 15
55 50
55 3
55 52
55 63
56 51
57 33
57 34
57 67
57 39
57 75
57 44
57 46
57 15
57 50
57 3
57 52
57 63
59 1
59 36
59 70
59 6
59 65
59 40
59 11
59 78
59 80
59 8
59 68
59 58
59 81
60 35
60 17
60 69
60 71
60 31
60 73
60 10
60 45
60 77
60 47
60 48
60 49
60 53
60 54
60 23
60 79
60 86
60 37
60 5
61 34
61 67
61 39
61 75
61 44
61 3
61 52
61 60
61 63
63 35
63 4
63 69
63 71
63 10
63 62
63 45
63 77
63 79
63 49
63 17
63 54
63 87
63 24
63 31
63 85
63 53
64 18
64 19
64 55
65 64
65 32
65 66
65 7
65 8
65 9
65 42
65 43
65 76
65 13
65 14
65 61
65 72
65 83
65 84
65 25
65 20
65 26
65 27
65 28
65 74
67 65
67 34
67 3
67 40
67 75
67 44
67 78
67 80
67 52
67 60
67 63
68 50
68 59
68 30
69 64
69 32
69 66
69 6
69 7
69 8
69 9
69 42
69 43
69 13
69 14
69 61
69 72
69 26
69 83
69 84
69 20
69 58
69 27
69 28
69 74
70 64
70 1
70 43
70 36
70 6
70 7
70 8
70 9
70 42
70 11
70 13
70 14
70 61
70 81
70 83
70 84
70 20
70 58
70 27
70 28
70 74
71 33
71 67
71 39
71 46
71 15
71 50
71 52
71 59
71 30
72 2
72 51
72 82
73 33
73 46
73 15
73 50
73 59
73 30
74 50
74 59
74 30
75 65
75 68
75 40
75 44
75 78
75 80
75 36
75 60
77 33
77 34
77 67
77 39
77 75
77 46
77 15
77 50
77 3
77 52
77 63
78 6
78 7
78 8
78 9
78 11
78 13
78 14
78 20
78 26
78 27
78 28
78 32
78 42
78 43
78 58
78 61
78 64
78 66
78 72
78 74
78 81
78 83
78 84
79 33
79 34
79 67
79 39
79 75
79 46
79 15
79 50
79 3
79 52
79 30
79 63
80 2
80 51
80 82
81 65
81 68
81 40
81 44
81 78
81 80
81 60
83 33
83 34
83 67
83 39
83 75
83 46
83 15
83 50
83 3
83 52
83 30
83 63
84 4
84 21
84 87
84 24
84 57
84 29
84 62
85 65
85 3
85 40
85 44
85 78
85 80
85 60
85 63
86 2
86 59
86 82
87 64
87 32
87 66
87 6
87 7
87 8
87 9
87 42
87 43
87 13
87 14
87 61
87 72
87 83
87 84
87 25
87 20
87 26
87 27
87 28
87 74
88 1
88 36
88 70
88 6
88 8
88 9
88 11
88 14
88 81
88 83
88 84
88 78
88 68
88 58
