88
1 19
1 67
1 37
1 41
1 79
1 50
1 35
1 85
1 54
1 55
1 56
1 25
1 58
1 86
1 61
1 63
2 80
2 37
2 71
2 73
2 74
2 79
2 48
2 85
2 86
2 56
2 25
2 58
2 47
2 26
2 31
3 4
5 65
5 82
5 69
5 70
5 45
6 75
6 12
6 49
6 51
6 20
6 28
6 30
7 64
7 6
7 8
7 9
7 44
7 14
8 12
8 75
8 76
8 52
8 20
8 59
9 19
9 67
9 37
9 41
9 79
9 50
9 35
9 85
9 54
9 55
9 56
9 25
9 58
9 86
9 61
9 63
10 66
10 43
10 68
10 39
10 40
10 42
10 11
10 46
10 15
10 16
10 18
10 84
10 87
10 88
10 57
10 29
10 62
11 64
11 6
11 7
11 8
11 44
11 14
11 27
12 19
12 67
12 37
12 41
12 61
12 79
12 35
12 85
12 54
12 55
12 56
12 25
12 58
12 86
12 26
12 63
13 66
13 43
13 39
13 40
13 10
13 11
13 46
13 16
13 18
13 87
13 88
13 57
13 27
13 42
13 62
14 64
14 66
14 6
14 7
14 44
14 16
14 88
14 27
14 62
15 8
15 9
15 51
15 28
15 49
16 12
16 75
16 76
16 51
16 52
16 20
16 59
16 30
17 80
17 37
17 71
17 31
17 74
17 79
17 48
17 85
17 86
17 56
17 25
17 58
17 47
17 26
17 63
18 1
18 2
18 17
19 75
19 12
19 49
19 51
19 20
19 28
19 30
20 17
20 2
21 12
21 75
21 76
21 52
21 20
21 59
22 75
22 12
22 49
22 51
22 20
22 28
22 30
23 1
23 2
23 17
23 5
23 13
24 32
24 33
24 34
24 43
24 36
24 38
24 39
24 40
24 10
24 11
24 29
24 46
24 15
24 18
24 84
24 57
24 22
24 87
24 68
24 42
25 34
25 43
25 36
25 39
25 40
25 10
25 11
25 29
25 46
25 15
25 16
25 18
25 84
25 57
25 22
25 87
25 68
25 42
26 66
26 43
26 39
26 40
26 10
26 11
26 46
26 16
26 18
26 87
26 88
26 57
26 27
26 42
26 62
27 66
27 43
27 68
27 39
27 40
27 10
27 11
27 29
27 46
27 15
27 16
27 18
27 84
27 22
27 87
27 57
27 42
28 66
28 43
28 68
28 39
28 40
28 10
28 11
28 29
28 46
28 15
28 16
28 18
28 84
28 22
28 87
28 57
28 42
29 1
29 17
29 13
29 5
30 76
30 75
30 12
30 49
30 51
30 20
30 59
31 12
31 75
31 76
31 51
31 52
31 20
31 59
31 30
32 52
32 59
32 76
33 32
33 34
33 43
33 36
33 38
33 39
33 40
33 10
33 11
33 29
33 46
33 15
33 18
33 84
33 22
33 87
33 68
33 42
34 8
34 9
34 75
34 49
34 51
34 28
34 30
35 75
35 12
35 49
35 51
35 20
35 28
35 30
36 76
36 52
36 59
36 20
36 12
37 64
37 6
37 7
37 8
37 44
37 14
37 27
38 64
38 6
38 7
38 44
38 14
38 88
38 27
39 66
39 43
39 68
39 40
39 10
39 11
39 29
39 46
39 15
39 16
39 18
39 84
39 87
39 88
39 57
39 42
39 62
40 64
40 66
40 6
40 7
40 44
40 14
40 16
40 88
40 57
40 27
40 62
41 75
41 12
41 49
41 51
41 20
41 28
41 30
42 64
42 6
42 8
42 9
42 14
42 28
43 66
43 68
43 39
43 40
43 10
43 11
43 29
43 46
43 15
43 16
43 18
43 84
43 87
43 88
43 57
43 42
43 62
44 8
44 9
44 49
44 51
44 28
44 30
45 1
45 2
45 17
45 5
45 13
46 35
46 37
46 71
46 74
46 61
46 79
46 48
46 85
46 86
46 56
46 25
46 58
46 31
46 26
46 63
47 75
47 12
47 49
47 51
47 20
47 30
48 52
48 59
48 76
48 20
49 8
49 9
49 75
49 12
49 51
49 28
49 30
50 64
50 9
50 28
50 14
50 8
51 69
52 80
52 37
52 71
52 73
52 74
52 47
52 48
52 56
52 25
52 58
52 26
52 31
53 64
53 6
53 7
53 44
53 14
53 88
53 27
53 62
54 8
54 9
54 75
54 12
54 49
54 51
54 28
54 30
55 64
55 6
55 7
55 8
55 9
55 44
55 14
56 66
56 43
56 68
56 39
56 40
56 10
56 11
56 29
56 46
56 15
56 16
56 18
56 84
56 87
56 88
56 57
56 42
56 62
57 19
57 33
57 67
57 37
57 38
57 32
57 41
57 79
57 50
57 35
57 85
57 54
57 55
57 56
57 25
57 86
57 61
57 63
58 66
58 43
58 6
58 39
58 40
58 10
58 7
58 44
58 46
58 16
58 87
58 88
58 57
58 27
58 62
59 32
59 33
59 34
59 43
59 36
59 22
59 38
59 41
59 42
59 11
59 18
59 46
59 15
59 50
59 84
59 54
59 87
59 68
59 29
59 55
60 19
60 33
60 34
60 35
60 36
60 54
60 38
60 32
60 41
60 29
60 15
60 50
60 67
60 84
60 22
60 55
60 61
61 80
61 71
61 73
61 74
61 78
61 47
61 48
61 81
61 31
62 80
62 37
62 71
62 73
62 74
62 47
62 48
62 56
62 58
62 26
62 31
63 64
63 66
63 6
63 7
63 44
63 14
63 16
63 88
63 27
63 62
64 66
64 43
64 39
64 40
64 10
64 11
64 46
64 16
64 18
64 87
64 88
64 57
64 27
64 42
64 62
65 19
65 33
65 34
65 35
65 36
65 54
65 38
65 32
65 41
65 29
65 50
65 67
65 84
65 22
65 55
65 61
65 63
66 72
66 73
66 77
66 78
66 81
66 24
67 66
67 43
67 68
67 39
67 40
67 10
67 11
67 46
67 15
67 16
67 18
67 84
67 87
67 88
67 57
67 27
67 42
67 62
68 66
68 43
68 39
68 40
68 10
68 11
68 29
68 46
68 15
68 16
68 18
68 84
68 87
68 88
68 57
68 42
68 62
69 12
69 75
69 76
69 52
69 20
69 59
70 64
70 9
70 28
70 14
70 8
71 64
71 66
71 6
71 7
71 40
71 44
71 14
71 16
71 88
71 57
71 27
71 62
72 66
72 43
72 39
72 40
72 10
72 11
72 46
72 16
72 18
72 87
72 88
72 57
72 27
72 42
72 62
73 66
73 43
73 68
73 39
73 40
73 10
73 11
73 29
73 46
73 15
73 16
73 18
73 84
73 87
73 88
73 57
73 42
73 62
74 64
74 6
74 7
74 8
74 9
74 44
74 14
75 35
75 37
75 71
75 74
75 61
75 79
75 19
75 85
75 86
75 56
75 25
75 58
75 26
75 63
76 80
76 37
76 71
76 31
76 74
76 79
76 48
76 85
76 86
76 56
76 25
76 58
76 47
76 26
76 63
77 8
77 9
77 49
77 51
77 28
77 30
78 64
78 6
78 7
78 8
78 9
78 14
79 66
79 43
79 39
79 40
79 10
79 11
79 44
79 46
79 16
79 18
79 87
79 88
79 57
79 27
79 62
80 64
80 9
80 28
80 8
80 49
81 72
81 77
81 78
81 83
81 53
81 24
82 34
82 43
82 36
82 39
82 40
82 10
82 11
82 29
82 46
82 15
82 16
82 18
82 84
82 57
82 22
82 87
82 68
82 42
83 75
83 12
83 49
83 51
83 20
83 28
83 30
84 75
84 12
84 49
84 51
84 20
84 28
84 30
85 80
85 37
85 71
85 73
85 74
85 47
85 48
85 56
85 58
85 26
85 31
86 12
86 75
86 76
86 52
86 20
86 59
87 64
87 6
87 7
87 8
87 9
87 44
87 14
88 64
88 6
88 7
88 8
88 9
88 44
88 14
