88
1 2
1 3
1 40
1 43
1 12
1 13
1 47
1 49
1 83
1 56
1 87
1 24
1 79
1 60
1 63
2 34
2 67
2 68
2 38
2 10
2 11
2 46
2 23
2 27
2 62
3 1
3 2
3 59
3 28
3 42
3 43
3 47
3 48
3 49
3 82
3 87
3 57
3 79
3 60
4 64
4 33
4 39
4 9
4 45
4 46
4 51
4 14
4 88
4 61
4 62
4 21
5 36
5 85
5 6
5 55
6 15
7 33
7 38
7 9
7 46
7 27
7 61
7 62
8 2
8 3
8 40
8 43
8 12
8 13
8 47
8 49
8 83
8 56
8 24
8 60
8 63
9 34
9 67
9 68
9 8
9 10
9 11
9 23
9 74
9 31
10 32
10 36
10 41
10 50
10 19
10 55
11 1
11 2
11 59
11 28
11 42
11 43
11 13
11 47
11 48
11 49
11 82
11 87
11 57
11 79
11 60
12 64
12 33
12 39
12 9
12 45
12 46
12 51
12 14
12 88
12 61
12 62
12 21
13 1
13 2
13 42
13 43
13 12
13 47
13 48
13 49
13 87
13 79
13 60
14 2
14 3
14 40
14 43
14 12
14 13
14 47
14 49
14 83
14 21
14 56
14 24
14 60
14 63
15 34
15 67
15 68
15 38
15 10
15 11
15 23
15 27
17 32
17 36
17 41
17 50
17 19
17 53
17 55
18 1
18 59
18 42
18 43
18 47
18 48
18 49
18 82
18 87
18 57
18 79
18 28
19 72
19 74
19 75
19 76
19 8
19 52
19 25
19 58
19 31
20 64
20 33
20 38
20 9
20 45
20 46
20 51
20 88
20 27
20 61
20 62
21 65
21 66
21 81
21 71
22 34
22 67
22 68
22 38
22 10
22 11
22 46
22 23
22 27
22 62
23 34
23 67
23 68
23 8
23 10
23 11
23 76
23 72
23 52
23 74
23 31
24 2
24 3
24 40
24 43
24 12
24 13
24 47
24 49
24 83
24 87
24 56
24 79
24 60
24 63
25 5
25 7
25 41
25 44
25 78
25 80
25 19
25 84
25 53
25 20
25 69
26 70
26 4
26 77
26 22
26 29
27 33
27 38
27 9
27 45
27 46
27 88
27 61
27 62
28 33
28 38
28 9
28 46
28 88
28 27
28 61
28 62
29 64
29 33
29 39
29 9
29 45
29 46
29 51
29 14
29 88
29 61
29 62
29 21
30 72
30 74
30 76
30 8
30 52
30 31
31 30
32 64
32 33
32 38
32 9
32 45
32 46
32 51
32 88
32 27
32 61
32 62
33 34
33 67
33 68
33 38
33 10
33 11
33 23
33 27
34 35
34 69
34 7
34 44
34 78
34 80
34 19
34 20
34 53
34 54
34 84
34 5
34 37
35 1
35 2
35 42
35 43
35 12
35 13
35 47
35 48
35 49
35 56
35 87
35 24
35 79
35 60
36 72
36 74
36 76
36 8
36 52
36 31
37 33
37 34
37 38
37 9
37 11
37 46
37 27
37 61
37 62
38 32
38 5
38 7
38 41
38 50
38 19
38 84
38 53
38 20
38 69
39 1
39 2
39 42
39 43
39 12
39 13
39 47
39 48
39 49
39 87
39 79
39 60
40 64
40 33
40 39
40 9
40 45
40 46
40 51
40 14
40 88
40 61
40 62
40 21
41 2
41 3
41 40
41 43
41 12
41 13
41 47
41 49
41 83
41 56
41 87
41 24
41 79
41 60
41 63
42 34
42 67
42 68
42 38
42 10
42 11
42 46
42 23
42 27
42 62
43 2
43 3
43 39
43 40
43 12
43 13
43 14
43 56
43 83
43 21
43 24
43 60
43 63
44 33
44 38
44 9
44 46
44 88
44 27
44 61
44 62
45 2
45 3
45 39
45 40
45 12
45 13
45 14
45 56
45 83
45 21
45 24
45 60
45 63
46 1
46 2
46 42
46 43
46 12
46 13
46 47
46 48
46 49
46 56
46 87
46 24
46 79
46 60
47 64
47 51
47 3
47 39
47 40
47 45
47 14
47 24
47 83
47 21
47 56
47 88
47 63
48 33
48 38
48 9
48 46
48 88
48 27
48 61
48 62
49 64
49 33
49 38
49 9
49 45
49 46
49 51
49 88
49 27
49 61
49 62
50 64
50 33
50 39
50 9
50 45
50 46
50 51
50 14
50 88
50 61
50 62
50 21
51 2
51 3
51 40
51 43
51 12
51 13
51 47
51 49
51 83
51 56
51 87
51 24
51 79
51 60
51 63
52 2
52 3
52 40
52 43
52 12
52 13
52 47
52 49
52 83
52 56
52 24
52 60
52 63
53 65
53 66
53 81
53 71
54 2
54 3
54 40
54 43
54 12
54 13
54 47
54 49
54 83
54 56
54 87
54 24
54 79
54 60
54 63
55 33
55 34
55 38
55 9
55 11
55 46
55 27
55 61
55 62
56 64
56 39
56 9
56 45
56 14
56 51
56 21
56 88
56 61
57 25
57 18
57 75
57 58
57 73
58 67
58 8
58 10
58 76
58 72
58 52
58 23
58 74
58 31
59 35
59 69
59 7
59 41
59 44
59 78
59 80
59 19
59 20
59 53
59 54
59 84
59 5
59 37
60 1
60 59
60 42
60 43
60 47
60 48
60 49
60 82
60 87
60 57
60 79
60 28
61 72
61 74
61 75
61 76
61 8
61 52
61 31
62 1
62 2
62 42
62 43
62 12
62 13
62 47
62 48
62 49
62 87
62 79
62 60
63 33
63 38
63 9
63 46
63 88
63 27
63 61
63 62
64 2
64 3
64 40
64 43
64 12
64 13
64 47
64 49
64 83
64 56
64 24
64 60
64 63
65 64
65 33
65 39
65 9
65 45
65 46
65 51
65 14
65 88
65 61
65 62
65 21
66 4
66 6
66 70
66 77
66 22
66 29
67 64
67 39
67 40
67 45
67 14
67 51
67 21
67 88
67 61
68 64
68 51
68 3
68 39
68 40
68 45
68 14
68 83
68 21
68 88
68 63
69 25
69 18
69 75
69 58
69 73
70 72
70 73
70 75
70 76
70 18
70 52
70 25
70 58
70 31
71 35
71 69
71 7
71 28
71 44
71 78
71 80
71 82
71 54
71 57
71 59
71 5
71 37
72 2
72 3
72 40
72 43
72 12
72 13
72 14
72 47
72 49
72 83
72 21
72 56
72 24
72 60
72 63
73 84
73 35
73 69
73 7
73 28
73 44
73 78
73 80
73 82
73 20
73 53
73 54
73 57
73 59
73 5
73 37
74 1
74 35
74 42
74 43
74 47
74 48
74 59
74 82
74 54
74 87
74 57
74 79
74 28
75 2
75 3
75 40
75 43
75 12
75 13
75 47
75 49
75 83
75 56
75 24
75 60
75 63
76 1
76 35
76 48
76 37
76 7
76 42
76 44
76 78
76 80
76 82
76 54
76 57
76 59
76 28
77 72
77 74
77 76
77 8
77 52
77 31
78 64
78 51
78 3
78 39
78 40
78 45
78 14
78 83
78 21
78 88
78 61
78 63
79 25
79 18
79 75
79 58
79 73
80 64
80 33
80 38
80 39
80 9
80 45
80 14
80 51
80 46
80 88
80 27
80 61
80 62
80 21
81 32
81 50
81 36
81 85
81 55
82 35
82 69
82 7
82 28
82 44
82 78
82 80
82 54
82 57
82 59
82 5
82 37
83 1
83 59
83 42
83 43
83 47
83 48
83 49
83 82
83 87
83 57
83 79
83 28
84 64
84 51
84 3
84 39
84 40
84 45
84 14
84 24
84 83
84 21
84 56
84 88
84 63
85 34
85 67
85 68
85 8
85 10
85 11
85 76
85 23
85 74
85 31
87 34
87 67
87 68
87 8
87 10
87 11
87 76
87 23
87 74
87 31
88 34
88 67
88 68
88 8
88 10
88 11
88 23
88 74
