88
2 32
2 6
2 72
2 9
2 43
2 44
2 50
2 46
2 82
2 54
2 41
2 27
2 63
3 1
3 2
3 7
3 8
3 10
3 12
3 13
3 14
3 19
3 21
3 23
3 29
3 31
3 33
3 39
3 40
3 41
3 42
3 44
3 48
3 49
3 54
3 56
3 58
3 66
3 67
3 72
3 77
3 78
3 80
3 82
3 84
3 86
3 87
3 88
4 32
4 37
4 38
4 43
4 50
4 45
4 18
4 83
5 32
5 38
5 43
5 45
5 46
5 50
5 83
5 27
5 63
7 1
7 2
7 3
7 6
7 8
7 10
7 12
7 13
7 14
7 19
7 21
7 23
7 29
7 31
7 33
7 39
7 40
7 41
7 42
7 44
7 48
7 49
7 54
7 56
7 58
7 66
7 67
7 72
7 77
7 78
7 80
7 82
7 86
7 88
10 1
10 3
10 6
10 7
10 8
10 9
10 14
10 21
10 23
10 27
10 29
10 31
10 32
10 39
10 40
10 41
10 42
10 44
10 46
10 48
10 49
10 50
10 54
10 58
10 63
10 66
10 67
10 72
10 80
10 82
10 86
10 88
14 1
14 2
14 3
14 7
14 8
14 10
14 12
14 13
14 19
14 21
14 23
14 29
14 31
14 33
14 39
14 40
14 42
14 44
14 48
14 49
14 54
14 56
14 58
14 66
14 67
14 68
14 77
14 78
14 80
14 82
14 84
14 86
14 87
14 88
17 1
17 2
17 3
17 6
17 7
17 8
17 9
17 10
17 12
17 14
17 19
17 21
17 23
17 29
17 31
17 33
17 39
17 40
17 41
17 42
17 44
17 48
17 49
17 54
17 56
17 58
17 66
17 67
17 72
17 77
17 78
17 80
17 82
17 86
17 88
19 1
19 3
19 6
19 7
19 8
19 9
19 10
19 14
19 21
19 23
19 27
19 29
19 31
19 32
19 33
19 39
19 40
19 41
19 42
19 44
19 46
19 48
19 49
19 50
19 54
19 58
19 63
19 66
19 67
19 72
19 80
19 82
19 86
19 88
20 32
20 18
20 37
20 38
20 43
20 45
20 46
20 50
20 83
21 18
21 37
21 38
21 45
22 32
22 6
22 72
22 9
22 43
22 46
22 50
22 83
22 54
22 41
22 27
22 63
24 32
24 67
24 6
24 7
24 40
24 9
24 43
24 44
24 82
24 46
24 48
24 72
24 50
24 54
24 41
24 23
24 27
24 29
24 63
26 18
26 83
26 37
26 38
26 45
27 32
27 6
27 72
27 9
27 43
27 44
27 50
27 46
27 82
27 54
27 41
27 63
28 18
28 83
28 37
28 38
28 45
30 32
30 37
30 38
30 43
30 45
30 18
30 83
31 32
31 6
31 72
31 9
31 43
31 46
31 50
31 83
31 54
31 41
31 27
31 63
32 1
32 2
32 3
32 6
32 7
32 8
32 9
32 10
32 12
32 14
32 19
32 21
32 23
32 29
32 31
32 33
32 39
32 40
32 41
32 42
32 44
32 48
32 49
32 54
32 56
32 58
32 66
32 67
32 72
32 77
32 78
32 80
32 82
32 86
32 88
33 32
33 6
33 38
33 72
33 9
33 43
33 46
33 50
33 83
33 41
33 27
33 63
34 18
34 83
34 37
34 38
34 45
35 18
35 83
35 37
35 38
35 45
36 32
36 6
36 72
36 9
36 43
36 46
36 50
36 83
36 54
36 41
36 27
36 63
39 18
39 83
39 37
39 38
39 45
40 18
40 83
40 37
40 38
40 45
41 32
41 6
41 72
41 9
41 43
41 46
41 50
41 83
41 54
41 27
41 63
42 1
42 3
42 6
42 7
42 8
42 9
42 10
42 14
42 23
42 27
42 29
42 31
42 32
42 39
42 40
42 41
42 43
42 44
42 46
42 48
42 49
42 50
42 54
42 58
42 63
42 66
42 67
42 72
42 80
42 82
42 86
43 1
43 2
43 3
43 7
43 8
43 10
43 12
43 13
43 14
43 19
43 21
43 23
43 29
43 31
43 33
43 39
43 40
43 42
43 44
43 48
43 49
43 56
43 58
43 66
43 67
43 68
43 77
43 78
43 80
43 82
43 84
43 86
43 87
43 88
44 32
44 38
44 9
44 43
44 46
44 50
44 83
44 27
44 63
45 1
45 2
45 3
45 7
45 8
45 10
45 12
45 13
45 14
45 19
45 21
45 23
45 29
45 31
45 33
45 39
45 40
45 42
45 44
45 48
45 49
45 56
45 58
45 66
45 67
45 68
45 77
45 78
45 80
45 82
45 84
45 86
45 87
45 88
47 18
47 83
47 37
47 38
47 45
48 1
48 3
48 6
48 7
48 8
48 9
48 10
48 14
48 23
48 27
48 29
48 31
48 32
48 39
48 40
48 41
48 42
48 43
48 44
48 46
48 49
48 50
48 54
48 58
48 63
48 66
48 67
48 72
48 80
48 82
48 86
51 18
51 83
51 37
51 38
51 45
53 18
53 83
53 37
53 38
53 45
55 18
55 37
55 38
55 45
58 1
58 3
58 6
58 7
58 8
58 9
58 14
58 23
58 27
58 29
58 31
58 32
58 40
58 41
58 43
58 44
58 46
58 48
58 49
58 50
58 54
58 63
58 66
58 67
58 72
58 80
58 82
59 18
59 37
59 38
59 45
62 32
62 6
62 72
62 9
62 43
62 44
62 50
62 46
62 82
62 83
62 54
62 41
62 27
62 63
63 1
63 3
63 6
63 7
63 8
63 9
63 10
63 14
63 23
63 27
63 29
63 31
63 32
63 39
63 40
63 41
63 42
63 44
63 46
63 48
63 49
63 50
63 54
63 58
63 66
63 67
63 72
63 80
63 82
63 86
63 88
64 32
64 6
64 72
64 9
64 43
64 46
64 50
64 83
64 54
64 41
64 27
64 63
66 18
66 83
66 37
66 38
66 45
67 18
67 83
67 37
67 38
67 45
68 1
68 6
68 7
68 8
68 9
68 23
68 27
68 29
68 31
68 32
68 40
68 41
68 43
68 44
68 46
68 48
68 49
68 50
68 54
68 63
68 67
68 72
68 80
68 82
72 32
72 67
72 6
72 7
72 40
72 9
72 43
72 44
72 82
72 46
72 48
72 50
72 54
72 41
72 23
72 27
72 29
72 63
73 18
73 83
73 37
73 38
73 45
74 18
74 83
74 37
74 38
74 45
76 18
76 83
76 37
76 38
76 45
77 32
77 67
77 6
77 7
77 40
77 9
77 43
77 44
77 82
77 46
77 48
77 72
77 50
77 54
77 41
77 23
77 27
77 29
77 63
78 1
78 6
78 7
78 9
78 23
78 27
78 29
78 32
78 40
78 41
78 43
78 44
78 46
78 48
78 49
78 50
78 54
78 63
78 67
78 72
78 80
78 82
79 18
79 83
79 37
79 38
79 45
80 32
80 67
80 6
80 7
80 40
80 9
80 43
80 44
80 82
80 46
80 48
80 72
80 50
80 54
80 41
80 23
80 27
80 29
80 63
83 32
83 67
83 6
83 7
83 72
83 9
83 43
83 44
83 82
83 46
83 48
83 50
83 54
83 41
83 23
83 27
83 29
83 63
84 32
84 67
84 6
84 7
84 40
84 9
84 43
84 44
84 82
84 46
84 48
84 72
84 50
84 54
84 41
84 23
84 27
84 29
84 63
86 1
86 3
86 6
86 7
86 8
86 9
86 10
86 14
86 21
86 23
86 27
86 29
86 31
86 33
86 39
86 40
86 41
86 42
86 44
86 46
86 48
86 49
86 50
86 54
86 58
86 63
86 66
86 67
86 72
86 80
86 82
86 88
88 1
88 6
88 7
88 8
88 9
88 23
88 27
88 29
88 31
88 32
88 40
88 41
88 43
88 44
88 46
88 48
88 49
88 50
88 54
88 63
88 67
88 72
88 80
88 82
