88
2 1
2 5
2 7
2 71
2 45
2 14
2 19
2 53
2 57
2 62
3 1
3 2
3 4
3 5
3 6
3 8
3 10
3 14
3 16
3 19
3 20
3 24
3 25
3 26
3 27
3 28
3 29
3 31
3 32
3 33
3 37
3 38
3 39
3 40
3 43
3 44
3 45
3 48
3 49
3 50
3 53
3 57
3 62
3 71
3 73
3 81
3 87
3 88
4 1
4 5
4 7
4 71
4 45
4 14
4 19
4 53
4 57
4 62
6 1
6 2
6 3
6 4
6 5
6 8
6 10
6 14
6 16
6 19
6 24
6 25
6 26
6 27
6 28
6 29
6 31
6 32
6 37
6 38
6 39
6 43
6 44
6 45
6 48
6 49
6 53
6 57
6 62
6 71
6 73
6 81
6 88
7 1
7 2
7 3
7 4
7 6
7 8
7 10
7 14
7 16
7 19
7 20
7 24
7 25
7 26
7 27
7 28
7 29
7 31
7 32
7 33
7 35
7 37
7 38
7 39
7 40
7 43
7 44
7 45
7 48
7 49
7 50
7 53
7 57
7 62
7 65
7 71
7 73
7 81
7 87
7 88
8 1
8 2
8 3
8 4
8 6
8 10
8 14
8 16
8 19
8 20
8 24
8 25
8 26
8 27
8 28
8 29
8 31
8 32
8 33
8 35
8 37
8 38
8 39
8 40
8 43
8 44
8 45
8 48
8 49
8 50
8 53
8 57
8 62
8 65
8 71
8 73
8 81
8 87
8 88
9 1
9 3
9 4
9 5
9 6
9 7
9 8
9 10
9 14
9 16
9 19
9 24
9 25
9 27
9 28
9 31
9 37
9 39
9 43
9 45
9 48
9 49
9 53
9 57
9 62
9 71
9 73
9 81
10 1
10 2
10 3
10 4
10 6
10 8
10 14
10 16
10 18
10 19
10 20
10 24
10 25
10 26
10 27
10 28
10 29
10 31
10 32
10 33
10 35
10 37
10 38
10 39
10 40
10 43
10 44
10 45
10 48
10 49
10 50
10 53
10 57
10 62
10 65
10 71
10 73
10 78
10 81
10 87
10 88
11 5
11 7
12 1
12 5
12 71
12 7
12 53
12 57
13 1
13 7
13 5
13 71
15 7
17 1
17 2
17 3
17 4
17 5
17 6
17 7
17 8
17 10
17 14
17 16
17 19
17 24
17 25
17 27
17 28
17 29
17 31
17 32
17 37
17 38
17 39
17 43
17 44
17 45
17 48
17 49
17 53
17 57
17 62
17 71
17 73
17 81
17 88
21 7
22 5
22 7
23 1
23 7
23 5
23 71
27 1
27 5
27 7
27 71
27 45
27 14
27 19
27 53
27 57
27 62
29 1
29 2
29 3
29 4
29 6
29 8
29 10
29 14
29 16
29 18
29 19
29 20
29 24
29 25
29 26
29 27
29 28
29 31
29 32
29 33
29 35
29 37
29 38
29 39
29 40
29 43
29 44
29 45
29 48
29 49
29 50
29 53
29 57
29 62
29 65
29 71
29 73
29 75
29 78
29 81
29 87
29 88
30 1
30 5
30 71
30 7
30 53
30 57
31 1
31 2
31 3
31 4
31 6
31 8
31 10
31 14
31 16
31 18
31 19
31 20
31 24
31 25
31 26
31 27
31 28
31 29
31 32
31 33
31 35
31 37
31 38
31 39
31 40
31 43
31 44
31 45
31 48
31 49
31 50
31 53
31 57
31 62
31 65
31 71
31 73
31 75
31 78
31 80
31 81
31 87
31 88
41 1
41 2
41 3
41 4
41 6
41 8
41 10
41 14
41 16
41 19
41 20
41 24
41 25
41 26
41 27
41 28
41 29
41 31
41 32
41 33
41 35
41 37
41 38
41 39
41 40
41 43
41 44
41 45
41 48
41 49
41 50
41 53
41 57
41 62
41 65
41 71
41 73
41 81
41 87
41 88
44 1
44 2
44 3
44 4
44 6
44 8
44 10
44 14
44 16
44 19
44 20
44 24
44 25
44 26
44 27
44 28
44 29
44 31
44 32
44 33
44 35
44 37
44 38
44 39
44 40
44 43
44 45
44 48
44 49
44 50
44 53
44 57
44 62
44 65
44 71
44 73
44 81
44 87
44 88
45 1
45 5
45 71
45 7
45 53
45 57
46 5
46 7
47 1
47 5
47 7
47 71
47 45
47 14
47 19
47 53
47 57
47 62
50 1
50 2
50 3
50 4
50 6
50 8
50 10
50 14
50 16
50 18
50 19
50 20
50 24
50 25
50 26
50 27
50 28
50 29
50 31
50 32
50 33
50 35
50 37
50 38
50 39
50 40
50 43
50 44
50 45
50 48
50 49
50 53
50 57
50 62
50 65
50 71
50 73
50 75
50 78
50 80
50 81
50 87
50 88
51 1
51 5
51 7
51 71
51 45
51 14
51 16
51 19
51 53
51 24
51 57
51 62
53 1
53 2
53 3
53 4
53 5
53 6
53 7
53 8
53 10
53 14
53 16
53 19
53 24
53 25
53 27
53 28
53 31
53 37
53 39
53 43
53 45
53 48
53 49
53 57
53 62
53 71
53 73
53 81
54 1
54 2
54 3
54 4
54 6
54 8
54 10
54 14
54 16
54 19
54 20
54 24
54 25
54 26
54 27
54 28
54 29
54 31
54 32
54 33
54 35
54 37
54 38
54 39
54 40
54 43
54 44
54 45
54 48
54 49
54 50
54 53
54 57
54 62
54 65
54 71
54 73
54 81
54 87
54 88
56 1
56 5
56 7
56 71
56 45
56 14
56 16
56 19
56 53
56 24
56 57
56 62
59 1
59 5
59 7
59 71
59 45
59 53
59 57
59 62
61 1
61 2
61 3
61 4
61 5
61 6
61 8
61 10
61 14
61 16
61 19
61 20
61 24
61 25
61 26
61 27
61 28
61 29
61 31
61 32
61 37
61 38
61 39
61 43
61 44
61 45
61 48
61 49
61 53
61 57
61 62
61 71
61 73
61 81
61 87
61 88
62 5
62 7
69 5
69 7
70 1
70 5
70 71
70 7
70 53
70 57
72 5
72 7
74 1
74 2
74 3
74 4
74 6
74 8
74 10
74 14
74 16
74 19
74 20
74 24
74 25
74 26
74 27
74 28
74 29
74 31
74 32
74 33
74 35
74 37
74 38
74 39
74 40
74 43
74 44
74 45
74 48
74 49
74 50
74 53
74 57
74 62
74 65
74 71
74 73
74 81
74 87
74 88
77 1
77 5
77 7
78 1
78 2
78 3
78 4
78 5
78 6
78 8
78 10
78 14
78 16
78 19
78 24
78 25
78 26
78 27
78 28
78 29
78 31
78 32
78 37
78 38
78 39
78 43
78 44
78 45
78 48
78 49
78 53
78 57
78 62
78 71
78 73
78 81
78 88
82 5
82 7
84 1
84 7
84 5
84 71
85 1
85 2
85 3
85 4
85 6
85 8
85 10
85 14
85 16
85 19
85 20
85 24
85 25
85 26
85 27
85 28
85 29
85 31
85 32
85 33
85 35
85 37
85 38
85 39
85 40
85 43
85 44
85 45
85 48
85 49
85 50
85 53
85 57
85 62
85 65
85 71
85 73
85 81
85 87
85 88
86 60
87 1
87 2
87 3
87 4
87 5
87 6
87 8
87 10
87 14
87 16
87 19
87 20
87 24
87 25
87 26
87 27
87 28
87 29
87 31
87 32
87 37
87 38
87 39
87 40
87 43
87 44
87 45
87 48
87 49
87 53
87 57
87 62
87 71
87 73
87 81
87 88
88 1
88 2
88 3
88 4
88 5
88 6
88 8
88 10
88 14
88 16
88 19
88 20
88 24
88 25
88 26
88 27
88 28
88 29
88 31
88 32
88 33
88 37
88 38
88 39
88 40
88 43
88 44
88 45
88 48
88 49
88 50
88 53
88 57
88 62
88 71
88 73
88 81
88 87
