88
1 69
1 70
1 7
1 8
1 17
1 84
1 53
1 23
1 28
1 61
1 30
2 1
2 69
2 70
2 7
2 8
2 17
2 18
2 84
2 53
2 23
2 52
2 28
2 61
2 30
2 65
3 1
3 69
3 70
3 7
3 8
3 11
3 17
3 18
3 84
3 53
3 23
3 52
3 28
3 61
3 30
3 65
4 1
4 69
4 7
4 8
4 84
4 53
4 23
4 61
4 30
5 1
5 69
5 7
5 53
5 23
5 60
5 61
5 30
6 1
6 69
6 70
6 7
6 8
6 17
6 18
6 84
6 53
6 23
6 52
6 28
6 61
6 30
6 65
8 1
8 69
8 70
8 7
8 11
8 17
8 18
8 84
8 53
8 23
8 52
8 28
8 61
8 30
8 65
9 1
9 69
9 7
9 8
9 84
9 53
9 23
9 61
9 30
10 1
10 69
10 70
10 7
10 8
10 17
10 84
10 53
10 23
10 28
10 61
10 30
10 65
11 1
11 69
11 7
11 53
11 23
11 60
11 61
11 30
14 1
14 69
14 7
14 53
14 23
14 60
14 61
14 30
17 1
17 69
17 70
17 7
17 8
17 18
17 84
17 53
17 23
17 52
17 28
17 61
17 30
17 65
18 1
18 69
18 70
18 7
18 8
18 17
18 84
18 53
18 23
18 52
18 28
18 61
18 30
18 65
21 65
21 11
21 17
21 18
21 52
21 20
22 10
22 11
22 49
22 18
22 52
22 20
23 1
23 69
23 70
23 7
23 8
23 17
23 84
23 53
23 28
23 61
23 30
24 1
24 69
24 70
24 65
24 8
24 11
24 17
24 18
24 84
24 52
24 28
25 1
25 69
25 70
25 7
25 8
25 17
25 18
25 84
25 53
25 23
25 52
25 28
25 61
25 30
25 65
26 1
26 69
26 70
26 65
26 8
26 11
26 17
26 18
26 84
26 23
26 52
26 28
26 61
27 1
27 69
27 70
27 65
27 8
27 11
27 17
27 18
27 84
27 52
27 28
28 7
28 60
28 53
28 30
28 23
31 1
31 69
31 70
31 7
31 8
31 17
31 84
31 53
31 23
31 52
31 28
31 61
31 30
31 65
32 1
32 69
32 70
32 7
32 8
32 17
32 18
32 84
32 53
32 23
32 52
32 28
32 61
32 30
32 65
33 1
33 69
33 70
33 65
33 8
33 11
33 17
33 18
33 84
33 53
33 23
33 52
33 28
33 61
34 1
34 69
34 70
34 65
34 8
34 11
34 17
34 18
34 84
34 52
34 28
34 61
35 1
35 69
35 70
35 65
35 8
35 11
35 17
35 18
35 84
35 53
35 23
35 52
35 28
35 61
36 1
36 69
36 7
36 8
36 53
36 23
36 60
36 61
36 30
37 1
37 69
37 7
37 53
37 23
37 60
37 61
37 30
38 65
38 70
38 8
38 11
38 17
38 18
38 84
38 52
38 28
38 20
39 1
39 69
39 70
39 65
39 8
39 11
39 17
39 18
39 84
39 23
39 52
39 28
39 61
40 65
40 70
40 8
40 11
40 17
40 18
40 84
40 52
40 28
40 20
41 1
41 69
41 70
41 7
41 8
41 84
41 53
41 23
41 28
41 61
41 30
42 1
42 69
42 70
42 7
42 8
42 11
42 17
42 18
42 84
42 53
42 23
42 52
42 28
42 61
42 30
42 65
43 65
43 70
43 8
43 11
43 17
43 18
43 84
43 52
43 28
43 20
44 1
44 69
44 70
44 7
44 8
44 17
44 84
44 53
44 23
44 28
44 61
44 30
44 65
45 1
45 69
45 70
45 65
45 8
45 11
45 17
45 18
45 84
45 53
45 23
45 52
45 28
45 61
46 65
46 70
46 8
46 11
46 17
46 18
46 84
46 52
46 28
46 20
47 65
47 70
47 11
47 17
47 18
47 52
47 20
47 28
48 1
48 69
48 70
48 7
48 8
48 17
48 18
48 84
48 53
48 23
48 52
48 28
48 61
48 30
48 65
49 1
49 69
49 70
49 7
49 8
49 17
49 84
49 53
49 23
49 28
49 61
49 30
50 1
50 69
50 70
50 7
50 8
50 11
50 17
50 18
50 84
50 53
50 23
50 52
50 28
50 61
50 30
50 65
51 1
51 69
51 70
51 65
51 8
51 11
51 17
51 18
51 84
51 53
51 23
51 52
51 28
51 61
52 1
52 69
52 70
52 7
52 8
52 84
52 53
52 23
52 28
52 61
52 30
53 1
53 69
53 70
53 7
53 8
53 84
53 23
53 28
53 61
53 30
54 49
54 10
54 11
54 20
55 1
55 69
55 70
55 65
55 8
55 11
55 17
55 18
55 84
55 53
55 23
55 52
55 28
55 61
56 1
56 69
56 70
56 65
56 8
56 11
56 17
56 18
56 84
56 52
56 28
57 1
57 69
57 70
57 65
57 8
57 11
57 17
57 18
57 84
57 53
57 23
57 52
57 28
57 61
58 10
58 11
58 49
58 18
58 52
58 20
59 1
59 69
59 70
59 7
59 8
59 11
59 17
59 18
59 84
59 53
59 23
59 52
59 28
59 61
59 30
59 65
61 1
61 69
61 70
61 7
61 8
61 84
61 53
61 23
61 28
61 30
62 1
62 69
62 70
62 65
62 8
62 11
62 17
62 18
62 84
62 23
62 52
62 28
62 61
63 65
63 70
63 8
63 11
63 17
63 18
63 84
63 52
63 28
63 20
64 49
64 10
64 20
64 86
65 69
65 7
65 53
65 23
65 60
65 61
65 30
66 1
66 69
66 70
66 65
66 8
66 11
66 17
66 18
66 84
66 53
66 23
66 52
66 28
66 61
67 1
67 69
67 70
67 65
67 8
67 11
67 17
67 18
67 84
67 23
67 52
67 28
67 61
68 1
68 69
68 70
68 7
68 8
68 17
68 18
68 84
68 53
68 23
68 52
68 28
68 61
68 30
68 65
69 1
69 7
69 53
69 23
69 60
69 61
69 30
71 1
71 69
71 70
71 7
71 8
71 17
71 84
71 53
71 23
71 52
71 28
71 61
71 30
71 65
72 1
72 69
72 70
72 65
72 8
72 11
72 17
72 18
72 84
72 53
72 23
72 52
72 28
72 61
73 1
73 69
73 70
73 65
73 8
73 11
73 17
73 18
73 84
73 23
73 52
73 28
73 61
74 1
74 69
74 70
74 65
74 8
74 11
74 17
74 18
74 84
74 23
74 52
74 28
74 61
75 1
75 69
75 70
75 7
75 8
75 17
75 84
75 53
75 23
75 28
75 61
75 30
75 65
76 1
76 69
76 70
76 7
76 8
76 11
76 17
76 18
76 84
76 53
76 23
76 52
76 28
76 61
76 30
76 65
77 1
77 69
77 70
77 65
77 8
77 11
77 17
77 18
77 84
77 53
77 23
77 52
77 28
77 61
78 1
78 69
78 70
78 7
78 8
78 17
78 84
78 53
78 23
78 28
78 61
78 30
78 65
79 1
79 69
79 70
79 7
79 8
79 17
79 84
79 53
79 23
79 28
79 61
79 30
79 65
80 1
80 69
80 70
80 65
80 8
80 11
80 17
80 18
80 84
80 23
80 52
80 28
80 61
81 10
81 11
81 49
81 18
81 52
81 20
82 10
82 11
82 49
82 18
82 52
82 20
83 1
83 69
83 70
83 65
83 8
83 11
83 17
83 18
83 84
83 53
83 23
83 52
83 28
83 61
84 1
84 69
84 70
84 7
84 8
84 17
84 18
84 52
84 53
84 23
84 28
84 61
84 30
84 65
85 16
85 12
85 13
87 1
87 69
87 70
87 7
87 8
87 17
87 18
87 84
87 53
87 23
87 52
87 28
87 61
87 30
87 65
88 1
88 69
88 70
88 7
88 8
88 11
88 17
88 18
88 84
88 53
88 23
88 52
88 28
88 61
88 30
88 65
