88
1 33
1 34
1 68
1 49
1 39
1 40
1 80
1 71
1 79
1 48
1 81
1 50
1 30
1 59
1 61
1 62
1 63
2 7
2 11
2 14
2 21
2 23
2 25
2 32
2 36
2 41
2 43
2 45
2 52
2 57
2 58
2 65
2 66
2 69
2 72
2 73
2 74
2 75
2 77
2 86
2 88
3 2
3 38
3 73
3 42
3 75
3 76
3 77
3 12
3 81
3 82
3 52
3 14
3 78
4 2
4 7
4 12
4 14
4 21
4 23
4 32
4 36
4 41
4 52
4 57
4 58
4 65
4 66
4 73
4 74
4 75
4 76
4 77
4 78
4 82
4 86
5 33
5 34
5 68
5 49
5 71
5 79
5 48
5 81
5 50
5 30
5 59
5 61
5 62
7 33
7 34
7 3
7 68
7 49
7 71
7 42
7 79
7 48
7 81
7 50
7 30
7 59
7 61
7 62
8 2
8 7
8 11
8 13
8 14
8 21
8 23
8 25
8 27
8 32
8 36
8 41
8 43
8 44
8 45
8 52
8 57
8 58
8 65
8 66
8 69
8 72
8 73
8 74
8 75
8 77
8 84
8 86
8 87
8 88
11 32
11 65
11 2
11 3
11 36
11 38
11 7
11 41
11 42
11 75
11 12
11 66
11 14
11 77
11 76
11 82
11 52
11 78
11 73
11 23
11 21
12 3
12 68
12 49
12 38
12 71
12 42
12 76
12 50
12 78
12 79
12 48
12 81
12 82
12 59
12 61
12 30
16 33
16 34
16 3
16 68
16 49
16 71
16 42
16 79
16 48
16 81
16 50
16 30
16 59
16 61
16 62
17 32
17 65
17 2
17 3
17 36
17 38
17 7
17 41
17 42
17 75
17 12
17 66
17 14
17 77
17 76
17 82
17 52
17 78
17 73
17 23
17 21
18 33
18 34
18 39
18 40
18 80
18 50
18 61
18 62
18 63
23 65
23 2
23 3
23 38
23 7
23 73
23 42
23 75
23 76
23 66
23 12
23 77
23 82
23 52
23 14
23 78
25 3
25 68
25 49
25 38
25 71
25 76
25 42
25 12
25 50
25 78
25 79
25 48
25 81
25 82
25 59
25 30
26 33
26 34
26 68
26 49
26 71
26 79
26 48
26 81
26 50
26 30
26 59
26 61
26 62
29 65
29 2
29 3
29 38
29 73
29 42
29 75
29 76
29 77
29 12
29 82
29 52
29 14
29 23
29 78
34 2
34 7
34 11
34 14
34 21
34 23
34 25
34 32
34 36
34 41
34 43
34 44
34 45
34 52
34 57
34 58
34 65
34 66
34 69
34 72
34 73
34 74
34 75
34 77
34 86
34 88
35 2
35 7
35 11
35 13
35 14
35 21
35 23
35 25
35 27
35 32
35 36
35 41
35 43
35 44
35 45
35 52
35 57
35 58
35 65
35 66
35 67
35 69
35 70
35 72
35 73
35 74
35 75
35 77
35 84
35 86
35 87
35 88
36 32
36 65
36 2
36 69
36 7
36 41
36 74
36 75
36 12
36 66
36 14
36 77
36 82
36 52
36 78
36 86
36 73
36 23
36 57
36 58
36 21
42 11
42 13
42 21
42 25
42 27
42 32
42 36
42 41
42 43
42 44
42 45
42 55
42 57
42 58
42 60
42 64
42 66
42 67
42 69
42 70
42 72
42 74
42 84
42 85
42 86
42 87
42 88
44 3
44 68
44 38
44 71
44 76
44 42
44 75
44 12
44 14
44 79
44 48
44 81
44 82
44 52
44 78
47 3
47 68
47 49
47 38
47 71
47 76
47 42
47 12
47 50
47 78
47 79
47 48
47 81
47 82
47 59
47 30
52 33
52 34
52 4
52 39
52 40
52 80
52 61
52 62
52 63
53 2
53 7
53 11
53 13
53 14
53 21
53 23
53 25
53 27
53 32
53 36
53 41
53 43
53 44
53 45
53 52
53 57
53 58
53 65
53 66
53 67
53 69
53 72
53 73
53 74
53 75
53 77
53 84
53 86
53 87
53 88
54 3
54 68
54 49
54 38
54 71
54 76
54 42
54 12
54 50
54 78
54 79
54 48
54 81
54 82
54 59
54 30
55 2
55 7
55 11
55 13
55 14
55 21
55 23
55 25
55 27
55 32
55 36
55 41
55 43
55 44
55 45
55 52
55 57
55 58
55 65
55 66
55 67
55 69
55 70
55 72
55 73
55 74
55 75
55 77
55 84
55 86
55 87
55 88
58 2
58 7
58 11
58 13
58 14
58 21
58 23
58 25
58 27
58 32
58 36
58 41
58 43
58 44
58 45
58 52
58 57
58 65
58 66
58 67
58 69
58 70
58 72
58 73
58 74
58 75
58 77
58 84
58 86
58 87
58 88
60 2
60 7
60 11
60 13
60 14
60 21
60 23
60 25
60 27
60 32
60 36
60 41
60 43
60 44
60 45
60 52
60 57
60 58
60 65
60 66
60 67
60 69
60 70
60 72
60 73
60 74
60 75
60 77
60 84
60 86
60 87
60 88
61 32
61 65
61 2
61 36
61 38
61 7
61 41
61 75
61 12
61 66
61 14
61 77
61 76
61 82
61 52
61 78
61 73
61 23
61 21
62 3
62 68
62 49
62 38
62 71
62 76
62 42
62 12
62 50
62 78
62 79
62 48
62 81
62 82
62 59
62 30
64 2
64 7
64 11
64 13
64 14
64 21
64 23
64 25
64 27
64 32
64 36
64 41
64 43
64 44
64 45
64 52
64 57
64 58
64 65
64 66
64 67
64 69
64 70
64 72
64 73
64 74
64 75
64 77
64 84
64 86
64 87
64 88
65 3
65 68
65 49
65 38
65 71
65 76
65 42
65 12
65 78
65 79
65 48
65 81
65 82
65 59
65 30
66 33
66 34
66 68
66 39
66 40
66 71
66 79
66 80
66 49
66 50
66 30
66 59
66 61
66 62
66 63
67 2
67 7
67 11
67 13
67 14
67 21
67 23
67 25
67 27
67 32
67 36
67 41
67 43
67 44
67 45
67 52
67 57
67 58
67 65
67 66
67 69
67 70
67 72
67 73
67 74
67 75
67 77
67 84
67 86
67 87
67 88
68 2
68 7
68 11
68 13
68 14
68 21
68 23
68 25
68 27
68 32
68 36
68 41
68 43
68 44
68 45
68 52
68 57
68 58
68 65
68 66
68 69
68 72
68 73
68 74
68 75
68 77
68 84
68 86
68 87
68 88
73 11
73 13
73 21
73 25
73 27
73 32
73 36
73 41
73 43
73 44
73 45
73 55
73 57
73 58
73 60
73 64
73 66
73 67
73 69
73 70
73 72
73 74
73 84
73 85
73 86
73 87
73 88
75 34
75 4
75 39
75 40
75 80
75 62
75 63
76 33
76 34
76 4
76 39
76 40
76 80
76 61
76 62
76 63
79 2
79 7
79 11
79 13
79 14
79 21
79 23
79 25
79 27
79 32
79 36
79 41
79 43
79 44
79 45
79 52
79 57
79 58
79 65
79 66
79 67
79 69
79 72
79 73
79 74
79 75
79 77
79 84
79 86
79 87
79 88
80 2
80 7
80 11
80 13
80 21
80 23
80 25
80 27
80 32
80 36
80 41
80 43
80 44
80 45
80 55
80 57
80 58
80 65
80 66
80 67
80 69
80 70
80 72
80 73
80 74
80 77
80 84
80 85
80 86
80 87
80 88
83 2
83 7
83 11
83 13
83 21
83 23
83 25
83 27
83 32
83 36
83 41
83 43
83 44
83 45
83 52
83 55
83 57
83 58
83 65
83 66
83 67
83 69
83 70
83 72
83 73
83 74
83 77
83 84
83 85
83 86
83 87
83 88
87 32
87 65
87 2
87 3
87 36
87 38
87 7
87 41
87 42
87 75
87 12
87 66
87 14
87 77
87 76
87 82
87 52
87 78
87 73
87 23
87 21
