88
1 49
1 30
1 22
2 3
2 4
2 7
2 9
2 10
2 15
2 25
2 31
2 34
2 35
2 38
2 39
2 43
2 44
2 47
2 48
2 57
2 64
2 65
2 68
2 77
2 85
2 88
5 2
5 3
5 4
5 7
5 9
5 10
5 15
5 25
5 31
5 34
5 35
5 38
5 39
5 43
5 44
5 47
5 48
5 57
5 64
5 65
5 68
5 77
5 85
5 86
5 88
7 3
7 4
7 9
7 15
7 24
7 25
7 31
7 32
7 35
7 36
7 38
7 39
7 42
7 43
7 47
7 48
7 54
7 63
7 65
7 67
7 68
7 79
7 85
7 86
8 3
8 4
8 7
8 9
8 15
8 24
8 25
8 31
8 32
8 35
8 36
8 38
8 39
8 42
8 43
8 47
8 48
8 54
8 57
8 65
8 67
8 68
8 79
8 85
8 86
8 88
9 49
9 75
9 22
10 18
10 50
10 76
10 5
10 6
11 33
11 50
11 76
11 5
11 70
12 17
12 75
12 70
12 46
12 33
13 17
13 75
13 70
13 46
13 33
14 3
14 4
14 7
14 9
14 15
14 24
14 25
14 31
14 32
14 35
14 36
14 38
14 39
14 42
14 43
14 47
14 48
14 54
14 57
14 63
14 65
14 67
14 68
14 79
14 85
14 86
16 32
16 67
16 36
16 5
16 6
16 42
16 76
16 18
16 54
16 24
16 63
18 30
18 22
19 2
19 3
19 4
19 7
19 9
19 10
19 15
19 24
19 25
19 31
19 35
19 36
19 38
19 39
19 43
19 44
19 47
19 48
19 57
19 64
19 65
19 68
19 77
19 79
19 85
19 86
19 88
20 2
20 3
20 4
20 7
20 9
20 10
20 15
20 25
20 31
20 34
20 35
20 38
20 39
20 43
20 44
20 47
20 48
20 57
20 64
20 65
20 68
20 77
20 85
20 86
20 88
22 32
22 67
22 36
22 5
22 6
22 42
22 76
22 79
22 18
22 54
22 24
22 63
26 32
26 65
26 67
26 36
26 54
26 6
26 42
26 43
26 76
26 79
26 18
26 86
26 24
26 63
27 32
27 67
27 5
27 6
27 42
27 76
27 18
27 54
27 63
28 2
28 3
28 4
28 7
28 9
28 10
28 15
28 24
28 25
28 31
28 35
28 36
28 38
28 39
28 43
28 44
28 47
28 48
28 57
28 64
28 65
28 68
28 77
28 79
28 85
28 86
28 88
29 49
29 30
29 22
31 3
31 65
31 67
31 36
31 54
31 6
31 32
31 42
31 43
31 79
31 35
31 86
31 24
31 68
31 15
31 63
32 2
32 3
32 4
32 7
32 9
32 10
32 15
32 25
32 31
32 34
32 35
32 38
32 39
32 43
32 44
32 47
32 48
32 57
32 64
32 65
32 68
32 77
32 85
32 86
32 88
34 33
34 5
34 6
34 76
34 18
34 50
35 2
35 3
35 4
35 7
35 9
35 10
35 15
35 25
35 31
35 34
35 38
35 39
35 43
35 44
35 47
35 48
35 57
35 64
35 65
35 68
35 77
35 85
35 86
35 88
37 2
37 3
37 4
37 7
37 8
37 9
37 10
37 16
37 25
37 28
37 31
37 34
37 35
37 38
37 39
37 44
37 45
37 47
37 48
37 51
37 53
37 56
37 57
37 64
37 77
37 78
37 80
37 84
37 85
37 87
37 88
39 2
39 3
39 4
39 7
39 9
39 10
39 15
39 24
39 25
39 31
39 35
39 36
39 38
39 43
39 44
39 47
39 48
39 57
39 64
39 65
39 68
39 79
39 85
39 86
39 88
40 5
40 6
40 76
40 18
40 50
40 63
41 3
41 4
41 7
41 9
41 10
41 15
41 24
41 25
41 31
41 35
41 36
41 38
41 39
41 43
41 44
41 47
41 48
41 57
41 65
41 68
41 79
41 85
41 86
41 88
42 2
42 3
42 4
42 7
42 9
42 10
42 15
42 24
42 25
42 31
42 35
42 36
42 38
42 39
42 43
42 44
42 47
42 48
42 57
42 64
42 65
42 68
42 79
42 85
42 86
42 88
43 32
43 67
43 5
43 6
43 42
43 76
43 18
43 54
43 63
44 32
44 65
44 67
44 36
44 54
44 6
44 42
44 43
44 76
44 79
44 18
44 86
44 24
44 68
44 63
47 2
47 3
47 4
47 7
47 8
47 9
47 10
47 15
47 25
47 28
47 31
47 34
47 35
47 38
47 39
47 44
47 45
47 48
47 51
47 56
47 57
47 64
47 77
47 84
47 85
47 87
47 88
48 3
48 4
48 7
48 9
48 15
48 24
48 25
48 31
48 32
48 35
48 36
48 38
48 39
48 42
48 43
48 44
48 47
48 57
48 65
48 67
48 68
48 79
48 85
48 86
48 88
55 32
55 65
55 67
55 36
55 54
55 6
55 42
55 43
55 76
55 79
55 18
55 86
55 24
55 63
56 33
56 5
56 6
56 76
56 18
56 50
58 32
58 65
58 67
58 36
58 54
58 6
58 42
58 43
58 79
58 18
58 86
58 24
58 68
58 15
58 63
60 32
60 65
60 67
60 36
60 54
60 6
60 42
60 43
60 76
60 79
60 18
60 86
60 24
60 63
62 3
62 4
62 7
62 9
62 15
62 24
62 25
62 31
62 32
62 35
62 36
62 38
62 39
62 42
62 43
62 47
62 54
62 63
62 65
62 67
62 68
62 79
62 85
62 86
63 3
63 4
63 7
63 9
63 10
63 15
63 24
63 25
63 31
63 35
63 36
63 38
63 39
63 43
63 44
63 47
63 48
63 57
63 65
63 68
63 79
63 85
63 86
63 88
66 2
66 3
66 4
66 7
66 9
66 10
66 15
66 25
66 31
66 34
66 35
66 38
66 39
66 43
66 44
66 45
66 47
66 48
66 51
66 57
66 64
66 68
66 77
66 84
66 85
66 88
69 32
69 65
69 35
69 36
69 54
69 6
69 42
69 43
69 79
69 18
69 67
69 86
69 24
69 68
69 15
69 63
71 2
71 3
71 4
71 7
71 9
71 10
71 15
71 25
71 31
71 34
71 35
71 38
71 39
71 43
71 44
71 45
71 47
71 48
71 51
71 57
71 64
71 68
71 77
71 84
71 85
71 88
72 32
72 67
72 36
72 5
72 6
72 42
72 76
72 18
72 54
72 24
72 63
74 2
74 3
74 4
74 7
74 9
74 10
74 15
74 25
74 31
74 34
74 35
74 38
74 39
74 43
74 44
74 47
74 48
74 57
74 64
74 65
74 68
74 77
74 85
74 86
74 88
77 3
77 65
77 67
77 36
77 54
77 6
77 32
77 42
77 43
77 79
77 35
77 86
77 24
77 68
77 15
77 63
78 32
78 5
78 6
78 76
78 18
78 50
78 54
78 63
80 32
80 65
80 67
80 36
80 54
80 38
80 39
80 9
80 42
80 43
80 63
80 79
80 3
80 86
80 24
80 68
80 15
80 35
81 33
81 70
81 75
81 46
81 17
81 50
82 33
82 5
82 6
82 76
82 18
82 50
83 32
83 67
83 5
83 6
83 42
83 76
83 18
83 50
83 54
83 63
84 32
84 67
84 5
84 6
84 42
84 76
84 18
84 54
84 63
85 33
85 5
85 6
85 76
85 18
85 50
86 5
86 6
86 76
86 18
86 50
86 54
86 63
87 2
87 3
87 4
87 7
87 9
87 10
87 15
87 24
87 25
87 31
87 35
87 36
87 38
87 39
87 43
87 44
87 47
87 48
87 57
87 64
87 65
87 68
87 77
87 79
87 85
87 86
87 88
88 2
88 3
88 4
88 7
88 8
88 9
88 10
88 15
88 25
88 28
88 31
88 34
88 35
88 38
88 39
88 44
88 45
88 47
88 48
88 51
88 56
88 57
88 64
88 77
88 84
88 85
88 87
