88
1 66
1 7
1 9
1 30
1 39
1 79
1 83
1 53
1 73
1 41
1 23
1 26
1 27
1 61
1 62
2 1
2 69
2 70
2 33
2 8
2 84
2 23
2 25
2 28
2 61
3 1
3 69
3 70
3 65
3 8
3 17
3 84
3 25
3 33
3 28
4 32
4 51
4 66
4 27
4 7
4 9
4 30
4 39
4 47
4 83
4 53
4 73
4 41
4 57
4 26
4 79
4 62
4 63
5 32
5 51
5 66
5 27
5 7
5 9
5 30
5 39
5 47
5 71
5 83
5 53
5 73
5 41
5 57
5 26
5 79
5 62
5 63
6 1
6 66
6 69
6 33
6 8
6 84
6 53
6 23
6 25
6 61
7 34
7 6
7 40
7 45
7 78
7 81
7 88
8 1
8 69
8 70
8 33
8 17
8 84
8 23
8 25
8 28
8 61
9 32
9 51
9 66
9 27
9 39
9 41
9 30
9 7
9 47
9 83
9 53
9 73
9 26
9 79
9 62
9 63
10 1
10 66
10 69
10 39
10 7
10 83
10 53
10 23
10 25
10 61
11 30
11 32
11 71
11 4
11 38
11 7
11 31
11 9
11 79
11 43
11 77
11 47
11 51
11 57
11 73
11 41
11 36
11 26
11 27
11 62
11 63
12 2
12 4
12 21
12 24
12 31
12 32
12 36
12 38
12 43
12 47
12 50
12 51
12 56
12 57
12 60
12 63
12 68
12 71
12 72
12 74
12 75
12 77
12 87
13 58
13 46
13 5
13 22
14 30
14 51
14 66
14 27
14 32
14 7
14 31
14 9
14 57
14 43
14 79
14 71
14 83
14 53
14 73
14 41
14 39
14 26
14 47
14 62
14 63
15 2
15 4
15 21
15 24
15 31
15 32
15 36
15 38
15 43
15 47
15 50
15 51
15 56
15 57
15 60
15 63
15 68
15 71
15 72
15 74
15 75
15 77
15 87
16 2
16 35
16 68
16 37
16 76
16 42
16 75
16 44
16 14
16 80
16 56
16 50
16 67
16 87
16 24
16 55
16 59
16 60
16 29
17 1
17 69
17 70
17 33
17 8
17 84
17 23
17 25
17 28
17 61
18 1
18 69
18 70
18 33
18 8
18 17
18 84
18 23
18 25
18 28
18 61
19 2
19 4
19 21
19 24
19 31
19 35
19 36
19 38
19 42
19 43
19 47
19 50
19 56
19 57
19 60
19 68
19 71
19 72
19 74
19 75
19 77
19 87
20 64
20 80
20 34
20 67
20 44
20 45
20 15
20 48
20 81
20 3
20 88
21 11
22 20
23 66
23 69
23 39
23 9
23 30
23 7
23 79
23 83
23 53
23 41
23 25
23 27
23 61
23 62
24 17
24 18
24 11
24 52
24 65
25 1
25 69
25 70
25 33
25 8
25 84
25 23
25 28
25 61
26 65
26 70
26 11
26 17
26 18
26 52
26 28
27 65
27 18
27 11
27 52
28 32
28 4
28 38
28 71
28 72
28 73
28 74
28 43
28 77
28 47
28 51
28 21
28 57
28 36
28 26
28 31
28 63
29 2
29 4
29 21
29 24
29 31
29 32
29 35
29 36
29 38
29 43
29 47
29 50
29 51
29 56
29 57
29 60
29 63
29 68
29 71
29 72
29 74
29 75
29 77
29 87
30 64
30 80
30 34
30 3
30 45
30 78
30 15
30 48
30 81
30 88
31 1
31 66
31 69
31 39
31 8
31 53
31 23
31 25
31 33
31 61
32 1
32 66
32 69
32 70
32 33
32 8
32 84
32 53
32 23
32 25
32 61
33 65
33 70
33 8
33 17
33 18
33 84
33 52
33 28
34 17
34 18
34 11
34 52
34 65
35 33
35 70
35 65
35 8
35 17
35 18
35 84
35 52
35 28
36 32
36 51
36 66
36 27
36 7
36 9
36 30
36 39
36 47
36 83
36 53
36 73
36 41
36 57
36 26
36 79
36 62
36 63
37 32
37 51
37 27
37 36
37 7
37 31
37 9
37 30
37 43
37 79
37 71
37 83
37 57
37 73
37 41
37 39
37 26
37 47
37 62
37 63
38 18
38 11
38 52
39 65
39 70
39 8
39 17
39 18
39 84
39 52
39 28
40 18
40 11
40 52
41 66
41 7
41 9
41 30
41 39
41 79
41 83
41 53
41 73
41 23
41 26
41 27
41 62
42 1
42 69
42 70
42 65
42 8
42 17
42 84
42 25
42 33
42 28
43 18
43 11
43 52
44 1
44 66
44 69
44 39
44 83
44 53
44 23
44 25
44 33
44 61
45 33
45 70
45 65
45 8
45 17
45 18
45 84
45 52
45 28
46 18
46 11
46 52
47 11
48 1
48 69
48 70
48 33
48 8
48 17
48 84
48 23
48 25
48 28
48 61
49 66
49 7
49 9
49 30
49 39
49 79
49 83
49 53
49 73
49 41
49 23
49 26
49 27
49 61
49 62
50 1
50 69
50 70
50 33
50 8
50 17
50 84
50 23
50 25
50 28
50 61
51 33
51 70
51 65
51 8
51 17
51 18
51 84
51 52
51 28
52 66
52 7
52 9
52 30
52 39
52 79
52 83
52 53
52 73
52 41
52 23
52 26
52 27
52 61
52 62
53 66
53 39
53 9
53 7
53 79
53 83
53 30
53 73
53 41
53 26
53 27
53 62
54 20
55 33
55 70
55 65
55 8
55 17
55 18
55 84
55 52
55 28
56 65
56 18
56 11
56 52
57 33
57 70
57 65
57 8
57 17
57 18
57 84
57 52
57 28
58 20
59 1
59 69
59 70
59 65
59 8
59 17
59 84
59 25
59 33
59 28
60 2
60 35
60 68
60 37
60 76
60 42
60 75
60 44
60 14
60 80
60 56
60 50
60 67
60 87
60 24
60 55
60 59
60 29
61 66
61 7
61 9
61 30
61 39
61 79
61 83
61 53
61 73
61 41
61 23
61 26
61 27
61 62
62 65
62 70
62 8
62 17
62 18
62 84
62 52
62 28
63 18
63 11
63 52
64 49
64 10
64 20
65 79
65 32
65 4
65 38
65 71
65 31
65 9
65 57
65 43
65 77
65 47
65 51
65 21
65 73
65 41
65 36
65 26
65 27
65 30
65 63
66 1
66 33
66 70
66 65
66 8
66 17
66 84
66 28
67 17
67 18
67 11
67 52
67 65
68 1
68 69
68 70
68 33
68 8
68 84
68 23
68 25
68 28
68 61
69 30
69 32
69 71
69 4
69 38
69 7
69 31
69 9
69 79
69 43
69 77
69 47
69 51
69 57
69 73
69 41
69 36
69 26
69 27
69 62
69 63
70 5
70 6
70 40
70 46
70 82
70 22
71 1
71 66
71 69
71 39
71 8
71 53
71 23
71 25
71 33
71 61
72 33
72 70
72 65
72 8
72 17
72 18
72 84
72 52
72 28
73 17
73 18
73 11
73 52
73 65
74 65
74 70
74 8
74 17
74 18
74 84
74 52
74 28
75 1
75 66
75 69
75 39
75 83
75 53
75 23
75 25
75 33
75 61
76 1
76 69
76 70
76 33
76 8
76 17
76 84
76 23
76 25
76 28
76 61
77 33
77 70
77 65
77 8
77 17
77 84
77 52
77 28
78 1
78 66
78 69
78 39
78 7
78 83
78 53
78 23
78 25
78 61
78 62
79 1
79 66
79 69
79 39
79 7
79 83
79 53
79 23
79 25
79 61
79 62
80 65
80 70
80 17
80 18
80 84
80 52
80 28
81 20
82 20
83 33
83 70
83 65
83 8
83 17
83 18
83 84
83 52
83 28
84 1
84 69
84 70
84 33
84 8
84 23
84 25
84 28
84 61
85 13
87 1
87 69
87 70
87 33
87 8
87 84
87 23
87 25
87 28
87 61
88 1
88 69
88 70
88 65
88 8
88 17
88 84
88 25
88 33
88 28
