88
2 1
2 3
2 4
2 5
2 6
2 7
2 9
2 13
2 14
2 19
2 21
2 22
2 24
2 28
2 29
2 32
2 35
2 36
2 38
2 39
2 40
2 42
2 44
2 47
2 49
2 50
2 51
2 54
2 55
2 56
2 57
2 58
2 59
2 60
2 62
2 65
2 67
2 68
2 70
2 72
2 73
2 74
2 75
2 79
2 88
3 2
3 4
3 5
3 6
3 7
3 9
3 13
3 14
3 19
3 21
3 22
3 24
3 29
3 32
3 35
3 36
3 38
3 39
3 40
3 42
3 44
3 47
3 49
3 50
3 54
3 55
3 56
3 57
3 58
3 59
3 60
3 62
3 65
3 67
3 68
3 72
3 74
3 79
3 88
5 1
5 2
5 3
5 4
5 6
5 7
5 9
5 13
5 14
5 19
5 21
5 22
5 24
5 28
5 29
5 32
5 35
5 36
5 38
5 39
5 40
5 42
5 44
5 47
5 49
5 50
5 54
5 55
5 56
5 57
5 58
5 59
5 60
5 62
5 65
5 67
5 68
5 72
5 74
5 79
5 88
6 71
6 8
6 41
6 10
6 11
6 12
6 83
6 27
6 61
6 30
6 31
17 25
18 43
18 8
18 41
18 10
18 11
18 13
18 83
18 52
18 56
18 27
18 60
18 30
18 31
19 1
19 2
19 3
19 4
19 5
19 6
19 7
19 9
19 13
19 14
19 21
19 22
19 24
19 28
19 29
19 32
19 35
19 36
19 38
19 39
19 40
19 42
19 44
19 47
19 49
19 50
19 51
19 54
19 55
19 56
19 57
19 58
19 59
19 60
19 62
19 65
19 67
19 68
19 70
19 72
19 73
19 74
19 75
19 79
19 88
24 1
24 2
24 3
24 4
24 5
24 6
24 7
24 9
24 14
24 19
24 21
24 22
24 28
24 29
24 32
24 35
24 36
24 38
24 39
24 40
24 42
24 44
24 47
24 49
24 50
24 51
24 54
24 55
24 56
24 57
24 58
24 59
24 60
24 62
24 65
24 67
24 68
24 70
24 72
24 73
24 74
24 75
24 77
24 79
24 80
24 88
26 2
26 3
26 4
26 5
26 6
26 7
26 9
26 13
26 14
26 19
26 21
26 22
26 24
26 29
26 32
26 35
26 36
26 38
26 39
26 40
26 42
26 43
26 44
26 47
26 49
26 50
26 52
26 54
26 55
26 56
26 57
26 58
26 59
26 60
26 62
26 65
26 68
26 74
26 79
26 88
29 1
29 2
29 3
29 4
29 5
29 6
29 7
29 9
29 13
29 14
29 19
29 21
29 22
29 24
29 28
29 32
29 35
29 36
29 38
29 39
29 40
29 42
29 44
29 47
29 49
29 50
29 51
29 54
29 55
29 56
29 57
29 58
29 59
29 60
29 62
29 65
29 67
29 68
29 70
29 72
29 73
29 74
29 75
29 79
29 88
37 19
37 2
37 43
37 6
37 39
37 41
37 10
37 11
37 13
37 27
37 24
37 83
37 52
37 22
37 56
37 58
37 59
37 60
37 30
37 31
44 2
44 3
44 4
44 5
44 6
44 9
44 10
44 13
44 14
44 19
44 22
44 24
44 27
44 35
44 39
44 40
44 41
44 42
44 43
44 52
44 54
44 55
44 56
44 58
44 59
44 60
44 62
44 65
44 68
44 74
44 83
44 88
46 43
46 71
46 8
46 41
46 10
46 11
46 12
46 83
46 52
46 27
46 61
46 30
46 31
49 2
49 3
49 4
49 5
49 6
49 9
49 13
49 14
49 19
49 22
49 24
49 32
49 35
49 36
49 38
49 39
49 40
49 42
49 43
49 47
49 52
49 54
49 55
49 56
49 57
49 58
49 59
49 60
49 62
49 65
49 68
49 74
49 79
49 88
51 43
51 71
51 8
51 41
51 10
51 11
51 12
51 83
51 52
51 27
51 61
51 30
51 31
54 2
54 3
54 4
54 5
54 6
54 7
54 9
54 13
54 14
54 19
54 21
54 22
54 24
54 29
54 32
54 35
54 36
54 38
54 39
54 40
54 42
54 44
54 47
54 49
54 50
54 55
54 56
54 57
54 58
54 59
54 60
54 62
54 65
54 67
54 68
54 72
54 74
54 79
54 88
59 19
59 2
59 43
59 6
59 39
59 8
59 41
59 10
59 11
59 13
59 24
59 83
59 52
59 22
59 56
59 58
59 27
59 60
59 30
59 31
60 71
60 8
60 41
60 10
60 11
60 12
60 83
60 27
60 61
60 30
60 31
62 2
62 3
62 4
62 5
62 6
62 7
62 9
62 13
62 14
62 19
62 21
62 22
62 24
62 29
62 32
62 35
62 36
62 38
62 39
62 40
62 42
62 44
62 47
62 49
62 50
62 54
62 55
62 56
62 57
62 58
62 59
62 60
62 65
62 67
62 68
62 72
62 74
62 79
62 88
65 43
65 39
65 8
65 41
65 10
65 11
65 13
65 24
65 83
65 52
65 22
65 56
65 27
65 60
65 30
65 31
66 71
66 8
66 41
66 11
66 12
66 27
66 61
66 30
66 31
67 2
67 3
67 6
67 10
67 13
67 14
67 19
67 22
67 24
67 27
67 30
67 35
67 39
67 41
67 43
67 52
67 55
67 56
67 58
67 59
67 60
67 62
67 65
67 83
67 88
68 2
68 3
68 6
68 10
68 13
68 19
68 22
68 24
68 27
68 30
68 31
68 35
68 39
68 41
68 43
68 52
68 55
68 56
68 58
68 59
68 60
68 62
68 83
68 88
70 43
70 39
70 8
70 41
70 10
70 11
70 13
70 24
70 83
70 52
70 22
70 56
70 27
70 60
70 30
70 31
72 2
72 3
72 4
72 5
72 6
72 10
72 13
72 14
72 19
72 22
72 24
72 27
72 30
72 35
72 39
72 41
72 43
72 52
72 54
72 55
72 56
72 58
72 59
72 60
72 62
72 65
72 68
72 83
72 88
74 2
74 3
74 4
74 5
74 6
74 7
74 9
74 13
74 14
74 19
74 22
74 24
74 32
74 35
74 36
74 38
74 39
74 40
74 42
74 43
74 44
74 47
74 49
74 50
74 52
74 54
74 55
74 56
74 57
74 58
74 59
74 60
74 62
74 65
74 68
74 79
74 88
76 2
76 3
76 4
76 5
76 6
76 7
76 9
76 13
76 14
76 19
76 21
76 22
76 24
76 29
76 32
76 35
76 36
76 38
76 39
76 40
76 42
76 43
76 44
76 47
76 49
76 50
76 52
76 54
76 55
76 56
76 57
76 58
76 59
76 60
76 62
76 65
76 67
76 68
76 72
76 74
76 79
76 88
81 25
81 61
81 71
82 1
82 2
82 3
82 4
82 5
82 6
82 7
82 9
82 13
82 14
82 19
82 21
82 22
82 24
82 28
82 29
82 32
82 35
82 36
82 38
82 39
82 40
82 42
82 44
82 47
82 49
82 50
82 51
82 54
82 55
82 56
82 57
82 58
82 59
82 60
82 62
82 65
82 67
82 68
82 72
82 74
82 79
82 88
83 2
83 3
83 4
83 5
83 6
83 7
83 9
83 13
83 14
83 19
83 22
83 24
83 29
83 32
83 35
83 36
83 38
83 39
83 40
83 42
83 43
83 44
83 47
83 49
83 50
83 52
83 54
83 55
83 56
83 57
83 58
83 59
83 60
83 62
83 65
83 68
83 74
83 79
83 88
85 71
85 8
85 41
85 11
85 12
85 25
85 61
85 30
85 31
88 2
88 3
88 4
88 5
88 6
88 7
88 9
88 13
88 14
88 19
88 21
88 22
88 24
88 29
88 32
88 35
88 36
88 38
88 39
88 40
88 42
88 43
88 44
88 47
88 49
88 50
88 52
88 54
88 55
88 56
88 57
88 58
88 59
88 60
88 62
88 65
88 67
88 68
88 72
88 74
88 79
