88
1 8
1 11
1 78
1 17
1 18
1 20
1 46
1 88
1 28
1 63
2 1
2 4
2 6
2 8
2 11
2 46
2 15
2 17
2 18
2 20
2 78
2 88
2 28
2 62
2 63
3 1
3 2
3 4
3 6
3 8
3 73
3 11
3 78
3 15
3 18
3 52
3 54
3 24
3 27
3 28
3 62
3 63
4 1
4 2
4 6
4 8
4 73
4 11
4 78
4 15
4 18
4 52
4 54
4 24
4 27
4 28
4 62
4 63
5 1
5 2
5 4
5 6
5 8
5 73
5 11
5 78
5 15
5 24
5 18
5 52
5 54
5 88
5 27
5 28
5 62
5 63
6 8
6 11
6 78
6 17
6 18
6 20
6 46
6 88
6 28
6 63
7 1
7 2
7 4
7 6
7 8
7 73
7 11
7 78
7 15
7 18
7 52
7 54
7 24
7 27
7 28
7 62
7 63
9 1
9 2
9 4
9 6
9 8
9 73
9 11
9 78
9 15
9 18
9 52
9 54
9 24
9 27
9 28
9 62
9 63
10 8
10 11
10 78
10 17
10 18
10 20
10 46
10 88
10 28
10 63
11 8
11 78
11 17
11 18
11 20
11 46
11 88
11 28
11 63
12 8
12 11
12 78
12 17
12 18
12 20
12 46
12 88
12 28
12 63
13 1
13 2
13 4
13 6
13 8
13 11
13 46
13 15
13 17
13 18
13 20
13 78
13 88
13 28
13 62
13 63
14 8
14 78
14 17
14 18
14 20
14 46
14 88
14 28
14 63
15 1
15 2
15 4
15 6
15 8
15 11
15 46
15 17
15 18
15 52
15 78
15 54
15 88
15 20
15 27
15 28
15 62
15 63
16 8
16 11
16 78
16 15
16 17
16 18
16 20
16 46
16 88
16 28
16 63
19 66
19 4
19 6
19 73
19 52
19 54
19 23
19 24
19 27
19 62
21 59
22 1
22 2
22 4
22 6
22 73
22 11
22 66
22 15
22 52
22 54
22 23
22 24
22 27
22 62
25 66
25 59
25 23
26 1
26 2
26 4
26 6
26 8
26 73
26 11
26 66
26 78
26 15
26 52
26 54
26 24
26 27
26 62
27 8
27 11
27 78
27 17
27 18
27 20
27 46
27 88
27 28
27 63
29 1
29 2
29 4
29 6
29 73
29 66
29 15
29 52
29 54
29 23
29 24
29 27
29 62
30 1
30 2
30 4
30 6
30 73
30 11
30 66
30 15
30 52
30 54
30 23
30 24
30 27
30 62
31 1
31 2
31 4
31 6
31 73
31 11
31 66
31 15
31 52
31 54
31 23
31 24
31 27
31 62
32 8
32 78
32 17
32 18
32 20
32 46
32 88
32 28
32 63
33 66
33 59
33 23
34 1
34 2
34 4
34 6
34 73
34 11
34 66
34 15
34 52
34 54
34 24
34 27
34 62
35 66
35 59
35 23
36 1
36 2
36 4
36 6
36 73
36 66
36 15
36 52
36 54
36 23
36 24
36 27
36 62
37 1
37 2
37 4
37 6
37 73
37 66
37 52
37 54
37 23
37 24
37 27
37 62
38 1
38 2
38 4
38 6
38 73
38 66
38 15
38 52
38 54
38 23
38 24
38 27
38 62
39 1
39 2
39 4
39 6
39 73
39 11
39 66
39 15
39 52
39 54
39 24
39 27
39 62
40 1
40 2
40 4
40 6
40 8
40 73
40 11
40 66
40 15
40 52
40 54
40 24
40 27
40 62
41 1
41 2
41 4
41 6
41 8
41 11
41 46
41 15
41 17
41 18
41 52
41 78
41 54
41 88
41 20
41 27
41 28
41 62
41 63
42 1
42 2
42 4
42 6
42 8
42 73
42 11
42 78
42 15
42 18
42 52
42 54
42 24
42 27
42 28
42 62
42 63
43 1
43 2
43 4
43 6
43 8
43 11
43 46
43 15
43 17
43 18
43 52
43 78
43 54
43 88
43 20
43 27
43 28
43 62
43 63
44 1
44 2
44 4
44 6
44 8
44 73
44 11
44 78
44 15
44 18
44 52
44 54
44 24
44 27
44 28
44 62
44 63
45 1
45 2
45 4
45 6
45 73
45 11
45 66
45 15
45 52
45 54
45 24
45 27
45 62
47 66
47 59
47 23
48 1
48 2
48 4
48 6
48 8
48 73
48 11
48 78
48 15
48 18
48 52
48 54
48 24
48 27
48 28
48 62
48 63
49 8
49 11
49 78
49 17
49 18
49 20
49 46
49 88
49 28
49 63
51 1
51 2
51 4
51 6
51 8
51 73
51 11
51 66
51 15
51 52
51 54
51 24
51 27
51 62
53 59
55 1
55 2
55 4
55 6
55 8
55 73
55 11
55 46
55 15
55 17
55 18
55 52
55 78
55 54
55 88
55 20
55 27
55 28
55 62
55 63
56 1
56 2
56 4
56 6
56 8
56 73
56 11
56 78
56 15
56 52
56 54
56 24
56 27
56 62
57 1
57 2
57 4
57 6
57 73
57 66
57 52
57 54
57 23
57 24
57 27
57 62
58 1
58 2
58 4
58 6
58 8
58 73
58 11
58 66
58 78
58 15
58 52
58 54
58 24
58 27
58 62
60 1
60 2
60 4
60 6
60 73
60 11
60 66
60 15
60 52
60 54
60 23
60 24
60 27
60 62
61 1
61 2
61 4
61 6
61 8
61 73
61 11
61 66
61 78
61 15
61 52
61 54
61 24
61 27
61 62
65 1
65 66
65 4
65 6
65 73
65 52
65 54
65 23
65 24
65 27
65 62
66 1
66 2
66 4
66 6
66 8
66 11
66 46
66 15
66 17
66 18
66 52
66 78
66 54
66 88
66 20
66 27
66 28
66 62
66 63
67 66
67 59
67 23
68 66
68 59
68 23
69 1
69 2
69 4
69 6
69 8
69 73
69 11
69 78
69 15
69 18
69 52
69 54
69 24
69 27
69 28
69 62
69 63
70 1
70 2
70 4
70 6
70 8
70 73
70 11
70 46
70 15
70 17
70 18
70 52
70 78
70 54
70 88
70 27
70 28
70 62
70 63
71 1
71 2
71 4
71 6
71 73
71 11
71 66
71 15
71 52
71 54
71 23
71 24
71 27
71 62
72 1
72 2
72 4
72 6
72 73
72 11
72 66
72 15
72 52
72 54
72 23
72 24
72 27
72 62
73 1
73 2
73 4
73 6
73 8
73 11
73 46
73 15
73 17
73 18
73 20
73 78
73 88
73 28
73 62
73 63
74 1
74 2
74 4
74 6
74 73
74 11
74 66
74 15
74 52
74 54
74 24
74 27
74 62
75 1
75 2
75 4
75 6
75 73
75 66
75 15
75 52
75 54
75 23
75 24
75 27
75 62
76 66
76 59
76 23
77 1
77 2
77 4
77 6
77 73
77 11
77 66
77 15
77 52
77 54
77 23
77 24
77 27
77 62
78 1
78 2
78 4
78 6
78 8
78 11
78 46
78 15
78 17
78 18
78 20
78 88
78 28
78 62
78 63
79 59
80 1
80 2
80 4
80 6
80 8
80 73
80 11
80 46
80 15
80 17
80 18
80 52
80 78
80 54
80 88
80 20
80 27
80 28
80 62
80 63
82 1
82 2
82 4
82 6
82 73
82 11
82 66
82 15
82 52
82 54
82 23
82 24
82 27
82 62
83 1
83 2
83 4
83 6
83 8
83 73
83 11
83 78
83 15
83 18
83 52
83 54
83 24
83 27
83 28
83 62
83 63
84 1
84 2
84 4
84 6
84 8
84 73
84 11
84 24
84 46
84 15
84 17
84 18
84 52
84 78
84 54
84 88
84 27
84 28
84 62
84 63
85 59
86 1
86 2
86 4
86 6
86 73
86 66
86 15
86 52
86 54
86 23
86 24
86 27
86 62
87 8
87 11
87 78
87 17
87 18
87 20
87 46
87 88
87 28
87 63
