88
2 1
2 43
2 8
2 41
2 11
2 76
2 47
2 49
2 50
2 54
2 57
2 26
2 62
2 63
3 54
3 8
3 41
3 76
3 14
3 47
3 50
3 84
3 21
3 22
3 87
3 57
3 26
3 62
3 63
5 1
5 34
5 75
5 6
5 17
5 41
5 11
5 66
5 45
5 49
5 18
5 43
5 26
7 33
7 83
7 3
7 37
7 39
7 45
7 46
7 19
7 86
8 5
8 7
8 10
8 13
8 20
8 28
8 30
8 31
8 32
8 36
8 44
8 48
8 53
8 55
8 58
8 61
8 65
8 71
8 74
8 77
8 78
8 80
10 4
10 7
10 20
10 31
10 32
10 35
10 36
10 42
10 44
10 48
10 53
10 55
10 58
10 61
10 65
10 67
10 71
10 72
10 73
10 74
10 77
10 78
10 79
10 80
10 88
12 4
12 7
12 10
12 20
12 22
12 31
12 32
12 35
12 36
12 42
12 44
12 48
12 53
12 55
12 58
12 65
12 67
12 71
12 72
12 73
12 77
12 78
12 79
12 80
12 84
12 87
12 88
14 32
14 65
14 61
14 36
14 5
14 7
14 10
14 71
14 44
14 13
14 78
14 77
14 48
14 82
14 53
14 55
14 58
14 28
14 74
14 30
14 31
15 1
15 34
15 43
15 8
15 41
15 11
15 76
15 18
15 47
15 49
15 50
15 54
15 26
15 62
15 63
19 4
19 8
19 14
19 20
19 21
19 22
19 35
19 42
19 47
19 50
19 54
19 57
19 62
19 63
19 67
19 72
19 73
19 76
19 79
19 80
19 84
19 87
19 88
20 7
20 10
20 28
20 30
20 31
20 32
20 35
20 36
20 42
20 44
20 48
20 53
20 55
20 58
20 61
20 65
20 71
20 72
20 73
20 74
20 77
20 78
20 79
20 80
22 1
22 34
22 75
22 6
22 17
22 41
22 11
22 66
22 49
22 18
22 43
22 26
23 32
23 65
23 61
23 36
23 5
23 7
23 10
23 71
23 44
23 13
23 78
23 77
23 48
23 82
23 53
23 58
23 28
23 74
23 30
23 31
24 32
24 65
24 61
24 36
24 5
24 7
24 10
24 71
24 44
24 13
24 78
24 77
24 48
24 82
24 53
24 28
24 74
24 30
24 31
27 1
27 34
27 75
27 6
27 17
27 41
27 11
27 66
27 43
27 49
27 18
27 54
27 26
28 67
28 4
28 54
28 8
28 73
28 42
28 76
28 14
28 79
28 72
28 50
28 35
28 84
28 21
28 22
28 87
28 88
28 57
28 47
28 62
28 63
29 54
29 8
29 41
29 76
29 14
29 47
29 49
29 50
29 21
29 22
29 87
29 57
29 26
29 62
29 63
30 1
30 34
30 75
30 6
30 17
30 41
30 11
30 66
30 49
30 18
30 43
30 26
31 4
31 8
31 14
31 20
31 21
31 22
31 32
31 35
31 42
31 47
31 55
31 57
31 58
31 63
31 67
31 72
31 73
31 77
31 79
31 80
31 84
31 87
31 88
32 54
32 8
32 41
32 76
32 14
32 47
32 50
32 84
32 21
32 22
32 87
32 57
32 26
32 62
32 63
34 4
34 7
34 10
34 20
34 31
34 32
34 35
34 36
34 42
34 44
34 48
34 53
34 55
34 58
34 61
34 65
34 67
34 71
34 72
34 73
34 77
34 78
34 79
34 80
34 84
34 88
36 1
36 8
36 41
36 11
36 76
36 47
36 49
36 50
36 21
36 54
36 57
36 26
36 62
36 63
38 4
38 7
38 10
38 20
38 31
38 32
38 35
38 36
38 42
38 44
38 48
38 53
38 55
38 58
38 61
38 65
38 67
38 71
38 72
38 73
38 74
38 77
38 78
38 79
38 80
38 84
38 88
40 1
40 34
40 75
40 6
40 17
40 41
40 11
40 66
40 49
40 18
40 43
40 26
42 4
42 7
42 10
42 14
42 20
42 21
42 22
42 32
42 35
42 36
42 48
42 55
42 57
42 58
42 67
42 72
42 73
42 77
42 79
42 80
42 84
42 87
42 88
44 65
44 2
44 5
44 71
44 74
44 13
44 78
44 82
44 53
44 28
44 61
44 30
44 31
47 4
47 8
47 14
47 20
47 21
47 22
47 32
47 35
47 36
47 42
47 48
47 55
47 57
47 58
47 67
47 72
47 73
47 77
47 79
47 80
47 84
47 87
47 88
48 67
48 4
48 54
48 8
48 73
48 42
48 76
48 14
48 79
48 72
48 50
48 84
48 21
48 22
48 87
48 88
48 57
48 47
48 62
48 63
50 7
50 10
50 20
50 30
50 31
50 32
50 35
50 36
50 42
50 44
50 48
50 53
50 55
50 58
50 61
50 65
50 67
50 71
50 72
50 73
50 74
50 77
50 78
50 79
50 80
51 4
51 8
51 14
51 20
51 21
51 22
51 35
51 42
51 47
51 50
51 54
51 57
51 62
51 63
51 67
51 72
51 73
51 76
51 79
51 80
51 84
51 87
51 88
54 5
54 7
54 10
54 20
54 28
54 30
54 31
54 32
54 35
54 36
54 42
54 44
54 48
54 53
54 55
54 58
54 61
54 65
54 71
54 72
54 74
54 77
54 78
54 80
58 65
58 2
58 5
58 7
58 10
58 71
58 44
58 13
58 78
58 61
58 82
58 53
58 28
58 74
58 30
58 31
59 54
59 8
59 41
59 76
59 14
59 47
59 50
59 84
59 21
59 22
59 87
59 57
59 26
59 62
59 63
60 1
60 34
60 75
60 6
60 17
60 41
60 11
60 66
60 45
60 49
60 18
60 43
60 26
63 4
63 7
63 10
63 20
63 31
63 32
63 35
63 36
63 42
63 44
63 48
63 53
63 55
63 58
63 61
63 65
63 67
63 71
63 72
63 73
63 74
63 77
63 78
63 79
63 80
63 88
64 1
64 34
64 43
64 8
64 41
64 11
64 76
64 18
64 47
64 49
64 50
64 54
64 26
64 62
64 63
67 65
67 2
67 36
67 5
67 7
67 10
67 71
67 44
67 13
67 78
67 61
67 82
67 53
67 28
67 74
67 30
67 31
68 1
68 8
68 41
68 11
68 76
68 47
68 49
68 50
68 21
68 54
68 57
68 26
68 62
68 63
77 4
77 8
77 14
77 20
77 21
77 22
77 32
77 35
77 36
77 42
77 47
77 48
77 55
77 57
77 58
77 67
77 72
77 73
77 79
77 80
77 84
77 87
77 88
78 54
78 8
78 41
78 76
78 14
78 47
78 50
78 84
78 21
78 22
78 87
78 57
78 26
78 62
78 63
80 1
80 34
80 3
80 6
80 17
80 11
80 66
80 45
80 49
80 18
80 83
80 43
80 75
81 33
81 83
81 3
81 37
81 39
81 45
81 46
81 19
81 86
81 29
82 67
82 4
82 54
82 8
82 73
82 76
82 14
82 79
82 50
82 84
82 21
82 22
82 87
82 88
82 57
82 47
82 62
82 63
83 7
83 10
83 20
83 28
83 30
83 31
83 32
83 35
83 36
83 42
83 44
83 48
83 53
83 55
83 58
83 61
83 65
83 71
83 72
83 74
83 77
83 78
83 80
84 32
84 65
84 61
84 36
84 5
84 7
84 10
84 71
84 44
84 13
84 78
84 77
84 48
84 82
84 53
84 55
84 58
84 28
84 74
84 30
84 31
85 1
85 34
85 75
85 6
85 17
85 41
85 11
85 66
85 49
85 18
85 43
85 26
87 65
87 2
87 36
87 5
87 7
87 10
87 71
87 44
87 13
87 78
87 61
87 82
87 53
87 28
87 74
87 30
87 31
88 5
88 7
88 10
88 20
88 28
88 30
88 31
88 32
88 35
88 36
88 42
88 44
88 48
88 53
88 55
88 58
88 61
88 65
88 71
88 72
88 74
88 77
88 78
88 80
