88
1 73
1 58
1 43
1 36
1 20
2 33
2 3
2 68
2 69
2 38
2 65
2 72
2 41
2 42
2 71
2 29
2 80
2 81
2 75
2 54
2 57
2 49
2 28
2 61
2 62
3 51
3 67
3 35
3 37
3 6
3 9
3 76
3 77
3 14
3 44
3 83
3 78
3 87
3 13
3 31
4 2
4 70
4 47
4 56
4 21
4 23
4 24
5 33
5 35
5 65
5 9
5 74
5 87
5 44
5 13
5 78
5 29
5 67
5 41
5 57
5 61
6 4
6 11
6 46
6 50
6 20
6 86
6 25
6 58
9 32
9 34
9 69
9 71
9 72
9 79
9 48
9 49
9 85
9 22
9 88
11 2
11 37
11 6
11 83
11 76
11 77
11 14
11 47
11 24
11 51
11 52
11 21
11 23
11 56
11 70
11 60
13 43
13 4
13 73
13 11
13 46
13 20
13 86
13 25
13 58
14 2
14 70
14 47
14 56
14 21
14 23
14 24
14 60
17 40
17 26
17 19
17 30
19 64
19 55
19 63
19 53
19 5
20 1
20 84
20 53
20 55
21 66
21 27
21 4
21 39
21 82
21 46
21 50
21 59
22 80
22 3
22 68
22 69
22 38
22 71
22 72
22 42
22 75
22 79
22 48
22 81
22 85
22 88
22 49
22 28
22 62
23 32
23 34
23 69
23 71
23 79
23 48
23 49
23 85
23 22
23 88
24 33
24 3
24 38
24 65
24 9
24 42
24 75
24 44
24 78
24 29
24 81
24 74
24 54
24 41
24 57
24 28
24 61
24 62
25 1
25 84
26 83
26 67
26 37
26 6
26 76
26 13
26 14
26 77
26 51
26 52
26 21
26 23
26 56
26 47
26 60
26 31
27 2
27 70
27 47
27 24
27 52
27 21
27 23
27 56
27 60
28 2
28 37
28 6
28 83
28 76
28 77
28 14
28 47
28 24
28 51
28 52
28 21
28 23
28 56
28 70
28 60
29 51
29 67
29 35
29 37
29 6
29 44
29 76
29 77
29 14
29 13
29 83
29 52
29 87
29 31
30 64
30 5
30 7
30 53
30 55
30 63
31 73
31 34
31 43
31 36
32 7
33 65
33 35
33 38
33 9
33 74
33 87
33 44
33 78
33 29
33 67
33 54
33 41
33 57
33 61
33 62
34 32
34 71
34 79
34 48
34 49
34 85
34 22
34 88
35 66
35 27
35 39
35 45
35 82
35 59
36 83
36 67
36 37
36 6
36 76
36 13
36 14
36 77
36 51
36 52
36 87
36 60
36 31
37 32
37 34
37 69
37 71
37 72
37 79
37 48
37 49
37 85
37 22
37 88
38 32
38 73
38 34
38 36
39 83
39 67
39 37
39 6
39 76
39 13
39 14
39 77
39 51
39 52
39 87
39 60
39 31
41 32
41 34
41 36
41 79
42 33
42 3
42 68
42 69
42 38
42 71
42 72
42 41
42 75
42 80
42 48
42 81
42 85
42 22
42 88
42 49
42 54
42 28
42 62
43 32
43 80
43 3
43 68
43 69
43 71
43 72
43 75
43 79
43 48
43 49
43 85
43 22
43 88
44 64
44 5
44 7
45 83
45 35
45 37
45 9
45 74
45 44
45 13
45 78
45 67
45 87
45 29
45 31
46 51
46 67
46 35
46 37
46 6
46 76
46 77
46 14
46 13
46 83
46 52
46 87
46 31
47 73
47 58
47 11
47 20
47 43
48 2
48 37
48 6
48 83
48 76
48 77
48 14
48 13
48 24
48 51
48 52
48 21
48 23
48 56
48 70
48 47
48 60
48 31
49 73
49 58
49 43
49 36
49 20
50 2
50 70
50 47
50 56
50 21
50 23
50 24
50 60
51 32
51 80
51 3
51 68
51 69
51 71
51 72
51 42
51 75
51 79
51 48
51 49
51 85
51 22
51 88
52 80
52 3
52 68
52 69
52 71
52 72
52 42
52 75
52 79
52 48
52 81
52 85
52 22
52 88
52 49
53 67
53 35
53 37
53 9
53 74
53 44
53 13
53 14
53 83
53 78
53 87
53 29
53 31
54 32
54 34
54 36
54 79
54 85
54 22
54 88
55 33
55 3
55 68
55 38
55 65
55 9
55 42
55 75
55 29
55 80
55 81
55 74
55 54
55 41
55 57
55 28
55 61
55 62
56 33
56 3
56 38
56 65
56 9
56 42
56 75
56 44
56 78
56 29
56 81
56 35
56 74
56 54
56 41
56 57
56 28
56 61
56 62
57 7
58 33
58 35
58 38
58 65
58 9
58 74
58 87
58 44
58 78
58 29
58 67
58 54
58 41
58 57
58 61
58 62
59 8
60 33
60 3
60 68
60 69
60 38
60 65
60 72
60 41
60 42
60 71
60 80
60 81
60 75
60 54
60 57
60 49
60 28
60 61
60 62
61 64
61 5
61 7
61 53
61 55
61 63
62 33
62 3
62 68
62 69
62 38
62 65
62 72
62 41
62 42
62 71
62 80
62 81
62 75
62 54
62 57
62 49
62 28
62 61
63 32
63 34
63 36
63 79
63 85
63 22
63 88
64 83
64 67
64 37
64 6
64 76
64 13
64 14
64 77
64 51
64 52
64 87
64 60
64 31
65 2
65 37
65 6
65 83
65 76
65 77
65 14
65 47
65 24
65 51
65 52
65 21
65 23
65 56
65 70
65 60
66 2
66 70
66 47
66 56
66 21
66 23
66 24
67 32
67 80
67 34
67 68
67 69
67 71
67 72
67 79
67 48
67 49
67 85
67 22
67 88
68 33
68 3
68 69
68 38
68 71
68 72
68 80
68 42
68 75
68 48
68 81
68 85
68 22
68 88
68 49
68 54
68 28
68 62
69 88
69 32
69 34
69 36
69 79
70 4
70 11
70 46
70 50
70 20
70 86
70 25
70 58
71 64
71 5
71 7
72 33
72 35
72 38
72 65
72 9
72 42
72 75
72 44
72 78
72 29
72 81
72 74
72 54
72 41
72 57
72 28
72 61
72 62
73 64
73 5
73 7
73 53
73 55
73 63
74 65
74 35
74 37
74 9
74 44
74 13
74 78
74 67
74 87
74 57
74 29
74 31
75 2
75 37
75 6
75 83
75 76
75 77
75 14
75 47
75 24
75 51
75 52
75 21
75 23
75 56
75 70
75 60
75 31
76 32
76 34
76 68
76 69
76 71
76 72
76 79
76 48
76 49
76 85
76 22
76 88
77 33
77 3
77 68
77 69
77 38
77 65
77 72
77 41
77 42
77 71
77 80
77 48
77 81
77 75
77 54
77 57
77 49
77 28
77 61
77 62
78 7
79 65
79 35
79 9
79 74
79 87
79 44
79 13
79 78
79 29
79 67
79 41
79 57
79 61
80 83
80 67
80 37
80 6
80 76
80 13
80 14
80 77
80 51
80 52
80 87
80 56
80 47
80 60
80 31
81 66
81 59
81 4
81 11
81 46
81 50
81 86
81 25
81 27
82 33
82 35
82 38
82 65
82 9
82 74
82 87
82 44
82 13
82 78
82 29
82 67
82 54
82 41
82 57
82 61
82 62
83 33
83 3
83 38
83 65
83 9
83 42
83 75
83 44
83 78
83 29
83 81
83 35
83 74
83 54
83 41
83 57
83 28
83 61
83 62
84 65
84 35
84 37
84 9
84 74
84 44
84 13
84 78
84 67
84 87
84 57
84 29
84 31
85 51
85 67
85 35
85 37
85 6
85 76
85 77
85 14
85 13
85 83
85 52
85 87
85 31
86 64
86 5
86 7
86 53
86 55
86 63
87 80
87 3
87 68
87 69
87 38
87 71
87 72
87 42
87 75
87 48
87 81
87 85
87 22
87 88
87 49
87 54
87 28
87 62
88 51
88 2
88 70
88 6
88 76
88 77
88 14
88 47
88 24
88 83
88 52
88 21
88 23
88 56
88 60
