88
1 8
1 10
1 13
1 16
1 17
1 18
1 20
1 26
1 28
1 29
1 30
1 33
1 39
1 41
1 43
1 46
1 58
1 63
1 71
1 76
1 78
1 80
1 83
1 84
1 86
1 88
2 8
2 41
2 74
2 76
2 13
2 78
2 16
2 72
2 18
2 83
2 28
2 29
2 63
3 1
3 2
3 75
3 74
3 11
3 45
3 15
3 60
4 1
4 2
4 75
4 74
4 11
4 45
4 15
4 60
4 62
5 75
5 72
5 74
5 11
5 15
6 10
6 13
6 14
6 16
6 17
6 18
6 20
6 26
6 28
6 30
6 33
6 34
6 39
6 41
6 43
6 46
6 55
6 58
6 63
6 71
6 76
6 80
6 83
6 84
6 86
6 87
6 88
7 11
7 74
7 75
7 45
7 15
7 60
8 19
8 64
8 3
8 36
8 69
8 7
8 40
8 9
8 42
8 12
8 49
8 50
8 67
8 56
8 68
8 31
8 37
8 5
9 1
9 2
9 75
9 4
9 74
9 11
9 45
9 15
9 60
9 62
10 8
10 13
10 14
10 16
10 17
10 18
10 20
10 26
10 28
10 29
10 30
10 33
10 39
10 41
10 43
10 46
10 58
10 63
10 71
10 76
10 78
10 80
10 83
10 84
10 86
10 88
11 10
11 13
11 14
11 16
11 17
11 18
11 20
11 26
11 28
11 29
11 30
11 33
11 34
11 39
11 41
11 43
11 46
11 55
11 58
11 63
11 71
11 76
11 78
11 80
11 83
11 84
11 86
11 88
12 10
12 13
12 14
12 16
12 17
12 18
12 20
12 26
12 28
12 29
12 30
12 33
12 34
12 39
12 41
12 43
12 46
12 55
12 58
12 63
12 71
12 76
12 80
12 83
12 84
12 86
12 87
12 88
13 16
13 39
13 8
13 41
13 74
13 71
13 76
13 78
13 80
13 72
13 18
13 83
13 84
13 26
13 28
13 29
13 30
13 63
14 10
14 16
14 17
14 18
14 20
14 26
14 28
14 30
14 33
14 34
14 39
14 43
14 46
14 55
14 58
14 63
14 71
14 80
14 83
14 84
14 86
14 87
14 88
15 72
15 41
15 74
15 11
15 76
15 13
15 78
15 8
15 29
16 8
16 10
16 13
16 17
16 18
16 26
16 28
16 29
16 30
16 33
16 39
16 41
16 43
16 46
16 58
16 63
16 71
16 72
16 76
16 78
16 80
16 83
16 84
16 86
16 88
17 32
17 33
17 34
17 43
17 71
17 80
17 10
17 39
17 14
17 48
17 51
17 20
17 46
17 86
17 87
17 88
17 55
17 58
17 26
17 30
18 19
18 64
18 3
18 36
18 69
18 7
18 9
18 42
18 12
18 49
18 50
18 67
18 56
18 68
18 31
18 37
18 5
19 66
20 65
20 35
20 44
20 77
20 25
20 61
22 24
22 73
22 66
22 82
23 81
23 38
23 21
23 22
23 47
24 65
24 77
24 47
24 25
24 57
24 61
25 23
26 1
26 2
26 4
26 6
26 73
26 75
26 45
26 15
26 82
26 52
26 54
26 27
26 60
26 62
27 8
27 10
27 13
27 14
27 16
27 17
27 18
27 20
27 26
27 28
27 29
27 30
27 33
27 39
27 41
27 43
27 46
27 58
27 63
27 71
27 76
27 78
27 80
27 83
27 84
27 86
27 88
28 19
28 64
28 67
28 36
28 69
28 7
28 9
28 42
28 12
28 48
28 51
28 32
28 56
28 68
28 37
28 5
29 24
29 73
29 66
29 82
30 73
30 82
30 52
30 54
30 24
30 27
31 24
31 73
31 82
31 27
32 10
32 14
32 16
32 17
32 20
32 26
32 30
32 33
32 34
32 39
32 43
32 46
32 48
32 51
32 55
32 58
32 63
32 71
32 80
32 83
32 84
32 86
32 87
32 88
33 23
34 6
34 73
34 82
34 52
34 54
34 24
34 27
34 62
35 23
36 24
36 73
36 66
36 82
37 66
38 24
38 73
38 66
38 82
39 1
39 4
39 6
39 73
39 82
39 52
39 54
39 24
39 27
39 62
40 1
40 2
40 4
40 6
40 73
40 45
40 15
40 82
40 52
40 54
40 24
40 27
40 60
40 62
41 72
41 74
41 76
41 13
41 78
41 8
41 29
42 1
42 2
42 75
42 4
42 6
42 74
42 11
42 45
42 15
42 60
42 62
43 72
43 41
43 74
43 11
43 76
43 78
43 8
43 29
44 1
44 2
44 75
44 4
44 6
44 74
44 11
44 45
44 15
44 60
44 62
45 4
45 6
45 73
45 82
45 52
45 54
45 24
45 27
45 62
46 32
46 34
46 67
46 5
46 9
46 55
46 14
46 48
46 51
46 20
46 87
46 69
48 1
48 2
48 75
48 4
48 6
48 74
48 11
48 45
48 15
48 60
48 62
49 10
49 13
49 14
49 16
49 17
49 18
49 20
49 26
49 28
49 29
49 30
49 33
49 39
49 41
49 43
49 46
49 58
49 63
49 71
49 76
49 78
49 80
49 83
49 84
49 86
49 88
50 25
50 35
50 44
50 61
50 65
51 1
51 2
51 4
51 6
51 73
51 45
51 15
51 82
51 52
51 54
51 24
51 27
51 60
51 62
52 25
52 35
52 44
52 65
53 59
54 64
54 3
54 36
54 37
54 7
54 40
54 44
54 42
54 12
54 49
54 50
54 19
54 56
54 68
54 31
55 75
55 72
55 41
55 74
55 11
55 76
55 78
55 8
55 29
56 1
56 2
56 75
56 4
56 6
56 11
56 45
56 15
56 52
56 54
56 27
56 60
56 62
57 66
58 1
58 2
58 75
58 4
58 6
58 11
58 45
58 15
58 52
58 54
58 27
58 60
58 62
59 19
59 64
59 3
59 36
59 69
59 7
59 9
59 42
59 12
59 50
59 67
59 32
59 56
59 68
59 31
59 37
59 5
60 73
60 82
60 52
60 54
60 24
60 27
61 1
61 2
61 75
61 4
61 6
61 11
61 45
61 15
61 52
61 54
61 27
61 60
61 62
62 32
62 34
62 9
62 10
62 43
62 14
62 48
62 17
62 51
62 20
62 46
62 86
62 87
62 88
62 55
62 58
63 32
63 34
63 5
63 9
63 55
63 46
63 48
63 51
63 20
63 14
63 87
63 69
64 19
64 32
64 3
64 36
64 69
64 7
64 9
64 42
64 12
64 67
64 56
64 68
64 37
64 5
65 66
66 72
66 41
66 74
66 11
66 76
66 78
66 8
66 29
67 23
68 23
69 1
69 2
69 75
69 4
69 74
69 11
69 45
69 15
69 60
70 75
70 72
70 74
70 11
70 78
70 8
71 73
71 82
71 52
71 54
71 24
71 27
72 24
72 73
72 66
72 82
73 8
73 41
73 74
73 76
73 13
73 78
73 16
73 72
73 18
73 83
73 84
73 28
73 29
73 63
74 73
74 82
74 52
74 54
74 24
74 27
75 24
75 73
75 66
75 82
76 23
77 73
77 82
77 52
77 54
77 24
77 27
78 16
78 39
78 8
78 41
78 74
78 76
78 13
78 80
78 72
78 18
78 83
78 84
78 26
78 28
78 29
78 30
78 63
80 75
80 72
80 74
80 11
80 78
80 8
80 29
82 24
82 73
82 27
83 1
83 2
83 75
83 4
83 6
83 74
83 11
83 45
83 15
83 60
83 62
84 75
84 72
84 74
84 11
84 78
84 8
86 24
86 66
86 82
87 8
87 10
87 13
87 14
87 16
87 17
87 18
87 20
87 26
87 28
87 29
87 30
87 33
87 39
87 41
87 43
87 46
87 58
87 63
87 71
87 76
87 78
87 80
87 83
87 84
87 86
87 88
88 32
88 34
88 5
88 9
88 10
88 55
88 14
88 48
88 17
88 51
88 20
88 46
88 86
88 87
