88
4 17
4 57
4 45
4 86
4 37
5 37
5 17
5 45
5 49
5 53
5 86
5 23
5 57
9 1
9 2
9 11
9 14
9 15
9 20
9 21
9 28
9 32
9 33
9 34
9 36
9 40
9 46
9 54
9 56
9 59
9 65
9 67
9 70
9 72
9 73
9 74
9 76
9 78
9 80
9 84
9 85
9 87
9 88
12 3
12 11
12 14
12 15
12 19
12 20
12 21
12 28
12 33
12 34
12 40
12 43
12 46
12 55
12 56
12 59
12 63
12 65
12 67
12 69
12 70
12 71
12 73
12 74
12 75
12 76
12 78
12 79
12 80
12 82
12 84
12 85
12 87
12 88
14 1
14 2
14 11
14 15
14 19
14 20
14 21
14 28
14 32
14 33
14 34
14 36
14 40
14 46
14 54
14 55
14 56
14 59
14 65
14 67
14 70
14 72
14 73
14 74
14 76
14 78
14 80
14 84
14 85
14 87
14 88
16 51
16 17
16 5
16 39
16 10
16 44
16 45
16 49
16 83
16 53
16 23
16 57
16 61
20 3
20 10
20 11
20 12
20 14
20 19
20 21
20 28
20 33
20 34
20 40
20 43
20 46
20 55
20 56
20 59
20 63
20 65
20 67
20 69
20 70
20 71
20 73
20 74
20 75
20 78
20 79
20 80
20 82
20 84
20 85
20 87
24 51
24 3
24 17
24 5
24 39
24 12
24 10
24 75
24 44
24 49
24 82
24 83
24 53
24 23
24 57
24 61
24 69
25 3
25 5
25 10
25 12
25 14
25 19
25 23
25 33
25 39
25 43
25 44
25 49
25 51
25 53
25 55
25 61
25 63
25 69
25 71
25 75
25 79
25 82
25 83
27 51
27 3
27 17
27 5
27 39
27 12
27 10
27 43
27 44
27 79
27 49
27 82
27 83
27 53
27 23
27 57
27 75
27 61
27 69
28 1
28 2
28 9
28 11
28 14
28 15
28 20
28 21
28 32
28 34
28 36
28 40
28 46
28 50
28 54
28 56
28 59
28 65
28 67
28 70
28 72
28 73
28 74
28 76
28 78
28 80
28 84
28 85
28 87
28 88
29 17
29 57
29 45
29 86
29 37
30 45
30 86
30 37
31 1
31 2
31 11
31 14
31 15
31 19
31 20
31 21
31 28
31 32
31 33
31 34
31 36
31 40
31 46
31 55
31 56
31 59
31 63
31 65
31 67
31 70
31 71
31 72
31 73
31 74
31 76
31 78
31 80
31 84
31 85
31 87
31 88
35 3
35 10
35 11
35 12
35 14
35 19
35 20
35 21
35 28
35 33
35 34
35 40
35 43
35 46
35 55
35 56
35 59
35 63
35 65
35 67
35 69
35 70
35 71
35 73
35 74
35 75
35 78
35 79
35 80
35 82
35 84
35 85
35 87
36 1
36 2
36 11
36 14
36 15
36 19
36 20
36 21
36 28
36 32
36 33
36 34
36 40
36 43
36 46
36 55
36 56
36 59
36 63
36 65
36 67
36 70
36 71
36 72
36 73
36 74
36 76
36 78
36 79
36 80
36 84
36 85
36 87
36 88
38 2
38 11
38 14
38 15
38 19
38 20
38 21
38 28
38 32
38 33
38 34
38 40
38 43
38 46
38 55
38 56
38 59
38 63
38 65
38 67
38 70
38 71
38 72
38 73
38 74
38 76
38 78
38 79
38 80
38 82
38 84
38 85
38 87
38 88
40 3
40 5
40 10
40 12
40 19
40 23
40 33
40 39
40 43
40 44
40 49
40 51
40 53
40 55
40 61
40 63
40 69
40 71
40 75
40 79
40 82
40 83
41 3
41 5
41 10
41 12
41 19
41 23
41 33
41 39
41 43
41 44
41 49
41 51
41 53
41 55
41 61
41 63
41 69
41 71
41 75
41 79
41 82
41 83
42 37
42 17
42 44
42 45
42 49
42 53
42 86
42 23
42 57
42 5
46 3
46 10
46 12
46 14
46 19
46 20
46 21
46 28
46 33
46 34
46 40
46 43
46 55
46 56
46 59
46 63
46 65
46 67
46 69
46 71
46 73
46 74
46 75
46 78
46 79
46 80
46 82
46 83
46 84
46 85
46 87
47 3
47 5
47 10
47 12
47 14
47 19
47 20
47 28
47 33
47 39
47 40
47 43
47 44
47 51
47 53
47 55
47 56
47 59
47 61
47 63
47 67
47 69
47 71
47 74
47 75
47 79
47 82
47 83
47 84
47 85
48 2
48 11
48 12
48 14
48 15
48 19
48 20
48 21
48 28
48 32
48 33
48 34
48 40
48 43
48 46
48 55
48 56
48 59
48 63
48 65
48 67
48 70
48 71
48 73
48 74
48 76
48 78
48 79
48 80
48 82
48 84
48 85
48 87
48 88
50 37
50 45
50 17
50 86
50 23
50 57
51 1
51 2
51 9
51 11
51 14
51 15
51 20
51 21
51 28
51 32
51 34
51 36
51 40
51 46
51 50
51 54
51 56
51 59
51 65
51 67
51 70
51 72
51 73
51 74
51 76
51 78
51 80
51 84
51 85
51 87
51 88
55 3
55 11
55 12
55 14
55 15
55 19
55 20
55 21
55 28
55 33
55 34
55 40
55 43
55 46
55 56
55 59
55 63
55 65
55 67
55 69
55 70
55 71
55 73
55 74
55 75
55 76
55 78
55 79
55 80
55 82
55 84
55 85
55 87
55 88
58 1
58 2
58 9
58 11
58 15
58 20
58 21
58 28
58 32
58 34
58 36
58 40
58 46
58 50
58 54
58 56
58 59
58 65
58 67
58 70
58 72
58 73
58 74
58 76
58 78
58 80
58 84
58 85
58 87
58 88
68 11
68 12
68 14
68 15
68 19
68 20
68 21
68 28
68 32
68 33
68 34
68 40
68 43
68 46
68 55
68 56
68 59
68 63
68 65
68 67
68 69
68 70
68 71
68 73
68 74
68 76
68 78
68 79
68 80
68 82
68 84
68 85
68 87
68 88
70 17
70 57
70 45
70 86
70 37
71 1
71 2
71 9
71 11
71 15
71 21
71 28
71 32
71 34
71 36
71 40
71 46
71 50
71 52
71 54
71 56
71 59
71 60
71 65
71 67
71 70
71 72
71 73
71 74
71 76
71 78
71 80
71 84
71 85
71 87
71 88
77 1
77 2
77 9
77 11
77 15
77 21
77 28
77 32
77 34
77 36
77 40
77 46
77 50
77 54
77 56
77 59
77 60
77 65
77 67
77 70
77 72
77 73
77 74
77 76
77 78
77 80
77 84
77 85
77 87
77 88
81 51
81 17
81 5
81 39
81 10
81 44
81 49
81 83
81 53
81 23
81 57
81 61
82 17
82 57
82 45
82 86
82 37
83 1
83 2
83 11
83 14
83 15
83 19
83 20
83 21
83 28
83 32
83 33
83 34
83 40
83 43
83 46
83 55
83 56
83 59
83 63
83 65
83 67
83 70
83 71
83 72
83 73
83 74
83 76
83 78
83 80
83 84
83 85
83 87
83 88
84 3
84 10
84 12
84 14
84 19
84 20
84 21
84 28
84 33
84 34
84 39
84 40
84 43
84 55
84 56
84 59
84 63
84 65
84 67
84 69
84 71
84 73
84 74
84 75
84 78
84 79
84 80
84 82
84 83
84 85
84 87
85 11
85 12
85 14
85 15
85 19
85 20
85 21
85 28
85 33
85 34
85 40
85 43
85 46
85 55
85 56
85 59
85 63
85 65
85 67
85 69
85 70
85 71
85 73
85 74
85 75
85 76
85 78
85 79
85 80
85 82
85 84
85 87
85 88
87 3
87 10
87 12
87 14
87 19
87 20
87 21
87 28
87 33
87 34
87 39
87 40
87 43
87 51
87 55
87 56
87 59
87 63
87 65
87 67
87 69
87 71
87 73
87 74
87 75
87 78
87 79
87 80
87 82
87 83
87 84
87 85
