88
4 64
4 66
4 40
4 73
4 76
4 77
4 88
4 82
4 19
4 52
4 24
5 64
5 66
5 40
5 73
5 76
5 77
5 88
5 82
5 19
5 52
5 24
6 64
6 1
6 66
6 35
6 4
6 70
6 39
6 40
6 73
6 12
6 77
6 45
6 76
6 88
6 19
6 87
6 24
6 57
7 2
7 4
7 5
7 70
7 39
7 11
7 12
7 45
7 84
7 87
7 57
7 29
10 64
10 1
10 66
10 35
10 4
10 70
10 39
10 40
10 73
10 12
10 77
10 45
10 76
10 88
10 19
10 87
10 24
10 57
12 64
12 66
12 40
12 73
12 76
12 77
12 88
12 82
12 19
12 52
12 24
14 64
14 66
14 40
14 73
14 76
14 77
14 88
14 82
14 19
14 52
14 24
15 64
15 1
15 66
15 35
15 40
15 73
15 76
15 77
15 45
15 88
15 19
15 87
15 24
15 57
16 20
16 13
17 1
17 2
17 35
17 4
17 5
17 70
17 39
17 76
17 11
17 12
17 77
17 45
17 88
17 87
17 24
17 57
17 29
21 8
21 9
21 83
22 64
22 1
22 66
22 35
22 4
22 70
22 39
22 40
22 73
22 12
22 77
22 45
22 76
22 88
22 19
22 87
22 24
22 57
24 64
24 1
24 66
24 35
24 4
24 70
24 39
24 40
24 73
24 12
24 77
24 45
24 76
24 19
24 87
24 88
24 57
25 2
25 5
25 8
25 9
25 11
25 12
25 83
25 84
25 29
26 1
26 2
26 35
26 4
26 5
26 70
26 39
26 76
26 11
26 12
26 77
26 45
26 88
26 87
26 24
26 57
26 29
28 64
28 1
28 2
28 35
28 4
28 5
28 70
28 39
28 73
28 45
28 12
28 66
28 77
28 76
28 88
28 19
28 87
28 24
28 57
28 29
29 64
29 1
29 66
29 35
29 40
29 73
29 76
29 77
29 88
29 19
29 52
29 24
30 64
30 1
30 2
30 35
30 4
30 70
30 39
30 40
30 73
30 12
30 77
30 45
30 76
30 88
30 19
30 66
30 87
30 24
30 57
31 2
31 4
31 5
31 70
31 39
31 8
31 11
31 12
31 45
31 83
31 84
31 87
31 57
31 29
32 64
32 1
32 2
32 35
32 4
32 5
32 70
32 39
32 73
32 11
32 12
32 77
32 45
32 76
32 88
32 19
32 87
32 24
32 57
32 29
33 64
33 1
33 66
33 35
33 39
33 40
33 73
33 76
33 77
33 45
33 88
33 19
33 87
33 24
33 57
34 64
34 1
34 2
34 35
34 4
34 5
34 70
34 39
34 73
34 11
34 12
34 77
34 45
34 76
34 88
34 19
34 87
34 24
34 57
34 29
35 64
35 1
35 66
35 40
35 73
35 76
35 77
35 45
35 88
35 19
35 24
35 57
36 64
36 1
36 66
36 35
36 39
36 40
36 73
36 76
36 77
36 45
36 88
36 19
36 87
36 24
36 57
37 64
37 1
37 66
37 35
37 40
37 73
37 76
37 77
37 88
37 19
37 52
37 24
38 64
38 1
38 66
38 35
38 4
38 70
38 39
38 40
38 73
38 12
38 77
38 45
38 76
38 88
38 19
38 87
38 24
38 57
39 64
39 1
39 66
39 35
39 40
39 73
39 76
39 77
39 88
39 19
39 52
39 24
40 64
40 1
40 66
40 35
40 73
40 76
40 77
40 88
40 19
40 52
40 24
41 64
41 1
41 66
41 35
41 70
41 39
41 40
41 73
41 76
41 77
41 45
41 88
41 19
41 87
41 24
41 57
42 64
42 1
42 66
42 35
42 40
42 73
42 76
42 77
42 88
42 19
42 52
42 24
43 64
43 1
43 66
43 35
43 40
43 73
43 76
43 77
43 88
43 19
43 52
43 24
44 1
44 2
44 35
44 4
44 5
44 70
44 39
44 11
44 12
44 45
44 84
44 87
44 57
44 29
46 64
46 1
46 66
46 35
46 4
46 70
46 39
46 40
46 73
46 12
46 77
46 45
46 76
46 88
46 19
46 87
46 24
46 57
47 64
47 1
47 66
47 35
47 40
47 73
47 76
47 77
47 88
47 19
47 52
47 24
48 64
48 1
48 66
48 35
48 4
48 70
48 39
48 40
48 73
48 12
48 77
48 45
48 76
48 88
48 19
48 87
48 24
48 57
49 64
49 1
49 66
49 35
49 4
49 70
49 39
49 40
49 73
49 12
49 77
49 45
49 76
49 88
49 19
49 87
49 24
49 57
50 64
50 1
50 66
50 35
50 70
50 39
50 40
50 73
50 76
50 77
50 45
50 88
50 19
50 87
50 24
50 57
51 64
51 1
51 66
51 35
51 40
51 73
51 76
51 77
51 88
51 19
51 52
51 24
53 2
53 5
53 8
53 9
53 11
53 83
53 84
53 29
54 64
54 1
54 66
54 35
54 4
54 70
54 39
54 40
54 73
54 12
54 77
54 45
54 76
54 88
54 19
54 87
54 24
54 57
55 64
55 1
55 2
55 35
55 4
55 5
55 70
55 39
55 73
55 11
55 12
55 77
55 45
55 76
55 88
55 19
55 87
55 24
55 57
55 29
56 64
56 1
56 66
56 35
56 4
56 70
56 39
56 40
56 73
56 12
56 77
56 45
56 76
56 88
56 19
56 87
56 24
56 57
57 64
57 1
57 66
57 35
57 4
57 70
57 39
57 40
57 73
57 12
57 77
57 45
57 76
57 88
57 19
57 87
57 24
58 1
58 2
58 35
58 4
58 5
58 70
58 39
58 76
58 11
58 12
58 77
58 45
58 88
58 87
58 24
58 57
58 29
60 5
60 8
60 9
60 11
60 83
60 84
60 29
61 1
61 2
61 35
61 4
61 5
61 70
61 39
61 76
61 11
61 12
61 77
61 45
61 88
61 19
61 87
61 24
61 57
61 29
62 64
62 1
62 66
62 35
62 40
62 73
62 76
62 77
62 88
62 19
62 52
62 24
63 2
63 35
63 4
63 5
63 70
63 39
63 11
63 12
63 45
63 84
63 87
63 57
63 29
65 2
65 4
65 5
65 8
65 11
65 12
65 83
65 84
65 29
67 64
67 1
67 66
67 35
67 70
67 39
67 40
67 73
67 76
67 77
67 45
67 88
67 19
67 87
67 24
67 57
68 1
68 2
68 35
68 4
68 5
68 70
68 39
68 76
68 11
68 12
68 77
68 45
68 88
68 87
68 24
68 57
68 29
70 64
70 1
70 66
70 35
70 40
70 73
70 76
70 77
70 88
70 19
70 52
70 24
71 64
71 1
71 66
71 35
71 4
71 70
71 39
71 40
71 73
71 12
71 77
71 45
71 76
71 88
71 19
71 87
71 24
71 57
72 64
72 1
72 66
72 35
72 4
72 70
72 39
72 40
72 73
72 12
72 77
72 45
72 76
72 88
72 19
72 87
72 24
72 57
73 64
73 1
73 66
73 35
73 40
73 76
73 77
73 88
73 19
73 52
73 24
74 64
74 1
74 66
74 35
74 40
74 73
74 76
74 77
74 88
74 19
74 52
74 24
75 64
75 1
75 66
75 35
75 40
75 73
75 76
75 77
75 88
75 19
75 52
75 24
77 64
77 66
77 40
77 73
77 76
77 88
77 82
77 19
77 52
77 24
78 64
78 66
78 40
78 73
78 76
78 77
78 88
78 82
78 19
78 52
78 24
79 8
79 9
79 83
79 84
80 2
80 5
80 8
80 9
80 11
80 83
80 84
80 29
85 2
85 4
85 5
85 70
85 39
85 8
85 11
85 12
85 83
85 84
85 87
85 29
86 1
86 2
86 35
86 4
86 5
86 70
86 39
86 11
86 12
86 45
86 84
86 87
86 57
86 29
87 64
87 66
87 40
87 73
87 76
87 77
87 88
87 82
87 19
87 52
87 24
