88
1 2
1 9
1 10
1 14
1 22
1 23
1 30
1 32
1 33
1 34
1 36
1 38
1 39
1 40
1 42
1 43
1 47
1 48
1 50
1 51
1 53
1 55
1 59
1 65
1 68
1 70
1 71
1 72
1 73
1 74
1 82
1 84
1 85
1 88
3 1
3 8
3 10
3 11
3 14
3 22
3 23
3 25
3 32
3 33
3 34
3 36
3 38
3 39
3 43
3 47
3 50
3 51
3 53
3 55
3 59
3 61
3 65
3 68
3 71
3 72
3 73
3 74
3 84
3 85
3 88
4 1
4 8
4 9
4 10
4 14
4 22
4 23
4 30
4 32
4 33
4 34
4 36
4 38
4 39
4 40
4 42
4 43
4 47
4 48
4 50
4 51
4 53
4 55
4 59
4 65
4 68
4 70
4 71
4 72
4 73
4 74
4 82
4 84
4 85
4 88
7 54
7 18
7 3
7 5
7 6
14 1
14 8
14 10
14 11
14 22
14 25
14 33
14 34
14 36
14 39
14 43
14 47
14 50
14 51
14 53
14 55
14 59
14 61
14 65
14 68
14 71
14 72
14 73
14 74
14 84
14 85
14 88
15 1
15 8
15 10
15 11
15 14
15 22
15 23
15 25
15 32
15 33
15 34
15 36
15 38
15 39
15 42
15 43
15 47
15 50
15 51
15 53
15 55
15 59
15 61
15 65
15 68
15 71
15 72
15 73
15 74
15 84
15 85
15 88
19 1
19 2
19 9
19 12
19 13
19 23
19 27
19 28
19 29
19 30
19 32
19 36
19 37
19 38
19 40
19 41
19 42
19 43
19 44
19 45
19 46
19 48
19 56
19 57
19 58
19 70
19 77
19 78
19 81
19 82
19 84
19 85
19 88
20 1
20 8
20 10
20 11
20 14
20 22
20 23
20 30
20 32
20 33
20 34
20 36
20 38
20 39
20 40
20 42
20 43
20 47
20 50
20 51
20 53
20 55
20 59
20 65
20 68
20 70
20 71
20 72
20 73
20 74
20 82
20 84
20 85
20 88
24 1
24 2
24 9
24 12
24 13
24 22
24 23
24 27
24 28
24 29
24 30
24 32
24 33
24 36
24 38
24 40
24 42
24 43
24 44
24 47
24 48
24 51
24 55
24 56
24 58
24 65
24 68
24 70
24 72
24 77
24 78
24 82
24 84
24 85
24 88
26 1
26 2
26 9
26 10
26 14
26 22
26 23
26 30
26 32
26 33
26 34
26 36
26 38
26 39
26 40
26 42
26 43
26 47
26 48
26 50
26 51
26 53
26 55
26 59
26 65
26 68
26 70
26 71
26 72
26 73
26 74
26 82
26 84
26 85
26 88
30 1
30 2
30 9
30 12
30 13
30 22
30 23
30 27
30 28
30 29
30 32
30 33
30 36
30 38
30 40
30 42
30 43
30 44
30 47
30 48
30 51
30 55
30 56
30 58
30 65
30 68
30 70
30 72
30 77
30 78
30 82
30 84
30 85
30 88
31 1
31 8
31 9
31 10
31 11
31 14
31 22
31 23
31 30
31 32
31 33
31 34
31 36
31 38
31 39
31 40
31 42
31 43
31 47
31 50
31 51
31 53
31 55
31 59
31 65
31 68
31 70
31 71
31 72
31 73
31 74
31 82
31 84
31 85
31 88
35 1
35 2
35 9
35 12
35 13
35 22
35 23
35 27
35 28
35 29
35 30
35 32
35 33
35 36
35 38
35 40
35 42
35 43
35 44
35 47
35 48
35 50
35 51
35 53
35 55
35 58
35 59
35 65
35 68
35 70
35 72
35 78
35 82
35 84
35 85
35 88
49 1
49 2
49 9
49 12
49 13
49 22
49 23
49 27
49 28
49 29
49 30
49 32
49 33
49 36
49 38
49 40
49 42
49 43
49 44
49 47
49 48
49 50
49 51
49 53
49 55
49 58
49 59
49 65
49 68
49 70
49 72
49 78
49 82
49 84
49 85
49 88
52 1
52 2
52 9
52 12
52 13
52 22
52 23
52 27
52 28
52 29
52 30
52 32
52 33
52 36
52 38
52 40
52 42
52 43
52 44
52 46
52 48
52 51
52 55
52 56
52 57
52 58
52 68
52 70
52 77
52 78
52 82
52 84
52 85
52 88
62 2
62 9
62 12
62 13
62 27
62 28
62 29
62 30
62 37
62 40
62 41
62 44
62 45
62 46
62 48
62 56
62 57
62 58
62 70
62 77
62 78
62 81
62 82
63 2
63 37
63 77
63 9
63 44
63 45
63 12
63 13
63 48
63 81
63 29
63 46
63 54
63 41
63 56
63 57
63 58
63 27
63 28
63 78
64 1
64 2
64 9
64 12
64 13
64 22
64 23
64 27
64 28
64 29
64 30
64 32
64 33
64 36
64 38
64 40
64 42
64 43
64 44
64 47
64 48
64 51
64 55
64 56
64 58
64 68
64 70
64 72
64 77
64 78
64 82
64 84
64 85
64 88
66 2
66 37
66 77
66 41
66 44
66 45
66 12
66 13
66 48
66 81
66 29
66 46
66 54
66 56
66 57
66 58
66 27
66 28
66 78
67 1
67 8
67 9
67 10
67 11
67 14
67 22
67 23
67 30
67 32
67 33
67 34
67 36
67 38
67 39
67 40
67 42
67 43
67 47
67 50
67 51
67 53
67 55
67 59
67 65
67 68
67 70
67 71
67 72
67 73
67 74
67 82
67 84
67 85
67 88
69 2
69 9
69 12
69 13
69 27
69 28
69 29
69 30
69 37
69 40
69 41
69 42
69 44
69 45
69 46
69 48
69 56
69 57
69 58
69 70
69 77
69 78
69 81
69 82
75 1
75 8
75 10
75 11
75 14
75 22
75 23
75 25
75 32
75 33
75 34
75 36
75 38
75 39
75 43
75 47
75 50
75 51
75 53
75 55
75 59
75 61
75 65
75 68
75 71
75 72
75 73
75 74
75 84
75 85
75 88
76 1
76 2
76 9
76 12
76 13
76 22
76 23
76 27
76 28
76 29
76 30
76 32
76 33
76 36
76 38
76 40
76 42
76 43
76 44
76 46
76 48
76 51
76 55
76 56
76 57
76 58
76 68
76 70
76 77
76 78
76 81
76 82
76 84
76 85
76 88
79 1
79 8
79 9
79 10
79 14
79 22
79 23
79 30
79 32
79 33
79 34
79 36
79 38
79 39
79 40
79 42
79 43
79 47
79 50
79 51
79 53
79 55
79 59
79 65
79 68
79 70
79 71
79 72
79 73
79 74
79 82
79 84
79 85
79 88
80 1
80 2
80 9
80 10
80 12
80 14
80 22
80 23
80 27
80 28
80 30
80 32
80 33
80 34
80 36
80 38
80 39
80 40
80 42
80 43
80 44
80 47
80 48
80 50
80 51
80 53
80 55
80 58
80 59
80 65
80 68
80 70
80 71
80 72
80 74
80 82
80 84
80 85
80 88
83 1
83 2
83 9
83 12
83 13
83 22
83 23
83 27
83 28
83 29
83 30
83 32
83 33
83 36
83 38
83 40
83 42
83 43
83 44
83 46
83 48
83 55
83 56
83 57
83 58
83 70
83 77
83 78
83 81
83 82
83 84
83 85
83 88
85 1
85 8
85 9
85 10
85 14
85 22
85 23
85 30
85 32
85 33
85 34
85 36
85 38
85 39
85 40
85 42
85 43
85 47
85 48
85 50
85 51
85 53
85 55
85 59
85 65
85 68
85 70
85 71
85 72
85 73
85 74
85 82
85 84
85 88
86 3
86 37
86 6
86 41
86 45
86 46
86 81
86 18
86 54
86 57
88 1
88 8
88 10
88 11
88 14
88 22
88 23
88 25
88 30
88 32
88 33
88 34
88 36
88 38
88 39
88 42
88 43
88 47
88 50
88 51
88 53
88 55
88 59
88 65
88 68
88 70
88 71
88 72
88 73
88 74
88 82
88 84
88 85
