88
1 64
1 34
1 37
1 38
1 7
1 8
1 10
1 12
1 46
1 47
1 80
1 17
1 21
1 25
1 57
2 64
2 34
2 37
2 38
2 7
2 8
2 10
2 12
2 46
2 47
2 80
2 17
2 21
2 25
2 57
3 64
3 34
3 37
3 38
3 7
3 8
3 10
3 12
3 46
3 47
3 80
3 17
3 21
3 25
3 57
5 64
5 34
5 37
5 38
5 7
5 40
5 10
5 12
5 46
5 47
5 80
5 17
5 21
5 25
5 57
9 70
9 15
9 49
9 19
9 20
9 22
9 29
11 64
11 4
11 37
11 38
11 7
11 8
11 10
11 12
11 46
11 47
11 49
11 82
11 19
11 17
11 25
11 57
11 21
13 4
13 70
13 17
13 8
13 15
13 49
13 82
13 19
13 20
13 22
13 29
15 4
15 70
15 8
15 49
15 82
15 19
15 20
15 22
15 29
16 70
16 6
16 15
16 20
16 22
16 29
18 64
18 4
18 70
18 17
18 8
18 12
18 46
18 47
18 49
18 82
18 19
18 20
18 21
18 57
18 29
19 64
19 34
19 37
19 38
19 7
19 8
19 10
19 12
19 46
19 47
19 80
19 17
19 21
19 25
19 57
23 16
23 6
23 29
23 22
23 15
24 64
24 34
24 4
24 37
24 38
24 7
24 8
24 10
24 12
24 46
24 47
24 17
24 82
24 19
24 21
24 25
24 57
26 4
26 70
26 17
26 8
26 46
26 47
26 49
26 82
26 19
26 20
26 21
26 22
26 29
27 64
27 4
27 37
27 38
27 7
27 8
27 10
27 12
27 46
27 47
27 49
27 82
27 19
27 17
27 25
27 57
27 21
28 64
28 34
28 37
28 38
28 7
28 8
28 10
28 12
28 46
28 47
28 80
28 17
28 21
28 25
28 57
29 64
29 4
29 37
29 38
29 7
29 8
29 10
29 12
29 46
29 47
29 49
29 82
29 19
29 17
29 25
29 57
29 21
31 64
31 4
31 37
31 70
31 7
31 8
31 10
31 12
31 46
31 47
31 49
31 82
31 19
31 20
31 17
31 57
31 21
32 64
32 4
32 37
32 70
32 7
32 8
32 10
32 12
32 46
32 47
32 49
32 82
32 19
32 20
32 17
32 57
32 21
33 64
33 34
33 4
33 37
33 38
33 7
33 8
33 10
33 12
33 46
33 47
33 17
33 82
33 19
33 21
33 25
33 57
35 64
35 4
35 37
35 7
35 8
35 10
35 12
35 46
35 47
35 49
35 82
35 19
35 17
35 25
35 57
35 21
36 64
36 4
36 37
36 70
36 17
36 8
36 12
36 46
36 47
36 49
36 82
36 19
36 20
36 21
36 57
39 64
39 34
39 4
39 37
39 38
39 7
39 8
39 10
39 12
39 46
39 47
39 17
39 82
39 19
39 21
39 25
39 57
41 4
41 70
41 17
41 8
41 46
41 47
41 49
41 82
41 19
41 20
41 21
41 22
41 29
42 64
42 34
42 4
42 37
42 38
42 7
42 8
42 10
42 12
42 46
42 47
42 80
42 17
42 82
42 21
42 25
42 57
43 64
43 34
43 37
43 38
43 7
43 40
43 10
43 12
43 46
43 47
43 80
43 17
43 21
43 25
43 57
44 64
44 34
44 37
44 38
44 7
44 8
44 10
44 12
44 46
44 47
44 80
44 17
44 21
44 25
44 57
45 64
45 34
45 4
45 37
45 38
45 7
45 8
45 10
45 12
45 46
45 47
45 17
45 82
45 19
45 21
45 25
45 57
47 64
47 34
47 37
47 38
47 7
47 40
47 10
47 12
47 46
47 80
47 17
47 21
47 25
47 57
48 64
48 4
48 37
48 70
48 7
48 8
48 10
48 12
48 46
48 47
48 49
48 82
48 19
48 20
48 17
48 57
48 21
50 64
50 34
50 37
50 38
50 7
50 8
50 10
50 12
50 46
50 47
50 80
50 17
50 21
50 25
50 57
51 70
51 6
51 15
51 16
51 20
51 22
51 29
52 70
52 6
52 15
52 16
52 20
52 22
52 29
53 4
53 70
53 17
53 8
53 49
53 82
53 19
53 20
53 22
53 29
54 4
54 70
54 15
54 49
54 82
54 19
54 20
54 22
54 29
55 64
55 34
55 4
55 37
55 38
55 7
55 8
55 10
55 12
55 46
55 47
55 17
55 82
55 19
55 21
55 25
55 57
56 64
56 34
56 37
56 38
56 7
56 8
56 10
56 12
56 46
56 47
56 80
56 17
56 21
56 25
56 57
57 64
57 34
57 37
57 38
57 7
57 8
57 10
57 12
57 46
57 47
57 80
57 17
57 21
57 25
58 4
58 70
58 17
58 8
58 46
58 47
58 49
58 82
58 19
58 20
58 21
58 22
58 57
58 29
59 4
59 70
59 17
59 8
59 15
59 49
59 82
59 19
59 20
59 22
59 29
60 4
60 70
60 8
60 15
60 49
60 82
60 19
60 20
60 22
60 29
61 64
61 34
61 4
61 37
61 38
61 7
61 8
61 10
61 12
61 46
61 47
61 80
61 17
61 82
61 19
61 21
61 25
61 57
62 4
62 70
62 8
62 15
62 49
62 82
62 19
62 20
62 22
62 29
63 64
63 34
63 37
63 38
63 7
63 8
63 10
63 12
63 46
63 47
63 80
63 17
63 21
63 25
63 57
65 64
65 4
65 37
65 7
65 8
65 10
65 12
65 46
65 47
65 49
65 82
65 19
65 17
65 25
65 57
65 21
66 16
66 6
66 15
67 4
67 70
67 8
67 15
67 49
67 82
67 19
67 20
67 22
67 29
68 64
68 34
68 37
68 38
68 7
68 8
68 10
68 12
68 46
68 47
68 80
68 17
68 21
68 25
68 57
69 4
69 70
69 8
69 15
69 49
69 82
69 19
69 20
69 22
69 29
71 64
71 34
71 4
71 37
71 38
71 7
71 8
71 10
71 12
71 46
71 47
71 17
71 82
71 19
71 21
71 25
71 57
72 4
72 70
72 8
72 15
72 49
72 82
72 19
72 20
72 22
72 29
73 64
73 4
73 37
73 38
73 7
73 8
73 10
73 12
73 46
73 47
73 49
73 82
73 19
73 17
73 25
73 57
73 21
74 64
74 4
74 37
74 70
74 7
74 8
74 10
74 12
74 46
74 47
74 49
74 82
74 19
74 20
74 17
74 25
74 57
74 21
75 64
75 34
75 37
75 38
75 7
75 8
75 10
75 12
75 46
75 47
75 80
75 17
75 21
75 25
75 57
76 64
76 34
76 4
76 37
76 38
76 7
76 8
76 10
76 12
76 46
76 47
76 80
76 17
76 82
76 21
76 25
76 57
77 64
77 34
77 4
77 37
77 38
77 7
77 8
77 10
77 12
77 46
77 47
77 80
77 17
77 82
77 19
77 21
77 25
77 57
78 64
78 4
78 70
78 17
78 8
78 12
78 46
78 47
78 49
78 82
78 19
78 20
78 21
78 57
79 64
79 34
79 37
79 38
79 7
79 40
79 10
79 12
79 46
79 47
79 80
79 17
79 21
79 25
79 57
81 4
81 70
81 15
81 49
81 82
81 19
81 20
81 22
81 29
83 4
83 70
83 8
83 15
83 49
83 82
83 19
83 20
83 22
83 29
84 4
84 70
84 17
84 8
84 49
84 82
84 19
84 20
84 22
84 29
85 4
85 70
85 17
85 8
85 15
85 49
85 82
85 19
85 20
85 22
85 29
86 4
86 70
86 17
86 8
86 49
86 82
86 19
86 20
86 22
86 29
87 64
87 34
87 4
87 37
87 38
87 7
87 8
87 10
87 12
87 46
87 47
87 80
87 17
87 82
87 21
87 25
87 57
88 64
88 4
88 70
88 17
88 8
88 12
88 46
88 47
88 49
88 82
88 19
88 20
88 21
88 57
88 29
