88
1 3
1 7
1 10
1 12
1 17
1 18
1 21
1 25
1 26
1 30
1 33
1 34
1 36
1 37
1 38
1 42
1 46
1 47
1 48
1 55
1 57
1 64
1 87
2 3
2 7
2 10
2 12
2 17
2 18
2 21
2 25
2 26
2 30
2 33
2 34
2 37
2 38
2 42
2 46
2 47
2 48
2 55
2 57
2 64
2 87
3 2
3 7
3 10
3 12
3 14
3 17
3 18
3 21
3 25
3 26
3 30
3 33
3 34
3 36
3 37
3 38
3 42
3 46
3 47
3 48
3 55
3 57
3 64
3 87
5 1
5 2
5 3
5 7
5 10
5 11
5 12
5 14
5 18
5 21
5 25
5 26
5 33
5 34
5 36
5 37
5 38
5 42
5 46
5 47
5 48
5 50
5 55
5 57
5 64
5 71
5 80
5 87
9 70
9 20
9 29
9 22
9 15
11 64
11 4
11 8
11 12
11 46
11 47
11 17
11 82
11 84
11 21
11 57
11 30
13 4
13 70
13 8
13 49
13 82
13 19
13 84
13 22
13 20
13 29
15 4
15 70
15 49
15 82
15 19
15 20
15 22
15 29
16 29
16 22
16 15
18 4
18 17
18 8
18 49
18 82
18 19
18 84
18 30
19 64
19 33
19 34
19 3
19 37
19 38
19 7
19 10
19 87
19 12
19 46
19 47
19 48
19 17
19 18
19 57
19 21
19 55
19 25
19 42
19 30
23 16
23 6
23 15
24 64
24 37
24 7
24 8
24 10
24 12
24 46
24 47
24 17
24 18
24 84
24 21
24 25
24 57
24 30
26 4
26 70
26 17
26 8
26 49
26 82
26 19
26 84
26 20
26 30
27 64
27 4
27 8
27 12
27 46
27 47
27 17
27 82
27 19
27 84
27 21
27 57
27 30
28 3
28 7
28 10
28 12
28 17
28 18
28 21
28 25
28 26
28 30
28 33
28 34
28 36
28 37
28 38
28 42
28 46
28 47
28 48
28 55
28 57
28 64
28 87
29 64
29 4
29 8
29 12
29 46
29 47
29 17
29 82
29 19
29 84
29 21
29 57
29 30
31 4
31 8
31 46
31 47
31 17
31 82
31 19
31 84
31 21
31 30
32 4
32 8
32 46
32 47
32 17
32 82
32 19
32 84
32 21
32 57
32 30
33 64
33 37
33 7
33 8
33 10
33 12
33 46
33 47
33 17
33 18
33 84
33 21
33 25
33 57
33 30
35 4
35 8
35 12
35 46
35 47
35 17
35 82
35 19
35 84
35 21
35 57
35 30
36 4
36 17
36 8
36 47
36 49
36 82
36 19
36 84
36 21
36 30
39 64
39 37
39 38
39 7
39 8
39 10
39 12
39 46
39 47
39 17
39 18
39 84
39 21
39 25
39 57
39 30
41 4
41 70
41 17
41 8
41 49
41 82
41 19
41 84
41 20
41 30
42 64
42 33
42 37
42 38
42 7
42 10
42 87
42 12
42 46
42 47
42 17
42 18
42 25
42 21
42 55
42 57
42 30
43 1
43 2
43 3
43 7
43 10
43 12
43 14
43 17
43 18
43 21
43 25
43 26
43 33
43 34
43 36
43 37
43 38
43 42
43 46
43 47
43 48
43 50
43 55
43 57
43 64
43 80
43 87
44 1
44 2
44 3
44 7
44 10
44 12
44 14
44 17
44 18
44 21
44 25
44 26
44 30
44 33
44 34
44 36
44 37
44 38
44 42
44 46
44 47
44 48
44 55
44 57
44 64
44 87
45 64
45 37
45 7
45 8
45 10
45 12
45 46
45 47
45 17
45 18
45 84
45 21
45 25
45 57
45 30
47 1
47 2
47 3
47 7
47 10
47 12
47 14
47 18
47 21
47 25
47 26
47 33
47 34
47 36
47 37
47 38
47 42
47 46
47 48
47 50
47 55
47 57
47 64
47 80
47 87
48 4
48 17
48 8
48 47
48 49
48 82
48 19
48 84
48 21
48 30
50 3
50 7
50 10
50 12
50 17
50 18
50 21
50 25
50 26
50 30
50 33
50 34
50 36
50 37
50 38
50 42
50 46
50 47
50 48
50 55
50 57
50 64
50 87
51 22
51 15
52 29
52 22
52 15
53 4
53 70
53 8
53 49
53 82
53 19
53 84
53 20
54 70
54 15
54 49
54 20
54 22
54 29
55 64
55 37
55 38
55 7
55 8
55 10
55 12
55 46
55 47
55 17
55 18
55 84
55 21
55 25
55 57
55 30
56 64
56 33
56 34
56 3
56 37
56 38
56 7
56 10
56 87
56 12
56 46
56 47
56 48
56 17
56 18
56 57
56 21
56 55
56 25
56 42
56 30
57 64
57 33
57 34
57 3
57 37
57 38
57 7
57 10
57 87
57 12
57 46
57 47
57 48
57 17
57 18
57 21
57 55
57 25
57 26
57 42
57 30
58 4
58 70
58 17
58 8
58 49
58 82
58 19
58 84
58 20
58 30
59 4
59 70
59 8
59 49
59 82
59 19
59 84
59 22
59 20
59 29
60 70
60 15
60 49
60 19
60 20
60 22
60 29
61 64
61 33
61 37
61 38
61 7
61 10
61 12
61 46
61 47
61 17
61 18
61 25
61 21
61 55
61 57
61 30
62 4
62 70
62 49
62 82
62 19
62 20
62 22
62 29
63 3
63 7
63 10
63 12
63 17
63 18
63 21
63 25
63 26
63 30
63 33
63 34
63 37
63 38
63 42
63 46
63 47
63 48
63 55
63 57
63 64
63 87
65 64
65 4
65 8
65 12
65 46
65 47
65 17
65 82
65 19
65 84
65 21
65 57
65 30
66 16
66 6
67 4
67 70
67 49
67 82
67 19
67 20
67 22
67 29
68 1
68 2
68 3
68 7
68 10
68 12
68 14
68 17
68 18
68 21
68 25
68 26
68 33
68 34
68 36
68 37
68 38
68 42
68 46
68 47
68 48
68 55
68 57
68 64
68 87
69 4
69 70
69 15
69 49
69 82
69 19
69 20
69 22
69 29
71 64
71 37
71 38
71 7
71 8
71 10
71 12
71 46
71 47
71 17
71 18
71 84
71 21
71 25
71 57
71 30
72 4
72 70
72 8
72 49
72 82
72 19
72 84
72 22
72 20
72 29
73 64
73 4
73 8
73 12
73 46
73 47
73 17
73 82
73 19
73 84
73 21
73 57
73 30
74 4
74 8
74 46
74 47
74 17
74 82
74 19
74 84
74 21
74 57
74 30
75 64
75 33
75 34
75 3
75 37
75 38
75 7
75 10
75 87
75 12
75 46
75 47
75 48
75 17
75 18
75 57
75 21
75 55
75 25
75 42
75 30
76 64
76 33
76 37
76 38
76 7
76 10
76 87
76 12
76 46
76 47
76 17
76 18
76 25
76 21
76 55
76 57
76 30
77 64
77 37
77 38
77 7
77 8
77 10
77 12
77 46
77 47
77 17
77 18
77 21
77 25
77 57
77 30
78 4
78 17
78 8
78 49
78 82
78 19
78 84
78 30
79 1
79 2
79 3
79 7
79 10
79 11
79 12
79 14
79 18
79 21
79 25
79 26
79 33
79 34
79 36
79 37
79 38
79 42
79 46
79 47
79 48
79 50
79 55
79 56
79 57
79 64
79 71
79 80
79 87
81 70
81 15
81 49
81 20
81 22
81 29
83 4
83 70
83 15
83 49
83 82
83 19
83 20
83 22
83 29
84 4
84 70
84 8
84 49
84 82
84 19
84 20
85 4
85 70
85 8
85 49
85 82
85 19
85 84
85 22
85 20
85 29
86 4
86 70
86 8
86 49
86 82
86 19
86 84
86 20
86 29
87 64
87 33
87 37
87 38
87 7
87 10
87 12
87 46
87 47
87 17
87 18
87 25
87 21
87 55
87 57
87 30
88 4
88 17
88 8
88 49
88 82
88 19
88 84
88 30
