88
2 13
2 25
2 26
2 33
2 34
2 37
2 41
2 43
2 48
2 53
2 57
2 58
2 60
2 61
2 62
2 64
2 66
2 72
2 74
2 75
2 76
2 78
2 80
2 87
2 88
3 1
3 34
3 33
3 38
3 39
3 43
3 50
3 19
3 87
3 88
3 60
3 61
4 64
4 1
4 34
4 33
4 39
4 80
4 43
4 48
4 50
4 87
4 88
4 60
4 61
4 62
7 1
7 34
7 33
7 38
7 39
7 43
7 48
7 50
7 19
7 87
7 88
7 60
7 61
8 6
8 9
8 15
8 25
8 26
8 37
8 41
8 42
8 53
8 56
8 57
8 63
8 65
8 66
8 71
8 72
8 73
8 74
8 75
8 76
8 78
8 84
10 13
10 25
10 26
10 33
10 34
10 37
10 39
10 41
10 43
10 48
10 53
10 57
10 58
10 60
10 61
10 62
10 64
10 66
10 76
10 78
10 80
10 87
10 88
11 65
11 6
11 71
11 72
11 9
11 42
11 75
11 46
11 15
11 84
11 78
11 73
11 41
11 56
11 25
11 74
11 63
12 65
12 66
12 37
12 6
12 72
12 73
12 42
12 75
12 76
12 78
12 15
12 57
12 84
12 41
12 9
12 56
12 25
12 26
12 63
12 74
12 53
13 64
13 33
13 34
13 39
13 80
13 43
13 48
13 50
13 87
13 88
13 60
13 61
13 62
14 1
14 34
14 33
14 38
14 39
14 50
14 19
14 87
14 88
14 60
14 61
16 65
16 70
16 6
16 71
16 8
16 9
16 23
16 46
16 84
16 86
16 55
17 13
17 25
17 26
17 33
17 34
17 37
17 41
17 43
17 48
17 53
17 57
17 58
17 60
17 61
17 62
17 64
17 66
17 72
17 75
17 76
17 78
17 80
17 87
17 88
18 65
18 66
18 37
18 6
18 72
18 73
18 42
18 75
18 76
18 78
18 15
18 57
18 84
18 41
18 9
18 56
18 25
18 26
18 63
18 74
18 53
20 4
20 5
20 70
20 8
20 23
20 46
20 86
20 55
20 30
21 13
21 25
21 26
21 34
21 37
21 41
21 43
21 48
21 53
21 56
21 57
21 58
21 60
21 61
21 62
21 64
21 66
21 72
21 73
21 74
21 75
21 76
21 78
21 80
21 87
22 64
22 33
22 34
22 66
22 39
22 80
22 43
22 13
22 48
22 87
22 88
22 58
22 60
22 61
22 62
24 13
24 15
24 25
24 26
24 37
24 41
24 42
24 48
24 53
24 56
24 57
24 58
24 62
24 63
24 64
24 65
24 66
24 72
24 73
24 74
24 75
24 76
24 78
24 80
25 1
25 34
25 33
25 38
25 39
25 43
25 50
25 19
25 87
25 88
25 60
25 61
26 64
26 1
26 34
26 33
26 39
26 43
26 48
26 50
26 87
26 88
26 60
26 61
27 6
27 9
27 13
27 15
27 25
27 26
27 37
27 41
27 42
27 53
27 56
27 57
27 58
27 62
27 63
27 65
27 66
27 72
27 73
27 74
27 75
27 76
27 78
27 84
28 1
28 34
28 33
28 39
28 43
28 48
28 50
28 19
28 87
28 88
28 60
28 61
29 9
29 13
29 15
29 25
29 26
29 37
29 41
29 42
29 53
29 56
29 57
29 58
29 62
29 63
29 64
29 65
29 66
29 72
29 73
29 74
29 75
29 76
29 78
29 80
29 84
31 64
31 33
31 34
31 39
31 80
31 43
31 13
31 48
31 50
31 87
31 88
31 58
31 60
31 61
31 62
32 64
32 33
32 34
32 37
32 39
32 80
32 43
32 76
32 66
32 13
32 48
32 62
32 53
32 87
32 88
32 57
32 58
32 60
32 26
32 61
33 1
33 34
33 38
33 39
33 43
33 50
33 19
33 87
33 88
33 60
33 61
34 1
34 33
34 39
34 43
34 48
34 50
34 19
34 87
34 88
34 60
34 61
35 13
35 25
35 26
35 34
35 37
35 41
35 43
35 48
35 53
35 56
35 57
35 58
35 60
35 61
35 62
35 64
35 66
35 72
35 73
35 74
35 75
35 76
35 78
35 80
35 87
35 88
36 13
36 25
36 26
36 33
36 34
36 37
36 39
36 41
36 43
36 48
36 53
36 57
36 58
36 60
36 61
36 62
36 64
36 66
36 76
36 78
36 80
36 87
36 88
39 1
39 34
39 38
39 33
39 50
39 19
39 87
39 88
39 60
39 61
40 1
40 34
40 33
40 38
40 39
40 43
40 50
40 19
40 87
40 88
40 60
40 61
42 1
42 34
42 33
42 38
42 39
42 43
42 50
42 19
42 87
42 88
42 60
42 61
43 1
43 34
43 33
43 38
43 39
43 50
43 19
43 87
43 88
43 60
43 61
44 1
44 34
44 33
44 38
44 39
44 43
44 50
44 19
44 87
44 88
44 60
44 61
45 65
45 6
45 71
45 9
45 42
45 55
45 46
45 15
45 84
45 86
45 73
45 56
45 74
45 63
46 1
46 34
46 33
46 38
46 39
46 50
46 19
46 87
46 88
46 60
46 61
47 13
47 25
47 26
47 33
47 34
47 37
47 39
47 41
47 43
47 48
47 53
47 57
47 58
47 60
47 61
47 62
47 64
47 66
47 76
47 78
47 80
47 87
47 88
48 64
48 33
48 34
48 66
48 39
48 43
48 13
48 80
48 87
48 88
48 58
48 60
48 61
48 62
49 9
49 13
49 15
49 25
49 26
49 37
49 41
49 42
49 53
49 56
49 57
49 58
49 62
49 63
49 64
49 65
49 66
49 72
49 73
49 74
49 75
49 76
49 78
49 80
49 84
51 65
51 6
51 70
51 71
51 9
51 23
51 46
51 15
51 84
51 86
51 55
51 63
52 65
52 6
52 71
52 72
52 9
52 42
52 75
52 46
52 15
52 84
52 78
52 73
52 41
52 56
52 25
52 74
52 63
54 1
54 34
54 33
54 38
54 39
54 43
54 50
54 19
54 87
54 88
54 60
54 61
59 70
59 6
59 71
59 8
59 23
59 46
59 86
59 55
59 30
64 1
64 34
64 33
64 38
64 39
64 50
64 19
64 87
64 88
64 60
64 61
65 1
65 33
65 38
65 39
65 50
65 19
65 88
65 61
66 1
66 34
66 33
66 38
66 39
66 43
66 48
66 50
66 19
66 87
66 88
66 60
66 61
67 13
67 15
67 25
67 26
67 37
67 41
67 42
67 48
67 53
67 56
67 57
67 58
67 62
67 63
67 64
67 65
67 66
67 72
67 73
67 74
67 75
67 76
67 78
67 80
68 64
68 33
68 34
68 39
68 80
68 43
68 13
68 48
68 50
68 87
68 88
68 58
68 60
68 61
68 62
69 1
69 34
69 33
69 39
69 43
69 48
69 50
69 19
69 87
69 88
69 60
69 61
73 1
73 34
73 33
73 39
73 43
73 48
73 50
73 19
73 87
73 88
73 60
73 61
74 1
74 34
74 33
74 38
74 39
74 43
74 50
74 19
74 87
74 88
74 60
74 61
77 13
77 25
77 26
77 37
77 41
77 43
77 48
77 53
77 56
77 57
77 58
77 60
77 62
77 64
77 66
77 72
77 73
77 74
77 75
77 76
77 78
77 80
77 87
79 64
79 33
79 34
79 37
79 39
79 80
79 43
79 76
79 66
79 13
79 48
79 62
79 53
79 87
79 88
79 57
79 58
79 60
79 26
79 61
83 6
83 70
83 71
83 8
83 23
83 46
83 86
83 55
85 13
85 15
85 25
85 26
85 37
85 41
85 42
85 53
85 56
85 57
85 58
85 62
85 63
85 64
85 65
85 66
85 72
85 73
85 74
85 75
85 76
85 78
85 80
85 84
87 64
87 1
87 34
87 33
87 39
87 80
87 43
87 48
87 50
87 88
87 60
87 61
87 62
