88
2 63
5 1
5 3
5 4
5 7
5 8
5 14
5 20
5 23
5 27
5 28
5 29
5 32
5 38
5 39
5 40
5 45
5 49
5 52
5 56
5 60
5 62
5 69
5 84
5 87
7 1
7 3
7 4
7 10
7 14
7 17
7 20
7 23
7 27
7 28
7 29
7 32
7 38
7 39
7 42
7 45
7 46
7 49
7 50
7 52
7 56
7 60
7 61
7 62
7 69
7 75
7 87
7 88
9 6
10 6
11 66
11 43
11 44
11 13
11 19
11 63
13 6
18 66
18 11
18 40
18 43
18 44
18 13
18 8
18 19
18 63
20 6
21 1
21 3
21 4
21 8
21 11
21 13
21 14
21 20
21 23
21 27
21 28
21 32
21 38
21 39
21 40
21 45
21 49
21 52
21 56
21 60
21 66
21 69
21 84
21 87
22 6
23 66
23 43
23 8
23 11
23 44
23 13
23 19
23 63
24 66
24 11
24 43
24 44
24 13
24 19
24 63
25 43
25 66
25 19
25 44
25 63
27 63
29 84
29 1
29 66
29 3
29 8
29 28
29 11
29 44
29 45
29 14
29 13
29 40
29 19
29 52
29 43
29 23
29 20
29 60
30 66
30 11
30 43
30 44
30 13
30 19
30 63
31 1
31 3
31 4
31 7
31 10
31 14
31 17
31 20
31 23
31 27
31 28
31 29
31 32
31 38
31 39
31 42
31 45
31 46
31 49
31 50
31 52
31 56
31 60
31 61
31 62
31 69
31 87
32 1
32 3
32 4
32 7
32 10
32 14
32 17
32 20
32 23
32 27
32 28
32 29
32 38
32 39
32 42
32 45
32 46
32 49
32 50
32 52
32 56
32 60
32 62
32 69
32 84
32 87
33 66
33 3
33 8
33 28
33 11
33 44
33 13
33 40
33 19
33 84
33 43
33 60
34 66
34 3
34 8
34 28
34 11
34 44
34 13
34 40
34 19
34 52
34 43
34 84
34 60
35 44
35 63
36 1
36 3
36 4
36 8
36 14
36 20
36 23
36 27
36 28
36 29
36 32
36 38
36 39
36 40
36 45
36 49
36 52
36 56
36 60
36 62
36 69
36 84
36 87
37 1
37 3
37 4
37 7
37 10
37 14
37 17
37 20
37 23
37 27
37 28
37 29
37 32
37 38
37 39
37 40
37 45
37 46
37 49
37 50
37 52
37 56
37 60
37 62
37 69
37 84
37 87
38 1
38 3
38 4
38 7
38 8
38 14
38 20
38 23
38 27
38 28
38 29
38 32
38 39
38 40
38 45
38 49
38 52
38 56
38 60
38 62
38 69
38 84
38 87
39 1
39 3
39 4
39 7
39 10
39 14
39 17
39 20
39 23
39 27
39 28
39 29
39 32
39 38
39 40
39 42
39 45
39 46
39 49
39 50
39 52
39 56
39 60
39 62
39 69
39 84
39 87
41 1
41 3
41 4
41 7
41 8
41 14
41 20
41 23
41 27
41 28
41 29
41 32
41 38
41 39
41 40
41 45
41 46
41 49
41 52
41 56
41 60
41 62
41 69
41 84
41 87
44 1
44 3
44 4
44 7
44 8
44 14
44 20
44 23
44 27
44 28
44 29
44 32
44 38
44 39
44 40
44 45
44 46
44 49
44 52
44 56
44 60
44 62
44 69
44 84
44 87
46 1
46 3
46 4
46 7
46 10
46 14
46 17
46 20
46 23
46 27
46 28
46 29
46 32
46 38
46 39
46 42
46 45
46 49
46 50
46 52
46 56
46 60
46 62
46 69
46 84
46 87
47 43
47 19
47 44
47 63
48 1
48 3
48 4
48 7
48 8
48 14
48 20
48 23
48 27
48 28
48 29
48 32
48 38
48 39
48 40
48 45
48 49
48 52
48 56
48 60
48 62
48 69
48 84
48 87
49 1
49 3
49 4
49 8
49 11
49 13
49 14
49 20
49 23
49 27
49 28
49 32
49 38
49 39
49 40
49 45
49 52
49 56
49 60
49 69
49 84
49 87
50 1
50 3
50 4
50 8
50 11
50 13
50 14
50 20
50 23
50 27
50 28
50 32
50 38
50 39
50 40
50 45
50 49
50 52
50 56
50 60
50 66
50 69
50 84
50 87
51 1
51 3
51 4
51 7
51 10
51 14
51 17
51 20
51 23
51 27
51 28
51 29
51 32
51 38
51 39
51 42
51 45
51 46
51 49
51 50
51 52
51 56
51 60
51 61
51 62
51 69
51 87
51 88
52 66
52 11
52 40
52 43
52 44
52 13
52 8
52 19
52 84
52 63
53 66
53 11
53 40
53 43
53 44
53 13
53 8
53 19
53 84
53 63
55 66
55 3
55 8
55 28
55 11
55 44
55 13
55 40
55 19
55 84
55 43
55 60
56 1
56 3
56 4
56 7
56 10
56 14
56 17
56 20
56 23
56 27
56 28
56 29
56 32
56 38
56 39
56 42
56 45
56 46
56 49
56 50
56 52
56 60
56 62
56 69
56 87
57 66
57 11
57 40
57 43
57 44
57 13
57 8
57 19
57 84
57 63
59 84
59 1
59 66
59 3
59 8
59 28
59 11
59 44
59 13
59 14
59 40
59 19
59 52
59 43
59 23
59 20
59 60
61 1
61 3
61 4
61 7
61 10
61 14
61 17
61 20
61 23
61 27
61 28
61 29
61 32
61 38
61 39
61 42
61 45
61 46
61 49
61 50
61 52
61 56
61 60
61 62
61 69
61 87
64 43
64 66
64 19
64 44
64 63
67 66
67 3
67 8
67 28
67 11
67 44
67 13
67 40
67 19
67 84
67 43
67 60
68 66
68 11
68 40
68 43
68 44
68 13
68 8
68 19
68 63
70 43
70 19
70 44
70 63
71 84
71 1
71 66
71 3
71 8
71 28
71 11
71 44
71 45
71 14
71 13
71 40
71 19
71 52
71 43
71 23
71 20
71 60
73 66
73 43
73 8
73 11
73 44
73 13
73 19
73 63
74 1
74 3
74 4
74 7
74 8
74 10
74 14
74 20
74 23
74 27
74 28
74 29
74 32
74 38
74 39
74 40
74 45
74 46
74 49
74 52
74 56
74 60
74 62
74 69
74 84
74 87
75 84
75 1
75 66
75 3
75 8
75 28
75 11
75 44
75 45
75 14
75 13
75 40
75 19
75 52
75 43
75 23
75 20
75 60
76 1
76 3
76 4
76 7
76 10
76 14
76 17
76 20
76 23
76 27
76 28
76 29
76 32
76 38
76 39
76 40
76 45
76 46
76 49
76 50
76 52
76 56
76 60
76 62
76 69
76 84
76 87
77 66
77 11
77 40
77 43
77 44
77 13
77 8
77 19
77 84
77 63
79 84
79 1
79 66
79 3
79 69
79 32
79 8
79 28
79 11
79 45
79 14
79 13
79 40
79 19
79 52
79 43
79 23
79 56
79 20
79 27
79 60
80 84
80 1
80 66
80 3
80 69
80 32
80 8
80 28
80 11
80 44
80 45
80 14
80 13
80 40
80 19
80 52
80 43
80 23
80 56
80 20
80 60
82 84
82 1
82 66
82 3
82 69
82 8
82 28
82 11
82 44
82 45
82 14
82 13
82 40
82 19
82 52
82 43
82 23
82 20
82 60
83 1
83 3
83 8
83 11
83 13
83 14
83 19
83 20
83 23
83 27
83 28
83 32
83 40
83 43
83 44
83 45
83 52
83 56
83 60
83 66
83 69
83 84
86 1
86 3
86 4
86 7
86 10
86 14
86 17
86 20
86 23
86 27
86 28
86 29
86 32
86 38
86 39
86 42
86 45
86 46
86 49
86 50
86 52
86 56
86 60
86 62
86 69
86 87
87 1
87 3
87 4
87 8
87 11
87 13
87 14
87 20
87 23
87 27
87 28
87 29
87 32
87 38
87 39
87 40
87 45
87 49
87 52
87 56
87 60
87 69
87 84
