88
1 32
1 4
1 40
1 74
1 43
1 82
1 51
6 3
6 36
6 38
6 71
6 72
6 73
6 10
6 87
6 76
6 46
6 16
6 81
6 83
6 56
6 53
6 54
6 23
6 88
6 27
6 28
6 63
7 2
7 37
7 8
7 41
7 75
7 66
7 14
7 77
7 80
7 49
7 78
7 57
7 58
7 60
7 61
9 2
9 75
9 68
9 37
9 7
9 8
9 41
9 39
9 66
9 14
9 29
9 80
9 78
9 24
9 57
9 58
9 60
9 61
12 1
12 3
12 5
12 10
12 16
12 23
12 27
12 28
12 34
12 36
12 38
12 46
12 48
12 53
12 54
12 56
12 63
12 71
12 72
12 73
12 76
12 81
12 83
12 86
12 87
12 88
13 1
13 3
13 5
13 7
13 10
13 11
13 23
13 24
13 27
13 29
13 34
13 36
13 38
13 39
13 48
13 53
13 54
13 62
13 63
13 68
13 71
13 73
13 76
13 83
13 86
13 87
13 88
14 1
14 2
14 75
14 68
14 5
14 7
14 8
14 41
14 11
14 34
14 78
14 48
14 66
14 86
14 24
14 39
14 58
14 29
14 62
17 6
17 55
18 32
18 4
18 40
18 42
18 43
18 82
18 51
18 74
21 19
25 1
25 2
25 3
25 5
25 7
25 8
25 11
25 14
25 24
25 27
25 29
25 34
25 36
25 39
25 48
25 62
25 68
25 71
25 78
25 83
25 86
25 88
26 1
26 2
26 75
26 68
26 5
26 7
26 8
26 41
26 66
26 11
26 34
26 14
26 48
26 78
26 86
26 24
26 39
26 58
26 29
26 62
28 1
28 2
28 75
28 68
28 5
28 7
28 8
28 11
28 34
28 14
28 48
28 83
28 78
28 86
28 24
28 39
28 58
28 27
28 29
28 62
30 1
30 3
30 5
30 10
30 16
30 23
30 27
30 28
30 34
30 36
30 38
30 46
30 53
30 54
30 56
30 63
30 71
30 72
30 73
30 76
30 81
30 83
30 87
30 88
31 1
31 3
31 5
31 10
31 11
31 16
31 23
31 27
31 28
31 34
31 36
31 38
31 46
31 48
31 53
31 54
31 56
31 62
31 63
31 71
31 72
31 73
31 76
31 81
31 83
31 86
31 87
31 88
32 1
32 2
32 75
32 68
32 5
32 7
32 8
32 66
32 11
32 34
32 14
32 48
32 83
32 78
32 86
32 24
32 39
32 58
32 27
32 29
32 62
33 59
33 22
33 6
33 55
34 2
34 37
34 8
34 41
34 75
34 66
34 14
34 77
34 80
34 49
34 78
34 57
34 58
34 60
34 61
35 1
35 3
35 5
35 10
35 16
35 23
35 27
35 28
35 34
35 36
35 38
35 46
35 53
35 54
35 56
35 63
35 71
35 72
35 73
35 76
35 81
35 83
35 87
35 88
36 32
36 4
36 81
36 40
36 73
36 74
36 43
36 46
36 16
36 72
36 82
36 23
36 56
36 28
38 2
38 68
38 37
38 7
38 8
38 41
38 66
38 75
38 77
38 14
38 80
38 49
38 78
38 57
38 58
38 60
38 61
39 1
39 3
39 5
39 10
39 11
39 16
39 23
39 27
39 28
39 34
39 36
39 38
39 46
39 48
39 53
39 54
39 56
39 62
39 63
39 71
39 72
39 73
39 76
39 81
39 83
39 86
39 87
39 88
41 3
41 4
41 10
41 16
41 23
41 28
41 32
41 36
41 38
41 46
41 53
41 54
41 56
41 63
41 71
41 72
41 73
41 74
41 76
41 81
41 82
41 87
41 88
45 32
45 4
45 40
45 74
45 43
45 82
45 51
46 1
46 2
46 5
46 7
46 8
46 11
46 14
46 24
46 29
46 34
46 39
46 41
46 48
46 58
46 60
46 61
46 62
46 66
46 68
46 75
46 78
46 86
47 40
47 42
47 51
47 52
47 22
47 59
48 2
48 75
48 68
48 7
48 8
48 41
48 66
48 11
48 34
48 14
48 29
48 78
48 86
48 24
48 39
48 58
48 60
48 61
48 62
49 1
49 3
49 5
49 10
49 16
49 23
49 27
49 28
49 34
49 36
49 38
49 46
49 53
49 54
49 56
49 63
49 71
49 72
49 73
49 76
49 81
49 83
49 87
49 88
50 32
50 4
50 81
50 40
50 74
50 43
50 16
50 72
50 82
50 28
53 1
53 3
53 5
53 10
53 11
53 23
53 27
53 34
53 36
53 38
53 46
53 48
53 54
53 56
53 62
53 63
53 71
53 73
53 76
53 81
53 83
53 86
53 87
53 88
54 1
54 3
54 5
54 10
54 11
54 23
54 27
54 28
54 34
54 36
54 38
54 46
54 48
54 53
54 56
54 62
54 63
54 71
54 72
54 73
54 76
54 81
54 83
54 86
54 87
54 88
56 1
56 3
56 5
56 10
56 16
56 23
56 27
56 28
56 36
56 38
56 46
56 53
56 54
56 63
56 71
56 72
56 73
56 76
56 81
56 83
56 87
56 88
57 32
57 4
57 40
57 74
57 43
57 82
57 51
60 1
60 2
60 75
60 68
60 5
60 7
60 8
60 66
60 11
60 34
60 14
60 48
60 83
60 78
60 86
60 24
60 39
60 58
60 27
60 29
60 62
61 1
61 2
61 75
61 68
61 5
61 7
61 8
61 41
61 66
61 11
61 34
61 14
61 48
61 78
61 86
61 24
61 39
61 58
61 29
61 62
65 32
65 4
65 40
65 74
65 43
65 16
65 72
65 82
65 28
66 1
66 2
66 75
66 68
66 5
66 7
66 8
66 41
66 11
66 34
66 14
66 29
66 48
66 78
66 86
66 24
66 39
66 58
66 60
66 61
66 62
67 1
67 3
67 5
67 7
67 10
67 11
67 23
67 24
67 27
67 29
67 34
67 36
67 38
67 39
67 48
67 53
67 54
67 62
67 63
67 68
67 71
67 73
67 76
67 83
67 86
67 87
67 88
68 32
68 4
68 38
68 72
68 73
68 10
68 43
68 76
68 46
68 16
68 81
68 82
68 53
68 54
68 23
68 56
68 87
68 28
68 74
68 63
69 40
69 42
69 43
69 51
69 52
69 74
70 1
70 3
70 5
70 7
70 10
70 11
70 14
70 24
70 27
70 29
70 34
70 36
70 38
70 39
70 48
70 53
70 54
70 62
70 63
70 68
70 71
70 76
70 83
70 86
70 87
70 88
71 32
71 4
71 81
71 40
71 74
71 43
71 16
71 72
71 82
71 56
71 28
75 1
75 3
75 5
75 7
75 8
75 10
75 11
75 14
75 24
75 27
75 29
75 34
75 36
75 38
75 39
75 48
75 62
75 68
75 71
75 83
75 86
75 88
76 2
76 75
76 68
76 7
76 8
76 41
76 39
76 66
76 14
76 29
76 78
76 24
76 57
76 58
76 60
76 61
77 2
77 75
77 68
77 7
77 8
77 41
77 39
77 66
77 14
77 29
77 78
77 24
77 57
77 58
77 60
77 61
78 1
78 3
78 5
78 10
78 11
78 23
78 27
78 28
78 34
78 36
78 38
78 46
78 48
78 53
78 54
78 56
78 62
78 63
78 71
78 73
78 76
78 81
78 83
78 86
78 87
78 88
79 6
79 55
80 1
80 3
80 5
80 7
80 10
80 11
80 14
80 24
80 27
80 29
80 34
80 36
80 38
80 39
80 48
80 53
80 54
80 62
80 63
80 68
80 71
80 76
80 83
80 86
80 87
80 88
82 32
82 4
82 81
82 40
82 73
82 74
82 43
82 46
82 16
82 72
82 23
82 56
82 28
83 1
83 2
83 75
83 68
83 5
83 7
83 8
83 41
83 66
83 11
83 34
83 14
83 48
83 78
83 86
83 24
83 39
83 58
83 29
83 62
84 6
84 55
85 51
85 42
85 59
85 52
85 22
