88
3 69
3 44
3 10
3 12
3 17
3 51
3 30
3 86
3 88
3 27
3 60
3 61
3 62
4 1
4 2
4 3
4 7
4 8
4 9
4 10
4 21
4 27
4 28
4 30
4 35
4 39
4 40
4 44
4 46
4 47
4 48
4 53
4 56
4 59
4 60
4 62
4 63
4 64
4 68
4 69
4 77
4 78
4 79
4 83
4 85
4 88
6 30
6 64
6 3
6 68
6 69
6 39
6 9
6 10
6 44
6 12
6 17
6 51
6 78
6 86
6 88
6 27
6 60
6 61
6 62
11 1
11 2
11 3
11 9
11 10
11 17
11 21
11 27
11 30
11 35
11 39
11 40
11 44
11 46
11 47
11 51
11 56
11 59
11 60
11 61
11 62
11 64
11 68
11 69
11 77
11 78
11 79
11 85
11 88
14 69
14 10
14 12
14 17
14 51
14 86
14 88
14 27
14 60
14 61
14 30
19 1
19 2
19 3
19 9
19 10
19 17
19 27
19 30
19 35
19 39
19 44
19 47
19 51
19 60
19 61
19 62
19 64
19 68
19 69
19 77
19 78
19 79
19 86
19 88
20 1
20 2
20 7
20 8
20 9
20 21
20 28
20 33
20 34
20 35
20 36
20 40
20 41
20 42
20 46
20 47
20 48
20 50
20 53
20 54
20 55
20 56
20 59
20 63
20 64
20 67
20 68
20 75
20 76
20 77
20 79
20 80
20 83
20 85
21 69
21 10
21 12
21 17
21 51
21 86
21 88
21 27
21 61
23 1
23 3
23 9
23 10
23 12
23 17
23 27
23 30
23 35
23 39
23 44
23 51
23 60
23 61
23 62
23 64
23 68
23 69
23 78
23 79
23 86
23 88
24 2
24 5
24 7
24 8
24 21
24 28
24 32
24 33
24 34
24 36
24 40
24 41
24 42
24 46
24 47
24 48
24 50
24 53
24 54
24 55
24 56
24 59
24 63
24 67
24 75
24 76
24 77
24 80
24 83
24 85
29 1
29 2
29 3
29 7
29 8
29 9
29 10
29 21
29 27
29 28
29 30
29 33
29 35
29 36
29 39
29 40
29 44
29 46
29 47
29 48
29 53
29 56
29 59
29 60
29 62
29 63
29 64
29 68
29 77
29 78
29 79
29 83
29 85
31 1
31 2
31 3
31 7
31 8
31 9
31 10
31 21
31 27
31 28
31 30
31 35
31 39
31 40
31 44
31 46
31 47
31 48
31 53
31 56
31 59
31 60
31 62
31 63
31 64
31 68
31 69
31 77
31 78
31 79
31 83
31 85
31 88
32 69
32 10
32 12
32 17
32 51
32 86
32 88
32 27
32 60
32 61
34 1
34 2
34 3
34 9
34 10
34 12
34 17
34 27
34 30
34 35
34 39
34 44
34 47
34 51
34 60
34 61
34 62
34 64
34 68
34 69
34 78
34 79
34 86
34 88
35 69
35 10
35 12
35 17
35 51
35 86
35 88
35 27
35 60
35 61
35 30
36 1
36 2
36 3
36 9
36 10
36 17
36 27
36 30
36 35
36 39
36 44
36 47
36 51
36 60
36 61
36 62
36 64
36 68
36 69
36 77
36 78
36 79
36 86
36 88
37 1
37 2
37 3
37 7
37 8
37 9
37 10
37 21
37 28
37 30
37 33
37 35
37 36
37 39
37 40
37 44
37 46
37 47
37 48
37 53
37 56
37 59
37 60
37 62
37 63
37 64
37 68
37 77
37 78
37 79
37 83
37 85
38 1
38 2
38 3
38 9
38 10
38 17
38 27
38 30
38 35
38 39
38 40
38 44
38 46
38 47
38 51
38 60
38 61
38 62
38 64
38 68
38 69
38 77
38 78
38 79
38 86
38 88
43 1
43 2
43 3
43 7
43 8
43 9
43 10
43 21
43 27
43 28
43 30
43 33
43 35
43 36
43 39
43 40
43 44
43 46
43 47
43 48
43 53
43 56
43 59
43 60
43 62
43 63
43 64
43 68
43 77
43 78
43 79
43 83
43 85
45 1
45 2
45 3
45 9
45 10
45 17
45 27
45 30
45 35
45 39
45 40
45 44
45 46
45 47
45 51
45 56
45 60
45 61
45 62
45 64
45 68
45 69
45 77
45 78
45 79
45 88
47 69
47 44
47 10
47 12
47 17
47 51
47 86
47 88
47 27
47 60
47 61
47 30
48 69
48 12
48 17
48 51
48 86
48 88
48 27
48 61
49 5
49 7
49 8
49 21
49 28
49 32
49 33
49 34
49 36
49 40
49 41
49 42
49 46
49 48
49 50
49 53
49 54
49 55
49 56
49 59
49 63
49 67
49 71
49 73
49 75
49 76
49 80
49 83
49 85
52 5
52 6
52 7
52 8
52 13
52 18
52 22
52 28
52 32
52 33
52 34
52 36
52 41
52 42
52 50
52 53
52 54
52 55
52 65
52 67
52 71
52 73
52 74
52 75
52 76
52 80
53 1
53 2
53 3
53 7
53 8
53 9
53 10
53 21
53 27
53 28
53 30
53 33
53 35
53 36
53 39
53 40
53 44
53 46
53 47
53 48
53 56
53 59
53 60
53 62
53 63
53 64
53 68
53 77
53 78
53 79
53 83
53 85
56 1
56 2
56 3
56 9
56 10
56 17
56 27
56 30
56 35
56 39
56 40
56 44
56 46
56 47
56 51
56 60
56 61
56 62
56 64
56 68
56 69
56 77
56 78
56 79
56 88
57 69
57 12
57 17
57 51
57 86
57 88
57 27
57 61
58 1
58 2
58 3
58 7
58 8
58 9
58 10
58 21
58 27
58 28
58 30
58 33
58 35
58 36
58 39
58 40
58 44
58 46
58 47
58 48
58 53
58 56
58 59
58 60
58 62
58 63
58 64
58 68
58 77
58 78
58 79
58 83
58 85
63 69
63 12
63 17
63 51
63 86
63 88
63 27
63 61
67 1
67 2
67 3
67 9
67 10
67 12
67 17
67 27
67 30
67 35
67 39
67 44
67 47
67 51
67 60
67 61
67 62
67 64
67 68
67 69
67 78
67 79
67 86
67 88
68 1
68 2
68 3
68 9
68 10
68 12
68 17
68 27
68 30
68 35
68 39
68 44
68 47
68 51
68 60
68 61
68 62
68 64
68 69
68 78
68 79
68 86
68 88
70 1
70 2
70 3
70 9
70 10
70 17
70 27
70 30
70 35
70 39
70 40
70 44
70 46
70 47
70 51
70 56
70 60
70 61
70 62
70 64
70 68
70 69
70 77
70 78
70 79
70 85
70 88
72 69
72 10
72 12
72 17
72 51
72 86
72 88
72 27
72 61
76 1
76 2
76 3
76 9
76 10
76 17
76 27
76 30
76 35
76 39
76 40
76 44
76 46
76 47
76 51
76 56
76 60
76 61
76 62
76 64
76 68
76 69
76 77
76 78
76 79
76 85
76 88
80 30
80 1
80 3
80 68
80 69
80 39
80 64
80 9
80 10
80 44
80 12
80 17
80 51
80 78
80 86
80 88
80 27
80 60
80 61
80 62
81 32
81 65
81 34
81 82
81 5
81 6
81 71
81 72
81 73
81 74
81 13
81 18
81 22
81 55
81 26
83 1
83 2
83 3
83 7
83 8
83 9
83 10
83 21
83 27
83 28
83 30
83 35
83 39
83 40
83 44
83 46
83 47
83 48
83 53
83 56
83 59
83 60
83 62
83 63
83 64
83 68
83 69
83 77
83 78
83 79
83 85
83 88
84 1
84 2
84 3
84 7
84 8
84 9
84 21
84 28
84 33
84 35
84 36
84 39
84 40
84 41
84 42
84 46
84 47
84 48
84 50
84 53
84 54
84 56
84 59
84 63
84 64
84 67
84 68
84 75
84 76
84 77
84 78
84 79
84 80
84 83
84 85
87 69
87 10
87 12
87 17
87 51
87 86
87 88
87 27
87 60
87 61
87 30
