88
1 2
1 6
1 11
1 17
1 21
1 22
1 26
1 28
1 29
1 32
1 33
1 34
1 37
1 38
1 40
1 41
1 42
1 43
1 44
1 45
1 47
1 48
1 52
1 53
1 55
1 58
1 59
1 61
1 62
1 64
1 65
1 66
1 68
1 71
1 72
1 75
1 77
1 78
1 79
1 80
1 81
1 82
1 83
1 84
1 88
3 2
3 4
3 6
3 11
3 14
3 17
3 21
3 25
3 26
3 28
3 29
3 32
3 33
3 38
3 39
3 40
3 41
3 43
3 44
3 45
3 47
3 49
3 51
3 52
3 53
3 55
3 58
3 59
3 61
3 62
3 64
3 65
3 66
3 68
3 70
3 71
3 72
3 73
3 74
3 75
3 76
3 77
3 78
3 79
3 80
3 82
3 83
3 84
3 85
3 88
7 2
7 6
7 11
7 17
7 21
7 22
7 26
7 28
7 29
7 32
7 33
7 34
7 37
7 38
7 40
7 41
7 42
7 43
7 44
7 45
7 47
7 48
7 52
7 53
7 55
7 58
7 59
7 61
7 62
7 64
7 65
7 66
7 68
7 71
7 72
7 73
7 74
7 75
7 77
7 78
7 79
7 80
7 81
7 82
7 83
7 84
7 88
8 1
8 3
8 4
8 5
8 6
8 7
8 14
8 20
8 23
8 24
8 25
8 26
8 27
8 29
8 31
8 33
8 35
8 38
8 39
8 43
8 45
8 49
8 51
8 52
8 53
8 54
8 55
8 57
8 59
8 60
8 62
8 63
8 65
8 67
8 70
8 73
8 74
8 75
8 76
8 79
8 80
8 85
8 87
11 1
11 2
11 3
11 4
11 5
11 6
11 7
11 14
11 20
11 23
11 25
11 26
11 27
11 29
11 31
11 33
11 35
11 38
11 39
11 41
11 43
11 45
11 49
11 51
11 52
11 53
11 54
11 55
11 57
11 59
11 60
11 61
11 62
11 63
11 64
11 65
11 66
11 67
11 70
11 72
11 73
11 74
11 75
11 76
11 79
11 80
11 82
11 83
11 85
11 87
11 88
15 18
17 8
17 11
17 12
17 21
17 22
17 28
17 32
17 34
17 36
17 37
17 40
17 42
17 44
17 46
17 47
17 48
17 50
17 56
17 58
17 61
17 64
17 68
17 69
17 71
17 72
17 77
17 78
17 81
17 82
17 83
17 84
21 1
21 2
21 3
21 4
21 5
21 6
21 7
21 14
21 20
21 23
21 25
21 26
21 27
21 29
21 32
21 33
21 35
21 38
21 39
21 41
21 43
21 45
21 49
21 51
21 52
21 53
21 54
21 55
21 57
21 59
21 60
21 61
21 62
21 63
21 64
21 65
21 66
21 67
21 70
21 71
21 72
21 73
21 74
21 75
21 76
21 79
21 80
21 82
21 83
21 85
21 87
21 88
23 34
23 36
23 69
23 8
23 9
23 42
23 12
23 46
23 48
23 81
23 50
23 22
23 40
23 56
23 30
23 37
32 2
32 3
32 4
32 5
32 6
32 7
32 14
32 17
32 23
32 25
32 26
32 27
32 28
32 29
32 33
32 35
32 38
32 39
32 41
32 43
32 45
32 47
32 49
32 51
32 52
32 53
32 54
32 55
32 57
32 58
32 59
32 60
32 61
32 62
32 63
32 64
32 65
32 66
32 67
32 70
32 71
32 72
32 73
32 74
32 75
32 76
32 77
32 78
32 79
32 80
32 82
32 83
32 84
32 85
32 87
32 88
35 2
35 4
35 5
35 6
35 11
35 14
35 17
35 25
35 26
35 28
35 29
35 32
35 33
35 38
35 39
35 41
35 43
35 44
35 45
35 47
35 49
35 51
35 52
35 53
35 54
35 55
35 57
35 58
35 59
35 60
35 61
35 62
35 63
35 64
35 65
35 66
35 67
35 68
35 70
35 71
35 72
35 73
35 74
35 75
35 76
35 77
35 78
35 79
35 80
35 82
35 83
35 84
35 85
35 87
35 88
42 2
42 3
42 4
42 5
42 6
42 7
42 14
42 17
42 23
42 25
42 26
42 27
42 28
42 29
42 32
42 33
42 35
42 38
42 39
42 41
42 43
42 45
42 47
42 49
42 51
42 52
42 53
42 54
42 55
42 57
42 58
42 59
42 60
42 61
42 62
42 63
42 64
42 65
42 66
42 67
42 70
42 71
42 72
42 73
42 74
42 75
42 76
42 77
42 78
42 79
42 80
42 82
42 83
42 84
42 85
42 87
42 88
44 1
44 2
44 3
44 4
44 5
44 6
44 7
44 14
44 20
44 23
44 24
44 25
44 26
44 27
44 29
44 31
44 33
44 35
44 38
44 39
44 43
44 45
44 49
44 51
44 52
44 53
44 54
44 55
44 57
44 59
44 60
44 62
44 63
44 65
44 67
44 70
44 73
44 74
44 75
44 76
44 79
44 80
44 85
44 87
47 1
47 2
47 3
47 4
47 5
47 6
47 7
47 14
47 20
47 23
47 24
47 25
47 26
47 27
47 29
47 31
47 33
47 35
47 38
47 39
47 41
47 43
47 45
47 49
47 51
47 52
47 53
47 54
47 55
47 57
47 59
47 60
47 61
47 62
47 63
47 65
47 66
47 67
47 70
47 72
47 73
47 74
47 75
47 76
47 79
47 80
47 82
47 83
47 85
47 87
47 88
55 2
55 4
55 5
55 6
55 7
55 11
55 14
55 17
55 25
55 26
55 27
55 28
55 29
55 32
55 33
55 35
55 38
55 39
55 41
55 43
55 44
55 45
55 47
55 49
55 51
55 52
55 53
55 54
55 57
55 58
55 59
55 60
55 61
55 62
55 63
55 64
55 65
55 66
55 67
55 68
55 70
55 71
55 72
55 73
55 74
55 75
55 76
55 77
55 78
55 79
55 80
55 82
55 83
55 84
55 85
55 87
55 88
56 2
56 3
56 4
56 5
56 6
56 7
56 14
56 23
56 25
56 26
56 27
56 28
56 29
56 32
56 33
56 35
56 38
56 39
56 41
56 43
56 45
56 49
56 51
56 52
56 53
56 54
56 55
56 57
56 58
56 59
56 60
56 61
56 62
56 63
56 64
56 65
56 66
56 67
56 70
56 71
56 72
56 73
56 74
56 75
56 76
56 77
56 78
56 79
56 80
56 82
56 83
56 85
56 87
56 88
63 34
63 36
63 69
63 8
63 9
63 42
63 12
63 46
63 48
63 81
63 50
63 22
63 40
63 56
63 30
63 37
67 2
67 3
67 4
67 5
67 6
67 7
67 14
67 23
67 25
67 26
67 27
67 28
67 29
67 32
67 33
67 35
67 38
67 39
67 41
67 43
67 45
67 49
67 51
67 52
67 53
67 54
67 55
67 57
67 58
67 59
67 60
67 61
67 62
67 63
67 64
67 65
67 66
67 70
67 71
67 72
67 73
67 74
67 75
67 76
67 77
67 78
67 79
67 80
67 82
67 83
67 85
67 87
67 88
74 2
74 3
74 4
74 5
74 6
74 7
74 14
74 17
74 23
74 25
74 26
74 27
74 28
74 29
74 32
74 33
74 35
74 38
74 39
74 41
74 43
74 45
74 47
74 49
74 51
74 52
74 53
74 54
74 55
74 57
74 58
74 59
74 60
74 61
74 62
74 63
74 64
74 65
74 66
74 67
74 70
74 71
74 72
74 73
74 75
74 76
74 77
74 78
74 79
74 80
74 82
74 83
74 84
74 85
74 87
74 88
87 1
87 2
87 3
87 4
87 5
87 6
87 7
87 14
87 20
87 23
87 24
87 25
87 26
87 27
87 29
87 31
87 33
87 35
87 38
87 39
87 41
87 43
87 45
87 49
87 51
87 52
87 53
87 54
87 55
87 57
87 59
87 60
87 62
87 63
87 65
87 67
87 70
87 73
87 74
87 75
87 76
87 79
87 80
87 85
87 88
