88
1 2
1 3
1 36
1 5
1 38
1 7
1 40
1 9
1 44
1 77
1 14
1 48
1 82
1 41
1 88
1 25
1 61
1 31
2 33
2 68
2 11
2 12
2 79
2 49
2 52
2 24
2 57
2 62
2 63
3 32
3 78
3 55
4 50
5 66
5 67
5 70
5 39
5 8
5 10
5 75
5 13
5 46
5 45
5 80
5 71
5 35
5 58
5 27
5 28
5 74
6 1
6 7
6 40
6 9
6 44
6 77
6 78
6 48
6 82
6 22
6 41
6 88
7 66
7 67
7 70
7 71
7 8
7 10
7 75
7 13
7 46
7 47
7 80
7 35
7 52
7 45
7 58
7 27
7 28
8 64
8 4
8 73
8 42
8 76
8 21
8 23
8 56
8 29
8 30
9 66
9 67
9 70
9 39
9 8
9 10
9 75
9 13
9 46
9 45
9 80
9 71
9 35
9 58
9 27
9 28
9 74
10 34
10 3
10 36
10 5
10 38
10 40
10 2
10 14
10 48
10 87
10 25
10 61
10 31
11 33
11 67
11 68
11 8
11 75
11 12
11 46
11 47
11 80
11 52
11 24
11 57
11 79
11 62
11 63
12 33
12 68
12 11
12 79
12 49
12 52
12 87
12 24
12 57
12 62
12 63
13 69
13 54
14 34
14 3
14 36
14 5
14 38
14 2
14 49
14 87
14 25
14 61
14 31
15 34
15 3
15 36
15 5
15 38
15 40
15 2
15 14
15 48
15 49
15 87
15 25
15 61
15 31
17 69
17 54
18 17
18 20
18 6
19 33
19 67
19 68
19 70
19 71
19 8
19 10
19 11
19 13
19 46
19 47
19 80
19 75
19 35
19 52
19 24
19 57
19 79
19 62
19 63
20 33
20 68
20 11
20 12
20 47
20 52
20 24
20 57
20 79
20 62
20 63
21 33
21 68
21 11
21 12
21 79
21 52
21 24
21 57
21 62
21 63
22 65
22 69
22 72
22 81
22 51
22 84
22 54
22 59
23 72
23 73
23 42
23 21
23 29
23 30
24 33
24 67
24 70
24 71
24 8
24 10
24 75
24 13
24 46
24 47
24 80
24 35
24 52
24 57
24 62
24 63
25 4
25 73
25 42
25 76
25 21
25 23
25 56
25 29
25 30
26 32
26 78
26 55
27 33
27 68
27 11
27 12
27 47
27 52
27 24
27 57
27 79
27 62
27 63
28 1
28 2
28 3
28 36
28 5
28 38
28 40
28 41
28 77
28 14
28 48
28 25
28 61
28 31
29 65
29 72
29 81
29 51
29 84
29 54
29 59
30 32
30 19
30 55
31 64
31 66
31 4
31 37
31 39
31 74
31 43
31 76
31 45
31 56
31 58
31 27
31 28
32 65
32 72
32 81
32 51
32 84
32 21
32 59
33 64
33 66
33 4
33 37
33 39
33 74
33 43
33 76
33 45
33 56
33 58
33 27
33 28
34 64
34 4
34 37
34 73
34 42
34 43
34 76
34 23
34 56
34 29
34 30
35 2
35 3
35 36
35 38
35 34
35 49
35 87
35 25
35 61
35 31
36 65
36 72
36 81
36 51
36 84
36 54
36 59
37 72
37 65
37 59
37 21
37 81
38 65
38 72
38 81
38 51
38 84
38 21
38 59
39 66
39 67
39 70
39 71
39 8
39 10
39 75
39 13
39 46
39 47
39 80
39 35
39 52
39 45
39 58
39 27
39 28
40 18
40 60
40 26
41 65
41 69
41 81
41 51
41 84
41 54
41 59
42 33
42 67
42 68
42 70
42 71
42 8
42 10
42 11
42 13
42 46
42 47
42 80
42 75
42 35
42 52
42 24
42 57
42 79
42 62
42 63
43 64
43 4
43 37
43 73
43 42
43 76
43 23
43 56
43 29
43 30
44 64
44 4
44 37
44 73
44 42
44 43
44 76
44 23
44 56
44 29
44 30
45 33
45 67
45 68
45 8
45 11
45 12
45 46
45 47
45 80
45 75
45 52
45 24
45 57
45 79
45 62
45 63
46 33
46 67
46 68
46 8
46 11
46 12
46 47
46 80
46 75
46 52
46 24
46 57
46 79
46 62
46 63
47 34
47 68
47 11
47 12
47 79
47 49
47 87
47 61
48 64
48 4
48 37
48 73
48 42
48 43
48 76
48 29
48 23
48 56
48 74
48 30
49 65
49 72
49 81
49 51
49 84
49 21
49 59
51 32
51 7
51 9
51 44
51 78
51 82
51 22
51 55
51 88
52 4
52 73
52 42
52 76
52 21
52 23
52 56
52 29
52 30
53 65
53 72
53 81
53 51
53 84
53 59
54 1
54 2
54 3
54 36
54 5
54 38
54 40
54 41
54 77
54 14
54 48
54 25
54 61
54 31
55 69
55 54
56 32
56 78
56 55
57 64
57 4
57 37
57 73
57 42
57 43
57 76
57 23
57 56
57 29
57 30
58 1
58 2
58 3
58 36
58 5
58 38
58 7
58 40
58 41
58 44
58 77
58 14
58 48
58 88
58 25
58 61
58 31
59 1
59 7
59 40
59 9
59 44
59 77
59 78
59 48
59 82
59 22
59 41
59 88
60 50
61 64
61 4
61 37
61 73
61 42
61 43
61 76
61 23
61 56
61 29
61 30
62 64
62 66
62 35
62 4
62 37
62 70
62 39
62 10
62 43
62 76
62 45
62 58
62 27
62 28
62 74
63 18
63 60
64 65
64 69
64 72
64 81
64 51
64 84
64 54
64 59
65 1
65 5
65 7
65 40
65 9
65 44
65 77
65 78
65 48
65 82
65 22
65 41
65 88
66 32
66 19
67 66
67 35
67 70
67 39
67 8
67 10
67 75
67 13
67 46
67 47
67 80
67 71
67 45
67 58
67 27
67 28
67 74
68 64
68 66
68 35
68 37
68 70
68 39
68 10
68 43
68 13
68 45
68 58
68 27
68 28
68 74
69 32
69 19
69 55
70 32
70 22
70 78
70 55
71 66
71 67
71 70
71 39
71 8
71 10
71 75
71 13
71 46
71 47
71 80
71 35
71 45
71 58
71 27
71 28
71 74
72 32
72 1
72 7
72 9
72 55
72 44
72 77
72 78
72 82
72 22
72 41
72 88
73 34
73 3
73 36
73 5
73 38
73 40
73 2
73 14
73 49
73 87
73 25
73 61
73 31
74 33
74 67
74 68
74 8
74 11
74 12
74 47
74 52
74 24
74 57
74 79
74 62
74 63
75 33
75 67
75 68
75 8
75 11
75 12
75 46
75 47
75 80
75 52
75 24
75 57
75 79
75 62
75 63
76 2
76 68
76 38
76 12
76 34
76 49
76 87
76 61
77 33
77 67
77 68
77 71
77 8
77 11
77 13
77 46
77 47
77 80
77 75
77 35
77 52
77 24
77 57
77 79
77 62
77 63
78 72
78 65
78 21
78 81
79 66
79 67
79 70
79 39
79 8
79 10
79 75
79 13
79 46
79 47
79 80
79 71
79 35
79 45
79 58
79 27
79 28
79 74
80 64
80 66
80 35
80 37
80 70
80 39
80 10
80 43
80 13
80 45
80 71
80 58
80 27
80 28
80 74
81 64
81 4
81 37
81 73
81 42
81 43
81 76
81 23
81 56
81 29
81 30
82 65
82 72
82 81
82 21
82 29
82 30
83 72
83 73
83 42
83 21
83 23
83 29
83 30
84 19
84 85
85 65
85 69
85 72
85 81
85 51
85 84
85 54
85 59
86 33
86 67
86 68
86 71
86 8
86 11
86 12
86 46
86 47
86 80
86 75
86 52
86 24
86 57
86 79
86 62
86 63
87 66
87 35
87 37
87 70
87 39
87 10
87 43
87 13
87 45
87 71
87 58
87 27
87 28
87 74
88 64
88 66
88 35
88 4
88 37
88 70
88 39
88 10
88 43
88 13
88 45
88 58
88 27
88 28
88 74
