88
1 9
1 14
1 25
1 26
1 29
1 34
1 36
1 39
1 42
1 48
1 53
1 54
1 60
1 62
1 67
1 70
1 71
1 73
1 75
1 78
1 79
1 80
1 88
2 59
2 4
2 12
2 13
2 84
2 21
2 57
2 27
2 31
3 65
3 66
3 67
3 36
3 37
3 70
3 39
3 40
3 76
3 14
3 48
3 24
3 78
3 56
3 88
3 58
3 60
3 26
3 62
4 57
4 82
4 84
4 6
6 82
6 3
7 33
7 59
7 4
7 49
7 74
7 12
7 13
7 81
7 21
7 68
7 27
7 31
8 1
8 9
8 25
8 29
8 32
8 34
8 35
8 36
8 39
8 42
8 47
8 53
8 54
8 55
8 67
8 71
8 72
8 73
8 75
8 77
8 78
8 79
8 80
9 33
9 68
9 38
9 49
9 74
9 43
9 44
9 13
9 81
9 83
9 52
9 21
9 28
9 61
9 30
9 51
10 3
10 6
11 18
11 3
12 1
12 14
12 24
12 25
12 26
12 36
12 37
12 39
12 40
12 42
12 48
12 56
12 60
12 62
12 65
12 66
12 67
12 70
12 73
12 75
12 76
12 78
12 88
13 1
13 9
13 14
13 25
13 26
13 29
13 34
13 36
13 39
13 42
13 48
13 53
13 54
13 60
13 62
13 67
13 70
13 71
13 73
13 75
13 78
13 79
13 80
13 88
14 1
14 9
14 29
14 30
14 32
14 34
14 35
14 42
14 44
14 47
14 52
14 53
14 54
14 55
14 71
14 72
14 73
14 75
14 77
14 79
14 80
14 83
15 66
15 5
15 7
15 41
15 10
15 17
15 50
15 85
15 87
15 24
15 58
15 63
16 82
16 3
16 6
17 16
18 20
19 59
19 4
19 12
19 84
19 57
19 27
19 31
20 18
21 18
21 3
22 1
22 9
22 14
22 25
22 26
22 34
22 36
22 39
22 42
22 48
22 53
22 54
22 56
22 60
22 62
22 67
22 70
22 71
22 73
22 75
22 78
22 79
22 80
22 88
23 82
23 3
23 6
24 65
24 66
24 67
24 36
24 37
24 70
24 39
24 40
24 76
24 14
24 48
24 88
24 78
24 56
24 25
24 26
24 60
24 62
25 18
26 82
26 6
27 18
27 3
27 6
28 32
28 51
28 35
28 38
28 71
28 72
28 9
28 43
28 44
28 77
28 47
28 29
28 83
28 52
28 55
28 79
28 61
28 30
29 84
29 57
29 82
29 12
29 4
30 33
30 59
30 4
30 49
30 74
30 12
30 13
30 81
30 21
30 68
30 27
30 31
31 59
31 4
31 49
31 74
31 12
31 13
31 81
31 21
31 68
31 27
32 18
32 3
33 59
33 4
33 12
33 13
33 49
33 21
33 57
33 27
33 31
34 33
34 68
34 38
34 49
34 72
34 74
34 43
34 44
34 13
34 81
34 83
34 52
34 21
34 28
34 61
34 30
34 51
35 33
35 59
35 4
35 49
35 74
35 12
35 13
35 81
35 21
35 68
35 27
35 31
36 57
36 82
36 84
36 6
37 33
37 68
37 38
37 49
37 72
37 74
37 43
37 44
37 13
37 47
37 81
37 83
37 52
37 21
37 28
37 61
37 30
37 51
38 65
38 66
38 67
38 36
38 37
38 70
38 39
38 40
38 62
38 76
38 14
38 48
38 24
38 78
38 56
38 25
38 26
38 60
38 88
39 84
39 57
39 59
39 12
39 4
40 18
40 3
41 84
41 57
41 59
41 12
41 4
42 32
42 33
42 35
42 38
42 72
42 43
42 44
42 77
42 47
42 29
42 83
42 52
42 55
42 28
42 61
42 30
42 51
43 57
43 82
43 84
43 6
44 57
44 82
44 84
45 18
45 3
46 18
47 84
47 57
47 12
47 4
48 33
48 59
48 68
48 38
48 49
48 74
48 13
48 81
48 51
48 21
48 27
48 61
48 31
49 33
49 68
49 38
49 72
49 74
49 43
49 44
49 13
49 81
49 83
49 52
49 21
49 28
49 61
49 30
49 51
50 18
50 3
50 6
51 57
51 82
51 84
51 6
52 59
52 4
52 49
52 12
52 13
52 81
52 21
52 27
52 31
53 59
53 4
53 49
53 74
53 12
53 13
53 81
53 21
53 68
53 27
53 31
54 59
54 4
54 12
54 84
54 21
54 57
54 27
54 31
55 59
55 4
55 12
55 13
55 21
55 57
55 27
55 31
56 33
56 68
56 38
56 49
56 74
56 43
56 44
56 13
56 81
56 83
56 52
56 21
56 31
56 28
56 61
56 30
56 51
57 32
57 33
57 35
57 68
57 38
57 49
57 72
57 74
57 43
57 44
57 77
57 47
57 81
57 83
57 52
57 55
57 28
57 61
57 30
57 51
58 82
58 84
58 6
59 1
59 9
59 14
59 25
59 26
59 29
59 32
59 34
59 35
59 36
59 39
59 42
59 47
59 53
59 54
59 55
59 62
59 67
59 71
59 73
59 75
59 77
59 78
59 79
59 80
60 64
60 5
60 7
60 8
60 41
60 46
60 17
60 85
60 22
60 63
60 69
61 82
61 3
61 6
62 32
62 33
62 35
62 68
62 38
62 49
62 72
62 74
62 43
62 44
62 77
62 47
62 81
62 83
62 52
62 55
62 28
62 61
62 30
62 51
63 32
63 51
63 35
63 38
63 71
63 72
63 9
63 43
63 44
63 77
63 47
63 80
63 29
63 83
63 52
63 53
63 55
63 79
63 28
63 61
63 30
64 32
64 33
64 35
64 68
64 38
64 72
64 74
64 43
64 44
64 77
64 47
64 29
64 83
64 52
64 55
64 28
64 61
64 30
64 51
65 82
65 3
65 6
66 59
66 4
66 12
66 84
66 57
66 27
66 31
67 84
67 57
67 12
67 4
68 33
68 38
68 49
68 74
68 43
68 13
68 81
68 51
68 52
68 21
68 28
68 61
68 31
69 18
69 3
70 57
70 82
70 84
70 6
71 82
71 6
72 33
72 68
72 38
72 49
72 74
72 43
72 13
72 81
72 51
72 52
72 21
72 28
72 61
72 31
73 82
73 6
74 59
74 4
74 12
74 84
74 57
74 27
74 31
75 82
75 3
75 6
76 59
76 4
76 49
76 12
76 13
76 81
76 21
76 57
76 27
76 31
77 33
77 68
77 38
77 49
77 74
77 43
77 13
77 81
77 83
77 52
77 21
77 31
77 28
77 61
77 51
78 33
78 68
78 38
78 49
78 74
78 43
78 13
78 81
78 51
78 52
78 21
78 28
78 61
78 31
79 84
79 57
79 12
79 4
80 59
80 4
80 49
80 12
80 13
80 81
80 21
80 27
80 31
81 65
81 66
81 67
81 36
81 37
81 70
81 39
81 40
81 62
81 76
81 14
81 48
81 24
81 78
81 56
81 25
81 26
81 60
81 88
82 59
82 4
82 49
82 74
82 12
82 13
82 81
82 21
82 68
82 27
82 31
83 65
83 66
83 37
83 70
83 40
83 10
83 76
83 56
83 50
83 87
83 24
83 88
83 58
83 60
84 1
84 9
84 14
84 25
84 26
84 34
84 36
84 37
84 39
84 40
84 42
84 48
84 53
84 54
84 56
84 60
84 62
84 67
84 70
84 71
84 73
84 75
84 76
84 78
84 79
84 80
84 88
85 1
85 66
85 67
85 36
85 37
85 70
85 65
85 40
85 73
85 39
85 76
85 14
85 48
85 24
85 78
85 62
85 56
85 25
85 26
85 60
85 88
86 33
86 68
86 38
86 49
86 74
86 43
86 13
86 81
86 51
86 21
86 27
86 28
86 61
86 31
87 57
87 82
87 84
87 6
88 33
88 68
88 38
88 49
88 72
88 74
88 43
88 44
88 13
88 47
88 81
88 83
88 52
88 21
88 28
88 61
88 30
88 51
