88
1 32
1 3
1 4
1 38
1 7
1 42
1 13
1 48
1 49
1 18
1 84
1 55
1 59
1 60
1 30
2 18
2 59
2 60
2 55
5 32
5 3
5 4
5 38
5 7
5 42
5 13
5 48
5 49
5 18
5 84
5 55
5 59
5 60
5 30
6 32
6 3
6 4
6 38
6 7
6 42
6 48
6 49
6 18
6 84
6 55
6 59
6 60
6 30
8 32
8 3
8 4
8 38
8 7
8 42
8 48
8 49
8 18
8 84
8 55
8 59
8 60
8 30
9 32
9 3
9 4
9 38
9 7
9 42
9 13
9 48
9 49
9 18
9 83
9 84
9 17
9 55
9 59
9 60
9 30
10 32
10 3
10 4
10 38
10 7
10 42
10 13
10 48
10 49
10 18
10 84
10 55
10 59
10 60
10 30
11 32
11 3
11 4
11 38
11 7
11 42
11 13
11 48
11 49
11 18
11 84
11 17
11 55
11 59
11 60
11 30
14 32
14 48
14 3
14 4
14 38
14 7
14 42
14 13
14 16
14 49
14 18
14 83
14 84
14 17
14 55
14 59
14 60
14 30
21 32
21 3
21 4
21 38
21 7
21 42
21 13
21 48
21 49
21 18
21 84
21 55
21 59
21 60
21 30
22 32
22 3
22 4
22 38
22 7
22 42
22 13
22 48
22 49
22 18
22 84
22 55
22 59
22 60
22 30
23 32
23 3
23 4
23 38
23 7
23 42
23 13
23 48
23 49
23 18
23 83
23 84
23 17
23 55
23 59
23 60
23 30
24 32
24 3
24 4
24 38
24 7
24 42
24 13
24 48
24 49
24 18
24 83
24 84
24 17
24 55
24 59
24 60
24 30
25 55
27 32
27 3
27 4
27 38
27 7
27 42
27 13
27 48
27 49
27 18
27 84
27 55
27 59
27 60
27 30
28 32
28 3
28 4
28 38
28 7
28 42
28 13
28 48
28 49
28 18
28 83
28 84
28 17
28 55
28 59
28 60
28 30
29 32
29 48
29 3
29 4
29 38
29 7
29 42
29 13
29 16
29 49
29 18
29 83
29 84
29 17
29 55
29 59
29 60
29 30
30 32
30 48
30 3
30 4
30 38
30 7
30 42
30 13
30 16
30 49
30 83
30 84
30 17
31 4
31 7
31 18
31 84
31 55
31 59
31 60
32 48
32 3
32 4
32 38
32 7
32 42
32 13
32 16
32 49
32 18
32 83
32 84
32 17
32 59
32 60
32 30
33 3
33 4
33 7
33 49
33 18
33 84
33 55
33 59
33 60
34 3
34 4
34 7
34 49
34 18
34 84
34 55
34 59
34 60
35 32
35 3
35 4
35 38
35 7
35 42
35 13
35 48
35 49
35 18
35 84
35 55
35 59
35 60
35 30
36 32
36 3
36 4
36 38
36 7
36 42
36 13
36 48
36 49
36 18
36 83
36 84
36 17
36 55
36 59
36 60
36 30
37 32
37 3
37 4
37 38
37 7
37 42
37 13
37 48
37 49
37 18
37 84
37 17
37 55
37 59
37 60
37 30
39 32
39 3
39 4
39 38
39 7
39 42
39 48
39 49
39 18
39 84
39 55
39 59
39 60
39 30
40 32
40 3
40 4
40 38
40 7
40 42
40 13
40 48
40 49
40 18
40 84
40 55
40 59
40 60
40 30
41 32
41 3
41 4
41 38
41 7
41 42
41 13
41 48
41 49
41 18
41 83
41 84
41 17
41 55
41 59
41 60
41 30
42 32
42 48
42 3
42 4
42 38
42 7
42 13
42 16
42 49
42 18
42 83
42 84
42 17
42 55
42 59
42 60
42 30
43 32
43 3
43 4
43 38
43 7
43 42
43 13
43 48
43 49
43 18
43 84
43 17
43 55
43 59
43 60
43 30
44 32
44 3
44 4
44 38
44 7
44 42
44 13
44 48
44 49
44 18
44 83
44 84
44 17
44 55
44 59
44 60
44 30
45 4
45 7
45 49
45 18
45 84
45 55
45 59
45 60
46 3
46 4
46 7
46 49
46 18
46 84
46 55
46 59
46 60
47 32
47 3
47 4
47 38
47 7
47 42
47 13
47 48
47 49
47 18
47 84
47 55
47 59
47 60
47 30
48 32
48 3
48 4
48 38
48 7
48 42
48 13
48 16
48 49
48 18
48 83
48 84
48 17
48 59
48 60
48 30
49 32
49 3
49 4
49 38
49 7
49 42
49 13
49 48
49 17
49 18
49 83
49 84
49 55
49 59
49 60
49 30
50 32
50 3
50 4
50 38
50 7
50 42
50 13
50 48
50 49
50 18
50 84
50 55
50 59
50 60
50 30
52 3
52 4
52 7
52 49
52 18
52 84
52 55
52 59
52 60
53 32
53 3
53 4
53 38
53 7
53 42
53 13
53 48
53 49
53 18
53 83
53 84
53 17
53 55
53 59
53 60
53 30
54 32
54 3
54 4
54 38
54 7
54 42
54 48
54 49
54 18
54 84
54 55
54 59
54 60
54 30
56 32
56 3
56 4
56 38
56 7
56 42
56 13
56 48
56 49
56 18
56 84
56 55
56 59
56 60
56 30
57 32
57 3
57 4
57 38
57 7
57 42
57 48
57 49
57 18
57 84
57 55
57 59
57 60
57 30
58 32
58 3
58 4
58 7
58 42
58 48
58 49
58 18
58 84
58 55
58 59
58 60
61 32
61 3
61 4
61 38
61 7
61 42
61 48
61 49
61 18
61 84
61 55
61 59
61 60
61 30
62 18
62 59
62 60
62 55
63 32
63 48
63 3
63 4
63 38
63 7
63 42
63 13
63 16
63 49
63 83
63 84
63 17
63 30
64 32
64 3
64 4
64 38
64 7
64 42
64 13
64 48
64 49
64 18
64 84
64 55
64 59
64 60
64 30
65 55
67 18
67 59
67 60
67 55
68 3
68 4
68 7
68 49
68 18
68 84
68 55
68 59
68 60
69 3
69 4
69 7
69 49
69 18
69 84
69 55
69 59
69 60
70 32
70 3
70 4
70 38
70 7
70 42
70 48
70 49
70 18
70 84
70 55
70 59
70 60
70 30
71 32
71 3
71 4
71 38
71 7
71 42
71 13
71 48
71 49
71 18
71 84
71 55
71 59
71 60
71 30
72 60
72 18
72 59
72 84
72 55
73 60
73 18
73 59
73 84
73 55
74 18
74 59
74 60
74 55
75 32
75 3
75 4
75 38
75 7
75 42
75 48
75 49
75 18
75 84
75 55
75 59
75 60
75 30
76 55
77 32
77 3
77 4
77 38
77 7
77 42
77 13
77 48
77 49
77 18
77 83
77 84
77 17
77 55
77 59
77 60
77 30
78 32
78 3
78 4
78 38
78 7
78 42
78 13
78 48
78 49
78 18
78 83
78 84
78 17
78 55
78 59
78 60
78 30
79 32
79 3
79 4
79 38
79 7
79 42
79 13
79 48
79 49
79 18
79 84
79 55
79 59
79 60
79 30
80 3
80 4
80 7
80 49
80 18
80 84
80 55
80 59
80 60
81 32
81 48
81 3
81 4
81 38
81 7
81 42
81 13
81 16
81 49
81 83
81 84
81 17
81 30
82 32
82 3
82 4
82 38
82 7
82 42
82 48
82 49
82 18
82 84
82 55
82 59
82 60
82 30
85 32
85 3
85 4
85 38
85 7
85 42
85 13
85 48
85 49
85 18
85 84
85 55
85 59
85 60
85 30
86 32
86 3
86 4
86 38
86 7
86 42
86 13
86 48
86 49
86 18
86 83
86 84
86 17
86 55
86 59
86 60
86 30
87 32
87 3
87 4
87 38
87 7
87 42
87 13
87 48
87 49
87 18
87 84
87 17
87 55
87 59
87 60
87 30
88 32
88 3
88 4
88 38
88 7
88 42
88 13
88 48
88 49
88 18
88 83
88 84
88 17
88 55
88 59
88 60
88 30
