88
2 1
2 7
2 9
2 11
2 14
2 20
2 24
2 25
2 33
2 34
2 35
2 37
2 39
2 40
2 43
2 46
2 47
2 53
2 54
2 56
2 57
2 58
2 61
2 66
2 67
2 72
2 75
2 77
2 80
2 82
2 83
2 84
2 87
2 88
5 1
5 7
5 9
5 11
5 14
5 20
5 21
5 24
5 25
5 33
5 34
5 35
5 37
5 39
5 43
5 46
5 47
5 53
5 54
5 56
5 58
5 61
5 66
5 67
5 72
5 75
5 77
5 80
5 82
5 83
5 84
5 87
5 88
8 33
8 34
8 43
8 37
8 7
8 31
8 39
8 77
8 14
8 49
8 75
8 83
8 84
8 78
8 24
8 69
8 88
8 46
8 63
8 20
8 21
9 7
9 14
9 20
9 21
9 24
9 31
9 33
9 34
9 35
9 37
9 39
9 43
9 46
9 53
9 54
9 61
9 67
9 72
9 75
9 77
9 78
9 82
9 83
9 84
9 87
9 88
10 1
10 7
10 9
10 11
10 14
10 20
10 21
10 24
10 25
10 33
10 34
10 35
10 37
10 39
10 43
10 46
10 47
10 53
10 54
10 56
10 58
10 61
10 66
10 67
10 72
10 75
10 77
10 80
10 82
10 83
10 84
10 87
10 88
12 1
12 5
12 9
12 11
12 19
12 25
12 26
12 27
12 28
12 40
12 47
12 54
12 56
12 57
12 58
12 61
12 65
12 66
12 71
12 72
12 73
12 74
12 76
12 80
12 82
12 85
12 86
13 1
13 7
13 9
13 11
13 14
13 20
13 21
13 24
13 25
13 33
13 34
13 35
13 37
13 39
13 43
13 46
13 53
13 54
13 56
13 58
13 61
13 66
13 67
13 72
13 75
13 77
13 80
13 82
13 83
13 84
13 87
13 88
14 33
14 34
14 37
14 6
14 7
14 31
14 43
14 46
14 49
14 84
14 78
14 39
14 88
14 20
14 63
14 69
14 21
16 81
16 51
16 4
16 62
18 1
18 9
18 11
18 19
18 24
18 25
18 26
18 27
18 35
18 40
18 47
18 53
18 54
18 56
18 57
18 58
18 61
18 66
18 67
18 71
18 72
18 73
18 74
18 75
18 77
18 80
18 82
18 83
18 85
18 86
18 87
20 33
20 34
20 37
20 7
20 31
20 43
20 77
20 14
20 49
20 83
20 84
20 78
20 69
20 46
20 39
20 63
20 88
20 21
22 1
22 7
22 9
22 14
22 20
22 21
22 24
22 33
22 34
22 35
22 37
22 39
22 43
22 46
22 53
22 54
22 56
22 61
22 67
22 72
22 75
22 77
22 78
22 82
22 83
22 84
22 87
22 88
29 1
29 7
29 9
29 11
29 14
29 20
29 21
29 24
29 25
29 33
29 34
29 35
29 37
29 39
29 43
29 46
29 47
29 53
29 54
29 56
29 58
29 61
29 66
29 67
29 72
29 75
29 77
29 80
29 82
29 83
29 84
29 87
29 88
30 1
30 7
30 9
30 11
30 14
30 20
30 21
30 24
30 25
30 33
30 34
30 35
30 37
30 39
30 43
30 46
30 47
30 53
30 54
30 56
30 58
30 61
30 66
30 67
30 72
30 75
30 77
30 80
30 82
30 83
30 84
30 87
30 88
31 33
31 34
31 37
31 6
31 7
31 46
31 14
31 49
31 84
31 78
31 39
31 20
31 63
31 69
31 21
34 37
34 6
34 39
34 31
34 78
34 14
34 49
34 20
34 46
34 63
34 69
34 21
38 7
38 9
38 14
38 20
38 21
38 24
38 31
38 33
38 34
38 35
38 37
38 39
38 43
38 46
38 53
38 61
38 67
38 69
38 72
38 75
38 77
38 78
38 82
38 83
38 84
38 87
38 88
39 33
39 34
39 37
39 6
39 7
39 31
39 43
39 14
39 49
39 84
39 78
39 69
39 46
39 20
39 63
39 88
39 21
41 1
41 5
41 9
41 11
41 19
41 24
41 25
41 26
41 27
41 28
41 35
41 40
41 47
41 53
41 54
41 56
41 57
41 58
41 61
41 66
41 67
41 71
41 72
41 73
41 74
41 75
41 80
41 82
41 85
41 86
41 87
42 1
42 7
42 9
42 14
42 20
42 21
42 24
42 33
42 34
42 35
42 37
42 39
42 43
42 46
42 53
42 54
42 56
42 61
42 67
42 72
42 75
42 77
42 78
42 82
42 83
42 84
42 87
42 88
43 7
43 14
43 20
43 21
43 24
43 31
43 33
43 34
43 35
43 37
43 39
43 46
43 49
43 53
43 61
43 63
43 67
43 69
43 72
43 75
43 77
43 78
43 83
43 84
43 87
43 88
44 1
44 7
44 9
44 11
44 14
44 20
44 21
44 24
44 25
44 33
44 34
44 35
44 37
44 39
44 43
44 46
44 53
44 54
44 56
44 58
44 61
44 66
44 67
44 72
44 75
44 77
44 78
44 80
44 82
44 83
44 84
44 87
44 88
45 1
45 9
45 11
45 24
45 25
45 27
45 35
45 40
45 43
45 47
45 53
45 54
45 56
45 57
45 58
45 61
45 66
45 67
45 72
45 73
45 74
45 75
45 77
45 80
45 82
45 83
45 85
45 86
45 87
45 88
46 7
46 14
46 20
46 21
46 24
46 31
46 33
46 34
46 35
46 37
46 39
46 43
46 49
46 53
46 63
46 67
46 69
46 75
46 77
46 78
46 83
46 84
46 87
46 88
48 33
48 34
48 37
48 6
48 7
48 31
48 43
48 14
48 49
48 84
48 78
48 69
48 46
48 20
48 39
48 63
48 88
48 21
51 33
51 34
51 43
51 37
51 7
51 31
51 39
51 77
51 14
51 49
51 75
51 83
51 84
51 78
51 24
51 69
51 88
51 46
51 63
51 20
51 21
52 7
52 14
52 20
52 21
52 24
52 31
52 33
52 34
52 35
52 37
52 39
52 43
52 46
52 49
52 53
52 63
52 67
52 69
52 75
52 77
52 78
52 83
52 84
52 87
52 88
55 81
55 51
55 60
55 62
55 4
57 7
57 9
57 14
57 20
57 21
57 24
57 33
57 34
57 35
57 37
57 39
57 43
57 46
57 53
57 54
57 56
57 61
57 67
57 72
57 75
57 77
57 78
57 82
57 83
57 84
57 87
57 88
59 1
59 7
59 9
59 11
59 14
59 20
59 24
59 25
59 33
59 34
59 35
59 37
59 39
59 40
59 43
59 46
59 47
59 53
59 54
59 56
59 57
59 58
59 61
59 66
59 67
59 72
59 75
59 77
59 80
59 82
59 83
59 84
59 87
59 88
64 7
64 14
64 20
64 21
64 24
64 31
64 33
64 34
64 35
64 37
64 39
64 43
64 46
64 49
64 63
64 69
64 75
64 77
64 78
64 83
64 84
64 87
64 88
67 33
67 34
67 43
67 37
67 7
67 31
67 39
67 77
67 14
67 49
67 83
67 84
67 78
67 69
67 46
67 20
67 63
67 88
67 21
68 1
68 7
68 9
68 11
68 14
68 24
68 25
68 33
68 34
68 35
68 39
68 40
68 43
68 46
68 47
68 53
68 54
68 56
68 57
68 58
68 61
68 66
68 67
68 72
68 74
68 75
68 77
68 80
68 82
68 83
68 84
68 85
68 87
68 88
70 1
70 7
70 9
70 14
70 20
70 21
70 24
70 33
70 34
70 35
70 37
70 39
70 43
70 46
70 53
70 54
70 56
70 61
70 67
70 72
70 75
70 77
70 78
70 82
70 83
70 84
70 87
70 88
82 1
82 7
82 9
82 11
82 14
82 20
82 24
82 25
82 33
82 34
82 35
82 37
82 39
82 40
82 43
82 46
82 47
82 53
82 54
82 56
82 57
82 58
82 61
82 66
82 67
82 72
82 75
82 77
82 80
82 83
82 84
82 87
82 88
