88
1 3
1 7
1 14
1 19
1 21
1 28
1 30
1 31
1 33
1 43
1 45
1 47
1 50
1 54
1 56
1 58
1 60
1 62
1 63
1 68
1 79
1 80
1 84
2 81
2 66
3 1
3 7
3 14
3 19
3 21
3 28
3 30
3 31
3 33
3 43
3 45
3 47
3 50
3 54
3 56
3 60
3 62
3 63
3 65
3 68
3 79
3 80
3 84
4 81
4 66
5 65
5 4
5 74
5 15
5 82
5 26
5 60
5 30
5 63
6 66
6 5
6 81
6 18
6 52
6 57
6 37
7 1
7 3
7 14
7 19
7 21
7 28
7 30
7 31
7 33
7 38
7 43
7 45
7 47
7 50
7 54
7 56
7 58
7 62
7 63
7 68
7 76
7 79
7 80
7 84
10 66
10 5
10 6
10 81
10 18
10 52
10 37
11 81
11 18
11 66
11 5
14 1
14 7
14 19
14 21
14 28
14 30
14 31
14 33
14 43
14 45
14 47
14 50
14 54
14 56
14 60
14 62
14 63
14 65
14 68
14 79
14 80
14 84
21 65
21 4
21 74
21 15
21 82
21 26
21 60
21 30
21 63
23 66
23 5
23 6
23 81
23 18
23 52
23 37
24 65
24 4
24 74
24 15
24 82
24 26
24 60
25 65
25 4
25 74
25 15
25 82
25 26
25 60
25 30
25 63
26 1
26 3
26 7
26 14
26 19
26 21
26 22
26 25
26 28
26 31
26 33
26 38
26 43
26 45
26 47
26 50
26 54
26 56
26 58
26 62
26 68
26 76
26 77
26 79
26 80
26 83
26 84
28 1
28 3
28 7
28 14
28 19
28 21
28 22
28 25
28 31
28 33
28 38
28 43
28 45
28 47
28 50
28 54
28 56
28 58
28 62
28 68
28 76
28 77
28 79
28 80
28 83
28 84
29 57
29 74
29 52
29 37
29 6
30 57
30 52
30 37
30 6
30 5
31 1
31 3
31 7
31 14
31 19
31 21
31 28
31 30
31 33
31 38
31 43
31 45
31 47
31 50
31 54
31 56
31 58
31 62
31 63
31 68
31 76
31 79
31 80
31 84
32 65
32 4
32 74
32 15
32 82
32 26
32 60
32 30
32 63
33 65
33 4
33 7
33 74
33 43
33 50
33 15
33 82
33 84
33 68
33 26
33 31
33 60
33 30
33 63
34 26
34 74
34 4
34 82
34 15
35 4
35 74
35 15
35 82
35 57
35 26
36 65
36 4
36 7
36 74
36 43
36 50
36 15
36 82
36 84
36 26
36 60
36 30
36 63
38 1
38 3
38 7
38 14
38 19
38 21
38 28
38 30
38 31
38 33
38 43
38 45
38 47
38 50
38 54
38 56
38 58
38 60
38 62
38 63
38 68
38 79
38 80
38 84
39 1
39 3
39 7
39 14
39 19
39 21
39 28
39 30
39 31
39 33
39 38
39 43
39 45
39 47
39 50
39 54
39 56
39 58
39 62
39 63
39 68
39 76
39 79
39 80
39 83
39 84
40 5
40 6
40 18
40 52
40 57
40 37
41 1
41 50
41 68
41 33
41 65
41 7
41 31
41 28
41 43
41 45
41 79
41 82
41 19
41 84
41 56
41 26
41 15
41 60
41 30
41 63
42 65
42 50
42 4
42 7
42 43
42 45
42 15
42 82
42 19
42 84
42 56
42 68
42 26
42 31
42 60
42 30
42 63
44 65
44 4
44 74
44 15
44 82
44 26
45 65
45 4
45 74
45 43
45 50
45 15
45 82
45 84
45 26
45 60
45 30
45 63
46 26
46 74
46 4
46 82
46 15
47 57
47 74
47 52
47 37
47 6
48 57
48 52
48 37
48 6
50 81
50 18
50 66
50 5
51 81
51 18
51 66
52 65
52 4
52 7
52 74
52 43
52 50
52 15
52 82
52 84
52 26
52 60
52 30
52 63
53 1
53 3
53 7
53 14
53 19
53 21
53 22
53 28
53 31
53 33
53 38
53 43
53 45
53 47
53 50
53 54
53 56
53 58
53 62
53 63
53 68
53 76
53 77
53 79
53 80
53 83
53 84
54 1
54 3
54 7
54 14
54 19
54 21
54 28
54 30
54 31
54 33
54 38
54 43
54 45
54 47
54 50
54 56
54 58
54 62
54 63
54 68
54 76
54 79
54 80
54 84
55 57
55 74
55 52
55 37
55 6
56 1
56 3
56 7
56 14
56 19
56 21
56 22
56 25
56 28
56 31
56 33
56 38
56 43
56 45
56 47
56 50
56 54
56 58
56 62
56 68
56 76
56 77
56 79
56 80
56 83
56 84
58 65
58 50
58 68
58 7
58 28
58 43
58 45
58 15
58 82
58 19
58 84
58 56
58 26
58 31
58 60
58 30
58 63
61 65
61 4
61 74
61 15
61 82
61 26
61 60
62 65
62 50
62 4
62 7
62 43
62 45
62 15
62 82
62 84
62 56
62 68
62 26
62 31
62 60
62 30
62 63
63 1
63 50
63 68
63 33
63 65
63 7
63 28
63 43
63 45
63 79
63 82
63 19
63 84
63 54
63 56
63 60
63 30
63 31
64 57
64 52
64 37
64 6
64 5
65 1
65 68
65 33
65 7
65 28
65 43
65 45
65 79
65 80
65 50
65 19
65 84
65 21
65 54
65 56
65 31
65 60
65 30
65 63
67 65
67 4
67 74
67 15
67 82
67 26
67 60
67 30
68 1
68 33
68 65
68 7
68 28
68 30
68 43
68 45
68 79
68 80
68 50
68 19
68 84
68 21
68 54
68 56
68 31
68 60
68 62
68 63
69 1
69 3
69 7
69 14
69 19
69 21
69 28
69 30
69 31
69 33
69 43
69 45
69 47
69 50
69 54
69 56
69 58
69 60
69 62
69 63
69 68
69 79
69 80
69 84
71 65
71 4
71 7
71 74
71 43
71 50
71 15
71 82
71 84
71 26
71 60
71 30
71 63
72 1
72 3
72 7
72 14
72 19
72 21
72 28
72 30
72 31
72 33
72 43
72 45
72 47
72 50
72 54
72 56
72 58
72 62
72 63
72 68
72 76
72 79
72 80
72 84
73 65
73 4
73 74
73 15
73 82
73 26
73 60
73 30
73 63
75 26
75 74
75 4
75 82
75 15
76 4
76 37
76 6
76 74
76 52
76 57
77 1
77 3
77 7
77 14
77 19
77 21
77 22
77 25
77 28
77 31
77 33
77 38
77 43
77 45
77 47
77 50
77 54
77 56
77 58
77 62
77 68
77 76
77 79
77 80
77 83
77 84
78 65
78 50
78 4
78 7
78 43
78 45
78 15
78 82
78 84
78 56
78 68
78 26
78 31
78 60
78 30
78 63
79 1
79 3
79 7
79 14
79 19
79 21
79 28
79 30
79 31
79 33
79 43
79 45
79 47
79 50
79 54
79 56
79 58
79 62
79 63
79 68
79 76
79 80
79 84
80 65
80 50
80 68
80 7
80 43
80 45
80 15
80 82
80 19
80 84
80 56
80 26
80 31
80 60
80 30
80 63
81 65
81 4
81 7
81 74
81 43
81 50
81 15
81 82
81 84
81 26
81 60
81 30
81 63
82 4
82 37
82 6
82 74
82 52
82 57
83 65
83 4
83 7
83 74
83 43
83 50
83 15
83 82
83 84
83 68
83 26
83 31
83 60
83 30
83 63
84 26
84 74
84 4
84 82
84 15
85 57
85 74
85 52
85 37
85 4
86 66
86 5
86 6
86 81
86 18
86 52
86 37
87 1
87 7
87 14
87 19
87 21
87 28
87 30
87 31
87 33
87 43
87 45
87 47
87 50
87 54
87 56
87 60
87 62
87 63
87 65
87 68
87 79
87 80
87 84
88 65
88 50
88 4
88 7
88 43
88 45
88 15
88 82
88 19
88 84
88 56
88 68
88 26
88 31
88 60
88 30
88 63
