88
2 32
2 17
2 11
2 12
2 13
2 16
2 81
2 50
2 51
2 20
2 86
3 1
3 9
3 14
3 22
3 23
3 24
3 36
3 41
3 44
3 47
3 52
3 56
3 60
3 62
3 63
3 64
3 66
3 68
3 78
3 79
3 83
3 85
5 32
5 48
5 66
5 22
5 44
5 16
5 81
5 50
5 52
5 21
5 86
5 23
5 56
5 63
5 62
5 85
6 1
6 3
6 9
6 14
6 19
6 22
6 24
6 33
6 34
6 36
6 38
6 39
6 41
6 44
6 47
6 52
6 60
6 61
6 63
6 64
6 66
6 67
6 68
6 69
6 73
6 77
6 78
6 79
6 83
6 85
7 32
7 48
7 66
7 36
7 22
7 41
7 44
7 16
7 81
7 52
7 21
7 86
7 23
7 56
7 68
7 63
7 62
7 85
10 1
10 3
10 9
10 14
10 19
10 22
10 24
10 33
10 34
10 36
10 38
10 39
10 40
10 41
10 44
10 47
10 52
10 60
10 61
10 63
10 64
10 66
10 67
10 68
10 69
10 71
10 73
10 77
10 78
10 79
10 83
14 19
14 24
14 31
14 33
14 34
14 37
14 38
14 39
14 40
14 45
14 49
14 53
14 58
14 59
14 61
14 64
14 67
14 69
14 71
14 72
14 73
14 75
14 77
14 78
14 80
14 83
14 87
16 15
19 32
19 48
19 66
19 22
19 44
19 16
19 81
19 50
19 52
19 21
19 86
19 23
19 56
19 63
19 62
19 85
20 14
20 19
20 24
20 31
20 33
20 34
20 37
20 38
20 39
20 40
20 45
20 49
20 53
20 58
20 59
20 61
20 67
20 69
20 71
20 72
20 73
20 75
20 77
20 78
20 80
20 83
20 87
25 1
25 3
25 9
25 14
25 19
25 24
25 31
25 33
25 34
25 37
25 38
25 39
25 40
25 45
25 47
25 49
25 58
25 60
25 61
25 64
25 67
25 69
25 71
25 73
25 77
25 78
25 79
25 80
25 83
25 87
26 14
26 19
26 24
26 31
26 33
26 34
26 37
26 38
26 39
26 40
26 45
26 47
26 49
26 53
26 58
26 59
26 60
26 61
26 64
26 67
26 69
26 71
26 73
26 75
26 77
26 78
26 79
26 80
26 83
26 87
27 1
27 3
27 9
27 14
27 21
27 22
27 23
27 24
27 36
27 41
27 44
27 47
27 52
27 56
27 60
27 62
27 63
27 64
27 66
27 68
27 78
27 79
27 85
28 1
28 3
28 9
28 14
28 19
28 22
28 24
28 33
28 34
28 36
28 38
28 39
28 41
28 44
28 47
28 52
28 60
28 61
28 63
28 64
28 66
28 67
28 68
28 69
28 73
28 77
28 78
28 79
28 83
28 85
29 1
29 3
29 9
29 14
29 19
29 22
29 24
29 33
29 34
29 36
29 39
29 41
29 44
29 47
29 52
29 56
29 60
29 61
29 62
29 63
29 64
29 66
29 67
29 68
29 73
29 77
29 78
29 79
29 83
29 85
35 1
35 3
35 9
35 14
35 19
35 22
35 24
35 33
35 34
35 36
35 39
35 41
35 44
35 47
35 52
35 60
35 61
35 62
35 63
35 64
35 66
35 67
35 68
35 73
35 77
35 78
35 79
35 83
35 85
37 32
37 48
37 17
37 11
37 13
37 16
37 81
37 50
37 20
37 21
37 86
37 23
47 1
47 3
47 9
47 14
47 19
47 24
47 31
47 33
47 34
47 37
47 38
47 39
47 40
47 45
47 49
47 58
47 60
47 61
47 64
47 67
47 69
47 71
47 73
47 77
47 78
47 79
47 80
47 83
47 87
54 1
54 3
54 9
54 14
54 19
54 24
54 33
54 34
54 36
54 37
54 38
54 39
54 40
54 45
54 47
54 49
54 58
54 60
54 61
54 64
54 67
54 69
54 71
54 73
54 77
54 78
54 79
54 80
54 83
54 87
58 14
58 19
58 24
58 31
58 33
58 34
58 37
58 38
58 39
58 40
58 45
58 47
58 49
58 53
58 59
58 61
58 64
58 67
58 69
58 71
58 72
58 73
58 75
58 77
58 78
58 80
58 83
58 87
59 1
59 3
59 9
59 14
59 19
59 24
59 33
59 34
59 36
59 38
59 39
59 40
59 41
59 47
59 49
59 52
59 60
59 61
59 63
59 64
59 67
59 68
59 69
59 71
59 73
59 77
59 78
59 79
59 83
59 87
64 1
64 3
64 9
64 14
64 19
64 24
64 33
64 34
64 36
64 38
64 39
64 40
64 41
64 45
64 47
64 49
64 58
64 60
64 61
64 67
64 68
64 69
64 71
64 73
64 77
64 78
64 79
64 80
64 83
64 87
67 1
67 3
67 9
67 14
67 19
67 24
67 33
67 34
67 36
67 38
67 39
67 40
67 41
67 45
67 47
67 49
67 58
67 60
67 61
67 64
67 68
67 69
67 71
67 73
67 77
67 78
67 79
67 80
67 83
67 87
68 2
68 10
68 14
68 19
68 31
68 33
68 34
68 35
68 37
68 38
68 39
68 40
68 45
68 49
68 53
68 58
68 59
68 61
68 67
68 69
68 71
68 72
68 73
68 75
68 77
68 80
68 83
68 87
69 1
69 3
69 9
69 21
69 22
69 23
69 36
69 41
69 44
69 47
69 48
69 52
69 56
69 60
69 62
69 63
69 64
69 66
69 68
69 78
69 79
69 85
71 1
71 14
71 19
71 24
71 31
71 33
71 34
71 37
71 38
71 39
71 40
71 45
71 47
71 49
71 58
71 60
71 61
71 64
71 67
71 69
71 73
71 75
71 77
71 78
71 79
71 80
71 83
71 87
72 14
72 19
72 24
72 31
72 33
72 34
72 37
72 38
72 39
72 40
72 45
72 47
72 49
72 53
72 58
72 59
72 60
72 61
72 64
72 67
72 69
72 71
72 73
72 75
72 77
72 78
72 79
72 80
72 83
72 87
74 1
74 3
74 9
74 14
74 19
74 22
74 24
74 33
74 34
74 36
74 38
74 39
74 40
74 41
74 44
74 47
74 52
74 60
74 61
74 63
74 64
74 66
74 67
74 68
74 69
74 73
74 77
74 78
74 79
74 83
74 85
76 1
76 3
76 9
76 21
76 22
76 23
76 36
76 41
76 44
76 47
76 48
76 52
76 56
76 60
76 62
76 63
76 64
76 66
76 68
76 78
76 79
76 85
77 1
77 3
77 9
77 14
77 19
77 24
77 33
77 34
77 36
77 37
77 38
77 39
77 40
77 45
77 47
77 49
77 58
77 60
77 61
77 64
77 67
77 69
77 71
77 73
77 78
77 79
77 80
77 83
77 87
78 1
78 3
78 14
78 19
78 24
78 31
78 33
78 34
78 37
78 38
78 39
78 40
78 45
78 47
78 49
78 58
78 60
78 61
78 64
78 67
78 69
78 71
78 73
78 77
78 79
78 80
78 83
78 87
82 32
82 48
82 66
82 22
82 44
82 16
82 81
82 50
82 52
82 21
82 86
82 23
82 56
82 63
82 62
82 85
84 1
84 3
84 14
84 19
84 24
84 31
84 33
84 34
84 37
84 38
84 39
84 40
84 45
84 47
84 49
84 58
84 60
84 61
84 64
84 67
84 69
84 71
84 73
84 77
84 78
84 79
84 80
84 83
84 87
85 1
85 3
85 9
85 14
85 19
85 24
85 33
85 34
85 36
85 38
85 39
85 40
85 41
85 45
85 47
85 49
85 52
85 60
85 61
85 64
85 67
85 68
85 69
85 71
85 73
85 77
85 78
85 79
85 80
85 83
85 87
87 14
87 19
87 24
87 31
87 33
87 34
87 35
87 37
87 38
87 39
87 40
87 45
87 49
87 53
87 58
87 59
87 61
87 67
87 69
87 71
87 72
87 73
87 75
87 77
87 80
87 83
