88
1 69
1 6
1 7
1 40
1 74
1 71
1 14
1 19
1 53
1 87
1 88
1 57
1 58
2 6
2 39
2 7
2 46
2 48
2 18
2 19
2 14
2 55
2 57
3 64
3 2
3 37
3 41
3 42
3 44
3 47
3 28
3 10
4 71
4 69
4 6
4 39
4 40
4 74
4 7
4 14
4 19
4 53
4 87
4 88
4 57
4 58
5 6
5 39
5 7
5 14
5 48
5 18
5 19
5 53
5 87
5 88
5 57
6 33
6 69
6 71
6 40
6 74
6 12
6 13
6 14
6 45
6 82
6 53
6 87
6 88
6 58
6 79
7 1
7 2
7 42
7 77
7 46
7 47
7 20
7 55
7 56
7 28
7 10
8 66
8 80
8 81
8 51
8 85
8 54
8 25
9 67
9 68
9 5
9 72
9 73
9 75
9 76
9 78
9 52
9 22
9 86
9 61
9 62
10 3
10 4
10 38
10 11
10 43
10 35
10 84
10 24
10 27
11 69
11 6
11 39
11 7
11 14
11 48
11 18
11 19
11 53
11 87
11 88
11 57
11 71
12 64
12 2
12 36
12 37
12 41
12 44
12 47
13 33
13 68
13 69
13 71
13 40
13 76
13 74
13 12
13 45
13 79
13 82
13 58
13 59
13 61
14 69
14 6
14 39
14 7
14 48
14 18
14 19
14 53
14 87
14 88
14 57
14 71
15 6
15 39
15 7
15 14
15 48
15 18
15 19
15 53
15 87
15 88
15 57
18 33
18 69
18 6
18 71
18 40
18 74
18 13
18 14
18 45
18 82
18 53
18 87
18 88
18 57
18 58
19 1
19 10
19 77
19 46
19 48
19 18
19 20
19 55
19 56
19 28
19 42
20 67
20 68
20 5
20 72
20 9
20 75
20 76
20 78
20 52
20 22
20 73
20 86
20 62
21 64
21 2
21 36
21 37
21 41
21 44
21 47
22 64
22 3
22 36
22 44
22 35
22 84
22 24
22 4
23 69
23 6
23 39
23 7
23 14
23 48
23 18
23 19
23 53
23 87
23 88
23 57
23 71
24 64
24 1
24 2
24 37
24 41
24 10
24 44
24 77
24 46
24 47
24 20
24 56
24 28
24 42
25 3
25 4
25 38
25 11
25 43
25 35
25 84
25 24
25 27
26 32
26 50
26 30
27 64
27 1
27 2
27 37
27 41
27 10
27 44
27 77
27 47
27 20
27 56
27 28
27 42
28 3
28 4
28 38
28 11
28 43
28 35
28 84
28 24
28 27
29 64
29 3
29 36
29 44
29 35
29 84
29 24
29 4
30 1
30 7
30 10
30 39
30 77
30 46
30 48
30 18
30 19
30 20
30 55
30 56
31 1
31 10
31 77
31 46
31 48
31 18
31 20
31 55
31 56
31 28
31 42
32 35
32 4
32 38
32 11
32 43
32 3
32 84
32 24
32 36
32 27
33 69
33 6
33 39
33 40
33 74
33 7
33 14
33 19
33 53
33 87
33 88
33 57
33 71
34 70
34 31
35 1
35 10
35 77
35 46
35 47
35 20
35 55
35 56
35 28
35 42
36 64
36 3
36 4
36 44
36 35
36 84
36 24
37 27
37 43
37 11
37 38
38 70
38 49
38 83
38 23
38 63
38 29
38 31
39 1
39 10
39 77
39 46
39 48
39 18
39 20
39 55
39 56
39 28
39 42
40 35
40 4
40 38
40 11
40 43
40 3
40 84
40 24
40 36
40 27
41 1
41 10
41 77
41 46
41 48
41 18
41 20
41 55
41 56
41 28
41 42
42 64
42 1
42 2
42 37
42 41
42 10
42 44
42 77
42 47
42 20
42 56
42 28
43 64
43 2
43 36
43 37
43 41
43 42
43 44
43 47
43 28
44 39
44 7
44 46
44 48
44 18
44 19
44 55
44 57
45 1
45 39
45 7
45 77
45 46
45 48
45 18
45 19
45 20
45 55
45 56
46 1
46 39
46 7
46 77
46 48
46 18
46 19
46 20
46 55
46 56
47 1
47 10
47 77
47 46
47 48
47 18
47 20
47 55
47 56
47 28
47 42
48 33
48 69
48 6
48 7
48 40
48 74
48 71
48 45
48 14
48 13
48 82
48 53
48 87
48 88
48 57
48 58
49 1
49 2
49 42
49 77
49 46
49 47
49 20
49 55
49 56
49 28
49 10
50 69
50 6
50 39
50 7
50 14
50 48
50 18
50 19
50 53
50 87
50 88
50 57
50 71
51 1
51 10
51 77
51 46
51 18
51 20
51 55
51 56
51 28
51 42
52 64
52 2
52 3
52 4
52 37
52 41
52 44
52 35
52 84
52 36
53 33
53 59
53 68
53 40
53 9
53 74
53 12
53 45
53 13
53 76
53 82
53 86
53 58
53 79
53 61
54 32
54 50
55 71
55 69
55 6
55 39
55 40
55 74
55 7
55 14
55 19
55 53
55 87
55 88
55 57
55 58
56 71
56 69
56 6
56 39
56 40
56 74
56 7
56 14
56 19
56 53
56 87
56 88
56 57
56 58
57 33
57 59
57 68
57 69
57 40
57 76
57 74
57 12
57 13
57 45
57 82
57 58
57 79
57 61
58 43
58 11
58 49
58 83
58 23
58 29
58 63
59 33
59 69
59 71
59 40
59 74
59 12
59 13
59 45
59 82
59 87
59 88
59 58
59 79
60 1
60 10
60 77
60 46
60 47
60 20
60 55
60 56
60 28
60 42
61 69
61 6
61 39
61 7
61 14
61 48
61 18
61 19
61 53
61 87
61 88
61 57
61 71
62 49
62 83
62 23
62 31
62 29
62 63
63 1
63 10
63 77
63 46
63 48
63 18
63 20
63 55
63 56
63 28
63 42
64 1
64 10
64 77
64 46
64 47
64 20
64 55
64 56
64 28
64 42
65 64
65 3
65 36
65 37
65 41
65 44
65 35
65 84
65 24
65 4
66 49
66 83
66 23
66 31
66 29
66 63
67 3
67 36
67 38
67 35
67 84
67 24
67 4
67 27
68 3
68 4
68 38
68 11
68 43
68 35
68 84
68 24
68 27
69 64
69 1
69 2
69 37
69 41
69 10
69 44
69 77
69 46
69 47
69 20
69 55
69 56
69 28
69 42
70 34
70 67
70 5
70 16
70 52
70 21
71 64
71 1
71 2
71 37
71 41
71 10
71 44
71 77
71 46
71 47
71 20
71 55
71 56
71 28
71 42
72 43
72 11
72 49
72 23
72 29
72 63
73 64
73 2
73 3
73 36
73 37
73 41
73 44
73 47
73 35
74 3
74 36
74 38
74 44
74 35
74 84
74 24
74 4
74 27
75 35
75 4
75 38
75 11
75 43
75 3
75 84
75 24
75 36
75 27
76 64
76 3
76 36
76 38
76 44
76 35
76 84
76 24
76 4
76 27
77 71
77 69
77 6
77 39
77 40
77 74
77 7
77 14
77 19
77 53
77 87
77 88
77 57
77 58
78 11
78 27
78 43
78 38
78 24
79 1
79 10
79 77
79 46
79 47
79 20
79 55
79 56
79 28
79 42
80 43
80 11
80 49
80 83
80 23
80 29
80 63
81 64
81 2
81 3
81 4
81 37
81 41
81 44
81 35
81 84
81 24
81 36
82 1
82 7
82 10
82 39
82 77
82 46
82 48
82 18
82 19
82 20
82 55
82 56
83 35
83 4
83 38
83 11
83 43
83 3
83 84
83 24
83 36
83 27
84 3
84 4
84 38
84 11
84 43
84 35
84 24
84 27
85 1
85 10
85 77
85 46
85 48
85 18
85 20
85 55
85 56
85 28
85 42
86 43
86 38
86 11
86 49
86 23
86 27
86 29
87 1
87 39
87 10
87 77
87 46
87 48
87 18
87 19
87 20
87 55
87 56
87 28
87 42
88 64
88 2
88 3
88 36
88 37
88 41
88 44
88 47
88 35
