88
1 2
1 3
1 12
1 13
1 14
1 21
1 24
1 28
1 39
1 40
1 42
1 43
1 47
1 48
1 49
1 56
1 57
1 59
1 60
1 63
1 79
1 82
1 83
1 87
3 1
3 2
3 7
3 12
3 13
3 24
3 28
3 35
3 37
3 40
3 42
3 43
3 44
3 47
3 48
3 49
3 54
3 56
3 57
3 59
3 60
3 63
3 78
3 79
3 80
3 82
3 83
3 87
5 32
5 36
5 6
5 41
5 77
5 50
5 85
5 22
5 55
5 4
6 15
8 1
8 2
8 3
8 12
8 13
8 14
8 21
8 24
8 39
8 40
8 42
8 43
8 45
8 47
8 48
8 49
8 51
8 56
8 60
8 63
8 64
8 79
8 83
8 87
8 88
10 32
10 36
10 5
10 41
10 50
10 19
10 84
10 85
10 55
10 20
10 69
10 53
11 1
11 2
11 3
11 7
11 12
11 13
11 24
11 28
11 35
11 37
11 40
11 42
11 43
11 44
11 47
11 48
11 49
11 54
11 56
11 57
11 59
11 60
11 63
11 78
11 79
11 80
11 82
11 83
11 87
13 1
13 2
13 3
13 12
13 24
13 28
13 35
13 37
13 40
13 42
13 43
13 44
13 47
13 48
13 49
13 54
13 56
13 57
13 59
13 60
13 63
13 78
13 79
13 80
13 82
13 83
13 87
14 1
14 2
14 3
14 12
14 13
14 21
14 24
14 39
14 40
14 42
14 43
14 45
14 47
14 48
14 49
14 51
14 56
14 60
14 61
14 63
14 64
14 79
14 83
14 87
14 88
17 32
17 36
17 5
17 41
17 50
17 19
17 84
17 85
17 55
17 20
17 69
17 53
18 1
18 2
18 3
18 7
18 12
18 13
18 24
18 28
18 35
18 37
18 40
18 42
18 43
18 44
18 47
18 48
18 49
18 54
18 56
18 57
18 59
18 60
18 63
18 78
18 79
18 80
18 82
18 83
18 87
24 1
24 2
24 3
24 12
24 13
24 14
24 21
24 28
24 39
24 40
24 42
24 43
24 47
24 48
24 49
24 56
24 57
24 59
24 60
24 63
24 79
24 82
24 83
24 87
25 84
25 32
25 35
25 36
25 69
25 7
25 41
25 44
25 50
25 78
25 80
25 82
25 19
25 20
25 53
25 54
25 57
25 59
25 28
25 37
25 5
26 4
26 70
26 6
26 77
26 85
26 22
26 29
31 86
31 30
34 1
34 5
34 7
34 19
34 20
34 28
34 32
34 35
34 37
34 41
34 42
34 44
34 48
34 50
34 53
34 54
34 57
34 59
34 69
34 78
34 80
34 82
34 84
35 1
35 2
35 3
35 12
35 13
35 24
35 28
35 37
35 40
35 42
35 43
35 47
35 48
35 49
35 54
35 56
35 57
35 59
35 60
35 63
35 79
35 82
35 83
35 87
38 5
38 7
38 19
38 20
38 28
38 32
38 35
38 36
38 37
38 41
38 44
38 50
38 53
38 54
38 55
38 57
38 59
38 69
38 78
38 80
38 82
38 84
39 1
39 2
39 3
39 12
39 13
39 24
39 28
39 35
39 37
39 40
39 42
39 43
39 44
39 47
39 48
39 49
39 54
39 56
39 57
39 59
39 60
39 63
39 78
39 79
39 80
39 82
39 83
39 87
41 1
41 2
41 3
41 12
41 13
41 14
41 21
41 24
41 28
41 39
41 40
41 42
41 43
41 47
41 48
41 49
41 51
41 56
41 57
41 59
41 60
41 63
41 64
41 79
41 82
41 83
41 87
43 2
43 3
43 9
43 12
43 13
43 14
43 21
43 24
43 33
43 39
43 40
43 45
43 47
43 49
43 51
43 56
43 60
43 61
43 63
43 64
43 79
43 83
43 87
43 88
45 1
45 2
45 3
45 9
45 12
45 13
45 14
45 21
45 24
45 39
45 40
45 43
45 47
45 48
45 49
45 51
45 56
45 60
45 61
45 63
45 64
45 79
45 83
45 87
45 88
46 1
46 2
46 3
46 12
46 13
46 21
46 24
46 28
46 35
46 37
46 40
46 42
46 43
46 47
46 48
46 49
46 54
46 56
46 57
46 59
46 60
46 63
46 79
46 82
46 83
46 87
51 1
51 2
51 3
51 12
51 13
51 14
51 21
51 24
51 28
51 39
51 40
51 42
51 43
51 47
51 48
51 49
51 56
51 57
51 59
51 60
51 63
51 64
51 79
51 82
51 83
51 87
52 1
52 2
52 3
52 12
52 13
52 14
52 21
52 24
52 39
52 40
52 42
52 43
52 45
52 47
52 48
52 49
52 51
52 56
52 60
52 63
52 64
52 79
52 83
52 87
52 88
54 1
54 2
54 3
54 12
54 13
54 14
54 21
54 24
54 28
54 39
54 40
54 42
54 43
54 47
54 48
54 49
54 56
54 57
54 59
54 60
54 63
54 79
54 82
54 83
54 87
59 84
59 32
59 35
59 36
59 69
59 7
59 41
59 44
59 50
59 78
59 80
59 82
59 19
59 20
59 53
59 54
59 57
59 28
59 37
59 5
60 1
60 2
60 3
60 7
60 12
60 13
60 24
60 28
60 35
60 37
60 40
60 42
60 43
60 44
60 47
60 48
60 49
60 54
60 56
60 57
60 59
60 63
60 78
60 79
60 80
60 82
60 83
60 87
62 1
62 2
62 3
62 12
62 13
62 24
62 28
62 35
62 37
62 40
62 42
62 43
62 47
62 48
62 49
62 54
62 56
62 57
62 59
62 60
62 63
62 78
62 79
62 80
62 82
62 83
62 87
64 1
64 2
64 3
64 12
64 13
64 14
64 21
64 24
64 39
64 40
64 42
64 43
64 45
64 47
64 48
64 49
64 51
64 56
64 60
64 63
64 79
64 83
64 87
64 88
66 4
66 70
66 6
66 77
66 85
66 22
66 29
71 1
71 5
71 7
71 19
71 20
71 28
71 35
71 37
71 41
71 42
71 43
71 44
71 47
71 48
71 53
71 54
71 57
71 59
71 69
71 78
71 79
71 80
71 82
71 84
71 87
72 1
72 2
72 3
72 12
72 13
72 14
72 21
72 24
72 39
72 40
72 42
72 43
72 45
72 47
72 48
72 49
72 51
72 56
72 60
72 63
72 64
72 79
72 83
72 87
72 88
73 1
73 5
73 7
73 19
73 20
73 28
73 32
73 35
73 37
73 41
73 42
73 44
73 48
73 50
73 53
73 54
73 57
73 59
73 69
73 78
73 79
73 80
73 82
73 84
73 87
74 1
74 2
74 3
74 5
74 7
74 12
74 13
74 24
74 28
74 35
74 37
74 40
74 42
74 43
74 44
74 47
74 48
74 49
74 54
74 56
74 57
74 59
74 60
74 63
74 69
74 78
74 79
74 80
74 82
74 83
74 87
75 1
75 2
75 3
75 12
75 13
75 14
75 21
75 24
75 39
75 40
75 42
75 43
75 45
75 47
75 48
75 49
75 51
75 56
75 60
75 63
75 64
75 79
75 83
75 87
75 88
76 1
76 5
76 7
76 19
76 20
76 28
76 35
76 37
76 42
76 43
76 44
76 47
76 48
76 49
76 53
76 54
76 57
76 59
76 69
76 78
76 79
76 80
76 82
76 84
76 87
81 32
81 36
81 6
81 41
81 50
81 19
81 84
81 53
81 22
81 55
81 4
81 20
81 85
82 1
82 5
82 7
82 19
82 20
82 28
82 35
82 37
82 41
82 42
82 43
82 44
82 47
82 48
82 53
82 54
82 57
82 59
82 69
82 78
82 79
82 80
82 84
82 87
83 1
83 2
83 3
83 5
83 7
83 12
83 13
83 24
83 28
83 35
83 37
83 40
83 42
83 43
83 44
83 47
83 48
83 49
83 54
83 56
83 57
83 59
83 60
83 63
83 69
83 78
83 79
83 80
83 82
83 87
