88
1 33
1 67
1 36
1 86
1 51
1 72
1 43
1 83
1 84
1 85
1 22
1 55
1 88
1 68
2 69
2 75
2 79
2 49
2 19
2 87
2 25
2 61
3 4
3 10
3 14
3 15
3 31
3 34
3 35
3 39
3 47
3 50
3 53
3 59
3 65
3 67
3 68
3 71
3 72
3 73
3 74
3 76
3 80
3 83
3 86
4 1
4 67
4 36
4 86
4 51
4 33
4 72
4 43
4 47
4 83
4 85
4 22
4 55
4 68
5 69
5 75
5 79
5 49
5 19
5 87
5 25
5 61
6 21
7 18
7 6
8 20
8 66
8 52
8 63
9 20
9 52
9 60
10 20
10 52
10 60
11 20
11 66
11 52
11 60
11 63
12 20
12 75
12 60
12 69
13 21
14 65
14 34
14 35
14 4
14 39
14 72
14 73
14 10
14 71
14 76
14 15
14 80
14 59
14 50
14 67
14 53
14 86
14 24
14 47
14 74
14 31
15 4
15 10
15 14
15 31
15 34
15 35
15 39
15 47
15 50
15 51
15 53
15 59
15 65
15 67
15 68
15 71
15 72
15 73
15 74
15 76
15 80
15 83
15 86
16 21
16 62
17 21
17 62
17 63
18 20
18 66
18 52
18 60
19 2
19 12
19 9
19 44
19 78
19 48
19 58
19 27
19 28
19 29
20 33
20 34
20 67
20 68
20 65
20 71
20 72
20 10
20 39
20 14
20 47
20 50
20 35
20 53
20 86
20 55
20 83
20 59
20 74
20 51
21 64
21 69
21 75
21 79
21 49
21 19
21 87
21 25
21 61
22 49
22 75
22 19
22 69
23 66
23 62
23 63
24 32
24 1
24 36
24 70
24 38
24 40
24 9
24 42
24 48
24 82
24 84
24 85
24 23
24 88
24 30
25 69
25 75
25 79
25 49
25 19
25 87
25 61
26 32
26 1
26 36
26 38
26 33
26 43
26 83
26 84
26 85
26 22
26 23
26 88
26 68
26 55
26 51
27 20
27 66
27 52
27 60
28 69
28 75
28 79
28 49
28 19
28 87
28 25
28 61
29 64
29 69
29 11
29 79
29 49
29 19
29 87
29 25
29 26
29 61
30 32
30 1
30 36
30 70
30 38
30 40
30 9
30 42
30 82
30 84
30 85
30 23
30 88
31 33
31 67
31 68
31 86
31 51
31 65
31 72
31 43
31 47
31 50
31 83
31 53
31 22
31 55
31 59
32 69
32 75
32 79
32 49
32 19
32 87
32 25
32 61
33 64
33 80
33 35
33 4
33 39
33 8
33 73
33 10
33 71
33 76
33 14
33 15
33 11
33 24
33 26
33 74
33 31
34 65
34 35
34 4
34 39
34 8
34 73
34 10
34 71
34 76
34 14
34 15
34 80
34 59
34 50
34 53
34 24
34 47
34 74
34 31
35 32
35 1
35 36
35 70
35 38
35 40
35 9
35 42
35 43
35 82
35 84
35 85
35 23
35 88
35 30
36 20
36 66
36 52
36 60
36 63
37 21
37 62
37 63
38 64
38 8
38 11
38 79
38 87
38 25
38 26
38 61
39 64
39 4
39 8
39 11
39 15
39 87
39 24
39 25
39 26
39 61
40 21
40 62
41 20
41 66
41 52
41 60
41 63
42 64
42 4
42 8
42 73
42 11
42 76
42 15
42 80
42 24
42 25
42 26
42 31
43 49
43 75
43 19
43 69
43 79
44 20
44 66
44 52
44 60
44 63
45 20
45 66
45 52
45 60
45 63
46 49
46 75
46 19
46 69
47 80
47 34
47 35
47 4
47 39
47 8
47 73
47 10
47 71
47 76
47 14
47 15
47 11
47 50
47 53
47 24
47 59
47 74
47 31
48 20
48 66
48 52
48 60
49 32
49 1
49 36
49 70
49 38
49 40
49 9
49 42
49 43
49 82
49 84
49 85
49 23
49 88
49 30
50 20
50 75
50 60
51 49
51 75
51 19
51 69
51 79
52 32
52 2
52 70
52 38
52 40
52 9
52 42
52 48
52 82
52 23
52 30
53 49
53 75
53 19
53 69
53 79
54 64
54 69
54 75
54 79
54 49
54 19
54 87
54 25
54 26
54 61
55 20
55 66
55 52
55 60
55 63
57 21
57 62
58 64
58 4
58 8
58 11
58 15
58 87
58 24
58 25
58 26
58 61
59 49
59 75
59 19
59 60
59 69
60 64
60 80
60 35
60 4
60 39
60 8
60 73
60 10
60 71
60 76
60 15
60 11
60 24
60 26
60 74
60 31
61 49
61 75
61 19
61 69
62 44
62 12
62 77
62 78
62 13
62 81
62 46
62 56
62 57
62 58
62 27
62 28
62 29
63 37
63 77
63 41
63 45
63 46
63 13
63 81
63 78
63 56
63 57
64 32
64 1
64 70
64 38
64 40
64 9
64 42
64 48
64 82
64 84
64 85
64 23
64 88
64 30
65 21
65 62
66 37
66 77
66 41
66 45
66 46
66 13
66 81
66 78
66 56
66 57
67 33
67 34
67 35
67 68
67 86
67 65
67 71
67 72
67 39
67 14
67 47
67 43
67 50
67 83
67 53
67 22
67 55
67 59
67 51
68 4
68 8
68 10
68 14
68 15
68 24
68 31
68 34
68 35
68 39
68 47
68 50
68 53
68 59
68 65
68 67
68 71
68 72
68 73
68 74
68 76
68 80
68 86
69 44
69 12
69 77
69 78
69 13
69 81
69 46
69 56
69 57
69 58
69 27
69 28
69 29
70 80
70 34
70 35
70 4
70 39
70 8
70 73
70 10
70 71
70 76
70 14
70 15
70 11
70 50
70 53
70 24
70 59
70 74
70 31
71 34
71 35
71 4
71 39
71 8
71 73
71 10
71 11
71 76
71 14
71 15
71 80
71 53
71 24
71 26
71 74
71 31
72 64
72 75
72 69
72 11
72 79
72 49
72 19
72 87
72 25
72 26
72 61
73 64
73 80
73 35
73 4
73 39
73 8
73 10
73 71
73 76
73 15
73 11
73 24
73 26
73 74
73 31
74 80
74 34
74 35
74 4
74 39
74 8
74 73
74 10
74 71
74 76
74 14
74 15
74 11
74 53
74 24
74 26
74 31
75 4
75 10
75 14
75 15
75 31
75 34
75 35
75 39
75 47
75 50
75 53
75 59
75 65
75 67
75 68
75 71
75 72
75 73
75 74
75 76
75 80
75 83
75 86
76 32
76 2
76 70
76 38
76 40
76 9
76 42
76 48
76 82
76 23
76 30
77 20
77 66
77 52
77 60
77 63
78 20
78 66
78 52
78 60
79 33
79 67
79 36
79 86
79 51
79 65
79 72
79 43
79 47
79 83
79 22
79 55
79 68
80 32
80 1
80 36
80 70
80 38
80 40
80 42
80 43
80 82
80 84
80 85
80 22
80 23
80 88
80 55
80 30
81 80
81 34
81 35
81 4
81 39
81 8
81 73
81 10
81 71
81 76
81 14
81 15
81 11
81 50
81 53
81 24
81 26
81 59
81 74
81 31
82 80
82 34
82 35
82 4
82 39
82 8
82 73
82 10
82 71
82 76
82 14
82 15
82 11
82 50
82 53
82 24
82 59
82 74
82 31
83 2
83 70
83 40
83 9
83 44
83 12
83 48
83 82
83 58
83 30
84 49
84 75
84 19
84 69
84 79
85 1
85 67
85 36
85 33
85 51
85 65
85 72
85 43
85 47
85 83
85 22
85 55
85 68
85 86
86 18
86 3
86 54
87 80
87 34
87 35
87 4
87 39
87 8
87 73
87 10
87 71
87 76
87 14
87 15
87 11
87 50
87 53
87 24
87 59
87 74
87 31
88 10
88 14
88 33
88 34
88 35
88 39
88 47
88 50
88 51
88 53
88 59
88 65
88 67
88 68
88 71
88 72
88 73
88 74
88 76
88 80
88 83
88 86
