88
1 2
1 3
1 6
1 7
1 8
1 9
1 10
1 11
1 12
1 14
1 19
1 25
1 26
1 34
1 37
1 39
1 43
1 44
1 51
1 59
1 63
1 67
1 68
1 70
1 73
1 74
1 77
1 86
1 88
2 4
2 50
2 28
2 30
3 1
3 2
3 7
3 9
3 10
3 11
3 12
3 14
3 19
3 21
3 25
3 29
3 32
3 34
3 39
3 43
3 44
3 51
3 59
3 63
3 73
3 74
3 77
3 86
3 87
4 1
4 2
4 3
4 6
4 7
4 9
4 10
4 11
4 12
4 14
4 19
4 21
4 25
4 32
4 34
4 39
4 43
4 44
4 51
4 59
4 63
4 73
4 74
4 77
4 86
4 87
5 64
5 16
5 4
5 40
5 76
5 13
5 48
5 50
5 83
5 84
5 24
5 36
5 28
6 30
7 1
7 2
7 3
7 6
7 9
7 10
7 11
7 12
7 14
7 19
7 21
7 25
7 29
7 32
7 34
7 39
7 43
7 44
7 51
7 59
7 63
7 73
7 74
7 77
7 86
7 87
8 64
8 48
8 36
8 32
8 40
8 76
8 13
8 16
8 83
8 84
8 21
8 87
8 24
8 29
9 1
9 2
9 3
9 6
9 7
9 8
9 10
9 11
9 12
9 14
9 19
9 25
9 26
9 34
9 37
9 39
9 43
9 44
9 51
9 59
9 62
9 63
9 67
9 68
9 70
9 73
9 74
9 77
9 86
9 88
10 1
10 2
10 3
10 6
10 7
10 9
10 11
10 12
10 14
10 19
10 21
10 25
10 32
10 34
10 37
10 39
10 43
10 44
10 51
10 59
10 63
10 67
10 73
10 74
10 77
10 86
11 64
11 1
11 2
11 32
11 48
11 44
11 74
11 76
11 13
11 14
11 16
11 19
11 21
11 87
11 59
11 29
12 64
12 48
12 4
12 40
12 13
12 16
12 50
12 83
12 84
12 24
12 36
12 28
13 64
13 48
13 4
13 40
13 16
13 50
13 83
13 84
13 24
13 36
13 28
14 1
14 2
14 3
14 6
14 7
14 9
14 10
14 11
14 12
14 19
14 25
14 26
14 32
14 34
14 37
14 39
14 43
14 44
14 51
14 59
14 63
14 67
14 73
14 74
14 77
14 86
16 64
16 32
16 36
16 40
16 76
16 13
16 48
16 83
16 84
16 21
16 87
16 24
16 29
17 32
17 1
17 2
17 7
17 12
17 10
17 44
17 34
17 14
17 29
17 76
17 19
17 21
17 87
17 25
17 59
17 74
25 1
25 2
25 3
25 7
25 9
25 10
25 11
25 12
25 14
25 19
25 21
25 29
25 32
25 34
25 39
25 43
25 44
25 51
25 59
25 63
25 73
25 74
25 77
25 86
25 87
26 36
26 40
26 50
26 83
26 84
26 24
26 4
26 28
26 30
31 30
33 64
33 48
33 2
33 32
33 40
33 76
33 13
33 14
33 16
33 83
33 84
33 21
33 87
33 24
33 29
35 64
35 48
35 4
35 40
35 16
35 50
35 83
35 84
35 24
35 36
35 28
35 30
39 64
39 48
39 2
39 32
39 76
39 13
39 14
39 16
39 84
39 21
39 87
39 59
39 29
41 1
41 2
41 3
41 7
41 9
41 10
41 11
41 12
41 14
41 19
41 21
41 25
41 29
41 32
41 34
41 39
41 44
41 51
41 59
41 63
41 73
41 74
41 76
41 86
41 87
42 4
42 50
42 28
42 30
45 64
45 48
45 4
45 40
45 16
45 50
45 83
45 84
45 24
45 36
45 28
45 30
46 32
46 1
46 2
46 7
46 12
46 10
46 39
46 44
46 34
46 14
46 29
46 76
46 19
46 21
46 87
46 25
46 59
46 74
47 64
47 16
47 4
47 40
47 76
47 13
47 48
47 50
47 83
47 84
47 24
47 36
47 28
49 64
49 48
49 4
49 40
49 13
49 16
49 50
49 83
49 84
49 24
49 36
49 28
49 30
52 64
52 48
52 2
52 32
52 40
52 76
52 13
52 14
52 16
52 83
52 84
52 21
52 87
52 24
52 29
53 64
53 48
53 36
53 32
53 40
53 76
53 13
53 16
53 83
53 84
53 21
53 87
53 24
53 29
55 1
55 2
55 3
55 6
55 7
55 9
55 10
55 11
55 12
55 14
55 19
55 21
55 25
55 32
55 34
55 39
55 43
55 44
55 51
55 59
55 63
55 73
55 74
55 77
55 86
56 4
56 40
56 50
56 83
56 24
56 36
56 28
56 30
57 4
57 50
57 28
57 30
59 64
59 48
59 36
59 32
59 40
59 76
59 13
59 16
59 83
59 84
59 21
59 87
59 24
59 29
60 1
60 2
60 3
60 6
60 7
60 8
60 9
60 10
60 11
60 12
60 14
60 19
60 25
60 26
60 34
60 37
60 39
60 43
60 44
60 51
60 52
60 59
60 62
60 63
60 67
60 68
60 70
60 71
60 73
60 74
60 77
60 79
60 86
60 88
61 1
61 2
61 3
61 6
61 7
61 9
61 10
61 11
61 12
61 14
61 19
61 21
61 25
61 32
61 34
61 39
61 43
61 44
61 51
61 59
61 63
61 67
61 73
61 74
61 77
61 86
62 50
62 30
63 1
63 2
63 3
63 6
63 7
63 8
63 9
63 10
63 11
63 12
63 14
63 19
63 25
63 26
63 34
63 37
63 39
63 43
63 44
63 51
63 59
63 67
63 73
63 74
63 77
63 86
63 88
64 1
64 3
64 6
64 7
64 8
64 9
64 10
64 11
64 12
64 17
64 19
64 20
64 25
64 26
64 34
64 37
64 39
64 43
64 44
64 47
64 51
64 52
64 59
64 62
64 63
64 67
64 68
64 69
64 70
64 71
64 73
64 74
64 77
64 79
64 86
64 88
65 4
65 40
65 50
65 83
65 24
65 36
65 28
65 30
67 64
67 48
67 2
67 32
67 76
67 13
67 14
67 16
67 84
67 21
67 87
67 59
67 29
69 1
69 2
69 3
69 6
69 7
69 8
69 9
69 10
69 11
69 12
69 14
69 19
69 25
69 26
69 34
69 37
69 39
69 43
69 44
69 51
69 59
69 62
69 63
69 67
69 68
69 70
69 71
69 73
69 74
69 77
69 86
69 88
71 64
71 16
71 36
71 40
71 76
71 13
71 48
71 83
71 84
71 21
71 87
71 24
71 28
71 29
72 64
72 16
72 36
72 32
72 40
72 76
72 13
72 48
72 83
72 84
72 21
72 87
72 24
72 28
72 29
73 1
73 2
73 3
73 6
73 7
73 8
73 9
73 10
73 11
73 12
73 14
73 19
73 25
73 26
73 34
73 37
73 39
73 43
73 44
73 51
73 59
73 62
73 63
73 67
73 68
73 70
73 74
73 77
73 86
73 88
74 1
74 2
74 3
74 7
74 9
74 10
74 11
74 12
74 14
74 19
74 21
74 25
74 29
74 32
74 34
74 39
74 44
74 59
74 63
74 76
74 86
74 87
77 32
77 1
77 2
77 7
77 12
77 10
77 39
77 44
77 34
77 14
77 29
77 76
77 19
77 21
77 87
77 25
77 59
77 74
78 36
78 40
78 48
78 50
78 83
78 84
78 24
78 4
78 28
78 30
83 64
83 48
83 4
83 40
83 13
83 16
83 50
83 84
83 24
83 36
83 28
83 30
86 1
86 2
86 3
86 7
86 9
86 10
86 11
86 12
86 14
86 19
86 21
86 25
86 29
86 32
86 34
86 39
86 43
86 44
86 51
86 59
86 63
86 73
86 74
86 77
86 87
87 64
87 16
87 36
87 40
87 76
87 13
87 48
87 83
87 84
87 21
87 24
87 28
87 29
88 64
88 16
88 36
88 40
88 76
88 13
88 48
88 83
88 84
88 21
88 87
88 24
88 28
88 29
