88
2 1
2 6
2 77
2 46
2 47
2 48
2 18
2 20
2 53
2 55
2 56
2 57
3 64
3 1
3 2
3 35
3 4
3 41
3 44
3 77
3 46
3 47
3 56
3 20
3 55
3 24
5 1
5 6
5 77
5 46
5 13
5 48
5 18
5 20
5 53
5 55
5 56
5 57
7 64
7 1
7 2
7 41
7 44
7 77
7 46
7 47
7 48
7 18
7 20
7 55
7 56
10 64
10 83
10 3
10 4
10 11
10 44
10 49
10 35
10 43
10 23
10 24
10 27
10 29
10 63
12 64
12 1
12 2
12 3
12 4
12 41
12 44
12 77
12 46
12 47
12 56
12 35
12 20
12 55
12 24
15 1
15 6
15 77
15 46
15 13
15 48
15 18
15 20
15 53
15 55
15 56
15 57
19 64
19 1
19 2
19 6
19 41
19 44
19 77
19 46
19 47
19 48
19 18
19 20
19 53
19 55
19 56
19 57
21 64
21 1
21 2
21 3
21 4
21 41
21 44
21 77
21 46
21 47
21 56
21 35
21 20
21 55
21 24
21 27
22 64
22 2
22 3
22 4
22 41
22 11
22 44
22 47
22 43
22 35
22 24
22 27
23 1
23 6
23 77
23 46
23 13
23 48
23 18
23 20
23 53
23 55
23 56
23 57
24 64
24 1
24 2
24 3
24 4
24 41
24 44
24 77
24 46
24 47
24 48
24 18
24 35
24 20
24 55
24 56
25 64
25 2
25 3
25 4
25 41
25 11
25 44
25 49
25 35
25 43
25 23
25 24
25 27
25 29
26 32
26 50
26 70
26 30
27 64
27 1
27 2
27 3
27 4
27 41
27 44
27 77
27 46
27 47
27 48
27 18
27 35
27 20
27 55
27 56
28 64
28 3
28 4
28 41
28 11
28 44
28 49
28 35
28 43
28 23
28 24
28 27
28 29
28 63
29 64
29 2
29 3
29 4
29 41
29 11
29 44
29 47
29 43
29 35
29 24
29 27
30 1
30 2
30 6
30 77
30 46
30 47
30 48
30 18
30 20
30 53
30 55
30 56
30 57
31 64
31 1
31 2
31 6
31 41
31 44
31 77
31 46
31 47
31 48
31 18
31 20
31 53
31 55
31 56
31 57
32 64
32 2
32 3
32 4
32 41
32 11
32 44
32 47
32 43
32 35
32 24
32 27
34 32
34 70
34 49
34 50
34 83
34 23
34 31
34 29
34 30
34 63
35 64
35 1
35 2
35 41
35 44
35 77
35 46
35 47
35 48
35 18
35 20
35 55
35 56
35 57
36 64
36 2
36 3
36 4
36 41
36 11
36 44
36 47
36 43
36 35
36 24
36 27
37 3
37 35
37 4
37 31
37 11
37 49
37 83
37 43
37 23
37 24
37 27
37 29
37 63
38 70
38 49
38 50
38 83
38 23
38 63
38 29
38 31
39 64
39 1
39 2
39 6
39 41
39 44
39 77
39 46
39 47
39 48
39 18
39 20
39 53
39 55
39 56
39 57
40 64
40 2
40 3
40 4
40 41
40 11
40 44
40 43
40 35
40 24
40 27
41 64
41 1
41 2
41 6
41 44
41 77
41 46
41 47
41 48
41 18
41 20
41 53
41 55
41 56
41 57
42 64
42 1
42 2
42 3
42 4
42 41
42 44
42 77
42 46
42 47
42 48
42 18
42 35
42 20
42 55
42 56
43 64
43 1
43 2
43 3
43 4
43 41
43 44
43 77
43 46
43 47
43 56
43 35
43 20
43 55
43 24
44 1
44 6
44 77
44 46
44 47
44 48
44 18
44 20
44 53
44 55
44 56
44 57
45 1
45 2
45 6
45 77
45 46
45 47
45 48
45 18
45 20
45 53
45 55
45 56
45 57
46 1
46 2
46 6
46 77
46 47
46 48
46 18
46 20
46 53
46 55
46 56
46 57
47 64
47 1
47 2
47 6
47 41
47 44
47 77
47 46
47 48
47 18
47 20
47 53
47 55
47 56
47 57
49 64
49 1
49 2
49 41
49 44
49 77
49 46
49 47
49 48
49 18
49 20
49 55
49 56
49 57
50 1
50 6
50 77
50 46
50 13
50 48
50 18
50 20
50 53
50 55
50 56
50 57
51 64
51 1
51 2
51 6
51 41
51 44
51 77
51 46
51 47
51 48
51 18
51 20
51 55
51 56
51 57
52 64
52 1
52 2
52 3
52 4
52 41
52 11
52 44
52 77
52 47
52 56
52 35
52 20
52 43
52 24
52 27
54 32
54 70
54 50
54 83
54 23
54 31
54 30
54 63
58 83
58 35
58 4
58 70
58 31
58 11
58 49
58 3
58 43
58 23
58 24
58 27
58 29
58 63
60 64
60 1
60 2
60 41
60 44
60 77
60 46
60 47
60 48
60 18
60 20
60 55
60 56
60 57
62 11
62 70
62 31
62 43
62 49
62 83
62 23
62 27
62 29
62 63
63 64
63 1
63 2
63 6
63 41
63 44
63 77
63 46
63 47
63 48
63 18
63 20
63 53
63 55
63 56
63 57
64 1
64 2
64 41
64 44
64 77
64 46
64 47
64 48
64 18
64 20
64 55
64 56
64 57
65 64
65 2
65 3
65 4
65 41
65 11
65 44
65 47
65 43
65 35
65 24
65 27
66 43
66 70
66 31
66 11
66 49
66 83
66 23
66 24
66 27
66 29
66 63
67 64
67 2
67 3
67 4
67 41
67 11
67 44
67 47
67 43
67 35
67 24
67 27
68 64
68 83
68 3
68 4
68 41
68 11
68 44
68 49
68 35
68 43
68 23
68 24
68 27
68 29
68 63
69 64
69 1
69 2
69 3
69 41
69 44
69 77
69 46
69 47
69 48
69 18
69 35
69 20
69 55
69 56
71 64
71 1
71 2
71 3
71 41
71 44
71 77
71 46
71 47
71 48
71 18
71 35
71 20
71 55
71 56
72 83
72 35
72 4
72 70
72 31
72 11
72 49
72 3
72 43
72 23
72 24
72 27
72 29
72 63
73 64
73 1
73 2
73 3
73 4
73 41
73 11
73 44
73 77
73 46
73 47
73 56
73 35
73 20
73 55
73 24
73 27
74 64
74 2
74 3
74 4
74 41
74 11
74 44
74 47
74 43
74 35
74 24
74 27
75 64
75 2
75 3
75 4
75 41
75 11
75 44
75 43
75 35
75 24
75 27
75 29
76 64
76 2
76 3
76 4
76 41
76 11
76 44
76 47
76 43
76 35
76 24
76 27
78 3
78 35
78 4
78 31
78 11
78 49
78 83
78 43
78 23
78 24
78 27
78 29
78 63
79 64
79 1
79 2
79 41
79 44
79 77
79 46
79 47
79 48
79 18
79 20
79 55
79 56
79 57
80 83
80 35
80 4
80 70
80 31
80 11
80 49
80 3
80 43
80 23
80 24
80 27
80 29
80 63
81 64
81 2
81 3
81 4
81 41
81 11
81 44
81 47
81 56
81 35
81 43
81 24
81 27
82 1
82 2
82 6
82 77
82 46
82 47
82 48
82 18
82 20
82 53
82 55
82 56
82 57
83 64
83 2
83 3
83 4
83 41
83 11
83 44
83 47
83 43
83 35
83 24
83 27
84 64
84 2
84 3
84 4
84 41
84 11
84 44
84 43
84 35
84 24
84 27
84 29
85 64
85 1
85 2
85 6
85 41
85 44
85 77
85 46
85 47
85 48
85 18
85 20
85 53
85 55
85 56
85 57
86 83
86 35
86 4
86 70
86 31
86 11
86 49
86 3
86 43
86 23
86 24
86 27
86 29
86 63
87 64
87 1
87 2
87 6
87 41
87 77
87 46
87 47
87 48
87 18
87 20
87 53
87 55
87 56
87 57
88 64
88 1
88 2
88 3
88 4
88 41
88 11
88 44
88 77
88 46
88 47
88 56
88 35
88 20
88 43
88 55
88 24
88 27
