88
2 1
2 70
2 39
2 8
2 12
2 81
2 53
2 23
2 58
2 60
2 26
3 26
3 82
3 12
3 53
5 26
5 82
5 12
5 53
6 8
6 26
6 12
6 53
6 23
10 26
10 12
10 53
10 23
11 1
11 2
11 3
11 4
11 8
11 9
11 13
11 14
11 15
11 18
11 19
11 20
11 23
11 25
11 28
11 33
11 39
11 42
11 43
11 44
11 57
11 58
11 59
11 60
11 61
11 65
11 67
11 70
11 72
11 78
11 81
11 85
11 88
14 1
14 4
14 8
14 9
14 13
14 15
14 18
14 19
14 23
14 25
14 33
14 39
14 42
14 43
14 57
14 58
14 59
14 60
14 61
14 65
14 70
14 72
14 78
14 81
14 85
14 88
18 26
18 82
18 12
18 53
26 1
26 70
26 39
26 8
26 9
26 12
26 81
26 18
26 53
26 23
26 72
26 58
26 60
26 61
26 65
27 1
27 70
27 39
27 8
27 12
27 81
27 53
27 23
27 26
28 1
28 4
28 8
28 9
28 13
28 14
28 15
28 18
28 19
28 23
28 25
28 26
28 39
28 43
28 53
28 58
28 60
28 61
28 65
28 70
28 72
28 81
28 85
28 88
29 17
29 82
29 12
30 26
30 82
30 12
30 53
31 26
31 82
31 12
31 53
32 26
32 82
32 12
32 53
34 1
34 70
34 39
34 8
34 9
34 12
34 61
34 81
34 18
34 53
34 23
34 72
34 58
34 60
34 26
35 26
35 12
35 53
35 23
36 1
36 70
36 39
36 8
36 9
36 12
36 61
36 81
36 53
36 23
36 72
36 58
36 60
36 26
37 70
37 39
37 8
37 12
37 53
37 23
37 26
38 26
38 82
38 12
38 53
39 1
39 2
39 3
39 4
39 8
39 9
39 13
39 14
39 15
39 18
39 19
39 20
39 23
39 25
39 28
39 33
39 42
39 43
39 44
39 57
39 58
39 59
39 60
39 61
39 65
39 70
39 72
39 78
39 81
39 85
39 88
40 26
40 82
40 12
40 53
41 26
41 12
41 53
41 23
42 1
42 4
42 8
42 9
42 13
42 14
42 15
42 18
42 19
42 23
42 25
42 33
42 39
42 43
42 57
42 58
42 59
42 60
42 61
42 65
42 70
42 72
42 81
42 85
42 88
43 1
43 4
43 8
43 9
43 13
43 14
43 15
43 18
43 19
43 23
43 25
43 39
43 53
43 57
43 58
43 60
43 61
43 65
43 70
43 72
43 81
43 85
43 88
45 26
45 12
45 53
45 23
46 1
46 2
46 3
46 4
46 8
46 9
46 13
46 14
46 15
46 18
46 19
46 20
46 23
46 25
46 28
46 33
46 39
46 42
46 43
46 44
46 57
46 58
46 59
46 60
46 61
46 65
46 67
46 70
46 72
46 78
46 80
46 81
46 85
46 88
47 1
47 70
47 39
47 8
47 9
47 61
47 60
47 72
47 18
47 53
47 23
47 58
47 81
47 26
47 85
47 65
48 1
48 4
48 8
48 9
48 13
48 14
48 15
48 18
48 19
48 23
48 25
48 33
48 39
48 43
48 53
48 57
48 58
48 60
48 61
48 65
48 70
48 72
48 81
48 85
48 88
49 1
49 4
49 8
49 9
49 13
49 14
49 15
49 18
49 19
49 23
49 25
49 33
49 39
49 42
49 43
49 57
49 58
49 59
49 60
49 61
49 65
49 70
49 72
49 78
49 81
49 85
49 88
50 26
50 82
50 12
50 53
51 1
51 4
51 8
51 9
51 13
51 14
51 15
51 18
51 23
51 25
51 26
51 39
51 43
51 53
51 58
51 60
51 61
51 65
51 70
51 72
51 81
51 85
52 1
52 61
52 70
52 39
52 8
52 9
52 43
52 60
52 13
52 15
52 72
52 18
52 53
52 23
52 25
52 58
52 81
52 26
52 85
52 65
54 16
54 17
54 82
55 17
55 82
55 12
56 26
56 82
56 12
56 53
57 1
57 70
57 39
57 8
57 9
57 12
57 61
57 81
57 18
57 53
57 23
57 72
57 58
57 60
57 26
58 70
58 39
58 8
58 12
58 53
58 23
58 26
59 26
59 82
59 12
59 53
60 1
60 61
60 70
60 39
60 8
60 9
60 43
60 13
60 15
60 72
60 18
60 53
60 23
60 25
60 58
60 81
60 26
60 85
60 65
62 1
62 4
62 8
62 9
62 13
62 14
62 15
62 18
62 19
62 23
62 25
62 33
62 39
62 42
62 43
62 57
62 58
62 59
62 60
62 61
62 65
62 70
62 72
62 81
62 85
62 88
63 1
63 70
63 39
63 8
63 9
63 12
63 61
63 81
63 18
63 53
63 23
63 72
63 58
63 60
63 26
63 85
63 65
64 1
64 2
64 3
64 4
64 8
64 9
64 13
64 14
64 15
64 18
64 19
64 20
64 23
64 25
64 28
64 33
64 39
64 42
64 43
64 44
64 57
64 58
64 59
64 60
64 61
64 65
64 67
64 70
64 72
64 78
64 81
64 85
64 88
66 26
66 82
66 12
66 53
69 1
69 4
69 8
69 9
69 13
69 14
69 15
69 18
69 19
69 23
69 25
69 33
69 39
69 42
69 43
69 57
69 58
69 59
69 60
69 61
69 65
69 70
69 72
69 81
69 85
69 88
71 1
71 2
71 3
71 4
71 8
71 9
71 13
71 14
71 15
71 18
71 19
71 20
71 23
71 25
71 28
71 33
71 39
71 42
71 43
71 44
71 57
71 58
71 59
71 60
71 61
71 65
71 67
71 70
71 72
71 78
71 80
71 81
71 85
71 88
73 1
73 4
73 8
73 9
73 13
73 14
73 15
73 18
73 19
73 23
73 25
73 33
73 39
73 42
73 43
73 57
73 58
73 59
73 60
73 61
73 65
73 70
73 72
73 78
73 81
73 85
73 88
74 1
74 2
74 3
74 4
74 8
74 9
74 13
74 14
74 15
74 18
74 19
74 20
74 23
74 25
74 28
74 33
74 39
74 42
74 43
74 44
74 57
74 58
74 59
74 60
74 61
74 65
74 67
74 70
74 72
74 78
74 80
74 81
74 85
74 87
74 88
75 1
75 2
75 3
75 4
75 8
75 9
75 13
75 14
75 15
75 18
75 19
75 20
75 23
75 25
75 28
75 33
75 39
75 42
75 43
75 44
75 57
75 58
75 59
75 60
75 61
75 65
75 67
75 70
75 72
75 78
75 81
75 85
75 88
76 8
76 26
76 12
76 53
76 23
77 1
77 70
77 39
77 8
77 12
77 81
77 53
77 23
77 58
77 60
77 26
79 1
79 4
79 8
79 9
79 13
79 14
79 15
79 18
79 19
79 23
79 25
79 26
79 39
79 43
79 53
79 58
79 60
79 61
79 65
79 70
79 72
79 81
79 85
79 88
80 1
80 4
80 8
80 9
80 13
80 14
80 15
80 18
80 19
80 23
80 25
80 33
80 39
80 42
80 43
80 57
80 58
80 59
80 60
80 61
80 65
80 70
80 72
80 78
80 81
80 85
80 88
83 1
83 4
83 8
83 9
83 13
83 14
83 15
83 18
83 19
83 23
83 25
83 33
83 39
83 42
83 43
83 57
83 58
83 59
83 60
83 61
83 65
83 70
83 72
83 81
83 85
83 88
87 1
87 2
87 3
87 4
87 8
87 9
87 13
87 14
87 15
87 18
87 19
87 20
87 23
87 25
87 28
87 33
87 39
87 42
87 43
87 44
87 57
87 58
87 59
87 60
87 61
87 65
87 67
87 70
87 72
87 78
87 81
87 85
87 88
88 1
88 4
88 8
88 9
88 13
88 14
88 15
88 18
88 19
88 20
88 23
88 25
88 33
88 39
88 42
88 43
88 57
88 58
88 59
88 60
88 61
88 65
88 70
88 72
88 78
88 81
88 85
