88
1 33
1 34
1 3
1 36
1 7
1 40
1 11
1 78
1 15
1 24
1 79
1 28
1 62
2 33
2 66
2 5
2 54
2 11
2 49
2 18
2 22
2 63
2 37
3 2
3 82
3 37
3 66
3 49
3 18
3 22
3 5
4 1
4 34
4 35
4 36
4 7
4 40
4 74
4 29
4 78
4 15
4 24
4 88
4 79
4 28
4 61
4 62
5 51
5 67
5 68
5 38
5 72
5 9
5 42
5 75
5 14
5 81
5 83
5 41
5 56
5 55
5 58
5 27
6 64
6 65
6 10
6 76
6 13
6 46
6 84
6 85
6 57
7 66
7 4
7 37
7 18
7 2
7 80
7 49
7 82
7 22
7 5
8 33
8 2
8 5
8 11
8 66
8 49
8 18
8 22
8 54
8 63
9 30
9 6
10 66
10 4
10 37
10 18
10 2
10 80
10 49
10 82
10 22
10 5
11 32
11 71
11 68
11 38
11 39
11 72
11 41
11 43
11 44
11 47
11 75
11 51
11 21
11 86
11 87
11 26
11 59
11 60
12 30
12 6
13 32
13 48
13 61
13 39
13 73
13 74
13 43
13 44
13 77
13 47
13 16
13 21
13 86
13 87
13 25
13 71
13 59
13 60
13 26
13 31
14 2
14 82
14 37
14 66
14 49
14 18
14 22
14 5
15 33
15 66
15 3
15 11
15 78
15 54
15 62
15 63
16 19
16 12
17 33
17 2
17 3
17 5
17 11
17 66
17 49
17 18
17 22
17 54
17 63
18 30
18 6
19 32
19 48
19 35
19 7
19 73
19 74
19 43
19 59
19 77
19 47
19 16
19 24
19 29
19 86
19 87
19 88
19 25
19 26
19 79
19 61
19 31
20 30
20 6
21 80
21 82
21 4
21 37
22 30
22 6
23 32
23 48
23 61
23 39
23 73
23 74
23 43
23 44
23 77
23 47
23 16
23 21
23 86
23 87
23 25
23 71
23 59
23 60
23 26
23 31
24 32
24 48
24 75
24 39
24 73
24 43
24 44
24 77
24 47
24 16
24 21
24 86
24 87
24 25
24 71
24 59
24 60
24 26
24 31
25 30
25 6
27 1
27 34
27 3
27 36
27 7
27 40
27 78
27 15
27 24
27 35
27 88
27 79
27 28
27 29
27 62
28 2
28 37
28 54
28 66
28 49
28 18
28 22
28 63
28 5
29 1
29 34
29 35
29 36
29 16
29 7
29 40
29 74
29 78
29 15
29 48
29 24
29 88
29 25
29 79
29 28
29 61
29 31
30 65
30 69
30 70
30 8
30 10
30 13
30 45
30 50
30 52
31 32
31 1
31 34
31 35
31 36
31 7
31 73
31 74
31 43
31 29
31 77
31 15
31 16
31 24
31 79
31 48
31 87
31 88
31 25
31 47
31 61
32 80
32 82
32 4
32 37
33 32
33 48
33 61
33 39
33 73
33 74
33 43
33 44
33 77
33 47
33 16
33 21
33 86
33 87
33 25
33 71
33 59
33 60
33 26
33 31
34 33
34 66
34 3
34 54
34 11
34 49
34 18
34 22
34 63
35 32
35 1
35 34
35 36
35 7
35 73
35 74
35 43
35 29
35 77
35 15
35 16
35 24
35 79
35 48
35 87
35 88
35 25
35 47
35 61
35 31
36 33
36 3
36 11
36 78
36 54
36 28
36 62
36 63
37 1
37 7
37 15
37 16
37 24
37 25
37 29
37 31
37 32
37 34
37 35
37 36
37 43
37 47
37 48
37 61
37 73
37 74
37 77
37 79
37 87
37 88
38 33
38 3
38 40
38 11
38 78
38 54
38 28
38 62
38 63
39 2
39 4
39 5
39 80
39 82
39 37
40 66
40 4
40 37
40 18
40 2
40 80
40 49
40 82
40 22
40 5
41 33
41 34
41 3
41 40
41 11
41 78
41 15
41 54
41 28
41 62
41 63
42 32
42 75
42 68
42 39
42 73
42 43
42 44
42 77
42 47
42 16
42 21
42 86
42 87
42 25
42 71
42 59
42 60
42 26
42 31
43 2
43 82
43 37
43 66
43 49
43 18
43 22
43 5
44 1
44 7
44 15
44 16
44 24
44 25
44 29
44 31
44 32
44 34
44 35
44 36
44 43
44 47
44 48
44 61
44 73
44 74
44 77
44 79
44 87
44 88
45 80
45 82
45 4
45 30
46 1
46 34
46 3
46 33
46 40
46 11
46 78
46 15
46 54
46 28
46 62
46 63
47 1
47 34
47 3
47 33
47 40
47 11
47 78
47 15
47 54
47 28
47 62
47 63
48 80
48 82
48 4
48 37
49 32
49 75
49 68
49 39
49 73
49 43
49 44
49 77
49 47
49 16
49 21
49 86
49 87
49 25
49 71
49 59
49 60
49 26
50 30
50 6
51 2
51 37
51 54
51 66
51 49
51 18
51 22
51 63
51 5
52 66
52 4
52 37
52 18
52 2
52 80
52 49
52 82
52 22
52 5
53 80
53 4
53 30
54 1
54 34
54 35
54 36
54 16
54 7
54 40
54 74
54 29
54 78
54 15
54 48
54 24
54 88
54 25
54 79
54 28
54 61
54 31
55 66
55 4
55 37
55 18
55 2
55 80
55 49
55 82
55 22
55 5
56 33
56 66
56 3
56 11
56 49
56 54
56 62
56 63
57 66
57 4
57 37
57 18
57 2
57 80
57 49
57 82
57 22
57 5
58 30
58 6
59 32
59 71
59 68
59 38
59 39
59 72
59 41
59 43
59 44
59 47
59 75
59 51
59 21
59 86
59 87
59 55
59 26
59 27
59 60
60 1
60 34
60 3
60 33
60 40
60 11
60 78
60 15
60 54
60 28
60 62
60 63
61 2
61 82
61 37
61 66
61 49
61 18
61 22
61 5
62 33
62 2
62 3
62 5
62 11
62 66
62 49
62 18
62 22
62 54
62 63
63 33
63 34
63 3
63 40
63 11
63 78
63 15
63 54
63 28
63 62
64 30
64 6
65 80
65 82
65 4
65 37
66 1
66 34
66 35
66 36
66 16
66 7
66 40
66 73
66 74
66 29
66 77
66 15
66 48
66 24
66 88
66 25
66 79
66 28
66 61
66 31
67 1
67 34
67 3
67 33
67 40
67 11
67 78
67 15
67 54
67 28
67 62
67 63
68 80
68 4
68 30
68 6
70 30
70 6
71 80
71 82
71 4
71 30
72 30
72 6
73 66
73 4
73 37
73 18
73 2
73 80
73 49
73 82
73 22
73 5
74 33
74 66
74 3
74 11
74 78
74 54
74 62
74 63
75 2
75 82
75 37
75 66
75 49
75 18
75 22
75 5
76 30
76 6
77 33
77 34
77 3
77 40
77 11
77 78
77 15
77 54
77 28
77 62
77 63
78 33
78 3
78 11
78 54
78 62
78 63
79 2
79 37
79 54
79 66
79 49
79 18
79 22
79 63
79 5
80 1
80 34
80 35
80 36
80 16
80 7
80 40
80 73
80 74
80 29
80 77
80 78
80 15
80 48
80 24
80 88
80 25
80 79
80 28
80 61
80 31
81 51
81 71
81 68
81 38
81 39
81 72
81 9
81 42
81 75
81 44
81 59
81 83
81 21
81 86
81 41
81 56
81 55
81 58
81 27
81 60
81 26
82 30
82 6
83 66
83 4
83 37
83 18
83 2
83 80
83 49
83 82
83 22
83 5
84 80
84 82
84 4
84 37
85 30
85 6
86 33
86 3
86 11
86 78
86 54
86 62
86 63
87 32
87 1
87 34
87 35
87 36
87 7
87 73
87 74
87 43
87 29
87 77
87 15
87 16
87 24
87 79
87 48
87 88
87 25
87 47
87 61
87 31
88 32
88 48
88 35
88 36
88 7
88 73
88 74
88 43
88 29
88 77
88 47
88 16
88 86
88 87
88 24
88 25
88 79
88 61
88 31
