88
2 1
2 6
2 8
2 41
2 50
2 78
2 18
2 52
2 54
2 87
2 88
2 28
2 29
2 30
2 31
3 1
3 6
3 8
3 50
3 78
3 18
3 84
3 54
3 88
3 58
3 29
3 30
5 2
5 3
5 7
5 9
5 10
5 13
5 14
5 15
5 17
5 19
5 24
5 25
5 26
5 27
5 28
5 32
5 34
5 35
5 42
5 44
5 45
5 46
5 47
5 56
5 59
5 62
5 63
5 67
5 68
5 69
5 72
5 73
5 74
5 77
5 82
5 87
6 8
6 18
6 50
6 84
6 54
6 58
6 29
6 30
7 2
7 3
7 9
7 10
7 13
7 14
7 15
7 17
7 19
7 24
7 25
7 26
7 27
7 28
7 32
7 34
7 35
7 42
7 44
7 45
7 46
7 47
7 56
7 59
7 62
7 63
7 67
7 68
7 69
7 72
7 73
7 74
7 77
7 82
7 87
11 8
11 18
11 50
11 84
11 54
11 58
11 29
11 30
14 2
14 3
14 5
14 9
14 10
14 13
14 15
14 17
14 19
14 24
14 25
14 27
14 32
14 34
14 35
14 42
14 44
14 45
14 46
14 47
14 55
14 56
14 59
14 62
14 63
14 67
14 68
14 69
14 73
14 74
14 77
14 80
14 82
17 1
17 6
17 7
17 10
17 19
17 26
17 28
17 31
17 35
17 41
17 42
17 44
17 46
17 47
17 50
17 52
17 63
17 68
17 72
17 73
17 77
17 78
17 82
17 87
17 88
18 1
18 3
18 6
18 7
18 9
18 10
18 14
18 17
18 19
18 26
18 28
18 31
18 32
18 35
18 41
18 42
18 44
18 45
18 46
18 47
18 52
18 56
18 63
18 68
18 72
18 73
18 74
18 77
18 78
18 82
18 87
18 88
19 3
19 7
19 9
19 10
19 14
19 17
19 24
19 26
19 27
19 28
19 31
19 32
19 35
19 41
19 42
19 44
19 45
19 46
19 47
19 52
19 56
19 59
19 62
19 63
19 67
19 68
19 69
19 72
19 73
19 74
19 77
19 82
19 87
20 1
20 3
20 6
20 7
20 10
20 17
20 19
20 26
20 28
20 31
20 32
20 35
20 41
20 42
20 44
20 46
20 47
20 52
20 63
20 68
20 72
20 73
20 74
20 77
20 78
20 82
20 87
20 88
23 8
23 18
23 84
23 85
23 54
23 58
23 29
27 1
27 6
27 7
27 8
27 10
27 19
27 26
27 28
27 30
27 31
27 35
27 41
27 42
27 44
27 46
27 50
27 52
27 63
27 68
27 72
27 78
27 87
27 88
31 1
31 6
31 7
31 10
31 17
31 19
31 26
31 28
31 35
31 41
31 42
31 44
31 46
31 47
31 50
31 52
31 63
31 68
31 72
31 73
31 77
31 78
31 82
31 87
31 88
32 1
32 3
32 6
32 7
32 9
32 10
32 14
32 17
32 19
32 26
32 28
32 31
32 35
32 41
32 42
32 44
32 45
32 46
32 47
32 52
32 56
32 63
32 68
32 72
32 73
32 74
32 77
32 78
32 82
32 87
32 88
33 1
33 6
33 7
33 10
33 19
33 26
33 28
33 30
33 31
33 35
33 41
33 42
33 44
33 46
33 50
33 52
33 63
33 68
33 72
33 78
33 82
33 87
33 88
35 2
35 3
35 5
35 9
35 10
35 13
35 14
35 15
35 17
35 19
35 24
35 25
35 27
35 32
35 34
35 42
35 44
35 45
35 46
35 47
35 55
35 56
35 59
35 62
35 63
35 67
35 68
35 69
35 73
35 74
35 77
35 80
35 82
36 1
36 6
36 7
36 8
36 41
36 50
36 78
36 72
36 18
36 52
36 87
36 88
36 28
36 30
36 31
37 1
37 6
37 7
37 8
37 41
37 50
37 78
37 72
37 18
37 52
37 87
37 88
37 26
37 28
37 30
37 31
38 8
38 18
38 84
38 85
38 54
38 58
38 29
40 3
40 7
40 9
40 10
40 14
40 17
40 19
40 24
40 26
40 27
40 28
40 31
40 32
40 35
40 41
40 42
40 44
40 45
40 46
40 47
40 52
40 56
40 59
40 62
40 63
40 68
40 69
40 72
40 73
40 74
40 77
40 82
40 87
42 3
42 7
42 9
42 10
42 14
42 17
42 19
42 24
42 26
42 27
42 28
42 31
42 32
42 35
42 41
42 44
42 45
42 46
42 47
42 56
42 59
42 62
42 63
42 67
42 68
42 69
42 72
42 73
42 74
42 77
42 82
42 87
43 1
43 35
43 6
43 7
43 8
43 41
43 44
43 78
43 72
43 50
43 52
43 87
43 88
43 26
43 28
43 30
43 31
44 3
44 7
44 9
44 10
44 14
44 17
44 19
44 24
44 26
44 27
44 28
44 31
44 32
44 35
44 41
44 42
44 45
44 46
44 47
44 52
44 56
44 59
44 62
44 63
44 68
44 69
44 72
44 73
44 74
44 77
44 82
44 87
47 2
47 3
47 5
47 9
47 10
47 13
47 14
47 15
47 17
47 19
47 24
47 25
47 26
47 27
47 32
47 34
47 35
47 42
47 44
47 45
47 46
47 56
47 59
47 62
47 63
47 67
47 68
47 69
47 73
47 74
47 77
47 80
47 82
48 1
48 6
48 7
48 10
48 19
48 26
48 28
48 30
48 31
48 35
48 41
48 42
48 44
48 46
48 50
48 52
48 63
48 68
48 72
48 78
48 82
48 87
48 88
53 8
53 18
53 50
53 84
53 54
53 58
53 29
53 30
55 3
55 7
55 9
55 10
55 14
55 17
55 19
55 24
55 26
55 27
55 28
55 31
55 32
55 35
55 41
55 42
55 44
55 45
55 46
55 47
55 52
55 56
55 59
55 62
55 63
55 68
55 69
55 72
55 73
55 74
55 77
55 82
55 87
61 1
61 6
61 8
61 41
61 50
61 78
61 18
61 52
61 54
61 88
61 29
61 30
61 31
63 8
63 18
63 50
63 84
63 54
63 58
63 29
63 30
65 1
65 3
65 6
65 7
65 9
65 10
65 14
65 17
65 19
65 26
65 28
65 31
65 32
65 35
65 41
65 42
65 44
65 45
65 46
65 47
65 52
65 56
65 63
65 68
65 72
65 73
65 74
65 77
65 78
65 82
65 87
65 88
67 2
67 3
67 7
67 9
67 10
67 13
67 14
67 15
67 17
67 19
67 24
67 25
67 26
67 27
67 32
67 34
67 35
67 42
67 44
67 45
67 46
67 47
67 56
67 59
67 62
67 63
67 68
67 69
67 72
67 73
67 74
67 77
67 82
68 3
68 7
68 9
68 10
68 14
68 17
68 19
68 24
68 26
68 27
68 28
68 31
68 32
68 35
68 41
68 42
68 44
68 45
68 46
68 47
68 52
68 56
68 59
68 62
68 63
68 69
68 72
68 73
68 74
68 77
68 82
68 87
75 3
75 7
75 9
75 10
75 14
75 17
75 19
75 24
75 26
75 27
75 28
75 31
75 32
75 35
75 41
75 42
75 44
75 45
75 46
75 47
75 52
75 56
75 59
75 62
75 63
75 68
75 69
75 72
75 73
75 74
75 77
75 82
75 87
77 2
77 3
77 7
77 9
77 10
77 13
77 14
77 15
77 17
77 19
77 24
77 25
77 26
77 27
77 28
77 32
77 34
77 35
77 42
77 44
77 45
77 46
77 47
77 56
77 59
77 62
77 63
77 67
77 68
77 69
77 72
77 73
77 74
77 82
77 87
79 4
79 58
79 84
79 85
83 1
83 3
83 6
83 7
83 9
83 10
83 14
83 17
83 19
83 26
83 28
83 31
83 32
83 35
83 41
83 42
83 44
83 45
83 46
83 47
83 52
83 56
83 63
83 68
83 72
83 73
83 74
83 77
83 78
83 82
83 87
83 88
85 4
85 84
