88
2 32
2 1
2 35
2 68
2 30
2 55
2 76
2 45
2 78
2 79
2 27
2 50
2 85
2 87
2 56
2 57
2 58
2 59
2 62
2 21
3 67
3 38
3 74
3 77
3 14
3 47
3 51
3 53
3 22
3 88
3 26
4 1
4 61
4 69
4 30
4 76
4 45
4 46
4 79
4 50
4 85
4 55
4 56
4 57
4 58
4 78
4 62
4 21
5 64
5 51
5 67
5 68
5 32
5 44
5 77
5 14
5 47
5 59
5 35
5 78
5 22
5 87
5 88
5 58
5 27
5 26
5 53
6 33
6 36
6 38
6 80
6 73
6 10
6 43
6 12
6 48
6 82
6 74
6 31
8 33
8 67
8 36
8 38
8 6
8 80
8 73
8 10
8 43
8 47
8 48
8 82
8 74
8 31
9 5
10 2
10 71
10 8
10 42
10 83
10 84
10 54
10 60
10 29
11 67
11 36
11 38
11 10
11 77
11 14
11 47
11 51
11 22
11 74
12 1
12 61
12 69
12 30
12 76
12 45
12 46
12 79
12 50
12 85
12 55
12 56
12 57
12 58
12 78
12 62
12 21
13 24
13 20
13 66
13 28
13 70
14 33
14 34
14 36
14 38
14 6
14 80
14 73
14 10
14 43
14 12
14 48
14 82
14 74
14 31
15 64
15 1
15 35
15 68
15 32
15 76
15 55
15 44
15 45
15 78
15 59
15 21
15 87
15 88
15 58
15 27
15 62
15 53
17 3
17 37
17 39
17 41
17 46
17 79
17 49
17 50
17 85
17 25
17 56
17 57
17 61
17 30
17 69
18 66
18 3
18 37
18 39
18 40
18 15
18 49
18 20
18 25
19 33
19 34
19 36
19 38
19 6
19 72
19 73
19 10
19 43
19 12
19 80
19 48
19 17
19 82
19 74
19 31
20 75
20 11
20 13
21 11
21 4
21 13
21 63
22 64
22 1
22 35
22 68
22 32
22 76
22 55
22 44
22 45
22 78
22 59
22 53
22 87
22 88
22 58
22 27
22 26
22 62
23 34
23 17
23 71
23 8
23 42
23 81
23 19
23 52
23 54
23 72
24 2
24 4
24 18
24 83
24 84
24 60
24 29
27 80
27 34
27 17
27 6
27 71
27 8
27 73
27 42
27 43
27 12
27 48
27 81
27 82
27 19
27 52
27 72
27 31
28 67
28 36
28 38
28 74
28 77
28 14
28 47
28 51
28 53
28 22
28 88
28 26
29 18
29 4
30 64
30 51
30 67
30 68
30 32
30 44
30 77
30 14
30 47
30 59
30 35
30 53
30 22
30 87
30 88
30 26
30 27
31 2
31 81
31 71
31 8
31 42
31 72
31 83
31 84
31 54
31 52
31 60
31 29
32 3
32 37
32 39
32 41
32 30
32 46
32 79
32 50
32 85
32 56
32 57
32 61
32 69
32 21
33 34
33 17
33 71
33 8
33 42
33 12
33 81
33 19
33 52
33 54
33 72
34 1
34 61
34 69
34 30
34 76
34 45
34 46
34 79
34 50
34 85
34 55
34 56
34 57
34 58
34 27
34 78
34 62
34 21
35 2
35 4
35 18
35 83
35 84
35 60
35 29
36 67
36 38
36 74
36 77
36 14
36 47
36 51
36 53
36 22
36 88
36 26
37 64
37 32
37 35
37 68
37 76
37 55
37 44
37 45
37 14
37 77
37 59
37 78
37 87
37 88
37 58
37 27
37 26
37 53
38 5
39 75
39 11
39 13
39 63
40 33
40 34
40 36
40 38
40 6
40 17
40 72
40 73
40 10
40 43
40 12
40 80
40 48
40 81
40 82
40 19
40 52
40 31
41 11
41 4
41 63
42 67
42 36
42 38
42 74
42 77
42 14
42 47
42 51
42 53
42 22
42 88
42 26
43 64
43 1
43 35
43 68
43 32
43 76
43 55
43 44
43 45
43 78
43 59
43 53
43 87
43 88
43 58
43 27
43 26
43 62
44 64
44 1
44 35
44 68
44 32
44 30
44 55
44 76
44 45
44 78
44 27
44 21
44 87
44 58
44 59
44 62
45 33
45 34
45 17
45 6
45 71
45 72
45 73
45 43
45 12
45 80
45 48
45 81
45 82
45 19
45 52
45 31
46 34
46 17
46 6
46 71
46 8
46 42
46 43
46 12
46 80
46 81
46 19
46 52
46 54
46 72
47 18
47 4
48 33
48 34
48 36
48 38
48 6
48 17
48 72
48 73
48 10
48 43
48 12
48 80
48 81
48 82
48 19
48 52
48 74
48 31
49 18
49 4
49 63
50 1
50 69
50 41
50 30
50 76
50 45
50 46
50 79
50 21
50 55
50 56
50 57
50 61
50 62
50 85
51 75
51 11
51 13
51 63
53 18
53 4
54 18
54 4
55 2
55 8
55 42
55 18
55 83
55 84
55 54
55 60
55 29
56 2
56 8
56 42
56 18
56 83
56 84
56 54
56 60
56 29
57 2
57 71
57 8
57 42
57 83
57 84
57 54
57 60
57 29
58 33
58 34
58 36
58 38
58 6
58 17
58 72
58 73
58 10
58 43
58 12
58 80
58 48
58 81
58 82
58 19
58 52
58 31
59 2
59 4
59 18
59 83
59 84
59 60
59 29
61 18
61 4
61 63
62 2
62 18
62 83
62 84
62 54
62 60
62 29
63 66
63 3
63 37
63 39
63 40
63 41
63 15
63 49
63 20
63 25
64 67
64 36
64 38
64 10
64 77
64 14
64 47
64 51
64 22
64 74
65 9
66 75
66 11
66 13
66 63
67 80
67 34
67 17
67 6
67 71
67 8
67 73
67 43
67 12
67 48
67 81
67 82
67 19
67 52
67 72
67 31
68 75
68 11
68 13
68 63
69 2
69 42
69 18
69 83
69 84
69 54
69 60
69 29
70 33
70 34
70 36
70 38
70 6
70 80
70 73
70 10
70 43
70 12
70 48
70 17
70 82
70 19
70 74
70 31
71 2
71 81
71 8
71 42
71 72
71 83
71 84
71 54
71 52
71 60
71 29
72 2
72 71
72 8
72 42
72 83
72 84
72 54
72 60
72 29
73 2
73 18
73 83
73 84
73 60
73 29
74 4
74 63
75 64
75 1
75 35
75 68
75 32
75 76
75 55
75 44
75 45
75 78
75 59
75 53
75 87
75 88
75 58
75 27
75 62
76 18
76 4
77 2
77 42
77 18
77 83
77 84
77 54
77 60
77 29
78 33
78 34
78 17
78 6
78 71
78 72
78 73
78 10
78 43
78 12
78 80
78 48
78 81
78 82
78 19
78 52
78 31
79 75
80 1
80 37
80 41
80 30
80 76
80 45
80 46
80 79
80 50
80 69
80 85
80 55
80 56
80 57
80 61
80 62
80 21
81 64
81 32
81 35
81 68
81 76
81 55
81 44
81 45
81 14
81 77
81 59
81 78
81 87
81 88
81 58
81 27
81 26
81 53
82 33
82 34
82 17
82 6
82 71
82 72
82 73
82 10
82 43
82 12
82 80
82 48
82 81
82 19
82 52
82 31
83 33
83 34
83 36
83 38
83 6
83 17
83 72
83 73
83 10
83 43
83 12
83 80
83 48
83 81
83 82
83 19
83 52
83 31
84 80
84 34
84 17
84 6
84 71
84 8
84 42
84 43
84 12
84 48
84 81
84 19
84 52
84 54
84 72
85 34
85 17
85 6
85 71
85 8
85 42
85 43
85 12
85 80
85 81
85 19
85 52
85 54
85 72
86 2
86 71
86 8
86 42
86 83
86 84
86 54
86 60
86 29
87 64
87 1
87 35
87 68
87 32
87 76
87 44
87 45
87 78
87 59
87 53
87 55
87 88
87 58
87 27
87 62
88 1
88 61
88 69
88 30
88 76
88 45
88 46
88 79
88 50
88 85
88 55
88 56
88 57
88 58
88 78
88 62
88 21
