88
1 19
1 33
1 38
1 6
1 9
1 79
1 83
1 84
1 53
1 20
1 59
1 85
2 1
2 6
2 33
2 9
2 79
2 19
2 85
2 59
3 19
3 33
3 66
3 70
3 6
3 8
3 9
3 12
3 38
3 79
3 48
3 17
3 83
3 84
3 85
3 22
3 88
3 20
3 26
3 59
3 53
4 19
4 1
4 38
4 6
4 33
4 8
4 9
4 12
4 79
4 48
4 83
4 84
4 53
4 88
4 20
4 59
4 85
5 19
5 33
5 66
5 38
5 6
5 8
5 9
5 12
5 79
5 48
5 17
5 83
5 84
5 85
5 88
5 20
5 26
5 59
5 53
7 19
7 1
7 38
7 6
7 33
7 8
7 9
7 12
7 79
7 48
7 83
7 84
7 85
7 88
7 20
7 26
7 59
7 53
10 19
10 1
10 38
10 6
10 33
10 8
10 9
10 12
10 79
10 48
10 83
10 84
10 85
10 88
10 20
10 26
10 59
10 53
11 19
11 33
11 66
11 70
11 6
11 8
11 9
11 12
11 38
11 79
11 48
11 17
11 83
11 84
11 85
11 22
11 88
11 20
11 26
11 59
11 53
14 19
14 33
14 66
14 70
14 6
14 8
14 9
14 12
14 38
14 79
14 48
14 17
14 83
14 84
14 85
14 22
14 88
14 20
14 26
14 59
14 53
15 19
15 1
15 6
15 38
15 33
15 9
15 79
15 83
15 84
15 53
15 59
15 85
16 19
16 1
16 38
16 6
16 33
16 9
16 79
16 83
16 84
16 53
16 20
16 59
16 85
21 19
21 1
21 38
21 6
21 33
21 8
21 9
21 12
21 79
21 48
21 83
21 84
21 85
21 88
21 20
21 26
21 59
21 53
23 1
23 6
24 1
24 19
24 6
25 19
25 1
25 38
25 6
25 33
25 8
25 9
25 12
25 79
25 48
25 83
25 84
25 53
25 88
25 20
25 59
25 85
27 19
27 1
27 6
27 38
27 33
27 9
27 79
27 83
27 85
27 59
28 1
28 6
28 38
28 33
28 9
28 79
28 19
28 85
28 59
29 19
29 1
29 38
29 6
29 33
29 8
29 9
29 12
29 79
29 48
29 83
29 84
29 53
29 88
29 20
29 59
29 85
30 19
30 1
30 6
30 38
30 33
30 9
30 79
30 83
30 85
30 59
31 19
31 1
31 38
31 6
31 33
31 9
31 79
31 83
31 84
31 53
31 20
31 59
31 85
32 19
32 1
32 6
32 38
32 33
32 9
32 79
32 83
32 84
32 53
32 59
32 85
33 19
33 66
33 70
33 6
33 8
33 9
33 12
33 38
33 79
33 48
33 17
33 83
33 84
33 85
33 88
33 20
33 26
33 59
33 53
34 6
34 8
34 9
34 12
34 17
34 19
34 20
34 22
34 26
34 33
34 38
34 48
34 53
34 59
34 66
34 70
34 79
34 80
34 83
34 84
34 85
34 86
34 88
35 19
35 1
35 38
35 6
35 33
35 8
35 9
35 12
35 79
35 48
35 83
35 84
35 85
35 88
35 20
35 26
35 59
35 53
37 1
37 19
37 85
37 6
39 19
39 1
39 38
39 6
39 33
39 8
39 9
39 12
39 79
39 48
39 83
39 84
39 53
39 88
39 20
39 59
39 85
40 19
40 1
40 38
40 6
40 33
40 9
40 79
40 83
40 84
40 53
40 20
40 59
40 85
42 8
42 9
42 12
42 17
42 19
42 20
42 22
42 26
42 33
42 38
42 48
42 53
42 59
42 66
42 70
42 79
42 80
42 83
42 84
42 85
42 86
42 88
43 1
43 6
43 33
43 9
43 79
43 19
43 85
43 59
44 19
44 1
44 38
44 6
44 33
44 8
44 9
44 12
44 79
44 48
44 17
44 83
44 84
44 85
44 88
44 20
44 26
44 59
44 53
46 19
46 33
46 66
46 70
46 6
46 8
46 9
46 12
46 38
46 79
46 48
46 17
46 83
46 84
46 85
46 22
46 88
46 20
46 26
46 59
46 53
47 19
47 1
47 38
47 6
47 33
47 9
47 79
47 83
47 84
47 53
47 20
47 59
47 85
50 19
50 1
50 38
50 6
50 33
50 8
50 9
50 12
50 79
50 48
50 83
50 84
50 85
50 88
50 20
50 26
50 59
50 53
51 6
51 8
51 9
51 12
51 17
51 19
51 20
51 22
51 26
51 33
51 38
51 48
51 53
51 59
51 66
51 70
51 79
51 80
51 83
51 84
51 85
51 86
51 88
52 1
52 6
55 19
55 33
55 66
55 38
55 6
55 8
55 9
55 12
55 79
55 48
55 17
55 83
55 84
55 85
55 88
55 20
55 26
55 59
55 53
57 1
57 6
57 33
57 9
57 79
57 19
57 85
57 59
58 6
58 8
58 9
58 12
58 17
58 19
58 20
58 22
58 26
58 33
58 38
58 48
58 53
58 59
58 66
58 70
58 79
58 80
58 83
58 84
58 85
58 86
58 88
60 19
60 1
60 38
60 6
60 33
60 8
60 9
60 79
60 48
60 83
60 84
60 53
60 20
60 59
60 85
61 19
61 33
61 66
61 70
61 6
61 8
61 9
61 12
61 38
61 79
61 48
61 17
61 83
61 84
61 85
61 22
61 88
61 20
61 26
61 59
61 53
63 19
63 1
63 38
63 6
63 33
63 8
63 9
63 79
63 83
63 84
63 53
63 20
63 59
63 85
64 8
64 9
64 12
64 17
64 19
64 20
64 22
64 26
64 33
64 38
64 48
64 53
64 59
64 66
64 70
64 79
64 80
64 83
64 84
64 85
64 86
64 88
65 19
65 33
65 66
65 70
65 6
65 8
65 9
65 12
65 38
65 79
65 48
65 17
65 83
65 84
65 85
65 22
65 88
65 20
65 26
65 59
65 53
67 19
67 1
67 6
67 38
67 33
67 9
67 79
67 83
67 84
67 53
67 59
67 85
68 19
68 1
68 38
68 6
68 33
68 8
68 9
68 79
68 83
68 84
68 53
68 20
68 59
68 85
71 1
71 6
71 79
71 19
71 85
71 59
73 19
73 1
73 38
73 6
73 33
73 8
73 9
73 12
73 79
73 48
73 83
73 84
73 53
73 88
73 20
73 59
73 85
74 19
74 1
74 38
74 6
74 33
74 8
74 9
74 12
74 79
74 48
74 83
74 84
74 85
74 88
74 20
74 26
74 59
74 53
75 19
75 33
75 66
75 70
75 6
75 8
75 9
75 12
75 38
75 79
75 48
75 17
75 83
75 84
75 85
75 22
75 88
75 20
75 26
75 59
75 53
76 8
76 9
76 12
76 17
76 19
76 20
76 22
76 26
76 33
76 38
76 48
76 53
76 59
76 66
76 70
76 79
76 80
76 83
76 84
76 85
76 86
76 88
77 19
77 1
77 38
77 6
77 33
77 8
77 9
77 12
77 79
77 48
77 83
77 84
77 85
77 88
77 20
77 26
77 59
77 53
79 6
79 8
79 9
79 12
79 17
79 19
79 20
79 22
79 26
79 33
79 38
79 48
79 53
79 59
79 66
79 70
79 80
79 83
79 84
79 85
79 86
79 88
82 19
82 1
82 6
82 38
82 33
82 9
82 79
82 83
82 84
82 53
82 59
82 85
83 6
83 8
83 9
83 12
83 17
83 19
83 20
83 22
83 26
83 33
83 38
83 48
83 53
83 59
83 66
83 70
83 79
83 80
83 84
83 85
83 86
83 88
85 19
85 33
85 66
85 86
85 38
85 8
85 9
85 12
85 80
85 79
85 48
85 17
85 83
85 84
85 53
85 22
85 88
85 20
85 26
85 59
85 70
87 19
87 33
87 66
87 70
87 6
87 8
87 9
87 12
87 38
87 79
87 48
87 17
87 83
87 84
87 85
87 22
87 88
87 20
87 26
87 59
87 53
