88
1 32
1 7
1 9
1 75
1 80
1 50
1 20
1 24
1 60
2 16
2 25
2 63
2 38
2 41
3 32
3 36
3 9
3 10
3 75
3 80
3 50
3 20
3 87
3 24
3 60
4 34
4 35
4 68
4 37
4 8
4 76
4 14
4 47
4 18
4 67
4 52
4 78
4 84
4 27
4 85
4 53
5 4
5 54
5 71
5 73
5 42
5 13
5 81
5 19
5 21
5 22
5 55
5 56
5 26
5 59
5 30
6 72
6 57
6 28
6 38
6 63
7 32
7 33
7 3
7 36
7 6
7 9
7 10
7 77
7 79
7 80
7 49
7 83
7 87
7 60
7 61
7 62
7 31
8 34
8 35
8 68
8 37
8 40
8 76
8 14
8 47
8 18
8 67
8 85
8 27
8 78
8 69
8 53
9 64
9 1
9 66
9 67
9 69
9 70
9 65
9 40
9 12
9 11
9 44
9 14
9 15
9 43
9 46
9 53
10 33
10 3
10 36
10 6
10 39
10 77
10 79
10 49
10 83
10 52
10 87
10 88
10 61
10 62
10 31
11 34
11 35
11 68
11 37
11 8
11 76
11 14
11 47
11 18
11 67
11 52
11 78
11 84
11 27
11 85
11 53
12 32
12 7
12 75
12 50
12 51
12 20
12 24
13 33
13 3
13 6
13 39
13 77
13 47
13 49
13 83
13 84
13 87
13 88
13 52
13 79
13 61
13 62
13 31
14 32
14 33
14 3
14 36
14 6
14 9
14 10
14 77
14 79
14 80
14 49
14 83
14 87
14 60
14 61
14 62
14 31
15 2
15 51
15 50
15 7
16 23
17 65
17 11
17 70
17 73
17 42
17 43
17 44
17 45
17 12
17 48
17 54
17 58
17 26
17 30
19 29
19 23
20 75
20 24
20 50
20 51
20 7
21 32
21 3
21 36
21 9
21 10
21 75
21 77
21 80
21 83
21 20
21 87
21 24
21 60
22 7
22 75
22 50
22 51
22 20
22 24
23 64
23 1
23 66
23 67
23 69
23 70
23 40
23 12
23 11
23 44
23 14
23 15
23 43
23 46
23 53
24 65
24 73
24 42
24 12
24 45
24 48
24 19
24 21
24 54
24 58
24 26
24 30
25 33
25 83
25 3
25 6
25 39
25 8
25 76
25 77
25 47
25 49
25 35
25 52
25 87
25 88
25 84
25 79
25 61
25 62
25 31
26 2
26 29
27 4
27 5
27 71
27 54
27 73
27 42
27 45
27 81
27 19
27 21
27 22
27 55
27 56
27 26
27 59
27 30
28 23
29 4
29 5
29 71
29 74
29 13
29 81
29 19
29 21
29 22
29 55
29 56
29 59
30 29
30 23
31 64
31 1
31 66
31 67
31 69
31 70
31 65
31 40
31 12
31 11
31 44
31 14
31 15
31 43
31 46
31 53
32 7
32 75
32 50
32 51
32 20
32 24
33 65
33 12
33 42
33 44
33 45
33 48
33 19
33 21
33 54
33 73
33 58
33 26
33 30
34 2
34 51
34 29
35 64
35 1
35 66
35 67
35 68
35 37
35 70
35 40
35 11
35 14
35 15
35 43
35 18
35 46
35 27
35 69
35 53
36 7
36 75
36 50
36 51
36 20
36 24
37 64
37 1
37 66
37 67
37 69
37 70
37 65
37 40
37 12
37 11
37 44
37 14
37 15
37 43
37 46
37 53
39 33
39 3
39 6
39 10
39 77
39 79
39 49
39 83
39 52
39 87
39 88
39 61
39 62
39 31
40 32
40 36
40 9
40 10
40 75
40 80
40 50
40 20
40 87
40 24
40 60
42 17
43 32
43 36
43 7
43 9
43 10
43 75
43 80
43 50
43 20
43 24
43 60
44 2
44 51
44 7
45 23
46 23
47 33
47 83
47 3
47 6
47 39
47 8
47 76
47 77
47 79
47 49
47 35
47 52
47 85
47 88
47 84
47 61
47 62
47 31
48 23
49 33
49 3
49 36
49 6
49 39
49 10
49 77
49 79
49 83
49 52
49 87
49 88
49 61
49 62
49 31
50 32
50 7
50 75
50 51
50 20
50 24
51 64
51 1
51 66
51 67
51 69
51 70
51 65
51 40
51 12
51 11
51 44
51 14
51 15
51 48
51 43
51 46
52 64
52 1
52 66
52 67
52 37
52 70
52 40
52 12
52 11
52 44
52 14
52 15
52 43
52 18
52 46
52 27
52 69
52 53
53 64
53 1
53 66
53 43
53 69
53 70
53 65
53 40
53 12
53 11
53 44
53 45
53 46
53 15
53 48
53 58
54 32
54 33
54 3
54 36
54 6
54 9
54 10
54 77
54 79
54 80
54 49
54 83
54 87
54 60
54 61
54 62
54 31
55 29
55 23
56 29
57 17
59 2
59 51
59 29
60 64
60 1
60 66
60 43
60 69
60 70
60 65
60 40
60 12
60 11
60 44
60 45
60 46
60 15
60 48
60 58
61 64
61 34
61 35
61 68
61 37
61 40
61 46
61 76
61 14
61 18
61 67
61 85
61 27
61 78
61 69
61 53
62 33
62 83
62 3
62 6
62 39
62 8
62 76
62 77
62 47
62 49
62 35
62 52
62 85
62 88
62 84
62 79
62 61
62 31
63 2
63 51
63 29
64 34
64 35
64 68
64 37
64 8
64 76
64 46
64 78
64 14
64 40
64 18
64 67
64 85
64 27
64 69
64 53
65 33
65 83
65 3
65 6
65 39
65 8
65 76
65 77
65 47
65 49
65 35
65 52
65 87
65 88
65 84
65 79
65 61
65 62
65 31
66 34
66 35
66 68
66 37
66 8
66 76
66 14
66 47
66 18
66 67
66 52
66 78
66 84
66 27
66 85
66 53
67 33
67 34
67 35
67 68
67 6
67 39
67 8
67 76
67 78
67 47
67 49
67 52
67 85
67 88
67 84
67 79
67 61
67 62
67 31
68 64
68 34
68 35
68 37
68 8
68 76
68 14
68 40
68 18
68 67
68 85
68 27
68 78
68 69
68 53
69 32
69 36
69 9
69 10
69 75
69 80
69 50
69 20
69 87
69 24
69 60
70 2
70 29
71 32
71 36
71 7
71 9
71 10
71 75
71 80
71 50
71 20
71 24
71 60
72 23
73 32
73 3
73 36
73 9
73 10
73 77
73 80
73 83
73 87
73 60
74 2
74 51
74 50
74 7
75 64
75 1
75 66
75 67
75 37
75 70
75 40
75 11
75 14
75 15
75 43
75 18
75 46
75 27
75 69
75 53
76 33
76 34
76 35
76 68
76 6
76 39
76 8
76 78
76 47
76 49
76 84
76 85
76 88
76 52
76 79
76 61
76 62
76 31
77 34
77 35
77 68
77 37
77 39
77 8
77 76
77 78
77 47
77 18
77 52
77 85
77 88
77 84
77 27
78 29
78 23
79 32
79 3
79 36
79 9
79 10
79 77
79 80
79 83
79 87
79 60
79 62
79 31
80 33
80 34
80 35
80 6
80 39
80 8
80 76
80 78
80 47
80 49
80 52
80 85
80 88
80 84
80 79
80 61
80 62
80 31
81 17
83 64
83 1
83 66
83 43
83 70
83 65
83 44
83 11
83 12
83 45
83 46
83 15
83 48
83 58
84 64
84 1
84 66
84 43
84 69
84 70
84 65
84 40
84 12
84 11
84 44
84 14
84 15
84 48
84 46
84 58
85 64
85 34
85 67
85 68
85 37
85 40
85 46
85 14
85 18
85 78
85 27
85 69
85 53
86 32
86 3
86 36
86 9
86 10
86 75
86 77
86 80
86 83
86 87
86 60
87 1
87 66
87 11
87 70
87 65
87 73
87 43
87 44
87 45
87 12
87 48
87 58
87 30
88 33
88 3
88 36
88 6
88 39
88 9
88 10
88 77
88 79
88 80
88 49
88 83
88 87
88 60
88 61
88 62
88 31
