88
1 7
1 8
1 9
1 11
1 12
1 13
1 14
1 15
1 19
1 21
1 23
1 24
1 26
1 31
1 32
1 33
1 35
1 36
1 39
1 41
1 42
1 45
1 47
1 48
1 51
1 52
1 53
1 58
1 60
1 61
1 63
1 64
1 65
1 67
1 68
1 69
1 71
1 72
1 74
1 75
1 77
1 79
1 81
1 82
1 84
3 1
3 9
3 10
3 11
3 12
3 13
3 15
3 16
3 18
3 19
3 21
3 22
3 23
3 24
3 26
3 27
3 32
3 33
3 34
3 37
3 38
3 39
3 40
3 42
3 44
3 46
3 48
3 50
3 55
3 58
3 61
3 62
3 63
3 64
3 66
3 72
3 75
3 77
3 78
3 80
3 82
3 87
3 88
4 1
4 7
4 8
4 9
4 10
4 11
4 12
4 13
4 14
4 15
4 18
4 19
4 21
4 22
4 23
4 24
4 26
4 27
4 32
4 33
4 36
4 37
4 38
4 39
4 40
4 41
4 42
4 44
4 46
4 47
4 48
4 50
4 53
4 55
4 58
4 61
4 63
4 64
4 65
4 66
4 72
4 75
4 77
4 78
4 79
4 80
4 81
4 82
4 87
4 88
5 1
5 7
5 8
5 9
5 10
5 11
5 12
5 13
5 14
5 15
5 19
5 21
5 23
5 24
5 26
5 32
5 33
5 36
5 38
5 39
5 41
5 42
5 47
5 48
5 50
5 52
5 53
5 55
5 58
5 61
5 63
5 64
5 65
5 66
5 68
5 71
5 72
5 75
5 77
5 78
5 79
5 80
5 81
5 82
5 84
5 87
5 88
6 1
6 7
6 8
6 9
6 10
6 11
6 12
6 13
6 14
6 15
6 19
6 21
6 23
6 24
6 26
6 32
6 33
6 36
6 37
6 38
6 39
6 41
6 42
6 46
6 47
6 48
6 50
6 52
6 53
6 55
6 58
6 61
6 63
6 64
6 65
6 66
6 72
6 75
6 77
6 78
6 79
6 80
6 81
6 82
6 84
6 87
6 88
8 7
8 9
8 11
8 14
8 15
8 19
8 21
8 23
8 24
8 26
8 31
8 32
8 33
8 35
8 36
8 41
8 42
8 45
8 47
8 48
8 51
8 52
8 53
8 58
8 60
8 61
8 63
8 64
8 65
8 67
8 68
8 69
8 71
8 72
8 73
8 74
8 75
8 77
8 79
8 81
8 82
8 84
14 7
14 8
14 9
14 11
14 12
14 13
14 15
14 19
14 21
14 23
14 24
14 26
14 31
14 32
14 33
14 35
14 36
14 39
14 41
14 42
14 45
14 47
14 48
14 51
14 52
14 53
14 58
14 60
14 61
14 63
14 64
14 65
14 67
14 68
14 69
14 71
14 72
14 74
14 75
14 77
14 79
14 81
14 82
14 84
16 7
16 8
16 9
16 11
16 14
16 15
16 19
16 21
16 23
16 24
16 26
16 31
16 32
16 33
16 35
16 36
16 41
16 42
16 45
16 47
16 51
16 52
16 53
16 58
16 60
16 61
16 63
16 64
16 65
16 67
16 68
16 69
16 71
16 72
16 73
16 74
16 75
16 77
16 79
16 81
16 82
16 84
18 7
18 8
18 9
18 11
18 12
18 13
18 14
18 15
18 19
18 21
18 23
18 24
18 26
18 31
18 32
18 33
18 35
18 36
18 39
18 41
18 42
18 45
18 47
18 48
18 51
18 52
18 53
18 58
18 60
18 61
18 63
18 64
18 65
18 67
18 68
18 71
18 72
18 74
18 75
18 77
18 79
18 81
18 82
18 84
20 7
20 8
20 9
20 14
20 15
20 19
20 21
20 23
20 31
20 33
20 35
20 36
20 41
20 45
20 47
20 51
20 52
20 53
20 58
20 60
20 61
20 63
20 64
20 65
20 67
20 68
20 69
20 71
20 72
20 73
20 74
20 77
20 79
20 81
20 82
20 84
23 7
23 8
23 9
23 14
23 15
23 19
23 21
23 31
23 35
23 36
23 41
23 45
23 47
23 51
23 52
23 53
23 56
23 60
23 65
23 67
23 68
23 69
23 71
23 73
23 74
23 77
23 79
23 81
23 82
23 84
25 7
25 8
25 9
25 11
25 14
25 15
25 19
25 21
25 23
25 24
25 26
25 31
25 32
25 33
25 35
25 36
25 41
25 42
25 45
25 47
25 48
25 51
25 52
25 53
25 58
25 60
25 61
25 63
25 64
25 65
25 67
25 68
25 69
25 71
25 72
25 73
25 74
25 75
25 77
25 79
25 81
25 82
25 84
29 7
29 8
29 9
29 11
29 14
29 15
29 19
29 21
29 23
29 24
29 26
29 31
29 32
29 33
29 35
29 36
29 41
29 42
29 45
29 47
29 48
29 51
29 52
29 53
29 58
29 60
29 61
29 63
29 64
29 65
29 67
29 68
29 69
29 71
29 72
29 73
29 74
29 75
29 77
29 79
29 81
29 82
29 84
30 1
30 10
30 12
30 13
30 16
30 18
30 22
30 27
30 28
30 34
30 37
30 38
30 40
30 43
30 44
30 46
30 50
30 54
30 55
30 62
30 66
30 76
30 78
30 80
30 87
30 88
38 7
38 8
38 9
38 11
38 14
38 15
38 19
38 21
38 23
38 24
38 26
38 31
38 32
38 33
38 35
38 36
38 41
38 42
38 45
38 47
38 48
38 51
38 52
38 53
38 58
38 60
38 61
38 63
38 64
38 65
38 67
38 68
38 69
38 71
38 72
38 73
38 74
38 75
38 77
38 79
38 81
38 82
38 84
49 1
49 7
49 8
49 9
49 10
49 11
49 12
49 13
49 14
49 15
49 19
49 21
49 23
49 24
49 26
49 32
49 33
49 36
49 37
49 38
49 39
49 41
49 42
49 46
49 47
49 48
49 50
49 52
49 53
49 55
49 58
49 61
49 63
49 64
49 65
49 66
49 72
49 75
49 77
49 78
49 79
49 80
49 81
49 82
49 84
49 87
49 88
61 7
61 8
61 14
61 15
61 21
61 31
61 35
61 36
61 41
61 45
61 47
61 51
61 52
61 53
61 56
61 60
61 65
61 67
61 68
61 69
61 71
61 73
61 74
61 79
61 81
61 82
61 84
63 7
63 8
63 9
63 11
63 14
63 15
63 19
63 21
63 23
63 24
63 26
63 31
63 32
63 33
63 35
63 36
63 39
63 41
63 42
63 45
63 47
63 48
63 51
63 52
63 53
63 58
63 60
63 61
63 64
63 65
63 67
63 68
63 69
63 71
63 72
63 74
63 75
63 77
63 79
63 81
63 82
63 84
64 1
64 7
64 8
64 9
64 10
64 11
64 12
64 13
64 14
64 15
64 19
64 21
64 23
64 24
64 26
64 31
64 32
64 33
64 35
64 36
64 39
64 41
64 42
64 45
64 47
64 48
64 51
64 52
64 53
64 58
64 60
64 61
64 63
64 65
64 68
64 71
64 72
64 75
64 77
64 79
64 80
64 81
64 82
64 84
64 87
64 88
85 7
85 8
85 9
85 11
85 14
85 15
85 19
85 21
85 23
85 24
85 26
85 31
85 32
85 33
85 35
85 36
85 41
85 42
85 45
85 47
85 48
85 51
85 52
85 53
85 58
85 60
85 61
85 63
85 64
85 65
85 67
85 68
85 69
85 71
85 72
85 73
85 74
85 75
85 77
85 79
85 81
85 82
85 84
86 1
86 7
86 8
86 9
86 10
86 11
86 12
86 13
86 14
86 15
86 18
86 19
86 21
86 23
86 24
86 26
86 27
86 32
86 33
86 36
86 37
86 38
86 39
86 40
86 41
86 42
86 44
86 46
86 47
86 48
86 50
86 53
86 55
86 58
86 61
86 63
86 64
86 65
86 66
86 72
86 75
86 77
86 78
86 79
86 80
86 81
86 82
86 84
86 87
86 88
