88
1 2
1 3
1 8
1 10
1 12
1 13
1 14
1 19
1 21
1 31
1 33
1 39
1 42
1 56
1 58
1 59
1 66
1 68
1 77
1 78
1 84
1 86
1 87
1 88
2 32
2 6
2 9
2 43
2 46
2 50
2 41
2 27
2 63
3 1
3 66
3 67
3 33
3 7
3 8
3 80
3 10
3 39
3 14
3 29
3 48
3 40
3 58
3 21
3 86
3 23
3 88
3 49
3 42
3 31
4 83
4 38
5 83
6 1
6 2
6 3
6 8
6 10
6 12
6 13
6 14
6 19
6 21
6 31
6 33
6 39
6 42
6 49
6 56
6 58
6 66
6 68
6 77
6 78
6 80
6 84
6 86
6 87
6 88
7 1
7 66
7 67
7 49
7 39
7 8
7 80
7 10
7 14
7 29
7 48
7 40
7 82
7 3
7 86
7 23
7 88
7 58
7 42
7 31
8 35
8 5
8 71
8 75
8 79
8 81
8 51
8 20
8 22
8 26
8 62
9 64
9 33
9 2
9 36
9 77
9 73
9 74
9 11
9 12
9 34
9 78
9 13
9 19
9 84
9 21
9 87
9 56
9 68
9 59
9 55
10 1
10 66
10 67
10 80
10 49
10 6
10 7
10 8
10 41
10 44
10 14
10 48
10 40
10 82
10 54
10 23
10 72
10 58
10 29
10 31
11 1
11 2
11 3
11 8
11 10
11 12
11 13
11 14
11 19
11 21
11 31
11 33
11 39
11 42
11 49
11 56
11 58
11 66
11 68
11 77
11 78
11 80
11 84
11 86
11 87
11 88
12 64
12 34
12 4
12 73
12 74
12 11
12 76
12 28
12 47
12 17
12 57
12 53
12 55
12 24
12 36
12 60
12 30
12 85
13 64
13 34
13 4
13 73
13 74
13 76
13 28
13 47
13 17
13 30
13 53
13 57
13 24
13 36
13 60
13 62
13 85
14 58
14 1
14 66
14 3
14 33
14 39
14 8
14 80
14 10
14 29
14 48
14 40
14 67
14 21
14 86
14 23
14 88
14 49
14 42
14 31
17 1
17 66
17 67
17 49
17 39
17 8
17 80
17 10
17 7
17 44
17 14
17 29
17 48
17 40
17 82
17 3
17 86
17 23
17 58
17 42
17 31
18 64
18 34
18 4
18 73
18 74
18 11
18 76
18 47
18 17
18 84
18 57
18 87
18 24
18 68
18 59
18 60
18 55
18 36
19 1
19 66
19 67
19 80
19 49
19 6
19 7
19 8
19 41
19 44
19 14
19 48
19 40
19 82
19 54
19 23
19 72
19 58
19 29
19 31
20 83
20 38
21 18
21 37
21 45
22 32
22 50
22 43
22 46
23 64
23 2
23 4
23 73
23 74
23 11
23 12
23 34
23 78
23 13
23 19
23 84
23 87
23 56
23 68
23 59
23 55
23 36
24 32
24 6
24 72
24 9
24 43
24 44
24 50
24 46
24 82
24 54
24 41
24 27
24 63
26 18
26 37
26 38
26 45
27 32
27 9
27 43
27 46
27 50
27 63
28 18
28 83
28 37
28 38
28 45
29 2
29 3
29 10
29 12
29 13
29 14
29 19
29 21
29 33
29 39
29 42
29 56
29 58
29 59
29 66
29 68
29 77
29 78
29 84
29 86
29 87
29 88
30 83
30 38
31 32
31 43
31 46
31 50
31 27
31 63
32 1
32 66
32 67
32 49
32 39
32 8
32 80
32 10
32 7
32 44
32 14
32 29
32 48
32 40
32 82
32 3
32 86
32 23
32 58
32 42
32 31
33 32
33 50
33 43
34 18
34 37
34 45
35 18
35 37
35 38
35 45
36 32
36 43
36 46
36 50
36 27
36 63
37 64
37 34
37 4
37 5
37 73
37 74
37 76
37 28
37 47
37 17
37 30
37 20
37 53
37 22
37 24
37 57
37 60
37 62
37 85
38 64
38 34
38 4
38 5
38 73
38 74
38 76
38 28
38 47
38 17
38 30
38 20
38 53
38 22
38 24
38 57
38 60
38 62
38 85
39 18
39 83
39 45
39 38
40 83
40 45
40 38
41 32
41 43
41 46
41 50
41 27
41 63
42 1
42 67
42 6
42 7
42 40
42 9
42 23
42 44
42 80
42 48
42 49
42 82
42 54
42 41
42 72
42 29
43 58
43 1
43 66
43 67
43 33
43 39
43 8
43 80
43 10
43 77
43 14
43 29
43 48
43 40
43 3
43 21
43 86
43 88
43 49
43 42
43 31
44 43
45 1
45 2
45 3
45 8
45 10
45 12
45 14
45 19
45 21
45 29
45 31
45 33
45 39
45 40
45 42
45 48
45 49
45 56
45 58
45 66
45 67
45 77
45 80
45 86
45 88
46 64
46 34
46 4
46 73
46 74
46 11
46 76
46 28
46 47
46 17
46 57
46 53
46 55
46 24
46 36
46 59
46 60
46 30
47 18
47 37
47 38
47 45
48 1
48 67
48 49
48 6
48 7
48 72
48 9
48 23
48 44
48 80
48 40
48 82
48 54
48 41
48 27
48 29
48 63
51 18
51 37
51 38
51 45
53 18
53 37
53 45
54 2
54 3
54 8
54 10
54 12
54 13
54 14
54 19
54 21
54 31
54 33
54 39
54 42
54 49
54 56
54 58
54 66
54 68
54 77
54 78
54 84
54 86
54 87
54 88
55 18
55 37
55 45
56 33
56 2
56 36
56 11
56 12
56 77
56 78
56 13
56 19
56 84
56 21
56 87
56 88
56 68
56 59
56 55
58 67
58 6
58 7
58 40
58 9
58 23
58 44
58 82
58 46
58 48
58 72
58 50
58 54
58 41
58 27
58 29
58 63
59 18
59 37
62 32
62 9
62 43
62 46
62 50
62 27
62 63
63 1
63 67
63 49
63 6
63 7
63 8
63 9
63 23
63 44
63 80
63 48
63 40
63 82
63 54
63 41
63 72
63 29
63 31
64 32
64 43
64 46
64 50
64 27
64 63
66 18
66 83
66 37
66 38
66 45
67 18
67 83
67 37
67 38
67 45
68 32
68 67
68 6
68 7
68 72
68 9
68 43
68 44
68 82
68 46
68 48
68 50
68 54
68 41
68 23
68 27
68 29
68 63
72 32
72 6
72 9
72 43
72 44
72 50
72 46
72 82
72 54
72 41
72 27
72 63
73 18
73 37
73 38
73 45
74 18
74 83
74 37
74 38
74 45
76 18
76 37
76 38
76 45
77 32
77 6
77 7
77 72
77 9
77 43
77 44
77 82
77 46
77 50
77 54
77 41
77 27
77 63
78 32
78 67
78 6
78 7
78 72
78 9
78 43
78 44
78 82
78 46
78 48
78 50
78 54
78 41
78 23
78 27
78 29
78 63
79 18
79 37
79 38
79 45
80 32
80 6
80 7
80 72
80 9
80 43
80 44
80 82
80 46
80 50
80 54
80 41
80 23
80 27
80 63
83 32
83 6
83 72
83 9
83 43
83 44
83 46
83 50
83 54
83 41
83 27
83 63
84 32
84 6
84 72
84 9
84 43
84 44
84 50
84 46
84 82
84 54
84 41
84 27
84 63
85 2
85 3
85 8
85 10
85 12
85 13
85 14
85 19
85 21
85 31
85 33
85 39
85 42
85 56
85 58
85 59
85 66
85 68
85 77
85 78
85 84
85 86
85 87
85 88
86 1
86 66
86 67
86 49
86 7
86 8
86 80
86 44
86 14
86 48
86 40
86 82
86 3
86 54
86 23
86 58
86 29
86 31
87 2
87 3
87 8
87 10
87 12
87 13
87 14
87 19
87 21
87 33
87 39
87 42
87 56
87 58
87 59
87 66
87 68
87 77
87 78
87 84
87 86
87 88
88 32
88 67
88 6
88 7
88 72
88 9
88 43
88 44
88 82
88 46
88 48
88 50
88 54
88 41
88 23
88 27
88 29
88 63
