88
1 19
1 32
1 4
1 69
1 7
1 8
1 73
1 12
1 47
1 49
1 83
1 22
1 87
1 72
1 58
1 31
1 62
1 63
2 5
2 6
2 15
2 17
2 24
2 31
2 34
2 36
2 37
2 44
2 46
2 47
2 48
2 57
2 62
2 69
2 71
2 75
2 77
2 78
2 82
2 88
3 19
3 32
3 4
3 7
3 8
3 73
3 74
3 23
3 12
3 49
3 83
3 22
3 87
3 72
3 58
3 31
3 63
4 32
4 36
4 69
4 6
4 72
4 75
4 44
4 77
4 46
4 47
4 49
4 83
4 22
4 87
4 57
4 58
4 31
4 37
4 62
4 5
5 32
5 1
5 11
5 7
5 8
5 73
5 10
5 39
5 12
5 79
5 19
5 53
5 22
5 23
5 74
5 63
6 1
6 11
6 7
6 8
6 73
6 10
6 39
6 12
6 79
6 19
6 53
6 22
6 23
6 74
6 63
8 34
8 82
8 5
8 6
8 71
8 9
8 75
8 76
8 77
8 78
8 15
8 48
8 17
8 50
8 52
8 46
8 54
8 24
8 57
8 28
8 88
9 34
9 36
9 69
9 6
9 71
9 75
9 44
9 77
9 78
9 15
9 48
9 17
9 82
9 52
9 46
9 54
9 24
9 57
9 37
9 88
9 5
10 32
10 4
10 69
10 7
10 8
10 73
10 44
10 47
10 49
10 83
10 57
10 22
10 87
10 72
10 36
10 58
10 31
10 62
10 37
11 19
11 32
11 4
11 7
11 8
11 73
11 74
11 23
11 12
11 49
11 83
11 22
11 87
11 72
11 58
11 31
11 63
12 19
12 32
12 87
12 4
12 49
12 7
12 8
12 73
12 10
12 39
12 79
12 72
12 83
12 22
12 23
12 58
12 74
12 63
13 1
13 3
13 7
13 8
13 10
13 39
13 12
13 79
13 11
13 19
13 53
13 23
13 74
13 63
14 19
14 32
14 4
14 69
14 7
14 8
14 73
14 12
14 47
14 49
14 83
14 22
14 87
14 72
14 58
14 31
14 62
14 63
16 4
16 69
16 6
16 71
16 72
16 75
16 44
16 77
16 46
16 47
16 48
16 17
16 62
16 78
16 57
16 24
16 36
16 31
16 37
16 88
16 5
17 32
17 36
17 69
17 8
17 73
17 75
17 44
17 77
17 47
17 49
17 83
17 57
17 22
17 87
17 72
17 4
17 58
17 31
17 62
17 37
18 35
18 68
18 70
18 41
18 43
18 76
18 81
18 20
18 56
18 84
18 26
18 27
18 29
19 1
19 3
19 7
19 10
19 39
19 12
19 79
19 11
19 53
19 23
19 55
19 60
19 74
19 63
21 32
21 36
21 69
21 6
21 72
21 75
21 44
21 77
21 46
21 47
21 48
21 49
21 83
21 57
21 87
21 4
21 58
21 31
21 37
21 62
21 5
22 19
22 32
22 4
22 69
22 7
22 8
22 73
22 23
22 12
22 47
22 49
22 83
22 87
22 72
22 58
22 31
22 62
22 63
23 32
23 36
23 69
23 6
23 72
23 75
23 44
23 77
23 46
23 47
23 48
23 49
23 83
23 57
23 87
23 4
23 58
23 31
23 37
23 62
23 5
27 1
27 3
27 7
27 8
27 10
27 39
27 12
27 79
27 11
27 19
27 53
27 23
27 60
27 74
27 63
29 1
29 11
29 7
29 8
29 73
29 10
29 39
29 12
29 79
29 19
29 53
29 22
29 23
29 74
29 63
30 32
30 36
30 69
30 8
30 73
30 75
30 44
30 77
30 47
30 49
30 83
30 57
30 22
30 87
30 72
30 4
30 58
30 31
30 62
30 37
31 19
31 32
31 4
31 7
31 8
31 73
31 74
31 23
31 12
31 49
31 83
31 22
31 87
31 72
31 58
31 63
32 1
32 11
32 7
32 8
32 73
32 10
32 39
32 12
32 79
32 19
32 53
32 22
32 23
32 74
32 63
33 36
33 69
33 6
33 71
33 72
33 75
33 44
33 77
33 46
33 47
33 48
33 49
33 17
33 57
33 4
33 58
33 31
33 37
33 62
33 5
35 1
35 3
35 39
35 10
35 11
35 12
35 79
35 19
35 21
35 55
35 23
35 63
35 60
35 74
35 53
37 32
37 4
37 69
37 6
37 72
37 73
37 75
37 44
37 77
37 46
37 47
37 49
37 83
37 57
37 22
37 87
37 36
37 58
37 31
37 62
37 5
38 5
38 6
38 15
38 17
38 24
38 31
38 34
38 36
38 37
38 44
38 46
38 47
38 48
38 52
38 57
38 62
38 69
38 71
38 75
38 77
38 78
38 82
38 88
39 1
39 7
39 8
39 73
39 10
39 11
39 12
39 79
39 19
39 53
39 22
39 23
39 74
39 63
47 19
47 1
47 11
47 4
47 7
47 8
47 73
47 10
47 39
47 12
47 79
47 87
47 49
47 83
47 32
47 22
47 23
47 58
47 74
47 63
49 34
49 68
49 5
49 6
49 71
49 9
49 82
49 75
49 76
49 77
49 78
49 15
49 48
49 17
49 50
49 52
49 46
49 54
49 24
49 88
49 28
58 19
58 1
58 11
58 32
58 7
58 8
58 73
58 10
58 39
58 12
58 79
58 49
58 83
58 22
58 23
58 87
58 74
58 63
59 35
59 68
59 70
59 41
59 43
59 76
59 81
59 50
59 20
59 56
59 84
59 27
59 28
59 29
60 19
60 1
60 11
60 32
60 7
60 8
60 73
60 10
60 39
60 12
60 79
60 49
60 83
60 22
60 23
60 87
60 74
60 63
63 19
63 32
63 87
63 4
63 7
63 8
63 73
63 74
63 39
63 12
63 79
63 49
63 83
63 22
63 23
63 72
63 58
65 34
65 68
65 5
65 6
65 71
65 9
65 76
65 82
65 78
65 15
65 48
65 17
65 50
65 52
65 46
65 54
65 41
65 56
65 88
65 28
65 24
67 5
67 6
67 9
67 15
67 17
67 24
67 28
67 34
67 35
67 41
67 46
67 48
67 50
67 52
67 54
67 56
67 68
67 71
67 76
67 78
67 82
67 88
68 1
68 3
68 7
68 8
68 10
68 39
68 12
68 79
68 11
68 19
68 53
68 23
68 60
68 74
68 63
75 19
75 1
75 11
75 32
75 7
75 8
75 73
75 10
75 39
75 12
75 79
75 49
75 83
75 22
75 23
75 87
75 74
75 63
77 42
77 1
77 3
77 39
77 10
77 11
77 12
77 79
77 19
77 21
77 55
77 23
77 63
77 60
77 74
77 53
78 19
78 1
78 11
78 32
78 7
78 8
78 73
78 10
78 39
78 12
78 79
78 83
78 53
78 22
78 23
78 87
78 74
78 63
81 32
81 36
81 69
81 8
81 73
81 75
81 44
81 77
81 47
81 49
81 83
81 57
81 22
81 87
81 72
81 4
81 58
81 31
81 62
81 37
83 32
83 4
83 69
83 7
83 8
83 73
83 23
83 12
83 47
83 49
83 19
83 22
83 87
83 72
83 58
83 31
83 62
83 63
85 5
85 6
85 9
85 15
85 17
85 24
85 34
85 36
85 37
85 44
85 46
85 47
85 48
85 52
85 57
85 62
85 69
85 71
85 75
85 77
85 78
85 82
85 88
86 5
86 6
86 9
86 15
86 17
86 24
86 28
86 34
86 36
86 37
86 44
86 46
86 48
86 50
86 52
86 54
86 57
86 71
86 75
86 77
86 78
86 82
86 88
87 32
87 4
87 69
87 6
87 72
87 75
87 44
87 77
87 46
87 47
87 49
87 83
87 22
87 57
87 36
87 58
87 31
87 37
87 62
87 5
88 32
88 36
88 69
88 8
88 73
88 75
88 44
88 77
88 47
88 49
88 83
88 57
88 22
88 87
88 72
88 4
88 58
88 31
88 62
88 37
