88
1 33
1 68
1 38
1 65
1 73
1 10
1 79
1 57
1 29
2 32
2 80
2 67
2 36
2 39
2 72
2 76
2 23
2 44
2 77
2 46
2 48
2 87
2 50
2 20
2 78
2 54
2 55
2 58
4 16
8 64
8 83
8 18
8 51
8 59
8 31
9 32
9 48
9 2
9 35
9 39
9 41
9 23
9 76
9 77
9 78
9 44
9 80
9 87
9 67
9 20
9 54
9 55
9 58
9 28
10 64
10 83
10 42
10 15
10 24
10 18
10 51
10 84
10 88
10 59
10 31
11 35
11 37
11 41
11 45
11 14
11 47
11 82
11 21
11 56
11 60
11 69
12 66
12 40
12 43
12 14
12 84
12 21
12 22
12 88
12 27
12 60
12 62
13 49
13 19
13 85
14 2
14 35
14 37
14 41
14 45
14 47
14 82
14 56
14 28
14 69
15 2
15 35
15 37
15 41
15 45
15 14
15 47
15 82
15 56
15 28
15 69
17 64
17 83
17 18
17 51
17 59
17 31
18 1
18 34
18 75
18 38
18 74
18 11
18 79
18 29
20 64
20 66
20 59
20 42
20 15
20 24
20 83
20 84
20 88
20 27
20 31
21 64
21 83
21 42
21 15
21 24
21 51
21 84
21 88
21 59
21 31
22 26
22 52
22 13
22 61
23 32
23 34
23 75
23 36
23 72
23 74
23 11
23 76
23 46
23 80
23 50
23 58
24 32
24 80
24 34
24 67
24 36
24 72
24 74
24 76
24 77
24 46
24 48
24 50
24 20
24 78
24 54
24 58
25 1
25 34
25 75
25 38
25 74
25 11
25 79
25 50
25 29
26 2
26 35
26 37
26 39
26 41
26 23
26 44
26 45
26 47
26 55
26 56
26 87
26 28
26 69
27 64
27 83
27 42
27 18
27 51
27 24
27 59
27 31
28 32
28 80
28 2
28 67
28 36
28 39
28 72
28 41
28 23
28 44
28 77
28 78
28 87
28 48
28 76
28 20
28 54
28 55
28 58
29 19
29 85
30 86
30 63
31 32
31 1
31 34
31 75
31 36
31 72
31 74
31 11
31 46
31 50
31 29
32 70
32 8
32 9
32 17
32 53
32 25
33 37
33 40
33 43
33 14
33 82
33 21
33 22
33 56
33 60
33 62
34 32
34 75
34 36
34 72
34 74
34 11
34 76
34 46
34 80
34 50
34 58
35 32
35 48
35 2
35 67
35 39
35 41
35 23
35 76
35 77
35 78
35 44
35 80
35 87
35 20
35 54
35 55
35 58
35 28
36 48
36 2
36 35
36 69
36 39
36 41
36 45
36 76
36 77
36 78
36 44
36 80
36 87
36 67
36 20
36 54
36 55
36 23
36 58
36 47
36 28
37 66
37 40
37 43
37 84
37 21
37 22
37 88
37 27
37 60
37 62
38 83
38 59
38 18
38 51
38 64
39 32
39 80
39 34
39 67
39 36
39 72
39 76
39 77
39 46
39 48
39 50
39 20
39 78
39 54
39 58
40 33
40 68
40 65
40 73
40 10
40 79
40 81
40 57
40 26
41 66
41 37
41 40
41 43
41 14
41 82
41 21
41 22
41 27
41 60
41 62
42 32
42 48
42 2
42 67
42 36
42 39
42 72
42 41
42 23
42 44
42 77
42 78
42 87
42 80
42 76
42 20
42 54
42 55
42 58
42 28
43 66
43 40
43 14
43 84
43 21
43 22
43 88
43 27
43 60
43 62
44 32
44 1
44 34
44 75
44 36
44 72
44 74
44 11
44 46
44 80
44 50
44 29
45 26
45 52
45 13
45 61
46 1
46 34
46 75
46 38
46 74
46 11
46 50
46 29
47 1
47 34
47 75
47 36
47 38
47 72
47 74
47 11
47 46
47 50
47 29
48 32
48 67
48 36
48 72
48 76
48 23
48 44
48 77
48 46
48 80
48 50
48 20
48 78
48 54
48 87
48 58
49 1
49 34
49 75
49 38
49 74
49 11
49 46
49 50
49 29
50 2
50 35
50 37
50 39
50 41
50 23
50 44
50 45
50 47
50 55
50 56
50 87
50 28
50 69
51 2
51 35
51 37
51 41
51 45
51 14
51 47
51 82
51 56
51 28
51 69
52 86
52 63
53 64
53 83
53 42
53 18
53 51
53 59
53 31
54 66
54 40
54 43
54 15
54 84
54 22
54 88
54 27
54 60
54 62
55 1
55 68
55 33
55 38
55 65
55 73
55 10
55 79
55 57
55 29
56 26
56 52
56 13
56 61
57 1
57 34
57 75
57 36
57 38
57 72
57 74
57 11
57 46
57 50
57 29
58 32
58 80
58 67
58 36
58 72
58 76
58 44
58 77
58 46
58 48
58 50
58 20
58 78
58 54
58 23
59 49
60 83
60 59
60 18
60 51
60 64
61 66
61 37
61 40
61 43
61 14
61 82
61 21
61 22
61 60
61 62
62 1
62 34
62 75
62 36
62 38
62 72
62 74
62 11
62 46
62 50
62 29
63 66
63 37
63 40
63 43
63 14
63 82
63 21
63 22
63 27
63 60
63 62
64 66
64 37
64 40
64 43
64 14
64 82
64 21
64 22
64 27
64 60
64 62
65 2
65 35
65 69
65 39
65 41
65 23
65 44
65 45
65 78
65 47
65 48
65 67
65 55
65 56
65 87
65 28
66 1
66 68
66 38
66 33
66 73
66 10
66 79
66 81
66 57
66 65
67 66
67 40
67 42
67 43
67 15
67 24
67 84
67 88
67 27
67 62
68 2
68 35
68 37
68 41
68 45
68 14
68 47
68 82
68 56
68 28
68 69
69 32
69 48
69 2
69 67
69 36
69 39
69 72
69 41
69 23
69 44
69 77
69 78
69 87
69 80
69 76
69 20
69 54
69 55
69 58
69 28
70 35
70 37
70 43
70 45
70 14
70 47
70 82
70 21
70 22
70 56
70 60
70 69
71 2
71 35
71 69
71 39
71 41
71 45
71 76
71 77
71 78
71 44
71 48
71 56
71 67
71 20
71 54
71 55
71 23
71 87
71 47
71 28
72 2
72 35
72 69
72 39
72 41
72 23
72 44
72 77
72 78
72 45
72 48
72 67
72 55
72 56
72 87
72 47
72 28
73 32
73 48
73 2
73 67
73 36
73 39
73 72
73 41
73 23
73 44
73 77
73 78
73 87
73 80
73 76
73 20
73 54
73 55
73 58
73 28
74 32
74 48
74 2
74 67
74 36
74 39
74 72
74 76
74 23
74 44
74 77
74 78
74 80
74 87
74 20
74 54
74 55
74 58
74 28
75 1
75 68
75 33
75 38
75 65
75 73
75 79
75 57
75 29
76 70
76 8
76 9
76 17
76 53
76 25
77 37
77 43
77 45
77 14
77 47
77 82
77 21
77 22
77 56
77 60
77 69
78 2
78 35
78 37
78 39
78 41
78 23
78 44
78 45
78 47
78 55
78 56
78 87
78 28
78 69
79 2
79 35
79 37
79 39
79 41
79 45
79 14
79 47
79 82
79 55
79 56
79 28
79 69
80 2
80 35
80 37
80 39
80 41
80 55
80 45
80 47
80 82
80 87
80 56
80 28
80 69
81 32
81 34
81 75
81 36
81 72
81 74
81 11
81 46
81 80
81 50
81 58
81 29
82 1
82 34
82 75
82 38
82 74
82 11
82 79
82 50
82 29
83 32
83 1
83 34
83 75
83 36
83 72
83 74
83 11
83 46
83 80
83 50
83 58
83 29
85 66
85 40
85 42
85 15
85 24
85 84
85 88
85 27
85 62
85 31
86 26
86 52
86 13
86 61
87 35
87 37
87 45
87 14
87 47
87 82
87 21
87 22
87 56
87 60
87 69
88 32
88 80
88 2
88 67
88 36
88 39
88 72
88 76
88 23
88 44
88 77
88 78
88 48
88 87
88 20
88 54
88 55
88 58
