88
1 38
1 43
1 12
1 14
1 49
1 86
1 23
1 24
1 87
1 31
2 24
2 23
2 87
3 43
3 69
3 38
3 17
3 11
3 12
3 14
3 29
3 49
3 51
3 52
3 86
3 88
3 20
3 70
3 61
3 31
4 64
4 1
4 2
4 3
4 68
4 37
4 39
4 40
4 9
4 78
4 77
4 46
4 47
4 35
4 84
4 85
4 56
4 58
4 79
4 62
5 4
6 43
6 69
6 38
6 17
6 10
6 11
6 29
6 49
6 51
6 52
6 86
6 88
6 20
6 27
6 70
6 61
7 38
7 87
7 12
7 14
7 49
7 86
7 23
7 24
7 31
8 23
8 24
8 31
8 12
8 87
9 23
9 24
9 31
9 12
9 87
10 4
11 30
11 1
11 2
11 3
11 68
11 37
11 39
11 64
11 9
11 10
11 44
11 45
11 78
11 47
11 27
11 35
11 77
11 58
11 79
11 60
11 62
12 38
12 43
12 14
12 49
12 86
12 23
12 24
12 87
12 31
13 4
14 70
14 38
14 17
14 43
14 12
14 49
14 51
14 52
14 86
14 20
14 29
14 31
19 3
19 9
19 10
19 11
19 17
19 20
19 27
19 29
19 30
19 39
19 44
19 45
19 51
19 52
19 60
19 61
19 62
19 68
19 69
19 70
19 78
19 88
20 33
20 67
20 36
20 7
20 8
20 63
20 46
20 48
20 40
20 83
20 84
20 85
20 56
20 59
20 28
20 53
20 21
21 38
21 17
21 43
21 12
21 14
21 49
21 20
21 86
21 87
21 24
21 29
21 31
22 4
23 43
23 69
23 70
23 10
23 11
23 45
23 29
23 17
23 51
23 52
23 88
23 20
23 27
23 60
23 61
23 30
24 63
24 33
24 67
24 36
24 7
24 8
24 41
24 42
24 75
24 76
24 80
24 48
24 50
24 83
24 85
24 56
24 59
24 28
24 53
24 21
25 4
26 4
27 23
27 12
27 14
27 87
27 24
27 31
28 24
28 23
28 87
29 64
29 1
29 2
29 35
29 68
29 37
29 39
29 40
29 9
29 77
29 46
29 47
29 59
29 84
29 21
29 56
29 58
29 79
29 85
30 4
31 64
31 1
31 2
31 3
31 68
31 37
31 39
31 40
31 9
31 78
31 77
31 46
31 47
31 35
31 84
31 85
31 56
31 58
31 79
31 62
32 38
32 17
32 43
32 12
32 14
32 49
32 51
32 20
32 86
32 87
32 24
32 29
32 31
33 38
33 43
33 12
33 14
33 49
33 86
33 23
33 24
33 87
33 31
34 69
34 70
34 10
34 11
34 44
34 45
34 29
34 17
34 51
34 52
34 30
34 88
34 20
34 27
34 60
34 61
34 62
35 70
35 38
35 17
35 43
35 12
35 14
35 49
35 51
35 52
35 86
35 20
35 29
35 31
36 3
36 9
36 10
36 11
36 17
36 27
36 29
36 30
36 39
36 44
36 45
36 51
36 52
36 60
36 61
36 62
36 64
36 68
36 69
36 70
36 78
36 88
37 64
37 1
37 2
37 35
37 68
37 40
37 9
37 77
37 46
37 47
37 48
37 59
37 83
37 84
37 85
37 56
37 58
37 79
37 21
38 1
38 3
38 9
38 10
38 11
38 27
38 29
38 30
38 39
38 44
38 45
38 51
38 52
38 60
38 61
38 62
38 64
38 68
38 69
38 70
38 78
38 88
39 38
39 43
39 12
39 14
39 49
39 86
39 23
39 24
39 87
39 31
40 38
40 87
40 12
40 14
40 49
40 86
40 23
40 24
40 31
41 38
41 43
41 12
41 14
41 49
41 86
41 23
41 24
41 87
41 31
42 4
43 64
43 1
43 2
43 35
43 68
43 37
43 40
43 9
43 77
43 46
43 47
43 59
43 84
43 85
43 56
43 58
43 79
43 21
44 23
44 12
44 14
44 87
44 24
44 31
45 1
45 2
45 3
45 9
45 10
45 11
45 27
45 30
45 35
45 37
45 39
45 44
45 47
45 58
45 60
45 61
45 62
45 64
45 68
45 69
45 78
45 79
45 88
46 38
46 43
46 12
46 14
46 49
46 86
46 23
46 24
46 87
46 31
47 43
47 69
47 38
47 17
47 11
47 12
47 14
47 29
47 49
47 51
47 52
47 86
47 88
47 20
47 70
47 61
47 31
48 38
48 17
48 43
48 12
48 14
48 49
48 20
48 86
48 87
48 24
48 31
49 33
49 34
49 67
49 36
49 7
49 8
49 41
49 42
49 75
49 76
49 80
49 48
49 50
49 83
49 21
49 54
49 55
49 63
49 28
49 53
50 4
50 23
51 4
52 32
52 34
52 5
52 71
52 73
52 75
52 76
52 80
52 50
52 54
52 55
53 64
53 1
53 2
53 35
53 68
53 37
53 40
53 9
53 77
53 46
53 47
53 59
53 84
53 85
53 56
53 58
53 79
53 21
54 24
54 23
54 87
55 38
55 43
55 12
55 14
55 49
55 86
55 23
55 24
55 87
55 31
56 1
56 3
56 9
56 10
56 11
56 27
56 30
56 35
56 39
56 44
56 45
56 51
56 52
56 60
56 61
56 62
56 64
56 68
56 69
56 70
56 78
56 79
56 88
57 38
57 43
57 12
57 14
57 49
57 20
57 86
57 87
57 24
57 31
58 64
58 1
58 2
58 3
58 68
58 37
58 39
58 40
58 9
58 79
58 78
58 77
58 46
58 47
58 35
58 84
58 21
58 56
58 59
58 85
59 38
59 87
59 12
59 14
59 49
59 86
59 23
59 24
59 31
60 23
60 24
60 31
60 12
60 87
62 38
62 43
62 12
62 14
62 49
62 86
62 23
62 24
62 87
62 31
63 38
63 43
63 12
63 14
63 49
63 20
63 86
63 87
63 24
63 31
64 38
64 87
64 12
64 14
64 86
64 23
64 24
64 31
66 4
67 69
67 70
67 10
67 11
67 44
67 45
67 29
67 17
67 51
67 52
67 88
67 20
67 27
67 60
67 61
67 30
68 69
68 70
68 10
68 11
68 44
68 45
68 29
68 17
68 51
68 52
68 30
68 88
68 20
68 27
68 60
68 61
68 62
69 38
69 43
69 12
69 14
69 49
69 86
69 23
69 24
69 87
69 31
70 30
70 1
70 2
70 3
70 68
70 37
70 39
70 64
70 9
70 10
70 44
70 45
70 78
70 47
70 27
70 35
70 77
70 58
70 79
70 60
70 62
71 38
71 43
71 12
71 14
71 49
71 86
71 23
71 24
71 87
71 31
72 38
72 17
72 43
72 12
72 14
72 49
72 20
72 86
72 87
72 24
72 31
73 24
73 23
73 87
74 23
74 12
74 14
74 87
74 24
74 31
75 4
76 30
76 1
76 2
76 3
76 68
76 37
76 39
76 64
76 9
76 10
76 44
76 45
76 78
76 47
76 27
76 35
76 77
76 58
76 79
76 60
76 62
77 4
77 23
78 38
78 87
78 12
78 14
78 49
78 86
78 23
78 24
78 31
79 23
79 12
79 14
79 87
79 24
79 31
80 43
80 69
80 38
80 17
80 10
80 11
80 45
80 29
80 49
80 51
80 52
80 86
80 88
80 20
80 27
80 70
80 61
81 65
81 18
81 6
81 72
81 74
81 13
81 82
81 22
81 26
82 4
83 64
83 1
83 2
83 3
83 68
83 37
83 39
83 40
83 9
83 78
83 77
83 46
83 47
83 35
83 84
83 85
83 56
83 58
83 79
83 62
84 36
84 7
84 40
84 63
84 77
84 46
84 48
84 8
84 83
84 85
84 56
84 59
84 28
84 53
84 21
85 4
87 70
87 38
87 17
87 43
87 12
87 14
87 49
87 51
87 52
87 86
87 20
87 29
87 31
88 38
88 43
88 12
88 14
88 49
88 86
88 23
88 24
88 87
88 31
