88
1 79
1 33
1 4
1 65
1 72
1 41
1 42
1 29
1 77
1 47
1 51
1 32
1 54
1 73
1 36
1 27
1 28
1 74
2 1
2 67
2 71
2 63
2 11
2 13
2 14
2 43
2 50
2 35
2 46
2 23
2 88
2 75
2 85
3 1
3 2
3 67
3 11
3 13
3 14
3 43
3 50
3 46
3 23
3 88
3 75
3 85
6 79
6 33
6 4
6 65
6 72
6 41
6 42
6 29
6 77
6 47
6 51
6 32
6 54
6 73
6 36
6 27
6 28
6 74
7 8
7 10
7 20
7 38
8 3
8 69
8 70
8 12
8 87
8 44
8 55
8 30
9 1
9 2
9 67
9 71
9 63
9 11
9 13
9 14
9 43
9 50
9 35
9 46
9 23
9 88
9 75
9 61
9 85
10 2
10 67
10 69
10 43
10 46
10 11
10 75
10 3
10 23
11 5
11 38
11 8
11 9
11 20
11 59
12 5
12 8
12 9
12 19
12 20
12 24
12 59
14 70
14 12
14 87
14 44
14 19
14 55
14 24
14 30
15 69
15 70
15 12
15 87
15 44
15 19
15 55
15 24
15 30
17 33
17 27
17 36
17 86
17 40
17 74
17 77
17 78
17 47
17 48
17 72
17 53
17 54
17 26
17 79
17 28
17 62
19 3
19 69
19 70
19 12
19 87
19 44
19 55
19 30
20 2
20 67
20 69
20 43
20 46
20 11
20 50
20 3
20 23
20 75
21 3
21 69
21 70
21 12
21 87
21 44
21 55
21 30
22 2
22 67
22 69
22 43
22 46
22 11
22 50
22 3
22 23
22 75
23 5
23 38
23 8
23 9
23 20
23 59
24 64
24 65
24 35
24 4
24 71
24 31
24 41
24 42
24 29
24 79
24 51
24 84
24 32
24 73
24 88
24 57
24 47
24 61
24 63
25 1
25 2
25 67
25 71
25 11
25 13
25 14
25 43
25 50
25 35
25 46
25 23
25 88
25 75
25 85
26 64
26 1
26 2
26 35
26 71
26 41
26 42
26 13
26 14
26 50
26 51
26 84
26 85
26 88
26 57
26 31
26 61
26 63
27 3
27 69
27 70
27 12
27 87
27 44
27 55
27 30
28 64
28 1
28 2
28 67
28 71
28 31
28 11
28 13
28 14
28 43
28 50
28 35
28 84
28 85
28 23
28 88
28 75
28 61
28 63
29 8
29 10
29 20
29 38
30 56
30 17
30 83
30 25
32 33
32 36
32 86
32 40
32 74
32 77
32 78
32 47
32 48
32 72
32 53
32 54
32 26
32 27
32 28
32 62
33 64
33 1
33 2
33 67
33 71
33 31
33 11
33 13
33 14
33 50
33 35
33 84
33 85
33 88
33 57
33 75
33 61
33 63
34 1
34 2
34 67
34 71
34 63
34 11
34 13
34 14
34 43
34 50
34 35
34 46
34 23
34 88
34 75
34 85
35 5
35 38
35 8
35 9
35 20
35 59
36 64
36 65
36 27
36 4
36 71
36 31
36 41
36 42
36 29
36 79
36 51
36 84
36 32
36 73
36 57
36 47
36 61
36 63
37 15
38 64
38 1
38 35
38 71
38 41
38 42
38 13
38 14
38 50
38 51
38 84
38 85
38 88
38 57
38 31
38 61
38 63
40 64
40 65
40 27
40 4
40 32
40 73
40 42
40 29
40 47
40 51
40 84
40 41
40 57
40 79
40 74
40 31
41 3
41 43
41 69
41 75
41 46
41 11
41 67
41 23
42 64
42 1
42 35
42 65
42 71
42 41
42 13
42 14
42 50
42 51
42 84
42 85
42 73
42 88
42 57
42 31
42 61
42 63
43 5
43 8
43 9
43 19
43 24
43 59
44 2
44 67
44 69
44 43
44 46
44 11
44 75
44 3
44 23
45 6
46 70
46 12
46 87
46 44
46 19
46 55
46 24
46 30
47 3
47 69
47 70
47 12
47 87
47 44
47 19
47 55
47 30
48 64
48 33
48 27
48 36
48 32
48 65
48 41
48 42
48 29
48 79
48 51
48 57
48 54
48 73
48 4
48 47
48 74
50 66
50 68
50 37
50 40
50 76
50 16
50 49
50 82
50 53
50 58
50 60
50 26
51 48
51 66
51 37
51 40
51 78
51 16
51 53
51 86
51 26
51 28
51 62
52 5
52 70
52 9
52 87
52 44
52 12
52 19
52 55
52 24
52 59
52 30
53 48
53 66
53 37
53 40
53 78
53 16
53 86
53 26
53 60
53 62
54 48
54 66
54 37
54 40
54 78
54 16
54 53
54 86
54 26
54 28
54 62
55 7
55 34
55 83
55 22
55 39
56 64
56 1
56 2
56 67
56 71
56 31
56 11
56 13
56 14
56 50
56 35
56 84
56 85
56 88
56 57
56 75
56 61
56 63
57 64
57 1
57 35
57 65
57 71
57 41
57 42
57 13
57 14
57 50
57 51
57 84
57 85
57 73
57 88
57 31
57 61
57 63
58 10
58 38
59 34
59 39
59 7
59 80
59 83
59 21
59 22
60 2
60 67
60 69
60 43
60 46
60 11
60 75
60 3
60 23
61 64
61 65
61 27
61 4
61 71
61 31
61 41
61 42
61 29
61 79
61 51
61 84
61 32
61 73
61 57
61 47
61 74
61 63
62 5
62 70
62 12
62 87
62 44
62 19
62 55
62 24
62 30
63 2
63 67
63 69
63 43
63 46
63 11
63 75
63 3
63 23
64 1
64 2
64 67
64 71
64 63
64 11
64 13
64 14
64 43
64 50
64 35
64 46
64 23
64 88
64 75
64 85
65 32
65 33
65 27
65 4
65 86
65 72
65 73
65 74
65 77
65 78
65 47
65 48
65 54
65 36
65 79
65 28
65 29
65 62
66 67
66 69
66 43
66 46
66 3
66 87
66 23
67 64
67 65
67 35
67 4
67 71
67 31
67 41
67 42
67 29
67 79
67 51
67 84
67 32
67 73
67 88
67 57
67 47
67 61
67 63
68 8
68 10
68 20
68 38
69 3
69 70
69 12
69 87
69 44
69 19
69 55
69 30
70 10
70 38
71 79
71 33
71 36
71 32
71 65
71 72
71 41
71 42
71 29
71 77
71 47
71 51
71 57
71 54
71 73
71 4
71 27
71 74
72 1
72 2
72 67
72 11
72 13
72 14
72 43
72 50
72 46
72 23
72 88
72 75
72 85
73 64
73 1
73 2
73 35
73 71
73 41
73 42
73 13
73 14
73 50
73 51
73 84
73 85
73 88
73 57
73 31
73 61
73 63
74 64
74 1
74 2
74 35
74 71
74 42
74 11
74 13
74 14
74 50
74 51
74 84
74 85
74 88
74 57
74 31
74 61
74 63
75 32
75 33
75 27
75 4
75 65
75 72
75 73
75 74
75 77
75 78
75 47
75 48
75 54
75 36
75 79
75 28
75 29
75 62
76 5
76 70
76 12
76 87
76 44
76 19
76 55
76 24
76 30
77 38
77 8
77 9
77 10
77 20
77 59
78 3
78 69
78 70
78 12
78 87
78 44
78 55
78 30
79 33
79 4
79 86
79 40
79 74
79 77
79 78
79 47
79 48
79 72
79 54
79 36
79 27
79 28
79 29
79 62
80 5
80 38
80 8
80 9
80 20
80 59
81 5
81 8
81 9
81 20
81 24
81 59
82 10
82 38
84 1
84 2
84 67
84 71
84 63
84 11
84 13
84 14
84 43
84 50
84 35
84 46
84 23
84 88
84 75
84 61
84 85
85 48
85 66
85 37
85 40
85 78
85 16
85 53
85 86
85 26
85 28
85 62
86 15
87 64
87 1
87 35
87 65
87 71
87 41
87 42
87 13
87 14
87 50
87 51
87 84
87 85
87 73
87 88
87 57
87 31
87 61
87 63
88 70
88 12
88 87
88 44
88 19
88 55
88 24
88 30
