88
1 2
1 4
1 7
1 8
1 11
1 12
1 13
1 23
1 26
1 29
1 32
1 35
1 44
1 46
1 47
1 48
1 59
1 60
1 63
1 64
1 69
1 74
1 81
1 87
1 88
3 21
3 34
3 36
3 38
3 39
3 40
3 50
3 53
3 54
3 56
3 57
3 58
3 62
3 66
3 67
3 68
3 71
3 73
3 75
3 76
3 77
3 78
3 80
3 83
3 84
4 2
4 35
4 69
4 7
4 8
4 12
4 44
4 13
4 47
4 81
4 29
4 23
4 88
4 49
4 59
4 60
4 26
4 63
5 1
5 2
5 4
5 7
5 8
5 10
5 11
5 12
5 13
5 23
5 26
5 29
5 32
5 35
5 42
5 44
5 46
5 47
5 48
5 59
5 60
5 63
5 64
5 69
5 74
5 81
5 87
5 88
6 1
6 4
6 8
6 10
6 11
6 20
6 26
6 28
6 32
6 35
6 36
6 39
6 40
6 41
6 42
6 44
6 46
6 47
6 48
6 54
6 59
6 64
6 66
6 68
6 70
6 72
6 74
6 77
6 80
6 81
6 82
6 84
6 87
6 88
8 64
8 1
8 2
8 35
8 4
8 69
8 7
8 44
8 23
8 12
8 13
8 47
8 81
8 87
8 88
8 26
8 59
8 60
8 29
8 63
9 1
9 4
9 7
9 8
9 10
9 11
9 12
9 23
9 26
9 29
9 32
9 35
9 42
9 44
9 46
9 47
9 48
9 59
9 60
9 63
9 64
9 69
9 72
9 74
9 81
9 87
9 88
10 2
10 4
10 69
10 7
10 12
10 13
10 29
10 81
10 23
10 88
10 49
10 60
10 26
10 63
11 1
11 2
11 4
11 7
11 8
11 12
11 13
11 23
11 26
11 29
11 32
11 35
11 44
11 46
11 47
11 48
11 59
11 60
11 63
11 64
11 69
11 74
11 81
11 87
11 88
19 10
19 20
19 21
19 28
19 36
19 38
19 39
19 40
19 41
19 42
19 50
19 53
19 54
19 56
19 57
19 58
19 62
19 66
19 67
19 68
19 70
19 71
19 72
19 73
19 76
19 77
19 78
19 80
19 82
19 83
19 84
22 1
22 2
22 4
22 7
22 8
22 11
22 12
22 13
22 23
22 26
22 29
22 32
22 35
22 44
22 46
22 47
22 59
22 60
22 63
22 64
22 69
22 81
22 87
22 88
23 2
23 4
23 69
23 7
23 12
23 13
23 81
23 18
23 49
23 60
23 29
23 63
24 1
24 8
24 10
24 11
24 20
24 21
24 28
24 32
24 35
24 36
24 39
24 40
24 41
24 42
24 44
24 46
24 48
24 50
24 54
24 56
24 57
24 58
24 59
24 62
24 64
24 66
24 68
24 70
24 71
24 72
24 73
24 74
24 76
24 77
24 78
24 80
24 82
24 83
24 84
24 87
26 2
26 4
26 69
26 7
26 12
26 13
26 81
26 18
26 23
26 88
26 49
26 60
26 29
26 63
27 1
27 4
27 7
27 8
27 10
27 11
27 12
27 23
27 26
27 29
27 32
27 35
27 41
27 42
27 44
27 46
27 47
27 48
27 59
27 60
27 63
27 64
27 69
27 72
27 74
27 81
27 82
27 87
27 88
30 1
30 2
30 4
30 7
30 8
30 11
30 12
30 13
30 23
30 26
30 29
30 32
30 35
30 44
30 46
30 47
30 48
30 59
30 60
30 63
30 64
30 69
30 74
30 81
30 87
30 88
31 1
31 2
31 4
31 7
31 8
31 11
31 12
31 13
31 23
31 26
31 29
31 32
31 35
31 44
31 46
31 47
31 48
31 59
31 60
31 63
31 64
31 69
31 74
31 81
31 87
31 88
35 1
35 2
35 4
35 69
35 7
35 8
35 44
35 23
35 12
35 13
35 47
35 81
35 29
35 87
35 88
35 49
35 59
35 60
35 26
35 63
37 2
37 4
37 69
37 7
37 12
37 13
37 81
37 18
37 23
37 49
37 60
37 29
37 63
42 1
42 2
42 4
42 7
42 8
42 11
42 12
42 13
42 23
42 26
42 29
42 32
42 35
42 44
42 46
42 47
42 48
42 59
42 60
42 63
42 64
42 69
42 74
42 81
42 87
42 88
43 2
43 4
43 69
43 7
43 12
43 13
43 81
43 18
43 23
43 49
43 60
43 29
43 63
44 2
44 4
44 69
44 7
44 12
44 13
44 29
44 81
44 18
44 23
44 88
44 49
44 60
44 26
44 63
45 1
45 4
45 8
45 10
45 11
45 20
45 26
45 28
45 32
45 35
45 36
45 39
45 40
45 41
45 42
45 44
45 46
45 47
45 48
45 59
45 60
45 64
45 66
45 68
45 70
45 72
45 74
45 77
45 81
45 82
45 84
45 87
45 88
46 2
46 4
46 69
46 7
46 8
46 44
46 12
46 13
46 47
46 81
46 29
46 23
46 88
46 49
46 59
46 60
46 26
46 63
47 2
47 4
47 69
47 7
47 8
47 44
47 12
47 13
47 29
47 81
47 23
47 88
47 49
47 59
47 60
47 26
47 63
51 1
51 4
51 8
51 10
51 11
51 12
51 20
51 23
51 26
51 28
51 32
51 35
51 41
51 42
51 44
51 46
51 47
51 48
51 59
51 60
51 63
51 64
51 66
51 69
51 70
51 72
51 74
51 77
51 81
51 82
51 87
51 88
52 1
52 4
52 7
52 8
52 10
52 11
52 12
52 20
52 23
52 26
52 28
52 29
52 32
52 35
52 41
52 42
52 44
52 46
52 47
52 48
52 59
52 60
52 63
52 64
52 69
52 70
52 72
52 74
52 81
52 82
52 87
52 88
53 1
53 2
53 4
53 7
53 8
53 11
53 12
53 13
53 23
53 26
53 29
53 32
53 35
53 42
53 44
53 46
53 47
53 48
53 59
53 60
53 63
53 64
53 69
53 74
53 81
53 87
53 88
55 1
55 8
55 10
55 11
55 20
55 21
55 26
55 28
55 32
55 35
55 36
55 39
55 40
55 41
55 42
55 44
55 46
55 47
55 48
55 54
55 58
55 59
55 62
55 64
55 66
55 68
55 70
55 72
55 73
55 74
55 76
55 77
55 78
55 80
55 82
55 83
55 84
55 87
55 88
59 2
59 4
59 69
59 7
59 12
59 13
59 81
59 18
59 23
59 49
59 60
59 29
59 63
60 1
60 2
60 4
60 7
60 8
60 11
60 12
60 13
60 23
60 26
60 29
60 32
60 35
60 44
60 47
60 59
60 63
60 64
60 69
60 81
60 87
60 88
69 2
69 4
69 49
69 7
69 12
69 13
69 47
69 81
69 23
69 88
69 26
69 60
69 29
69 63
70 1
70 2
70 35
70 4
70 69
70 7
70 8
70 44
70 12
70 13
70 47
70 81
70 29
70 23
70 88
70 49
70 59
70 60
70 26
70 63
71 1
71 2
71 4
71 7
71 8
71 11
71 12
71 13
71 23
71 26
71 29
71 32
71 35
71 44
71 47
71 59
71 60
71 63
71 64
71 69
71 81
71 87
71 88
73 2
73 4
73 69
73 7
73 44
73 12
73 13
73 47
73 81
73 29
73 23
73 88
73 49
73 59
73 60
73 26
73 63
74 2
74 4
74 69
74 7
74 12
74 13
74 29
74 81
74 23
74 88
74 49
74 60
74 26
74 63
81 2
81 4
81 69
81 7
81 12
81 13
81 49
81 18
81 23
81 88
81 26
81 60
81 29
81 63
85 1
85 4
85 7
85 8
85 10
85 11
85 12
85 23
85 26
85 29
85 32
85 35
85 42
85 44
85 46
85 47
85 48
85 59
85 60
85 63
85 64
85 69
85 72
85 74
85 81
85 87
85 88
86 2
86 4
86 69
86 7
86 12
86 13
86 81
86 18
86 23
86 49
86 60
86 29
86 63
