88
1 66
1 38
1 41
1 42
1 87
1 78
1 47
1 80
1 21
1 54
1 73
1 88
1 30
2 34
2 69
2 38
2 71
2 41
2 42
2 87
2 47
2 85
2 73
2 59
2 30
3 32
3 67
3 4
3 6
3 40
3 10
3 75
3 45
3 72
3 82
3 86
3 56
3 36
3 58
3 28
3 61
4 23
4 39
4 12
4 13
4 5
5 32
5 67
5 4
5 6
5 40
5 10
5 75
5 45
5 72
5 82
5 51
5 22
5 56
5 36
5 58
5 28
5 61
6 37
6 7
6 12
6 13
6 14
6 27
7 32
7 67
7 4
7 6
7 40
7 10
7 75
7 45
7 72
7 82
7 86
7 68
7 58
7 28
7 61
7 36
8 3
8 17
8 37
8 7
8 44
8 77
8 16
8 49
8 60
9 32
9 67
9 4
9 6
9 40
9 10
9 75
9 76
9 45
9 46
9 48
9 72
9 82
9 35
9 86
9 68
9 58
9 28
9 61
10 37
10 17
10 7
10 14
10 16
10 49
10 27
10 60
11 1
11 66
11 35
11 68
11 40
11 80
11 74
11 76
11 46
11 48
11 52
11 86
11 57
11 58
11 26
11 62
11 31
12 1
12 4
12 6
12 10
12 26
12 31
12 35
12 40
12 46
12 48
12 52
12 57
12 58
12 62
12 67
12 68
12 72
12 74
12 75
12 76
12 80
12 86
13 2
13 69
13 38
13 71
13 41
13 87
13 34
13 85
13 55
13 59
13 30
14 65
14 3
14 17
14 37
14 7
14 44
14 77
14 16
14 49
14 60
15 65
15 3
15 36
15 9
15 11
15 44
15 77
15 79
15 16
15 49
15 51
15 20
15 22
15 56
15 28
16 33
16 83
16 53
16 81
17 1
17 66
17 41
17 42
17 78
17 47
17 80
17 52
17 21
17 54
17 73
17 88
17 74
17 62
17 31
18 64
18 25
18 70
18 24
19 8
19 43
21 65
21 3
21 17
21 9
21 11
21 44
21 77
21 79
21 16
21 49
21 51
21 20
21 22
21 56
21 60
22 64
22 25
22 50
22 70
22 24
23 37
23 7
23 14
23 17
23 27
23 60
24 65
24 3
24 17
24 9
24 11
24 44
24 77
24 79
24 16
24 49
24 51
24 20
24 22
24 60
25 19
25 5
25 23
26 37
26 7
26 14
26 17
26 27
26 60
27 65
27 3
27 17
27 37
27 7
27 44
27 77
27 16
27 49
27 60
28 37
28 7
28 12
28 13
28 14
28 27
30 33
30 83
30 53
30 81
31 66
31 38
31 41
31 42
31 78
31 47
31 80
31 52
31 21
31 54
31 73
31 88
31 62
32 65
32 3
32 17
32 9
32 11
32 44
32 77
32 79
32 16
32 49
32 51
32 20
32 22
32 60
33 3
33 17
33 37
33 7
33 44
33 77
33 14
33 16
33 49
33 60
34 66
34 38
34 41
34 42
34 87
34 78
34 47
34 21
34 54
34 73
34 88
34 30
35 24
35 70
36 1
36 66
36 80
36 41
36 42
36 76
36 78
36 47
36 48
36 52
36 21
36 54
36 73
36 88
36 57
36 26
36 74
36 62
36 31
37 2
37 69
37 38
37 71
37 41
37 55
37 34
37 47
37 85
37 73
37 87
37 59
37 30
38 65
38 3
38 17
38 7
38 9
38 44
38 77
38 16
38 49
38 20
38 60
39 65
39 3
39 17
39 7
39 9
39 11
39 44
39 77
39 79
39 16
39 49
39 20
39 60
40 5
40 23
41 32
41 36
41 9
41 11
41 45
41 79
41 82
41 51
41 20
41 22
41 56
41 28
41 61
42 65
42 3
42 17
42 9
42 11
42 44
42 77
42 79
42 16
42 49
42 51
42 20
42 22
42 60
43 65
43 3
43 17
43 7
43 9
43 11
43 44
43 77
43 79
43 16
43 49
43 20
43 60
44 17
44 37
44 7
44 77
44 14
44 16
44 49
44 60
45 66
45 69
45 38
45 41
45 42
45 87
45 78
45 47
45 21
45 54
45 73
45 88
45 30
46 32
46 67
46 4
46 6
46 40
46 10
46 75
46 45
46 72
46 82
46 86
46 56
46 68
46 58
46 28
46 61
46 36
47 33
47 83
47 53
47 81
48 2
48 69
48 38
48 71
48 87
48 34
48 84
48 85
48 55
48 59
48 30
48 63
49 33
49 83
49 81
50 32
50 67
50 4
50 6
50 40
50 10
50 75
50 76
50 45
50 46
50 48
50 72
50 82
50 35
50 86
50 57
50 68
50 58
50 61
52 19
52 5
52 23
54 2
54 69
54 71
54 63
54 34
54 84
54 53
54 55
54 59
54 85
55 23
55 5
55 39
56 32
56 67
56 4
56 6
56 72
56 10
56 45
56 79
56 82
56 51
56 22
56 36
56 28
56 61
57 65
57 3
57 17
57 9
57 11
57 44
57 77
57 79
57 16
57 49
57 51
57 20
57 60
58 37
58 7
58 14
58 17
58 27
58 60
60 8
60 43
60 19
62 23
62 5
62 39
63 1
63 4
63 6
63 10
63 26
63 31
63 32
63 35
63 40
63 46
63 48
63 52
63 57
63 58
63 62
63 67
63 68
63 72
63 74
63 75
63 76
63 80
63 86
64 23
64 39
64 12
64 13
64 5
65 8
65 43
65 19
66 65
66 3
66 17
66 9
66 11
66 44
66 77
66 79
66 16
66 49
66 51
66 20
66 22
66 56
67 65
67 36
67 9
67 11
67 79
67 82
67 51
67 20
67 22
67 56
67 28
67 61
68 32
68 36
68 9
68 11
68 45
68 79
68 82
68 51
68 20
68 22
68 56
68 28
68 61
69 1
69 4
69 6
69 10
69 26
69 31
69 32
69 35
69 40
69 45
69 46
69 48
69 52
69 57
69 58
69 67
69 68
69 72
69 74
69 75
69 76
69 86
70 3
70 17
70 37
70 7
70 44
70 77
70 14
70 16
70 49
70 60
71 39
71 12
71 13
71 14
71 23
71 27
72 65
72 3
72 17
72 7
72 9
72 11
72 44
72 77
72 16
72 49
72 20
72 60
73 65
73 3
73 17
73 37
73 7
73 44
73 77
73 16
73 49
73 60
74 39
74 12
74 13
74 14
74 23
74 27
75 37
75 39
75 12
75 13
75 14
75 27
76 3
76 17
76 37
76 7
76 44
76 77
76 14
76 16
76 49
76 60
77 1
77 4
77 6
77 10
77 26
77 31
77 35
77 40
77 46
77 48
77 52
77 57
77 58
77 62
77 67
77 68
77 72
77 74
77 75
77 76
77 80
77 86
78 65
78 3
78 17
78 9
78 11
78 44
78 77
78 79
78 16
78 49
78 51
78 20
78 22
78 56
78 60
79 19
79 5
80 1
80 66
80 35
80 68
80 74
80 76
80 46
80 48
80 52
80 78
80 86
80 57
80 26
80 31
80 62
80 21
81 65
81 3
81 17
81 9
81 11
81 44
81 77
81 79
81 16
81 49
81 51
81 20
81 22
81 60
82 32
82 67
82 4
82 6
82 10
82 45
82 79
82 51
82 22
82 56
82 36
82 28
82 61
83 33
83 2
83 63
83 81
83 84
83 53
83 55
83 59
83 85
84 1
84 66
84 35
84 68
84 40
84 80
84 74
84 76
84 46
84 48
84 52
84 86
84 57
84 58
84 26
84 62
84 31
85 1
85 4
85 6
85 10
85 26
85 31
85 32
85 35
85 40
85 45
85 46
85 48
85 52
85 57
85 58
85 62
85 67
85 68
85 72
85 74
85 75
85 76
85 80
85 86
86 66
86 38
86 41
86 42
86 87
86 78
86 47
86 80
86 21
86 54
86 73
86 88
86 30
87 37
87 17
87 7
87 14
87 16
87 49
87 27
87 60
88 27
88 60
88 37
88 14
88 7
