88
1 64
1 34
1 68
1 5
1 70
1 71
1 73
1 44
1 79
1 86
1 24
1 58
2 33
2 3
2 54
2 10
2 11
2 12
2 43
2 17
2 53
2 22
2 87
2 56
2 57
2 27
2 74
3 2
3 38
3 6
3 75
3 66
3 14
3 19
3 20
3 23
3 25
3 26
3 62
4 33
4 3
4 54
4 10
4 11
4 12
4 43
4 17
4 53
4 22
4 87
4 56
4 57
4 27
4 74
5 65
5 38
5 75
5 79
5 24
5 25
6 4
6 76
6 23
7 64
7 34
7 68
7 5
7 70
7 71
7 73
7 44
7 79
7 86
7 24
7 58
7 28
8 2
8 38
8 6
8 75
8 66
8 14
8 19
8 20
8 23
8 25
8 26
8 62
9 2
9 38
9 6
9 75
9 66
9 14
9 19
9 20
9 23
9 25
9 26
9 62
10 2
10 38
10 6
10 75
10 66
10 14
10 19
10 20
10 23
10 25
10 26
10 62
11 76
11 14
11 19
11 20
11 23
11 26
11 62
12 2
12 38
12 6
12 75
12 66
12 14
12 19
12 20
12 23
12 25
12 26
12 62
13 64
13 65
13 5
13 71
13 44
13 79
13 86
13 24
14 65
14 2
14 38
14 6
14 75
14 66
14 19
14 20
14 25
14 26
14 62
15 36
15 77
15 47
15 48
15 50
15 83
16 50
16 77
16 48
16 82
16 83
16 47
17 2
17 38
17 6
17 75
17 66
17 14
17 19
17 20
17 23
17 25
17 26
17 62
18 64
18 33
18 34
18 3
18 68
18 86
18 70
18 71
18 40
18 73
18 43
18 44
18 80
18 54
18 55
18 58
18 28
19 2
19 38
19 6
19 75
19 66
19 14
19 20
19 25
19 26
19 62
20 64
20 33
20 34
20 3
20 68
20 86
20 70
20 71
20 40
20 73
20 44
20 80
20 54
20 55
20 58
20 28
21 48
21 50
21 36
21 37
21 47
22 64
22 34
22 68
22 5
22 70
22 71
22 73
22 44
22 79
22 86
22 24
22 58
22 28
23 65
23 2
23 5
23 38
23 75
23 79
23 24
23 25
24 64
24 65
24 5
24 71
24 44
24 79
24 86
24 25
25 1
25 35
25 69
25 39
25 72
25 9
25 42
25 13
25 78
25 18
25 84
25 85
25 88
25 61
26 65
26 5
26 38
26 75
26 79
26 24
26 25
27 52
27 67
27 60
28 51
29 64
29 34
29 68
29 5
29 70
29 71
29 73
29 44
29 86
29 58
29 28
30 45
30 31
31 33
31 34
31 3
31 68
31 86
31 70
31 40
31 73
31 10
31 43
31 80
31 54
31 55
31 58
31 27
31 28
32 64
32 65
32 5
32 71
32 44
32 79
32 24
32 25
33 36
33 37
33 9
33 48
33 84
33 41
34 64
34 68
34 5
34 70
34 71
34 73
34 44
34 79
34 86
34 58
34 28
35 48
35 41
35 36
35 37
36 33
36 34
36 3
36 68
36 70
36 40
36 73
36 10
36 43
36 80
36 53
36 54
36 55
36 58
36 27
36 28
36 74
37 2
37 38
37 6
37 75
37 66
37 14
37 19
37 20
37 23
37 26
37 62
38 2
38 6
38 75
38 66
38 14
38 19
38 20
38 23
38 26
38 62
39 52
39 67
39 60
39 21
39 7
40 4
40 76
40 23
41 65
41 2
41 38
41 6
41 75
41 66
41 79
41 19
41 20
41 24
41 25
41 26
41 62
42 65
42 2
42 6
42 38
42 75
42 66
42 79
42 24
42 25
43 64
43 34
43 68
43 5
43 70
43 71
43 73
43 44
43 79
43 86
43 24
44 4
44 76
44 14
44 19
44 20
44 23
45 2
45 38
45 6
45 75
45 66
45 14
45 19
45 20
45 23
45 25
45 26
45 62
46 2
46 38
46 6
46 75
46 66
46 14
46 19
46 20
46 23
46 25
46 26
46 62
47 48
47 41
47 36
47 37
48 64
48 33
48 34
48 3
48 68
48 86
48 70
48 71
48 40
48 73
48 43
48 44
48 80
48 54
48 55
48 58
48 28
49 67
50 4
50 21
50 7
51 69
51 12
51 13
51 78
51 17
51 18
51 87
51 56
51 57
51 61
51 88
52 65
52 2
52 6
52 38
52 75
52 66
52 79
52 24
52 25
52 26
53 33
53 34
53 3
53 68
53 86
53 70
53 40
53 73
53 10
53 43
53 80
53 54
53 55
53 58
53 27
53 28
54 2
54 6
54 76
54 66
54 14
54 19
54 20
54 23
54 26
54 62
55 64
55 65
55 5
55 71
55 44
55 79
55 86
55 24
56 64
56 34
56 3
56 68
56 5
56 70
56 71
56 40
56 73
56 44
56 86
56 80
56 54
56 55
56 58
56 28
57 69
57 10
57 11
57 12
57 17
57 53
57 22
57 87
57 56
57 27
57 74
58 64
58 65
58 5
58 71
58 44
58 79
58 24
58 25
59 35
59 37
59 9
59 84
59 85
59 41
60 33
60 34
60 3
60 68
60 86
60 70
60 40
60 73
60 10
60 43
60 80
60 54
60 55
60 58
60 27
60 28
61 52
61 60
61 21
61 7
62 2
62 38
62 6
62 75
62 66
62 14
62 19
62 20
62 25
62 26
63 52
63 67
63 60
63 21
63 7
64 65
64 5
64 38
64 75
64 79
64 24
64 25
65 33
65 3
65 54
65 40
65 10
65 11
65 80
65 43
65 53
65 22
65 87
65 56
65 55
65 58
65 27
65 28
65 74
66 65
66 5
66 38
66 75
66 79
66 24
66 25
67 32
67 8
67 77
67 82
67 83
67 31
67 63
68 64
68 65
68 5
68 71
68 44
68 79
68 24
68 25
69 33
69 34
69 3
69 68
69 86
69 70
69 40
69 73
69 10
69 43
69 80
69 54
69 55
69 58
69 27
69 28
69 74
70 69
70 74
70 11
70 12
70 13
70 17
70 18
70 53
70 22
70 87
70 56
70 57
70 61
70 88
71 1
71 35
71 69
71 39
71 72
71 42
71 12
71 13
71 78
71 17
71 18
71 85
71 88
71 57
71 61
72 33
72 34
72 3
72 68
72 54
72 70
72 40
72 73
72 10
72 11
72 80
72 43
72 53
72 22
72 55
72 58
72 27
72 28
72 74
73 64
73 34
73 68
73 5
73 70
73 71
73 40
73 44
73 80
73 86
73 55
73 58
73 28
74 2
74 38
74 6
74 75
74 66
74 14
74 19
74 20
74 25
74 26
74 62
75 64
75 65
75 34
75 5
75 71
75 44
75 79
75 86
75 24
76 33
76 34
76 3
76 68
76 86
76 70
76 40
76 73
76 10
76 43
76 80
76 54
76 55
76 58
76 27
76 28
76 74
77 33
77 3
77 54
77 40
77 10
77 11
77 43
77 80
77 17
77 53
77 22
77 87
77 56
77 55
77 27
77 74
78 64
78 65
78 5
78 71
78 44
78 79
78 24
78 25
79 1
79 35
79 39
79 72
79 9
79 42
79 78
79 84
79 85
79 41
80 76
80 14
80 19
80 20
80 23
80 26
80 62
81 64
81 34
81 68
81 5
81 70
81 71
81 73
81 44
81 79
81 86
81 24
82 69
82 11
82 12
82 13
82 17
82 18
82 53
82 22
82 87
82 56
82 57
82 61
82 88
83 32
83 8
83 45
83 82
83 31
83 30
83 63
84 50
84 83
84 82
84 77
84 47
85 69
85 12
85 13
85 78
85 17
85 18
85 87
85 56
85 57
85 61
85 88
86 65
86 2
86 38
86 6
86 75
86 66
86 19
86 20
86 25
86 26
86 62
87 33
87 34
87 3
87 68
87 86
87 70
87 40
87 73
87 10
87 43
87 80
87 54
87 55
87 58
87 27
87 28
87 74
88 4
88 76
88 21
88 7
