88
1 64
1 67
1 7
1 9
1 10
1 75
1 44
1 13
1 14
1 56
1 20
1 59
1 24
1 27
1 42
2 64
2 33
2 3
2 4
2 37
2 65
2 39
2 9
2 75
2 44
2 45
2 13
2 24
2 50
2 56
2 59
2 55
2 88
2 79
2 28
3 15
3 18
3 25
3 32
3 34
3 36
3 38
3 40
3 41
3 43
3 47
3 48
3 52
3 58
3 63
3 68
3 69
3 71
3 72
3 74
3 76
3 77
4 64
4 67
4 7
4 9
4 10
4 75
4 44
4 13
4 14
4 56
4 20
4 59
4 24
4 27
4 42
5 1
5 6
5 51
5 19
5 85
5 60
5 61
6 19
6 1
6 2
6 54
6 8
6 11
6 12
6 51
6 85
6 22
6 61
7 19
7 1
7 2
7 54
7 6
7 8
7 12
7 51
7 85
7 22
7 61
8 60
9 19
9 1
9 2
9 54
9 6
9 8
9 12
9 51
9 85
9 22
9 61
10 19
10 1
10 2
10 54
10 6
10 8
10 11
10 12
10 16
10 51
10 85
10 22
10 61
11 64
11 67
11 7
11 9
11 10
11 75
11 44
11 14
11 16
11 20
11 24
11 27
11 42
12 67
12 7
12 9
12 10
12 11
12 44
12 14
12 16
12 20
12 54
12 27
12 42
13 19
13 1
13 2
13 54
13 6
13 8
13 12
13 51
13 85
13 22
13 61
14 19
14 1
14 2
14 54
14 6
14 8
14 12
14 51
14 85
14 22
14 61
16 19
16 1
16 2
16 54
16 6
16 8
16 11
16 12
16 51
16 85
16 22
16 61
17 66
17 5
17 70
17 76
17 48
17 82
17 83
17 53
17 25
17 26
17 29
17 62
17 31
18 17
19 1
19 2
19 54
19 6
19 8
19 12
19 51
19 85
19 22
19 60
19 61
20 17
21 19
21 1
21 2
21 6
21 8
21 51
21 85
21 22
21 60
21 61
22 18
22 25
22 31
22 32
22 34
22 36
22 38
22 40
22 41
22 43
22 47
22 48
22 53
22 58
22 62
22 63
22 66
22 68
22 69
22 71
22 72
22 74
22 76
22 77
24 64
24 67
24 7
24 9
24 10
24 11
24 44
24 13
24 14
24 16
24 75
24 20
24 27
24 42
26 1
26 2
26 54
26 6
26 8
26 11
26 12
26 16
26 51
26 22
26 27
26 61
27 17
28 19
28 60
28 85
29 1
29 2
29 54
29 6
29 8
29 11
29 12
29 16
29 51
29 22
29 61
30 64
30 67
30 7
30 9
30 10
30 11
30 44
30 13
30 14
30 16
30 56
30 75
30 20
30 59
30 24
30 27
30 42
31 64
31 67
31 7
31 9
31 10
31 11
31 44
31 13
31 14
31 16
31 56
31 75
31 20
31 59
31 24
31 27
31 42
32 67
32 7
32 8
32 10
32 11
32 12
32 14
32 16
32 20
32 54
32 27
32 42
33 1
33 2
33 54
33 6
33 8
33 11
33 12
33 16
33 51
33 22
33 27
33 61
34 1
34 2
34 54
34 8
34 11
34 12
34 16
34 51
34 22
34 27
34 61
35 19
35 60
35 85
35 6
36 1
36 2
36 54
36 6
36 8
36 11
36 12
36 16
36 51
36 85
36 22
36 61
37 64
37 67
37 7
37 9
37 10
37 75
37 44
37 13
37 14
37 16
37 56
37 20
37 59
37 24
37 27
37 42
38 19
38 1
38 2
38 54
38 6
38 8
38 12
38 51
38 85
38 22
38 61
39 1
39 6
39 51
39 19
39 85
39 60
40 19
40 60
40 85
40 6
41 17
42 1
42 2
42 54
42 6
42 8
42 11
42 12
42 16
42 51
42 22
42 61
43 19
43 1
43 2
43 54
43 6
43 8
43 12
43 51
43 85
43 22
43 61
44 1
44 2
44 54
44 6
44 8
44 11
44 12
44 16
44 51
44 22
44 27
44 61
45 64
45 33
45 3
45 4
45 65
45 9
45 10
45 75
45 44
45 13
45 14
45 79
45 24
45 50
45 56
45 55
45 88
45 59
45 28
45 42
46 19
46 1
46 2
46 54
46 6
46 8
46 12
46 51
46 85
46 22
46 61
47 64
47 67
47 7
47 9
47 10
47 11
47 44
47 13
47 14
47 16
47 56
47 75
47 20
47 24
47 27
47 42
48 64
48 67
48 7
48 9
48 10
48 75
48 44
48 13
48 14
48 56
48 20
48 59
48 24
48 27
48 42
49 17
50 64
50 67
50 7
50 9
50 10
50 11
50 44
50 14
50 16
50 75
50 20
50 24
50 27
50 42
51 1
51 2
51 54
51 6
51 8
51 12
51 19
51 85
51 22
51 61
52 19
52 1
52 2
52 6
52 8
52 51
52 85
52 22
52 60
52 61
53 60
54 4
54 15
54 18
54 21
54 23
54 28
54 34
54 37
54 38
54 39
54 43
54 45
54 47
54 50
54 52
54 55
54 63
54 65
54 68
54 69
54 73
54 78
54 79
54 80
54 86
54 87
54 88
55 19
55 1
55 2
55 54
55 6
55 8
55 12
55 51
55 85
55 22
55 60
55 61
56 15
56 18
56 21
56 23
56 28
56 32
56 34
56 36
56 37
56 38
56 39
56 41
56 43
56 47
56 52
56 55
56 63
56 68
56 69
56 73
56 78
56 79
56 80
56 86
56 87
56 88
57 2
57 67
57 54
57 7
57 8
57 10
57 11
57 12
57 14
57 16
57 20
57 22
57 27
57 42
58 64
58 67
58 7
58 9
58 10
58 11
58 44
58 14
58 16
58 75
58 20
58 24
58 27
58 42
59 19
59 1
59 2
59 54
59 6
59 8
59 12
59 51
59 85
59 22
59 61
60 19
60 1
60 2
60 54
60 6
60 8
60 11
60 12
60 51
60 85
60 22
60 61
63 60
64 67
64 7
64 9
64 10
64 75
64 44
64 13
64 14
64 56
64 20
64 59
64 24
64 27
64 42
65 17
66 19
66 1
66 2
66 54
66 6
66 8
66 12
66 51
66 85
66 22
66 61
67 33
67 3
67 4
67 37
67 65
67 39
67 59
67 45
67 78
67 13
67 80
67 56
67 50
67 21
67 86
67 55
67 88
67 23
67 87
67 79
67 28
68 1
68 2
68 54
68 6
68 8
68 11
68 12
68 16
68 51
68 22
68 61
69 17
70 17
71 1
71 2
71 6
71 51
71 19
71 85
71 22
71 60
71 61
72 19
72 1
72 2
72 54
72 6
72 8
72 11
72 12
72 16
72 51
72 85
72 22
72 61
73 17
74 1
74 19
74 60
74 85
74 6
75 60
76 19
76 1
76 2
76 6
76 8
76 51
76 85
76 22
76 60
76 61
77 19
77 60
77 85
77 6
78 64
78 33
78 67
78 4
78 65
78 7
78 9
78 10
78 75
78 44
78 13
78 14
78 45
78 56
78 50
78 3
78 20
78 24
78 59
78 42
79 19
79 1
79 2
79 54
79 6
79 8
79 12
79 51
79 85
79 22
79 60
79 61
80 19
80 60
80 85
81 64
81 67
81 7
81 9
81 10
81 11
81 44
81 14
81 16
81 75
81 20
81 24
81 27
81 42
82 17
83 67
83 7
83 44
83 10
83 11
83 12
83 14
83 16
83 20
83 54
83 27
83 42
84 4
84 15
84 18
84 21
84 23
84 28
84 37
84 38
84 39
84 43
84 45
84 47
84 50
84 52
84 55
84 63
84 65
84 68
84 69
84 73
84 78
84 79
84 80
84 86
84 87
84 88
85 17
85 60
86 19
86 60
86 85
87 19
87 1
87 2
87 54
87 6
87 8
87 12
87 51
87 85
87 22
87 61
88 1
88 2
88 67
88 54
88 7
88 8
88 11
88 12
88 14
88 16
88 51
88 20
88 22
88 27
88 61
