88
1 19
1 33
1 34
1 67
1 32
1 44
1 79
1 81
1 51
1 24
1 88
1 25
1 27
1 62
2 83
2 3
2 36
2 5
2 63
5 19
5 33
5 34
5 67
5 42
5 32
5 8
5 41
5 10
5 44
5 29
5 81
5 51
5 88
5 27
5 28
5 74
5 31
6 2
6 68
6 37
6 39
6 43
6 77
6 46
6 85
6 55
6 56
6 57
6 59
6 69
8 20
8 5
8 22
9 64
9 34
9 35
9 70
9 72
9 44
9 78
9 79
9 19
9 54
9 24
9 25
9 62
10 1
10 66
10 3
10 4
10 70
10 72
10 80
10 48
10 52
10 54
10 26
10 63
11 64
11 1
11 35
11 70
11 72
11 80
11 78
11 79
11 48
11 54
11 24
11 25
11 62
12 83
12 3
12 36
12 5
12 63
14 65
14 45
17 68
17 37
17 40
17 73
17 30
17 43
17 76
17 77
17 46
17 50
17 14
17 56
17 61
17 69
17 85
18 11
19 49
19 18
19 82
19 71
20 33
20 17
20 8
20 41
20 10
20 75
20 14
20 29
20 40
20 50
20 42
20 74
20 73
20 27
20 28
20 61
20 30
20 31
21 66
21 3
21 36
21 5
21 83
21 63
22 11
23 20
23 22
24 2
24 68
24 37
24 39
24 43
24 76
24 77
24 14
24 46
24 56
24 69
24 85
25 75
25 68
25 37
25 40
25 73
25 43
25 76
25 77
25 14
25 17
25 50
25 85
25 56
25 61
25 30
25 69
26 2
26 68
26 37
26 39
26 43
26 76
26 77
26 46
26 85
26 55
26 56
26 57
26 59
26 69
27 71
27 87
27 47
27 53
27 23
27 58
27 60
28 65
28 45
28 21
28 55
28 57
28 59
29 75
29 37
29 17
29 8
29 41
29 10
29 43
29 76
29 77
29 14
29 61
29 40
29 50
29 42
29 73
29 28
29 74
29 30
29 31
30 19
30 33
30 34
30 67
30 32
30 10
30 44
30 81
30 51
30 74
30 24
30 88
30 25
30 27
30 28
30 42
30 62
31 1
31 66
31 3
31 4
31 70
31 72
31 80
31 48
31 52
31 54
31 26
31 63
32 9
32 84
33 64
33 34
33 35
33 70
33 72
33 78
33 79
33 48
33 19
33 54
33 24
33 25
33 62
34 64
34 1
34 35
34 4
34 70
34 72
34 80
34 78
34 79
34 48
34 54
35 1
35 66
35 3
35 4
35 70
35 72
35 80
35 48
35 52
35 54
35 26
35 63
36 1
36 66
36 3
36 4
36 70
36 72
36 80
36 78
36 48
36 52
36 54
36 26
37 19
37 64
37 34
37 35
37 70
37 44
37 78
37 79
37 81
37 51
37 54
37 24
37 25
37 62
38 86
39 64
39 1
39 66
39 35
39 4
39 70
39 72
39 80
39 78
39 48
39 52
39 54
39 26
40 19
40 64
40 34
40 35
40 70
40 72
40 44
40 78
40 79
40 51
40 54
40 24
40 25
40 62
41 42
41 33
41 67
41 32
41 17
41 8
41 73
41 10
41 75
41 29
41 81
41 50
41 51
41 74
41 88
41 27
41 28
41 61
41 31
42 19
42 33
42 34
42 67
42 32
42 74
42 44
42 81
42 51
42 24
42 88
42 25
42 27
42 62
43 42
43 33
43 34
43 67
43 32
43 8
43 41
43 10
43 75
43 44
43 29
43 81
43 51
43 88
43 27
43 28
43 74
43 31
44 32
44 33
44 67
44 17
44 8
44 41
44 10
44 75
44 29
44 40
44 50
44 42
44 74
44 73
44 27
44 28
44 61
44 30
44 31
45 20
45 22
46 19
46 51
46 34
46 67
46 32
46 64
46 44
46 79
46 81
46 35
46 24
46 88
46 25
46 27
46 62
47 83
47 36
47 5
48 20
48 36
48 5
48 22
49 66
49 3
49 4
49 83
49 52
49 36
49 26
49 63
50 64
50 1
50 35
50 4
50 70
50 72
50 80
50 78
50 79
50 48
50 54
50 24
50 25
50 62
51 2
51 68
51 37
51 39
51 43
51 76
51 77
51 14
51 46
51 55
51 56
51 69
51 85
52 49
52 18
52 82
53 19
53 64
53 34
53 35
53 32
53 44
53 78
53 79
53 81
53 51
53 62
53 24
53 25
53 88
54 75
54 68
54 37
54 17
54 8
54 41
54 43
54 76
54 77
54 14
54 29
54 40
54 50
54 85
54 73
54 61
54 30
55 66
55 3
55 4
55 83
55 52
55 36
55 26
55 63
56 2
56 69
56 39
56 46
56 21
56 55
56 57
56 59
56 85
57 65
57 2
57 39
57 45
57 46
57 21
57 55
57 59
58 2
58 68
58 37
58 39
58 43
58 76
58 77
58 14
58 46
58 55
58 56
58 69
58 85
59 42
59 33
59 67
59 32
59 17
59 8
59 41
59 10
59 75
59 29
59 81
59 50
59 51
59 74
59 73
59 88
59 27
59 28
59 61
59 31
60 19
60 64
60 34
60 35
60 70
60 44
60 78
60 79
60 81
60 51
60 54
60 24
60 25
60 62
61 65
61 2
61 39
61 45
61 21
61 55
61 57
61 59
62 65
62 45
62 21
63 71
63 87
63 47
63 53
63 23
63 58
63 60
64 66
64 3
64 36
64 5
64 83
64 52
64 26
64 63
65 75
65 37
65 17
65 8
65 41
65 10
65 43
65 76
65 14
65 29
65 40
65 50
65 42
65 74
65 73
65 28
65 61
65 30
65 31
66 12
66 38
67 75
67 68
67 37
67 17
67 8
67 41
67 43
67 76
67 77
67 14
67 29
67 40
67 50
67 85
67 73
67 61
67 30
67 31
68 19
68 35
68 34
68 67
68 32
68 64
68 44
68 78
68 79
68 81
68 51
68 62
68 24
68 25
68 88
69 20
69 22
70 75
70 68
70 37
70 17
70 8
70 41
70 43
70 76
70 77
70 14
70 29
70 40
70 50
70 85
70 73
70 61
70 30
70 31
71 1
71 66
71 3
71 4
71 70
71 72
71 80
71 48
71 52
71 54
71 26
71 63
72 2
72 68
72 69
72 39
72 46
72 21
72 55
72 56
72 57
72 59
72 85
73 68
73 37
73 40
73 30
73 43
73 76
73 77
73 14
73 17
73 50
73 46
73 56
73 61
73 69
73 85
74 2
74 39
74 45
74 46
74 21
74 55
74 56
74 57
74 59
75 68
75 37
75 17
75 8
75 41
75 10
75 43
75 76
75 77
75 14
75 29
75 40
75 50
75 73
75 61
75 30
75 31
76 19
76 33
76 34
76 67
76 32
76 42
76 44
76 81
76 51
76 24
76 88
76 25
76 27
76 74
76 62
77 42
77 33
77 67
77 32
77 8
77 41
77 10
77 75
77 44
77 29
77 81
77 51
77 88
77 27
77 28
77 74
77 31
78 19
78 33
78 34
78 67
78 32
78 10
78 44
78 81
78 51
78 74
78 24
78 88
78 25
78 27
78 28
78 42
78 62
79 18
79 13
80 2
80 69
80 39
80 46
80 21
80 55
80 56
80 57
80 59
80 85
81 1
81 66
81 3
81 4
81 70
81 72
81 80
81 48
81 52
81 54
81 26
81 63
82 2
82 39
82 45
82 46
82 21
82 55
82 56
82 57
82 59
83 18
83 13
84 19
84 33
84 34
84 67
84 32
84 10
84 44
84 81
84 51
84 74
84 24
84 88
84 27
84 28
84 42
84 62
84 31
85 18
85 13
86 2
86 39
86 45
86 46
86 21
86 55
86 56
86 57
86 59
87 1
87 66
87 3
87 4
87 80
87 83
87 52
87 26
87 63
88 75
88 68
88 37
88 17
88 8
88 41
88 10
88 43
88 76
88 77
88 14
88 29
88 40
88 50
88 74
88 73
88 28
88 61
88 30
88 31
