88
1 64
1 32
1 2
1 67
1 4
1 77
1 41
1 76
1 34
1 12
1 13
1 48
1 50
1 51
1 23
1 88
1 36
1 27
1 31
2 63
2 43
2 14
2 47
2 17
2 53
2 79
2 21
2 85
3 72
3 9
3 74
3 86
3 70
4 64
4 32
4 2
4 67
4 36
4 38
4 41
4 12
4 34
4 77
4 13
4 51
4 22
4 23
4 88
4 27
4 28
5 70
5 72
5 42
5 86
5 58
5 74
6 8
6 66
6 54
8 64
8 32
8 2
8 67
8 36
8 41
8 12
8 34
8 77
8 13
8 76
8 51
8 22
8 23
8 88
8 27
8 28
10 65
10 63
10 43
10 44
10 14
10 47
10 17
10 85
10 25
10 79
10 60
10 53
10 21
11 65
11 63
11 43
11 44
11 14
11 47
11 17
11 85
11 25
11 79
11 60
11 53
11 21
12 70
12 7
12 72
12 42
12 78
12 49
12 86
12 58
12 30
13 3
13 63
13 14
13 47
13 85
13 79
13 21
14 64
14 32
14 2
14 67
14 4
14 77
14 41
14 76
14 34
14 12
14 13
14 48
14 50
14 51
14 23
14 88
14 36
14 27
14 31
17 19
17 1
17 35
17 4
17 5
17 65
17 40
17 44
17 75
17 76
17 48
17 50
17 67
17 53
17 25
17 60
17 61
17 31
18 11
19 64
19 32
19 2
19 36
19 38
19 77
19 41
19 12
19 34
19 46
19 13
19 51
19 22
19 23
19 88
19 27
19 28
20 70
20 72
20 42
20 86
20 58
20 74
21 64
21 2
21 68
21 37
21 6
21 7
21 38
21 73
21 71
21 46
21 49
21 51
21 84
21 22
21 55
21 24
21 59
21 28
22 9
22 74
22 82
22 86
23 20
24 64
24 32
24 2
24 27
24 68
24 38
24 6
24 71
24 41
24 55
24 12
24 46
24 51
24 84
24 22
24 73
24 59
24 28
25 26
25 52
25 69
25 62
26 64
26 2
26 68
26 37
26 6
26 7
26 38
26 73
26 71
26 46
26 49
26 51
26 84
26 22
26 55
26 24
26 59
26 28
27 1
27 4
27 5
27 13
27 17
27 19
27 23
27 25
27 31
27 34
27 35
27 36
27 40
27 44
27 48
27 50
27 60
27 61
27 65
27 67
27 75
27 76
27 77
27 88
28 64
28 32
28 2
28 67
28 4
28 77
28 41
28 76
28 34
28 12
28 13
28 48
28 51
28 23
28 88
28 36
28 27
28 31
29 20
30 64
30 48
30 2
30 67
30 4
30 32
30 41
30 12
30 34
30 77
30 13
30 76
30 51
30 23
30 88
30 36
30 27
30 28
30 31
31 64
31 32
31 2
31 27
31 68
31 38
31 6
31 71
31 41
31 12
31 46
31 51
31 84
31 22
31 55
31 24
31 59
31 28
32 70
32 7
32 72
32 42
32 78
32 49
32 86
32 58
32 30
33 72
33 9
33 74
33 82
33 86
34 64
34 2
34 68
34 37
34 6
34 7
34 38
34 73
34 71
34 46
34 49
34 51
34 84
34 22
34 55
34 24
34 59
34 28
35 72
35 9
35 74
35 86
36 80
36 9
36 74
36 82
36 56
37 64
37 32
37 2
37 68
37 38
37 6
37 71
37 41
37 55
37 12
37 46
37 51
37 84
37 22
37 73
37 24
37 59
37 28
38 68
38 37
38 70
38 7
38 73
38 42
38 71
38 78
38 49
38 84
38 55
38 24
38 58
38 59
38 30
39 70
39 72
39 42
39 78
39 86
39 58
39 30
40 80
40 56
40 45
40 16
41 72
41 9
41 74
41 86
41 70
42 26
42 83
42 62
43 37
43 70
43 7
43 72
43 73
43 42
43 78
43 49
43 86
43 58
43 30
44 2
44 68
44 37
44 6
44 7
44 38
44 73
44 71
44 46
44 49
44 51
44 84
44 22
44 55
44 24
44 59
44 28
45 64
45 1
45 34
45 67
45 4
45 32
45 40
45 41
45 76
45 13
45 12
45 77
45 48
45 50
45 51
45 23
45 88
45 36
45 27
45 31
46 26
46 83
46 69
46 62
47 70
47 72
47 42
47 86
47 58
47 74
48 70
48 72
48 42
48 78
48 86
48 58
48 30
49 33
49 18
49 39
49 57
49 87
50 1
50 35
50 5
50 65
50 40
50 43
50 44
50 17
50 75
50 19
50 53
50 25
50 60
50 61
50 63
51 56
51 9
51 74
51 82
51 86
52 33
52 18
52 39
52 57
52 87
53 16
53 83
53 45
54 68
54 37
54 6
54 7
54 73
54 42
54 71
54 46
54 49
54 84
54 78
54 55
54 24
54 58
54 59
54 30
55 63
55 43
55 14
55 47
55 17
55 53
55 79
55 21
55 85
56 80
56 9
56 74
56 82
57 56
57 9
57 74
57 82
58 16
58 9
58 45
58 80
58 82
58 56
59 1
59 35
59 5
59 65
59 40
59 43
59 44
59 17
59 75
59 19
59 53
59 25
59 60
59 61
59 63
60 37
60 70
60 7
60 72
60 42
60 78
60 49
60 86
60 58
60 30
61 72
61 9
61 74
61 86
61 70
62 68
62 37
62 6
62 7
62 73
62 42
62 71
62 46
62 49
62 84
62 78
62 55
62 24
62 58
62 59
62 30
63 65
63 35
63 5
63 43
63 44
63 17
63 75
63 19
63 53
63 25
63 60
63 61
64 1
64 4
64 5
64 12
64 13
64 19
64 23
64 27
64 31
64 34
64 35
64 36
64 40
64 48
64 50
64 61
64 65
64 67
64 75
64 76
64 77
64 88
65 80
65 9
65 82
65 56
66 33
66 3
66 39
66 18
66 87
66 57
67 72
67 42
67 58
67 86
67 70
68 70
68 7
68 72
68 42
68 78
68 49
68 86
68 58
68 30
69 1
69 35
69 5
69 65
69 40
69 43
69 44
69 17
69 50
69 19
69 53
69 25
69 75
69 60
69 61
69 63
70 16
70 83
70 45
71 64
71 2
71 68
71 37
71 6
71 7
71 38
71 73
71 46
71 51
71 84
71 22
71 55
71 24
71 59
71 28
72 56
72 9
72 74
72 82
73 68
73 37
73 6
73 7
73 38
73 42
73 71
73 46
73 49
73 84
73 78
73 22
73 55
73 24
73 58
73 59
73 30
74 68
74 37
74 70
74 7
74 72
74 73
74 42
74 71
74 78
74 49
74 84
74 55
74 24
74 58
74 59
74 30
75 72
75 74
75 86
75 70
76 68
76 37
76 6
76 7
76 73
76 42
76 71
76 78
76 49
76 84
76 55
76 24
76 58
76 59
76 70
76 30
77 68
77 37
77 6
77 7
77 73
77 42
77 71
77 46
77 49
77 84
77 78
77 55
77 24
77 58
77 59
77 30
78 64
78 32
78 2
78 68
78 37
78 6
78 71
78 38
78 73
78 46
78 51
78 84
78 22
78 55
78 24
78 59
78 28
79 70
79 72
79 42
79 86
79 58
79 74
80 2
80 68
80 37
80 6
80 7
80 38
80 73
80 71
80 46
80 49
80 51
80 84
80 22
80 55
80 24
80 59
80 28
80 30
81 2
81 68
81 37
81 6
81 7
81 38
81 73
81 71
81 46
81 49
81 84
81 78
81 22
81 55
81 24
81 59
81 28
81 30
82 80
82 56
82 45
82 16
83 1
83 4
83 5
83 12
83 13
83 19
83 23
83 27
83 31
83 34
83 35
83 36
83 40
83 48
83 50
83 61
83 65
83 67
83 75
83 76
83 77
83 88
84 70
84 7
84 72
84 42
84 78
84 49
84 86
84 58
84 30
85 3
85 14
85 47
85 21
85 79
85 63
86 3
86 63
86 43
86 14
86 79
86 21
86 47
86 85
87 72
87 9
87 74
87 86
88 9
88 74
88 82
88 86
