88
1 3
1 4
1 7
1 10
1 11
1 12
1 13
1 14
1 20
1 21
1 26
1 28
1 31
1 33
1 34
1 35
1 37
1 38
1 39
1 40
1 42
1 43
1 44
1 45
1 48
1 49
1 55
1 57
1 58
1 64
1 68
1 69
1 71
1 72
1 80
1 88
2 3
2 7
2 10
2 11
2 12
2 13
2 14
2 26
2 28
2 32
2 33
2 34
2 37
2 38
2 39
2 40
2 42
2 43
2 44
2 45
2 48
2 49
2 55
2 56
2 57
2 58
2 64
2 68
2 69
2 71
2 72
2 80
3 1
3 2
3 36
3 50
3 30
4 32
4 1
4 36
4 37
4 39
4 40
4 44
4 12
4 45
4 13
4 80
4 76
4 50
4 84
4 56
4 72
4 30
4 69
5 32
5 1
5 2
5 36
5 69
5 40
5 76
5 12
5 80
5 72
5 50
5 84
5 56
5 30
6 32
6 1
6 36
6 37
6 39
6 40
6 76
6 12
6 13
6 80
6 72
6 50
6 84
6 56
6 30
6 69
7 1
7 3
7 10
7 12
7 13
7 26
7 28
7 30
7 32
7 33
7 34
7 37
7 39
7 40
7 43
7 44
7 45
7 56
7 69
7 72
7 76
7 80
7 84
8 19
8 29
8 62
9 29
9 62
10 1
10 3
10 12
10 13
10 14
10 26
10 28
10 30
10 32
10 33
10 34
10 37
10 39
10 40
10 43
10 44
10 45
10 56
10 69
10 72
10 76
10 80
10 84
11 32
11 1
11 36
11 69
11 39
11 40
11 44
11 10
11 12
11 13
11 80
11 45
11 76
11 72
11 84
11 56
11 26
11 30
11 37
12 3
12 7
12 10
12 11
12 13
12 14
12 26
12 28
12 32
12 33
12 34
12 37
12 38
12 39
12 40
12 42
12 43
12 44
12 45
12 48
12 49
12 55
12 56
12 57
12 58
12 64
12 68
12 69
12 72
12 76
12 80
12 84
13 1
13 2
13 36
13 50
14 3
14 7
14 10
14 11
14 12
14 13
14 26
14 28
14 32
14 33
14 34
14 37
14 38
14 39
14 40
14 42
14 43
14 44
14 45
14 48
14 49
14 55
14 56
14 57
14 58
14 64
14 68
14 69
14 71
14 72
14 80
15 3
15 7
15 10
15 11
15 12
15 13
15 14
15 26
15 28
15 32
15 33
15 34
15 35
15 37
15 38
15 39
15 40
15 42
15 43
15 44
15 45
15 48
15 49
15 55
15 56
15 57
15 58
15 64
15 68
15 69
15 71
15 72
15 80
16 29
16 62
17 32
17 1
17 36
17 37
17 39
17 40
17 76
17 12
17 13
17 80
17 72
17 50
17 84
17 56
17 30
17 69
18 1
18 2
18 36
18 50
18 30
19 1
19 3
19 10
19 12
19 13
19 26
19 28
19 30
19 32
19 34
19 37
19 39
19 40
19 43
19 44
19 45
19 56
19 69
19 72
19 76
19 80
19 84
20 2
20 19
20 62
21 19
21 62
22 29
22 62
23 1
23 2
23 36
23 50
24 1
24 3
24 10
24 12
24 13
24 14
24 26
24 28
24 30
24 32
24 33
24 34
24 37
24 39
24 40
24 43
24 44
24 45
24 56
24 69
24 72
24 76
24 80
24 84
25 19
25 29
25 62
26 1
26 2
26 36
26 76
26 50
26 84
26 30
27 1
27 3
27 10
27 12
27 13
27 26
27 28
27 30
27 32
27 34
27 36
27 37
27 39
27 40
27 44
27 45
27 56
27 69
27 72
27 76
27 80
27 84
28 3
28 7
28 10
28 11
28 12
28 13
28 14
28 26
28 32
28 33
28 34
28 37
28 38
28 39
28 40
28 42
28 43
28 44
28 45
28 48
28 49
28 55
28 56
28 57
28 58
28 64
28 68
28 69
28 72
28 80
29 32
29 1
29 2
29 36
29 69
29 76
29 80
29 50
29 84
29 56
29 30
30 3
30 10
30 11
30 12
30 13
30 14
30 26
30 28
30 32
30 33
30 34
30 37
30 38
30 39
30 40
30 42
30 43
30 44
30 45
30 49
30 55
30 56
30 58
30 64
30 68
30 69
30 72
30 76
30 80
30 84
31 2
31 19
31 62
32 1
32 2
32 36
32 50
32 30
33 1
33 2
33 36
33 50
34 1
34 2
34 36
34 76
34 50
34 84
34 30
35 19
35 29
35 62
36 32
36 1
36 2
36 76
36 50
36 84
36 56
36 30
37 2
37 19
37 36
37 50
38 1
38 2
38 36
38 76
38 50
38 84
38 30
39 32
39 1
39 2
39 36
39 76
39 50
39 84
39 56
39 30
40 1
40 2
40 36
40 76
40 50
40 84
40 30
41 29
41 62
42 2
42 19
42 62
43 32
43 1
43 34
43 3
43 37
43 39
43 40
43 12
43 10
43 44
43 13
43 45
43 80
43 76
43 84
43 56
43 72
43 26
43 28
43 30
43 69
44 32
44 1
44 36
44 69
44 40
44 76
44 12
44 80
44 72
44 50
44 84
44 56
44 30
45 32
45 1
45 34
45 36
45 37
45 39
45 40
45 44
45 10
45 12
45 13
45 80
45 76
45 84
45 56
45 72
45 26
45 28
45 30
45 69
46 19
46 62
47 19
47 29
47 62
48 19
48 62
49 1
49 2
49 36
49 50
50 3
50 7
50 10
50 11
50 12
50 13
50 14
50 26
50 28
50 32
50 33
50 34
50 37
50 38
50 39
50 40
50 42
50 43
50 44
50 45
50 48
50 49
50 55
50 56
50 57
50 58
50 64
50 68
50 69
50 72
50 76
50 80
50 84
51 1
51 2
51 36
51 50
52 19
52 62
53 19
53 29
53 62
54 19
54 29
54 62
55 19
55 62
56 2
56 19
56 36
56 50
57 1
57 2
57 36
57 50
58 2
58 19
58 62
59 3
59 4
59 7
59 10
59 11
59 12
59 13
59 14
59 15
59 20
59 21
59 24
59 26
59 28
59 31
59 33
59 34
59 35
59 37
59 38
59 39
59 40
59 42
59 43
59 44
59 45
59 46
59 48
59 49
59 55
59 57
59 58
59 61
59 64
59 67
59 68
59 69
59 71
59 72
59 78
59 80
59 88
60 1
60 2
60 36
60 76
60 50
60 84
60 30
61 1
61 2
61 36
61 50
62 5
62 8
62 9
62 17
62 18
62 22
62 23
62 41
62 47
62 51
62 53
62 54
62 60
62 63
62 65
62 66
62 73
62 74
62 77
62 79
62 81
62 82
62 83
63 19
63 62
64 32
64 1
64 2
64 36
64 69
64 40
64 76
64 12
64 80
64 72
64 50
64 84
64 56
64 30
65 19
65 62
66 1
66 2
66 36
66 76
66 50
66 84
66 30
67 1
67 2
67 36
67 50
68 1
68 2
68 36
68 76
68 50
68 84
68 30
69 32
69 1
69 34
69 3
69 37
69 39
69 40
69 12
69 10
69 43
69 44
69 13
69 80
69 45
69 76
69 72
69 84
69 56
69 26
69 28
69 30
70 2
70 19
70 50
71 2
71 19
71 50
71 62
72 2
72 36
72 50
73 19
73 29
73 62
74 19
74 29
74 62
75 2
75 19
75 50
76 3
76 10
76 12
76 13
76 14
76 26
76 28
76 30
76 32
76 33
76 34
76 37
76 39
76 40
76 42
76 43
76 44
76 45
76 55
76 56
76 64
76 69
76 72
76 80
76 84
77 29
77 62
78 1
78 2
78 36
78 50
78 30
79 19
79 62
80 1
80 2
80 36
80 76
80 50
80 84
80 30
81 29
81 62
82 19
82 29
82 62
83 19
83 62
84 32
84 1
84 2
84 36
84 69
84 76
84 80
84 50
84 56
84 30
87 2
87 19
87 36
87 50
88 1
88 2
88 36
88 76
88 50
88 84
88 30
