88
1 66
1 37
1 6
1 7
1 10
1 19
1 85
1 25
1 58
2 37
2 6
2 7
2 10
2 14
2 17
2 58
3 75
3 5
3 40
3 43
3 44
3 81
3 18
4 75
4 40
4 43
4 44
4 81
4 18
5 75
5 40
5 43
5 44
5 81
5 18
6 67
6 9
6 43
6 18
6 61
6 62
7 3
7 37
7 6
7 39
7 11
7 76
7 14
7 17
7 51
7 20
7 56
7 58
7 28
8 59
8 27
8 4
9 3
9 5
9 40
9 76
9 75
9 44
9 81
9 56
10 66
10 6
10 7
10 72
10 12
10 19
10 85
10 25
10 58
11 3
11 5
11 39
11 76
11 14
11 17
11 51
11 20
11 56
11 28
11 37
12 2
12 7
12 72
12 10
12 66
12 19
12 85
12 25
12 58
13 75
13 5
13 40
13 43
13 44
13 81
13 18
14 75
14 40
14 43
14 44
14 81
14 18
15 65
15 70
15 77
15 73
15 42
15 45
15 78
15 79
15 21
15 54
15 87
15 57
15 26
16 64
16 1
16 34
16 68
16 69
16 38
16 71
16 74
16 49
16 50
16 32
16 22
16 55
16 88
16 33
16 29
16 31
17 32
17 65
17 34
17 35
17 69
17 74
17 13
17 80
17 49
17 53
17 23
17 57
17 26
17 30
17 31
18 36
18 77
18 41
18 42
18 45
18 46
18 47
18 78
18 54
18 73
18 79
18 21
19 43
19 75
19 44
19 81
19 18
19 67
20 37
20 6
20 7
20 10
20 14
20 17
20 58
21 64
21 1
21 2
21 68
21 38
21 33
21 72
21 71
21 12
21 50
21 19
21 85
21 22
21 55
21 88
21 29
22 32
22 65
22 34
22 35
22 69
22 74
22 13
22 80
22 49
22 53
22 23
22 57
22 26
22 30
22 31
23 75
23 40
23 43
23 44
23 81
23 18
24 3
24 5
24 6
24 39
24 11
24 76
24 14
24 17
24 51
24 20
24 56
24 28
24 37
25 33
25 2
25 68
25 7
25 72
25 10
25 12
25 66
25 50
25 19
25 85
25 22
26 65
26 34
26 35
26 70
26 87
26 13
26 80
26 53
26 23
26 57
26 30
27 3
27 5
27 39
27 40
27 11
27 76
27 14
27 51
27 20
27 56
27 28
28 60
29 3
29 5
29 39
29 40
29 11
29 76
29 14
29 51
29 20
29 56
29 28
30 70
30 77
30 73
30 42
30 45
30 78
30 79
30 21
30 54
30 87
30 26
31 3
31 5
31 6
31 39
31 11
31 76
31 14
31 17
31 51
31 20
31 56
31 28
31 37
32 3
32 5
32 39
32 40
32 44
32 11
32 76
32 81
32 75
32 51
32 56
33 66
33 6
33 7
33 10
33 19
33 85
33 25
33 58
34 37
34 6
34 7
34 10
34 14
34 17
34 58
35 66
35 37
35 6
35 7
35 10
35 17
35 19
35 25
35 58
36 3
36 37
36 6
36 39
36 11
36 14
36 17
36 51
36 20
36 56
36 58
36 28
37 6
37 7
37 10
37 17
37 25
37 58
38 37
38 6
38 10
38 14
38 17
38 20
38 58
38 28
39 67
39 8
39 9
39 52
39 61
39 62
40 67
40 8
40 9
40 52
40 61
40 62
41 37
41 6
41 7
41 10
41 17
41 25
41 58
42 37
42 6
42 39
42 11
42 14
42 17
42 51
42 20
42 58
42 28
43 5
43 40
43 75
43 44
43 81
43 18
44 67
44 9
44 43
44 18
44 61
44 62
45 32
45 65
45 34
45 35
45 69
45 38
45 74
45 13
45 80
45 49
45 53
45 23
45 57
45 29
45 30
45 31
46 3
46 37
46 6
46 39
46 11
46 76
46 14
46 17
46 51
46 20
46 56
46 58
46 28
47 33
47 2
47 68
47 7
47 72
47 10
47 12
47 66
47 50
47 19
47 85
47 25
48 3
48 5
48 39
48 40
48 44
48 11
48 76
48 81
48 75
48 56
49 37
49 6
49 10
49 14
49 17
49 20
49 58
49 28
50 32
50 65
50 34
50 35
50 69
50 38
50 74
50 13
50 80
50 49
50 53
50 23
50 57
50 29
50 30
50 31
51 4
51 8
51 9
51 52
51 27
51 61
51 62
52 66
52 37
52 6
52 7
52 10
52 17
52 25
52 58
53 3
53 5
53 39
53 40
53 11
53 76
53 81
53 75
53 51
53 20
53 56
53 28
54 64
54 1
54 2
54 68
54 38
54 33
54 72
54 71
54 12
54 50
54 19
54 85
54 22
54 55
54 88
54 29
55 3
55 37
55 6
55 39
55 11
55 14
55 17
55 51
55 20
55 56
55 58
55 28
56 3
56 5
56 40
56 44
56 75
56 76
56 81
57 3
57 5
57 6
57 39
57 11
57 76
57 14
57 17
57 51
57 20
57 56
57 28
57 37
58 3
58 37
58 6
58 39
58 11
58 76
58 14
58 17
58 51
58 20
58 56
58 28
59 75
59 40
59 43
59 44
59 81
59 18
60 3
60 5
60 6
60 39
60 11
60 76
60 14
60 17
60 51
60 20
60 56
60 28
60 37
61 43
61 75
61 44
61 81
61 18
61 67
62 3
62 5
62 39
62 40
62 11
62 76
62 14
62 51
62 20
62 56
62 28
63 33
63 2
63 68
63 7
63 72
63 10
63 12
63 66
63 50
63 19
63 85
63 25
64 32
64 65
64 34
64 35
64 69
64 38
64 74
64 13
64 80
64 49
64 53
64 23
64 57
64 29
64 30
64 31
65 60
66 1
66 2
66 68
66 33
66 7
66 72
66 71
66 12
66 50
66 19
66 85
66 22
66 55
66 88
66 25
67 2
67 7
67 72
67 10
67 12
67 66
67 19
67 85
67 25
67 58
68 1
68 2
68 33
68 7
68 72
68 71
68 12
68 66
68 50
68 19
68 85
68 22
68 55
68 88
68 25
69 37
69 6
69 7
69 10
69 14
69 17
69 25
69 58
70 64
70 1
70 34
70 35
70 32
70 69
70 38
70 71
70 74
70 55
70 49
70 53
70 22
70 23
70 88
70 29
70 31
71 3
71 5
71 6
71 39
71 11
71 76
71 14
71 17
71 51
71 20
71 56
71 28
71 37
72 33
72 2
72 68
72 7
72 10
72 12
72 66
72 19
72 85
72 25
72 58
73 3
73 5
73 6
73 39
73 11
73 76
73 14
73 17
73 51
73 20
73 56
73 28
73 37
74 33
74 2
74 68
74 7
74 72
74 10
74 12
74 66
74 50
74 19
74 85
74 22
74 25
75 3
75 5
75 39
75 40
75 11
75 76
75 14
75 51
75 20
75 56
75 28
76 8
76 9
76 27
76 52
76 4
77 66
77 6
77 7
77 10
77 19
77 85
77 25
77 58
78 3
78 5
78 6
78 39
78 11
78 76
78 14
78 17
78 51
78 20
78 56
78 28
78 37
79 33
79 2
79 68
79 7
79 72
79 10
79 12
79 66
79 19
79 85
79 25
79 58
80 66
80 37
80 6
80 7
80 10
80 17
80 19
80 25
80 58
81 70
81 77
81 73
81 42
81 45
81 78
81 79
81 21
81 54
81 87
81 26
82 33
82 2
82 68
82 7
82 72
82 10
82 12
82 66
82 50
82 19
82 85
82 25
82 58
83 32
83 65
83 34
83 35
83 69
83 74
83 13
83 80
83 49
83 53
83 23
83 57
83 26
83 30
83 31
84 67
84 81
84 18
84 43
84 44
85 4
85 8
85 9
85 52
85 27
85 61
85 62
86 67
86 40
86 43
86 44
86 81
86 18
86 75
87 3
87 5
87 39
87 40
87 44
87 11
87 76
87 81
87 75
87 56
88 3
88 5
88 6
88 39
88 11
88 76
88 14
88 17
88 51
88 20
88 56
88 28
88 37
