88
1 2
1 3
1 70
1 12
1 10
1 43
1 44
1 66
1 59
1 81
1 57
1 85
1 24
1 55
1 88
1 23
1 27
1 28
2 64
2 3
2 5
2 10
2 13
2 15
2 81
2 59
2 23
2 57
2 27
3 2
3 27
3 10
3 43
3 12
3 66
3 13
3 81
3 85
3 59
3 23
3 88
3 57
3 15
4 1
4 66
4 68
4 70
4 39
4 12
4 43
4 44
4 88
4 18
4 21
4 55
4 24
4 87
4 28
4 85
5 2
5 3
5 70
5 39
5 12
5 10
5 43
5 44
5 66
5 81
5 57
5 85
5 24
5 55
5 88
5 23
5 27
5 28
7 1
7 68
7 38
7 39
7 74
7 77
7 18
7 21
7 87
7 61
7 62
8 64
8 2
8 3
8 5
8 17
8 10
8 13
8 15
8 81
8 59
8 23
8 27
9 20
10 1
10 37
10 38
10 74
10 77
10 49
10 53
10 61
10 62
10 63
11 1
11 66
11 68
11 70
11 39
11 12
11 43
11 44
11 88
11 18
11 21
11 55
11 24
11 57
11 87
11 28
11 85
12 2
12 3
12 70
12 10
12 43
12 44
12 66
12 13
12 81
12 57
12 85
12 24
12 55
12 88
12 23
12 27
12 28
12 59
13 64
13 5
13 14
13 15
13 17
13 52
14 2
14 3
14 70
14 12
14 10
14 43
14 44
14 66
14 13
14 81
14 57
14 85
14 24
14 55
14 88
14 23
14 27
14 28
14 59
15 66
15 3
15 68
15 70
15 39
15 12
15 43
15 44
15 24
15 18
15 21
15 55
15 23
15 57
15 87
15 28
15 88
15 85
17 1
17 66
17 68
17 70
17 39
17 12
17 43
17 44
17 88
17 18
17 21
17 55
17 24
17 87
17 28
17 85
18 20
20 1
20 68
20 70
20 39
20 55
20 18
20 21
20 87
20 24
20 28
20 61
21 32
21 34
21 22
21 6
21 71
21 72
21 76
21 45
21 79
21 82
21 83
21 54
21 56
21 86
21 30
22 1
22 68
22 39
22 74
22 77
22 18
22 21
22 87
22 61
23 5
23 7
23 11
23 14
23 17
23 19
23 52
24 51
24 4
24 7
24 11
24 14
24 19
24 60
25 20
26 4
26 19
26 60
26 51
27 64
27 5
27 7
27 14
27 17
27 52
28 20
29 37
29 38
29 41
29 74
29 77
29 47
29 49
29 53
29 63
29 61
29 62
29 69
30 32
30 33
30 34
30 86
30 6
30 65
30 40
30 73
30 42
30 45
30 46
30 79
30 80
30 72
30 82
30 84
30 78
30 22
30 54
30 31
31 32
31 33
31 34
31 86
31 6
31 65
31 40
31 73
31 42
31 45
31 46
31 80
31 72
31 82
31 84
31 78
31 22
31 30
32 33
32 34
32 67
32 86
32 6
32 65
32 40
32 73
32 42
32 75
32 45
32 46
32 80
32 72
32 82
32 84
32 78
32 22
32 58
32 30
32 31
33 67
33 69
33 38
33 31
33 41
33 74
33 75
33 77
33 78
33 47
33 49
33 53
33 73
33 58
33 63
33 62
33 37
34 33
34 67
34 31
34 37
34 65
34 40
34 41
34 42
34 75
34 46
34 47
34 80
34 49
34 82
34 84
34 78
34 73
34 58
34 63
34 53
34 69
35 6
35 22
35 30
35 31
35 32
35 33
35 34
35 40
35 42
35 45
35 46
35 58
35 65
35 67
35 72
35 73
35 75
35 78
35 80
35 82
35 84
35 86
36 1
36 66
36 68
36 70
36 39
36 43
36 44
36 18
36 21
36 55
36 24
36 87
36 28
36 85
37 2
37 3
37 70
37 39
37 12
37 10
37 43
37 44
37 66
37 81
37 57
37 85
37 24
37 55
37 88
37 23
37 27
37 28
38 20
39 67
39 69
39 38
39 31
39 41
39 74
39 75
39 77
39 47
39 49
39 53
39 73
39 58
39 63
39 61
39 62
39 37
40 20
41 64
41 5
41 7
41 11
41 14
41 17
41 52
42 20
43 1
43 66
43 68
43 70
43 39
43 87
43 44
43 18
43 21
43 55
43 24
43 28
43 85
44 64
44 5
44 7
44 14
44 15
44 17
44 52
45 64
45 2
45 3
45 5
45 10
45 13
45 15
45 81
45 59
45 23
45 57
45 27
46 20
47 67
47 69
47 38
47 31
47 41
47 74
47 75
47 77
47 78
47 49
47 53
47 73
47 58
47 63
47 62
47 37
48 1
48 68
48 70
48 39
48 18
48 21
48 87
48 24
48 28
48 61
49 1
49 68
49 70
49 39
49 18
49 21
49 87
49 24
49 28
49 61
50 64
50 5
50 13
50 14
50 15
50 17
50 52
50 59
51 2
51 3
51 70
51 12
51 10
51 43
51 44
51 66
51 13
51 81
51 57
51 85
51 24
51 55
51 88
51 23
51 27
51 28
51 59
52 64
52 17
52 5
52 14
52 15
53 4
53 5
53 7
53 11
53 14
53 17
53 19
53 52
54 64
54 5
54 7
54 14
54 15
54 17
54 52
55 64
55 2
55 3
55 5
55 10
55 13
55 15
55 81
55 59
55 23
55 57
55 27
57 5
57 7
57 11
57 14
57 17
57 19
57 52
59 2
59 3
59 12
59 10
59 43
59 44
59 66
59 13
59 81
59 57
59 85
59 24
59 55
59 88
59 23
59 27
59 28
60 31
60 33
60 37
60 38
60 40
60 41
60 42
60 46
60 47
60 49
60 53
60 58
60 62
60 63
60 65
60 67
60 69
60 73
60 75
60 78
60 80
60 84
61 51
61 4
61 7
61 11
61 19
61 60
62 51
62 4
62 7
62 11
62 14
62 19
62 60
63 2
63 3
63 10
63 12
63 66
63 13
63 27
63 81
63 85
63 59
63 23
63 88
63 57
63 15
64 2
64 3
64 5
64 10
64 13
64 15
64 81
64 59
64 23
64 57
64 27
66 4
66 5
66 7
66 11
66 14
66 17
66 19
66 52
66 60
67 1
67 66
67 68
67 70
67 39
67 43
67 44
67 18
67 21
67 87
67 24
67 55
67 28
67 61
67 85
68 1
68 66
68 70
68 39
68 12
68 43
68 44
68 88
68 18
68 21
68 55
68 24
68 57
68 87
68 28
68 85
70 51
70 4
70 7
70 11
70 14
70 19
70 60
71 20
72 64
72 5
72 7
72 14
72 17
72 52
73 20
74 64
74 5
74 14
74 15
74 17
74 52
75 64
75 5
75 13
75 14
75 15
75 17
75 52
76 2
76 3
76 12
76 10
76 43
76 44
76 66
76 13
76 27
76 81
76 57
76 85
76 59
76 55
76 23
76 88
76 15
77 2
77 3
77 12
77 10
77 43
77 44
77 66
77 13
77 81
77 57
77 85
77 59
77 55
77 23
77 88
77 27
78 11
78 4
78 51
78 60
78 19
79 2
79 3
79 12
79 10
79 43
79 44
79 66
79 13
79 27
79 81
79 85
79 59
79 23
79 88
79 57
79 15
80 1
80 68
80 70
80 39
80 43
80 44
80 18
80 21
80 87
80 24
80 55
80 28
80 61
80 85
81 1
81 68
81 70
81 39
81 18
81 21
81 87
81 24
81 28
81 61
82 51
82 4
82 7
82 11
82 19
82 60
83 9
83 26
83 35
83 25
84 20
85 2
85 3
85 12
85 10
85 43
85 44
85 66
85 13
85 81
85 57
85 59
85 55
85 23
85 88
85 27
86 67
86 69
86 38
86 31
86 41
86 74
86 75
86 77
86 78
86 47
86 49
86 53
86 73
86 58
86 63
86 62
86 37
87 64
87 2
87 3
87 10
87 12
87 13
87 15
87 81
87 59
87 23
87 88
87 57
87 27
88 1
88 68
88 39
88 74
88 77
88 18
88 21
88 87
88 61
