88
1 40
1 76
1 30
1 44
1 21
1 88
1 58
1 61
1 62
1 31
3 33
3 2
3 5
3 42
3 11
3 12
3 15
3 52
3 56
3 28
3 37
4 16
4 67
4 20
4 85
5 33
5 2
5 37
5 65
5 42
5 11
5 12
5 15
5 19
5 52
5 56
5 28
5 30
6 67
6 9
6 16
6 85
6 87
6 60
7 34
7 3
7 36
7 38
7 39
7 72
7 41
7 10
7 73
7 66
7 77
7 81
7 50
7 82
7 84
7 53
7 54
7 57
7 68
7 74
8 33
8 5
8 65
8 42
8 11
8 12
8 15
8 19
8 30
8 56
8 28
8 61
8 62
8 37
9 8
9 20
10 33
10 2
10 37
10 11
10 12
10 15
10 52
10 28
11 1
11 65
11 40
11 44
11 76
11 19
11 30
11 56
11 58
11 61
11 62
11 31
12 33
12 5
12 65
12 42
12 11
12 15
12 19
12 30
12 56
12 28
12 62
12 37
13 1
13 65
13 40
13 44
13 76
13 88
13 19
13 30
13 56
13 58
13 61
13 62
13 31
14 9
14 2
14 12
14 52
14 15
15 59
17 3
17 38
17 72
17 41
17 10
17 75
17 13
17 77
17 81
17 50
17 84
17 21
17 54
17 73
17 88
17 31
17 74
17 53
18 35
19 16
19 67
19 20
19 85
20 9
20 2
20 52
20 14
20 60
21 66
21 3
21 38
21 17
21 72
21 41
21 10
21 75
21 13
21 77
21 50
21 81
21 82
21 84
21 53
21 54
21 73
21 88
21 74
21 31
22 1
22 65
22 40
22 44
22 76
22 19
22 30
22 88
22 58
22 61
22 62
22 31
23 16
23 67
23 60
23 85
23 87
24 9
24 67
24 60
24 14
24 87
25 1
25 65
25 40
25 44
25 30
25 76
25 21
25 88
25 58
25 61
25 62
25 31
26 16
26 67
26 20
26 85
27 67
27 9
27 16
27 85
27 87
27 60
28 9
28 87
28 60
28 14
28 52
29 45
29 55
30 3
30 38
30 17
30 72
30 41
30 75
30 76
30 77
30 44
30 81
30 50
30 21
30 54
30 88
30 58
30 31
30 13
30 53
31 45
31 55
32 33
32 5
32 65
32 42
32 11
32 12
32 15
32 19
32 30
32 56
32 28
32 61
32 62
32 37
33 1
33 5
33 65
33 40
33 44
33 42
33 76
33 19
33 30
33 56
33 58
33 61
33 62
34 66
34 3
34 38
34 17
34 72
34 41
34 10
34 75
34 13
34 77
34 81
34 50
34 84
34 21
34 54
34 73
34 88
34 31
34 74
34 53
35 26
35 70
36 66
36 3
36 68
36 38
36 17
36 72
36 41
36 10
36 75
36 13
36 77
36 50
36 81
36 82
36 84
36 21
36 54
36 73
36 88
36 74
36 53
37 64
37 32
37 27
37 4
37 70
37 43
37 46
37 47
37 48
37 49
37 18
37 83
37 22
37 24
37 25
37 79
37 63
38 33
38 5
38 65
38 42
38 11
38 12
38 15
38 19
38 30
38 56
38 28
38 62
38 37
39 33
39 2
39 5
39 42
39 11
39 12
39 15
39 52
39 56
39 28
39 37
40 2
40 12
40 14
40 15
40 52
40 28
41 64
41 80
41 27
41 4
41 6
41 71
41 32
41 43
41 78
41 79
41 48
41 49
41 18
41 83
41 46
41 22
41 24
41 25
41 47
41 63
42 1
42 5
42 65
42 40
42 76
42 44
42 19
42 30
42 56
42 58
42 61
42 62
42 31
43 9
43 2
43 52
43 14
43 60
44 33
44 5
44 65
44 40
44 42
44 11
44 12
44 15
44 19
44 30
44 56
44 28
44 61
44 62
44 37
45 34
45 36
45 6
45 39
45 73
45 10
45 71
45 66
45 78
45 77
45 80
45 82
45 83
45 84
45 57
45 24
45 68
45 79
45 74
45 63
46 1
46 3
46 38
46 17
46 40
46 41
46 75
46 76
46 77
46 44
46 81
46 50
46 21
46 54
46 88
46 72
46 58
46 31
46 13
46 53
47 64
47 35
47 70
47 43
47 48
47 49
47 18
47 22
47 26
47 27
48 34
48 3
48 36
48 38
48 39
48 72
48 41
48 10
48 66
48 77
48 13
48 81
48 50
48 82
48 84
48 53
48 54
48 73
48 68
48 74
49 32
49 34
49 4
49 6
49 39
49 63
49 71
49 46
49 47
49 80
49 82
49 83
49 25
49 78
49 57
49 24
49 68
49 79
49 36
50 45
51 35
51 18
51 27
51 26
51 70
52 67
52 9
52 14
52 16
52 85
52 87
52 60
53 1
53 5
53 65
53 40
53 44
53 42
53 11
53 76
53 61
53 19
53 30
53 56
53 33
53 58
53 62
54 2
54 9
54 14
54 15
54 52
54 60
55 9
55 67
55 60
55 14
55 87
56 33
56 5
56 65
56 42
56 11
56 12
56 15
56 19
56 30
56 28
56 62
56 37
57 2
57 9
57 12
57 14
57 15
57 52
58 2
58 9
58 12
58 14
58 15
58 52
58 60
59 1
59 5
59 65
59 40
59 42
59 11
59 76
59 61
59 19
59 30
59 56
59 33
59 28
59 58
59 62
59 37
60 9
60 2
60 52
60 14
60 87
61 16
61 8
61 20
61 85
62 67
62 9
62 14
62 16
62 85
62 87
62 60
63 64
63 32
63 27
63 4
63 70
63 43
63 46
63 47
63 48
63 49
63 18
63 83
63 22
63 24
63 25
63 79
64 1
64 5
64 65
64 40
64 42
64 11
64 76
64 61
64 19
64 30
64 56
64 33
64 28
64 58
64 62
64 37
65 9
65 67
65 60
65 14
65 87
66 8
66 20
67 64
67 80
67 27
67 4
67 6
67 71
67 32
67 43
67 78
67 79
67 48
67 49
67 18
67 83
67 46
67 22
67 25
67 24
67 57
67 47
67 63
68 34
68 3
68 36
68 38
68 39
68 72
68 41
68 10
68 66
68 77
68 13
68 81
68 50
68 82
68 84
68 53
68 54
68 73
68 74
69 2
69 9
69 14
69 52
69 87
69 60
70 9
70 67
70 60
70 14
70 87
71 2
71 9
71 14
71 52
71 87
71 60
72 9
72 67
72 60
72 14
72 87
73 2
73 37
73 11
73 12
73 14
73 15
73 52
73 28
74 33
74 5
74 65
74 42
74 11
74 12
74 15
74 19
74 30
74 56
74 28
74 61
74 62
74 37
75 33
75 2
75 5
75 65
75 42
75 11
75 12
75 15
75 19
75 52
75 56
75 28
75 30
75 37
76 9
76 2
76 52
76 14
76 60
77 64
77 80
77 4
77 6
77 39
77 32
77 43
77 78
77 79
77 48
77 49
77 83
77 46
77 22
77 25
77 24
77 57
77 71
77 47
77 63
78 1
78 40
78 44
78 75
78 76
78 13
78 17
78 21
78 88
78 58
78 61
78 62
78 31
79 33
79 2
79 5
79 65
79 42
79 11
79 12
79 15
79 19
79 52
79 56
79 28
79 30
79 37
80 33
80 5
80 65
80 42
80 11
80 12
80 15
80 19
80 30
80 56
80 28
80 62
80 37
81 16
81 67
81 20
81 85
81 87
82 67
82 16
82 20
82 85
82 87
82 60
83 35
83 18
83 27
83 26
83 70
84 34
84 3
84 36
84 38
84 39
84 72
84 41
84 10
84 66
84 77
84 13
84 81
84 50
84 82
84 53
84 54
84 73
84 68
84 74
85 1
85 40
85 44
85 75
85 76
85 13
85 17
85 21
85 88
85 58
85 61
85 31
87 34
87 3
87 36
87 38
87 39
87 72
87 41
87 10
87 73
87 66
87 77
87 81
87 50
87 82
87 84
87 53
87 54
87 57
87 68
87 74
88 2
88 9
88 14
88 52
88 87
88 60
