88
1 64
1 2
1 3
1 36
1 5
1 6
1 17
1 43
1 14
1 49
1 82
1 51
1 84
1 55
1 57
1 29
1 63
2 3
2 36
2 5
2 6
2 17
2 43
2 45
2 14
2 49
2 82
2 83
2 84
2 55
2 38
2 29
2 63
3 36
3 38
3 45
3 14
3 17
3 83
3 84
3 29
3 63
4 3
4 36
4 5
4 6
4 17
4 43
4 45
4 14
4 49
4 82
4 83
4 84
4 55
4 38
4 29
4 63
5 3
5 36
5 38
5 6
5 17
5 43
5 45
5 14
5 49
5 82
5 83
5 84
5 55
5 29
5 63
6 3
6 36
6 38
6 45
6 14
6 17
6 83
6 84
6 29
6 63
7 3
7 36
7 5
7 6
7 17
7 43
7 45
7 14
7 49
7 82
7 83
7 84
7 55
7 38
7 29
7 63
8 64
8 1
8 2
8 49
8 51
8 24
8 57
9 1
9 83
9 3
9 36
9 5
9 6
9 17
9 43
9 45
9 14
9 49
9 82
9 51
9 84
9 55
9 57
9 29
9 63
10 64
10 1
10 83
10 3
10 36
10 5
10 6
10 17
10 43
10 14
10 49
10 82
10 51
10 84
10 55
10 57
10 29
10 63
11 1
11 83
11 3
11 36
11 5
11 6
11 17
11 43
11 45
11 14
11 49
11 82
11 51
11 84
11 55
11 57
11 29
11 63
13 3
13 36
13 5
13 6
13 17
13 43
13 45
13 14
13 49
13 82
13 83
13 84
13 55
13 38
13 29
13 63
15 64
15 1
15 2
15 51
15 24
15 57
18 3
18 36
18 38
18 45
18 14
18 17
18 83
18 84
18 29
18 63
21 64
21 1
21 2
21 49
21 82
21 51
21 24
21 57
22 64
22 1
22 2
22 51
22 24
22 57
23 64
23 1
23 2
23 49
23 51
23 24
23 57
25 24
25 18
25 50
26 64
26 1
26 2
26 51
26 24
26 57
27 64
27 1
27 2
27 3
27 5
27 6
27 43
27 49
27 82
27 51
27 55
27 57
28 64
28 1
28 2
28 5
28 6
28 43
28 49
28 82
28 51
28 55
28 57
29 3
29 36
29 5
29 6
29 17
29 43
29 45
29 14
29 49
29 82
29 83
29 84
29 55
29 38
29 63
30 64
30 1
30 2
30 5
30 6
30 43
30 49
30 82
30 51
30 55
30 57
31 64
31 1
31 2
31 3
31 36
31 5
31 6
31 17
31 43
31 14
31 49
31 82
31 51
31 84
31 55
31 57
31 29
31 63
32 3
32 36
32 5
32 6
32 43
32 45
32 14
32 17
32 82
32 83
32 84
32 55
32 38
32 29
32 63
33 24
33 2
33 18
33 50
34 1
34 83
34 3
34 36
34 5
34 6
34 17
34 43
34 45
34 14
34 49
34 82
34 51
34 84
34 55
34 57
34 29
34 63
35 64
35 1
35 2
35 3
35 36
35 5
35 6
35 17
35 43
35 14
35 49
35 82
35 51
35 84
35 55
35 57
35 29
35 63
36 38
36 45
36 14
36 17
36 83
36 84
36 29
36 63
37 3
37 36
37 38
37 43
37 45
37 14
37 17
37 83
37 84
37 55
37 29
37 63
39 3
39 36
39 5
39 6
39 43
39 45
39 14
39 17
39 83
39 84
39 55
39 38
39 29
39 63
40 3
40 36
40 5
40 6
40 43
40 45
40 14
40 17
40 82
40 83
40 84
40 55
40 38
40 29
40 63
41 3
41 36
41 5
41 6
41 17
41 43
41 45
41 14
41 49
41 82
41 83
41 84
41 55
41 38
41 29
41 63
42 64
42 1
42 2
42 3
42 5
42 6
42 43
42 49
42 82
42 51
42 55
42 57
42 29
44 3
44 36
44 5
44 6
44 17
44 43
44 45
44 14
44 49
44 82
44 83
44 84
44 55
44 38
44 29
44 63
46 3
46 36
46 5
46 6
46 17
46 43
46 45
46 14
46 49
46 82
46 83
46 84
46 55
46 38
46 29
46 63
47 3
47 36
47 5
47 6
47 17
47 43
47 45
47 14
47 49
47 82
47 83
47 84
47 55
47 38
47 29
47 63
48 64
48 1
48 2
48 3
48 5
48 6
48 43
48 49
48 82
48 51
48 55
48 57
48 29
49 3
49 36
49 5
49 6
49 43
49 45
49 14
49 17
49 82
49 83
49 84
49 55
49 38
49 29
49 63
52 3
52 36
52 5
52 6
52 17
52 43
52 45
52 14
52 49
52 82
52 83
52 84
52 55
52 38
52 29
52 63
53 64
53 1
53 2
53 5
53 6
53 49
53 82
53 51
53 57
54 64
54 1
54 2
54 3
54 36
54 5
54 6
54 17
54 43
54 14
54 49
54 82
54 51
54 84
54 55
54 57
54 29
54 63
55 3
55 36
55 5
55 6
55 17
55 43
55 45
55 14
55 49
55 82
55 83
55 84
55 38
55 29
55 63
56 64
56 1
56 2
56 5
56 6
56 43
56 49
56 82
56 51
56 55
56 57
58 3
58 36
58 5
58 6
58 17
58 43
58 45
58 14
58 49
58 82
58 83
58 84
58 55
58 38
58 29
58 63
59 18
59 50
60 24
60 18
60 50
61 24
61 18
61 50
62 18
62 50
63 3
63 36
63 38
63 45
63 14
63 17
63 83
63 84
63 29
65 18
65 50
66 64
66 1
66 2
66 3
66 36
66 5
66 6
66 17
66 43
66 49
66 82
66 51
66 84
66 55
66 57
66 29
66 63
67 1
67 3
67 36
67 5
67 6
67 17
67 43
67 45
67 14
67 49
67 82
67 83
67 84
67 55
67 38
67 29
67 63
68 64
68 1
68 3
68 36
68 5
68 6
68 17
68 43
68 14
68 49
68 82
68 51
68 84
68 55
68 57
68 29
68 63
69 64
69 1
69 2
69 3
69 36
69 5
69 6
69 17
69 43
69 14
69 49
69 82
69 51
69 84
69 55
69 57
69 29
69 63
70 64
70 1
70 2
70 3
70 5
70 6
70 43
70 49
70 82
70 51
70 55
70 57
70 29
71 64
71 1
71 2
71 3
71 5
71 6
71 43
71 49
71 82
71 51
71 55
71 57
71 29
72 64
72 1
72 2
72 3
72 36
72 5
72 6
72 17
72 43
72 49
72 82
72 51
72 84
72 55
72 57
72 29
73 64
73 1
73 2
73 3
73 36
73 5
73 6
73 17
73 43
73 14
73 49
73 82
73 51
73 84
73 55
73 57
73 29
73 63
74 64
74 1
74 2
74 5
74 6
74 43
74 49
74 82
74 51
74 55
74 57
75 18
75 50
76 3
76 36
76 5
76 6
76 17
76 43
76 45
76 14
76 49
76 82
76 83
76 84
76 55
76 38
76 29
76 63
77 64
77 1
77 2
77 3
77 36
77 5
77 6
77 17
77 43
77 14
77 49
77 82
77 51
77 84
77 55
77 57
77 29
77 63
78 64
78 1
78 3
78 36
78 5
78 6
78 17
78 43
78 14
78 49
78 82
78 51
78 84
78 55
78 57
78 29
78 63
79 24
79 18
79 50
80 64
80 1
80 2
80 5
80 6
80 43
80 49
80 82
80 51
80 55
80 57
81 64
81 1
81 83
81 3
81 36
81 5
81 6
81 17
81 43
81 14
81 49
81 82
81 51
81 84
81 55
81 57
81 29
81 63
82 3
82 36
82 5
82 6
82 17
82 43
82 45
82 14
82 49
82 83
82 84
82 55
82 38
82 29
82 63
87 64
87 1
87 83
87 3
87 36
87 5
87 6
87 17
87 43
87 14
87 49
87 82
87 51
87 84
87 55
87 57
87 29
87 63
88 64
88 1
88 2
88 3
88 36
88 5
88 6
88 17
88 43
88 14
88 49
88 82
88 51
88 84
88 55
88 57
88 29
88 63
