88
1 33
1 3
1 71
1 40
1 73
1 10
1 11
1 44
1 78
1 61
1 43
1 87
1 24
1 58
1 74
2 42
2 1
2 67
2 33
2 38
2 71
2 40
2 10
2 76
2 78
2 61
2 51
2 56
2 58
2 27
2 74
2 63
4 1
4 67
4 33
4 38
4 71
4 40
4 42
4 75
4 76
4 78
4 51
4 56
4 58
4 27
4 70
4 74
4 63
5 32
5 1
5 34
5 67
5 70
5 65
5 80
5 42
5 75
5 46
5 48
5 81
5 50
5 86
5 23
5 56
5 63
6 3
6 73
6 43
6 44
6 11
6 21
6 87
6 24
6 59
7 3
7 71
7 73
7 10
7 43
7 44
7 61
7 11
7 21
7 87
7 24
7 74
8 43
8 73
8 11
8 19
8 21
8 87
8 59
9 32
9 1
9 34
9 67
9 70
9 65
9 80
9 42
9 75
9 46
9 48
9 81
9 50
9 86
9 23
9 56
9 63
10 43
10 73
10 11
10 19
10 21
10 87
10 59
11 73
11 43
11 44
11 21
11 87
11 59
12 68
12 49
12 52
12 84
12 36
13 64
13 68
13 49
13 84
13 86
13 36
13 52
14 11
14 43
14 59
14 21
14 19
15 43
15 73
15 11
15 44
15 21
15 87
15 59
16 64
16 68
16 49
16 84
16 36
16 52
17 32
17 1
17 34
17 67
17 70
17 38
17 65
17 80
17 42
17 75
17 76
17 46
17 48
17 81
17 50
17 51
17 23
17 56
17 63
18 33
18 3
18 38
18 71
18 40
18 10
18 76
18 78
18 61
18 51
18 74
18 24
18 58
18 27
18 42
18 63
21 59
21 19
22 11
22 43
22 59
22 21
22 19
23 59
23 19
25 3
25 73
25 10
25 43
25 44
25 61
25 11
25 21
25 87
25 24
25 74
26 3
26 71
26 73
26 10
26 43
26 44
26 78
26 61
26 11
26 87
26 24
26 74
28 3
28 71
28 73
28 10
28 43
28 44
28 78
28 61
28 11
28 87
28 24
28 74
29 54
29 22
30 68
30 49
30 84
31 32
31 1
31 67
31 33
31 38
31 65
31 40
31 42
31 75
31 76
31 46
31 48
31 81
31 51
31 56
31 58
31 27
31 70
31 63
32 1
32 34
32 67
32 70
32 38
32 65
32 80
32 42
32 75
32 76
32 46
32 48
32 81
32 50
32 51
32 23
32 56
32 63
33 3
33 71
33 40
33 73
33 10
33 43
33 44
33 78
33 61
33 11
33 87
33 24
33 58
33 74
34 33
34 3
34 38
34 71
34 40
34 10
34 76
34 78
34 61
34 51
34 74
34 24
34 58
34 27
34 42
34 63
35 64
35 65
35 34
35 36
35 48
35 46
35 80
35 81
35 50
35 52
35 32
35 86
35 23
36 11
36 43
36 59
36 21
36 19
37 33
37 3
37 38
37 71
37 40
37 44
37 10
37 76
37 78
37 61
37 51
37 24
37 58
37 27
37 74
38 3
38 71
38 73
38 10
38 43
38 44
38 78
38 61
38 11
38 87
38 24
38 74
39 42
39 1
39 67
39 33
39 38
39 71
39 40
39 10
39 76
39 78
39 51
39 56
39 58
39 27
39 74
39 63
40 3
40 73
40 10
40 43
40 44
40 61
40 11
40 21
40 87
40 24
40 74
41 33
41 3
41 71
41 40
41 73
41 10
41 44
41 78
41 61
41 87
41 24
41 58
41 27
41 74
42 33
42 3
42 71
42 40
42 73
42 10
42 44
42 78
42 61
42 87
42 24
42 58
42 27
42 74
43 19
43 59
43 11
43 21
44 59
44 19
45 1
45 67
45 33
45 38
45 71
45 40
45 42
45 75
45 76
45 78
45 51
45 56
45 58
45 27
45 70
45 63
46 3
46 71
46 73
46 10
46 43
46 44
46 78
46 61
46 11
46 21
46 87
46 24
46 74
47 32
47 1
47 34
47 67
47 70
47 65
47 80
47 42
47 75
47 46
47 48
47 81
47 50
47 86
47 23
47 56
47 63
48 33
48 3
48 38
48 71
48 40
48 44
48 10
48 76
48 78
48 61
48 51
48 24
48 58
48 27
48 74
49 3
49 71
49 73
49 10
49 43
49 44
49 61
49 11
49 21
49 87
49 24
49 74
50 3
50 71
50 40
50 73
50 10
50 43
50 44
50 78
50 61
50 11
50 87
50 24
50 74
51 33
51 3
51 71
51 40
51 73
51 10
51 44
51 78
51 61
51 87
51 24
51 58
51 27
51 74
52 59
52 19
53 43
53 11
53 19
53 21
53 87
53 59
54 3
54 73
54 43
54 44
54 11
54 21
54 87
54 24
54 59
54 61
55 43
55 73
55 11
55 19
55 21
55 87
55 59
57 33
57 3
57 71
57 40
57 73
57 10
57 44
57 78
57 61
57 87
57 24
57 58
57 74
58 3
58 71
58 73
58 10
58 43
58 44
58 61
58 11
58 21
58 87
58 24
58 74
60 33
60 3
60 38
60 71
60 40
60 44
60 10
60 76
60 78
60 61
60 51
60 24
60 58
60 27
60 74
62 32
62 1
62 67
62 33
62 38
62 65
62 42
62 75
62 76
62 46
62 48
62 81
62 51
62 23
62 56
62 27
62 70
62 63
63 33
63 3
63 38
63 71
63 40
63 73
63 10
63 76
63 61
63 78
63 44
63 51
63 24
63 58
63 27
63 74
64 3
64 73
64 10
64 43
64 44
64 11
64 21
64 87
64 24
64 59
64 61
66 11
66 43
66 59
66 21
66 19
67 33
67 3
67 71
67 40
67 73
67 10
67 44
67 78
67 61
67 87
67 24
67 58
67 27
67 74
69 33
69 3
69 71
69 40
69 73
69 10
69 44
69 78
69 61
69 87
69 24
69 58
69 74
70 3
70 71
70 73
70 10
70 43
70 44
70 78
70 61
70 11
70 87
70 24
70 74
71 3
71 73
71 43
71 44
71 11
71 21
71 87
71 24
71 59
72 33
72 3
72 38
72 71
72 40
72 44
72 10
72 76
72 78
72 61
72 51
72 24
72 58
72 27
72 74
73 3
73 10
73 43
73 44
73 61
73 11
73 21
73 87
73 24
73 74
74 43
74 73
74 11
74 44
74 21
74 87
74 59
75 33
75 3
75 71
75 40
75 73
75 10
75 44
75 78
75 61
75 87
75 24
75 58
75 27
75 74
76 59
76 19
76 21
76 43
77 3
77 71
77 73
77 10
77 43
77 44
77 78
77 61
77 11
77 87
77 24
77 74
78 3
78 71
78 73
78 10
78 43
78 44
78 61
78 11
78 87
78 24
78 74
79 3
79 73
79 10
79 43
79 44
79 61
79 11
79 21
79 87
79 24
79 74
80 3
80 73
80 10
80 43
80 44
80 11
80 21
80 87
80 24
80 59
80 61
81 43
81 73
81 11
81 44
81 21
81 87
81 59
82 64
82 65
82 34
82 36
82 70
82 48
82 75
82 46
82 80
82 81
82 50
82 52
82 32
82 86
82 23
83 32
83 1
83 34
83 67
83 70
83 38
83 65
83 80
83 42
83 75
83 76
83 46
83 48
83 81
83 50
83 51
83 23
83 56
83 63
84 32
84 1
84 67
84 33
84 38
84 65
84 42
84 75
84 76
84 46
84 48
84 81
84 51
84 56
84 58
84 27
84 70
84 63
85 32
85 1
85 67
85 33
85 38
85 65
85 42
85 75
85 76
85 46
85 48
85 81
85 51
85 56
85 58
85 27
85 70
85 63
86 33
86 3
86 38
86 71
86 40
86 44
86 10
86 76
86 78
86 61
86 51
86 24
86 58
86 27
86 74
87 3
87 73
87 43
87 44
87 11
87 21
87 24
87 59
87 61
88 3
88 73
88 10
88 43
88 44
88 11
88 21
88 87
88 24
88 61
