88
2 1
2 34
2 67
2 36
2 40
2 73
2 75
2 44
2 66
2 77
2 76
2 49
2 82
2 84
2 54
2 87
2 24
2 55
2 72
2 31
3 68
3 1
3 2
3 66
3 40
3 73
3 74
3 34
3 77
3 45
3 80
3 49
3 82
3 84
3 53
3 54
3 55
3 24
3 36
3 72
3 31
5 80
5 35
5 68
5 37
5 39
5 73
5 74
5 71
5 45
5 47
5 48
5 18
5 83
5 21
5 57
5 26
5 79
5 53
6 64
6 35
6 4
6 37
6 39
6 71
6 47
6 48
6 83
6 52
6 57
6 26
6 79
7 1
7 2
7 67
7 36
7 54
7 40
7 73
7 75
7 44
7 66
7 77
7 34
7 49
7 82
7 84
7 76
7 87
7 24
7 55
7 72
7 31
8 9
8 81
8 25
9 1
9 66
9 67
9 70
9 40
9 44
9 75
9 76
9 2
9 78
9 77
9 34
9 49
9 82
9 84
9 54
9 55
9 24
9 87
9 31
10 66
10 1
10 34
10 36
10 49
10 39
10 40
10 73
10 74
10 71
10 45
10 80
10 72
10 18
10 82
10 21
10 68
10 31
10 53
11 68
11 1
11 2
11 66
11 40
11 73
11 74
11 34
11 77
11 45
11 80
11 49
11 18
11 82
11 84
11 21
11 24
11 36
11 31
11 72
11 53
12 80
12 35
12 36
12 37
12 39
12 72
12 73
12 74
12 71
12 45
12 47
12 48
12 18
12 83
12 21
12 57
12 68
12 26
12 79
12 53
13 80
13 35
13 68
13 37
13 39
13 74
13 71
13 45
13 47
13 48
13 18
13 83
13 21
13 57
13 26
13 79
13 53
14 1
14 2
14 67
14 70
14 44
14 75
14 76
14 34
14 46
14 77
14 49
14 84
14 78
14 54
14 55
14 24
14 87
14 31
16 66
16 1
16 34
16 36
16 49
16 39
16 40
16 73
16 74
16 71
16 45
16 80
16 72
16 18
16 82
16 21
16 68
16 31
16 53
17 1
17 2
17 24
17 31
17 34
17 36
17 40
17 44
17 45
17 49
17 53
17 54
17 55
17 66
17 68
17 72
17 73
17 74
17 75
17 77
17 82
17 84
18 67
18 70
18 76
18 75
18 44
18 77
18 46
18 78
18 54
18 55
18 24
18 87
23 68
23 1
23 2
23 66
23 40
23 73
23 74
23 34
23 45
23 80
23 49
23 18
23 82
23 84
23 21
23 72
23 36
23 31
23 53
25 67
25 70
25 76
25 75
25 44
25 77
25 46
25 78
25 54
25 55
25 24
25 87
26 67
26 70
26 76
26 75
26 44
26 77
26 46
26 78
26 54
26 55
26 56
26 87
27 67
27 70
27 76
27 75
27 44
27 46
27 78
27 54
27 87
27 56
29 80
29 35
29 36
29 37
29 39
29 72
29 73
29 74
29 71
29 45
29 47
29 48
29 18
29 83
29 21
29 57
29 68
29 26
29 79
29 53
30 64
30 4
30 37
30 47
30 52
30 25
30 57
30 26
31 67
31 70
31 76
31 75
31 44
31 77
31 46
31 78
31 54
31 55
31 56
31 87
32 82
32 80
32 66
32 35
32 36
32 39
32 40
32 73
32 74
32 71
32 45
32 79
32 48
32 72
32 18
32 83
32 21
32 68
32 53
33 82
33 1
33 66
33 35
33 36
33 49
33 39
33 40
33 73
33 74
33 71
33 45
33 80
33 79
33 48
33 72
33 18
33 83
33 21
33 68
33 53
34 1
34 2
34 36
34 40
34 73
34 74
34 75
34 44
34 66
34 77
34 45
34 76
34 49
34 82
34 84
34 54
34 55
34 24
34 72
34 31
36 2
36 67
36 70
36 76
36 75
36 44
36 77
36 46
36 84
36 78
36 54
36 55
36 24
36 87
36 31
38 64
38 35
38 4
38 37
38 39
38 71
38 47
38 48
38 18
38 83
38 52
38 21
38 57
38 26
38 79
39 2
39 67
39 70
39 44
39 75
39 76
39 34
39 46
39 77
39 84
39 78
39 54
39 55
39 24
39 87
39 31
41 1
41 2
41 18
41 21
41 24
41 31
41 34
41 36
41 40
41 45
41 49
41 53
41 55
41 66
41 68
41 72
41 73
41 74
41 77
41 80
41 82
41 84
42 1
42 2
42 67
42 70
42 40
42 44
42 75
42 76
42 34
42 46
42 77
42 49
42 84
42 78
42 54
42 55
42 24
42 87
42 31
43 1
43 2
43 18
43 21
43 24
43 31
43 34
43 36
43 40
43 45
43 49
43 53
43 54
43 55
43 66
43 68
43 72
43 73
43 74
43 77
43 80
43 82
43 84
45 67
45 70
45 76
45 75
45 44
45 77
45 46
45 24
45 78
45 54
45 55
45 56
45 87
47 1
47 2
47 36
47 40
47 73
47 74
47 75
47 44
47 34
47 77
47 45
47 49
47 82
47 84
47 66
47 54
47 55
47 24
47 72
47 31
47 53
48 68
48 1
48 2
48 66
48 40
48 73
48 74
48 34
48 77
48 45
48 80
48 49
48 18
48 82
48 84
48 21
48 24
48 36
48 31
48 72
48 53
50 64
50 48
50 35
50 4
50 37
50 39
50 71
50 45
50 47
50 80
50 18
50 83
50 21
50 57
50 68
50 26
50 79
50 53
51 68
51 1
51 2
51 66
51 40
51 73
51 74
51 75
51 34
51 77
51 45
51 49
51 82
51 84
51 53
51 54
51 55
51 24
51 36
51 72
51 31
52 64
52 80
52 35
52 4
52 37
52 39
52 71
52 47
52 48
52 18
52 83
52 21
52 57
52 68
52 26
52 79
60 1
60 18
60 21
60 34
60 35
60 36
60 39
60 40
60 45
60 48
60 49
60 53
60 66
60 68
60 71
60 72
60 73
60 74
60 79
60 80
60 82
60 83
63 66
63 1
63 34
63 35
63 36
63 49
63 39
63 40
63 73
63 74
63 71
63 45
63 80
63 72
63 18
63 82
63 21
63 68
63 31
63 53
64 2
64 67
64 70
64 76
64 75
64 44
64 77
64 46
64 84
64 78
64 54
64 55
64 24
64 87
64 31
67 70
67 76
67 75
67 44
67 77
67 46
67 24
67 78
67 54
67 55
67 56
67 87
68 66
68 1
68 2
68 36
68 39
68 40
68 73
68 74
68 34
68 45
68 80
68 49
68 18
68 82
68 84
68 21
68 72
68 31
68 53
69 1
69 2
69 67
69 70
69 44
69 75
69 76
69 34
69 46
69 77
69 49
69 84
69 78
69 54
69 55
69 24
69 87
69 31
71 1
71 2
71 24
71 31
71 34
71 36
71 40
71 44
71 45
71 49
71 53
71 54
71 55
71 66
71 68
71 72
71 73
71 74
71 75
71 77
71 82
71 84
72 2
72 67
72 70
72 76
72 75
72 44
72 77
72 46
72 84
72 78
72 54
72 55
72 24
72 87
73 68
73 1
73 2
73 66
73 40
73 74
73 75
73 44
73 34
73 77
73 45
73 49
73 82
73 84
73 53
73 54
73 55
73 24
73 36
73 72
73 31
74 67
74 70
74 76
74 75
74 44
74 77
74 46
74 78
74 54
74 55
74 56
74 87
79 80
79 35
79 68
79 37
79 39
79 74
79 71
79 45
79 47
79 48
79 18
79 83
79 21
79 57
79 26
79 53
80 67
80 70
80 76
80 75
80 44
80 77
80 46
80 84
80 78
80 54
80 55
80 24
80 87
86 80
86 35
86 36
86 37
86 39
86 72
86 73
86 74
86 71
86 45
86 47
86 48
86 18
86 83
86 21
86 57
86 68
86 26
86 79
86 53
88 1
88 66
88 67
88 40
88 44
88 75
88 76
88 2
88 78
88 77
88 34
88 49
88 82
88 84
88 54
88 55
88 24
88 87
88 31
