88
1 2
1 6
1 7
1 72
1 10
1 12
1 14
1 19
1 85
1 58
2 19
2 6
2 39
2 10
2 11
2 14
2 51
2 7
2 58
2 28
3 5
3 39
3 40
3 76
3 11
3 44
3 51
3 56
5 40
5 44
7 3
7 5
7 6
7 39
7 11
7 76
7 14
7 51
7 56
7 58
7 28
9 3
9 5
9 39
9 40
9 44
9 11
9 76
9 51
9 56
9 28
10 33
10 2
10 68
10 6
10 7
10 72
10 12
10 19
10 85
10 58
11 3
11 5
11 6
11 39
11 40
11 76
11 14
11 51
11 56
11 28
12 33
12 2
12 68
12 6
12 7
12 72
12 10
12 19
12 85
12 58
13 3
13 5
13 39
13 40
13 44
13 11
13 76
13 51
13 56
14 40
14 44
14 76
14 5
15 65
15 35
15 70
15 77
15 73
15 42
15 45
15 46
15 13
15 80
15 78
15 54
15 87
15 57
15 26
15 79
15 21
16 32
16 1
16 34
16 35
16 68
16 69
16 38
16 71
16 72
16 74
16 55
16 12
16 2
16 49
16 53
16 23
16 88
16 33
16 29
16 31
17 32
17 65
17 34
17 35
17 69
17 38
17 74
17 23
17 13
17 80
17 49
17 53
17 87
17 57
17 26
17 70
17 29
17 31
18 63
18 36
18 70
18 77
18 41
18 42
18 87
18 45
18 46
18 47
18 83
18 78
18 54
18 73
18 26
18 79
18 21
20 19
20 6
20 39
20 10
20 11
20 14
20 51
20 7
20 58
20 28
21 1
21 2
21 68
21 69
21 38
21 7
21 72
21 74
21 71
21 12
21 49
21 19
21 85
21 55
21 88
21 33
21 29
22 32
22 65
22 34
22 35
22 69
22 38
22 74
22 23
22 13
22 80
22 49
22 53
22 87
22 57
22 26
22 70
22 29
22 31
23 40
23 44
23 76
23 5
24 3
24 5
24 6
24 39
24 11
24 76
24 14
24 51
24 56
24 58
24 28
25 1
25 2
25 68
25 33
25 7
25 72
25 10
25 71
25 12
25 19
25 85
25 55
25 88
25 58
26 32
26 65
26 34
26 35
26 69
26 70
26 77
26 73
26 74
26 87
26 45
26 78
26 13
26 80
26 49
26 21
26 23
26 57
26 31
26 53
27 3
27 5
27 39
27 40
27 44
27 11
27 76
27 14
27 51
27 56
27 28
29 3
29 5
29 6
29 39
29 40
29 11
29 76
29 14
29 51
29 56
29 28
30 65
30 70
30 77
30 73
30 42
30 45
30 46
30 47
30 80
30 78
30 54
30 87
30 57
30 26
30 79
30 21
31 3
31 5
31 6
31 39
31 40
31 11
31 76
31 14
31 51
31 56
31 28
32 3
32 5
32 39
32 40
32 44
32 11
32 76
32 14
32 51
32 56
32 28
33 2
33 6
33 7
33 72
33 10
33 12
33 14
33 19
33 85
33 58
34 19
34 6
34 39
34 10
34 11
34 14
34 51
34 7
34 58
34 28
35 6
35 7
35 72
35 10
35 12
35 14
35 19
35 85
35 58
35 28
36 3
36 5
36 6
36 39
36 10
36 7
36 76
36 14
36 11
36 51
36 56
36 58
36 28
37 19
37 6
37 7
37 72
37 10
37 12
37 14
37 51
37 85
37 58
37 28
38 19
38 3
38 6
38 39
38 10
38 7
38 14
38 11
38 51
38 56
38 58
38 28
41 19
41 6
41 7
41 72
41 10
41 12
41 14
41 51
41 85
41 58
41 28
42 3
42 5
42 6
42 39
42 10
42 7
42 76
42 14
42 11
42 51
42 56
42 58
42 28
43 3
43 5
43 39
43 40
43 44
43 11
43 76
43 56
45 32
45 65
45 34
45 35
45 69
45 38
45 74
45 23
45 13
45 80
45 49
45 53
45 87
45 88
45 57
45 26
45 70
45 29
45 31
46 3
46 5
46 6
46 39
46 10
46 11
46 76
46 14
46 51
46 56
46 58
46 28
47 1
47 2
47 68
47 33
47 7
47 72
47 10
47 71
47 12
47 19
47 85
47 55
47 58
48 3
48 5
48 39
48 40
48 44
48 11
48 76
48 51
48 56
48 28
49 19
49 3
49 6
49 39
49 10
49 7
49 76
49 14
49 11
49 51
49 56
49 58
49 28
50 32
50 1
50 34
50 35
50 69
50 38
50 65
50 74
50 23
50 13
50 80
50 49
50 53
50 87
50 88
50 57
50 26
50 70
50 29
50 31
52 6
52 7
52 72
52 10
52 12
52 14
52 19
52 85
52 58
52 28
53 3
53 5
53 39
53 40
53 44
53 11
53 76
53 14
53 51
53 56
53 28
54 1
54 2
54 68
54 69
54 38
54 7
54 72
54 74
54 71
54 12
54 49
54 19
54 85
54 55
54 88
54 33
54 29
55 3
55 5
55 6
55 39
55 10
55 11
55 76
55 14
55 51
55 56
55 58
55 28
56 3
56 5
56 39
56 40
56 44
56 11
56 76
56 51
56 28
57 3
57 5
57 6
57 39
57 11
57 76
57 14
57 51
57 56
57 58
57 28
58 3
58 5
58 6
58 39
58 11
58 76
58 14
58 51
58 56
58 28
59 40
59 44
59 5
60 3
60 5
60 6
60 39
60 11
60 76
60 14
60 51
60 56
60 58
60 28
62 3
62 5
62 39
62 40
62 44
62 11
62 76
62 14
62 51
62 56
62 28
63 1
63 2
63 68
63 33
63 7
63 72
63 10
63 71
63 12
63 19
63 85
63 55
63 58
64 32
64 1
64 34
64 35
64 69
64 38
64 65
64 74
64 13
64 80
64 49
64 53
64 23
64 88
64 57
64 26
64 29
64 31
66 1
66 2
66 68
66 38
66 33
66 72
66 10
66 7
66 12
66 19
66 85
66 55
66 88
66 71
67 33
67 2
67 68
67 6
67 7
67 72
67 10
67 12
67 19
67 85
67 58
68 1
68 2
68 38
68 33
68 72
68 10
68 7
68 12
68 19
68 85
68 55
68 88
68 71
68 29
69 19
69 6
69 7
69 72
69 10
69 14
69 51
69 85
69 58
69 28
70 32
70 1
70 34
70 35
70 68
70 69
70 38
70 71
70 74
70 55
70 2
70 13
70 80
70 49
70 53
70 23
70 88
70 33
70 29
70 31
71 3
71 5
71 6
71 39
71 11
71 76
71 14
71 51
71 56
71 58
71 28
72 33
72 2
72 68
72 6
72 7
72 10
72 12
72 19
72 85
72 58
73 3
73 5
73 6
73 39
73 11
73 76
73 14
73 51
73 56
73 58
73 28
74 1
74 2
74 68
74 33
74 7
74 72
74 10
74 71
74 12
74 19
74 85
74 55
74 88
74 58
75 3
75 5
75 39
75 40
75 44
75 11
75 76
75 14
75 51
75 56
75 28
77 33
77 2
77 6
77 7
77 72
77 10
77 12
77 14
77 19
77 85
77 58
78 3
78 5
78 6
78 39
78 40
78 11
78 76
78 14
78 51
78 56
78 58
78 28
79 33
79 2
79 68
79 6
79 7
79 72
79 10
79 12
79 19
79 85
79 58
80 6
80 7
80 72
80 10
80 12
80 14
80 19
80 85
80 58
80 28
81 65
81 70
81 77
81 73
81 42
81 45
81 46
81 13
81 80
81 79
81 78
81 54
81 87
81 57
81 26
81 47
81 21
82 33
82 2
82 68
82 6
82 7
82 72
82 10
82 71
82 12
82 19
82 85
82 58
83 32
83 65
83 34
83 35
83 69
83 38
83 74
83 23
83 13
83 80
83 49
83 53
83 87
83 57
83 26
83 70
83 29
83 31
87 3
87 5
87 39
87 40
87 44
87 11
87 76
87 14
87 51
87 56
87 28
88 3
88 5
88 6
88 39
88 11
88 76
88 14
88 51
88 56
88 58
88 28
