88
1 2
1 3
1 68
1 70
1 44
1 23
1 12
1 66
1 13
1 18
1 85
1 55
1 24
1 57
1 87
1 27
1 28
2 66
2 3
2 12
2 13
2 85
2 23
2 57
2 27
3 2
3 66
3 70
3 44
3 23
3 12
3 13
3 85
3 55
3 24
3 57
3 27
3 28
4 1
4 2
4 3
4 68
4 70
4 12
4 87
4 44
4 66
4 24
4 18
4 85
4 55
4 23
4 57
4 27
4 28
4 61
5 1
5 2
5 3
5 68
5 70
5 12
5 23
5 44
5 66
5 13
5 18
5 85
5 55
5 24
5 57
5 87
5 27
5 28
7 1
7 70
7 68
7 37
7 38
7 41
7 74
7 77
7 47
7 49
7 18
7 53
7 87
7 24
7 63
7 28
7 61
7 62
7 69
8 2
8 3
8 12
8 13
8 23
8 57
8 27
10 1
10 67
10 68
10 69
10 38
10 41
10 74
10 75
10 77
10 47
10 49
10 18
10 53
10 87
10 58
10 63
10 61
10 62
10 37
11 1
11 2
11 3
11 68
11 70
11 12
11 87
11 44
11 66
11 24
11 18
11 85
11 55
11 23
11 57
11 27
11 28
11 61
12 2
12 3
12 68
12 70
12 23
12 44
12 66
12 13
12 18
12 85
12 55
12 24
12 57
12 87
12 27
12 28
14 2
14 3
14 68
14 70
14 44
14 23
14 12
14 66
14 13
14 18
14 85
14 55
14 24
14 57
14 87
14 27
14 28
15 1
15 2
15 3
15 68
15 70
15 12
15 23
15 44
15 66
15 13
15 18
15 85
15 55
15 24
15 57
15 87
15 27
15 28
17 1
17 2
17 3
17 68
17 70
17 12
17 87
17 44
17 66
17 24
17 18
17 85
17 55
17 23
17 57
17 27
17 28
17 61
20 1
20 66
20 68
20 70
20 12
20 74
20 55
20 44
20 77
20 18
20 85
20 87
20 24
20 28
20 61
21 6
21 22
21 30
21 32
21 33
21 34
21 40
21 42
21 45
21 46
21 48
21 54
21 56
21 65
21 71
21 72
21 76
21 79
21 80
21 82
21 84
21 86
22 1
22 70
22 68
22 37
22 38
22 41
22 74
22 55
22 44
22 77
22 47
22 49
22 18
22 53
22 87
22 24
22 28
22 61
22 62
22 63
29 1
29 67
29 68
29 69
29 38
29 41
29 74
29 75
29 77
29 78
29 47
29 49
29 18
29 53
29 73
29 87
29 58
29 63
29 61
29 62
29 37
30 6
30 22
30 32
30 33
30 34
30 40
30 41
30 42
30 45
30 46
30 47
30 54
30 58
30 65
30 67
30 69
30 71
30 72
30 73
30 75
30 76
30 78
30 79
30 80
30 82
30 84
30 86
31 6
31 22
31 30
31 32
31 33
31 34
31 37
31 40
31 41
31 42
31 45
31 46
31 47
31 49
31 53
31 54
31 58
31 63
31 65
31 67
31 69
31 71
31 72
31 73
31 75
31 78
31 79
31 80
31 82
31 84
31 86
32 6
32 22
32 30
32 33
32 34
32 37
32 40
32 41
32 42
32 45
32 46
32 47
32 49
32 53
32 54
32 58
32 62
32 63
32 65
32 67
32 69
32 72
32 73
32 75
32 78
32 79
32 80
32 82
32 84
32 86
33 37
33 38
33 40
33 41
33 42
33 46
33 47
33 49
33 53
33 58
33 61
33 62
33 63
33 65
33 67
33 69
33 73
33 74
33 75
33 77
33 78
33 80
33 84
34 6
34 22
34 30
34 32
34 33
34 37
34 38
34 40
34 41
34 42
34 45
34 46
34 47
34 49
34 53
34 58
34 62
34 63
34 65
34 67
34 69
34 72
34 73
34 74
34 75
34 77
34 78
34 80
34 82
34 84
34 86
35 6
35 22
35 30
35 32
35 33
35 34
35 37
35 40
35 41
35 42
35 45
35 46
35 47
35 49
35 53
35 54
35 58
35 62
35 63
35 65
35 67
35 69
35 72
35 73
35 75
35 78
35 79
35 80
35 82
35 84
35 86
36 1
36 66
36 3
36 68
36 70
36 12
36 74
36 87
36 44
36 24
36 18
36 85
36 55
36 23
36 57
36 28
36 61
37 1
37 2
37 3
37 68
37 70
37 12
37 23
37 44
37 66
37 13
37 18
37 85
37 55
37 24
37 57
37 87
37 27
37 28
39 1
39 33
39 37
39 38
39 40
39 41
39 47
39 49
39 53
39 58
39 61
39 62
39 63
39 65
39 67
39 69
39 73
39 74
39 75
39 77
39 78
39 80
43 1
43 66
43 3
43 68
43 70
43 12
43 87
43 44
43 24
43 18
43 85
43 55
43 23
43 57
43 28
43 61
45 2
45 3
45 44
45 23
45 12
45 66
45 13
45 85
45 55
45 57
45 27
47 33
47 37
47 38
47 40
47 41
47 42
47 46
47 49
47 53
47 58
47 61
47 62
47 63
47 65
47 67
47 69
47 73
47 74
47 75
47 77
47 78
47 80
47 82
47 84
48 1
48 66
48 68
48 70
48 12
48 74
48 55
48 44
48 77
48 18
48 85
48 87
48 24
48 28
48 61
49 1
49 66
49 68
49 70
49 38
49 12
49 74
49 55
49 44
49 77
49 18
49 85
49 87
49 24
49 28
49 61
49 62
51 2
51 3
51 68
51 70
51 44
51 23
51 12
51 66
51 13
51 18
51 85
51 55
51 24
51 57
51 87
51 27
51 28
55 2
55 3
55 12
55 66
55 13
55 85
55 23
55 57
55 27
59 2
59 3
59 68
59 70
59 44
59 23
59 12
59 66
59 13
59 18
59 85
59 55
59 24
59 57
59 87
59 27
59 28
60 6
60 22
60 30
60 32
60 33
60 34
60 37
60 38
60 40
60 41
60 42
60 45
60 46
60 47
60 49
60 53
60 58
60 62
60 63
60 65
60 67
60 69
60 72
60 73
60 74
60 75
60 77
60 78
60 80
60 82
60 84
60 86
63 2
63 3
63 70
63 44
63 23
63 12
63 66
63 13
63 85
63 55
63 24
63 57
63 27
63 28
64 2
64 3
64 44
64 23
64 12
64 66
64 13
64 85
64 55
64 57
64 27
67 1
67 66
67 68
67 70
67 12
67 74
67 55
67 44
67 77
67 18
67 85
67 87
67 24
67 57
67 28
67 61
68 1
68 2
68 3
68 70
68 12
68 87
68 44
68 66
68 24
68 18
68 85
68 55
68 23
68 57
68 27
68 28
68 61
76 2
76 3
76 70
76 44
76 23
76 12
76 66
76 13
76 85
76 55
76 24
76 57
76 27
76 28
77 2
77 3
77 70
77 44
77 23
77 12
77 66
77 13
77 85
77 55
77 24
77 57
77 27
77 28
79 2
79 3
79 70
79 44
79 23
79 12
79 66
79 13
79 85
79 55
79 24
79 57
79 27
79 28
80 1
80 66
80 68
80 70
80 12
80 74
80 55
80 44
80 77
80 18
80 85
80 87
80 24
80 57
80 28
80 61
81 1
81 66
81 68
81 70
81 38
81 12
81 74
81 55
81 44
81 77
81 18
81 85
81 87
81 24
81 28
81 61
81 62
83 35
83 36
83 9
83 48
83 25
83 26
83 29
85 2
85 3
85 70
85 44
85 23
85 12
85 66
85 13
85 55
85 24
85 57
85 27
85 28
86 33
86 67
86 69
86 38
86 65
86 40
86 41
86 74
86 75
86 77
86 78
86 47
86 80
86 49
86 53
86 73
86 58
86 63
86 61
86 62
86 37
87 2
87 3
87 44
87 23
87 12
87 66
87 13
87 85
87 55
87 24
87 57
87 27
87 28
88 1
88 70
88 68
88 37
88 38
88 41
88 74
88 55
88 44
88 77
88 47
88 49
88 18
88 53
88 87
88 24
88 63
88 28
88 61
88 62
88 69
