88
1 4
1 6
1 8
1 12
1 13
1 18
1 23
1 27
1 32
1 33
1 37
1 39
1 40
1 43
1 46
1 50
1 61
1 64
1 68
1 75
1 79
1 88
2 1
2 4
2 6
2 8
2 13
2 18
2 27
2 33
2 34
2 35
2 36
2 39
2 42
2 50
2 67
2 68
2 75
2 76
2 78
2 79
2 80
2 83
3 64
3 65
3 37
3 32
3 40
3 9
3 43
3 12
3 45
3 46
3 88
3 82
3 19
3 55
3 23
3 57
3 61
4 64
4 33
4 18
4 75
4 68
4 37
4 6
4 39
4 8
4 43
4 12
4 13
4 46
4 79
4 40
4 50
4 32
4 23
4 88
4 27
4 61
5 41
5 77
5 47
5 80
5 84
5 21
5 85
6 65
6 9
6 82
6 19
6 55
6 56
6 58
7 1
7 4
7 6
7 8
7 13
7 18
7 27
7 32
7 33
7 34
7 35
7 36
7 37
7 39
7 40
7 42
7 50
7 64
7 67
7 68
7 75
7 76
7 78
7 79
7 83
7 88
9 65
9 55
9 12
9 45
9 46
9 82
9 19
9 23
9 56
9 57
9 58
9 61
10 8
10 9
10 12
10 13
10 18
10 19
10 23
10 27
10 32
10 37
10 39
10 40
10 43
10 45
10 46
10 50
10 55
10 57
10 61
10 64
10 68
10 75
10 88
11 4
11 6
11 8
11 12
11 13
11 18
11 23
11 27
11 32
11 33
11 37
11 39
11 40
11 43
11 45
11 46
11 50
11 57
11 61
11 64
11 68
11 75
11 88
13 56
13 65
13 58
13 19
13 82
14 56
14 58
16 65
16 9
16 23
16 12
16 45
16 46
16 82
16 19
16 55
16 56
16 57
16 58
16 61
17 16
17 49
17 22
20 1
20 4
20 6
20 8
20 13
20 18
20 27
20 32
20 33
20 34
20 35
20 37
20 39
20 40
20 43
20 50
20 61
20 64
20 68
20 75
20 79
20 88
22 4
22 6
22 8
22 12
22 13
22 18
22 23
22 27
22 32
22 33
22 37
22 39
22 40
22 43
22 46
22 50
22 61
22 64
22 68
22 75
22 79
22 88
24 6
24 8
24 9
24 12
24 13
24 18
24 23
24 27
24 32
24 33
24 37
24 39
24 40
24 43
24 45
24 46
24 50
24 55
24 57
24 61
24 64
24 68
24 75
24 88
25 1
25 34
25 35
25 36
25 41
25 42
25 83
25 76
25 77
25 78
25 47
25 80
25 67
25 21
25 85
26 16
26 49
26 22
28 56
28 65
28 58
28 19
28 82
30 1
30 34
30 35
30 36
30 42
30 83
30 76
30 77
30 78
30 47
30 80
30 67
30 21
30 79
31 65
31 9
31 43
31 12
31 45
31 46
31 82
31 19
31 55
31 23
31 57
31 61
32 65
32 9
32 82
32 19
32 55
32 56
32 58
33 65
33 9
33 82
33 19
33 56
33 58
34 64
34 65
34 75
34 37
34 32
34 8
34 9
34 43
34 12
34 45
34 46
34 13
34 88
34 18
34 19
34 40
34 55
34 23
34 57
34 27
34 61
35 56
35 65
35 58
35 19
35 82
36 65
36 9
36 55
36 12
36 45
36 82
36 19
36 23
36 56
36 57
36 58
37 64
37 65
37 32
37 40
37 9
37 43
37 12
37 45
37 46
37 88
37 82
37 19
37 55
37 23
37 57
37 61
38 68
38 1
38 34
38 35
38 4
38 6
38 33
38 8
38 42
38 39
38 76
38 77
38 78
38 79
38 80
38 50
38 83
38 67
38 36
39 56
39 58
44 65
44 9
44 23
44 12
44 45
44 46
44 82
44 19
44 55
44 56
44 57
44 58
44 61
45 56
45 58
47 56
47 58
48 65
48 9
48 55
48 45
48 82
48 19
48 23
48 56
48 57
48 58
49 56
49 58
51 64
51 1
51 34
51 50
51 4
51 37
51 6
51 39
51 8
51 75
51 43
51 13
51 79
51 40
51 18
51 32
51 88
51 68
51 33
51 27
51 61
52 64
52 65
52 37
52 32
52 40
52 9
52 43
52 12
52 45
52 46
52 13
52 88
52 82
52 19
52 55
52 23
52 57
52 61
53 64
53 65
53 37
53 32
53 40
53 9
53 43
53 12
53 45
53 46
53 82
53 19
53 55
53 23
53 57
53 61
54 1
54 4
54 6
54 8
54 13
54 18
54 27
54 32
54 33
54 34
54 37
54 39
54 40
54 43
54 46
54 50
54 61
54 64
54 68
54 75
54 79
54 88
59 1
59 4
59 6
59 8
59 13
59 18
59 27
59 32
59 33
59 34
59 35
59 37
59 39
59 40
59 42
59 43
59 50
59 64
59 67
59 68
59 75
59 79
59 83
59 88
60 48
60 16
60 22
60 30
62 68
62 1
62 34
62 35
62 4
62 6
62 33
62 8
62 42
62 39
62 76
62 77
62 78
62 79
62 80
62 50
62 83
62 67
62 36
65 9
65 82
65 19
65 55
65 56
65 58
66 1
66 4
66 6
66 8
66 13
66 18
66 27
66 33
66 34
66 35
66 36
66 39
66 40
66 42
66 50
66 64
66 67
66 68
66 75
66 76
66 78
66 79
66 80
66 83
66 88
67 56
67 65
67 58
67 19
67 82
68 64
68 1
68 34
68 50
68 4
68 37
68 6
68 39
68 8
68 75
68 43
68 13
68 79
68 40
68 18
68 32
68 88
68 33
68 27
68 61
69 1
69 4
69 6
69 8
69 13
69 18
69 27
69 32
69 33
69 34
69 37
69 39
69 40
69 43
69 46
69 50
69 61
69 64
69 68
69 75
69 79
69 88
70 65
70 9
70 43
70 12
70 45
70 46
70 82
70 19
70 55
70 23
70 57
70 61
71 1
71 4
71 6
71 8
71 13
71 18
71 27
71 32
71 33
71 34
71 35
71 36
71 37
71 39
71 40
71 42
71 43
71 50
71 64
71 67
71 68
71 75
71 79
71 83
71 88
72 65
72 9
72 43
72 12
72 45
72 46
72 82
72 19
72 55
72 23
72 57
72 61
73 64
73 65
73 18
73 75
73 37
73 32
73 40
73 9
73 43
73 12
73 45
73 46
73 13
73 88
73 82
73 19
73 55
73 23
73 57
73 27
73 61
74 64
74 1
74 34
74 50
74 4
74 37
74 6
74 39
74 8
74 75
74 43
74 13
74 79
74 40
74 18
74 32
74 88
74 68
74 33
74 27
74 61
75 56
75 58
76 4
76 6
76 8
76 12
76 13
76 18
76 23
76 27
76 32
76 33
76 37
76 39
76 40
76 43
76 45
76 46
76 50
76 57
76 61
76 64
76 68
76 75
76 88
77 56
77 65
77 58
77 19
77 82
78 65
78 9
78 82
78 19
78 55
78 56
78 58
79 65
79 9
79 55
79 45
79 82
79 19
79 23
79 56
79 57
79 58
80 65
80 9
80 82
80 19
80 55
80 56
80 58
81 65
81 9
81 82
81 19
81 55
81 56
81 58
82 65
82 9
82 45
82 19
82 55
82 56
82 57
82 58
83 1
83 4
83 6
83 8
83 13
83 18
83 27
83 32
83 33
83 34
83 35
83 37
83 39
83 40
83 43
83 50
83 61
83 64
83 68
83 75
83 79
83 88
86 1
86 34
86 35
86 36
86 42
86 83
86 76
86 77
86 78
86 47
86 80
86 67
86 21
86 79
87 6
87 8
87 9
87 12
87 13
87 18
87 23
87 27
87 32
87 33
87 37
87 39
87 40
87 43
87 45
87 46
87 50
87 55
87 57
87 61
87 64
87 68
87 75
87 88
88 8
88 9
88 12
88 13
88 18
88 19
88 23
88 27
88 32
88 37
88 39
88 40
88 43
88 45
88 46
88 55
88 57
88 61
88 64
88 65
88 68
88 75
