88
1 4
1 7
1 9
1 11
1 18
1 21
1 25
1 26
1 33
1 41
1 44
1 48
1 53
1 55
1 57
1 58
1 61
1 62
1 63
1 66
1 67
1 68
1 69
1 71
1 72
1 73
1 74
1 77
1 78
1 79
1 83
1 87
1 88
2 4
2 7
2 9
2 10
2 18
2 26
2 33
2 55
2 57
2 58
2 62
2 63
2 65
2 66
2 67
2 68
2 71
2 72
2 74
2 79
2 87
2 88
3 4
3 7
3 9
3 11
3 18
3 21
3 25
3 26
3 33
3 41
3 44
3 48
3 53
3 55
3 57
3 58
3 61
3 62
3 63
3 66
3 67
3 68
3 69
3 71
3 72
3 73
3 74
3 77
3 78
3 79
3 83
3 87
3 88
4 10
5 10
6 33
6 66
6 67
6 68
6 65
6 7
6 72
6 9
6 10
6 71
6 79
6 87
6 55
6 26
6 74
6 62
7 65
7 10
7 87
8 2
8 4
8 6
8 7
8 9
8 11
8 18
8 21
8 25
8 26
8 32
8 33
8 41
8 44
8 48
8 53
8 54
8 55
8 56
8 57
8 58
8 61
8 62
8 63
8 64
8 67
8 68
8 69
8 70
8 71
8 72
8 73
8 74
8 77
8 78
8 79
8 83
8 84
8 88
9 33
9 66
9 67
9 4
9 65
9 7
9 72
9 10
9 71
9 79
9 87
9 26
9 57
9 55
9 88
9 68
9 58
9 74
9 62
9 63
10 65
10 66
10 87
13 2
13 5
13 6
13 8
13 24
13 27
13 31
13 32
13 35
13 36
13 37
13 38
13 39
13 42
13 43
13 45
13 47
13 54
13 56
13 64
13 70
13 84
13 86
14 65
14 10
14 87
17 2
17 5
17 6
17 8
17 11
17 21
17 24
17 25
17 27
17 32
17 37
17 39
17 41
17 42
17 43
17 44
17 47
17 48
17 53
17 54
17 56
17 61
17 64
17 69
17 70
17 73
17 77
17 78
17 83
17 84
17 86
18 10
19 2
19 5
19 6
19 8
19 11
19 21
19 24
19 25
19 27
19 31
19 32
19 37
19 39
19 41
19 42
19 43
19 44
19 47
19 53
19 54
19 56
19 64
19 69
19 70
19 73
19 77
19 78
19 83
19 84
19 86
21 4
21 7
21 9
21 10
21 18
21 26
21 33
21 41
21 48
21 53
21 55
21 57
21 58
21 61
21 62
21 63
21 65
21 66
21 67
21 68
21 71
21 72
21 73
21 74
21 79
21 87
21 88
22 2
22 4
22 6
22 11
22 18
22 21
22 25
22 32
22 33
22 39
22 41
22 43
22 44
22 48
22 53
22 54
22 55
22 56
22 57
22 58
22 61
22 63
22 64
22 68
22 69
22 70
22 71
22 72
22 73
22 74
22 77
22 78
22 79
22 83
22 84
22 88
23 4
23 7
23 9
23 10
23 18
23 26
23 33
23 48
23 53
23 55
23 57
23 58
23 61
23 62
23 63
23 65
23 66
23 67
23 68
23 71
23 72
23 74
23 79
23 87
23 88
25 33
25 66
25 67
25 65
25 7
25 72
25 9
25 10
25 55
25 79
25 87
25 26
25 62
26 65
26 66
26 7
26 9
26 10
26 87
26 62
30 33
30 66
30 67
30 68
30 65
30 7
30 72
30 9
30 10
30 71
30 79
30 87
30 55
30 88
30 57
30 26
30 74
30 62
31 65
31 10
32 33
32 66
32 67
32 4
32 65
32 7
32 72
32 9
32 10
32 71
32 79
32 87
32 26
32 57
32 55
32 88
32 68
32 58
32 74
32 62
33 65
33 10
33 66
33 87
34 4
34 7
34 9
34 10
34 18
34 26
34 33
34 41
34 48
34 53
34 55
34 57
34 58
34 61
34 62
34 63
34 65
34 66
34 67
34 68
34 71
34 72
34 73
34 74
34 79
34 87
34 88
35 65
35 66
35 7
35 9
35 10
35 87
35 26
35 62
39 33
39 66
39 67
39 65
39 7
39 72
39 9
39 10
39 71
39 79
39 87
39 55
39 26
39 62
41 65
41 66
41 67
41 7
41 9
41 10
41 87
41 26
41 62
45 33
45 66
45 67
45 68
45 65
45 7
45 72
45 9
45 10
45 71
45 79
45 87
45 55
45 26
45 74
45 62
49 65
49 10
51 33
51 66
51 67
51 68
51 65
51 7
51 72
51 9
51 10
51 71
51 79
51 87
51 55
51 26
51 74
51 62
52 4
52 7
52 9
52 10
52 18
52 26
52 33
52 41
52 48
52 53
52 55
52 57
52 58
52 61
52 62
52 63
52 65
52 66
52 67
52 68
52 71
52 72
52 74
52 79
52 87
52 88
53 33
53 66
53 67
53 68
53 65
53 7
53 72
53 9
53 10
53 71
53 79
53 87
53 55
53 26
53 74
53 62
55 65
55 10
55 87
57 33
57 66
57 67
57 68
57 65
57 7
57 72
57 9
57 10
57 71
57 79
57 87
57 55
57 88
57 26
57 74
57 62
59 4
59 7
59 9
59 10
59 18
59 26
59 33
59 41
59 48
59 53
59 55
59 57
59 58
59 61
59 62
59 63
59 65
59 66
59 67
59 68
59 71
59 72
59 74
59 79
59 87
59 88
60 35
60 36
60 38
60 40
60 50
60 46
60 49
60 82
60 28
60 30
62 33
62 66
62 67
62 65
62 7
62 9
62 10
62 79
62 87
62 26
63 33
63 66
63 67
63 4
63 65
63 7
63 72
63 9
63 10
63 71
63 79
63 87
63 26
63 57
63 55
63 88
63 68
63 58
63 74
63 62
65 33
65 66
65 67
65 7
65 72
65 9
65 10
65 55
65 79
65 87
65 26
65 62
66 65
66 10
66 87
67 65
67 10
67 87
69 33
69 66
69 67
69 68
69 65
69 7
69 72
69 9
69 10
69 71
69 79
69 87
69 55
69 26
69 74
69 62
70 65
70 10
70 87
71 33
71 66
71 67
71 4
71 65
71 7
71 72
71 9
71 10
71 55
71 79
71 26
71 57
71 87
71 88
71 68
71 58
71 74
71 62
71 63
72 33
72 66
72 67
72 65
72 7
72 9
72 10
72 79
72 87
72 26
72 62
73 65
73 10
73 87
74 65
74 66
74 9
74 10
74 87
74 26
75 33
75 66
75 67
75 65
75 7
75 72
75 9
75 10
75 55
75 79
75 87
75 26
75 62
76 4
76 7
76 9
76 10
76 18
76 26
76 33
76 55
76 57
76 58
76 62
76 63
76 65
76 66
76 67
76 68
76 71
76 72
76 74
76 79
76 87
76 88
77 65
77 66
77 7
77 9
77 10
77 87
77 26
77 62
79 33
79 66
79 67
79 65
79 7
79 72
79 9
79 10
79 71
79 87
79 55
79 26
79 62
80 33
80 66
80 67
80 4
80 65
80 7
80 72
80 9
80 10
80 71
80 79
80 87
80 26
80 57
80 55
80 88
80 68
80 58
80 74
80 62
81 35
81 36
81 5
81 6
81 39
81 8
81 31
81 42
81 43
81 45
81 38
81 47
81 27
81 24
81 84
81 86
81 56
81 54
81 70
81 37
83 33
83 66
83 67
83 65
83 7
83 72
83 9
83 10
83 71
83 79
83 87
83 55
83 26
83 62
84 33
84 66
84 67
84 65
84 7
84 9
84 10
84 79
84 87
84 26
84 62
85 4
85 7
85 9
85 18
85 21
85 25
85 26
85 33
85 41
85 44
85 48
85 53
85 55
85 57
85 58
85 61
85 62
85 63
85 66
85 67
85 68
85 69
85 71
85 72
85 73
85 74
85 77
85 78
85 79
85 83
85 87
85 88
87 33
87 66
87 67
87 68
87 65
87 7
87 72
87 9
87 10
87 71
87 79
87 55
87 88
87 57
87 26
87 74
87 62
88 65
88 10
