88
1 12
1 17
1 20
1 26
1 28
1 29
1 34
1 36
1 40
1 44
1 48
1 50
1 51
1 52
1 56
1 61
1 62
1 64
1 65
1 66
1 67
1 75
1 76
1 78
1 81
1 82
2 64
2 34
2 67
2 36
2 17
2 40
2 76
2 75
2 44
2 50
2 29
2 48
2 81
2 82
2 22
2 56
2 68
2 26
2 61
2 62
3 8
3 12
3 13
3 20
3 21
3 23
3 25
3 27
3 28
3 31
3 35
3 37
3 42
3 43
3 46
3 47
3 51
3 52
3 54
3 59
3 65
3 66
3 73
3 74
3 77
3 78
3 79
3 84
3 88
4 64
4 80
4 34
4 67
4 36
4 17
4 76
4 75
4 44
4 29
4 48
4 81
4 82
4 22
4 56
4 68
4 26
4 61
4 62
5 80
5 34
5 36
5 17
5 44
5 29
5 48
5 81
5 82
5 22
5 68
5 26
5 61
6 64
6 34
6 67
6 36
6 17
6 40
6 76
6 75
6 44
6 50
6 29
6 48
6 81
6 82
6 22
6 56
6 68
6 26
6 61
6 62
7 8
7 12
7 13
7 17
7 20
7 21
7 23
7 25
7 28
7 31
7 36
7 40
7 42
7 43
7 44
7 46
7 47
7 50
7 51
7 52
7 54
7 56
7 62
7 64
7 65
7 66
7 67
7 73
7 74
7 75
7 76
7 78
7 79
8 33
8 70
8 72
8 41
8 77
8 84
8 53
8 9
8 88
9 33
9 35
9 37
9 70
9 72
9 41
9 42
9 43
9 77
9 46
9 59
9 84
9 53
9 88
9 27
9 74
10 33
10 35
10 37
10 70
10 72
10 9
10 42
10 43
10 77
10 46
10 59
10 84
10 53
10 41
10 88
10 27
10 74
11 8
11 12
11 13
11 20
11 21
11 23
11 25
11 27
11 28
11 31
11 35
11 37
11 40
11 42
11 43
11 46
11 47
11 50
11 51
11 52
11 54
11 56
11 59
11 62
11 65
11 66
11 73
11 74
11 75
11 78
11 79
12 8
12 9
12 13
12 21
12 23
12 25
12 27
12 31
12 35
12 37
12 42
12 43
12 46
12 47
12 51
12 52
12 54
12 59
12 66
12 72
12 73
12 74
12 77
12 78
12 79
12 84
12 88
14 8
14 9
14 13
14 21
14 23
14 25
14 27
14 31
14 33
14 35
14 37
14 41
14 42
14 43
14 46
14 47
14 54
14 59
14 70
14 72
14 73
14 74
14 77
14 79
14 84
14 88
16 8
16 12
16 13
16 20
16 21
16 23
16 25
16 27
16 28
16 31
16 35
16 37
16 42
16 43
16 46
16 47
16 50
16 51
16 52
16 54
16 59
16 65
16 66
16 73
16 74
16 77
16 78
16 79
17 8
17 12
17 13
17 20
17 21
17 23
17 25
17 27
17 28
17 31
17 35
17 37
17 42
17 43
17 46
17 47
17 50
17 51
17 52
17 54
17 59
17 65
17 66
17 73
17 74
17 77
17 78
17 79
18 12
18 17
18 20
18 26
18 28
18 29
18 34
18 36
18 40
18 44
18 48
18 50
18 56
18 61
18 62
18 64
18 65
18 67
18 68
18 75
18 76
18 78
18 81
18 82
19 33
19 70
19 72
19 41
19 77
19 84
19 53
19 9
19 88
23 33
23 70
23 72
23 41
23 77
23 84
23 53
23 9
23 88
24 8
24 12
24 13
24 17
24 20
24 21
24 23
24 25
24 28
24 31
24 36
24 40
24 42
24 44
24 46
24 47
24 50
24 51
24 52
24 54
24 56
24 62
24 64
24 65
24 66
24 67
24 73
24 74
24 75
24 76
24 78
24 79
24 82
27 33
27 35
27 37
27 70
27 72
27 9
27 42
27 43
27 77
27 46
27 84
27 53
27 41
27 88
27 59
27 74
29 8
29 12
29 13
29 20
29 21
29 23
29 25
29 27
29 28
29 31
29 35
29 37
29 40
29 42
29 43
29 46
29 47
29 50
29 51
29 52
29 54
29 56
29 59
29 62
29 65
29 66
29 73
29 74
29 75
29 78
29 79
30 8
30 12
30 13
30 20
30 21
30 23
30 25
30 27
30 28
30 31
30 35
30 37
30 40
30 42
30 43
30 46
30 47
30 50
30 51
30 52
30 54
30 56
30 59
30 62
30 64
30 65
30 66
30 67
30 73
30 74
30 75
30 76
30 78
30 79
32 8
32 12
32 13
32 17
32 20
32 21
32 23
32 25
32 28
32 31
32 35
32 37
32 40
32 42
32 43
32 46
32 47
32 50
32 51
32 52
32 54
32 56
32 62
32 64
32 65
32 66
32 67
32 73
32 74
32 75
32 76
32 78
32 79
37 33
37 70
37 72
37 41
37 77
37 84
37 53
37 9
37 88
37 59
39 33
39 35
39 37
39 70
39 72
39 9
39 42
39 43
39 77
39 46
39 59
39 84
39 53
39 41
39 88
39 27
39 74
42 33
42 59
42 37
42 70
42 72
42 9
42 77
42 84
42 53
42 41
42 88
42 27
43 33
43 35
43 37
43 70
43 8
43 9
43 42
43 23
43 73
43 13
43 46
43 77
43 72
43 59
43 84
43 53
43 54
43 41
43 88
43 27
43 74
49 8
49 12
49 13
49 17
49 20
49 21
49 23
49 25
49 28
49 31
49 36
49 40
49 44
49 47
49 50
49 51
49 52
49 54
49 56
49 62
49 64
49 65
49 66
49 67
49 73
49 75
49 76
49 78
49 79
49 81
49 82
51 8
51 9
51 13
51 21
51 23
51 25
51 27
51 31
51 33
51 35
51 37
51 41
51 42
51 43
51 46
51 47
51 52
51 54
51 59
51 66
51 70
51 72
51 73
51 74
51 77
51 79
51 84
51 88
52 8
52 9
52 12
52 13
52 20
52 21
52 23
52 25
52 27
52 28
52 31
52 35
52 37
52 42
52 43
52 46
52 47
52 51
52 54
52 59
52 65
52 66
52 73
52 74
52 77
52 78
52 79
52 84
52 88
55 33
55 35
55 37
55 70
55 72
55 9
55 77
55 59
55 84
55 53
55 41
55 88
55 27
58 8
58 9
58 13
58 21
58 23
58 25
58 27
58 31
58 33
58 35
58 37
58 41
58 42
58 43
58 46
58 47
58 54
58 59
58 70
58 72
58 73
58 74
58 77
58 79
58 84
58 88
59 33
59 35
59 37
59 70
59 72
59 9
59 77
59 84
59 53
59 41
59 88
59 27
60 8
60 12
60 17
60 20
60 21
60 25
60 26
60 28
60 29
60 31
60 36
60 40
60 44
60 47
60 50
60 51
60 52
60 54
60 56
60 62
60 64
60 65
60 66
60 67
60 75
60 76
60 78
60 79
60 81
60 82
63 8
63 9
63 12
63 13
63 20
63 21
63 23
63 25
63 27
63 28
63 31
63 35
63 37
63 42
63 43
63 46
63 47
63 51
63 52
63 54
63 59
63 65
63 66
63 73
63 74
63 77
63 78
63 79
63 84
63 88
73 33
73 35
73 37
73 70
73 72
73 9
73 77
73 59
73 84
73 53
73 41
73 88
73 27
76 33
76 35
76 37
76 70
76 72
76 9
76 77
76 59
76 84
76 53
76 41
76 88
76 27
77 33
77 70
77 72
77 41
77 84
77 53
77 9
77 88
83 80
83 34
83 68
83 38
83 29
83 48
83 81
83 22
83 26
83 61
86 8
86 12
86 13
86 17
86 20
86 21
86 23
86 25
86 28
86 31
86 36
86 40
86 42
86 43
86 44
86 46
86 47
86 50
86 51
86 52
86 54
86 56
86 62
86 64
86 65
86 66
86 67
86 73
86 74
86 75
86 76
86 78
86 79
87 33
87 35
87 37
87 70
87 72
87 9
87 77
87 59
87 84
87 53
87 41
87 88
87 27
