88
1 2
1 3
1 5
1 7
1 8
1 9
1 10
1 11
1 12
1 82
1 15
1 81
1 18
1 20
1 84
1 29
3 1
3 2
3 7
3 8
3 9
3 10
3 11
3 12
3 82
3 81
3 18
3 84
3 29
6 2
6 4
6 5
6 8
6 10
6 11
6 12
6 15
6 81
6 84
6 20
6 29
10 1
10 2
10 3
10 5
10 7
10 8
10 9
10 11
10 12
10 82
10 15
10 81
10 18
10 20
10 84
10 29
11 1
11 2
11 3
11 7
11 8
11 9
11 10
11 12
11 82
11 81
11 18
11 20
11 84
11 29
12 1
12 2
12 3
12 5
12 7
12 8
12 9
12 10
12 11
12 82
12 81
12 18
12 84
12 20
12 29
13 1
13 2
13 3
13 5
13 7
13 8
13 9
13 10
13 11
13 12
13 82
13 15
13 81
13 18
13 20
13 84
13 29
14 1
14 2
14 3
14 5
14 7
14 8
14 9
14 10
14 11
14 12
14 82
14 15
14 81
14 18
14 20
14 84
14 29
15 1
15 2
15 3
15 5
15 7
15 8
15 9
15 10
15 11
15 12
15 82
15 81
15 18
15 20
15 84
15 29
16 1
16 2
16 3
16 7
16 8
16 9
16 10
16 11
16 12
16 82
16 18
16 84
16 29
17 1
17 2
17 3
17 5
17 7
17 8
17 9
17 10
17 11
17 12
17 82
17 15
17 81
17 18
17 20
17 84
17 29
19 1
19 2
19 3
19 4
19 5
19 7
19 8
19 10
19 11
19 12
19 82
19 15
19 81
19 18
19 20
19 84
19 29
23 2
23 4
23 5
23 8
23 10
23 11
23 15
23 81
23 20
23 29
24 1
24 2
24 3
24 5
24 7
24 8
24 9
24 10
24 11
24 12
24 82
24 15
24 81
24 18
24 20
24 84
24 29
27 2
27 4
27 5
27 8
27 10
27 11
27 15
27 81
27 20
27 29
28 1
28 2
28 3
28 4
28 5
28 7
28 8
28 10
28 11
28 12
28 15
28 81
28 20
28 84
28 29
29 1
29 2
29 3
29 5
29 7
29 8
29 9
29 10
29 11
29 12
29 82
29 15
29 81
29 18
29 20
29 84
30 1
30 2
30 3
30 4
30 5
30 7
30 8
30 9
30 10
30 11
30 12
30 82
30 15
30 81
30 18
30 20
30 84
30 29
31 1
31 2
31 3
31 4
31 5
31 7
31 8
31 9
31 10
31 11
31 12
31 82
31 15
31 81
31 18
31 20
31 84
31 29
32 1
32 2
32 3
32 4
32 5
32 7
32 8
32 10
32 11
32 12
32 15
32 81
32 20
32 84
32 29
33 4
34 2
34 4
34 5
34 8
34 10
34 11
34 15
34 81
34 20
34 29
35 4
35 5
35 15
36 1
36 2
36 3
36 4
36 5
36 7
36 8
36 9
36 10
36 11
36 12
36 82
36 15
36 81
36 18
36 20
36 84
36 29
37 1
37 2
37 3
37 4
37 5
37 7
37 8
37 10
37 11
37 12
37 15
37 81
37 20
37 84
37 29
38 1
38 2
38 3
38 5
38 7
38 8
38 9
38 10
38 11
38 12
38 82
38 15
38 81
38 18
38 20
38 84
38 29
39 2
39 4
39 5
39 8
39 10
39 11
39 12
39 15
39 81
39 84
39 20
39 29
40 1
40 2
40 3
40 4
40 5
40 7
40 8
40 9
40 10
40 11
40 12
40 82
40 15
40 81
40 18
40 20
40 84
40 29
41 1
41 2
41 3
41 4
41 5
41 7
41 8
41 9
41 10
41 11
41 12
41 82
41 15
41 81
41 18
41 20
41 84
41 29
42 1
42 2
42 3
42 4
42 5
42 7
42 8
42 10
42 11
42 12
42 82
42 15
42 81
42 18
42 20
42 84
42 29
43 2
43 4
43 5
43 8
43 10
43 11
43 12
43 15
43 81
43 20
43 29
44 1
44 2
44 3
44 4
44 5
44 7
44 8
44 9
44 10
44 11
44 12
44 82
44 15
44 81
44 18
44 20
44 84
44 29
45 1
45 2
45 3
45 4
45 5
45 7
45 8
45 9
45 10
45 11
45 12
45 82
45 15
45 81
45 18
45 20
45 84
45 29
46 1
46 2
46 3
46 4
46 5
46 7
46 8
46 9
46 10
46 11
46 12
46 82
46 15
46 81
46 18
46 20
46 84
46 29
47 4
47 15
48 4
48 5
48 11
48 15
48 81
48 20
49 1
49 2
49 3
49 4
49 5
49 7
49 8
49 10
49 11
49 12
49 82
49 15
49 81
49 18
49 20
49 84
49 29
50 1
50 2
50 3
50 4
50 5
50 7
50 8
50 9
50 10
50 11
50 12
50 82
50 15
50 81
50 18
50 20
50 84
50 29
52 4
54 2
54 4
54 5
54 10
54 11
54 15
54 81
54 20
55 2
55 4
55 5
55 8
55 10
55 11
55 15
55 81
55 20
55 29
56 1
56 2
56 3
56 4
56 5
56 7
56 8
56 10
56 11
56 12
56 15
56 81
56 20
56 84
56 29
57 1
57 2
57 3
57 4
57 5
57 7
57 8
57 10
57 11
57 12
57 82
57 15
57 81
57 18
57 20
57 84
57 29
58 2
58 4
58 5
58 8
58 10
58 11
58 12
58 15
58 81
58 84
58 20
58 29
59 2
59 4
59 5
59 8
59 10
59 11
59 12
59 15
59 81
59 84
59 20
59 29
60 1
60 2
60 3
60 4
60 5
60 7
60 8
60 10
60 11
60 12
60 82
60 15
60 81
60 18
60 20
60 84
60 29
61 4
61 15
62 2
62 4
62 5
62 8
62 10
62 11
62 15
62 81
62 20
62 29
63 1
63 2
63 3
63 4
63 5
63 7
63 8
63 10
63 11
63 12
63 82
63 15
63 81
63 18
63 20
63 84
63 29
64 2
64 4
64 5
64 8
64 10
64 11
64 15
64 81
64 20
64 29
67 4
67 5
67 15
68 2
68 4
68 5
68 8
68 10
68 11
68 12
68 15
68 81
68 84
68 20
68 29
69 1
69 2
69 3
69 4
69 5
69 7
69 8
69 10
69 11
69 12
69 82
69 15
69 81
69 18
69 20
69 84
69 29
70 2
70 4
70 5
70 8
70 10
70 11
70 12
70 15
70 81
70 84
70 20
70 29
71 2
71 4
71 5
71 8
71 10
71 11
71 12
71 15
71 81
71 84
71 20
71 29
72 2
72 4
72 5
72 8
72 10
72 11
72 12
72 15
72 81
72 84
72 20
72 29
73 4
73 5
73 15
74 81
74 20
74 5
74 4
74 15
75 81
75 20
75 5
75 4
75 15
76 2
76 4
76 5
76 8
76 10
76 11
76 12
76 15
76 81
76 84
76 20
76 29
77 2
77 4
77 5
77 7
77 8
77 10
77 11
77 12
77 15
77 81
77 84
77 20
77 29
78 1
78 2
78 3
78 4
78 5
78 7
78 8
78 9
78 10
78 11
78 12
78 82
78 15
78 81
78 18
78 20
78 84
78 29
79 4
80 4
80 5
80 11
80 15
80 81
80 20
83 1
83 2
83 3
83 5
83 7
83 8
83 9
83 10
83 11
83 12
83 82
83 15
83 81
83 18
83 20
83 84
83 29
84 1
84 2
84 3
84 5
84 7
84 8
84 9
84 10
84 11
84 12
84 82
84 81
84 18
84 20
84 29
85 1
85 2
85 3
85 4
85 5
85 7
85 8
85 10
85 11
85 12
85 15
85 81
85 20
85 84
85 29
87 1
87 2
87 3
87 7
87 8
87 9
87 10
87 11
87 12
87 82
87 81
87 18
87 20
87 84
87 29
88 1
88 2
88 3
88 5
88 7
88 8
88 9
88 10
88 11
88 12
88 82
88 15
88 81
88 18
88 20
88 84
88 29
