88
8 19
9 19
11 65
11 2
11 59
11 49
11 7
11 40
11 73
11 10
11 43
11 45
11 14
11 79
11 81
11 56
11 85
11 87
11 88
11 72
11 26
11 27
12 83
12 58
12 51
12 29
12 31
13 8
16 15
17 64
17 1
17 66
17 36
17 39
17 51
17 25
17 58
17 60
17 31
18 83
18 51
18 12
18 29
19 65
19 2
19 59
19 4
19 49
19 40
19 73
19 10
19 43
19 45
19 14
19 72
19 52
19 85
19 54
19 56
19 27
22 65
22 2
22 59
22 49
22 7
22 40
22 73
22 10
22 43
22 45
22 14
22 72
22 85
22 56
22 27
23 65
23 2
23 59
23 49
23 7
23 40
23 73
23 10
23 43
23 45
23 14
23 72
23 52
23 85
23 56
23 27
24 83
24 58
24 51
24 29
25 65
25 2
25 59
25 4
25 49
25 40
25 73
25 10
25 43
25 45
25 14
25 72
25 52
25 85
25 54
25 56
25 27
28 65
28 2
28 59
28 49
28 81
28 7
28 40
28 73
28 10
28 43
28 45
28 14
28 72
28 85
28 56
28 26
28 27
30 83
30 12
31 65
31 2
31 59
31 4
31 49
31 40
31 73
31 10
31 43
31 45
31 14
31 72
31 52
31 85
31 54
31 56
31 27
34 7
34 10
34 14
34 21
34 26
34 32
34 33
34 38
34 40
34 43
34 45
34 47
34 49
34 56
34 59
34 62
34 63
34 65
34 69
34 72
34 73
34 77
34 79
34 81
34 85
34 87
34 88
35 1
35 21
35 25
35 26
35 31
35 32
35 33
35 36
35 38
35 39
35 47
35 53
35 58
35 60
35 61
35 62
35 63
35 64
35 66
35 69
35 77
35 79
35 81
35 87
35 88
37 1
37 21
37 25
37 31
37 32
37 33
37 36
37 38
37 39
37 47
37 53
37 58
37 60
37 61
37 62
37 63
37 64
37 66
37 69
37 77
37 79
37 81
37 87
37 88
40 65
40 2
40 59
40 72
40 73
40 10
40 43
40 45
40 14
40 49
40 52
40 85
40 54
40 56
40 27
41 7
41 10
41 14
41 21
41 26
41 32
41 33
41 38
41 40
41 43
41 45
41 47
41 49
41 56
41 59
41 62
41 63
41 65
41 69
41 72
41 73
41 77
41 79
41 81
41 85
41 87
41 88
42 7
42 10
42 14
42 21
42 26
42 32
42 33
42 38
42 40
42 43
42 45
42 47
42 49
42 56
42 59
42 62
42 63
42 65
42 69
42 72
42 73
42 77
42 79
42 81
42 85
42 87
42 88
44 65
44 2
44 59
44 4
44 49
44 40
44 73
44 10
44 43
44 45
44 14
44 72
44 52
44 85
44 54
44 56
44 27
46 65
46 2
46 59
46 49
46 7
46 40
46 73
46 10
46 43
46 45
46 14
46 79
46 81
46 56
46 85
46 87
46 88
46 72
46 26
46 27
47 1
47 7
47 10
47 21
47 26
47 32
47 33
47 38
47 40
47 45
47 49
47 53
47 56
47 61
47 62
47 63
47 64
47 65
47 69
47 72
47 73
47 77
47 79
47 81
47 87
47 88
48 2
48 7
48 10
48 14
48 26
48 27
48 38
48 40
48 43
48 45
48 49
48 56
48 59
48 62
48 63
48 65
48 69
48 72
48 73
48 77
48 79
48 81
48 85
48 87
48 88
50 65
50 2
50 59
50 49
50 7
50 40
50 73
50 10
50 43
50 45
50 14
50 79
50 81
50 56
50 85
50 87
50 88
50 72
50 26
50 27
55 1
55 7
55 21
55 25
55 26
55 32
55 33
55 36
55 38
55 39
55 40
55 47
55 53
55 60
55 61
55 62
55 63
55 64
55 66
55 69
55 77
55 79
55 81
55 87
55 88
57 1
57 7
57 21
57 25
57 26
57 32
57 33
57 36
57 38
57 39
57 40
57 45
57 47
57 53
57 61
57 62
57 63
57 64
57 69
57 77
57 79
57 81
57 87
57 88
59 65
59 2
59 4
59 49
59 40
59 73
59 10
59 43
59 45
59 14
59 72
59 52
59 85
59 54
59 56
59 27
63 7
63 10
63 14
63 21
63 26
63 32
63 33
63 38
63 40
63 43
63 45
63 47
63 49
63 56
63 59
63 62
63 65
63 69
63 72
63 73
63 77
63 79
63 81
63 85
63 87
63 88
64 7
64 10
64 14
64 21
64 26
64 32
64 33
64 38
64 40
64 43
64 45
64 47
64 49
64 53
64 56
64 59
64 62
64 63
64 65
64 69
64 72
64 73
64 77
64 79
64 81
64 87
64 88
67 1
67 21
67 25
67 31
67 32
67 33
67 36
67 38
67 39
67 47
67 53
67 58
67 60
67 61
67 62
67 63
67 64
67 66
67 69
67 77
67 79
67 81
67 87
67 88
68 2
68 7
68 10
68 14
68 26
68 27
68 38
68 40
68 43
68 45
68 49
68 56
68 59
68 62
68 65
68 69
68 72
68 73
68 79
68 81
68 85
68 87
68 88
69 65
69 2
69 59
69 4
69 72
69 73
69 10
69 43
69 45
69 14
69 49
69 52
69 85
69 54
69 56
69 27
70 7
70 10
70 14
70 21
70 26
70 32
70 33
70 38
70 40
70 43
70 45
70 47
70 49
70 53
70 56
70 59
70 61
70 62
70 63
70 65
70 69
70 72
70 73
70 77
70 79
70 81
70 87
70 88
71 1
71 7
71 10
71 21
71 26
71 32
71 33
71 38
71 40
71 45
71 47
71 49
71 53
71 56
71 61
71 62
71 63
71 64
71 65
71 69
71 72
71 73
71 77
71 79
71 81
71 87
71 88
73 65
73 2
73 59
73 49
73 7
73 40
73 10
73 43
73 45
73 14
73 72
73 85
73 56
73 26
73 27
74 65
74 2
74 59
74 49
74 81
74 7
74 40
74 73
74 10
74 43
74 45
74 14
74 72
74 85
74 87
74 56
74 26
74 27
75 64
75 1
75 66
75 36
75 33
75 39
75 32
75 47
75 21
75 25
75 58
75 31
75 60
75 61
75 53
76 65
76 2
76 59
76 49
76 7
76 40
76 73
76 10
76 43
76 45
76 14
76 72
76 85
76 56
76 26
76 27
78 65
78 2
78 59
78 49
78 7
78 40
78 73
78 10
78 43
78 45
78 14
78 72
78 85
78 56
78 26
78 27
80 1
80 7
80 10
80 21
80 26
80 32
80 33
80 38
80 40
80 43
80 45
80 47
80 49
80 53
80 56
80 61
80 62
80 63
80 64
80 65
80 69
80 72
80 73
80 77
80 79
80 81
80 87
80 88
81 65
81 2
81 59
81 49
81 7
81 40
81 73
81 10
81 43
81 45
81 14
81 72
81 52
81 85
81 56
81 27
82 1
82 7
82 10
82 21
82 26
82 32
82 33
82 38
82 40
82 43
82 45
82 47
82 49
82 53
82 56
82 61
82 62
82 63
82 65
82 69
82 72
82 73
82 77
82 79
82 81
82 87
82 88
83 1
83 7
83 21
83 25
83 26
83 32
83 33
83 36
83 38
83 39
83 40
83 47
83 53
83 61
83 62
83 63
83 64
83 66
83 69
83 77
83 79
83 81
83 87
83 88
84 1
84 7
84 21
84 25
84 26
84 32
84 33
84 36
84 38
84 39
84 40
84 47
84 53
84 60
84 61
84 62
84 63
84 64
84 66
84 69
84 77
84 79
84 81
84 87
84 88
86 65
86 2
86 59
86 49
86 7
86 40
86 73
86 10
86 43
86 45
86 14
86 72
86 52
86 85
86 56
86 27
87 7
87 10
87 14
87 21
87 26
87 32
87 33
87 38
87 40
87 43
87 45
87 47
87 49
87 53
87 56
87 59
87 61
87 62
87 63
87 65
87 69
87 72
87 73
87 77
87 79
87 81
87 88
