88
1 70
1 7
1 18
1 82
1 30
1 87
1 62
2 34
2 4
2 37
2 8
2 9
2 10
2 11
2 12
2 45
2 77
2 40
2 50
2 24
2 88
2 44
3 70
3 7
3 44
3 11
3 12
3 18
3 82
3 87
3 24
3 30
5 37
5 70
5 7
5 12
5 11
5 44
5 18
5 82
5 87
5 24
5 30
6 34
6 4
6 37
6 8
6 9
6 10
6 11
6 12
6 45
6 77
6 40
6 50
6 24
6 88
6 44
7 70
7 44
7 18
7 82
7 30
7 87
7 62
10 70
10 7
10 18
10 82
10 30
10 87
10 62
12 37
12 70
12 7
12 8
12 10
12 11
12 44
12 88
12 82
12 87
12 24
12 30
13 34
13 4
13 37
13 70
13 8
13 9
13 10
13 11
13 12
13 50
13 77
13 45
13 40
13 82
13 87
13 24
13 88
13 44
14 37
14 70
14 7
14 12
14 11
14 44
14 18
14 82
14 87
14 24
14 30
20 34
20 4
20 37
20 70
20 8
20 9
20 10
20 11
20 12
20 50
20 77
20 45
20 40
20 82
20 87
20 24
20 88
20 44
21 34
21 4
21 37
21 8
21 9
21 10
21 11
21 12
21 45
21 77
21 40
21 50
21 24
21 88
21 44
22 34
22 4
22 40
22 9
22 45
22 77
22 13
22 50
22 19
22 28
23 17
23 13
25 34
25 4
25 8
25 9
25 45
25 77
25 13
25 40
25 50
25 19
25 88
25 28
26 40
26 17
26 19
26 28
26 13
27 37
27 70
27 7
27 12
27 11
27 44
27 18
27 82
27 87
27 24
27 30
29 34
29 4
29 40
29 9
29 77
29 13
29 50
29 19
29 28
31 17
31 19
31 28
31 13
32 34
32 4
32 37
32 8
32 9
32 10
32 12
32 45
32 77
32 40
32 50
32 19
32 88
32 28
33 17
34 4
34 37
34 8
34 9
34 10
34 11
34 12
34 45
34 77
34 40
34 50
34 24
34 88
34 44
35 17
35 19
35 28
35 13
36 34
36 4
36 37
36 8
36 9
36 10
36 11
36 12
36 45
36 77
36 40
36 50
36 24
36 88
36 44
37 70
37 7
37 12
37 10
37 11
37 44
37 18
37 82
37 87
37 24
37 30
38 34
38 4
38 37
38 8
38 9
38 10
38 11
38 12
38 45
38 77
38 40
38 50
38 24
38 88
38 44
39 34
39 4
39 40
39 9
39 45
39 77
39 13
39 50
39 19
39 28
40 37
40 70
40 7
40 12
40 11
40 44
40 18
40 82
40 87
40 24
40 30
41 37
41 70
41 7
41 8
41 12
41 10
41 11
41 44
41 82
41 87
41 24
41 30
42 34
42 4
42 37
42 8
42 9
42 10
42 11
42 12
42 45
42 77
42 40
42 50
42 19
42 24
42 88
43 34
43 4
43 37
43 70
43 7
43 8
43 9
43 10
43 11
43 12
43 45
43 77
43 40
43 50
43 82
43 87
43 24
43 88
43 44
44 4
44 37
44 70
44 7
44 8
44 10
44 11
44 12
44 45
44 88
44 82
44 87
44 24
44 30
45 70
45 7
45 11
45 44
45 18
45 82
45 87
45 24
45 30
46 34
46 4
46 37
46 70
46 8
46 9
46 10
46 11
46 12
46 50
46 77
46 45
46 40
46 82
46 87
46 24
46 88
46 44
47 17
47 19
47 28
47 13
48 34
48 4
48 37
48 70
48 8
48 9
48 10
48 11
48 12
48 50
48 77
48 45
48 40
48 82
48 87
48 24
48 88
48 44
49 34
49 4
49 37
49 70
49 8
49 9
49 10
49 11
49 12
49 50
49 77
49 45
49 40
49 82
49 87
49 24
49 88
49 44
50 34
50 4
50 37
50 8
50 9
50 10
50 11
50 12
50 45
50 77
50 40
50 24
50 88
50 44
51 34
51 4
51 37
51 8
51 9
51 10
51 11
51 12
51 45
51 77
51 40
51 50
51 24
51 88
51 44
52 34
52 4
52 37
52 8
52 9
52 10
52 11
52 12
52 45
52 77
52 40
52 50
52 24
52 88
52 44
53 17
53 13
54 37
54 70
54 7
54 12
54 11
54 44
54 18
54 82
54 87
54 24
54 30
55 34
55 4
55 37
55 8
55 9
55 10
55 11
55 12
55 45
55 77
55 40
55 50
55 19
55 24
55 88
56 34
56 4
56 37
56 70
56 7
56 8
56 9
56 10
56 11
56 12
56 45
56 77
56 88
56 50
56 82
56 87
56 24
56 44
57 34
57 4
57 37
57 8
57 9
57 10
57 11
57 12
57 45
57 77
57 40
57 50
57 87
57 24
57 88
57 44
58 34
58 4
58 37
58 70
58 8
58 9
58 10
58 11
58 12
58 50
58 77
58 45
58 40
58 82
58 87
58 24
58 88
58 44
60 34
60 4
60 37
60 70
60 7
60 8
60 9
60 10
60 11
60 12
60 45
60 77
60 88
60 50
60 82
60 87
60 24
60 44
61 70
61 7
61 11
61 44
61 18
61 82
61 87
61 24
61 30
63 70
63 7
63 11
63 44
63 18
63 82
63 30
63 87
63 24
63 62
64 70
64 7
64 44
64 11
64 12
64 18
64 82
64 87
64 24
64 30
65 17
65 19
65 28
65 13
66 34
66 4
66 37
66 8
66 9
66 10
66 11
66 12
66 45
66 77
66 40
66 50
66 24
66 88
66 44
67 34
67 4
67 37
67 8
67 9
67 10
67 11
67 12
67 45
67 77
67 40
67 50
67 24
67 88
67 44
68 34
68 4
68 37
68 8
68 9
68 10
68 11
68 12
68 45
68 77
68 40
68 50
68 24
68 88
68 44
69 34
69 4
69 37
69 8
69 9
69 10
69 11
69 12
69 45
69 77
69 40
69 50
69 24
69 88
69 44
70 7
70 44
70 11
70 12
70 18
70 82
70 87
70 24
70 30
71 34
71 4
71 37
71 8
71 9
71 10
71 11
71 12
71 45
71 77
71 40
71 50
71 24
71 88
71 44
72 34
72 4
72 37
72 70
72 8
72 9
72 10
72 11
72 12
72 50
72 77
72 45
72 40
72 82
72 87
72 24
72 88
72 44
73 37
73 70
73 7
73 12
73 11
73 44
73 18
73 82
73 87
73 24
73 30
74 34
74 4
74 37
74 70
74 7
74 8
74 9
74 10
74 11
74 12
74 45
74 77
74 88
74 50
74 82
74 87
74 24
74 44
75 34
75 4
75 37
75 8
75 9
75 10
75 12
75 45
75 77
75 40
75 50
75 19
75 88
75 28
76 4
76 37
76 70
76 7
76 8
76 44
76 10
76 11
76 12
76 45
76 88
76 82
76 87
76 24
76 30
77 34
77 4
77 37
77 70
77 8
77 9
77 10
77 11
77 12
77 50
77 45
77 40
77 82
77 87
77 24
77 88
77 44
78 34
78 4
78 37
78 8
78 9
78 10
78 11
78 12
78 45
78 77
78 40
78 50
78 19
78 24
78 88
79 17
79 19
79 28
79 13
80 34
80 4
80 37
80 8
80 9
80 10
80 11
80 12
80 45
80 77
80 40
80 50
80 24
80 88
80 44
81 40
81 9
81 77
81 13
81 50
81 19
81 28
83 34
83 4
83 8
83 9
83 10
83 45
83 77
83 40
83 50
83 19
83 88
83 28
84 34
84 4
84 37
84 70
84 7
84 8
84 44
84 10
84 11
84 12
84 45
84 88
84 82
84 87
84 24
84 30
85 37
85 70
85 7
85 12
85 11
85 44
85 18
85 82
85 87
85 24
85 30
86 34
86 4
86 37
86 70
86 8
86 9
86 10
86 11
86 12
86 50
86 77
86 45
86 40
86 82
86 87
86 24
86 88
86 44
87 70
87 7
87 44
87 11
87 12
87 18
87 82
87 24
87 30
