88
1 64
1 68
1 39
1 75
1 15
1 49
1 84
1 22
1 55
1 29
1 30
2 33
2 3
2 36
2 86
2 81
2 40
2 77
2 79
2 48
2 72
2 82
2 35
2 54
2 24
2 4
2 61
2 88
3 50
3 36
3 40
3 44
3 45
3 46
3 79
3 82
3 21
3 54
3 23
3 88
3 4
3 58
3 28
4 42
4 44
4 45
4 46
4 50
4 21
4 23
4 56
4 58
4 28
5 3
5 36
5 86
5 81
5 40
5 77
5 79
5 72
5 82
5 35
5 54
5 24
5 4
5 28
5 61
5 88
6 33
6 3
6 4
6 86
6 81
6 40
6 77
6 78
6 79
6 48
6 72
6 82
6 35
6 54
6 24
6 88
6 61
7 3
7 4
7 40
7 44
7 45
7 46
7 79
7 88
7 82
7 21
7 54
7 23
7 24
7 36
7 58
7 28
8 64
8 33
8 27
8 68
8 39
8 75
8 78
8 15
8 49
8 84
8 22
8 55
8 47
9 3
9 36
9 86
9 81
9 40
9 77
9 79
9 72
9 82
9 35
9 54
9 24
9 4
9 28
9 61
9 88
10 3
10 36
10 86
10 40
10 44
10 77
10 46
10 79
10 24
10 82
10 21
10 54
10 88
10 4
10 58
10 28
10 61
10 72
11 3
11 36
11 86
11 81
11 40
11 77
11 79
11 48
11 72
11 82
11 35
11 54
11 24
11 4
11 61
11 88
12 3
12 36
12 86
12 40
12 44
12 77
12 46
12 79
12 24
12 82
12 21
12 54
12 88
12 4
12 58
12 28
12 61
12 72
13 64
13 75
13 15
13 49
13 52
13 22
13 29
13 30
14 42
14 44
14 45
14 46
14 50
14 21
14 23
14 56
14 58
14 28
15 33
15 35
15 68
15 72
15 77
15 78
15 47
15 48
15 81
15 84
15 86
15 55
15 24
15 27
15 61
17 33
17 35
17 68
17 72
17 77
17 78
17 47
17 48
17 81
17 84
17 86
17 55
17 24
17 27
17 61
18 33
18 35
18 68
18 72
18 77
18 78
18 47
18 48
18 81
18 84
18 55
18 27
18 61
19 3
19 36
19 86
19 81
19 40
19 77
19 79
19 72
19 82
19 35
19 54
19 24
19 4
19 28
19 61
19 88
20 33
20 35
20 72
20 77
20 78
20 47
20 48
20 81
20 86
20 24
20 27
20 61
22 3
22 36
22 86
22 40
22 44
22 77
22 46
22 79
22 24
22 82
22 21
22 54
22 88
22 4
22 58
22 28
22 61
22 72
24 42
24 44
24 45
24 46
24 50
24 21
24 23
24 56
24 58
24 28
25 52
25 29
25 30
26 33
26 35
26 72
26 77
26 78
26 47
26 48
26 81
26 84
26 86
26 24
26 27
26 61
29 33
29 35
29 68
29 49
29 39
29 77
29 78
29 47
29 48
29 81
29 84
29 55
29 27
31 64
31 39
31 75
31 15
31 49
31 22
31 29
31 30
32 33
32 35
32 68
32 72
32 77
32 78
32 47
32 48
32 81
32 84
32 55
32 27
32 61
33 3
33 36
33 40
33 44
33 45
33 46
33 79
33 82
33 21
33 54
33 23
33 88
33 4
33 58
33 28
34 64
34 68
34 39
34 75
34 47
34 49
34 84
34 22
34 55
34 15
35 3
35 4
35 86
35 40
35 44
35 45
35 46
35 79
35 88
35 82
35 21
35 54
35 23
35 24
35 36
35 58
35 28
36 42
36 44
36 45
36 46
36 50
36 21
36 23
36 56
36 58
36 28
37 64
37 68
37 39
37 75
37 15
37 49
37 84
37 22
37 55
37 29
37 30
38 33
38 35
38 72
38 77
38 78
38 47
38 48
38 81
38 86
38 24
38 27
38 61
40 3
40 4
40 86
40 44
40 45
40 46
40 79
40 88
40 82
40 21
40 54
40 23
40 24
40 36
40 58
40 28
41 3
41 36
41 86
41 81
41 40
41 77
41 79
41 72
41 82
41 35
41 54
41 24
41 4
41 28
41 61
41 88
43 3
43 4
43 86
43 40
43 44
43 45
43 46
43 79
43 88
43 82
43 21
43 54
43 23
43 24
43 36
43 58
43 28
44 36
44 40
44 42
44 45
44 46
44 50
44 21
44 23
44 56
44 4
44 58
44 28
47 3
47 36
47 40
47 44
47 45
47 46
47 79
47 82
47 21
47 54
47 23
47 88
47 4
47 58
47 28
48 36
48 40
48 42
48 44
48 45
48 46
48 50
48 21
48 23
48 56
48 4
48 58
48 28
49 3
49 36
49 40
49 44
49 45
49 46
49 79
49 82
49 21
49 54
49 23
49 88
49 4
49 58
49 28
52 3
52 36
52 86
52 81
52 40
52 77
52 79
52 48
52 72
52 82
52 35
52 54
52 24
52 4
52 61
52 88
53 64
53 33
53 27
53 68
53 39
53 75
53 78
53 15
53 49
53 84
53 22
53 55
53 47
57 33
57 3
57 86
57 72
57 79
57 24
57 77
57 78
57 47
57 48
57 81
57 82
57 35
57 54
57 88
57 27
57 61
59 33
59 35
59 68
59 72
59 77
59 78
59 47
59 48
59 81
59 84
59 55
59 27
59 61
60 3
60 36
60 40
60 44
60 45
60 46
60 79
60 82
60 21
60 54
60 23
60 88
60 4
60 58
60 28
61 3
61 36
61 86
61 40
61 44
61 77
61 79
61 81
61 82
61 54
61 88
61 4
61 28
61 24
61 72
62 33
62 35
62 68
62 72
62 77
62 78
62 47
62 48
62 81
62 84
62 55
62 27
62 61
63 52
64 33
64 35
64 72
64 77
64 78
64 47
64 48
64 81
64 84
64 86
64 24
64 27
64 61
65 64
65 33
65 68
65 39
65 75
65 78
65 47
65 48
65 49
65 84
65 55
65 27
66 3
66 36
66 86
66 81
66 40
66 77
66 79
66 72
66 82
66 35
66 54
66 24
66 4
66 61
66 88
67 64
67 33
67 27
67 68
67 39
67 75
67 78
67 47
67 48
67 49
67 84
67 55
67 15
68 33
68 35
68 72
68 77
68 78
68 47
68 48
68 81
68 86
68 24
68 27
68 61
70 3
70 4
70 86
70 40
70 44
70 45
70 46
70 79
70 88
70 82
70 21
70 54
70 23
70 24
70 36
70 58
70 28
71 3
71 36
71 86
71 81
71 40
71 77
71 79
71 72
71 82
71 35
71 54
71 24
71 4
71 61
71 88
73 64
73 33
73 68
73 39
73 75
73 78
73 47
73 48
73 49
73 84
73 55
73 27
74 33
74 3
74 86
74 72
74 79
74 24
74 77
74 78
74 47
74 48
74 81
74 82
74 35
74 54
74 88
74 27
74 61
75 33
75 3
75 86
75 72
75 79
75 77
75 78
75 24
75 48
75 81
75 82
75 35
75 54
75 88
75 27
75 61
76 33
76 35
76 86
76 72
76 27
76 77
76 78
76 47
76 48
76 81
76 24
76 88
76 79
76 61
77 36
77 40
77 44
77 45
77 46
77 50
77 21
77 54
77 23
77 56
77 4
77 58
77 28
78 42
78 45
78 46
78 50
78 21
78 23
78 56
78 58
79 3
79 36
79 86
79 40
79 44
79 45
79 46
79 24
79 82
79 21
79 54
79 88
79 4
79 58
79 28
79 61
79 72
80 33
80 35
80 68
80 39
80 77
80 78
80 47
80 48
80 81
80 84
80 55
80 27
83 3
83 4
83 86
83 40
83 44
83 45
83 46
83 79
83 88
83 82
83 21
83 54
83 23
83 24
83 36
83 58
83 28
86 42
86 44
86 45
86 46
86 50
86 21
86 23
86 56
86 58
86 28
87 33
87 3
87 86
87 72
87 27
87 77
87 78
87 47
87 48
87 81
87 35
87 24
87 88
87 79
87 61
