88
1 64
1 65
1 3
1 4
1 69
1 71
1 73
1 10
1 11
1 45
1 14
1 77
1 82
1 19
1 52
1 53
1 87
1 42
1 63
2 32
2 34
2 67
2 37
2 40
2 75
2 44
2 46
2 79
2 48
2 84
2 24
2 28
3 65
3 7
3 10
3 19
3 55
3 59
3 42
3 63
4 65
4 7
4 10
4 82
4 19
4 55
4 59
4 42
4 63
5 64
5 1
5 3
5 4
5 69
5 71
5 73
5 11
5 77
5 14
5 45
5 82
5 52
5 78
5 87
5 57
5 47
5 53
6 1
6 35
6 4
6 33
6 71
6 41
6 11
6 12
6 77
6 78
6 47
6 43
6 51
6 73
6 57
6 87
6 27
6 31
8 70
8 30
8 15
9 34
9 36
9 37
9 38
9 13
9 17
9 18
9 25
11 65
11 3
11 69
11 10
11 45
11 14
11 82
11 19
11 55
11 59
11 42
11 63
12 64
12 1
12 3
12 4
12 69
12 71
12 73
12 10
12 11
12 45
12 14
12 77
12 82
12 52
12 78
12 87
12 57
12 53
15 64
15 1
15 3
15 69
15 65
15 71
15 73
15 10
15 11
15 45
15 14
15 77
15 82
15 19
15 52
15 53
15 55
15 42
15 63
18 32
18 34
18 67
18 37
18 40
18 75
18 44
18 46
18 79
18 84
18 28
20 1
20 4
20 12
20 24
20 27
20 28
20 31
20 33
20 35
20 41
20 43
20 44
20 47
20 48
20 51
20 57
20 71
20 75
20 77
20 78
20 79
20 84
20 87
22 4
22 12
22 24
22 27
22 28
22 31
22 32
22 33
22 35
22 41
22 43
22 44
22 47
22 48
22 51
22 57
22 67
22 75
22 78
22 79
22 84
22 87
23 64
23 1
23 3
23 69
23 65
23 71
23 73
23 10
23 11
23 45
23 14
23 77
23 82
23 19
23 52
23 53
23 55
23 42
23 63
26 64
26 1
26 3
26 4
26 69
26 71
26 73
26 10
26 11
26 45
26 14
26 77
26 82
26 52
26 78
26 87
26 57
26 53
28 65
28 7
28 42
28 19
28 55
28 59
28 63
29 30
29 15
30 32
30 33
30 67
30 51
30 40
30 41
30 43
30 44
30 12
30 79
30 48
30 75
30 35
30 84
30 46
30 24
30 27
30 28
30 31
31 64
31 65
31 3
31 69
31 10
31 45
31 14
31 82
31 19
31 55
31 59
31 42
31 63
32 64
32 65
32 3
32 69
32 10
32 45
32 14
32 82
32 19
32 52
32 53
32 55
32 59
32 42
32 63
33 65
33 7
33 10
33 19
33 55
33 59
33 42
33 63
34 32
34 33
34 67
34 51
34 40
34 12
34 75
34 44
34 46
34 79
34 48
34 35
34 84
34 24
34 27
34 28
34 31
35 1
35 43
35 4
35 33
35 71
35 41
35 11
35 12
35 77
35 78
35 47
35 52
35 53
35 73
35 57
35 87
37 1
37 35
37 4
37 33
37 71
37 41
37 43
37 12
37 77
37 78
37 47
37 48
37 51
37 73
37 87
37 24
37 57
37 27
37 28
37 44
37 31
38 59
38 7
39 64
39 1
39 3
39 4
39 69
39 71
39 73
39 10
39 11
39 45
39 14
39 77
39 82
39 52
39 78
39 87
39 57
39 63
39 42
39 53
40 65
40 7
40 10
40 19
40 55
40 59
40 42
40 63
42 65
42 3
42 69
42 10
42 82
42 19
42 55
42 59
42 63
43 64
43 1
43 3
43 4
43 69
43 65
43 73
43 10
43 71
43 45
43 14
43 77
43 11
43 82
43 19
43 52
43 53
43 87
43 55
43 42
43 63
44 65
44 7
44 10
44 19
44 55
44 59
44 42
44 63
45 65
45 7
45 10
45 19
45 55
45 59
45 42
45 63
47 64
47 1
47 3
47 69
47 65
47 71
47 73
47 10
47 11
47 45
47 14
47 77
47 82
47 19
47 52
47 53
47 55
47 42
47 63
48 65
48 7
48 42
48 19
48 55
48 59
48 63
49 64
49 1
49 3
49 69
49 65
49 71
49 73
49 10
49 11
49 45
49 14
49 77
49 82
49 19
49 52
49 53
49 87
49 55
49 42
49 63
50 1
50 4
50 12
50 24
50 27
50 28
50 31
50 33
50 35
50 41
50 43
50 44
50 47
50 48
50 51
50 57
50 71
50 75
50 78
50 79
50 84
50 87
52 64
52 65
52 3
52 69
52 73
52 42
52 11
52 45
52 14
52 77
52 82
52 19
52 53
52 55
52 59
52 10
52 63
54 64
54 1
54 3
54 4
54 69
54 65
54 71
54 73
54 10
54 11
54 45
54 14
54 77
54 82
54 19
54 52
54 53
54 87
54 42
54 63
55 65
55 3
55 69
55 10
55 82
55 19
55 59
55 42
55 63
56 64
56 65
56 3
56 69
56 10
56 45
56 14
56 82
56 19
56 52
56 53
56 55
56 59
56 42
56 63
58 1
58 4
58 12
58 24
58 27
58 28
58 31
58 33
58 35
58 41
58 43
58 44
58 47
58 48
58 51
58 57
58 71
58 75
58 77
58 78
58 84
58 87
60 1
60 4
60 12
60 24
60 27
60 28
60 31
60 33
60 35
60 41
60 43
60 44
60 47
60 48
60 51
60 57
60 71
60 73
60 75
60 77
60 78
60 84
60 87
61 65
61 3
61 69
61 10
61 82
61 19
61 55
61 59
61 42
61 63
62 64
62 1
62 3
62 69
62 65
62 71
62 73
62 10
62 11
62 45
62 14
62 77
62 82
62 19
62 52
62 53
62 87
62 55
62 42
62 63
63 65
63 7
63 10
63 19
63 55
63 59
63 42
64 65
64 3
64 69
64 10
64 45
64 14
64 82
64 19
64 52
64 53
64 55
64 59
64 42
64 63
66 36
66 38
66 13
66 17
66 18
66 21
66 25
67 64
67 1
67 3
67 4
67 69
67 71
67 73
67 10
67 11
67 45
67 14
67 47
67 82
67 77
67 52
67 78
67 87
67 57
67 53
68 33
68 35
68 4
68 71
68 41
68 43
68 12
68 78
68 47
68 48
68 27
68 75
68 51
68 84
68 87
68 24
68 57
68 79
68 28
68 44
68 31
72 64
72 65
72 3
72 69
72 73
72 42
72 11
72 45
72 14
72 82
72 19
72 52
72 53
72 55
72 59
72 10
72 63
73 65
73 3
73 69
73 10
73 14
73 82
73 19
73 55
73 59
73 42
73 63
74 64
74 1
74 3
74 4
74 69
74 71
74 73
74 10
74 11
74 45
74 14
74 77
74 82
74 52
74 78
74 87
74 57
74 53
75 64
75 65
75 3
75 69
75 73
75 42
75 11
75 45
75 14
75 77
75 82
75 19
75 52
75 53
75 55
75 59
75 10
75 63
76 34
76 36
76 37
76 38
76 13
76 18
79 65
79 3
79 69
79 10
79 45
79 14
79 82
79 19
79 55
79 59
79 42
79 63
80 32
80 33
80 67
80 51
80 40
80 41
80 43
80 44
80 12
80 47
80 48
80 27
80 75
80 35
80 84
80 46
80 24
80 79
80 28
80 31
81 34
81 36
81 37
81 38
81 13
81 17
81 18
81 25
83 34
83 36
83 37
83 38
83 13
83 17
83 18
83 25
84 65
84 3
84 69
84 7
84 10
84 82
84 19
84 55
84 59
84 42
84 63
86 1
86 35
86 4
86 33
86 71
86 41
86 43
86 12
86 77
86 78
86 47
86 48
86 51
86 73
86 87
86 24
86 57
86 27
86 28
86 44
86 31
87 65
87 7
87 19
87 55
87 59
87 63
88 64
88 1
88 3
88 69
88 65
88 71
88 73
88 10
88 11
88 45
88 14
88 77
88 82
88 19
88 52
88 53
88 55
88 59
88 42
88 63
