88
1 3
1 4
1 13
1 16
1 17
1 18
1 21
1 25
1 33
1 41
1 48
1 53
1 55
1 57
1 58
1 61
1 63
1 67
1 68
1 71
1 72
1 73
1 74
1 77
1 79
1 88
2 1
2 4
2 7
2 9
2 10
2 13
2 16
2 23
2 26
2 33
2 55
2 57
2 58
2 62
2 65
2 66
2 67
2 68
2 71
2 72
2 74
2 79
2 80
2 85
2 87
2 88
3 4
3 7
3 13
3 16
3 17
3 18
3 21
3 25
3 33
3 41
3 48
3 53
3 55
3 57
3 58
3 61
3 62
3 63
3 67
3 68
3 71
3 72
3 73
3 74
3 77
3 79
3 88
4 34
4 75
4 76
4 22
4 14
5 34
5 75
5 76
5 22
5 14
6 1
6 34
6 67
6 65
6 7
6 9
6 10
6 23
6 66
6 79
6 80
6 85
6 22
6 87
6 26
6 62
7 34
7 75
7 76
7 22
7 14
8 3
8 4
8 13
8 16
8 17
8 18
8 21
8 25
8 41
8 44
8 48
8 53
8 55
8 57
8 58
8 61
8 63
8 68
8 69
8 71
8 72
8 73
8 74
8 77
8 78
8 88
9 1
9 66
9 67
9 33
9 65
9 7
9 72
9 80
9 10
9 87
9 79
9 16
9 71
9 85
9 22
9 55
9 23
9 26
9 74
9 62
10 34
10 75
10 76
10 14
10 80
10 85
10 22
12 15
13 35
13 36
13 5
13 39
13 8
13 31
13 42
13 43
13 45
13 47
13 86
13 24
13 27
13 37
14 34
14 75
14 76
14 22
17 2
17 6
17 8
17 11
17 21
17 25
17 27
17 32
17 39
17 41
17 42
17 43
17 44
17 47
17 54
17 56
17 64
17 69
17 70
17 73
17 77
17 78
17 83
17 84
17 86
18 34
18 75
18 76
18 22
18 14
19 2
19 6
19 8
19 11
19 17
19 21
19 24
19 25
19 27
19 32
19 37
19 39
19 42
19 43
19 44
19 47
19 54
19 56
19 64
19 69
19 70
19 78
19 83
19 84
19 86
21 1
21 3
21 4
21 7
21 9
21 13
21 16
21 18
21 23
21 26
21 33
21 55
21 57
21 58
21 61
21 62
21 63
21 65
21 66
21 67
21 68
21 71
21 72
21 74
21 79
21 80
21 87
21 88
22 2
22 3
22 4
22 6
22 11
22 13
22 17
22 18
22 21
22 25
22 32
22 41
22 44
22 48
22 53
22 57
22 58
22 61
22 63
22 64
22 68
22 69
22 73
22 77
22 78
22 83
22 88
23 1
23 3
23 4
23 7
23 9
23 10
23 13
23 16
23 18
23 26
23 33
23 55
23 57
23 58
23 62
23 63
23 65
23 66
23 67
23 68
23 71
23 72
23 74
23 79
23 80
23 85
23 87
23 88
25 1
25 34
25 65
25 7
25 9
25 10
25 75
25 66
25 80
25 85
25 22
25 87
25 23
25 26
25 62
26 65
26 34
26 10
26 75
26 76
26 14
26 80
26 85
26 22
26 87
30 1
30 34
30 67
30 33
30 65
30 7
30 9
30 10
30 23
30 66
30 79
30 80
30 85
30 22
30 87
30 26
30 62
31 34
31 75
31 76
31 22
31 14
32 1
32 66
32 67
32 33
32 65
32 7
32 72
32 9
32 10
32 23
32 79
32 80
32 87
32 85
32 22
32 55
32 26
32 62
33 65
33 34
33 10
33 75
33 76
33 14
33 80
33 85
33 22
34 1
34 3
34 4
34 7
34 9
34 13
34 16
34 18
34 23
34 26
34 33
34 48
34 55
34 57
34 58
34 61
34 62
34 63
34 65
34 66
34 67
34 68
34 71
34 72
34 74
34 79
34 87
34 88
35 65
35 34
35 10
35 75
35 76
35 14
35 80
35 85
35 22
35 87
39 1
39 34
39 65
39 7
39 9
39 10
39 23
39 66
39 80
39 85
39 22
39 87
39 26
39 62
41 65
41 34
41 10
41 75
41 14
41 80
41 85
41 22
41 87
45 1
45 34
45 67
45 33
45 65
45 7
45 9
45 10
45 23
45 66
45 79
45 80
45 85
45 22
45 87
45 26
45 62
49 34
49 75
49 76
49 22
49 14
51 1
51 34
51 67
51 33
51 65
51 7
51 9
51 10
51 23
51 66
51 79
51 80
51 85
51 22
51 87
51 26
51 62
52 1
52 3
52 4
52 7
52 9
52 10
52 13
52 16
52 18
52 23
52 26
52 33
52 55
52 57
52 58
52 62
52 63
52 65
52 66
52 67
52 68
52 71
52 72
52 74
52 79
52 80
52 85
52 87
52 88
53 1
53 34
53 67
53 33
53 65
53 7
53 9
53 10
53 23
53 66
53 79
53 80
53 85
53 22
53 87
53 26
53 62
55 34
55 75
55 76
55 22
55 14
57 1
57 34
57 67
57 33
57 65
57 7
57 9
57 10
57 23
57 66
57 79
57 80
57 85
57 22
57 87
57 26
57 62
59 1
59 3
59 4
59 7
59 9
59 10
59 13
59 16
59 18
59 23
59 26
59 33
59 55
59 57
59 58
59 62
59 63
59 65
59 66
59 67
59 68
59 71
59 72
59 74
59 79
59 80
59 85
59 87
59 88
60 38
60 46
60 49
60 82
60 28
60 30
62 1
62 66
62 65
62 10
62 75
62 34
62 80
62 85
62 22
62 87
62 23
63 1
63 66
63 67
63 33
63 65
63 7
63 72
63 9
63 10
63 23
63 79
63 80
63 87
63 85
63 22
63 55
63 26
63 62
65 1
65 34
65 7
65 9
65 10
65 75
65 66
65 80
65 85
65 22
65 87
65 23
65 26
65 62
66 34
66 75
66 76
66 22
66 14
67 34
67 75
67 76
67 22
67 14
69 1
69 34
69 67
69 33
69 65
69 7
69 9
69 10
69 23
69 66
69 79
69 80
69 85
69 22
69 87
69 26
69 62
70 34
70 75
70 76
70 22
70 14
71 1
71 66
71 67
71 33
71 65
71 7
71 72
71 9
71 10
71 23
71 80
71 79
71 16
71 87
71 85
71 22
71 55
71 26
71 74
71 62
72 65
72 34
72 10
72 75
72 14
72 80
72 85
72 22
72 87
73 34
73 75
73 76
73 22
73 14
74 65
74 34
74 10
74 75
74 76
74 14
74 80
74 85
74 22
75 1
75 34
75 65
75 7
75 9
75 10
75 23
75 66
75 80
75 85
75 22
75 87
75 26
75 62
76 1
76 7
76 9
76 10
76 13
76 16
76 23
76 26
76 33
76 55
76 62
76 65
76 66
76 67
76 68
76 71
76 72
76 74
76 79
76 80
76 85
76 87
77 65
77 34
77 10
77 75
77 76
77 14
77 80
77 85
77 22
79 1
79 34
79 65
79 7
79 9
79 10
79 23
79 66
79 80
79 85
79 22
79 87
79 26
79 62
80 1
80 66
80 67
80 33
80 65
80 7
80 72
80 9
80 10
80 23
80 79
80 87
80 85
80 22
80 55
80 26
80 62
81 35
81 36
81 5
81 39
81 8
81 31
81 42
81 45
81 47
81 86
81 24
81 27
81 37
82 34
82 75
82 76
82 22
82 14
83 1
83 34
83 65
83 7
83 9
83 10
83 23
83 66
83 80
83 85
83 22
83 87
83 26
83 62
84 65
84 34
84 10
84 75
84 14
84 80
84 85
84 22
84 87
85 3
85 4
85 7
85 9
85 13
85 16
85 18
85 26
85 33
85 41
85 48
85 53
85 55
85 57
85 58
85 61
85 62
85 63
85 67
85 68
85 71
85 72
85 73
85 74
85 77
85 79
85 88
87 1
87 34
87 67
87 33
87 65
87 7
87 9
87 10
87 66
87 79
87 80
87 85
87 22
87 23
87 26
87 62
88 34
88 75
88 76
88 22
88 14
