88
1 64
1 2
1 3
1 82
1 69
1 71
1 8
1 73
1 11
1 76
1 77
1 14
1 45
1 81
1 50
1 52
1 53
1 62
2 32
2 34
2 67
2 37
2 40
2 46
2 83
3 72
3 74
3 61
3 56
3 59
3 29
4 65
4 72
4 74
4 61
4 19
4 55
4 56
4 59
4 29
4 63
5 64
5 1
5 2
5 71
5 73
5 11
5 77
5 45
5 50
5 52
5 53
5 87
6 1
6 4
6 71
6 41
6 43
6 12
6 78
6 47
6 87
6 57
9 18
9 13
9 38
11 42
11 65
11 68
11 5
11 39
11 72
11 10
11 29
11 61
11 80
11 49
11 19
11 22
11 55
11 56
11 26
11 59
11 86
11 74
11 63
12 64
12 1
12 2
12 71
12 73
12 11
12 77
12 14
12 45
12 50
12 52
12 53
12 87
15 2
15 3
15 5
15 8
15 9
15 10
15 11
15 14
15 22
15 26
15 39
15 42
15 45
15 49
15 50
15 52
15 53
15 62
15 63
15 64
15 68
15 69
15 76
15 80
15 81
15 82
15 86
18 32
18 34
18 67
18 37
18 40
18 46
18 83
20 33
20 35
20 4
20 41
20 43
20 12
20 78
20 47
20 51
20 87
20 57
20 27
20 31
22 33
22 35
22 12
22 43
22 44
22 47
22 48
22 75
22 51
22 84
22 41
22 24
22 27
22 28
22 31
23 2
23 3
23 5
23 8
23 9
23 10
23 11
23 14
23 22
23 26
23 39
23 42
23 45
23 49
23 50
23 52
23 53
23 62
23 63
23 64
23 68
23 69
23 76
23 80
23 81
23 82
23 86
26 64
26 1
26 2
26 3
26 69
26 71
26 73
26 11
26 77
26 14
26 45
26 81
26 50
26 52
26 53
26 62
28 7
28 72
28 29
28 56
28 59
28 61
29 30
29 15
30 32
30 33
30 67
30 51
30 40
30 75
30 44
30 46
30 79
30 48
30 35
30 84
30 24
30 27
30 28
30 31
31 42
31 65
31 68
31 5
31 39
31 8
31 9
31 10
31 61
31 80
31 49
31 19
31 22
31 55
31 56
31 72
31 26
31 59
31 86
31 74
31 63
32 3
32 5
32 8
32 9
32 10
32 14
32 19
32 22
32 26
32 39
32 42
32 49
32 55
32 59
32 61
32 62
32 63
32 65
32 68
32 69
32 72
32 74
32 76
32 80
32 81
32 82
32 86
33 65
33 72
33 74
33 61
33 19
33 55
33 56
33 59
33 29
34 32
34 51
34 83
34 67
34 40
34 75
34 44
34 46
34 79
34 48
34 35
34 84
34 24
34 27
34 28
34 31
35 1
35 43
35 4
35 71
35 41
35 11
35 77
35 78
35 47
35 73
35 57
35 87
37 33
37 35
37 4
37 41
37 43
37 12
37 78
37 47
37 87
37 57
38 72
38 56
38 7
38 61
38 29
39 64
39 1
39 2
39 3
39 69
39 71
39 73
39 11
39 76
39 77
39 14
39 45
39 50
39 81
39 82
39 52
39 53
39 62
40 72
40 56
40 59
40 61
40 29
42 65
42 68
42 5
42 72
42 74
42 29
42 19
42 22
42 55
42 56
42 59
42 86
42 61
42 63
43 64
43 1
43 2
43 3
43 69
43 49
43 8
43 9
43 11
43 76
43 77
43 14
43 45
43 50
43 81
43 82
43 52
43 53
43 73
43 62
44 65
44 72
44 74
44 61
44 19
44 55
44 56
44 59
44 29
45 72
45 56
45 59
45 61
45 29
47 2
47 3
47 5
47 8
47 9
47 10
47 11
47 14
47 22
47 26
47 39
47 42
47 45
47 49
47 50
47 52
47 53
47 62
47 63
47 64
47 68
47 69
47 76
47 80
47 81
47 82
47 86
48 72
48 56
48 59
48 61
48 29
49 2
49 3
49 8
49 9
49 10
49 11
49 14
49 26
49 39
49 45
49 50
49 52
49 53
49 62
49 64
49 69
49 73
49 76
49 77
49 80
49 81
49 82
50 33
50 35
50 4
50 41
50 43
50 12
50 78
50 47
50 51
50 57
50 27
50 31
52 2
52 3
52 5
52 8
52 9
52 10
52 14
52 19
52 22
52 26
52 39
52 42
52 45
52 49
52 50
52 53
52 55
52 62
52 63
52 64
52 65
52 68
52 69
52 74
52 76
52 80
52 81
52 82
52 86
54 64
54 1
54 2
54 3
54 69
54 71
54 73
54 11
54 76
54 77
54 14
54 45
54 50
54 81
54 82
54 52
54 53
54 62
55 65
55 68
55 5
55 72
55 42
55 29
55 19
55 74
55 22
55 56
55 59
55 86
55 61
55 63
56 3
56 5
56 8
56 9
56 10
56 14
56 19
56 22
56 26
56 39
56 42
56 49
56 55
56 59
56 61
56 62
56 63
56 65
56 68
56 69
56 72
56 74
56 76
56 80
56 81
56 82
56 86
58 33
58 35
58 4
58 41
58 43
58 12
58 78
58 47
58 87
58 57
58 27
58 31
60 33
60 35
60 4
60 41
60 43
60 12
60 78
60 47
60 87
60 57
60 27
61 65
61 68
61 5
61 72
61 42
61 29
61 19
61 22
61 55
61 56
61 59
61 74
61 63
62 2
62 3
62 8
62 9
62 10
62 11
62 14
62 26
62 39
62 45
62 49
62 50
62 52
62 53
62 64
62 69
62 73
62 76
62 77
62 80
62 81
62 82
63 65
63 72
63 74
63 61
63 19
63 55
63 56
63 59
63 29
64 2
64 3
64 5
64 8
64 9
64 10
64 14
64 19
64 22
64 26
64 39
64 42
64 45
64 49
64 50
64 55
64 59
64 62
64 63
64 65
64 68
64 69
64 74
64 76
64 80
64 81
64 82
64 86
66 36
66 38
66 13
66 17
66 18
66 25
67 64
67 1
67 2
67 71
67 73
67 11
67 77
67 14
67 45
67 50
67 52
67 53
67 87
68 33
68 35
68 12
68 43
68 44
68 78
68 47
68 48
68 51
68 41
68 24
68 57
68 27
68 31
72 2
72 3
72 5
72 8
72 9
72 10
72 14
72 19
72 22
72 26
72 39
72 42
72 45
72 49
72 50
72 53
72 55
72 62
72 63
72 64
72 65
72 68
72 69
72 74
72 76
72 80
72 81
72 82
72 86
73 65
73 68
73 5
73 39
73 72
73 42
73 29
73 61
73 19
73 22
73 55
73 56
73 59
73 86
73 74
73 63
74 64
74 1
74 2
74 3
74 69
74 71
74 73
74 11
74 77
74 14
74 45
74 81
74 50
74 52
74 53
74 62
75 2
75 3
75 5
75 8
75 9
75 10
75 14
75 19
75 22
75 26
75 39
75 42
75 45
75 49
75 50
75 52
75 53
75 55
75 62
75 63
75 64
75 65
75 68
75 69
75 74
75 76
75 80
75 81
75 82
75 86
76 18
76 34
76 13
76 37
79 42
79 65
79 68
79 5
79 39
79 72
79 10
79 29
79 61
79 80
79 19
79 22
79 55
79 56
79 26
79 59
79 86
79 74
79 63
80 32
80 33
80 67
80 51
80 12
80 75
80 44
80 46
80 79
80 48
80 35
80 84
80 24
80 27
80 28
80 31
81 25
81 18
81 36
81 13
81 38
83 25
83 18
83 36
83 13
83 38
84 65
84 5
84 72
84 42
84 29
84 61
84 19
84 22
84 55
84 56
84 59
84 74
84 63
86 33
86 35
86 4
86 41
86 43
86 12
86 78
86 47
86 87
86 57
87 7
87 72
87 29
87 56
87 59
87 61
88 2
88 3
88 5
88 8
88 9
88 10
88 11
88 14
88 19
88 22
88 26
88 39
88 42
88 45
88 49
88 50
88 52
88 53
88 55
88 62
88 63
88 64
88 65
88 68
88 69
88 76
88 80
88 81
88 82
88 86
