88
1 64
1 2
1 4
1 5
1 34
1 46
1 21
1 59
1 31
2 1
2 3
2 12
2 20
2 23
2 33
2 37
2 38
2 39
2 41
2 42
2 54
2 63
2 67
2 69
2 71
2 74
2 75
2 76
2 79
2 80
2 82
2 87
2 88
3 68
3 49
3 71
3 73
3 43
3 77
3 78
3 81
3 51
3 53
3 57
3 58
4 65
4 66
4 87
4 38
4 72
4 28
4 18
4 76
4 45
4 80
4 82
4 55
4 56
4 26
4 27
4 60
5 65
5 66
5 87
5 82
5 69
5 38
5 39
5 72
5 42
5 55
5 76
5 45
5 80
5 18
5 20
5 23
5 56
5 26
5 27
5 74
6 65
6 66
6 87
6 82
6 69
6 38
6 39
6 72
6 42
6 55
6 76
6 45
6 80
6 18
6 20
6 23
6 56
6 26
6 27
6 74
11 1
11 3
11 12
11 18
11 20
11 23
11 26
11 27
11 33
11 37
11 38
11 39
11 41
11 42
11 56
11 67
11 69
11 74
11 75
11 76
11 79
11 80
11 82
11 87
11 88
13 70
13 40
13 28
13 10
13 11
13 44
13 14
13 52
13 24
13 60
13 61
13 62
14 66
14 70
14 40
14 28
14 10
14 11
14 44
14 13
14 45
14 72
14 52
14 24
14 60
14 61
14 62
18 65
18 66
18 38
18 72
18 28
18 87
18 76
18 45
18 80
18 82
18 55
18 56
18 26
18 27
18 60
21 64
21 34
21 35
21 5
21 46
21 47
21 48
21 59
21 31
22 29
22 15
23 1
23 3
23 12
23 33
23 37
23 41
23 49
23 53
23 54
23 58
23 63
23 67
23 68
23 71
23 73
23 74
23 75
23 77
23 78
23 79
23 81
23 88
25 65
25 66
25 87
25 82
25 69
25 38
25 39
25 72
25 42
25 55
25 76
25 45
25 80
25 18
25 20
25 23
25 56
25 26
25 27
25 74
26 1
26 3
26 12
26 20
26 33
26 37
26 39
26 41
26 42
26 53
26 54
26 58
26 63
26 67
26 69
26 71
26 74
26 75
26 77
26 78
26 79
26 88
29 65
29 66
29 70
29 40
29 28
29 10
29 11
29 13
29 14
29 45
29 72
29 52
29 55
29 24
29 60
29 61
29 62
30 50
30 36
31 64
31 35
31 68
31 5
31 49
31 73
31 43
31 46
31 47
31 48
31 81
31 51
31 21
31 57
31 59
32 16
32 50
32 36
34 1
34 3
34 12
34 20
34 23
34 33
34 37
34 38
34 39
34 41
34 42
34 53
34 54
34 58
34 63
34 67
34 69
34 71
34 74
34 75
34 78
34 79
34 80
34 82
34 88
35 64
35 34
35 5
35 46
35 47
35 48
35 51
35 21
35 59
35 31
36 50
37 35
37 68
37 49
37 73
37 43
37 46
37 47
37 48
37 81
37 51
37 21
37 57
37 59
38 64
38 34
38 35
38 5
38 46
38 47
38 48
38 51
38 21
38 57
38 59
38 31
40 65
40 66
40 70
40 72
40 28
40 10
40 11
40 45
40 14
40 24
40 52
40 55
40 56
40 27
40 60
40 61
40 62
41 65
41 66
41 87
41 82
41 38
41 39
41 72
41 55
41 76
41 45
41 80
41 18
41 23
41 56
41 26
41 27
41 60
42 1
42 3
42 12
42 20
42 23
42 33
42 37
42 38
42 39
42 41
42 53
42 54
42 58
42 63
42 67
42 69
42 71
42 74
42 75
42 77
42 78
42 79
42 80
42 82
42 88
45 64
45 2
45 4
45 5
45 34
45 16
45 25
45 31
47 32
47 2
47 36
47 16
47 25
47 4
48 32
48 25
48 2
48 4
48 16
49 64
49 34
49 35
49 68
49 5
49 73
49 43
49 46
49 47
49 48
49 81
49 51
49 21
49 57
49 59
49 31
50 1
50 3
50 12
50 20
50 23
50 33
50 37
50 38
50 39
50 41
50 42
50 53
50 54
50 63
50 67
50 69
50 71
50 74
50 75
50 79
50 80
50 82
50 88
52 65
52 66
52 70
52 72
52 28
52 10
52 11
52 45
52 24
52 18
52 55
52 56
52 26
52 27
52 60
54 65
54 66
54 72
54 28
54 76
54 45
54 24
54 18
54 55
54 56
54 26
54 27
54 60
55 1
55 3
55 12
55 20
55 23
55 33
55 37
55 38
55 39
55 41
55 42
55 54
55 63
55 67
55 69
55 71
55 74
55 75
55 76
55 79
55 80
55 82
55 87
55 88
56 65
56 66
56 87
56 82
56 38
56 39
56 72
56 55
56 76
56 45
56 80
56 18
56 23
56 26
56 27
56 60
57 65
57 66
57 70
57 40
57 28
57 10
57 11
57 45
57 14
57 72
57 24
57 55
57 56
57 27
57 60
57 61
58 70
58 40
58 28
58 10
58 11
58 44
58 13
58 14
58 52
58 24
58 60
58 61
58 62
62 65
62 66
62 72
62 28
62 18
62 76
62 45
62 82
62 87
62 56
62 55
62 26
62 27
62 60
63 29
64 65
64 66
64 87
64 82
64 69
64 38
64 39
64 72
64 42
64 55
64 76
64 45
64 80
64 18
64 20
64 23
64 56
64 26
64 27
66 1
66 3
66 68
66 37
66 71
66 73
66 43
66 12
66 77
66 78
66 79
66 81
66 67
66 53
66 54
66 88
66 57
66 49
66 58
66 63
67 33
67 66
67 87
67 82
67 69
67 38
67 39
67 41
67 42
67 55
67 76
67 45
67 80
67 18
67 20
67 23
67 56
67 26
67 27
67 74
67 65
68 65
68 66
68 72
68 28
68 18
68 76
68 45
68 82
68 87
68 56
68 55
68 26
68 27
68 60
69 68
69 49
69 73
69 43
69 77
69 78
69 81
69 51
69 53
69 57
69 58
70 1
70 3
70 68
70 37
70 71
70 73
70 43
70 12
70 77
70 78
70 79
70 81
70 75
70 67
70 53
70 54
70 88
70 57
70 49
70 58
70 63
72 65
72 66
72 87
72 69
72 38
72 39
72 42
72 18
72 76
72 45
72 80
72 82
72 20
72 23
72 56
72 55
72 26
72 27
72 74
73 1
73 3
73 12
73 20
73 23
73 33
73 37
73 38
73 39
73 41
73 42
73 54
73 63
73 67
73 69
73 71
73 74
73 75
73 79
73 80
73 82
73 87
73 88
74 1
74 3
74 12
74 18
74 20
74 23
74 26
74 27
74 33
74 37
74 38
74 39
74 41
74 42
74 56
74 67
74 69
74 75
74 76
74 80
74 82
74 87
77 32
77 2
77 4
77 34
77 16
77 25
78 32
78 25
78 2
78 4
78 16
79 65
79 66
79 70
79 40
79 28
79 10
79 11
79 13
79 14
79 45
79 72
79 52
79 55
79 24
79 60
79 61
79 62
80 35
80 68
80 49
80 73
80 43
80 77
80 78
80 47
80 48
80 81
80 51
80 21
80 57
80 58
80 53
81 35
81 68
81 73
81 43
81 77
81 46
81 47
81 48
81 49
81 51
81 21
81 57
81 59
82 65
82 66
82 87
82 69
82 38
82 39
82 72
82 42
82 55
82 76
82 45
82 80
82 18
82 20
82 23
82 56
82 26
82 27
82 74
83 17
83 84
84 32
84 2
84 36
84 16
84 25
84 4
85 17
85 83
85 84
85 15
86 65
86 66
86 87
86 82
86 69
86 38
86 39
86 72
86 42
86 55
86 76
86 45
86 80
86 18
86 20
86 23
86 56
86 26
86 27
86 74
87 68
87 49
87 71
87 73
87 43
87 77
87 78
87 81
87 53
87 54
87 88
87 57
87 58
87 63
88 33
88 87
88 69
88 38
88 39
88 41
88 42
88 55
88 76
88 18
88 80
88 82
88 20
88 23
88 56
88 26
88 27
88 74
88 65
