88
1 64
1 34
1 36
1 12
1 48
1 18
1 86
1 29
1 31
2 64
2 1
2 34
2 36
2 48
2 18
2 86
2 29
2 31
3 34
7 2
7 3
7 25
7 39
7 9
7 57
7 71
7 66
7 46
7 73
7 87
7 52
7 53
7 54
7 41
7 88
7 23
7 26
8 69
8 6
8 10
8 81
8 56
8 55
8 24
8 58
8 70
8 63
14 69
14 6
14 10
14 81
14 56
14 55
14 24
14 58
14 70
14 63
18 64
18 1
18 34
18 36
18 12
18 48
18 86
18 27
18 29
18 31
19 32
19 68
19 5
19 7
19 40
19 42
19 39
19 76
19 45
19 77
19 79
19 72
19 52
19 21
19 22
19 28
19 61
19 62
20 2
20 3
20 7
20 9
20 23
20 25
20 26
20 28
20 39
20 40
20 41
20 46
20 52
20 53
20 57
20 68
20 71
20 72
20 73
20 76
20 79
20 88
21 66
21 9
21 74
21 75
21 73
21 80
21 56
21 51
21 41
21 54
21 87
21 23
21 25
23 66
23 10
23 75
23 80
23 51
23 54
23 87
23 56
23 74
24 64
24 1
24 34
24 67
24 36
24 12
24 78
24 48
24 18
24 86
24 27
24 60
24 29
24 31
25 69
25 70
25 10
25 75
25 81
25 56
25 55
25 24
25 63
27 32
27 68
27 5
27 7
27 40
27 42
27 76
27 45
27 77
27 79
27 72
27 52
27 21
27 22
27 28
27 61
27 62
28 66
28 69
28 70
28 10
28 75
28 80
28 51
28 55
28 56
28 74
28 63
29 50
29 37
29 30
30 32
30 68
30 5
30 7
30 8
30 42
30 43
30 76
30 45
30 77
30 40
30 21
30 22
30 28
30 61
30 62
31 66
31 73
31 10
31 75
31 80
31 51
31 54
31 87
31 56
31 25
31 74
32 66
32 70
32 10
32 75
32 80
32 51
32 56
32 74
33 2
33 3
33 7
33 9
33 23
33 25
33 26
33 28
33 39
33 40
33 41
33 46
33 52
33 53
33 54
33 57
33 71
33 72
33 73
33 76
33 79
33 87
33 88
34 32
34 68
34 5
34 8
34 42
34 43
34 44
34 45
34 77
34 40
34 21
34 22
34 28
34 61
34 62
35 2
35 3
35 7
35 9
35 23
35 25
35 26
35 28
35 39
35 41
35 46
35 52
35 53
35 54
35 57
35 71
35 72
35 73
35 76
35 79
35 87
35 88
36 32
36 33
36 5
36 8
36 42
36 43
36 44
36 13
36 77
36 45
36 83
36 84
36 21
36 22
36 61
36 62
37 2
37 3
37 25
37 39
37 72
37 9
37 57
37 71
37 46
37 73
37 87
37 52
37 53
37 54
37 41
37 88
37 23
37 26
38 64
38 1
38 34
38 67
38 36
38 12
38 78
38 48
38 18
38 86
38 27
38 60
38 29
38 31
39 66
39 3
39 9
39 74
39 23
39 46
39 73
39 80
39 51
39 25
39 41
39 54
39 87
39 88
39 57
39 53
40 64
40 1
40 34
40 67
40 36
40 12
40 78
40 48
40 18
40 86
40 27
40 60
40 29
40 31
42 2
42 3
42 71
42 9
42 23
42 66
42 46
42 73
42 25
42 41
42 54
42 87
42 88
42 57
42 26
42 53
43 32
43 68
43 5
43 8
43 42
43 44
43 45
43 77
43 40
43 21
43 22
43 28
43 61
43 62
44 1
44 67
44 36
44 33
44 12
44 13
44 78
44 83
44 84
44 27
44 60
45 2
45 68
45 5
45 7
45 40
45 42
45 39
45 76
45 77
45 79
45 72
45 52
45 21
45 22
45 26
45 28
45 61
45 62
46 50
46 35
46 37
46 30
47 32
47 68
47 5
47 7
47 40
47 42
47 39
47 76
47 45
47 77
47 79
47 72
47 52
47 21
47 22
47 28
47 61
47 62
48 32
48 33
48 67
48 8
48 42
48 43
48 44
48 13
48 78
48 83
48 84
48 27
48 60
48 62
49 35
49 37
50 32
50 33
50 68
50 5
50 8
50 42
50 43
50 44
50 45
50 77
50 83
50 84
50 21
50 22
50 61
50 62
51 2
51 3
51 7
51 9
51 23
51 25
51 26
51 28
51 39
51 40
51 41
51 46
51 52
51 53
51 54
51 57
51 71
51 72
51 73
51 76
51 79
51 87
51 88
52 32
52 68
52 5
52 7
52 40
52 42
52 43
52 76
52 45
52 77
52 79
52 72
52 21
52 22
52 28
52 61
52 62
55 32
55 33
55 67
55 8
55 12
55 43
55 44
55 13
55 78
55 83
55 84
55 27
55 60
56 2
56 3
56 39
56 9
56 57
56 71
56 66
56 46
56 73
56 87
56 25
56 53
56 54
56 41
56 88
56 23
56 26
58 2
58 3
58 7
58 9
58 23
58 25
58 26
58 28
58 39
58 40
58 41
58 46
58 52
58 53
58 54
58 57
58 71
58 72
58 73
58 76
58 79
58 87
58 88
59 66
59 69
59 70
59 10
59 75
59 80
59 51
59 56
59 74
63 32
63 33
63 68
63 5
63 8
63 42
63 43
63 44
63 45
63 77
63 83
63 84
63 21
63 22
63 61
63 62
64 32
64 33
64 67
64 8
64 42
64 43
64 44
64 13
64 78
64 83
64 84
64 27
64 60
64 62
65 66
65 69
65 70
65 10
65 75
65 80
65 51
65 56
65 74
67 2
67 3
67 7
67 9
67 23
67 25
67 26
67 28
67 39
67 40
67 41
67 46
67 52
67 53
67 54
67 57
67 71
67 72
67 73
67 76
67 79
67 87
67 88
68 35
68 37
69 32
69 33
69 68
69 5
69 8
69 42
69 43
69 44
69 13
69 77
69 45
69 83
69 84
69 21
69 22
69 61
69 62
70 35
70 37
71 57
71 66
71 9
71 74
71 75
71 46
71 73
71 80
71 51
71 25
71 41
71 54
71 87
71 88
71 23
72 66
72 69
72 70
72 10
72 75
72 80
72 51
72 55
72 56
72 74
72 63
73 2
73 3
73 7
73 9
73 23
73 25
73 26
73 28
73 39
73 40
73 41
73 46
73 52
73 53
73 54
73 57
73 71
73 72
73 76
73 79
73 87
73 88
74 2
74 3
74 25
74 7
74 40
74 9
74 39
74 76
74 46
74 79
74 71
74 72
74 52
74 53
74 73
74 41
74 23
74 57
74 26
74 28
74 88
75 66
75 9
75 74
75 23
75 46
75 73
75 80
75 51
75 41
75 54
75 87
75 88
75 25
76 69
76 6
76 10
76 81
76 56
76 55
76 24
76 58
76 70
76 63
77 66
77 69
77 70
77 10
77 75
77 80
77 51
77 55
77 56
77 74
77 63
78 57
78 66
78 3
78 9
78 74
78 75
78 46
78 73
78 80
78 51
78 25
78 41
78 54
78 87
78 88
78 23
80 57
80 66
80 3
80 9
80 74
80 75
80 46
80 73
80 51
80 25
80 41
80 54
80 87
80 88
80 23
81 32
81 33
81 5
81 8
81 42
81 43
81 44
81 13
81 77
81 45
81 83
81 84
81 21
81 22
81 61
81 62
82 64
82 1
82 34
82 36
82 12
82 48
82 18
82 86
82 29
82 31
83 2
83 3
83 7
83 9
83 23
83 25
83 26
83 28
83 39
83 40
83 41
83 46
83 52
83 53
83 54
83 57
83 71
83 72
83 73
83 76
83 79
83 87
83 88
84 66
84 70
84 10
84 75
84 80
84 51
84 56
84 74
86 57
86 66
86 9
86 74
86 75
86 46
86 73
86 80
86 51
86 25
86 41
86 54
86 87
86 88
86 23
87 66
87 69
87 70
87 10
87 75
87 80
87 51
87 55
87 56
87 74
87 63
88 69
88 70
88 10
88 75
88 81
88 56
88 55
88 24
88 63
