88
1 64
1 65
1 34
1 68
1 5
1 70
1 71
1 73
1 44
1 79
1 86
1 24
1 58
1 28
2 33
2 3
2 69
2 54
2 10
2 11
2 12
2 43
2 80
2 17
2 57
2 53
2 22
2 87
2 56
2 55
2 27
2 74
4 33
4 3
4 69
4 54
4 10
4 11
4 12
4 43
4 17
4 57
4 53
4 22
4 87
4 56
4 55
4 27
4 74
5 64
5 65
5 2
5 6
5 38
5 75
5 44
5 66
5 79
5 24
5 25
7 64
7 34
7 68
7 5
7 70
7 71
7 40
7 73
7 44
7 79
7 80
7 86
7 24
7 58
7 28
13 64
13 65
13 34
13 5
13 71
13 44
13 79
13 86
13 24
13 25
14 65
14 2
14 38
14 6
14 75
14 66
14 79
14 19
14 20
14 24
14 25
14 26
14 62
15 36
15 50
15 77
15 48
15 82
15 83
15 47
16 36
16 50
16 77
16 48
16 82
16 83
16 47
18 64
18 33
18 34
18 3
18 68
18 5
18 70
18 71
18 40
18 73
18 10
18 43
18 44
18 86
18 80
18 54
18 55
18 58
18 27
18 28
19 65
19 2
19 38
19 6
19 75
19 66
19 14
19 20
19 23
19 25
19 26
19 62
20 64
20 33
20 34
20 3
20 68
20 5
20 70
20 71
20 40
20 73
20 10
20 43
20 44
20 86
20 80
20 54
20 55
20 58
20 27
20 28
21 36
21 37
21 47
21 48
21 50
21 83
22 64
22 34
22 68
22 5
22 70
22 71
22 40
22 73
22 44
22 79
22 80
22 86
22 24
22 58
22 28
23 65
23 2
23 5
23 6
23 75
23 66
23 79
23 24
23 25
23 26
23 38
24 64
24 65
24 5
24 71
24 44
24 79
24 86
24 25
25 1
25 35
25 69
25 39
25 72
25 9
25 42
25 12
25 13
25 78
25 18
25 84
25 85
25 88
25 57
25 61
26 65
26 2
26 5
26 38
26 75
26 44
26 66
26 79
26 24
26 25
26 6
29 64
29 34
29 68
29 5
29 70
29 71
29 40
29 73
29 44
29 79
29 80
29 86
29 55
29 24
29 58
29 28
30 8
30 81
30 45
30 31
31 64
31 33
31 34
31 3
31 68
31 86
31 70
31 71
31 40
31 73
31 10
31 43
31 44
31 80
31 53
31 54
31 55
31 58
31 27
31 28
31 74
32 64
32 65
32 5
32 38
32 71
32 75
32 44
32 79
32 86
32 24
32 25
33 1
33 35
33 36
33 37
33 39
33 72
33 9
33 48
33 84
33 85
33 41
34 64
34 68
34 5
34 70
34 71
34 40
34 73
34 44
34 79
34 80
34 86
34 55
34 24
34 58
34 28
35 36
35 37
35 9
35 47
35 48
35 84
35 41
36 33
36 34
36 3
36 68
36 86
36 70
36 40
36 73
36 10
36 11
36 54
36 80
36 43
36 53
36 22
36 55
36 58
36 27
36 28
36 74
41 65
41 2
41 38
41 6
41 75
41 66
41 79
41 19
41 20
41 24
41 25
41 26
41 62
42 65
42 2
42 5
42 6
42 75
42 66
42 79
42 24
42 25
42 26
42 38
42 62
43 64
43 65
43 34
43 68
43 5
43 70
43 71
43 73
43 44
43 79
43 86
43 24
43 58
43 28
47 48
47 41
47 50
47 36
47 37
48 64
48 33
48 34
48 3
48 68
48 5
48 70
48 71
48 40
48 73
48 10
48 43
48 44
48 86
48 80
48 54
48 55
48 58
48 27
48 28
51 69
51 11
51 12
51 13
51 78
51 17
51 18
51 53
51 22
51 87
51 56
51 57
51 61
51 88
52 65
52 2
52 38
52 6
52 75
52 66
52 79
52 19
52 20
52 24
52 25
52 26
52 62
53 64
53 33
53 34
53 3
53 68
53 86
53 70
53 71
53 40
53 73
53 10
53 43
53 44
53 54
53 80
53 22
53 55
53 58
53 27
53 28
53 74
55 64
55 65
55 5
55 71
55 44
55 79
55 86
55 24
55 25
56 64
56 33
56 34
56 3
56 68
56 5
56 70
56 71
56 40
56 73
56 43
56 44
56 86
56 80
56 54
56 55
56 58
56 28
57 33
57 3
57 69
57 43
57 54
57 10
57 11
57 12
57 61
57 17
57 18
57 53
57 22
57 87
57 56
57 27
57 74
58 64
58 65
58 5
58 38
58 71
58 75
58 44
58 79
58 86
58 24
58 25
59 1
59 35
59 36
59 37
59 39
59 72
59 9
59 48
59 84
59 85
59 41
60 3
60 10
60 22
60 27
60 28
60 33
60 34
60 40
60 43
60 44
60 53
60 54
60 55
60 58
60 64
60 68
60 70
60 71
60 73
60 74
60 80
60 86
62 65
62 2
62 38
62 6
62 75
62 66
62 14
62 19
62 20
62 23
62 25
62 26
64 65
64 2
64 5
64 38
64 75
64 44
64 66
64 79
64 24
64 25
64 6
65 33
65 3
65 68
65 54
65 70
65 40
65 10
65 11
65 43
65 80
65 87
65 53
65 22
65 55
65 56
65 58
65 27
65 28
65 74
66 64
66 65
66 2
66 5
66 38
66 75
66 44
66 79
66 24
66 25
66 6
67 32
67 8
67 50
67 77
67 82
67 83
67 63
67 31
68 64
68 65
68 5
68 71
68 75
68 44
68 79
68 86
68 24
68 25
69 33
69 34
69 3
69 68
69 86
69 70
69 40
69 73
69 10
69 11
69 54
69 80
69 43
69 53
69 22
69 55
69 58
69 27
69 28
69 74
70 69
70 74
70 11
70 12
70 13
70 78
70 17
70 18
70 53
70 22
70 87
70 56
70 57
70 61
70 88
71 1
71 35
71 69
71 39
71 72
71 9
71 42
71 12
71 13
71 78
71 17
71 18
71 84
71 85
71 88
71 57
71 61
72 33
72 34
72 3
72 68
72 86
72 70
72 40
72 73
72 10
72 11
72 54
72 80
72 43
72 53
72 22
72 55
72 56
72 58
72 27
72 28
72 74
73 64
73 33
73 34
73 3
73 68
73 5
73 70
73 71
73 40
73 43
73 44
73 86
73 80
73 54
73 55
73 58
73 28
74 65
74 2
74 38
74 6
74 75
74 66
74 14
74 19
74 20
74 23
74 25
74 26
74 62
75 64
75 65
75 34
75 68
75 5
75 70
75 71
75 73
75 44
75 79
75 86
75 24
76 64
76 33
76 34
76 3
76 68
76 86
76 70
76 71
76 40
76 73
76 10
76 43
76 54
76 80
76 53
76 22
76 55
76 58
76 27
76 28
76 74
77 33
77 3
77 54
77 40
77 10
77 11
77 43
77 80
77 17
77 57
77 53
77 22
77 87
77 56
77 55
77 58
77 27
77 28
77 74
78 64
78 65
78 5
78 38
78 71
78 75
78 44
78 79
78 86
78 24
78 25
79 1
79 35
79 39
79 72
79 9
79 42
79 13
79 78
79 84
79 85
79 41
79 88
81 64
81 65
81 34
81 68
81 5
81 70
81 71
81 73
81 44
81 79
81 86
81 24
81 58
81 28
82 69
82 74
82 11
82 12
82 13
82 78
82 17
82 18
82 53
82 22
82 87
82 56
82 57
82 61
82 88
83 32
83 8
83 77
83 45
83 82
83 63
83 30
83 31
84 32
84 50
84 36
84 8
84 77
84 47
84 48
84 82
84 83
84 63
85 69
85 42
85 11
85 12
85 13
85 78
85 17
85 18
85 87
85 56
85 57
85 61
85 88
86 65
86 2
86 38
86 6
86 75
86 66
86 14
86 79
86 19
86 20
86 24
86 25
86 26
86 62
87 33
87 34
87 3
87 68
87 86
87 70
87 71
87 40
87 73
87 10
87 11
87 54
87 80
87 43
87 53
87 22
87 55
87 58
87 27
87 28
87 74
