88
1 18
1 2
1 83
1 74
2 6
2 43
2 50
2 13
2 18
2 21
2 86
2 26
3 74
3 83
4 1
4 7
4 9
4 13
4 14
4 15
4 21
4 26
4 33
4 41
4 43
4 46
4 47
4 48
4 50
4 57
4 58
4 72
4 73
4 78
4 81
4 86
5 74
5 83
6 3
6 4
6 5
6 10
6 19
6 29
6 31
6 32
6 33
6 34
6 36
6 37
6 39
6 40
6 42
6 44
6 45
6 53
6 54
6 56
6 57
6 59
6 63
6 70
6 72
6 73
6 77
6 81
7 2
7 6
7 43
7 13
7 46
7 50
7 21
7 86
7 18
7 26
10 1
10 4
10 7
10 9
10 13
10 14
10 15
10 21
10 26
10 33
10 41
10 43
10 46
10 47
10 48
10 50
10 57
10 58
10 72
10 73
10 78
10 81
10 86
11 6
11 7
11 43
11 13
11 14
11 15
11 48
11 50
11 46
11 86
11 58
11 47
11 26
11 21
14 1
14 3
14 4
14 5
14 7
14 9
14 15
14 32
14 33
14 36
14 37
14 41
14 42
14 45
14 47
14 48
14 53
14 54
14 57
14 58
14 59
14 63
14 72
14 73
14 77
14 78
14 81
20 2
20 6
20 43
20 13
20 46
20 50
20 21
20 86
20 18
20 26
21 1
21 3
21 4
21 7
21 9
21 14
21 15
21 26
21 32
21 33
21 36
21 41
21 46
21 47
21 48
21 57
21 58
21 59
21 63
21 72
21 73
21 78
21 81
21 86
22 1
22 4
22 86
22 7
22 9
22 43
22 13
22 78
22 15
22 48
22 81
22 50
22 14
22 73
22 41
22 46
22 58
22 47
22 26
22 21
23 2
23 6
23 43
23 50
23 13
23 18
23 21
23 86
23 26
24 2
24 6
24 43
24 13
24 46
24 50
24 21
24 86
24 18
24 58
24 26
25 18
25 2
25 83
25 74
26 1
26 4
26 7
26 9
26 13
26 14
26 15
26 21
26 33
26 41
26 43
26 46
26 47
26 48
26 50
26 57
26 58
26 72
26 73
26 78
26 81
26 86
27 1
27 3
27 4
27 7
27 9
27 13
27 14
27 15
27 26
27 32
27 33
27 41
27 46
27 47
27 48
27 50
27 57
27 58
27 59
27 72
27 73
27 78
27 81
27 86
28 82
28 83
29 84
30 74
30 83
31 2
31 6
31 43
31 13
31 46
31 50
31 21
31 86
31 18
31 26
32 1
32 4
32 33
32 7
32 9
32 43
32 13
32 78
32 15
32 48
32 81
32 50
32 14
32 73
32 41
32 46
32 58
32 47
32 86
32 26
32 21
33 2
33 6
33 74
33 43
33 18
33 21
34 49
34 82
34 84
35 74
35 83
36 2
36 6
36 43
36 13
36 46
36 50
36 21
36 86
36 18
36 26
37 18
37 2
37 83
37 74
37 6
38 18
38 2
38 83
38 74
38 6
39 74
39 83
39 82
40 49
40 82
40 84
41 1
41 3
41 4
41 5
41 7
41 9
41 14
41 15
41 32
41 33
41 36
41 37
41 42
41 46
41 47
41 48
41 53
41 54
41 57
41 58
41 59
41 63
41 72
41 73
41 77
41 78
41 81
42 2
42 6
42 43
42 50
42 13
42 18
42 21
44 3
44 5
44 10
44 11
44 19
44 22
44 24
44 29
44 31
44 32
44 34
44 35
44 36
44 37
44 39
44 40
44 42
44 45
44 53
44 54
44 56
44 59
44 63
44 70
44 71
44 72
44 75
44 77
45 1
45 4
45 86
45 7
45 9
45 43
45 13
45 78
45 15
45 48
45 81
45 50
45 14
45 73
45 41
45 46
45 58
45 47
45 26
45 21
46 1
46 3
46 4
46 5
46 9
46 19
46 31
46 32
46 33
46 34
46 36
46 37
46 39
46 40
46 42
46 44
46 45
46 53
46 54
46 56
46 57
46 59
46 63
46 70
46 72
46 73
46 77
46 81
47 2
47 6
47 43
47 50
47 13
47 18
47 21
47 86
47 26
48 74
48 83
49 2
49 6
49 43
49 50
49 13
49 18
49 21
49 26
50 2
50 6
50 43
50 13
50 46
50 18
50 21
50 86
50 58
50 26
51 2
51 6
51 43
51 50
51 13
51 18
51 21
52 2
52 83
52 74
53 2
53 6
53 43
53 13
53 46
53 15
53 50
53 21
53 86
53 18
53 58
53 26
54 74
54 83
55 74
55 83
56 18
56 2
56 83
56 74
56 6
57 2
57 6
57 43
57 50
57 13
57 18
57 21
57 86
57 26
58 2
58 6
58 43
58 13
58 46
58 50
58 21
58 86
58 18
58 26
60 18
60 6
60 43
60 13
60 46
60 15
60 50
60 21
60 86
60 58
60 26
61 2
61 6
61 43
61 50
61 13
61 18
61 21
62 82
63 2
63 6
63 43
63 50
63 13
63 18
63 21
64 1
64 4
64 33
64 7
64 9
64 43
64 13
64 78
64 15
64 48
64 81
64 50
64 14
64 73
64 41
64 46
64 58
64 47
64 86
64 26
64 21
65 1
65 3
65 4
65 7
65 9
65 14
65 15
65 26
65 32
65 33
65 41
65 46
65 47
65 48
65 50
65 57
65 58
65 59
65 63
65 72
65 73
65 78
65 81
65 86
66 82
66 83
67 82
67 83
68 74
68 83
69 2
69 6
69 43
69 13
69 46
69 50
69 21
69 86
69 18
69 26
70 1
70 3
70 4
70 7
70 9
70 14
70 15
70 26
70 32
70 33
70 36
70 41
70 46
70 47
70 48
70 57
70 58
70 59
70 63
70 72
70 73
70 78
70 81
70 86
71 2
71 6
71 43
71 50
71 13
71 18
71 21
72 2
72 6
72 43
72 13
72 46
72 50
72 21
72 86
72 18
72 58
72 26
73 1
73 4
73 33
73 7
73 9
73 43
73 13
73 78
73 15
73 48
73 81
73 50
73 14
73 86
73 41
73 46
73 58
73 47
73 26
73 21
75 74
75 83
75 82
76 30
77 74
77 83
78 2
78 18
78 74
78 6
79 74
79 83
80 82
81 1
81 3
81 4
81 7
81 9
81 14
81 15
81 26
81 32
81 33
81 41
81 46
81 47
81 48
81 50
81 57
81 58
81 59
81 63
81 72
81 73
81 78
81 86
82 1
82 3
82 4
82 5
82 7
82 9
82 14
82 15
82 32
82 33
82 36
82 37
82 41
82 42
82 46
82 47
82 48
82 53
82 54
82 57
82 58
82 59
82 63
82 72
82 73
82 77
82 78
82 81
83 1
83 3
83 4
83 5
83 7
83 9
83 14
83 15
83 32
83 33
83 36
83 37
83 41
83 42
83 46
83 47
83 48
83 54
83 57
83 58
83 59
83 63
83 72
83 73
83 77
83 78
83 81
84 1
84 3
84 4
84 7
84 9
84 14
84 15
84 26
84 32
84 33
84 36
84 41
84 46
84 47
84 48
84 57
84 58
84 59
84 63
84 72
84 73
84 78
84 81
84 86
85 1
85 4
85 7
85 9
85 13
85 14
85 15
85 21
85 26
85 32
85 33
85 41
85 43
85 46
85 47
85 48
85 50
85 57
85 58
85 72
85 73
85 78
85 81
85 86
86 1
86 4
86 33
86 7
86 9
86 43
86 13
86 78
86 15
86 48
86 81
86 50
86 14
86 73
86 41
86 46
86 58
86 47
86 26
86 21
87 1
87 3
87 4
87 5
87 9
87 19
87 31
87 32
87 33
87 34
87 36
87 37
87 39
87 40
87 42
87 44
87 45
87 53
87 54
87 56
87 57
87 59
87 63
87 70
87 72
87 73
87 77
87 81
88 1
88 6
88 7
88 9
88 43
88 13
88 78
88 15
88 48
88 50
88 14
88 86
88 41
88 46
88 58
88 47
88 26
88 21
