88
1 61
1 35
1 69
1 70
1 72
1 42
1 11
1 45
1 78
1 15
1 16
1 82
1 54
1 23
1 88
1 47
1 74
1 31
2 32
2 1
2 36
2 79
2 48
2 81
2 50
2 56
2 4
3 6
3 11
3 15
3 16
3 21
3 23
3 41
3 42
3 43
3 47
3 54
3 61
3 62
3 69
3 70
3 71
3 72
3 74
3 77
3 78
3 82
3 88
4 2
4 3
4 5
4 6
4 15
4 21
4 23
4 24
4 27
4 33
4 41
4 43
4 44
4 54
4 55
4 62
4 63
4 68
4 69
4 70
4 71
4 72
4 74
4 77
4 82
5 6
5 11
5 15
5 16
5 21
5 23
5 41
5 42
5 43
5 47
5 54
5 61
5 62
5 69
5 70
5 71
5 72
5 74
5 77
5 78
5 82
5 88
6 32
6 1
6 36
6 79
6 48
6 50
6 56
6 4
6 29
8 2
8 3
8 5
8 6
8 7
8 14
8 21
8 24
8 27
8 33
8 41
8 43
8 44
8 54
8 55
8 57
8 62
8 63
8 68
8 71
8 72
8 73
8 74
8 77
8 82
9 2
9 3
9 5
9 6
9 7
9 14
9 24
9 27
9 33
9 37
9 41
9 44
9 49
9 55
9 57
9 58
9 62
9 63
9 64
9 68
9 71
9 73
10 1
10 36
10 38
10 46
10 48
10 81
10 20
10 30
11 61
11 35
11 10
11 45
11 78
11 47
11 16
11 88
11 42
11 30
11 31
12 1
12 36
12 38
12 10
12 46
12 48
12 81
12 50
12 20
13 32
13 1
13 36
13 79
13 48
13 50
13 56
13 4
14 64
14 65
14 67
14 37
14 7
14 40
14 73
14 49
14 52
14 85
14 25
14 57
14 58
14 26
14 53
15 61
15 35
15 69
15 70
15 42
15 11
15 45
15 78
15 47
15 16
15 54
15 23
15 88
15 74
15 31
16 2
16 3
16 5
16 6
16 7
16 14
16 21
16 24
16 27
16 33
16 41
16 43
16 44
16 54
16 55
16 57
16 62
16 63
16 68
16 71
16 72
16 73
16 74
16 77
16 82
17 32
17 1
17 36
17 79
17 48
17 81
17 50
17 56
17 4
18 32
18 4
18 79
18 84
18 56
18 29
19 2
19 3
19 5
19 6
19 7
19 14
19 21
19 24
19 27
19 33
19 37
19 41
19 44
19 55
19 57
19 62
19 63
19 64
19 68
19 71
19 73
19 77
21 2
21 3
21 5
21 6
21 7
21 14
21 24
21 27
21 33
21 41
21 43
21 44
21 54
21 55
21 57
21 62
21 63
21 68
21 71
21 72
21 73
21 74
21 77
21 82
22 35
22 38
22 10
22 45
22 46
22 81
22 20
22 30
22 31
24 5
24 6
24 11
24 15
24 21
24 23
24 41
24 42
24 43
24 47
24 54
24 55
24 61
24 62
24 69
24 70
24 71
24 72
24 74
24 77
24 78
24 82
24 88
25 2
25 3
25 5
25 6
25 15
25 21
25 23
25 24
25 27
25 33
25 41
25 43
25 44
25 54
25 55
25 62
25 63
25 68
25 69
25 70
25 71
25 72
25 74
25 77
25 82
26 32
26 1
26 36
26 79
26 48
26 50
26 56
26 4
28 61
28 35
28 10
28 11
28 45
28 78
28 47
28 16
28 20
28 46
28 88
28 42
28 30
28 31
31 2
31 3
31 5
31 6
31 7
31 14
31 21
31 24
31 27
31 33
31 41
31 43
31 44
31 54
31 55
31 57
31 62
31 63
31 68
31 71
31 72
31 73
31 77
31 82
32 6
32 11
32 15
32 16
32 21
32 23
32 41
32 42
32 43
32 47
32 54
32 61
32 62
32 69
32 70
32 71
32 72
32 74
32 77
32 78
32 82
32 88
34 61
34 35
34 10
34 11
34 45
34 78
34 47
34 16
34 88
34 42
34 30
34 31
35 43
35 69
35 70
35 72
35 42
35 11
35 61
35 78
35 15
35 16
35 82
35 54
35 23
35 88
35 47
35 74
35 31
36 35
36 38
36 10
36 45
36 46
36 81
36 20
36 30
38 81
38 10
38 20
38 46
38 30
40 2
40 3
40 5
40 6
40 7
40 14
40 21
40 24
40 27
40 33
40 41
40 43
40 44
40 54
40 55
40 57
40 62
40 63
40 68
40 71
40 72
40 73
40 74
40 77
40 82
41 2
41 3
41 5
41 6
41 7
41 14
41 21
41 24
41 27
41 33
41 37
41 43
41 44
41 55
41 57
41 62
41 63
41 64
41 68
41 71
41 73
41 77
41 82
42 2
42 3
42 5
42 6
42 15
42 21
42 23
42 24
42 27
42 33
42 41
42 43
42 44
42 54
42 55
42 62
42 63
42 68
42 69
42 70
42 71
42 72
42 74
42 77
42 82
45 64
45 33
45 2
45 3
45 68
45 37
45 7
45 40
45 73
45 44
45 14
45 49
45 52
45 85
45 55
45 24
45 57
45 58
45 27
45 63
46 2
46 3
46 5
46 6
46 7
46 14
46 21
46 24
46 27
46 33
46 37
46 41
46 43
46 44
46 55
46 57
46 62
46 63
46 64
46 68
46 71
46 73
46 77
47 35
47 69
47 70
47 42
47 11
47 45
47 78
47 16
47 88
47 61
47 30
47 31
48 61
48 35
48 10
48 11
48 45
48 78
48 47
48 16
48 20
48 46
48 88
48 42
48 30
48 31
50 32
50 1
50 36
50 79
50 48
50 81
50 56
50 4
51 61
51 35
51 10
51 11
51 45
51 78
51 47
51 16
51 46
51 88
51 42
51 30
51 31
55 2
55 3
55 5
55 6
55 7
55 14
55 21
55 24
55 27
55 33
55 41
55 43
55 44
55 54
55 57
55 62
55 63
55 68
55 71
55 72
55 73
55 74
55 77
55 82
63 64
63 33
63 2
63 3
63 68
63 37
63 7
63 40
63 73
63 44
63 14
63 49
63 67
63 52
63 85
63 24
63 57
63 58
63 27
64 35
64 38
64 10
64 11
64 45
64 46
64 16
64 81
64 20
64 30
64 31
73 64
73 33
73 2
73 3
73 37
73 7
73 40
73 44
73 14
73 49
73 67
73 52
73 85
73 57
73 58
73 27
73 63
77 2
77 3
77 5
77 6
77 14
77 15
77 21
77 23
77 24
77 27
77 33
77 41
77 43
77 44
77 54
77 55
77 57
77 62
77 63
77 68
77 69
77 70
77 71
77 72
77 73
77 74
77 82
78 5
78 6
78 11
78 15
78 16
78 21
78 23
78 41
78 42
78 43
78 47
78 54
78 61
78 62
78 69
78 70
78 71
78 72
78 74
78 77
78 82
78 88
80 2
80 3
80 5
80 6
80 14
80 15
80 21
80 23
80 24
80 27
80 33
80 41
80 43
80 44
80 54
80 55
80 57
80 62
80 63
80 68
80 69
80 70
80 71
80 72
80 73
80 74
80 77
80 82
81 43
81 69
81 70
81 72
81 42
81 11
81 61
81 78
81 15
81 16
81 82
81 54
81 23
81 88
81 47
81 74
81 31
82 5
82 6
82 11
82 15
82 21
82 23
82 41
82 42
82 43
82 47
82 54
82 55
82 61
82 62
82 69
82 70
82 71
82 72
82 74
82 77
82 78
82 88
83 61
83 35
83 69
83 70
83 72
83 42
83 11
83 45
83 78
83 15
83 16
83 43
83 82
83 54
83 23
83 88
83 47
83 74
83 31
85 5
85 6
85 15
85 21
85 23
85 24
85 41
85 42
85 43
85 47
85 54
85 55
85 62
85 68
85 69
85 70
85 71
85 72
85 74
85 77
85 78
85 82
85 88
87 64
87 65
87 67
87 37
87 7
87 40
87 73
87 14
87 49
87 52
87 85
87 25
87 57
87 58
87 27
87 26
87 53
