88
1 3
1 4
1 7
1 9
1 10
1 11
1 13
1 14
1 16
1 20
1 24
1 27
1 33
1 42
1 44
1 45
1 50
1 55
1 56
1 59
1 64
1 65
1 67
1 75
2 3
2 4
2 7
2 9
2 10
2 13
2 14
2 15
2 20
2 21
2 23
2 24
2 28
2 33
2 37
2 39
2 42
2 44
2 45
2 50
2 52
2 55
2 56
2 59
2 64
2 65
2 67
2 73
2 75
2 78
2 79
2 80
2 86
2 87
2 88
3 5
3 15
3 18
3 21
3 23
3 25
3 31
3 32
3 34
3 36
3 38
3 40
3 41
3 43
3 47
3 48
3 52
3 53
3 58
3 62
3 63
3 66
3 68
3 69
3 71
3 72
3 73
3 74
3 76
3 77
3 78
3 80
3 86
3 87
4 3
4 7
4 9
4 10
4 11
4 13
4 14
4 16
4 20
4 24
4 27
4 33
4 42
4 44
4 45
4 50
4 55
4 56
4 59
4 64
4 65
4 67
4 75
11 3
11 7
11 8
11 9
11 10
11 12
11 13
11 14
11 16
11 20
11 24
11 27
11 33
11 42
11 44
11 50
11 54
11 56
11 59
11 64
11 67
11 75
12 1
12 2
12 7
12 8
12 9
12 10
12 11
12 13
12 14
12 16
12 20
12 22
12 24
12 27
12 42
12 44
12 51
12 54
12 61
12 64
12 67
12 75
17 66
17 5
17 70
17 71
17 40
17 74
17 76
17 77
17 46
17 48
17 72
17 82
17 83
17 53
17 25
17 57
17 26
17 29
17 62
17 31
22 5
22 15
22 18
22 21
22 23
22 25
22 26
22 31
22 32
22 34
22 36
22 38
22 40
22 41
22 43
22 47
22 48
22 52
22 53
22 58
22 62
22 63
22 66
22 68
22 69
22 71
22 72
22 73
22 74
22 76
22 77
22 80
22 83
22 86
22 87
24 3
24 4
24 7
24 9
24 10
24 11
24 12
24 13
24 14
24 16
24 20
24 27
24 33
24 42
24 44
24 50
24 54
24 56
24 59
24 64
24 67
24 75
26 19
26 1
26 2
26 67
26 54
26 6
26 7
26 8
26 10
26 11
26 12
26 14
26 61
26 16
26 51
26 20
26 85
26 22
26 27
26 42
29 19
29 1
29 2
29 67
29 54
29 6
29 7
29 8
29 11
29 12
29 16
29 51
29 20
29 85
29 22
29 27
29 61
30 3
30 4
30 7
30 9
30 10
30 11
30 13
30 14
30 16
30 20
30 24
30 27
30 33
30 42
30 44
30 45
30 50
30 56
30 59
30 64
30 65
30 67
30 75
31 3
31 4
31 7
31 9
31 10
31 11
31 13
31 14
31 16
31 20
31 24
31 27
31 33
31 42
31 44
31 45
31 50
31 56
31 59
31 64
31 65
31 67
31 75
32 1
32 2
32 7
32 8
32 9
32 10
32 11
32 12
32 14
32 16
32 20
32 22
32 24
32 27
32 42
32 44
32 51
32 54
32 61
32 64
32 67
32 75
33 19
33 1
33 2
33 67
33 54
33 6
33 7
33 8
33 10
33 11
33 12
33 14
33 61
33 16
33 51
33 20
33 85
33 22
33 27
33 42
34 1
34 2
34 6
34 7
34 8
34 9
34 10
34 11
34 12
34 14
34 16
34 19
34 20
34 22
34 27
34 42
34 44
34 51
34 54
34 61
34 67
34 85
37 3
37 4
37 7
37 9
37 10
37 11
37 13
37 14
37 16
37 20
37 24
37 27
37 33
37 42
37 44
37 45
37 50
37 56
37 59
37 64
37 65
37 67
37 75
42 19
42 1
42 2
42 67
42 54
42 6
42 7
42 8
42 11
42 12
42 14
42 16
42 51
42 20
42 85
42 22
42 27
42 61
44 19
44 1
44 2
44 67
44 54
44 6
44 7
44 8
44 42
44 11
44 12
44 14
44 16
44 51
44 20
44 85
44 22
44 27
44 61
45 3
45 4
45 7
45 9
45 10
45 13
45 14
45 20
45 21
45 24
45 27
45 28
45 33
45 37
45 39
45 42
45 44
45 50
45 55
45 56
45 59
45 64
45 65
45 67
45 75
45 78
45 79
45 80
45 86
45 87
45 88
47 3
47 4
47 7
47 9
47 10
47 11
47 13
47 14
47 16
47 20
47 24
47 27
47 33
47 42
47 44
47 45
47 50
47 54
47 56
47 59
47 64
47 67
47 75
48 3
48 4
48 7
48 9
48 10
48 11
48 13
48 14
48 16
48 20
48 24
48 27
48 33
48 42
48 44
48 45
48 50
48 56
48 59
48 64
48 65
48 67
48 75
50 1
50 2
50 7
50 8
50 9
50 10
50 11
50 12
50 13
50 14
50 16
50 20
50 22
50 24
50 27
50 42
50 44
50 51
50 54
50 56
50 59
50 61
50 64
50 67
50 75
54 3
54 4
54 13
54 15
54 18
54 21
54 23
54 28
54 32
54 33
54 34
54 36
54 37
54 38
54 39
54 41
54 43
54 45
54 47
54 50
54 52
54 55
54 56
54 58
54 59
54 63
54 65
54 68
54 69
54 73
54 78
54 79
54 80
54 86
54 87
54 88
56 3
56 4
56 15
56 18
56 21
56 23
56 28
56 32
56 33
56 34
56 36
56 37
56 38
56 39
56 40
56 41
56 43
56 45
56 47
56 50
56 52
56 55
56 58
56 59
56 63
56 65
56 68
56 69
56 71
56 72
56 73
56 74
56 77
56 78
56 79
56 80
56 86
56 87
56 88
57 1
57 2
57 7
57 8
57 9
57 10
57 11
57 12
57 14
57 16
57 20
57 22
57 24
57 27
57 42
57 44
57 51
57 54
57 61
57 64
57 67
57 75
58 1
58 2
58 7
58 8
58 9
58 10
58 11
58 12
58 13
58 14
58 16
58 20
58 22
58 24
58 27
58 42
58 44
58 51
58 54
58 56
58 59
58 61
58 64
58 67
58 75
64 3
64 4
64 7
64 9
64 10
64 11
64 13
64 14
64 16
64 20
64 24
64 27
64 33
64 42
64 44
64 45
64 50
64 56
64 59
64 65
64 67
64 75
67 3
67 4
67 9
67 10
67 13
67 14
67 15
67 18
67 21
67 23
67 24
67 28
67 33
67 37
67 39
67 42
67 43
67 44
67 45
67 50
67 52
67 55
67 56
67 59
67 64
67 65
67 68
67 69
67 73
67 75
67 78
67 79
67 80
67 86
67 87
67 88
68 19
68 1
68 2
68 67
68 54
68 6
68 7
68 8
68 42
68 11
68 12
68 14
68 16
68 51
68 20
68 85
68 22
68 27
68 61
78 3
78 4
78 7
78 9
78 10
78 11
78 13
78 14
78 16
78 20
78 24
78 27
78 28
78 33
78 37
78 39
78 42
78 44
78 45
78 50
78 55
78 56
78 59
78 64
78 65
78 67
78 75
78 79
78 88
81 2
81 3
81 7
81 8
81 9
81 10
81 11
81 12
81 13
81 14
81 16
81 20
81 22
81 24
81 27
81 33
81 42
81 44
81 54
81 56
81 59
81 64
81 67
81 75
83 1
83 2
83 7
83 8
83 9
83 10
83 11
83 12
83 13
83 14
83 16
83 20
83 22
83 24
83 27
83 42
83 44
83 51
83 54
83 61
83 64
83 67
83 75
84 3
84 4
84 13
84 15
84 18
84 21
84 23
84 28
84 32
84 33
84 34
84 36
84 37
84 38
84 39
84 41
84 43
84 45
84 47
84 50
84 52
84 55
84 56
84 58
84 59
84 63
84 65
84 68
84 69
84 73
84 78
84 79
84 80
84 86
84 87
84 88
88 1
88 2
88 6
88 7
88 8
88 9
88 10
88 11
88 12
88 14
88 16
88 20
88 22
88 24
88 27
88 42
88 44
88 51
88 54
88 61
88 64
88 67
88 75
