88
2 69
2 8
2 14
2 19
2 54
2 23
2 57
4 1
4 67
4 40
4 42
4 75
4 77
4 16
4 24
4 18
4 83
4 53
4 27
4 23
4 56
4 59
4 30
4 85
5 69
5 8
5 14
5 19
5 54
5 23
5 57
6 33
6 35
6 4
6 70
6 38
6 71
6 41
6 11
6 45
6 46
6 87
6 17
6 50
6 25
6 55
6 88
6 36
6 58
6 28
6 63
7 1
7 67
7 40
7 42
7 75
7 77
7 16
7 24
7 18
7 83
7 53
7 27
7 56
7 59
7 30
7 85
9 67
9 5
9 39
9 40
9 10
9 75
9 77
9 16
9 43
9 83
9 53
9 27
9 56
9 49
9 59
9 60
9 42
9 30
9 85
11 1
11 67
11 40
11 42
11 16
11 24
11 18
11 83
11 53
11 23
11 56
11 27
11 30
11 85
12 1
12 8
12 42
12 40
12 18
12 56
12 23
12 24
12 57
12 27
12 30
14 1
14 8
14 18
14 19
14 54
14 23
14 24
14 57
18 4
18 5
18 70
18 39
18 9
18 10
18 43
18 45
18 46
18 77
18 49
18 50
18 55
18 36
18 59
18 60
20 1
20 67
20 8
20 42
20 16
20 40
20 18
20 83
20 56
20 23
20 24
20 57
20 27
20 30
21 32
21 37
21 72
21 73
21 74
21 44
21 13
21 78
21 79
21 29
21 51
21 84
21 26
21 61
21 62
22 32
22 66
22 72
22 73
22 74
22 44
22 13
22 78
22 47
22 29
22 51
22 84
22 21
22 26
22 79
22 61
22 62
22 31
24 67
24 5
24 39
24 9
24 10
24 43
24 45
24 77
24 49
24 75
24 83
24 53
24 59
24 60
24 85
25 1
25 67
25 40
25 42
25 75
25 77
25 16
25 24
25 18
25 83
25 53
25 27
25 56
25 59
25 30
25 85
26 33
26 70
26 35
26 4
26 5
26 38
26 39
26 41
26 10
26 45
26 46
26 50
26 28
26 55
26 88
26 36
26 58
26 60
28 32
28 37
28 71
28 72
28 73
28 74
28 44
28 13
28 12
28 17
28 51
28 84
28 78
28 26
28 61
28 62
28 21
31 33
31 70
31 4
31 5
31 38
31 39
31 9
31 10
31 43
31 45
31 46
31 49
31 50
31 41
31 88
31 36
31 58
31 60
31 55
32 33
32 70
32 4
32 5
32 38
32 39
32 9
32 10
32 43
32 45
32 46
32 49
32 50
32 41
32 88
32 36
32 60
32 55
33 35
33 4
33 70
33 38
33 71
33 41
33 11
33 45
33 46
33 87
33 17
33 50
33 25
33 55
33 88
33 36
33 58
33 28
33 63
34 33
34 70
34 4
34 5
34 38
34 39
34 9
34 10
34 43
34 45
34 46
34 49
34 50
34 28
34 41
34 88
34 36
34 58
34 60
34 55
35 1
35 8
35 18
35 19
35 54
35 23
35 24
35 57
36 33
36 70
36 35
36 4
36 5
36 38
36 39
36 41
36 10
36 45
36 46
36 50
36 28
36 55
36 88
36 58
36 60
37 11
37 12
37 13
37 17
37 21
37 25
37 26
37 28
37 32
37 35
37 38
37 44
37 51
37 58
37 61
37 62
37 63
37 71
37 72
37 74
37 78
37 84
37 87
37 88
38 32
38 37
38 71
38 72
38 12
38 74
38 11
38 44
38 13
38 78
38 17
38 51
38 84
38 21
38 87
38 26
38 61
38 62
38 63
40 32
40 37
40 71
40 72
40 12
40 74
40 11
40 44
40 13
40 78
40 17
40 51
40 84
40 21
40 87
40 25
40 26
40 61
40 62
40 63
44 75
44 4
44 5
44 70
44 39
44 9
44 10
44 43
44 45
44 46
44 77
44 49
44 50
44 53
44 55
44 36
44 59
44 60
47 1
47 8
47 42
47 40
47 18
47 56
47 23
47 24
47 57
47 30
48 33
48 35
48 4
48 70
48 38
48 39
48 41
48 11
48 45
48 46
48 71
48 17
48 50
48 25
48 87
48 88
48 36
48 58
48 28
48 55
48 63
49 1
49 8
49 42
49 40
49 18
49 56
49 23
49 24
49 57
49 30
50 1
50 8
50 18
50 19
50 54
50 23
50 24
50 57
53 33
53 70
53 35
53 4
53 5
53 38
53 39
53 41
53 10
53 43
53 45
53 46
53 50
53 28
53 55
53 88
53 36
53 58
53 60
54 67
54 5
54 39
54 9
54 10
54 75
54 45
54 77
54 16
54 43
54 83
54 53
54 59
54 49
54 27
54 60
54 42
54 85
55 33
55 70
55 4
55 5
55 38
55 39
55 9
55 10
55 43
55 45
55 46
55 49
55 50
55 41
55 88
55 36
55 58
55 60
56 33
56 35
56 4
56 70
56 38
56 71
56 41
56 11
56 45
56 46
56 87
56 17
56 50
56 25
56 55
56 88
56 36
56 58
56 28
56 63
58 67
58 5
58 39
58 40
58 9
58 10
58 75
58 77
58 16
58 43
58 83
58 53
58 59
58 49
58 27
58 60
58 42
58 85
59 1
59 67
59 5
59 49
59 40
59 9
59 42
59 75
59 77
59 16
59 43
59 83
59 53
59 56
59 27
59 30
59 85
60 69
60 8
60 14
60 18
60 19
60 54
60 23
60 57
61 1
61 67
61 40
61 42
61 75
61 77
61 16
61 24
61 18
61 83
61 53
61 27
61 23
61 56
61 59
61 30
61 85
62 33
62 35
62 4
62 70
62 38
62 39
62 41
62 10
62 11
62 45
62 46
62 87
62 50
62 25
62 28
62 55
62 88
62 36
62 58
62 60
63 1
63 8
63 40
63 18
63 19
63 56
63 23
63 24
63 57
63 30
64 33
64 70
64 35
64 4
64 5
64 38
64 39
64 9
64 10
64 43
64 45
64 46
64 49
64 50
64 28
64 41
64 88
64 36
64 58
64 60
64 55
66 67
66 5
66 39
66 9
66 10
66 75
66 45
66 77
66 16
66 43
66 83
66 53
66 59
66 49
66 27
66 60
66 85
67 32
67 66
67 72
67 73
67 74
67 44
67 13
67 78
67 47
67 29
67 51
67 84
67 21
67 26
67 79
67 61
67 62
67 31
68 75
68 4
68 5
68 70
68 39
68 9
68 10
68 43
68 45
68 46
68 77
68 49
68 53
68 55
68 36
68 59
68 60
68 85
71 1
71 67
71 5
71 49
71 40
71 9
71 42
71 75
71 77
71 16
71 43
71 83
71 53
71 27
71 56
71 59
71 60
71 30
71 85
72 1
72 67
72 40
72 42
72 75
72 16
72 24
72 18
72 83
72 53
72 23
72 56
72 27
72 30
72 85
74 69
74 8
74 14
74 18
74 19
74 54
74 23
74 24
74 57
75 4
75 5
75 70
75 39
75 9
75 10
75 43
75 45
75 46
75 77
75 49
75 53
75 55
75 36
75 59
75 60
75 85
76 67
76 5
76 39
76 40
76 9
76 10
76 75
76 77
76 16
76 43
76 83
76 53
76 27
76 56
76 49
76 59
76 60
76 42
76 30
76 85
77 1
77 67
77 5
77 49
77 40
77 9
77 42
77 75
77 16
77 43
77 83
77 53
77 27
77 56
77 59
77 30
77 85
79 32
79 37
79 72
79 73
79 74
79 44
79 13
79 12
79 51
79 84
79 78
79 26
79 61
79 62
79 21
80 33
80 4
80 5
80 70
80 39
80 9
80 10
80 43
80 45
80 46
80 49
80 50
80 41
80 36
80 60
80 55
86 8
86 14
86 18
86 19
86 54
86 23
86 24
86 57
87 1
87 67
87 40
87 42
87 75
87 77
87 16
87 24
87 18
87 83
87 53
87 23
87 56
87 27
87 30
87 85
88 1
88 8
88 24
88 18
88 19
88 54
88 23
88 56
88 57
88 30
