88
1 3
1 4
1 6
1 9
1 21
1 26
1 35
1 36
1 37
1 39
1 40
1 41
1 45
1 48
1 53
1 54
1 55
1 56
1 71
1 72
1 73
1 74
1 76
1 77
1 78
1 83
1 87
2 64
2 65
2 68
2 37
2 32
2 80
2 41
2 42
2 75
2 46
2 47
2 48
2 51
2 78
2 24
2 25
2 28
2 62
2 69
3 35
3 70
3 72
3 9
3 10
3 11
3 61
3 79
3 81
3 50
3 20
3 59
3 55
3 57
3 27
3 74
3 31
6 27
6 70
6 10
6 11
6 43
6 14
6 79
6 81
6 50
6 20
6 86
6 55
6 23
6 57
6 58
6 59
6 61
6 31
7 1
7 2
7 3
7 4
7 6
7 21
7 26
7 28
7 32
7 36
7 37
7 40
7 41
7 45
7 48
7 51
7 53
7 54
7 56
7 62
7 69
7 71
7 73
7 76
7 77
7 78
7 83
7 87
8 1
8 3
8 4
8 6
8 9
8 21
8 26
8 35
8 36
8 37
8 39
8 40
8 41
8 45
8 48
8 53
8 54
8 56
8 62
8 71
8 72
8 73
8 74
8 76
8 77
8 78
8 83
8 87
9 61
9 35
9 70
9 6
9 39
9 72
9 73
9 10
9 71
9 45
9 79
9 81
9 83
9 20
9 21
9 87
9 56
9 55
9 59
9 74
9 31
10 35
10 70
10 6
10 39
10 72
10 9
10 74
10 71
10 45
10 79
10 81
10 83
10 20
10 73
10 87
10 56
10 55
10 59
10 61
10 31
11 35
11 70
11 39
11 72
11 9
11 10
11 61
11 79
11 81
11 83
11 20
11 59
11 55
11 57
11 27
11 74
11 31
13 27
13 70
13 10
13 11
13 43
13 14
13 79
13 81
13 50
13 20
13 86
13 23
13 57
13 58
13 59
13 61
13 31
14 59
14 70
14 72
14 9
14 10
14 11
14 61
14 79
14 81
14 50
14 20
14 55
14 57
14 27
14 74
14 31
18 33
18 66
18 67
18 68
18 75
18 46
18 16
18 82
18 19
18 84
18 85
18 24
18 25
18 29
18 63
21 64
21 65
21 66
21 67
21 68
21 80
21 42
21 75
21 46
21 47
21 16
21 82
21 19
21 84
21 85
21 24
21 25
22 27
22 70
22 72
22 9
22 10
22 11
22 79
22 81
22 50
22 20
22 43
22 55
22 23
22 57
22 58
22 59
22 61
22 31
23 1
23 3
23 4
23 6
23 9
23 21
23 26
23 35
23 36
23 39
23 40
23 45
23 53
23 54
23 55
23 56
23 71
23 72
23 73
23 74
23 76
23 77
23 78
23 83
23 87
27 61
27 35
27 54
27 6
27 39
27 72
27 9
27 10
27 71
27 45
27 79
27 83
27 20
27 21
27 73
27 87
27 56
27 55
27 70
27 74
27 31
29 33
29 66
29 67
29 68
29 75
29 46
29 16
29 82
29 19
29 84
29 85
29 24
29 25
29 63
30 33
30 66
30 67
30 16
30 82
30 19
30 84
30 85
30 22
30 29
30 63
31 35
31 70
31 72
31 9
31 10
31 11
31 61
31 79
31 81
31 50
31 20
31 59
31 55
31 57
31 27
31 74
33 35
33 70
33 39
33 72
33 9
33 10
33 71
33 61
33 79
33 81
33 83
33 20
33 59
33 55
33 27
33 74
33 31
34 33
34 66
34 16
34 18
34 19
34 22
34 29
34 63
35 64
35 65
35 2
35 37
35 32
35 80
35 41
35 42
35 75
35 78
35 46
35 47
35 48
35 51
35 53
35 24
35 26
35 28
35 62
35 69
36 1
36 4
36 6
36 9
36 20
36 21
36 31
36 35
36 39
36 40
36 45
36 54
36 55
36 56
36 61
36 70
36 71
36 72
36 73
36 74
36 79
36 83
36 87
37 1
37 2
37 3
37 4
37 6
37 21
37 26
37 28
37 32
37 36
37 40
37 41
37 45
37 48
37 51
37 53
37 54
37 56
37 62
37 69
37 71
37 73
37 76
37 77
37 78
37 83
37 87
38 35
38 70
38 6
38 39
38 40
38 9
38 74
38 71
38 45
38 79
38 72
38 83
38 20
38 21
38 54
38 73
38 56
38 55
38 87
38 61
38 31
39 1
39 4
39 6
39 9
39 21
39 35
39 36
39 40
39 45
39 54
39 55
39 56
39 61
39 71
39 72
39 73
39 74
39 76
39 77
39 79
39 83
39 87
40 64
40 65
40 2
40 68
40 37
40 32
40 80
40 41
40 42
40 75
40 46
40 47
40 48
40 82
40 51
40 78
40 24
40 25
40 28
40 62
40 69
41 1
41 3
41 4
41 6
41 9
41 21
41 26
41 35
41 36
41 37
41 39
41 40
41 45
41 48
41 53
41 54
41 55
41 56
41 71
41 72
41 73
41 74
41 76
41 77
41 78
41 83
41 87
43 33
43 66
43 67
43 68
43 75
43 46
43 16
43 82
43 19
43 84
43 85
43 24
43 25
43 29
43 63
44 59
44 70
44 72
44 9
44 10
44 11
44 61
44 79
44 81
44 50
44 20
44 55
44 57
44 27
44 74
44 31
47 6
47 9
47 10
47 20
47 21
47 31
47 35
47 39
47 45
47 54
47 55
47 56
47 59
47 61
47 70
47 71
47 72
47 73
47 74
47 79
47 81
47 83
47 87
48 1
48 3
48 4
48 6
48 21
48 26
48 35
48 36
48 37
48 39
48 40
48 41
48 45
48 53
48 54
48 56
48 62
48 71
48 73
48 74
48 76
48 77
48 78
48 83
48 87
49 1
49 3
49 4
49 6
49 9
49 21
49 26
49 35
49 36
49 39
49 40
49 45
49 53
49 54
49 55
49 56
49 71
49 72
49 73
49 74
49 76
49 77
49 83
49 87
50 18
50 34
50 22
52 64
52 65
52 2
52 68
52 37
52 32
52 80
52 41
52 42
52 75
52 46
52 47
52 48
52 51
52 78
52 24
52 25
52 28
52 62
52 69
56 59
56 70
56 72
56 9
56 10
56 11
56 61
56 79
56 81
56 50
56 20
56 55
56 23
56 57
56 58
56 27
56 74
56 31
58 35
58 70
58 39
58 72
58 9
58 10
58 61
58 79
58 81
58 83
58 20
58 59
58 55
58 57
58 27
58 74
58 31
59 19
59 65
59 66
59 67
59 68
59 64
59 42
59 75
59 46
59 47
59 80
59 82
59 51
59 84
59 85
59 24
59 25
62 27
62 70
62 10
62 11
62 43
62 14
62 79
62 81
62 50
62 20
62 86
62 23
62 57
62 58
62 59
62 61
62 31
67 35
67 70
67 39
67 72
67 9
67 10
67 71
67 59
67 61
67 79
67 81
67 83
67 20
67 73
67 87
67 56
67 55
67 27
67 74
67 31
68 64
68 65
68 2
68 37
68 32
68 80
68 41
68 42
68 75
68 46
68 47
68 48
68 82
68 51
68 78
68 24
68 25
68 28
68 62
68 69
76 1
76 2
76 3
76 4
76 6
76 21
76 26
76 28
76 32
76 36
76 37
76 40
76 41
76 42
76 45
76 47
76 48
76 51
76 53
76 54
76 62
76 64
76 65
76 69
76 77
76 78
80 1
80 3
80 4
80 6
80 21
80 26
80 35
80 36
80 37
80 39
80 40
80 41
80 45
80 48
80 53
80 54
80 56
80 62
80 71
80 73
80 74
80 76
80 77
80 78
80 83
80 87
86 59
86 70
86 72
86 9
86 10
86 11
86 61
86 79
86 81
86 50
86 20
86 55
86 23
86 57
86 58
86 27
86 74
86 31
88 1
88 2
88 3
88 4
88 26
88 28
88 32
88 36
88 37
88 40
88 41
88 42
88 47
88 48
88 51
88 53
88 62
88 64
88 65
88 69
88 76
88 77
88 78
88 80
