88
1 5
1 6
1 43
1 49
1 82
1 85
1 55
1 57
1 70
2 3
2 5
2 6
2 14
2 17
2 27
2 28
2 29
2 31
2 32
2 35
2 36
2 39
2 41
2 43
2 47
2 55
2 58
2 63
2 67
2 70
2 81
2 84
2 85
3 7
3 28
3 31
3 32
3 34
3 35
3 37
3 38
3 39
3 41
3 42
3 45
3 48
3 56
3 58
3 60
3 67
3 69
3 71
3 72
3 78
3 83
3 87
4 3
4 5
4 6
4 14
4 17
4 27
4 28
4 29
4 31
4 32
4 35
4 36
4 39
4 41
4 43
4 47
4 55
4 58
4 63
4 67
4 70
4 81
4 84
4 85
5 32
5 35
5 67
5 36
5 70
5 6
5 17
5 41
5 43
5 14
5 47
5 81
5 3
5 84
5 85
5 55
5 58
5 27
5 28
5 29
5 63
6 32
6 34
6 67
6 37
6 38
6 7
6 72
6 41
6 42
6 39
6 45
6 78
6 48
6 83
6 87
6 56
6 71
6 31
6 60
6 69
7 3
7 5
7 6
7 14
7 17
7 27
7 28
7 29
7 31
7 32
7 35
7 36
7 39
7 41
7 43
7 47
7 55
7 58
7 63
7 67
7 70
7 81
7 84
7 85
8 64
8 2
9 3
9 36
9 5
9 6
9 49
9 43
9 81
9 82
9 84
9 85
9 55
9 27
9 70
9 29
10 3
10 5
10 6
10 49
10 43
10 81
10 82
10 85
10 55
10 27
10 70
10 29
11 3
11 36
11 5
11 6
11 81
11 63
11 43
11 47
11 49
11 82
11 84
11 17
11 55
11 27
11 70
11 29
11 85
13 3
13 14
13 17
13 27
13 28
13 29
13 31
13 32
13 34
13 35
13 36
13 39
13 41
13 45
13 47
13 58
13 63
13 67
13 70
13 78
13 81
13 83
13 84
15 64
15 2
18 32
18 34
18 37
18 38
18 7
18 72
18 41
18 42
18 39
18 45
18 78
18 48
18 83
18 87
18 56
18 71
18 31
18 60
18 69
21 64
21 1
21 2
21 51
21 57
22 64
22 2
23 64
23 2
25 24
25 18
25 50
26 64
26 2
27 64
27 1
27 2
27 49
27 82
27 51
27 57
28 64
28 1
28 2
28 51
28 57
29 3
29 5
29 6
29 14
29 17
29 27
29 28
29 32
29 35
29 36
29 39
29 41
29 43
29 47
29 55
29 58
29 63
29 67
29 70
29 81
29 84
29 85
30 64
30 1
30 2
30 49
30 51
30 57
31 1
31 5
31 6
31 49
31 82
31 51
31 85
31 55
31 57
32 3
32 14
32 17
32 27
32 28
32 29
32 31
32 34
32 35
32 36
32 37
32 39
32 41
32 45
32 47
32 58
32 63
32 67
32 69
32 78
32 81
32 83
32 84
33 24
34 3
34 36
34 5
34 6
34 81
34 63
34 43
34 47
34 49
34 82
34 84
34 17
34 55
34 27
34 70
34 29
34 85
35 3
35 5
35 6
35 49
35 43
35 81
35 82
35 85
35 55
35 27
35 70
36 34
36 37
36 38
36 39
36 72
36 41
36 42
36 7
36 45
36 78
36 48
36 83
36 87
36 56
36 71
36 31
36 60
36 69
37 7
37 14
37 28
37 31
37 32
37 34
37 35
37 38
37 39
37 41
37 42
37 45
37 48
37 56
37 58
37 60
37 67
37 69
37 71
37 72
37 78
37 83
37 87
39 14
39 17
39 27
39 28
39 29
39 31
39 32
39 34
39 35
39 36
39 37
39 38
39 41
39 45
39 47
39 58
39 63
39 67
39 69
39 71
39 78
39 81
39 83
39 84
40 3
40 14
40 17
40 27
40 28
40 29
40 31
40 32
40 34
40 35
40 36
40 37
40 39
40 41
40 45
40 47
40 58
40 63
40 67
40 69
40 71
40 78
40 81
40 83
40 84
41 3
41 14
41 17
41 27
41 28
41 29
41 31
41 32
41 34
41 35
41 36
41 39
41 43
41 45
41 47
41 58
41 63
41 67
41 70
41 78
41 81
41 83
41 84
42 64
42 1
42 49
42 82
42 51
42 57
44 3
44 14
44 17
44 27
44 28
44 29
44 31
44 32
44 34
44 35
44 36
44 39
44 41
44 43
44 45
44 47
44 55
44 58
44 63
44 67
44 70
44 78
44 81
44 83
44 84
46 3
46 5
46 6
46 14
46 17
46 27
46 28
46 29
46 31
46 32
46 35
46 36
46 39
46 41
46 43
46 47
46 55
46 58
46 63
46 67
46 70
46 81
46 84
46 85
47 3
47 6
47 14
47 17
47 27
47 28
47 29
47 31
47 32
47 35
47 36
47 39
47 41
47 43
47 55
47 58
47 63
47 67
47 70
47 81
47 83
47 84
47 85
48 64
48 1
48 49
48 82
48 51
48 57
49 3
49 14
49 17
49 27
49 28
49 29
49 31
49 32
49 34
49 35
49 36
49 37
49 39
49 41
49 45
49 47
49 58
49 63
49 67
49 69
49 78
49 81
49 83
49 84
52 3
52 14
52 17
52 27
52 28
52 29
52 31
52 32
52 34
52 35
52 36
52 39
52 41
52 43
52 45
52 47
52 58
52 63
52 67
52 70
52 78
52 81
52 83
52 84
53 64
53 1
53 2
53 51
53 57
54 3
54 5
54 6
54 43
54 49
54 82
54 85
54 55
54 70
55 3
55 14
55 17
55 27
55 28
55 29
55 31
55 32
55 34
55 35
55 36
55 39
55 41
55 43
55 45
55 47
55 58
55 63
55 67
55 70
55 78
55 81
55 83
55 84
56 64
56 1
56 2
56 51
56 57
58 3
58 14
58 17
58 27
58 28
58 29
58 31
58 32
58 34
58 35
58 36
58 39
58 41
58 43
58 45
58 47
58 55
58 63
58 67
58 70
58 78
58 81
58 83
58 84
60 24
60 18
60 50
63 7
63 28
63 31
63 32
63 34
63 35
63 37
63 38
63 39
63 41
63 42
63 45
63 48
63 56
63 58
63 60
63 67
63 69
63 71
63 72
63 78
63 83
63 87
66 1
66 5
66 6
66 49
66 82
66 51
66 85
66 57
67 32
67 3
67 36
67 5
67 6
67 17
67 28
67 43
67 14
67 47
67 81
67 35
67 84
67 85
67 55
67 58
67 27
67 70
67 29
67 63
68 3
68 5
68 6
68 49
68 43
68 81
68 82
68 85
68 55
68 27
68 70
68 29
69 1
69 5
69 6
69 43
69 49
69 82
69 51
69 85
69 55
69 57
69 70
70 64
70 1
70 49
70 82
70 51
70 57
71 64
71 1
71 49
71 82
71 51
71 57
72 1
72 82
72 51
72 57
72 49
73 1
73 5
73 6
73 43
73 49
73 82
73 51
73 85
73 55
73 57
74 64
74 1
74 2
74 49
74 51
74 57
76 32
76 67
76 3
76 36
76 5
76 6
76 17
76 28
76 43
76 14
76 47
76 81
76 35
76 84
76 85
76 55
76 58
76 27
76 70
76 29
76 63
77 1
77 5
77 6
77 43
77 49
77 82
77 85
77 55
77 57
77 70
78 3
78 5
78 6
78 49
78 43
78 81
78 82
78 85
78 55
78 27
78 70
78 29
79 18
79 50
80 64
80 1
80 2
80 49
80 51
80 57
81 3
81 5
81 6
81 43
81 49
81 82
81 85
81 55
81 27
81 70
81 29
82 3
82 5
82 6
82 14
82 17
82 27
82 28
82 29
82 31
82 32
82 35
82 36
82 39
82 41
82 43
82 47
82 55
82 58
82 63
82 67
82 70
82 81
82 84
82 85
87 3
87 5
87 6
87 49
87 43
87 81
87 82
87 85
87 55
87 27
87 70
87 29
88 1
88 5
88 6
88 43
88 49
88 82
88 51
88 85
88 55
88 57
88 70
