88
2 32
2 68
2 72
2 76
2 12
2 81
2 52
2 21
2 28
2 29
3 1
3 17
3 19
3 23
3 24
3 25
3 27
3 31
3 34
3 35
3 38
3 39
3 49
3 57
3 58
3 64
3 66
3 67
3 70
3 73
3 77
3 79
3 80
3 84
3 88
4 1
4 17
4 19
4 23
4 24
4 25
4 27
4 31
4 34
4 35
4 38
4 39
4 47
4 49
4 50
4 57
4 58
4 66
4 73
4 77
4 79
4 80
4 84
4 88
5 32
5 68
5 72
5 76
5 12
5 81
5 52
5 86
5 28
5 29
6 1
6 5
6 17
6 23
6 24
6 27
6 30
6 31
6 38
6 39
6 49
6 55
6 58
6 64
6 67
6 70
6 73
6 77
6 79
6 80
6 82
6 83
6 84
6 88
10 1
10 5
10 9
10 23
10 24
10 27
10 30
10 38
10 39
10 49
10 55
10 58
10 64
10 67
10 70
10 73
10 77
10 79
10 80
10 82
10 83
10 88
11 17
11 19
11 24
11 25
11 27
11 31
11 34
11 35
11 38
11 47
11 49
11 50
11 51
11 54
11 57
11 60
11 61
11 66
11 69
11 75
11 79
11 80
11 84
11 85
14 2
14 3
14 4
14 10
14 13
14 20
14 22
14 33
14 36
14 37
14 40
14 41
14 42
14 43
14 44
14 46
14 48
14 53
14 63
14 71
14 78
14 87
17 68
17 72
17 76
17 8
17 81
17 52
17 86
18 64
18 2
18 67
18 36
18 5
18 70
18 7
18 9
18 42
18 71
18 48
18 82
18 83
18 55
18 30
20 33
20 2
20 3
20 36
20 37
20 71
20 40
20 9
20 42
20 7
20 44
20 78
20 48
20 43
20 82
20 53
20 41
20 87
21 33
21 2
21 3
21 4
21 37
21 71
21 40
21 41
21 10
21 43
21 44
21 13
21 46
21 48
21 20
21 78
21 22
21 87
21 36
21 63
21 53
29 32
29 65
29 72
29 12
29 21
29 28
30 8
30 81
30 86
31 19
31 34
31 35
31 69
31 74
31 75
31 66
31 79
31 17
31 50
31 51
31 84
31 85
31 54
31 25
31 57
31 26
31 47
31 60
31 61
32 64
32 1
32 2
32 67
32 36
32 5
32 70
32 39
32 9
32 42
32 7
32 48
32 82
32 83
32 55
32 71
32 30
33 2
33 3
33 36
33 37
33 7
33 40
33 9
33 42
33 71
33 44
33 78
33 48
33 43
33 82
33 41
33 87
35 64
35 1
35 67
35 36
35 5
35 70
35 7
35 9
35 42
35 39
35 48
35 82
35 83
35 55
35 30
36 33
36 2
36 5
36 70
36 7
36 40
36 9
36 42
36 43
36 78
36 48
36 82
36 83
36 41
36 55
36 71
36 30
36 37
37 1
37 17
37 19
37 23
37 24
37 25
37 27
37 31
37 34
37 35
37 38
37 39
37 49
37 57
37 58
37 64
37 66
37 67
37 70
37 73
37 77
37 79
37 80
37 84
37 88
38 2
38 3
38 4
38 7
38 9
38 13
38 22
38 33
38 36
38 37
38 40
38 41
38 42
38 43
38 44
38 46
38 48
38 53
38 63
38 71
38 78
38 87
42 33
42 2
42 3
42 4
42 37
42 71
42 40
42 41
42 10
42 43
42 44
42 13
42 46
42 20
42 78
42 22
42 87
42 36
42 63
42 53
43 33
43 2
43 36
43 5
43 7
43 40
43 9
43 42
43 71
43 78
43 48
43 82
43 83
43 41
43 55
43 87
43 30
43 37
44 33
44 2
44 36
44 5
44 70
44 7
44 40
44 9
44 42
44 43
44 78
44 48
44 82
44 83
44 41
44 55
44 71
44 30
44 37
46 33
46 2
46 3
46 4
46 37
46 71
46 40
46 41
46 10
46 43
46 44
46 13
46 78
46 48
46 20
46 53
46 22
46 87
46 36
46 42
46 63
47 1
47 5
47 7
47 9
47 23
47 24
47 27
47 30
47 38
47 39
47 49
47 55
47 58
47 64
47 67
47 70
47 73
47 77
47 80
47 82
47 83
47 88
48 64
48 1
48 2
48 67
48 36
48 5
48 70
48 39
48 9
48 42
48 7
48 82
48 83
48 55
48 71
48 30
49 1
49 17
49 19
49 23
49 24
49 25
49 27
49 31
49 34
49 35
49 38
49 39
49 57
49 58
49 64
49 66
49 67
49 70
49 73
49 77
49 79
49 80
49 84
49 88
50 64
50 1
50 2
50 67
50 36
50 5
50 70
50 39
50 9
50 42
50 7
50 48
50 82
50 83
50 55
50 71
50 30
51 17
51 19
51 24
51 25
51 27
51 31
51 34
51 35
51 38
51 47
51 49
51 50
51 54
51 57
51 60
51 61
51 66
51 69
51 79
51 80
51 84
51 85
53 64
53 1
53 67
53 36
53 5
53 70
53 7
53 9
53 42
53 39
53 48
53 82
53 83
53 55
53 71
53 30
58 33
58 2
58 3
58 4
58 37
58 71
58 40
58 41
58 10
58 43
58 44
58 13
58 46
58 20
58 78
58 22
58 87
58 63
58 53
59 1
59 5
59 17
59 23
59 24
59 25
59 27
59 30
59 31
59 38
59 39
59 49
59 55
59 58
59 64
59 66
59 67
59 70
59 73
59 77
59 79
59 80
59 83
59 84
59 88
63 1
63 17
63 19
63 23
63 24
63 25
63 27
63 31
63 34
63 35
63 38
63 39
63 49
63 57
63 58
63 64
63 66
63 67
63 70
63 73
63 77
63 79
63 80
63 84
63 88
64 33
64 2
64 3
64 4
64 37
64 71
64 40
64 41
64 10
64 43
64 44
64 13
64 46
64 48
64 20
64 78
64 22
64 87
64 36
64 63
64 53
67 33
67 2
67 36
67 5
67 70
67 7
67 40
67 9
67 42
67 55
67 78
67 48
67 82
67 83
67 41
67 71
67 30
67 37
70 33
70 2
70 43
70 36
70 5
70 7
70 40
70 9
70 42
70 71
70 78
70 48
70 82
70 83
70 41
70 55
70 30
70 37
71 33
71 2
71 3
71 4
71 37
71 7
71 40
71 41
71 10
71 43
71 44
71 13
71 46
71 48
71 78
71 22
71 87
71 36
71 63
71 42
71 53
73 33
73 2
73 3
73 4
73 37
73 71
73 40
73 41
73 10
73 43
73 44
73 13
73 46
73 48
73 20
73 78
73 22
73 87
73 36
73 63
73 53
77 33
77 2
77 3
77 4
77 37
77 71
77 40
77 41
77 10
77 43
77 44
77 13
77 46
77 20
77 78
77 22
77 87
77 63
77 53
78 64
78 1
78 67
78 5
78 38
78 39
78 9
78 23
78 77
78 80
78 49
78 82
78 83
78 24
78 73
78 88
78 55
78 58
78 27
78 70
78 30
82 33
82 2
82 3
82 4
82 37
82 71
82 40
82 41
82 10
82 43
82 44
82 13
82 46
82 48
82 20
82 78
82 22
82 87
82 36
82 63
82 53
83 1
83 5
83 17
83 23
83 24
83 25
83 27
83 30
83 31
83 38
83 39
83 49
83 55
83 58
83 64
83 67
83 70
83 73
83 77
83 79
83 80
83 82
83 84
83 88
84 32
84 68
84 72
84 76
84 12
84 81
84 52
84 21
84 28
84 29
86 33
86 2
86 43
86 36
86 5
86 7
86 40
86 9
86 42
86 71
86 78
86 48
86 82
86 83
86 41
86 55
86 30
86 37
87 64
87 1
87 67
87 5
87 70
87 7
87 9
87 42
87 39
87 77
87 88
87 82
87 83
87 73
87 23
87 55
87 58
87 30
88 2
88 3
88 4
88 7
88 9
88 13
88 22
88 33
88 36
88 37
88 40
88 41
88 42
88 43
88 44
88 46
88 48
88 53
88 63
88 71
88 78
88 87
