88
1 2
1 3
1 36
1 86
1 70
1 7
1 54
1 39
1 76
1 18
1 78
1 79
1 27
1 49
1 82
1 35
1 85
1 22
1 75
1 60
1 30
2 32
2 34
2 4
2 37
2 8
2 9
2 10
2 45
2 77
2 47
2 40
2 50
2 83
2 88
2 31
3 80
3 2
3 35
3 70
3 39
3 44
3 43
3 76
3 79
3 48
3 49
3 82
3 67
3 27
3 87
3 7
3 75
3 30
5 80
5 2
5 67
5 68
5 70
5 7
5 76
5 43
5 44
5 48
5 49
5 82
5 87
5 27
6 32
6 34
6 4
6 37
6 8
6 9
6 10
6 11
6 12
6 45
6 77
6 47
6 40
6 50
6 24
6 88
7 2
7 3
7 86
7 70
7 39
7 54
7 75
7 76
7 18
7 78
7 79
7 49
7 82
7 35
7 85
7 22
7 87
7 27
7 60
7 30
10 2
10 3
10 36
10 86
10 70
10 7
10 54
10 39
10 76
10 18
10 78
10 79
10 27
10 49
10 82
10 35
10 85
10 22
10 75
10 60
10 30
12 80
12 2
12 67
12 68
12 70
12 76
12 11
12 44
12 48
12 49
12 82
12 43
12 87
12 24
12 27
13 80
13 43
13 68
13 37
13 8
13 44
13 10
13 11
13 12
13 48
13 88
13 24
14 80
14 2
14 67
14 70
14 39
14 44
14 43
14 76
14 79
14 48
14 49
14 82
14 27
14 87
14 7
14 75
14 30
20 80
20 43
20 4
20 37
20 8
20 44
20 10
20 11
20 12
20 45
20 48
20 88
20 24
20 68
21 32
21 34
21 4
21 37
21 8
21 9
21 10
21 11
21 12
21 45
21 77
21 47
21 40
21 50
21 24
21 88
22 83
22 19
22 28
22 31
23 17
25 83
25 19
25 31
26 19
26 28
26 13
27 80
27 2
27 67
27 68
27 70
27 7
27 76
27 43
27 44
27 48
27 49
27 82
27 87
29 83
29 19
29 28
29 31
31 17
31 19
31 28
31 13
32 34
32 4
32 40
32 9
32 77
32 45
32 50
32 83
32 47
32 31
34 32
34 4
34 37
34 8
34 9
34 10
34 12
34 45
34 77
34 47
34 40
34 50
34 88
35 17
35 13
36 32
36 34
36 4
36 37
36 8
36 9
36 10
36 45
36 77
36 47
36 40
36 50
36 83
36 88
36 31
37 80
37 2
37 67
37 68
37 70
37 7
37 76
37 11
37 44
37 48
37 49
37 82
37 43
37 87
37 27
38 32
38 34
38 4
38 37
38 8
38 9
38 10
38 12
38 45
38 77
38 47
38 40
38 50
38 83
38 88
39 83
39 19
39 28
39 31
40 80
40 2
40 35
40 70
40 39
40 44
40 43
40 76
40 79
40 48
40 49
40 82
40 67
40 27
40 87
40 7
40 75
40 30
41 80
41 2
41 67
41 68
41 70
41 76
41 11
41 44
41 48
41 49
41 82
41 43
41 87
41 24
41 27
42 32
42 34
42 4
42 8
42 9
42 10
42 45
42 77
42 47
42 40
42 50
42 83
42 88
42 31
43 80
43 67
43 68
43 37
43 44
43 10
43 11
43 12
43 48
43 24
44 80
44 67
44 68
44 70
44 43
44 12
44 48
44 49
44 82
44 11
44 87
44 24
44 27
45 2
45 35
45 86
45 70
45 7
45 75
45 76
45 79
45 49
45 82
45 67
45 85
45 22
45 87
45 39
45 27
45 30
46 80
46 43
46 4
46 37
46 8
46 44
46 10
46 11
46 12
46 45
46 48
46 88
46 24
46 68
47 19
47 28
47 13
48 43
48 4
48 37
48 8
48 44
48 10
48 11
48 12
48 45
48 80
48 88
48 24
48 68
49 80
49 43
49 68
49 37
49 8
49 44
49 10
49 11
49 12
49 48
49 88
49 24
50 32
50 34
50 4
50 37
50 8
50 9
50 10
50 12
50 45
50 77
50 47
50 40
50 24
50 88
51 32
51 34
51 4
51 37
51 8
51 9
51 10
51 12
51 45
51 77
51 47
51 40
51 50
51 83
51 88
52 32
52 34
52 4
52 37
52 8
52 9
52 10
52 12
52 45
52 77
52 47
52 40
52 50
52 88
53 17
54 80
54 2
54 67
54 68
54 70
54 7
54 76
54 43
54 44
54 48
54 49
54 82
54 87
54 27
55 32
55 34
55 4
55 8
55 9
55 10
55 45
55 77
55 47
55 40
55 50
55 83
55 88
55 31
56 80
56 67
56 68
56 37
56 12
56 11
56 44
56 48
56 43
56 24
57 32
57 34
57 4
57 37
57 8
57 9
57 10
57 11
57 12
57 45
57 77
57 88
57 50
57 24
57 68
57 44
58 80
58 43
58 4
58 37
58 8
58 44
58 10
58 11
58 12
58 45
58 48
58 88
58 24
58 68
60 80
60 67
60 68
60 37
60 12
60 11
60 44
60 48
60 43
60 87
60 24
61 2
61 35
61 70
61 7
61 43
61 76
61 79
61 80
61 49
61 82
61 67
61 85
61 22
61 87
61 39
61 75
61 27
61 30
63 2
63 35
63 86
63 70
63 7
63 75
63 76
63 78
63 79
63 49
63 82
63 67
63 85
63 22
63 87
63 39
63 27
63 30
64 2
64 35
64 70
64 7
64 43
64 76
64 79
64 80
64 49
64 82
64 67
64 22
64 87
64 39
64 75
64 27
64 30
65 19
65 28
65 13
66 32
66 34
66 4
66 37
66 8
66 9
66 10
66 12
66 45
66 77
66 47
66 40
66 50
66 83
66 88
67 32
67 34
67 4
67 37
67 8
67 9
67 10
67 12
67 45
67 77
67 47
67 40
67 50
67 24
67 88
68 32
68 34
68 4
68 37
68 8
68 9
68 10
68 11
68 12
68 45
68 77
68 47
68 40
68 50
68 24
68 88
69 32
69 34
69 4
69 37
69 8
69 9
69 10
69 45
69 77
69 47
69 40
69 50
69 83
69 88
70 80
70 2
70 35
70 39
70 44
70 43
70 76
70 79
70 48
70 49
70 82
70 67
70 27
70 87
70 7
70 75
70 30
71 32
71 34
71 4
71 37
71 8
71 9
71 10
71 11
71 12
71 45
71 77
71 47
71 40
71 50
71 24
71 68
71 88
72 80
72 43
72 68
72 37
72 8
72 44
72 10
72 11
72 12
72 48
72 88
72 24
73 80
73 2
73 67
73 70
73 39
73 75
73 44
73 43
73 76
73 79
73 48
73 49
73 82
73 87
73 7
73 27
74 80
74 67
74 68
74 37
74 12
74 11
74 44
74 48
74 43
74 87
74 24
75 32
75 34
75 4
75 40
75 9
75 77
75 45
75 50
75 83
75 47
75 31
76 80
76 67
76 68
76 70
76 44
76 43
76 12
76 48
76 49
76 82
76 11
76 87
76 24
76 27
77 80
77 43
77 4
77 37
77 8
77 44
77 10
77 11
77 12
77 45
77 48
77 88
77 24
77 68
78 32
78 34
78 4
78 8
78 9
78 10
78 45
78 77
78 47
78 40
78 50
78 83
78 88
78 31
79 19
79 28
79 13
80 32
80 34
80 4
80 37
80 8
80 9
80 10
80 12
80 45
80 77
80 47
80 40
80 50
80 24
80 88
81 19
81 28
81 31
83 40
83 19
83 31
84 80
84 67
84 68
84 37
84 70
84 12
84 11
84 44
84 48
84 43
84 87
84 24
85 80
85 2
85 67
85 68
85 70
85 39
85 76
85 43
85 44
85 48
85 49
85 82
85 87
85 7
85 27
86 32
86 4
86 37
86 8
86 44
86 10
86 11
86 12
86 45
86 48
86 88
86 24
86 68
87 80
87 2
87 35
87 70
87 39
87 44
87 43
87 76
87 79
87 48
87 49
87 82
87 67
87 27
87 7
87 75
87 30
