88
1 32
1 34
1 3
1 7
1 72
1 10
1 76
1 45
1 24
1 30
1 88
1 58
1 27
1 62
2 16
2 3
2 37
2 9
2 42
2 11
2 76
2 45
2 14
2 47
2 48
2 88
2 82
2 83
2 78
2 24
2 28
2 74
2 30
2 69
3 32
3 34
3 7
3 72
3 10
3 76
3 45
3 24
3 30
3 88
3 58
3 27
3 62
4 2
4 36
4 70
4 40
4 43
4 44
4 80
4 49
4 86
4 56
4 27
4 31
5 2
5 40
5 10
5 43
5 44
5 80
5 86
5 27
5 62
5 31
6 64
6 1
6 67
6 68
6 5
6 39
6 41
6 42
6 11
6 77
6 14
6 47
6 16
6 37
6 19
6 23
6 57
6 33
6 60
6 26
6 63
7 32
7 16
7 34
7 3
7 69
7 72
7 9
7 10
7 76
7 45
7 78
7 48
7 88
7 82
7 83
7 74
7 24
7 58
7 28
7 42
7 30
8 50
8 29
8 21
9 16
9 3
9 69
9 42
9 11
9 76
9 45
9 14
9 47
9 48
9 88
9 82
9 83
9 78
9 24
9 58
9 28
9 74
9 30
9 37
10 64
10 1
10 67
10 68
10 5
10 39
10 41
10 77
10 14
10 47
10 37
10 19
10 23
10 57
10 33
10 60
10 26
10 63
11 32
11 2
11 7
11 72
11 10
11 43
11 44
11 34
11 86
11 58
11 27
11 62
11 31
12 1
12 3
12 5
12 9
12 11
12 14
12 16
12 28
12 30
12 33
12 37
12 39
12 42
12 47
12 48
12 60
12 64
12 67
12 69
12 74
12 76
12 78
12 82
12 83
13 32
13 2
13 7
13 72
13 10
13 43
13 34
13 45
13 86
13 88
13 58
13 27
13 62
13 31
18 1
18 5
18 9
18 11
18 14
18 16
18 23
18 26
18 28
18 33
18 37
18 39
18 42
18 47
18 48
18 57
18 60
18 63
18 64
18 67
18 68
18 69
18 74
18 78
18 82
18 83
19 32
19 34
19 3
19 69
19 7
19 72
19 10
19 76
19 45
19 78
19 48
19 88
19 82
19 83
19 24
19 58
19 28
19 74
19 30
22 2
22 40
22 10
22 43
22 44
22 80
22 86
22 27
22 62
22 31
23 64
23 1
23 67
23 68
23 5
23 39
23 41
23 77
23 14
23 47
23 37
23 19
23 57
23 33
23 60
23 26
23 63
25 17
25 66
25 21
25 46
25 81
26 64
26 1
26 67
26 68
26 5
26 39
26 41
26 11
26 77
26 14
26 47
26 19
26 23
26 57
26 33
26 63
26 60
26 37
28 32
28 2
28 7
28 72
28 10
28 43
28 44
28 34
28 45
28 86
28 88
28 58
28 27
28 62
28 31
29 32
29 34
29 3
29 7
29 72
29 10
29 43
29 76
29 45
29 24
29 30
29 88
29 58
29 27
29 62
30 66
30 35
30 17
30 46
30 81
30 54
31 16
31 67
31 3
31 37
31 9
31 42
31 11
31 76
31 45
31 14
31 47
31 48
31 88
31 82
31 83
31 78
31 24
31 28
31 74
31 30
31 69
33 64
33 1
33 67
33 68
33 5
33 39
33 9
33 42
33 11
33 77
33 14
33 47
33 16
33 19
33 41
33 23
33 57
33 26
33 60
33 37
33 63
34 66
34 35
34 36
34 70
34 46
34 49
34 54
34 56
36 32
36 34
36 3
36 7
36 72
36 10
36 43
36 76
36 45
36 24
36 30
36 88
36 58
36 27
36 62
37 3
37 7
37 9
37 11
37 16
37 24
37 28
37 30
37 32
37 34
37 42
37 45
37 48
37 58
37 69
37 72
37 74
37 76
37 78
37 82
37 83
37 88
38 2
38 36
38 70
38 40
38 43
38 44
38 80
38 49
38 86
38 56
38 27
38 62
38 31
39 32
39 34
39 3
39 7
39 72
39 10
39 43
39 45
39 24
39 86
39 88
39 58
39 27
39 62
40 66
40 17
40 46
40 81
40 50
40 21
40 29
42 1
42 5
42 9
42 11
42 14
42 16
42 19
42 23
42 26
42 33
42 37
42 39
42 41
42 47
42 57
42 60
42 63
42 64
42 67
42 68
42 74
42 78
43 64
43 1
43 67
43 68
43 5
43 39
43 41
43 77
43 14
43 47
43 37
43 19
43 23
43 57
43 33
43 60
43 26
43 63
44 1
44 3
44 5
44 9
44 11
44 14
44 16
44 28
44 30
44 37
44 39
44 42
44 47
44 48
44 60
44 64
44 67
44 69
44 74
44 76
44 78
44 82
44 83
48 1
48 5
48 9
48 11
48 14
48 16
48 23
48 26
48 28
48 33
48 37
48 39
48 42
48 47
48 57
48 60
48 63
48 64
48 67
48 68
48 69
48 74
48 76
48 78
48 82
48 83
51 32
51 34
51 3
51 7
51 72
51 10
51 43
51 45
51 24
51 30
51 86
51 88
51 58
51 27
51 62
52 35
52 36
52 70
52 40
52 80
52 49
52 54
52 56
55 35
55 36
55 70
55 40
55 80
55 49
55 54
55 56
59 3
59 7
59 9
59 11
59 16
59 24
59 28
59 30
59 32
59 34
59 42
59 45
59 48
59 58
59 69
59 72
59 74
59 76
59 78
59 82
59 83
59 88
61 16
61 3
61 69
61 9
61 42
61 11
61 76
61 45
61 14
61 47
61 48
61 88
61 82
61 83
61 78
61 24
61 58
61 28
61 74
61 30
61 37
62 64
62 1
62 67
62 68
62 5
62 6
62 33
62 41
62 39
62 77
62 47
62 19
62 23
62 57
62 26
62 60
62 37
62 63
63 66
63 35
63 36
63 70
63 49
63 46
63 81
63 54
63 56
64 1
64 67
64 68
64 5
64 6
64 33
64 41
64 39
64 77
64 19
64 23
64 57
64 26
64 60
64 63
66 16
66 3
66 69
66 9
66 42
66 11
66 76
66 45
66 14
66 47
66 48
66 88
66 82
66 83
66 78
66 24
66 58
66 28
66 74
66 30
66 37
67 3
67 7
67 9
67 11
67 14
67 16
67 24
67 28
67 30
67 34
67 37
67 42
67 45
67 47
67 48
67 58
67 69
67 74
67 76
67 78
67 82
67 83
67 88
68 32
68 34
68 3
68 69
68 7
68 72
68 10
68 76
68 45
68 48
68 24
68 82
68 30
68 88
68 58
68 27
68 28
68 62
75 32
75 34
75 3
75 7
75 72
75 10
75 76
75 45
75 24
75 30
75 88
75 58
75 27
75 62
76 32
76 2
76 7
76 72
76 10
76 43
76 44
76 34
76 45
76 86
76 58
76 27
76 62
76 31
77 32
77 34
77 3
77 69
77 7
77 72
77 9
77 10
77 76
77 45
77 78
77 48
77 88
77 82
77 83
77 74
77 24
77 58
77 28
77 42
77 30
78 1
78 3
78 5
78 9
78 11
78 14
78 16
78 24
78 28
78 30
78 37
78 39
78 42
78 47
78 48
78 64
78 67
78 69
78 74
78 76
78 82
78 83
83 2
83 36
83 70
83 40
83 44
83 80
83 49
83 54
83 56
83 31
84 32
84 34
84 3
84 7
84 72
84 10
84 43
84 45
84 24
84 30
84 88
84 58
84 27
84 62
85 16
85 3
85 69
85 9
85 42
85 11
85 76
85 45
85 14
85 47
85 48
85 88
85 82
85 83
85 78
85 24
85 58
85 28
85 74
85 30
85 37
87 32
87 34
87 3
87 69
87 7
87 72
87 9
87 10
87 76
87 45
87 78
87 48
87 88
87 82
87 83
87 24
87 58
87 28
87 74
87 30
88 3
88 7
88 9
88 11
88 14
88 16
88 24
88 28
88 30
88 34
88 37
88 42
88 45
88 47
88 48
88 58
88 69
88 74
88 76
88 78
88 82
88 83
