88
1 65
1 3
1 4
1 6
1 39
1 40
1 44
1 77
1 78
1 49
1 21
1 28
2 65
2 3
2 4
2 6
2 39
2 40
2 44
2 77
2 78
2 21
2 28
3 2
3 5
3 9
3 12
3 46
3 81
3 18
3 14
3 24
3 57
3 88
3 69
4 2
4 59
4 5
4 7
4 41
4 10
4 75
4 14
4 73
4 24
4 18
4 53
4 54
4 87
4 56
4 27
4 74
5 65
5 3
5 4
5 39
5 40
5 44
5 77
5 78
5 21
5 28
8 69
8 9
8 42
8 11
8 12
8 46
8 81
8 19
8 88
8 57
10 2
10 5
10 41
10 75
10 14
10 24
10 81
10 18
10 54
10 73
10 56
10 69
11 2
11 5
11 73
11 10
11 12
11 14
11 81
11 18
11 54
11 24
11 69
12 1
12 2
12 43
12 86
12 70
12 7
12 41
12 10
12 75
12 59
12 53
12 54
12 73
12 56
12 25
12 87
12 27
12 74
13 1
13 2
13 59
13 5
13 70
13 7
13 41
13 10
13 75
13 14
13 24
13 18
13 53
13 54
13 73
13 56
13 87
13 27
13 74
15 2
15 5
15 41
15 10
15 75
15 14
15 24
15 81
15 18
15 54
15 73
15 56
15 69
17 6
17 76
17 47
17 49
17 83
17 52
18 1
18 4
18 70
18 39
18 40
18 43
18 44
18 77
18 86
18 25
18 28
18 65
20 64
20 76
20 47
20 49
20 83
20 52
20 26
21 1
21 43
21 70
21 7
21 41
21 74
21 75
21 59
21 53
21 86
21 87
21 56
21 25
21 27
22 1
22 59
22 70
22 7
22 40
22 74
22 43
22 53
22 86
22 87
22 25
22 27
22 65
23 64
23 6
23 76
23 47
23 49
23 83
23 52
24 2
24 5
24 41
24 10
24 75
24 14
24 81
24 18
24 54
24 73
24 56
24 69
25 64
25 66
25 76
25 47
25 49
25 83
25 52
25 26
26 1
26 59
26 70
26 7
26 40
26 74
26 43
26 53
26 86
26 87
26 25
26 27
26 65
29 3
29 6
29 76
29 78
29 49
29 83
29 52
31 2
31 5
31 9
31 12
31 46
31 81
31 18
31 14
31 24
31 57
31 88
31 69
32 1
32 43
32 70
32 7
32 41
32 74
32 75
32 59
32 53
32 86
32 73
32 56
32 25
32 87
32 27
33 3
33 6
33 39
33 76
33 44
33 77
33 78
33 49
33 21
34 2
34 5
34 10
34 12
34 14
34 81
34 18
34 54
34 24
34 69
35 2
35 5
35 41
35 10
35 75
35 14
35 24
35 81
35 18
35 54
35 73
35 56
35 69
36 65
36 4
36 39
36 40
36 43
36 44
36 77
36 21
36 28
37 1
37 59
37 70
37 7
37 74
37 43
37 53
37 86
37 87
37 25
37 27
38 65
38 4
38 39
38 40
38 43
38 44
38 77
38 21
38 86
38 25
38 28
39 65
39 3
39 4
39 40
39 43
39 44
39 77
39 78
39 21
39 28
40 65
40 3
40 4
40 39
40 43
40 44
40 77
40 21
40 28
41 1
41 43
41 70
41 7
41 74
41 75
41 59
41 53
41 86
41 87
41 56
41 25
41 27
42 69
42 9
42 12
42 14
42 81
42 18
42 46
42 24
42 57
42 88
43 1
43 2
43 59
43 5
43 70
43 7
43 41
43 10
43 75
43 53
43 54
43 73
43 56
43 25
43 87
43 27
43 86
43 74
44 2
44 5
44 10
44 12
44 14
44 81
44 18
44 54
44 24
44 69
45 65
45 3
45 4
45 39
45 40
45 43
45 44
45 77
45 78
45 21
45 28
46 1
46 4
46 70
46 65
46 40
46 43
46 44
46 77
46 86
46 87
46 25
46 28
47 1
47 43
47 70
47 7
47 41
47 74
47 75
47 59
47 53
47 86
47 87
47 56
47 25
47 27
48 1
48 59
48 70
48 7
48 40
48 74
48 43
48 53
48 86
48 87
48 25
48 27
49 65
49 3
49 4
49 39
49 40
49 43
49 44
49 77
49 78
49 21
49 28
50 65
50 3
50 4
50 6
50 39
50 40
50 44
50 77
50 78
50 21
50 28
51 65
51 4
51 39
51 40
51 43
51 44
51 77
51 21
51 28
52 1
52 4
52 70
52 65
52 40
52 43
52 77
52 86
52 87
52 25
52 59
52 28
53 64
53 6
53 76
53 47
53 49
53 83
53 52
54 2
54 5
54 41
54 10
54 75
54 14
54 81
54 18
54 24
54 73
54 56
54 69
55 65
55 4
55 39
55 40
55 43
55 44
55 77
55 21
55 28
56 69
56 9
56 42
56 12
56 46
56 81
56 19
56 14
56 24
56 57
56 88
57 65
57 4
57 39
57 40
57 43
57 44
57 77
57 21
57 86
57 25
57 28
58 1
58 4
58 70
58 65
58 40
58 43
58 44
58 77
58 86
58 87
58 25
58 28
59 2
59 5
59 10
59 12
59 46
59 81
59 18
59 14
59 54
59 24
59 57
59 88
59 69
60 65
60 4
60 39
60 40
60 43
60 44
60 77
60 21
60 86
60 25
60 28
61 3
61 6
61 76
61 78
61 49
61 83
61 52
63 69
63 9
63 42
63 12
63 46
63 81
63 18
63 14
63 24
63 57
63 88
64 1
64 2
64 43
64 5
64 70
64 7
64 41
64 10
64 75
64 59
64 53
64 54
64 73
64 56
64 25
64 87
64 27
64 86
64 74
65 3
65 6
65 76
65 78
65 49
65 83
65 52
66 2
66 5
66 41
66 10
66 75
66 14
66 24
66 81
66 18
66 54
66 73
66 56
66 69
67 1
67 43
67 70
67 7
67 41
67 74
67 75
67 59
67 53
67 86
67 73
67 56
67 25
67 87
67 27
68 3
68 6
68 39
68 76
68 78
68 49
68 21
69 1
69 43
69 70
69 7
69 41
69 74
69 75
69 59
69 53
69 86
69 73
69 56
69 25
69 87
69 27
70 65
70 3
70 4
70 39
70 40
70 44
70 77
70 78
70 21
70 28
71 3
71 6
71 39
71 76
71 44
71 77
71 78
71 49
71 21
72 1
72 59
72 70
72 7
72 40
72 74
72 43
72 53
72 86
72 87
72 25
72 27
72 65
73 1
73 4
73 70
73 65
73 40
73 43
73 44
73 77
73 86
73 87
73 25
73 28
74 65
74 4
74 39
74 40
74 43
74 44
74 77
74 21
74 28
75 64
75 66
75 35
75 47
75 80
75 83
75 52
75 26
75 62
76 1
76 59
76 4
76 70
76 65
76 40
76 43
76 77
76 86
76 87
76 25
76 27
76 28
77 1
77 2
77 59
77 5
77 70
77 7
77 41
77 10
77 75
77 14
77 24
77 18
77 53
77 54
77 73
77 56
77 87
77 27
77 74
78 1
78 2
78 59
78 5
78 70
78 7
78 41
78 10
78 75
78 14
78 18
78 53
78 54
78 73
78 56
78 25
78 87
78 27
78 86
78 74
79 64
79 6
79 76
79 47
79 49
79 83
79 52
81 65
81 4
81 39
81 40
81 43
81 44
81 77
81 21
81 28
82 64
82 66
82 35
82 76
82 47
82 83
82 52
82 26
83 2
83 59
83 5
83 7
83 41
83 10
83 75
83 14
83 24
83 81
83 18
83 53
83 54
83 73
83 56
83 27
83 74
84 6
84 76
84 47
84 49
84 83
84 52
86 5
86 9
86 42
86 12
86 46
86 81
86 18
86 14
86 24
86 57
86 88
86 69
87 1
87 2
87 59
87 5
87 70
87 7
87 41
87 10
87 75
87 14
87 24
87 18
87 53
87 54
87 73
87 56
87 25
87 27
87 86
87 74
88 3
88 4
88 6
88 39
88 76
88 44
88 77
88 78
88 49
88 21
88 28
