88
1 32
1 36
1 6
1 42
1 79
1 81
1 30
2 64
2 11
2 77
2 40
2 7
2 8
2 12
2 39
2 76
2 45
2 78
2 13
2 80
2 71
2 83
2 25
2 62
2 87
2 57
2 26
2 55
3 58
3 28
4 50
4 46
4 37
4 38
4 15
5 32
5 67
5 68
5 49
5 85
5 36
5 27
5 30
5 31
6 2
6 43
6 7
6 8
6 12
6 71
6 44
6 45
6 13
6 80
6 76
6 83
6 55
6 25
6 87
6 47
6 62
7 35
7 4
7 5
7 72
7 73
7 14
7 56
7 3
7 20
7 88
7 63
8 2
8 35
8 4
8 7
8 44
8 43
8 12
8 45
8 47
8 80
8 76
8 83
8 87
8 55
8 71
8 62
9 2
9 35
9 4
9 8
9 43
9 44
9 14
9 47
9 72
9 20
9 87
9 55
10 65
10 67
10 41
10 49
10 18
10 84
10 21
10 31
11 1
11 42
11 81
11 6
11 79
12 1
12 36
12 6
12 42
12 79
12 81
13 64
13 33
13 75
13 70
13 39
13 40
13 80
13 11
13 76
13 77
13 78
13 45
13 48
13 71
13 83
13 52
13 25
13 7
13 57
13 26
13 62
14 2
14 43
14 7
14 8
14 12
14 71
14 44
14 45
14 13
14 80
14 76
14 83
14 55
14 25
14 87
14 47
14 62
15 24
15 58
15 28
15 23
17 2
17 35
17 4
17 72
17 43
17 44
17 14
17 47
17 20
17 87
17 63
19 34
19 3
19 5
19 9
19 74
19 56
19 53
19 54
19 73
19 88
19 69
20 35
20 4
20 5
20 72
20 73
20 14
20 56
20 3
20 54
20 88
20 63
21 16
22 81
22 6
22 38
22 37
22 46
23 34
23 3
23 5
23 9
23 74
23 56
23 19
23 53
23 54
23 73
23 88
23 69
24 67
24 68
24 41
24 10
24 49
24 18
24 84
24 21
24 31
25 1
25 36
25 6
25 42
25 79
25 81
26 67
26 68
26 41
26 10
26 49
26 85
26 27
26 30
26 31
27 24
27 28
27 23
28 64
28 11
28 77
28 40
28 7
28 8
28 12
28 39
28 76
28 45
28 78
28 13
28 80
28 71
28 83
28 25
28 62
28 87
28 57
28 26
28 55
29 1
29 36
29 6
29 42
29 79
29 81
30 32
30 1
30 68
30 42
30 79
30 81
30 85
30 36
30 27
31 64
31 71
31 77
31 25
31 7
31 8
31 12
31 11
31 76
31 45
31 78
31 13
31 80
31 40
31 83
31 52
31 62
31 57
31 39
31 26
31 55
32 7
32 11
32 13
32 25
32 26
32 33
32 39
32 40
32 45
32 48
32 52
32 57
32 62
32 64
32 70
32 71
32 75
32 76
32 77
32 78
32 80
32 83
33 46
33 37
33 38
33 15
34 50
35 64
35 33
35 75
35 25
35 70
35 39
35 40
35 11
35 76
35 77
35 78
35 13
35 48
35 18
35 84
35 21
35 57
35 52
35 26
35 65
36 2
36 35
36 4
36 7
36 8
36 44
36 71
36 12
36 45
36 47
36 80
36 43
36 83
36 76
36 55
36 87
36 62
37 32
37 1
37 36
37 6
37 42
37 79
37 81
37 30
38 2
38 35
38 7
38 8
38 12
38 71
38 44
38 45
38 47
38 80
38 43
38 83
38 76
38 55
38 25
38 87
38 62
39 1
39 37
39 38
39 79
39 81
39 6
40 11
40 13
40 18
40 21
40 25
40 26
40 33
40 39
40 45
40 48
40 52
40 57
40 62
40 64
40 65
40 70
40 75
40 76
40 77
40 78
40 80
40 83
40 84
41 64
41 33
41 75
41 25
41 70
41 39
41 40
41 11
41 77
41 78
41 13
41 48
41 18
41 84
41 21
41 57
41 52
41 26
41 65
42 33
42 70
42 65
42 41
42 10
42 75
42 48
42 49
42 18
42 84
42 21
42 52
43 33
43 75
43 70
43 39
43 40
43 41
43 11
43 78
43 48
43 18
43 84
43 21
43 57
43 52
43 26
43 65
44 67
44 68
44 41
44 10
44 49
44 18
44 84
44 21
44 31
45 33
45 75
45 70
45 65
45 40
45 41
45 10
45 11
45 48
45 18
45 84
45 21
45 52
46 2
46 35
46 4
46 8
46 43
46 44
46 14
46 47
46 72
46 20
46 87
46 55
47 32
47 67
47 68
47 85
47 36
47 27
47 30
47 31
48 64
48 33
48 75
48 77
48 25
48 70
48 7
48 40
48 11
48 76
48 45
48 78
48 13
48 80
48 71
48 83
48 52
48 57
48 39
48 26
48 62
49 65
49 67
49 41
49 10
49 18
49 84
49 21
49 31
50 46
50 37
50 38
50 15
51 29
53 46
53 37
53 38
53 15
54 50
54 46
54 37
54 38
54 15
55 2
55 35
55 4
55 7
55 8
55 44
55 71
55 12
55 14
55 47
55 43
55 87
55 72
56 33
56 67
56 70
56 65
56 41
56 10
56 75
56 48
56 49
56 18
56 84
56 21
56 52
57 64
57 11
57 77
57 40
57 7
57 8
57 12
57 39
57 76
57 45
57 78
57 13
57 80
57 71
57 83
57 25
57 87
57 55
57 26
57 62
58 33
58 75
58 70
58 65
58 40
58 41
58 11
58 48
58 18
58 84
58 21
58 52
58 26
59 32
59 67
59 68
59 49
59 85
59 36
59 27
59 30
59 31
60 11
60 13
60 25
60 26
60 33
60 39
60 40
60 45
60 48
60 52
60 57
60 62
60 64
60 65
60 70
60 71
60 75
60 76
60 77
60 78
60 80
60 83
61 16
62 32
62 1
62 36
62 6
62 42
62 79
62 81
62 85
62 27
62 30
64 1
64 42
64 81
64 6
64 79
65 64
65 2
65 43
65 7
65 8
65 12
65 71
65 44
65 45
65 77
65 13
65 80
65 76
65 83
65 55
65 25
65 87
65 47
65 62
66 29
67 33
67 75
67 70
67 65
67 40
67 41
67 11
67 48
67 18
67 84
67 21
67 52
67 26
68 32
68 67
68 36
68 10
68 49
68 85
68 27
68 30
68 31
69 6
69 38
69 37
69 46
69 15
70 2
70 35
70 4
70 72
70 73
70 44
70 14
70 47
70 88
70 20
70 56
70 63
71 50
71 15
72 32
72 67
72 68
72 41
72 10
72 49
72 85
72 27
72 30
72 31
73 65
73 67
73 68
73 41
73 10
73 49
73 18
73 84
73 21
73 31
74 65
74 67
74 41
74 10
74 48
74 49
74 18
74 84
74 21
74 31
75 6
75 38
75 37
75 46
76 1
76 42
76 81
76 6
76 79
77 33
77 70
77 65
77 41
77 10
77 75
77 48
77 49
77 18
77 84
77 21
77 52
78 7
78 11
78 12
78 13
78 25
78 26
78 33
78 39
78 40
78 45
78 48
78 52
78 57
78 62
78 64
78 70
78 71
78 75
78 76
78 77
78 80
78 83
79 67
79 68
79 41
79 10
79 49
79 18
79 84
79 21
79 31
80 32
80 1
80 68
80 42
80 79
80 85
80 36
80 27
80 30
80 31
81 7
81 11
81 12
81 13
81 25
81 26
81 33
81 39
81 40
81 45
81 48
81 52
81 57
81 62
81 64
81 70
81 71
81 75
81 76
81 77
81 78
81 80
81 83
82 24
82 58
82 28
82 23
83 2
83 43
83 7
83 8
83 12
83 71
83 44
83 45
83 13
83 80
83 76
83 55
83 25
83 87
83 47
83 62
84 66
84 59
84 61
85 34
85 69
85 9
85 74
85 19
85 53
85 58
87 2
87 35
87 4
87 8
87 44
87 43
87 12
87 14
87 47
87 72
87 20
87 55
88 32
88 67
88 68
88 10
88 49
88 85
88 36
88 27
88 30
88 31
