88
2 1
2 70
2 38
2 72
2 10
2 46
2 49
2 19
2 52
2 78
2 88
2 20
2 58
2 27
2 21
3 1
3 70
3 6
3 38
3 10
3 44
3 46
3 49
3 19
3 52
3 78
3 88
3 20
3 27
3 63
5 1
5 6
5 44
5 46
5 19
5 20
5 27
5 63
6 27
6 20
6 19
6 44
6 63
8 4
8 69
8 41
8 42
8 43
8 29
8 77
8 79
8 82
8 74
8 53
8 73
8 24
8 61
9 1
9 6
9 44
9 78
9 19
9 52
9 46
9 20
9 27
9 63
10 1
10 70
10 38
10 72
10 78
10 49
10 19
10 52
10 46
10 88
10 20
10 58
10 27
10 21
11 1
11 70
11 6
11 72
11 38
11 10
11 46
11 49
11 19
11 52
11 78
11 88
11 20
11 58
11 27
11 21
13 1
13 70
13 38
13 72
13 10
13 43
13 45
13 46
13 49
13 51
13 52
13 78
13 87
13 88
13 20
13 58
13 21
14 1
14 70
14 6
14 44
14 78
14 49
14 19
14 52
14 46
14 20
14 27
14 63
15 6
15 44
15 46
15 19
15 20
15 27
15 63
16 1
16 70
16 6
16 38
16 10
16 44
16 46
16 49
16 19
16 52
16 78
16 20
16 27
16 63
18 4
18 41
18 42
18 29
18 82
18 74
18 53
18 61
21 6
21 44
21 19
21 20
21 27
21 63
22 61
22 69
22 72
22 41
22 74
22 43
22 45
22 77
22 79
22 82
22 51
22 21
22 73
22 24
22 87
22 58
24 6
24 44
24 46
24 19
24 20
24 27
24 63
25 4
25 42
25 61
25 74
25 53
25 29
26 7
26 12
26 85
26 29
28 10
28 21
28 24
28 38
28 41
28 43
28 45
28 49
28 51
28 52
28 58
28 61
28 69
28 70
28 72
28 73
28 77
28 78
28 79
28 82
28 87
28 88
29 1
29 70
29 6
29 72
29 38
29 10
29 46
29 49
29 19
29 52
29 78
29 88
29 20
29 27
29 21
30 42
30 74
30 4
30 29
30 53
31 42
31 74
31 4
31 29
31 53
32 4
32 41
32 42
32 77
32 29
32 82
32 74
32 53
32 61
33 10
33 21
33 24
33 38
33 41
33 43
33 45
33 49
33 51
33 52
33 58
33 61
33 69
33 70
33 72
33 73
33 77
33 78
33 79
33 82
33 87
33 88
34 1
34 69
34 38
34 77
34 72
34 73
34 10
34 43
34 45
34 46
34 79
34 49
34 51
34 52
34 78
34 24
34 87
34 88
34 58
34 70
34 21
35 61
35 69
35 41
35 74
35 43
35 45
35 77
35 79
35 82
35 51
35 53
35 73
35 24
35 87
35 58
36 61
36 69
36 41
36 42
36 43
36 45
36 77
36 79
36 82
36 51
36 53
36 73
36 87
36 24
36 74
37 69
37 38
37 77
37 72
37 41
37 10
37 43
37 24
37 45
37 78
37 79
37 49
37 82
37 51
37 21
37 73
37 87
37 88
37 58
37 70
37 61
38 1
38 70
38 72
38 10
38 43
38 45
38 46
38 49
38 51
38 52
38 78
38 87
38 88
38 20
38 58
38 21
39 6
39 44
39 46
39 19
39 20
39 27
39 63
40 27
40 19
40 44
40 6
40 63
41 69
41 38
41 77
41 72
41 73
41 10
41 43
41 45
41 78
41 79
41 49
41 82
41 51
41 52
41 21
41 24
41 87
41 88
41 58
41 70
41 61
43 6
43 44
43 46
43 19
43 20
43 27
43 63
45 1
45 70
45 6
45 38
45 10
45 78
45 49
45 19
45 52
45 46
45 88
45 20
45 27
45 21
46 6
46 44
46 19
46 20
46 27
46 63
47 61
47 69
47 38
47 72
47 41
47 10
47 43
47 45
47 77
47 79
47 24
47 82
47 51
47 21
47 73
47 87
47 88
47 58
47 74
48 61
48 69
48 41
48 42
48 43
48 77
48 79
48 82
48 51
48 53
48 73
48 87
48 24
48 74
49 1
49 70
49 38
49 72
49 10
49 45
49 46
49 51
49 52
49 78
49 87
49 88
49 20
49 58
49 21
50 1
50 70
50 38
50 72
50 10
50 45
50 46
50 49
50 51
50 52
50 78
50 87
50 88
50 20
50 58
50 21
51 1
51 69
51 38
51 72
51 73
51 10
51 43
51 45
51 46
51 79
51 49
51 52
51 78
51 24
51 87
51 88
51 58
51 70
51 21
52 1
52 6
52 44
52 78
52 49
52 19
52 20
52 46
52 27
52 63
53 61
53 69
53 41
53 42
53 43
53 45
53 77
53 79
53 82
53 51
53 73
53 87
53 24
53 74
54 1
54 70
54 6
54 72
54 38
54 10
54 46
54 49
54 19
54 52
54 78
54 88
54 20
54 27
54 21
55 4
55 42
55 74
55 85
55 29
55 53
56 1
56 6
56 44
56 46
56 19
56 20
56 27
56 63
57 42
57 74
57 4
57 29
57 53
59 1
59 70
59 38
59 72
59 10
59 43
59 45
59 46
59 49
59 51
59 52
59 78
59 87
59 88
59 20
59 58
59 21
60 1
60 10
60 21
60 24
60 38
60 41
60 43
60 45
60 49
60 51
60 52
60 58
60 69
60 70
60 72
60 73
60 77
60 78
60 79
60 82
60 87
60 88
61 1
61 6
61 44
61 46
61 19
61 20
61 27
61 63
62 6
62 44
62 46
62 19
62 20
62 27
62 63
64 1
64 70
64 38
64 72
64 10
64 45
64 46
64 49
64 52
64 78
64 88
64 20
64 58
64 27
64 21
65 12
65 85
65 7
66 10
66 21
66 24
66 38
66 41
66 43
66 45
66 49
66 51
66 52
66 58
66 61
66 69
66 70
66 72
66 73
66 77
66 78
66 79
66 82
66 87
66 88
67 1
67 70
67 38
67 72
67 10
67 45
67 46
67 49
67 51
67 52
67 78
67 87
67 88
67 20
67 58
67 21
68 1
68 10
68 21
68 24
68 38
68 41
68 43
68 45
68 49
68 51
68 52
68 58
68 69
68 70
68 72
68 73
68 77
68 78
68 79
68 82
68 87
68 88
71 61
71 69
71 72
71 41
71 74
71 43
71 45
71 77
71 79
71 24
71 82
71 51
71 21
71 73
71 88
71 87
71 58
72 6
72 44
72 46
72 19
72 20
72 27
72 63
73 1
73 70
73 6
73 38
73 10
73 44
73 46
73 49
73 19
73 52
73 78
73 88
73 20
73 27
73 63
74 1
74 6
74 44
74 78
74 49
74 19
74 52
74 46
74 20
74 27
74 63
75 1
75 69
75 38
75 72
75 73
75 10
75 43
75 45
75 46
75 79
75 49
75 51
75 52
75 78
75 24
75 87
75 88
75 58
75 70
75 21
76 61
76 69
76 38
76 72
76 41
76 10
76 43
76 45
76 77
76 79
76 24
76 82
76 51
76 21
76 73
76 88
76 87
76 70
76 58
77 1
77 70
77 38
77 72
77 10
77 45
77 46
77 49
77 19
77 52
77 78
77 88
77 20
77 58
77 27
77 21
78 1
78 70
78 38
78 72
78 10
78 46
78 49
78 19
78 52
78 21
78 88
78 20
78 58
78 27
79 1
79 70
79 38
79 72
79 10
79 45
79 46
79 49
79 52
79 78
79 88
79 20
79 58
79 21
80 1
80 70
80 38
80 72
80 10
80 43
80 45
80 46
80 49
80 51
80 52
80 78
80 87
80 88
80 20
80 58
80 21
81 7
81 12
81 85
81 23
83 12
83 85
83 29
84 61
84 69
84 72
84 41
84 74
84 43
84 45
84 77
84 79
84 82
84 51
84 73
84 24
84 87
84 58
87 1
87 70
87 38
87 72
87 10
87 46
87 49
87 19
87 52
87 78
87 88
87 20
87 58
87 27
87 21
