88
1 32
1 48
1 36
1 10
1 78
1 79
1 80
1 49
1 82
1 87
1 88
1 58
1 59
1 60
1 31
2 81
2 35
2 84
2 77
3 35
3 77
4 66
4 69
4 73
4 74
4 75
4 45
4 46
4 19
4 57
5 33
5 2
5 48
5 38
5 39
5 10
5 34
5 78
5 79
5 80
5 82
5 58
5 59
5 60
5 42
6 3
7 67
7 4
7 70
7 63
7 11
7 12
7 13
7 14
7 15
7 43
7 50
7 53
7 55
7 24
7 25
7 27
7 29
7 62
7 85
8 66
8 69
8 74
8 46
8 19
8 57
8 28
9 1
9 41
9 37
9 54
9 21
10 32
10 1
10 36
10 41
10 49
10 54
10 87
10 88
10 31
11 1
11 41
11 37
11 54
11 21
12 33
12 2
12 5
12 38
12 39
12 40
12 42
12 44
12 34
12 48
12 83
12 23
12 61
13 64
13 67
13 4
13 71
13 72
13 12
13 14
13 15
13 56
13 50
13 25
13 85
13 22
13 55
13 24
13 68
13 26
13 27
13 62
13 53
14 33
14 2
14 5
14 38
14 39
14 40
14 10
14 34
14 61
14 48
14 83
14 23
14 58
14 59
14 42
15 20
15 3
15 52
16 17
16 3
17 81
17 84
17 47
18 32
18 48
18 10
18 78
18 79
18 80
18 49
18 82
18 87
18 58
18 59
18 60
18 42
18 31
19 66
19 69
19 74
19 46
19 57
19 28
20 33
20 2
20 5
20 38
20 39
20 40
20 44
20 34
20 83
20 23
20 61
21 4
21 7
21 11
21 12
21 13
21 14
21 15
21 23
21 24
21 25
21 27
21 29
21 43
21 44
21 50
21 53
21 61
21 62
21 63
21 70
21 83
21 85
22 32
22 1
22 36
22 41
22 49
22 21
22 54
22 88
22 31
23 32
23 48
23 10
23 78
23 79
23 80
23 49
23 82
23 87
23 58
23 59
23 60
23 42
23 31
24 32
24 48
24 10
24 78
24 79
24 80
24 49
24 82
24 87
24 58
24 59
24 60
24 42
24 31
25 32
25 36
25 78
25 49
25 82
25 87
25 88
25 60
25 31
26 71
26 8
26 73
26 75
26 76
26 45
26 56
27 1
27 36
27 37
27 41
27 21
27 54
27 88
27 31
28 32
28 1
28 36
28 41
28 49
28 54
28 88
28 31
29 86
30 33
30 48
30 10
30 78
30 79
30 80
30 82
30 87
30 58
30 59
30 60
30 42
31 81
31 84
31 47
32 81
32 84
32 47
33 43
33 4
33 70
33 7
33 29
33 44
33 11
33 12
33 13
33 63
33 15
33 50
33 83
33 53
33 23
33 24
33 25
33 27
33 61
33 62
33 85
34 33
34 2
34 5
34 38
34 39
34 40
34 42
34 44
34 48
34 83
34 23
34 58
34 61
35 32
35 48
35 10
35 78
35 79
35 80
35 49
35 82
35 87
35 58
35 59
35 60
35 42
35 31
36 1
36 37
36 41
36 21
36 54
36 88
37 33
37 48
37 10
37 78
37 79
37 80
37 82
37 87
37 58
37 59
37 60
37 42
38 1
38 36
38 37
38 41
38 21
38 54
38 88
39 67
39 4
39 70
39 7
39 63
39 11
39 12
39 13
39 14
39 15
39 43
39 50
39 53
39 55
39 24
39 25
39 27
39 29
39 62
39 85
40 1
40 41
40 37
40 54
40 21
41 32
41 1
41 36
41 49
41 54
41 87
41 88
41 60
41 31
42 32
42 36
42 78
42 49
42 82
42 87
42 88
42 60
42 31
43 1
43 37
43 41
43 21
43 54
43 88
44 32
44 48
44 10
44 78
44 79
44 80
44 49
44 82
44 87
44 58
44 59
44 60
44 42
44 31
45 81
45 84
45 47
46 81
46 84
46 47
47 1
47 37
47 41
47 21
47 54
47 88
48 1
48 41
48 37
48 54
48 21
49 35
49 77
50 35
50 77
51 1
51 36
51 37
51 41
51 21
51 54
51 88
51 31
52 32
52 33
52 48
52 10
52 78
52 79
52 80
52 82
52 87
52 58
52 59
52 60
52 42
53 32
53 1
53 36
53 49
53 54
53 87
53 88
53 31
54 67
54 4
54 70
54 7
54 63
54 11
54 12
54 13
54 14
54 15
54 43
54 50
54 25
54 53
54 55
54 24
54 68
54 27
54 29
54 62
54 85
55 35
55 77
56 33
56 2
56 48
56 5
56 38
56 39
56 10
56 78
56 79
56 80
56 82
56 58
56 59
56 60
56 42
57 81
57 84
57 47
58 67
58 4
58 70
58 7
58 44
58 63
58 11
58 12
58 13
58 14
58 15
58 43
58 50
58 53
58 55
58 24
58 25
58 27
58 29
58 62
58 85
59 64
59 67
59 4
59 72
59 12
59 13
59 14
59 15
59 50
59 25
59 85
59 22
59 55
59 24
59 68
59 26
59 27
59 29
59 62
59 53
60 67
60 4
60 70
60 7
60 63
60 11
60 12
60 13
60 14
60 15
60 43
60 50
60 25
60 53
60 55
60 24
60 68
60 27
60 29
60 62
60 85
61 1
61 41
61 37
61 54
61 21
62 33
62 2
62 43
62 5
62 38
62 39
62 40
62 11
62 44
62 34
62 83
62 23
62 61
62 63
63 86
64 32
64 36
64 10
64 78
64 79
64 80
64 49
64 82
64 87
64 88
64 58
64 59
64 60
64 31
65 32
65 36
65 10
65 78
65 79
65 80
65 49
65 82
65 87
65 88
65 59
65 60
65 31
66 64
66 67
66 4
66 71
66 72
66 12
66 14
66 56
66 25
66 53
66 22
66 55
66 24
66 68
66 26
67 32
67 36
67 78
67 79
67 49
67 82
67 87
67 88
67 60
67 31
68 43
68 4
68 70
68 7
68 29
68 44
68 11
68 12
68 13
68 63
68 15
68 50
68 83
68 53
68 23
68 24
68 25
68 27
68 61
68 62
68 85
69 33
69 2
69 5
69 38
69 39
69 40
69 43
69 44
69 34
69 83
69 23
69 61
69 63
70 33
70 2
70 5
70 38
70 39
70 40
70 80
70 10
70 34
70 61
70 48
70 83
70 58
70 59
70 42
71 32
71 1
71 36
71 41
71 49
71 54
71 88
71 31
72 33
72 2
72 5
72 38
72 39
72 40
72 80
72 10
72 61
72 34
72 79
72 48
72 58
72 59
72 42
73 32
73 36
73 78
73 79
73 49
73 82
73 87
73 88
73 60
73 31
74 32
74 36
74 78
74 79
74 49
74 82
74 87
74 88
74 60
74 31
75 33
75 48
75 39
75 10
75 78
75 79
75 80
75 82
75 87
75 58
75 59
75 60
75 42
76 32
76 48
76 36
76 10
76 78
76 79
76 80
76 49
76 82
76 87
76 58
76 59
76 60
76 42
76 31
77 1
77 41
77 37
77 54
77 21
78 33
78 48
78 10
78 79
78 80
78 82
78 87
78 58
78 59
78 60
78 42
79 81
79 35
79 77
80 33
80 2
80 43
80 5
80 38
80 39
80 40
80 11
80 44
80 34
80 83
80 23
80 70
80 61
80 63
81 1
81 37
81 41
81 21
81 54
81 88
82 64
82 67
82 4
82 72
82 12
82 13
82 14
82 15
82 50
82 25
82 85
82 22
82 55
82 24
82 68
82 26
82 27
82 29
82 62
82 53
83 86
84 1
84 41
84 37
84 54
84 21
85 41
85 47
85 37
85 21
86 67
86 4
86 70
86 7
86 44
86 63
86 11
86 12
86 13
86 14
86 15
86 43
86 50
86 53
86 55
86 24
86 25
86 27
86 29
86 62
86 85
87 1
87 36
87 37
87 41
87 21
87 54
87 88
88 33
88 2
88 5
88 38
88 39
88 40
88 42
88 44
88 34
88 48
88 83
88 23
88 61
