88
1 3
1 5
1 71
1 72
1 9
1 42
1 55
1 14
1 79
1 20
1 41
1 87
1 25
1 63
1 37
1 53
2 64
2 6
2 40
2 73
2 44
2 14
2 72
2 19
2 20
2 53
2 86
3 64
3 6
3 40
3 73
3 44
3 19
3 86
4 33
4 11
4 12
4 45
4 47
4 49
4 29
4 59
4 61
4 30
4 31
8 33
8 2
8 37
8 10
8 45
8 46
8 79
8 25
8 55
8 57
8 58
8 31
8 60
8 42
8 30
8 63
9 64
9 6
9 40
9 73
9 44
9 19
9 53
9 86
15 64
15 3
15 5
15 6
15 71
15 40
15 9
15 87
15 44
15 14
15 73
15 72
15 19
15 20
15 53
15 86
15 41
17 13
18 64
18 5
18 6
18 71
18 40
18 73
18 44
18 14
18 72
18 19
18 20
18 53
18 86
19 64
19 44
19 86
19 6
21 64
21 6
21 40
21 73
21 44
21 14
21 72
21 19
21 20
21 53
21 86
22 2
22 37
22 8
22 41
22 10
22 46
22 79
22 25
22 55
22 57
22 58
22 31
22 60
22 42
22 63
24 64
24 5
24 6
24 71
24 40
24 73
24 44
24 14
24 72
24 19
24 20
24 53
24 86
25 3
25 5
25 71
25 40
25 9
25 42
25 55
25 14
25 79
25 72
25 20
25 41
25 73
25 87
25 63
25 53
26 33
26 2
26 37
26 8
26 10
26 45
26 46
26 79
26 25
26 55
26 57
26 58
26 31
26 60
26 42
26 30
26 63
27 64
27 6
27 40
27 73
27 44
27 19
27 53
27 86
28 64
28 6
28 40
28 73
28 44
28 19
28 86
29 64
29 6
29 40
29 73
29 44
29 14
29 72
29 19
29 20
29 53
29 86
30 64
30 6
30 40
30 73
30 44
30 19
30 86
31 64
31 3
31 5
31 6
31 71
31 40
31 9
31 87
31 44
31 14
31 73
31 72
31 19
31 20
31 53
31 86
31 41
32 33
32 2
32 37
32 8
32 10
32 45
32 46
32 79
32 55
32 57
32 58
32 59
32 60
32 30
32 31
33 64
33 3
33 5
33 6
33 71
33 40
33 9
33 44
33 14
33 72
33 19
33 20
33 53
33 86
33 73
34 3
34 5
34 71
34 72
34 9
34 42
34 55
34 14
34 79
34 41
34 20
34 46
34 87
34 57
34 25
34 63
34 60
34 37
35 33
35 69
35 11
35 12
35 45
35 78
35 47
35 48
35 49
35 29
35 21
35 59
35 61
35 30
36 35
36 69
36 11
36 12
36 77
36 78
36 47
36 48
36 21
37 64
37 6
37 40
37 73
37 44
37 19
37 86
38 64
38 3
38 5
38 6
38 71
38 40
38 9
38 87
38 44
38 14
38 72
38 19
38 20
38 53
38 86
38 73
39 64
39 3
39 5
39 6
39 71
39 40
39 9
39 87
39 44
39 14
39 72
39 19
39 20
39 53
39 86
39 73
40 64
40 6
40 72
40 73
40 44
40 14
40 19
40 20
40 53
40 86
41 64
41 44
42 3
42 5
42 6
42 71
42 40
42 9
42 87
42 14
42 73
42 72
42 19
42 20
42 53
42 86
42 41
42 25
42 63
43 64
43 3
43 5
43 6
43 71
43 40
43 9
43 87
43 44
43 14
43 72
43 19
43 20
43 53
43 86
43 73
44 64
44 6
44 40
44 73
44 19
44 53
44 86
45 64
45 6
45 40
45 73
45 44
45 19
45 53
45 86
46 3
46 5
46 71
46 72
46 9
46 42
46 55
46 14
46 79
46 20
46 41
46 87
46 25
46 63
46 37
46 53
47 33
47 2
47 8
47 10
47 45
47 49
47 57
47 58
47 59
47 60
47 29
47 30
47 31
48 64
48 3
48 5
48 6
48 71
48 40
48 9
48 87
48 44
48 14
48 73
48 72
48 19
48 20
48 53
48 86
48 41
49 33
49 2
49 37
49 8
49 41
49 10
49 45
49 46
49 79
49 25
49 55
49 57
49 58
49 31
49 60
49 42
49 30
49 63
50 3
50 5
50 71
50 72
50 9
50 42
50 55
50 14
50 79
50 41
50 20
50 46
50 87
50 57
50 25
50 63
50 60
50 37
51 64
51 3
51 5
51 6
51 71
51 40
51 9
51 87
51 44
51 14
51 72
51 19
51 20
51 53
51 86
51 73
52 64
52 3
52 5
52 6
52 71
52 40
52 9
52 87
52 44
52 14
52 73
52 72
52 19
52 20
52 53
52 86
52 41
53 64
53 5
53 6
53 71
53 40
53 73
53 44
53 14
53 72
53 19
53 20
53 86
54 64
54 3
54 5
54 6
54 71
54 40
54 9
54 87
54 44
54 14
54 73
54 72
54 19
54 20
54 53
54 86
54 41
56 3
56 5
56 6
56 71
56 40
56 9
56 42
56 55
56 14
56 73
56 72
56 19
56 20
56 53
56 86
56 41
56 25
56 87
56 63
58 64
58 6
58 71
58 40
58 73
58 44
58 14
58 72
58 19
58 20
58 53
58 86
62 3
62 5
62 71
62 40
62 9
62 42
62 55
62 14
62 79
62 72
62 20
62 41
62 73
62 87
62 25
62 63
62 53
64 6
64 40
64 73
64 44
64 19
64 53
64 86
65 64
65 3
65 5
65 6
65 71
65 40
65 9
65 87
65 44
65 14
65 72
65 19
65 20
65 53
65 86
65 73
66 3
66 5
66 6
66 71
66 40
66 9
66 42
66 55
66 14
66 73
66 72
66 19
66 20
66 53
66 86
66 41
66 25
66 87
66 63
67 3
67 5
67 6
67 71
67 40
67 9
67 42
67 55
67 14
67 79
67 72
67 19
67 20
67 53
67 73
67 41
67 25
67 87
67 63
68 3
68 5
68 71
68 72
68 9
68 42
68 55
68 14
68 79
68 41
68 20
68 46
68 87
68 57
68 25
68 63
68 60
68 37
70 64
70 6
70 40
70 73
70 44
70 14
70 72
70 19
70 20
70 53
70 86
71 64
71 6
71 40
71 73
71 44
71 19
71 53
71 86
72 64
72 3
72 5
72 6
72 71
72 40
72 9
72 87
72 44
72 14
72 19
72 20
72 53
72 86
72 73
74 33
74 2
74 37
74 8
74 41
74 10
74 45
74 46
74 79
74 25
74 55
74 57
74 58
74 31
74 60
74 42
74 30
74 63
75 3
75 5
75 71
75 72
75 9
75 42
75 55
75 14
75 79
75 41
75 20
75 46
75 87
75 25
75 63
75 37
75 53
76 2
76 37
76 8
76 9
76 10
76 55
76 46
76 79
76 25
76 41
76 87
76 57
76 58
76 31
76 60
76 42
76 63
77 3
77 5
77 71
77 72
77 9
77 42
77 55
77 14
77 79
77 41
77 20
77 46
77 87
77 25
77 63
77 37
78 2
78 37
78 8
78 9
78 10
78 55
78 46
78 79
78 25
78 41
78 87
78 57
78 58
78 31
78 60
78 42
78 63
79 3
79 5
79 71
79 72
79 9
79 42
79 55
79 14
79 41
79 20
79 46
79 87
79 57
79 25
79 63
79 60
79 37
80 33
80 69
80 11
80 12
80 45
80 78
80 47
80 48
80 49
80 29
80 21
80 59
80 61
80 30
81 33
81 2
81 8
81 10
81 11
81 45
81 29
81 49
81 58
81 59
81 61
81 30
81 31
82 33
82 69
82 11
82 12
82 45
82 78
82 47
82 48
82 49
82 29
82 21
82 59
82 61
82 30
83 85
84 33
84 2
84 37
84 8
84 10
84 45
84 46
84 79
84 25
84 55
84 57
84 58
84 31
84 60
84 42
84 30
84 63
88 3
88 5
88 6
88 71
88 40
88 9
88 42
88 87
88 14
88 73
88 72
88 19
88 20
88 53
88 86
88 41
88 25
88 63
