88
1 35
1 68
1 5
1 38
1 7
1 42
1 71
1 78
1 80
1 49
1 52
1 59
1 27
1 28
1 63
2 59
2 27
2 28
2 5
2 63
3 32
3 35
3 68
3 37
3 38
3 7
3 72
3 42
3 71
3 46
3 47
3 80
3 49
3 51
3 52
3 78
3 55
3 56
3 58
3 74
3 63
4 7
4 32
4 33
4 35
4 37
4 38
4 42
4 46
4 47
4 49
4 51
4 52
4 55
4 56
4 58
4 65
4 68
4 70
4 71
4 72
4 74
4 78
4 80
4 84
8 66
8 67
8 6
8 79
8 25
8 57
9 32
9 33
9 67
9 69
9 70
9 65
9 73
9 46
9 79
9 50
9 84
9 53
9 55
9 24
9 30
10 67
10 69
10 6
10 73
10 79
10 50
10 84
10 53
10 24
10 57
10 30
11 66
11 67
11 69
11 6
11 79
11 50
11 25
11 24
11 57
12 82
14 59
14 27
14 28
14 5
14 63
16 15
17 26
19 81
19 26
21 66
21 67
21 6
21 79
21 50
21 25
21 24
21 57
22 32
22 33
22 69
22 70
22 65
22 72
22 73
22 74
22 46
22 47
22 24
22 51
22 84
22 53
22 55
22 56
22 58
22 30
22 37
23 59
23 68
23 5
23 38
23 7
23 42
23 78
23 80
23 52
23 27
23 28
23 63
24 59
24 28
24 5
25 30
25 32
25 33
25 35
25 37
25 38
25 42
25 46
25 47
25 49
25 51
25 52
25 53
25 55
25 56
25 58
25 65
25 68
25 70
25 71
25 72
25 73
25 74
25 78
25 80
25 84
29 24
29 30
29 32
29 33
29 35
29 37
29 42
29 46
29 47
29 49
29 51
29 53
29 55
29 56
29 58
29 65
29 68
29 69
29 70
29 71
29 72
29 73
29 74
29 84
31 59
31 68
31 5
31 38
31 7
31 42
31 78
31 80
31 52
31 27
31 28
31 63
32 35
32 68
32 5
32 38
32 7
32 42
32 71
32 78
32 80
32 49
32 52
32 27
32 28
32 63
33 24
33 30
33 32
33 35
33 37
33 46
33 47
33 49
33 51
33 53
33 55
33 56
33 58
33 65
33 68
33 69
33 70
33 71
33 72
33 73
33 74
33 84
34 32
34 33
34 69
34 70
34 65
34 72
34 73
34 74
34 46
34 47
34 24
34 51
34 84
34 53
34 55
34 56
34 58
34 30
34 37
35 68
35 37
35 38
35 7
35 42
35 71
35 78
35 47
35 80
35 49
35 51
35 52
35 56
35 58
35 27
35 74
35 63
36 35
36 68
36 37
36 38
36 7
36 72
36 42
36 71
36 78
36 47
36 80
36 49
36 51
36 52
36 56
36 58
36 27
36 74
36 63
38 35
38 68
38 5
38 7
38 42
38 71
38 78
38 80
38 49
38 52
38 59
38 27
38 28
38 63
39 35
39 68
39 38
39 7
39 42
39 71
39 78
39 80
39 49
39 52
39 58
39 27
39 28
39 63
40 7
40 32
40 33
40 35
40 37
40 38
40 42
40 46
40 47
40 49
40 51
40 52
40 55
40 56
40 58
40 65
40 68
40 70
40 71
40 72
40 74
40 78
40 80
40 84
41 35
41 68
41 37
41 38
41 7
41 42
41 71
41 78
41 80
41 49
41 51
41 52
41 56
41 58
41 27
41 74
41 63
42 59
42 5
42 38
42 7
42 80
42 52
42 27
42 28
42 63
43 59
43 5
43 38
43 7
43 80
43 52
43 27
43 28
43 63
44 59
44 5
44 38
44 7
44 80
44 52
44 27
44 28
44 63
45 35
45 68
45 37
45 38
45 7
45 42
45 71
45 78
45 80
45 49
45 51
45 52
45 56
45 58
45 27
45 63
46 59
46 5
46 38
46 7
46 27
46 28
46 63
47 59
47 5
47 38
47 7
47 80
47 52
47 27
47 28
47 63
48 7
48 32
48 33
48 35
48 37
48 38
48 42
48 46
48 47
48 49
48 51
48 52
48 55
48 56
48 58
48 65
48 68
48 70
48 71
48 72
48 74
48 78
48 80
48 84
49 35
49 68
49 5
49 38
49 7
49 42
49 71
49 78
49 80
49 59
49 52
49 27
49 28
49 63
50 27
50 5
50 7
50 59
50 28
50 63
53 24
53 30
53 32
53 33
53 35
53 37
53 46
53 47
53 49
53 51
53 55
53 56
53 58
53 65
53 68
53 69
53 70
53 71
53 72
53 73
53 74
53 84
54 30
54 32
54 33
54 35
54 37
54 42
54 46
54 47
54 49
54 51
54 53
54 55
54 56
54 58
54 65
54 68
54 69
54 70
54 71
54 72
54 73
54 74
54 78
54 84
56 35
56 68
56 37
56 38
56 7
56 42
56 71
56 78
56 47
56 80
56 49
56 51
56 52
56 58
56 27
56 74
56 63
57 59
57 27
57 28
57 5
58 59
58 5
58 38
58 7
58 42
58 78
58 80
58 52
58 27
58 28
58 63
60 59
60 27
60 28
60 5
60 63
61 35
61 68
61 5
61 38
61 7
61 42
61 71
61 78
61 80
61 49
61 52
61 59
61 27
61 28
61 63
62 7
62 32
62 33
62 35
62 37
62 38
62 42
62 46
62 47
62 49
62 51
62 52
62 55
62 56
62 58
62 65
62 68
62 70
62 71
62 72
62 74
62 78
62 80
62 84
63 59
63 27
63 28
63 5
64 32
64 33
64 69
64 70
64 65
64 72
64 73
64 74
64 46
64 47
64 24
64 50
64 51
64 84
64 53
64 55
64 56
64 58
64 30
64 37
67 32
67 35
67 68
67 37
67 38
67 7
67 72
67 42
67 71
67 46
67 47
67 80
67 49
67 51
67 52
67 78
67 55
67 56
67 58
67 74
67 63
68 59
68 28
68 5
70 59
70 27
70 28
70 5
71 35
71 68
71 5
71 38
71 7
71 42
71 78
71 80
71 49
71 52
71 59
71 27
71 28
71 63
72 59
72 27
72 28
72 5
73 27
73 5
73 7
73 59
73 28
73 63
74 59
74 27
74 28
74 5
74 63
75 66
75 67
75 69
75 6
75 79
75 50
75 25
75 24
75 57
76 30
76 32
76 33
76 35
76 37
76 38
76 42
76 46
76 47
76 49
76 51
76 52
76 55
76 56
76 58
76 65
76 68
76 70
76 71
76 72
76 74
76 78
76 80
76 84
77 7
77 32
77 33
77 35
77 37
77 38
77 42
77 46
77 47
77 49
77 51
77 52
77 55
77 56
77 58
77 65
77 68
77 71
77 72
77 74
77 78
77 80
78 59
78 27
78 28
78 5
78 63
79 30
79 32
79 33
79 35
79 37
79 42
79 46
79 47
79 49
79 51
79 53
79 55
79 56
79 58
79 65
79 68
79 69
79 70
79 71
79 72
79 73
79 74
79 78
79 84
80 59
80 5
80 38
80 7
80 52
80 27
80 28
80 63
83 7
83 32
83 33
83 35
83 37
83 38
83 42
83 46
83 47
83 49
83 51
83 52
83 55
83 56
83 58
83 65
83 68
83 71
83 72
83 74
83 78
83 80
85 30
85 32
85 33
85 35
85 37
85 38
85 42
85 46
85 47
85 49
85 51
85 52
85 53
85 55
85 56
85 58
85 65
85 68
85 70
85 71
85 72
85 73
85 74
85 78
85 80
85 84
86 32
86 35
86 68
86 37
86 38
86 7
86 72
86 42
86 71
86 46
86 47
86 80
86 49
86 51
86 52
86 78
86 55
86 56
86 58
86 74
86 63
87 35
87 68
87 37
87 38
87 7
87 72
87 42
87 71
87 78
87 47
87 80
87 49
87 51
87 52
87 56
87 58
87 27
87 74
87 63
88 35
88 68
88 38
88 7
88 42
88 71
88 78
88 80
88 49
88 52
88 56
88 58
88 27
88 63
