88
1 15
1 82
1 83
1 22
1 23
2 15
3 36
3 37
3 13
3 15
3 82
3 83
3 22
3 23
3 86
3 31
4 32
4 50
4 36
4 37
4 8
4 10
4 13
4 48
4 82
4 83
4 22
4 27
4 86
4 31
5 32
5 4
5 37
5 10
5 13
5 15
5 48
5 82
5 83
5 22
5 23
5 36
5 27
5 86
5 31
6 32
6 4
6 37
6 10
6 13
6 15
6 48
6 82
6 83
6 22
6 23
6 36
6 27
6 86
6 31
7 32
7 50
7 4
7 37
7 8
7 10
7 13
7 48
7 82
7 83
7 22
7 23
7 36
7 27
7 86
7 31
9 32
9 50
9 4
9 37
9 10
9 13
9 15
9 48
9 82
9 83
9 22
9 23
9 36
9 27
9 86
9 31
11 32
11 50
11 4
11 37
11 10
11 13
11 15
11 48
11 82
11 83
11 22
11 23
11 36
11 27
11 86
11 31
12 32
12 50
12 4
12 37
12 8
12 10
12 13
12 48
12 82
12 83
12 22
12 36
12 27
12 86
12 31
13 32
13 4
13 37
13 8
13 10
13 50
13 48
13 82
13 83
13 22
13 36
13 27
13 86
13 31
14 32
14 50
14 4
14 37
14 8
14 10
14 13
14 48
14 82
14 83
14 22
14 36
14 27
14 86
14 31
16 15
16 23
17 32
17 4
17 37
17 13
17 15
17 82
17 83
17 22
17 23
17 36
17 27
17 86
17 31
18 15
18 82
18 83
18 22
18 23
19 32
19 50
19 4
19 37
19 8
19 10
19 13
19 48
19 82
19 83
19 22
19 23
19 36
19 27
19 86
19 31
20 32
20 4
20 37
20 13
20 15
20 82
20 83
20 22
20 23
20 36
20 27
20 86
20 31
21 32
21 50
21 4
21 37
21 8
21 10
21 13
21 48
21 82
21 83
21 22
21 36
21 27
21 86
21 31
23 32
23 50
23 4
23 37
23 8
23 10
23 13
23 48
23 82
23 83
23 22
23 36
23 27
23 86
23 31
25 22
25 15
25 82
25 83
25 86
25 23
26 22
26 15
26 82
26 83
26 86
26 23
27 32
27 50
27 4
27 37
27 8
27 10
27 13
27 48
27 82
27 83
27 22
27 36
27 86
27 31
28 32
28 50
28 4
28 37
28 8
28 10
28 13
28 48
28 82
28 83
28 22
28 36
28 27
28 86
28 31
29 15
29 82
29 83
29 22
29 23
30 32
30 4
30 37
30 10
30 13
30 15
30 48
30 82
30 83
30 22
30 23
30 36
30 27
30 86
30 31
33 32
33 50
33 4
33 37
33 8
33 10
33 13
33 15
33 48
33 82
33 83
33 22
33 23
33 36
33 27
33 86
33 31
34 32
34 50
34 4
34 37
34 8
34 10
34 13
34 48
34 82
34 83
34 22
34 36
34 27
34 86
34 31
35 32
35 50
35 4
35 37
35 8
35 10
35 13
35 48
35 82
35 83
35 22
35 36
35 27
35 86
35 31
39 32
39 50
39 4
39 37
39 8
39 10
39 13
39 48
39 82
39 83
39 22
39 23
39 36
39 27
39 86
39 31
40 32
40 50
40 4
40 37
40 8
40 10
40 13
40 48
40 82
40 83
40 22
40 23
40 36
40 27
40 86
40 31
41 32
41 50
41 4
41 37
41 8
41 10
41 13
41 15
41 48
41 82
41 83
41 22
41 23
41 36
41 27
41 86
41 31
42 32
42 50
42 4
42 37
42 8
42 10
42 13
42 48
42 82
42 83
42 22
42 36
42 27
42 86
42 31
43 32
43 50
43 4
43 37
43 8
43 10
43 13
43 48
43 82
43 83
43 22
43 23
43 36
43 27
43 86
43 31
44 32
44 50
44 4
44 37
44 8
44 10
44 13
44 48
44 82
44 83
44 22
44 36
44 27
44 86
44 31
45 15
45 23
46 32
46 4
46 37
46 10
46 13
46 15
46 48
46 82
46 83
46 22
46 23
46 36
46 27
46 86
46 31
47 32
47 50
47 4
47 37
47 8
47 10
47 13
47 48
47 82
47 83
47 22
47 36
47 27
47 86
47 31
48 32
48 50
48 4
48 37
48 8
48 10
48 13
48 82
48 83
48 22
48 36
48 27
48 86
48 31
49 15
49 82
49 83
49 22
49 23
51 15
51 23
52 32
52 50
52 4
52 37
52 10
52 13
52 15
52 48
52 82
52 83
52 22
52 23
52 36
52 27
52 86
52 31
53 15
53 82
53 83
53 23
54 15
54 82
54 83
54 23
55 15
55 82
55 83
55 22
55 23
56 32
56 4
56 37
56 13
56 15
56 82
56 83
56 22
56 23
56 36
56 27
56 86
56 31
57 15
57 23
59 15
59 82
59 83
59 22
59 23
60 32
60 4
60 37
60 10
60 13
60 15
60 48
60 82
60 83
60 22
60 23
60 36
60 27
60 86
60 31
61 32
61 50
61 4
61 37
61 8
61 10
61 13
61 48
61 82
61 83
61 22
61 23
61 36
61 27
61 86
61 31
62 32
62 50
62 4
62 37
62 8
62 10
62 13
62 48
62 82
62 83
62 22
62 23
62 36
62 27
62 86
62 31
63 32
63 50
63 4
63 37
63 8
63 10
63 13
63 15
63 48
63 82
63 83
63 22
63 23
63 36
63 27
63 86
63 31
64 32
64 50
64 4
64 37
64 8
64 10
64 13
64 48
64 82
64 83
64 22
64 23
64 36
64 27
64 86
64 31
65 32
65 4
65 37
65 10
65 13
65 15
65 48
65 82
65 83
65 22
65 23
65 36
65 27
65 86
65 31
66 15
66 23
67 32
67 50
67 4
67 37
67 8
67 10
67 13
67 48
67 82
67 83
67 22
67 23
67 36
67 27
67 86
67 31
68 32
68 50
68 4
68 37
68 8
68 10
68 13
68 48
68 82
68 83
68 22
68 36
68 27
68 86
68 31
69 32
69 4
69 37
69 10
69 13
69 15
69 48
69 82
69 83
69 22
69 23
69 36
69 27
69 86
69 31
70 32
70 50
70 4
70 37
70 10
70 13
70 15
70 48
70 82
70 83
70 22
70 23
70 36
70 27
70 86
70 31
71 32
71 4
71 37
71 13
71 15
71 82
71 83
71 22
71 23
71 36
71 27
71 86
71 31
72 82
72 15
72 23
73 32
73 50
73 4
73 37
73 8
73 10
73 13
73 48
73 82
73 83
73 22
73 23
73 36
73 27
73 86
73 31
74 32
74 50
74 4
74 37
74 10
74 13
74 15
74 48
74 82
74 83
74 22
74 23
74 36
74 27
74 86
74 31
75 32
75 50
75 4
75 37
75 8
75 10
75 13
75 48
75 82
75 83
75 22
75 36
75 27
75 86
75 31
76 32
76 50
76 4
76 37
76 8
76 10
76 13
76 48
76 82
76 83
76 22
76 36
76 27
76 86
76 31
77 32
77 50
77 4
77 37
77 8
77 10
77 13
77 15
77 48
77 82
77 83
77 22
77 23
77 36
77 27
77 86
77 31
78 32
78 50
78 4
78 37
78 8
78 10
78 13
78 48
78 82
78 83
78 22
78 36
78 27
78 86
78 31
79 32
79 50
79 4
79 37
79 8
79 10
79 13
79 48
79 82
79 83
79 22
79 36
79 27
79 86
79 31
80 32
80 50
80 4
80 37
80 8
80 10
80 13
80 48
80 82
80 83
80 22
80 36
80 27
80 86
80 31
82 32
82 4
82 37
82 8
82 10
82 13
82 48
82 50
82 83
82 22
82 23
82 36
82 27
82 86
82 31
84 15
84 23
87 32
87 4
87 37
87 13
87 15
87 48
87 82
87 83
87 22
87 23
87 36
87 27
87 86
87 31
88 32
88 4
88 37
88 13
88 15
88 48
88 82
88 83
88 22
88 23
88 36
88 27
88 86
88 31
