88
1 43
1 6
1 9
1 11
1 49
1 18
2 17
3 27
3 4
3 70
3 6
3 7
3 9
3 11
3 14
3 43
3 18
3 51
3 88
3 71
3 59
3 31
4 51
4 3
4 70
4 7
4 71
4 45
4 14
4 59
4 35
4 88
4 27
4 60
4 31
5 51
5 3
5 4
5 70
5 39
5 10
5 76
5 13
5 45
5 59
5 35
5 84
5 88
5 27
5 60
5 29
6 35
6 67
6 68
6 70
6 39
6 28
6 10
6 76
6 13
6 77
6 45
6 56
6 3
6 84
6 59
6 88
6 27
6 60
6 29
6 51
7 24
7 49
8 35
8 67
8 70
8 39
8 10
8 76
8 13
8 77
8 45
8 56
8 3
8 84
8 59
8 88
8 27
8 60
8 29
8 51
9 2
9 69
9 38
9 72
9 73
9 30
9 44
9 15
9 16
9 19
9 52
9 85
9 86
9 87
9 25
9 47
9 62
10 1
10 2
10 67
10 68
10 35
10 39
10 28
10 76
10 45
10 77
10 13
10 3
10 84
10 86
10 56
10 25
10 60
10 29
11 59
11 4
11 70
11 6
11 7
11 9
11 43
11 14
11 18
11 51
11 88
11 71
11 27
11 31
12 30
12 5
12 38
12 72
12 73
12 74
12 15
12 16
12 19
12 52
12 85
12 54
12 87
12 57
12 47
12 62
12 69
13 43
13 6
13 9
13 11
13 14
13 49
13 18
14 24
14 17
16 24
16 49
17 24
19 27
19 4
19 70
19 6
19 7
19 9
19 11
19 14
19 43
19 18
19 51
19 88
19 71
19 59
19 60
19 31
20 24
20 49
21 35
21 4
21 70
21 6
21 7
21 11
21 14
21 27
21 43
21 18
21 51
21 88
21 71
21 59
21 60
21 31
22 24
22 49
23 24
23 49
24 2
24 69
24 38
24 72
24 73
24 30
24 44
24 15
24 16
24 19
24 52
24 85
24 86
24 87
24 25
24 47
24 62
25 1
25 2
25 3
25 68
25 39
25 76
25 10
25 44
25 13
25 77
25 45
25 67
25 84
25 86
25 56
25 28
25 29
26 35
26 4
26 70
26 6
26 7
26 11
26 14
26 27
26 43
26 51
26 88
26 71
26 59
26 60
26 31
28 43
28 4
28 6
28 7
28 9
28 11
28 14
28 18
28 51
28 88
28 71
28 59
28 31
29 43
29 6
29 9
29 11
29 14
29 49
29 18
30 43
30 6
30 9
30 11
30 14
30 49
30 18
30 31
31 35
31 4
31 70
31 6
31 7
31 9
31 11
31 14
31 27
31 43
31 18
31 51
31 88
31 71
31 59
31 60
32 43
32 4
32 6
32 7
32 9
32 11
32 14
32 18
32 51
32 88
32 71
32 59
32 31
33 24
33 49
34 27
34 4
34 70
34 6
34 7
34 9
34 11
34 14
34 43
34 18
34 51
34 88
34 71
34 59
34 60
34 31
35 1
35 2
35 3
35 68
35 39
35 28
35 10
35 76
35 13
35 77
35 45
35 67
35 84
35 86
35 56
35 60
35 29
36 51
36 3
36 4
36 70
36 7
36 71
36 45
36 14
36 59
36 35
36 88
36 27
36 60
36 31
37 43
37 6
37 9
37 11
37 14
37 49
37 18
38 51
38 35
38 4
38 70
38 39
38 10
38 71
38 13
38 45
38 59
38 3
38 84
38 88
38 27
38 60
39 51
39 3
39 4
39 70
39 7
39 11
39 45
39 14
39 59
39 35
39 88
39 71
39 27
39 60
39 31
40 43
40 6
40 9
40 11
40 49
40 18
41 35
41 4
41 70
41 6
41 7
41 11
41 14
41 27
41 43
41 51
41 88
41 71
41 59
41 60
41 31
42 27
42 4
42 70
42 6
42 7
42 9
42 11
42 14
42 43
42 18
42 51
42 88
42 71
42 59
42 60
42 31
43 24
43 17
44 43
44 6
44 7
44 9
44 11
44 14
44 49
44 18
44 71
44 31
45 43
45 4
45 6
45 7
45 9
45 11
45 14
45 49
45 18
45 71
45 31
46 24
46 17
47 43
47 4
47 6
47 7
47 9
47 11
47 14
47 18
47 51
47 88
47 71
47 59
47 31
48 43
48 6
48 9
48 11
48 14
48 49
48 18
49 1
49 2
49 67
49 68
49 70
49 39
49 28
49 10
49 76
49 13
49 77
49 45
49 3
49 84
49 86
49 56
49 27
49 60
49 29
49 35
50 43
50 6
50 7
50 9
50 11
50 14
50 49
50 18
50 31
51 43
51 4
51 6
51 7
51 9
51 11
51 14
51 49
51 18
51 88
51 71
51 59
51 31
52 43
52 4
52 6
52 7
52 9
52 11
52 14
52 49
52 18
52 51
52 71
52 31
53 24
53 49
54 35
54 4
54 70
54 6
54 7
54 9
54 11
54 14
54 27
54 43
54 18
54 51
54 88
54 71
54 59
54 60
54 31
55 51
55 3
55 4
55 70
55 7
55 10
55 71
55 45
55 59
55 35
55 88
55 27
55 60
55 31
57 43
57 4
57 6
57 7
57 9
57 11
57 14
57 49
57 18
57 51
57 88
57 71
57 31
58 24
58 49
59 24
59 17
61 35
61 67
61 68
61 70
61 39
61 28
61 10
61 76
61 13
61 77
61 45
61 56
61 3
61 84
61 59
61 88
61 27
61 60
61 29
61 51
62 35
62 4
62 70
62 7
62 11
62 14
62 27
62 43
62 51
62 88
62 71
62 59
62 60
62 31
63 51
63 3
63 4
63 70
63 39
63 10
63 76
63 13
63 77
63 45
63 59
63 35
63 84
63 88
63 27
63 60
63 29
64 1
64 2
64 68
64 69
64 38
64 72
64 73
64 44
64 15
64 19
64 52
64 86
64 87
64 25
64 47
64 28
64 30
65 35
65 4
65 70
65 6
65 7
65 9
65 11
65 14
65 27
65 43
65 18
65 51
65 88
65 71
65 59
65 60
65 31
66 24
66 49
67 35
67 4
67 70
67 6
67 7
67 11
67 14
67 27
67 43
67 18
67 51
67 88
67 71
67 59
67 60
67 31
68 51
68 3
68 4
68 70
68 7
68 10
68 39
68 13
68 45
68 59
68 35
68 84
68 88
68 71
68 27
68 60
68 31
69 17
70 24
70 49
71 51
71 3
71 4
71 70
71 7
71 45
71 14
71 59
71 35
71 88
71 27
71 60
71 31
72 35
72 4
72 70
72 6
72 7
72 11
72 14
72 27
72 43
72 18
72 51
72 88
72 71
72 59
72 60
72 31
73 35
73 4
73 70
73 6
73 7
73 9
73 11
73 14
73 27
73 43
73 18
73 51
73 88
73 71
73 59
73 60
73 31
74 51
74 3
74 4
74 70
74 7
74 10
74 71
74 13
74 45
74 59
74 35
74 88
74 27
74 60
74 31
75 35
75 4
75 70
75 6
75 7
75 9
75 11
75 14
75 27
75 43
75 18
75 51
75 88
75 71
75 59
75 60
75 31
76 43
76 6
76 9
76 11
76 14
76 49
76 18
77 51
77 3
77 4
77 70
77 7
77 10
77 71
77 13
77 45
77 59
77 35
77 84
77 88
77 27
77 60
77 31
78 24
78 49
79 43
79 6
79 9
79 11
79 14
79 49
79 18
80 43
80 4
80 6
80 7
80 9
80 11
80 14
80 49
80 18
80 51
80 88
80 71
80 31
81 35
81 67
81 68
81 70
81 39
81 28
81 10
81 76
81 13
81 77
81 45
81 56
81 3
81 84
81 59
81 88
81 27
81 60
81 29
82 43
82 6
82 7
82 9
82 11
82 14
82 49
82 18
82 71
82 31
83 24
83 49
84 24
84 49
85 17
86 24
87 24
87 49
88 43
88 4
88 6
88 7
88 9
88 11
88 14
88 18
88 51
88 71
88 59
88 31
