88
1 22
1 40
1 76
1 48
1 50
1 54
1 59
1 60
2 64
2 1
2 36
2 37
2 75
2 13
2 46
2 52
2 20
3 64
3 2
3 37
3 8
3 75
3 46
3 47
3 83
3 20
4 26
4 34
4 54
5 19
5 67
5 3
5 6
5 8
5 9
5 15
5 80
5 27
5 83
5 20
5 47
6 19
6 33
6 67
6 3
6 68
6 5
6 71
6 9
6 44
6 14
6 15
6 80
6 83
6 56
6 27
6 62
6 63
7 81
7 28
7 86
7 55
8 25
8 18
8 74
8 61
9 19
9 3
9 37
9 8
9 75
9 47
9 80
9 83
9 20
9 27
10 64
10 1
10 2
10 36
10 37
10 75
10 13
10 46
10 52
10 20
11 64
11 1
11 2
11 36
11 37
11 75
11 13
11 46
11 52
11 20
12 34
12 54
12 40
12 48
12 50
12 22
13 1
13 66
13 35
13 36
13 70
13 38
13 72
13 10
13 78
13 49
13 52
13 21
13 88
14 64
14 2
14 37
14 8
14 75
14 46
14 47
14 83
14 20
15 19
15 67
15 3
15 5
15 6
15 71
15 8
15 9
15 44
15 14
15 47
15 80
15 83
15 27
15 63
16 64
16 2
16 37
16 8
16 75
16 46
16 47
16 83
16 20
18 42
18 74
18 4
18 53
19 81
19 26
19 86
19 55
20 81
20 28
21 32
21 33
21 67
21 3
21 68
21 5
21 6
21 71
21 9
21 44
21 14
21 15
21 80
21 19
21 56
21 62
21 63
22 65
22 69
22 41
22 43
22 77
22 79
22 82
22 84
22 73
22 24
22 25
22 61
23 26
23 86
23 55
24 19
24 83
24 3
24 5
24 6
24 71
24 8
24 9
24 44
24 14
24 15
24 80
24 27
24 67
24 47
24 63
25 4
25 74
25 18
25 42
25 53
25 29
26 85
27 26
27 34
27 86
27 54
28 69
28 72
28 73
28 43
28 45
28 79
28 51
28 21
28 87
28 57
28 58
28 30
29 64
29 1
29 2
29 36
29 37
29 75
29 13
29 46
29 52
29 20
30 42
30 4
30 29
30 53
31 42
31 4
31 29
31 53
32 42
32 18
32 74
32 4
32 53
33 69
33 72
33 73
33 43
33 45
33 79
33 51
33 87
33 57
33 58
33 30
34 66
34 35
34 70
34 38
34 72
34 10
34 45
34 78
34 49
34 21
34 88
34 57
34 58
35 65
35 69
35 41
35 77
35 79
35 82
35 84
35 73
35 24
35 25
35 61
36 65
36 69
36 41
36 77
36 79
36 82
36 84
36 73
36 24
36 25
36 61
37 69
37 73
37 43
37 45
37 79
37 51
37 84
37 87
37 24
37 57
37 58
37 30
38 1
38 66
38 35
38 36
38 70
38 10
38 13
38 78
38 49
38 52
38 21
38 88
39 19
39 83
39 3
39 68
39 5
39 6
39 71
39 8
39 9
39 44
39 14
39 15
39 80
39 27
39 67
39 56
39 47
39 62
39 63
40 32
40 33
40 67
40 68
40 39
40 31
40 76
40 11
40 44
40 14
40 15
40 56
40 71
40 59
40 60
40 62
40 63
41 69
41 72
41 73
41 43
41 45
41 79
41 51
41 84
41 87
41 24
41 57
41 58
41 30
42 32
42 39
42 40
42 11
42 76
42 48
42 50
42 22
42 59
42 60
42 31
43 19
43 33
43 83
43 3
43 68
43 5
43 6
43 71
43 9
43 44
43 14
43 15
43 80
43 27
43 67
43 56
43 47
43 62
43 63
44 34
44 50
44 54
45 64
45 1
45 2
45 36
45 37
45 8
45 75
45 13
45 46
45 20
46 19
46 33
46 67
46 3
46 68
46 5
46 6
46 71
46 9
46 44
46 14
46 15
46 80
46 83
46 56
46 27
46 62
46 63
47 65
47 69
47 41
47 43
47 77
47 79
47 82
47 51
47 84
47 73
47 24
47 25
47 87
47 30
48 65
48 41
48 77
48 82
48 84
48 24
48 25
48 61
49 64
49 1
49 66
49 35
49 36
49 70
49 38
49 10
49 13
49 78
49 52
49 88
50 1
50 66
50 35
50 36
50 70
50 38
50 10
50 13
50 78
50 49
50 52
50 88
51 66
51 35
51 70
51 38
51 72
51 10
51 45
51 78
51 49
51 21
51 88
51 57
51 58
52 64
52 2
52 37
52 8
52 75
52 46
52 47
52 19
52 20
52 83
52 27
53 65
53 69
53 41
53 77
53 79
53 82
53 84
53 73
53 24
53 25
53 61
54 64
54 1
54 2
54 36
54 37
54 75
54 13
54 46
54 52
54 20
55 42
55 4
55 29
56 19
56 67
56 3
56 5
56 6
56 8
56 9
56 15
56 80
56 27
56 83
56 20
56 47
56 37
57 42
57 4
57 29
57 53
58 32
58 33
58 39
58 40
58 11
58 76
58 48
58 50
58 22
58 59
58 60
58 31
59 1
59 66
59 35
59 36
59 70
59 38
59 10
59 13
59 78
59 49
59 52
59 21
59 88
60 35
60 70
60 38
60 72
60 10
60 43
60 45
60 51
60 21
60 87
60 88
60 57
60 58
60 30
61 19
61 67
61 3
61 5
61 6
61 8
61 9
61 15
61 80
61 27
61 83
61 20
61 47
61 63
62 19
62 83
62 3
62 68
62 5
62 6
62 71
62 8
62 9
62 44
62 14
62 15
62 80
62 27
62 67
62 56
62 47
62 63
63 32
63 39
63 40
63 11
63 76
63 48
63 50
63 22
63 59
63 60
63 31
64 1
64 2
64 36
64 70
64 75
64 66
64 46
64 13
64 49
64 52
64 78
65 85
66 69
66 72
66 73
66 43
66 45
66 79
66 51
66 21
66 87
66 57
66 58
66 30
67 64
67 1
67 66
67 35
67 36
67 70
67 38
67 10
67 13
67 46
67 49
67 52
67 78
67 88
68 35
68 38
68 72
68 10
68 43
68 45
68 51
68 21
68 87
68 88
68 57
68 58
68 30
69 26
69 86
69 55
70 26
70 86
70 55
71 65
71 69
71 41
71 43
71 77
71 79
71 82
71 84
71 73
71 24
71 25
71 87
71 61
72 19
72 83
72 3
72 68
72 5
72 6
72 71
72 8
72 9
72 44
72 14
72 15
72 80
72 27
72 67
72 47
72 62
72 63
73 64
73 2
73 37
73 8
73 75
73 46
73 47
73 83
73 20
74 64
74 2
74 37
74 8
74 75
74 46
74 47
74 19
74 20
74 83
74 27
75 66
75 35
75 70
75 38
75 72
75 10
75 45
75 78
75 49
75 21
75 88
75 57
75 58
76 65
76 69
76 41
76 43
76 77
76 79
76 82
76 51
76 84
76 73
76 24
76 87
76 30
77 64
77 1
77 2
77 36
77 37
77 75
77 66
77 46
77 13
77 52
77 78
78 64
78 1
78 2
78 36
78 37
78 75
78 13
78 46
78 52
78 20
79 64
79 1
79 2
79 36
79 70
79 75
79 66
79 46
79 13
79 49
79 52
79 78
80 1
80 66
80 35
80 36
80 70
80 38
80 72
80 10
80 13
80 78
80 49
80 52
80 21
80 88
81 12
81 7
82 32
82 33
82 68
82 39
82 40
82 11
82 76
82 14
82 48
82 22
82 56
82 71
82 59
82 60
82 62
82 31
83 85
84 65
84 69
84 41
84 77
84 79
84 82
84 73
84 24
84 25
84 61
85 34
85 22
85 40
85 48
85 50
85 54
85 60
86 32
86 33
86 68
86 39
86 40
86 76
86 11
86 44
86 14
86 22
86 56
86 71
86 59
86 60
86 62
86 31
87 64
87 1
87 2
87 36
87 37
87 75
87 13
87 46
87 52
87 20
88 54
88 39
88 40
88 11
88 76
88 48
88 50
88 22
88 59
88 60
88 31
