88
3 2
3 67
3 6
3 44
3 12
3 13
3 46
3 76
3 17
3 22
3 23
3 27
3 62
3 31
5 3
5 4
5 7
5 11
5 14
5 24
5 29
5 35
5 39
5 43
5 48
5 53
5 58
5 64
5 66
5 68
5 71
5 72
5 73
5 74
5 78
5 79
7 3
7 4
7 8
7 10
7 11
7 16
7 18
7 24
7 26
7 35
7 41
7 43
7 45
7 47
7 48
7 53
7 59
7 60
7 63
7 66
7 71
7 72
7 73
7 74
7 78
7 79
7 80
7 84
9 3
9 4
9 8
9 10
9 11
9 16
9 18
9 24
9 26
9 35
9 41
9 43
9 45
9 47
9 48
9 53
9 59
9 60
9 63
9 66
9 71
9 72
9 73
9 78
9 79
9 80
9 84
11 16
11 34
11 59
11 4
11 77
11 8
11 41
11 10
11 45
11 78
11 47
11 80
11 40
11 18
11 84
11 48
11 57
11 26
11 79
11 60
11 63
13 16
13 34
13 8
13 41
13 10
13 45
13 77
13 47
13 80
13 40
13 18
13 84
13 85
13 87
13 57
13 26
13 59
13 60
13 63
16 52
16 69
19 3
19 4
19 8
19 10
19 11
19 16
19 18
19 24
19 26
19 35
19 41
19 43
19 45
19 47
19 48
19 53
19 59
19 60
19 63
19 66
19 71
19 72
19 73
19 74
19 78
19 79
19 80
19 84
21 2
21 67
21 6
21 44
21 12
21 13
21 46
21 76
21 17
21 22
21 23
21 25
21 27
21 31
22 16
22 34
22 8
22 41
22 10
22 45
22 77
22 47
22 80
22 40
22 18
22 84
22 85
22 87
22 57
22 26
22 59
22 60
22 63
23 3
23 4
23 7
23 11
23 14
23 24
23 29
23 35
23 39
23 43
23 48
23 53
23 58
23 64
23 66
23 68
23 71
23 72
23 73
23 74
23 78
23 79
26 3
26 4
26 8
26 10
26 11
26 16
26 18
26 24
26 35
26 41
26 43
26 45
26 47
26 48
26 53
26 59
26 60
26 66
26 68
26 71
26 72
26 73
26 74
26 78
26 79
26 80
26 84
27 3
27 4
27 8
27 10
27 11
27 16
27 18
27 24
27 26
27 35
27 41
27 43
27 45
27 47
27 48
27 53
27 59
27 60
27 66
27 68
27 71
27 72
27 73
27 74
27 78
27 79
27 80
27 84
29 3
29 4
29 8
29 10
29 11
29 16
29 18
29 24
29 26
29 35
29 41
29 43
29 45
29 47
29 48
29 53
29 59
29 66
29 68
29 71
29 72
29 73
29 74
29 78
29 79
29 80
29 84
30 64
30 66
30 35
30 68
30 7
30 73
30 74
30 39
30 14
30 15
30 11
30 43
30 82
30 51
30 53
30 24
30 58
30 29
31 3
31 4
31 8
31 10
31 11
31 16
31 18
31 24
31 26
31 29
31 35
31 41
31 43
31 45
31 47
31 48
31 53
31 59
31 66
31 68
31 71
31 72
31 73
31 74
31 78
31 79
31 80
31 84
32 1
32 2
32 67
32 37
32 6
32 9
32 44
32 13
32 12
32 17
32 23
32 25
32 27
33 1
33 34
33 67
33 37
33 40
33 9
33 77
33 25
33 85
33 87
33 57
33 27
34 1
34 67
34 37
34 40
34 9
34 23
34 77
34 25
34 85
34 87
34 57
34 27
35 3
35 4
35 8
35 10
35 11
35 16
35 18
35 24
35 26
35 41
35 43
35 45
35 47
35 48
35 53
35 59
35 60
35 66
35 68
35 71
35 72
35 73
35 74
35 78
35 79
35 80
35 84
36 2
36 76
36 13
36 46
36 17
36 50
36 21
36 22
36 62
36 31
37 1
37 34
37 40
37 9
37 77
37 25
37 85
37 87
37 57
37 27
37 63
38 16
38 34
38 77
38 8
38 41
38 10
38 45
38 78
38 47
38 80
38 40
38 18
38 84
38 85
38 87
38 57
38 26
38 59
38 60
38 63
39 1
39 67
39 37
39 6
39 9
39 87
39 44
39 12
39 25
39 85
39 23
39 57
39 27
40 3
40 4
40 8
40 10
40 11
40 18
40 24
40 26
40 29
40 35
40 41
40 43
40 45
40 47
40 48
40 53
40 58
40 59
40 66
40 68
40 71
40 72
40 73
40 74
40 78
40 79
40 80
42 2
42 67
42 6
42 44
42 12
42 13
42 46
42 76
42 17
42 22
42 23
42 25
42 27
42 31
43 80
43 48
43 66
43 3
43 4
43 7
43 72
43 73
43 74
43 39
43 29
43 78
43 79
43 11
43 35
43 53
43 24
43 68
43 71
43 58
45 28
45 86
45 30
45 55
47 1
47 67
47 37
47 6
47 9
47 87
47 44
47 12
47 85
47 23
47 25
47 27
48 76
48 46
48 50
48 21
48 22
48 62
48 31
49 2
49 67
49 6
49 44
49 12
49 13
49 46
49 76
49 17
49 22
49 23
49 27
49 62
49 31
50 1
50 2
50 67
50 37
50 6
50 9
50 44
50 13
50 12
50 76
50 17
50 23
50 25
50 27
53 2
53 67
53 37
53 6
53 9
53 44
53 13
53 12
53 76
53 17
53 46
53 23
53 25
53 27
54 22
54 50
54 21
54 86
54 28
54 62
56 69
58 1
58 34
58 67
58 37
58 40
58 9
58 77
58 25
58 85
58 87
58 57
58 27
63 3
63 4
63 7
63 11
63 14
63 24
63 29
63 35
63 39
63 43
63 48
63 53
63 58
63 64
63 66
63 68
63 71
63 72
63 73
63 74
63 78
63 79
63 82
64 1
64 34
64 37
64 40
64 9
64 77
64 85
64 87
64 57
64 60
64 63
65 1
65 67
65 37
65 6
65 9
65 87
65 44
65 25
65 85
65 23
65 57
65 27
66 1
66 2
66 67
66 37
66 6
66 9
66 44
66 13
66 12
66 76
66 17
66 23
66 25
66 27
67 64
67 48
67 66
67 3
67 4
67 7
67 72
67 73
67 74
67 39
67 14
67 29
67 11
67 43
67 82
67 35
67 53
67 24
67 68
67 71
67 58
68 2
68 67
68 6
68 44
68 12
68 13
68 46
68 76
68 17
68 22
68 23
68 27
68 62
68 31
70 1
70 34
70 67
70 37
70 40
70 9
70 77
70 25
70 85
70 87
70 57
70 27
71 3
71 4
71 8
71 10
71 16
71 18
71 26
71 34
71 35
71 41
71 43
71 45
71 47
71 48
71 53
71 59
71 60
71 63
71 72
71 73
71 78
71 79
71 80
71 84
72 1
72 34
72 8
72 41
72 10
72 45
72 77
72 16
72 40
72 18
72 84
72 85
72 87
72 57
72 26
72 60
72 63
73 76
73 46
73 50
73 21
73 22
73 62
73 31
74 16
74 34
74 8
74 41
74 10
74 45
74 77
74 47
74 80
74 40
74 18
74 84
74 85
74 87
74 57
74 26
74 59
74 60
74 63
77 1
77 34
77 37
77 40
77 9
77 85
77 87
77 57
77 60
77 63
78 86
78 28
78 21
78 30
78 55
80 3
80 4
80 8
80 10
80 11
80 16
80 18
80 24
80 26
80 35
80 41
80 43
80 45
80 47
80 48
80 53
80 59
80 60
80 63
80 66
80 71
80 72
80 73
80 74
80 78
80 79
80 84
81 2
81 76
81 12
81 13
81 46
81 17
81 50
81 22
81 62
81 31
82 76
82 46
82 50
82 21
82 22
82 62
82 31
83 30
83 55
85 1
85 67
85 37
85 6
85 40
85 9
85 87
85 44
85 77
85 25
85 23
85 57
85 27
86 16
86 34
86 8
86 41
86 10
86 45
86 77
86 47
86 80
86 40
86 18
86 84
86 85
86 87
86 57
86 26
86 59
86 60
86 63
88 50
88 21
88 86
88 55
88 28
88 30
