88
1 64
1 2
1 8
1 73
1 44
1 78
1 56
2 64
2 35
2 8
2 73
2 44
2 78
2 56
3 51
3 12
3 38
4 20
4 37
5 32
5 65
5 68
5 69
5 6
5 7
5 72
5 10
5 13
5 45
5 48
5 22
5 23
5 25
5 74
6 1
7 64
7 35
7 69
7 6
7 72
7 10
7 45
7 48
7 23
7 56
8 32
8 65
8 68
8 69
8 6
8 7
8 72
8 10
8 13
8 45
8 48
8 22
8 23
8 25
8 74
9 33
9 75
9 11
9 76
9 46
9 47
9 81
9 53
9 87
9 24
9 55
9 28
9 61
10 3
10 39
10 41
10 11
10 76
10 28
10 47
10 49
10 21
10 55
10 24
10 71
10 60
10 61
10 30
11 64
11 35
11 7
11 8
11 73
11 44
11 78
11 23
11 56
12 34
12 59
12 20
12 66
12 62
13 64
13 35
13 7
13 8
13 73
13 44
13 78
13 23
13 56
14 3
14 5
14 13
14 18
14 21
14 26
14 30
14 31
14 32
14 36
14 39
14 40
14 41
14 42
14 47
14 49
14 50
14 52
14 57
14 58
14 60
14 65
14 71
14 77
14 80
15 75
15 49
15 39
15 41
15 11
15 76
15 47
15 81
15 3
15 21
15 55
15 24
15 28
15 61
15 30
15 53
17 59
17 70
17 43
17 85
17 54
17 88
17 27
19 3
19 5
19 13
19 14
19 18
19 22
19 25
19 26
19 30
19 31
19 32
19 36
19 40
19 42
19 50
19 52
19 57
19 58
19 60
19 65
19 68
19 71
19 74
19 77
19 80
20 3
20 5
20 14
20 18
20 21
20 26
20 28
20 30
20 31
20 36
20 39
20 40
20 41
20 42
20 47
20 49
20 50
20 52
20 57
20 58
20 60
20 71
20 77
20 80
21 12
21 51
21 84
21 29
21 38
22 1
22 4
23 33
23 67
23 9
23 11
23 76
23 46
23 79
23 81
23 75
23 19
23 53
23 87
23 24
23 55
23 61
23 63
24 67
24 70
24 9
24 43
24 79
24 17
24 54
24 88
24 27
24 63
25 75
25 49
25 39
25 41
25 11
25 76
25 47
25 81
25 21
25 87
25 24
25 55
25 28
25 61
25 53
27 5
27 13
27 14
27 18
27 22
27 25
27 26
27 31
27 32
27 36
27 40
27 42
27 50
27 52
27 57
27 58
27 60
27 65
27 68
27 71
27 74
27 77
27 80
28 34
28 70
28 43
28 66
28 17
28 85
28 54
28 88
28 59
29 3
29 5
29 14
29 18
29 21
29 26
29 28
29 30
29 31
29 36
29 39
29 40
29 41
29 42
29 47
29 49
29 50
29 52
29 57
29 58
29 60
29 71
29 77
29 80
30 35
30 68
30 69
30 6
30 7
30 72
30 10
30 45
30 48
30 23
30 25
30 74
31 83
32 12
32 51
32 84
32 38
33 64
33 2
33 8
33 73
33 44
33 78
33 83
33 56
34 75
34 49
34 39
34 41
34 11
34 76
34 47
34 81
34 21
34 87
34 24
34 55
34 28
34 61
34 53
35 2
35 83
36 4
36 29
37 64
37 2
37 8
37 73
37 44
37 78
37 83
37 56
38 32
38 65
38 50
38 36
38 69
38 6
38 40
38 10
38 13
38 45
38 48
38 72
38 18
38 42
38 22
38 25
38 68
38 26
38 74
38 31
39 64
39 2
39 35
39 8
39 73
39 44
39 78
39 56
40 32
40 65
40 35
40 68
40 69
40 6
40 7
40 72
40 10
40 13
40 45
40 48
40 22
40 23
40 25
40 74
42 35
42 68
42 69
42 6
42 7
42 72
42 10
42 45
42 48
42 23
42 25
42 74
43 64
43 2
43 8
43 73
43 44
43 78
43 83
43 56
44 32
44 65
44 36
44 69
44 6
44 7
44 40
44 10
44 13
44 45
44 48
44 72
44 50
44 25
44 22
44 23
44 68
44 26
44 74
45 33
45 67
45 9
45 11
45 76
45 46
45 79
45 81
45 75
45 19
45 53
45 87
45 24
45 55
45 61
45 63
46 32
46 65
46 74
46 36
46 69
46 6
46 7
46 40
46 10
46 13
46 45
46 48
46 72
46 50
46 25
46 22
46 23
46 68
46 26
46 42
47 2
47 83
48 2
48 83
49 35
49 68
49 69
49 6
49 7
49 72
49 10
49 45
49 48
49 22
49 23
49 25
49 74
50 83
51 34
51 43
51 66
51 17
51 85
51 54
51 88
51 59
52 12
52 38
53 51
53 12
53 38
54 64
54 2
54 8
54 73
54 44
54 78
54 83
54 56
55 64
55 35
55 69
55 6
55 7
55 10
55 45
55 78
55 48
55 23
55 56
56 3
56 5
56 13
56 14
56 18
56 22
56 26
56 30
56 31
56 32
56 36
56 40
56 42
56 50
56 52
56 57
56 58
56 60
56 65
56 71
56 77
56 80
57 33
57 67
57 9
57 11
57 76
57 46
57 79
57 81
57 75
57 19
57 53
57 87
57 24
57 61
57 63
58 33
58 67
58 9
58 75
58 46
58 79
58 81
58 19
58 53
58 87
58 27
58 61
58 63
59 83
60 5
60 13
60 14
60 18
60 22
60 25
60 26
60 31
60 32
60 36
60 40
60 42
60 50
60 52
60 57
60 58
60 65
60 68
60 71
60 74
60 77
60 80
61 3
61 5
61 14
61 18
61 21
61 26
61 28
61 30
61 31
61 36
61 39
61 40
61 41
61 42
61 47
61 49
61 50
61 52
61 57
61 58
61 60
61 71
61 77
61 80
62 33
62 67
62 70
62 9
62 46
62 79
62 17
62 19
62 88
62 27
62 63
63 3
63 39
63 41
63 11
63 76
63 28
63 47
63 80
63 49
63 52
63 21
63 55
63 24
63 71
63 60
63 61
63 30
64 12
64 51
64 84
64 38
65 8
65 73
65 2
65 83
65 44
66 33
66 67
66 70
66 9
66 75
66 46
66 79
66 81
66 19
66 53
66 87
66 27
66 63
67 64
67 2
67 8
67 73
67 44
67 78
67 83
67 56
68 12
68 51
68 84
68 38
69 34
69 70
69 43
69 66
69 17
69 85
69 54
69 88
69 59
70 33
70 67
70 9
70 75
70 46
70 79
70 81
70 19
70 53
70 87
70 27
70 63
71 3
71 5
71 13
71 14
71 18
71 21
71 26
71 30
71 31
71 32
71 36
71 39
71 40
71 41
71 42
71 49
71 50
71 52
71 57
71 58
71 60
71 65
71 77
71 80
72 3
72 5
72 13
72 14
72 18
72 21
72 26
72 30
72 31
72 32
72 36
72 39
72 40
72 41
72 42
72 47
72 49
72 50
72 52
72 57
72 58
72 60
72 65
72 71
72 77
72 80
73 5
73 13
73 14
73 18
73 22
73 25
73 26
73 31
73 32
73 36
73 40
73 42
73 50
73 52
73 57
73 58
73 60
73 65
73 68
73 72
73 74
73 77
73 80
74 33
74 75
74 11
74 76
74 46
74 47
74 81
74 53
74 87
74 24
74 55
74 28
74 61
75 33
75 39
75 11
75 76
75 46
75 47
75 81
75 53
75 87
75 24
75 55
75 28
75 61
77 75
77 49
77 39
77 41
77 11
77 76
77 47
77 81
77 3
77 21
77 55
77 24
77 28
77 61
77 30
77 53
78 3
78 39
78 41
78 11
78 76
78 47
78 49
78 21
78 55
78 24
78 71
78 28
78 61
78 30
80 3
80 39
80 41
80 11
80 76
80 47
80 49
80 21
80 55
80 24
80 71
80 28
80 61
80 30
83 32
83 65
83 36
83 69
83 6
83 7
83 40
83 10
83 13
83 45
83 48
83 72
83 50
83 25
83 22
83 23
83 68
83 26
83 74
84 83
85 12
85 38
86 83
87 83
