88
1 64
1 24
1 27
1 37
1 29
2 64
2 1
2 27
2 29
2 24
3 64
3 1
3 2
3 66
3 37
3 7
3 45
3 47
3 83
3 24
3 27
4 29
6 1
6 2
6 43
6 37
6 65
6 7
6 10
6 39
6 66
6 45
6 27
6 24
6 83
6 23
6 88
6 47
6 63
7 2
7 3
7 6
7 9
7 10
7 11
7 14
7 23
7 31
7 32
7 35
7 38
7 39
7 43
7 44
7 45
7 49
7 51
7 59
7 60
7 61
7 63
7 65
7 66
7 69
7 74
7 77
7 83
7 84
7 86
7 88
9 64
9 29
10 64
10 1
10 2
10 37
10 7
10 45
10 47
10 83
10 24
10 27
10 29
11 2
11 6
11 7
11 9
11 10
11 23
11 31
11 32
11 37
11 38
11 39
11 43
11 45
11 47
11 51
11 60
11 63
11 65
11 66
11 69
11 77
11 83
11 84
11 88
12 85
14 2
14 3
14 6
14 7
14 9
14 10
14 11
14 23
14 31
14 32
14 35
14 38
14 39
14 43
14 44
14 45
14 47
14 51
14 59
14 60
14 61
14 63
14 65
14 66
14 69
14 74
14 77
14 83
14 84
14 88
15 64
15 1
15 37
15 24
15 27
15 29
17 85
18 85
21 64
21 1
21 2
21 37
21 7
21 47
21 24
21 27
21 29
22 1
22 2
22 43
22 37
22 65
22 10
22 7
22 66
22 45
22 27
22 24
22 83
22 23
22 88
22 47
22 63
23 64
23 1
23 37
23 7
23 47
23 24
23 27
23 29
24 2
24 3
24 6
24 7
24 9
24 10
24 11
24 14
24 23
24 31
24 32
24 35
24 38
24 39
24 43
24 44
24 45
24 47
24 51
24 59
24 60
24 61
24 63
24 65
24 66
24 69
24 74
24 77
24 83
24 84
24 88
25 29
26 64
26 29
27 64
27 29
28 64
28 1
28 2
28 37
28 7
28 45
28 47
28 83
28 24
28 27
29 85
30 1
30 2
30 27
30 37
30 7
30 10
30 66
30 45
30 24
30 83
30 88
30 47
30 63
31 85
32 64
32 1
32 2
32 37
32 7
32 45
32 47
32 83
32 24
32 27
32 29
33 64
33 1
33 27
33 29
33 24
34 64
34 29
35 64
35 1
35 37
35 7
35 47
35 24
35 27
35 29
36 64
36 29
37 1
37 2
37 43
37 6
37 65
37 10
37 7
37 66
37 45
37 27
37 24
37 83
37 23
37 88
37 39
37 47
37 63
38 64
38 1
38 27
38 29
40 64
40 1
40 27
40 29
41 85
42 64
42 1
42 2
42 37
42 7
42 47
42 24
42 27
42 29
43 64
43 1
43 27
43 29
43 24
44 64
44 1
44 27
44 29
45 2
45 3
45 6
45 7
45 9
45 10
45 11
45 14
45 23
45 31
45 32
45 35
45 38
45 39
45 43
45 44
45 47
45 51
45 59
45 60
45 61
45 63
45 65
45 66
45 69
45 74
45 77
45 83
45 84
45 88
46 1
46 2
46 27
46 37
46 7
46 10
46 66
46 45
46 83
46 24
46 47
47 1
47 2
47 37
47 6
47 7
47 63
47 10
47 43
47 66
47 45
47 24
47 83
47 23
47 88
47 27
47 65
48 64
48 1
48 37
48 24
48 27
48 29
49 85
50 85
51 2
51 6
51 7
51 9
51 10
51 11
51 23
51 31
51 32
51 37
51 38
51 39
51 43
51 44
51 45
51 47
51 60
51 63
51 65
51 66
51 69
51 77
51 83
51 84
51 88
53 2
53 6
53 7
53 9
53 10
53 11
53 14
53 23
53 31
53 32
53 35
53 38
53 39
53 43
53 44
53 45
53 47
53 51
53 59
53 60
53 61
53 63
53 65
53 66
53 69
53 74
53 77
53 83
53 84
53 88
54 64
54 1
54 2
54 37
54 7
54 47
54 24
54 27
54 29
55 64
55 29
56 64
56 1
56 2
56 37
56 7
56 45
56 47
56 83
56 24
56 27
56 29
57 64
57 1
57 2
57 37
57 7
57 45
57 47
57 83
57 24
57 27
57 29
58 2
58 6
58 7
58 9
58 10
58 11
58 23
58 31
58 32
58 37
58 38
58 39
58 43
58 44
58 45
58 47
58 51
58 60
58 63
58 65
58 66
58 69
58 77
58 83
58 84
58 88
59 1
59 2
59 66
59 37
59 7
59 45
59 47
59 83
59 24
59 27
60 17
60 5
60 70
60 71
60 40
60 41
60 42
60 76
60 82
60 46
60 72
60 50
60 52
60 21
60 55
60 56
60 57
60 25
60 28
60 26
60 30
61 2
61 3
61 6
61 9
61 10
61 11
61 14
61 23
61 31
61 32
61 35
61 38
61 39
61 43
61 44
61 45
61 51
61 59
61 60
61 63
61 65
61 66
61 69
61 74
61 77
61 83
61 84
61 86
61 88
62 85
63 64
63 29
64 3
64 4
64 6
64 9
64 11
64 14
64 22
64 23
64 31
64 32
64 33
64 35
64 36
64 38
64 39
64 43
64 44
64 49
64 51
64 54
64 59
64 60
64 61
64 63
64 65
64 69
64 74
64 75
64 77
64 84
64 86
64 88
65 3
65 4
65 9
65 11
65 14
65 15
65 18
65 22
65 31
65 32
65 33
65 34
65 35
65 36
65 38
65 44
65 48
65 49
65 51
65 54
65 58
65 59
65 60
65 61
65 62
65 67
65 69
65 73
65 74
65 75
65 77
65 78
65 79
65 80
65 84
65 86
65 87
66 1
66 2
66 43
66 37
66 6
66 65
66 10
66 7
66 45
66 47
66 24
66 83
66 23
66 88
66 39
66 27
66 63
67 85
68 64
68 29
69 64
69 1
69 27
69 29
70 1
70 2
70 27
70 37
70 6
70 7
70 63
70 10
70 43
70 66
70 45
70 24
70 83
70 23
70 88
70 39
70 47
70 65
71 85
72 64
72 1
72 27
72 29
72 24
73 64
73 1
73 27
73 29
74 64
74 1
74 27
74 29
74 24
75 64
75 29
76 64
76 1
76 2
76 37
76 7
76 47
76 24
76 27
76 29
77 64
77 1
77 37
77 24
77 27
77 29
78 29
79 1
79 2
79 27
79 37
79 7
79 10
79 66
79 45
79 83
79 24
79 47
79 63
80 85
82 64
82 27
82 29
83 2
83 6
83 7
83 10
83 11
83 23
83 24
83 32
83 37
83 39
83 43
83 45
83 47
83 51
83 60
83 63
83 65
83 66
83 69
83 77
83 84
83 88
84 3
84 4
84 9
84 11
84 14
84 15
84 18
84 22
84 31
84 32
84 33
84 34
84 35
84 36
84 38
84 44
84 48
84 49
84 51
84 54
84 56
84 58
84 59
84 60
84 61
84 62
84 67
84 68
84 69
84 73
84 74
84 75
84 76
84 77
84 78
84 79
84 80
84 86
84 87
85 4
85 15
85 17
85 18
85 22
85 28
85 30
85 33
85 34
85 36
85 40
85 41
85 42
85 46
85 48
85 49
85 50
85 52
85 54
85 55
85 56
85 57
85 58
85 62
85 67
85 68
85 70
85 72
85 73
85 75
85 76
85 78
85 79
85 80
85 82
85 87
86 3
86 4
86 6
86 9
86 11
86 14
86 15
86 22
86 23
86 31
86 32
86 33
86 35
86 36
86 38
86 39
86 43
86 44
86 48
86 49
86 51
86 54
86 59
86 60
86 61
86 65
86 69
86 74
86 75
86 77
86 79
86 84
87 64
87 1
87 37
87 24
87 27
87 29
88 3
88 4
88 6
88 9
88 11
88 14
88 22
88 23
88 31
88 32
88 33
88 35
88 36
88 38
88 39
88 43
88 44
88 49
88 51
88 54
88 59
88 60
88 61
88 63
88 65
88 69
88 74
88 75
88 77
88 84
88 86
