88
2 38
3 70
3 74
3 76
3 77
3 79
3 82
3 56
3 26
3 63
3 28
3 62
3 31
5 66
5 37
5 7
5 8
5 15
5 48
5 49
5 83
5 84
5 24
10 32
10 3
10 70
10 40
10 9
10 76
10 77
10 31
10 44
10 82
10 20
10 56
10 26
10 79
10 28
10 62
10 63
11 19
11 32
11 3
11 70
11 40
11 9
11 44
11 77
11 47
11 35
11 20
11 23
11 26
11 31
11 63
12 32
12 66
12 35
12 37
12 70
12 8
12 9
12 44
12 77
12 47
12 48
12 40
12 19
12 20
12 23
12 24
12 26
12 31
13 19
13 32
13 3
13 37
13 70
13 40
13 9
13 44
13 77
13 47
13 35
13 20
13 23
13 24
13 26
13 31
13 63
14 67
14 6
14 74
14 76
14 58
14 28
14 61
16 19
16 66
16 35
16 37
16 8
16 15
16 48
16 83
16 23
16 24
16 47
17 67
17 6
17 74
17 76
17 79
17 82
17 3
17 56
17 58
17 28
17 62
17 63
18 38
18 7
18 15
18 49
18 83
18 84
19 67
19 6
19 74
19 76
19 82
19 56
19 58
19 28
19 61
19 62
21 3
21 70
21 74
21 76
21 77
21 79
21 82
21 56
21 63
21 28
21 62
21 31
22 66
22 37
22 8
22 15
22 48
22 83
22 23
22 24
23 19
23 32
23 3
23 70
23 40
23 9
23 44
23 77
23 47
23 35
23 20
23 26
23 31
23 63
25 19
25 32
25 3
25 37
25 70
25 40
25 9
25 44
25 77
25 47
25 35
25 20
25 23
25 24
25 26
25 31
26 67
26 6
26 74
26 76
26 79
26 82
26 56
26 58
26 28
26 61
26 62
27 32
27 3
27 70
27 40
27 9
27 74
27 76
27 77
27 31
27 44
27 82
27 20
27 56
27 26
27 79
27 28
27 62
27 63
28 58
28 67
28 74
28 61
28 6
29 38
30 32
30 66
30 35
30 37
30 70
30 8
30 9
30 44
30 77
30 47
30 48
30 40
30 19
30 20
30 23
30 24
30 26
30 31
31 3
31 70
31 74
31 76
31 77
31 79
31 82
31 20
31 56
31 26
31 28
31 62
31 63
32 3
32 70
32 40
32 9
32 76
32 77
32 31
32 44
32 82
32 20
32 56
32 26
32 79
32 28
32 62
32 63
33 67
33 74
33 76
33 77
33 79
33 82
33 3
33 56
33 58
33 31
33 28
33 62
33 63
34 32
34 66
34 35
34 37
34 70
34 8
34 9
34 44
34 77
34 47
34 48
34 40
34 19
34 20
34 23
34 24
34 26
34 31
36 32
36 3
36 70
36 40
36 9
36 76
36 77
36 31
36 44
36 82
36 20
36 56
36 26
36 79
36 28
36 62
36 63
37 67
37 6
37 74
37 76
37 79
37 82
37 3
37 56
37 58
37 28
37 62
37 63
38 19
38 32
38 66
38 3
38 37
38 70
38 8
38 9
38 44
38 77
38 47
38 48
38 40
38 35
38 20
38 23
38 24
38 26
38 31
39 67
39 74
39 76
39 77
39 79
39 82
39 3
39 56
39 58
39 31
39 28
39 62
39 63
40 67
40 6
40 74
40 76
40 56
40 58
40 28
40 61
41 3
41 70
41 74
41 76
41 77
41 79
41 82
41 20
41 56
41 26
41 31
41 28
41 62
41 63
42 19
42 32
42 3
42 70
42 40
42 9
42 44
42 77
42 31
42 47
42 35
42 20
42 23
42 26
42 79
42 63
43 32
43 3
43 70
43 40
43 9
43 74
43 76
43 77
43 31
43 44
43 82
43 20
43 56
43 26
43 79
43 28
43 62
43 63
45 66
45 37
45 7
45 8
45 15
45 48
45 49
45 83
45 84
45 24
46 19
46 32
46 3
46 70
46 40
46 9
46 44
46 77
46 47
46 35
46 20
46 23
46 26
46 31
46 63
47 67
47 6
47 74
47 76
47 79
47 82
47 56
47 58
47 28
47 61
47 62
48 67
48 6
48 74
48 76
48 58
48 28
48 61
49 66
49 38
49 7
49 8
49 15
49 48
49 83
49 84
52 3
52 70
52 74
52 76
52 77
52 79
52 82
52 56
52 63
52 28
52 62
52 31
53 67
53 6
53 74
53 76
53 79
53 82
53 3
53 56
53 58
53 28
53 62
53 63
54 67
54 6
54 74
54 76
54 79
54 82
54 56
54 58
54 28
54 61
54 62
55 3
55 70
55 74
55 76
55 77
55 79
55 82
55 56
55 63
55 28
55 62
55 31
57 3
57 70
57 74
57 76
57 77
57 79
57 82
57 56
57 63
57 28
57 62
57 31
58 67
58 6
58 74
58 76
58 82
58 56
58 28
58 61
58 62
59 32
59 3
59 70
59 40
59 9
59 74
59 76
59 77
59 31
59 44
59 82
59 20
59 56
59 26
59 79
59 28
59 62
59 63
60 67
60 6
60 74
60 76
60 58
60 28
60 61
63 3
63 70
63 74
63 76
63 77
63 79
63 82
63 56
63 28
63 62
63 31
64 32
64 66
64 35
64 37
64 70
64 8
64 9
64 44
64 47
64 48
64 40
64 19
64 20
64 23
64 24
64 26
65 32
65 66
65 35
65 37
65 70
65 8
65 9
65 44
65 77
65 47
65 48
65 40
65 19
65 20
65 23
65 24
65 26
65 31
67 58
67 74
67 28
67 61
67 6
68 67
68 74
68 76
68 79
68 82
68 3
68 56
68 58
68 28
68 62
68 63
69 32
69 3
69 70
69 40
69 9
69 76
69 77
69 31
69 44
69 82
69 20
69 56
69 26
69 79
69 28
69 62
69 63
70 67
70 6
70 74
70 58
70 28
70 61
71 3
71 70
71 74
71 76
71 77
71 79
71 82
71 56
71 63
71 28
71 62
71 31
72 32
72 3
72 70
72 40
72 9
72 74
72 76
72 77
72 31
72 44
72 82
72 20
72 56
72 26
72 79
72 28
72 62
72 63
73 67
73 74
73 76
73 77
73 79
73 82
73 3
73 56
73 58
73 31
73 28
73 62
73 63
74 67
74 6
74 76
74 79
74 82
74 56
74 58
74 28
74 61
74 62
75 3
75 70
75 74
75 76
75 77
75 79
75 82
75 56
75 63
75 28
75 62
75 31
76 67
76 6
76 74
76 79
76 82
76 56
76 58
76 28
76 61
76 62
77 67
77 6
77 74
77 76
77 79
77 82
77 56
77 58
77 28
77 61
77 62
78 19
78 32
78 3
78 70
78 40
78 9
78 44
78 77
78 31
78 47
78 82
78 35
78 20
78 23
78 56
78 26
78 79
78 62
78 63
79 67
79 6
79 74
79 76
79 82
79 56
79 58
79 28
79 61
79 62
80 67
80 6
80 74
80 76
80 79
80 82
80 56
80 58
80 28
80 61
80 62
80 63
81 3
81 70
81 74
81 76
81 77
81 79
81 82
81 20
81 56
81 26
81 31
81 28
81 62
81 63
82 67
82 6
82 74
82 76
82 79
82 56
82 58
82 28
82 61
82 62
83 67
83 74
83 76
83 77
83 79
83 82
83 3
83 56
83 58
83 31
83 28
83 62
83 63
84 19
84 32
84 3
84 37
84 70
84 40
84 9
84 44
84 77
84 47
84 35
84 20
84 23
84 24
84 26
84 31
85 19
85 32
85 66
85 35
85 37
85 8
85 9
85 44
85 15
85 48
85 40
85 83
85 20
85 23
85 24
85 26
85 47
86 49
86 84
86 38
86 7
87 32
87 3
87 70
87 40
87 9
87 74
87 76
87 77
87 31
87 44
87 82
87 20
87 56
87 26
87 79
87 28
87 62
87 63
88 32
88 66
88 35
88 37
88 70
88 8
88 9
88 44
88 15
88 48
88 40
88 19
88 20
88 23
88 24
88 26
88 47
