88
1 3
1 6
1 9
1 13
1 16
1 19
1 21
1 22
1 25
1 27
1 29
1 32
1 33
1 34
1 35
1 36
1 39
1 40
1 42
1 44
1 45
1 47
1 48
1 53
1 54
1 57
1 58
1 61
1 66
1 67
1 72
1 73
1 74
1 75
1 77
1 79
1 80
1 83
2 3
2 6
2 9
2 13
2 16
2 19
2 21
2 22
2 25
2 27
2 29
2 32
2 33
2 34
2 35
2 36
2 39
2 40
2 42
2 43
2 44
2 45
2 47
2 48
2 53
2 54
2 57
2 58
2 61
2 67
2 72
2 73
2 74
2 75
2 77
2 79
2 80
2 83
3 9
3 14
3 19
3 22
3 27
3 29
3 30
3 32
3 34
3 35
3 36
3 39
3 43
3 44
3 45
3 48
3 49
3 51
3 54
3 57
3 72
3 75
3 77
3 83
4 6
4 7
4 13
4 16
4 21
4 24
4 25
4 28
4 33
4 41
4 46
4 52
4 53
4 58
4 61
4 62
4 64
4 65
4 66
4 67
4 68
4 69
4 70
4 71
4 74
4 76
4 79
4 80
4 84
4 87
5 6
5 13
5 16
5 19
5 21
5 25
5 29
5 33
5 34
5 36
5 39
5 40
5 41
5 42
5 46
5 47
5 53
5 58
5 61
5 62
5 64
5 65
5 66
5 67
5 68
5 69
5 71
5 72
5 73
5 74
5 75
5 79
5 80
5 84
5 87
7 32
7 9
7 43
7 45
7 14
7 49
7 51
7 55
7 60
7 30
10 3
10 6
10 9
10 13
10 16
10 19
10 21
10 22
10 25
10 27
10 29
10 32
10 33
10 34
10 35
10 36
10 39
10 40
10 42
10 44
10 45
10 47
10 48
10 53
10 54
10 57
10 58
10 61
10 67
10 72
10 73
10 74
10 75
10 77
10 79
10 80
10 83
11 32
11 9
11 43
11 45
11 14
11 49
11 51
11 55
11 60
11 30
12 3
12 9
12 14
12 16
12 19
12 22
12 25
12 27
12 29
12 30
12 32
12 34
12 35
12 36
12 39
12 40
12 42
12 43
12 44
12 45
12 47
12 48
12 49
12 51
12 54
12 57
12 58
12 61
12 72
12 73
12 74
12 75
12 77
12 83
14 32
14 9
14 43
14 45
14 49
14 51
14 55
14 60
14 30
15 3
15 6
15 13
15 16
15 19
15 21
15 22
15 25
15 27
15 29
15 32
15 33
15 34
15 35
15 36
15 39
15 40
15 42
15 44
15 45
15 46
15 47
15 48
15 53
15 54
15 57
15 58
15 61
15 66
15 67
15 68
15 71
15 72
15 73
15 74
15 75
15 77
15 79
15 80
15 83
15 87
17 6
17 13
17 16
17 19
17 21
17 25
17 29
17 33
17 34
17 35
17 36
17 39
17 40
17 42
17 46
17 47
17 48
17 53
17 54
17 57
17 58
17 61
17 62
17 65
17 66
17 67
17 68
17 71
17 72
17 73
17 74
17 75
17 79
17 80
17 83
17 84
17 87
18 85
18 78
20 32
20 9
20 43
20 45
20 14
20 49
20 51
20 55
20 60
20 30
23 3
23 9
23 14
23 16
23 19
23 22
23 25
23 27
23 29
23 30
23 32
23 34
23 35
23 36
23 39
23 40
23 42
23 43
23 44
23 45
23 47
23 48
23 49
23 51
23 54
23 57
23 58
23 61
23 72
23 73
23 74
23 75
23 77
23 83
24 3
24 9
24 14
24 16
24 19
24 22
24 25
24 27
24 29
24 30
24 32
24 33
24 34
24 35
24 36
24 39
24 40
24 42
24 43
24 44
24 45
24 47
24 48
24 49
24 51
24 54
24 57
24 58
24 61
24 67
24 72
24 73
24 74
24 75
24 77
24 79
24 83
31 3
31 6
31 9
31 13
31 16
31 19
31 21
31 22
31 25
31 27
31 29
31 30
31 32
31 33
31 34
31 35
31 36
31 39
31 40
31 42
31 43
31 44
31 45
31 47
31 48
31 49
31 53
31 54
31 57
31 58
31 61
31 67
31 72
31 73
31 74
31 75
31 77
31 79
31 83
32 3
32 9
32 14
32 19
32 22
32 25
32 27
32 29
32 30
32 34
32 35
32 36
32 39
32 40
32 42
32 43
32 44
32 45
32 47
32 48
32 49
32 51
32 54
32 57
32 61
32 72
32 73
32 75
32 77
32 83
33 3
33 51
33 35
33 54
33 32
33 9
33 43
33 44
33 77
33 14
33 45
33 48
33 49
33 75
33 83
33 22
33 55
33 57
33 27
33 29
33 30
36 3
36 51
36 35
36 32
36 9
36 43
36 44
36 77
36 14
36 45
36 49
36 83
36 22
36 55
36 27
36 30
38 3
38 51
38 35
38 54
38 32
38 9
38 43
38 44
38 77
38 14
38 45
38 48
38 49
38 75
38 83
38 22
38 55
38 57
38 27
38 30
39 3
39 6
39 9
39 13
39 16
39 19
39 21
39 22
39 25
39 27
39 29
39 32
39 33
39 34
39 35
39 36
39 40
39 42
39 44
39 45
39 47
39 48
39 53
39 54
39 57
39 58
39 61
39 67
39 72
39 73
39 74
39 75
39 77
39 79
39 80
39 83
43 32
43 9
43 45
43 14
43 49
43 51
43 55
43 60
43 30
50 3
50 6
50 9
50 13
50 14
50 16
50 19
50 22
50 25
50 27
50 29
50 30
50 32
50 33
50 34
50 35
50 36
50 39
50 40
50 42
50 43
50 44
50 45
50 47
50 48
50 49
50 51
50 54
50 57
50 58
50 61
50 67
50 72
50 73
50 74
50 75
50 77
50 79
50 83
53 32
53 51
53 35
53 9
53 43
53 44
53 77
53 14
53 45
53 49
53 3
53 22
53 55
53 27
53 30
58 3
58 51
58 35
58 54
58 32
58 9
58 43
58 44
58 77
58 14
58 45
58 48
58 49
58 75
58 83
58 22
58 55
58 57
58 27
58 29
58 30
59 3
59 9
59 14
59 19
59 22
59 27
59 29
59 30
59 32
59 34
59 35
59 36
59 39
59 40
59 42
59 43
59 44
59 45
59 47
59 48
59 49
59 51
59 54
59 57
59 72
59 73
59 75
59 77
59 83
64 3
64 6
64 13
64 16
64 19
64 21
64 22
64 25
64 27
64 29
64 32
64 33
64 34
64 35
64 36
64 39
64 40
64 42
64 44
64 46
64 47
64 48
64 53
64 54
64 57
64 58
64 61
64 66
64 67
64 68
64 71
64 72
64 73
64 74
64 75
64 77
64 79
64 80
64 83
64 87
77 3
77 9
77 14
77 19
77 22
77 27
77 29
77 30
77 32
77 35
77 43
77 44
77 45
77 48
77 49
77 51
77 54
77 55
77 57
77 72
77 75
77 83
81 6
81 7
81 13
81 16
81 21
81 24
81 25
81 33
81 36
81 40
81 41
81 42
81 46
81 47
81 52
81 53
81 58
81 61
81 62
81 64
81 65
81 66
81 67
81 68
81 69
81 70
81 71
81 73
81 74
81 79
81 80
81 84
81 87
82 6
82 7
82 13
82 21
82 24
82 28
82 33
82 41
82 46
82 52
82 53
82 62
82 63
82 64
82 65
82 66
82 67
82 68
82 69
82 70
82 71
82 76
82 79
82 80
82 84
82 87
85 3
85 9
85 14
85 19
85 22
85 27
85 29
85 30
85 32
85 34
85 35
85 43
85 44
85 45
85 48
85 49
85 51
85 54
85 55
85 57
85 72
85 75
85 77
85 83
88 6
88 13
88 16
88 19
88 21
88 25
88 33
88 34
88 36
88 39
88 40
88 41
88 42
88 46
88 47
88 52
88 53
88 58
88 61
88 62
88 64
88 65
88 66
88 67
88 68
88 69
88 71
88 72
88 73
88 74
88 79
88 80
88 84
88 87
