88
1 36
1 49
1 39
1 41
1 43
1 29
1 81
1 57
1 23
1 4
1 61
2 33
2 5
2 70
2 39
2 40
2 42
2 43
2 76
2 47
2 8
2 83
2 53
2 23
2 49
2 79
2 65
3 66
3 68
3 69
3 38
3 7
3 73
3 44
3 77
3 46
3 45
3 48
3 25
3 26
4 6
4 10
4 12
4 13
4 14
4 30
4 31
4 34
4 35
4 37
4 51
4 55
4 56
4 60
4 62
4 63
4 64
4 67
4 71
4 72
4 74
4 78
4 85
4 87
5 66
5 3
5 68
5 69
5 38
5 7
5 73
5 77
5 46
5 45
5 48
5 25
5 26
6 65
6 36
6 5
6 70
6 39
6 8
6 43
6 47
6 81
6 83
6 57
6 40
6 23
6 4
6 49
6 61
7 32
7 17
7 2
7 75
8 17
8 18
9 32
9 17
9 2
9 75
10 32
10 17
10 2
10 75
11 18
11 28
12 18
12 28
14 65
14 5
14 70
14 39
14 40
14 43
14 76
14 47
14 8
14 83
14 53
14 23
14 57
14 49
15 84
16 1
16 36
16 41
16 29
16 81
16 50
16 57
16 4
16 61
17 51
17 34
17 67
17 72
17 11
17 13
17 14
17 35
17 78
17 55
17 88
17 31
17 85
17 21
18 1
18 36
18 49
18 39
18 41
18 43
18 29
18 81
18 57
18 23
18 4
18 61
19 6
19 10
19 12
19 14
19 30
19 31
19 34
19 35
19 37
19 51
19 55
19 56
19 60
19 62
19 63
19 64
19 71
19 72
19 74
19 78
19 85
19 87
20 4
20 5
20 70
20 39
20 43
20 29
20 81
20 83
20 57
20 23
20 36
20 49
20 61
21 32
21 2
21 75
21 17
21 50
21 27
22 1
22 36
22 41
22 29
22 81
22 50
22 57
22 4
22 27
22 61
23 9
23 52
23 54
23 20
24 65
24 5
24 70
24 39
24 40
24 43
24 76
24 47
24 8
24 83
24 53
24 23
24 57
24 49
25 24
25 9
25 58
25 52
25 82
26 9
26 59
26 52
26 54
26 20
27 9
27 11
27 82
27 52
27 24
27 58
28 64
28 66
28 68
28 6
28 7
28 10
28 71
28 12
28 45
28 30
28 87
28 56
28 25
28 26
28 60
28 74
28 62
28 63
29 32
29 2
29 75
29 17
29 50
29 27
32 41
32 50
32 27
33 65
33 5
33 70
33 39
33 40
33 42
33 43
33 76
33 47
33 8
33 83
33 53
33 23
33 49
34 33
34 3
34 69
34 38
34 73
34 42
34 44
34 77
34 46
34 79
34 48
34 53
35 75
35 17
35 2
35 27
35 32
36 1
36 4
36 41
36 29
36 81
36 50
36 57
36 61
37 1
37 36
37 41
37 29
37 81
37 50
37 57
37 4
37 61
38 33
38 5
38 70
38 65
38 40
38 44
38 42
38 76
38 47
38 8
38 83
38 53
38 79
39 64
39 66
39 37
39 6
39 71
39 10
39 12
39 45
39 14
39 30
39 87
39 56
39 31
39 60
39 74
39 62
39 63
40 1
40 50
40 27
40 29
40 41
41 51
41 34
41 35
41 72
41 11
41 13
41 78
41 24
41 67
41 21
41 55
41 88
41 31
41 85
42 64
42 66
42 68
42 6
42 7
42 10
42 71
42 12
42 45
42 30
42 87
42 56
42 25
42 26
42 60
42 74
42 62
42 63
43 33
43 5
43 70
43 39
43 40
43 42
43 76
43 47
43 8
43 83
43 53
43 23
43 49
43 65
44 32
44 41
44 50
44 27
45 66
45 3
45 68
45 69
45 38
45 7
45 73
45 77
45 46
45 48
45 25
45 26
46 1
46 36
46 49
46 39
46 41
46 43
46 29
46 81
46 57
46 23
46 4
46 61
47 33
47 5
47 70
47 39
47 40
47 42
47 76
47 79
47 8
47 83
47 53
47 49
47 65
48 1
48 36
48 41
48 29
48 81
48 50
48 27
48 61
49 32
49 17
49 2
49 75
50 18
50 28
51 65
51 4
51 5
51 70
51 39
51 40
51 43
51 76
51 47
51 8
51 83
51 53
51 23
51 57
51 49
52 33
52 38
52 40
52 44
52 42
52 76
52 77
52 46
52 47
52 48
52 53
52 79
53 67
53 11
53 13
53 24
53 82
53 35
53 21
53 88
53 58
54 6
54 10
54 12
54 13
54 14
54 30
54 31
54 34
54 35
54 37
54 51
54 55
54 56
54 60
54 62
54 63
54 64
54 67
54 71
54 72
54 74
54 78
54 85
54 87
55 30
55 51
55 34
55 35
55 37
55 6
55 72
55 31
55 74
55 13
55 14
55 67
55 85
55 78
55 87
55 63
55 60
55 62
55 21
56 32
56 17
56 2
56 75
57 24
57 9
57 58
57 52
57 82
58 9
58 59
58 52
58 54
58 20
59 32
59 41
59 50
59 27
60 66
60 3
60 68
60 69
60 38
60 7
60 73
60 77
60 46
60 45
60 48
60 25
60 26
61 80
61 59
61 20
61 54
62 51
62 34
62 35
62 37
62 6
62 71
62 72
62 31
62 74
62 87
62 12
62 13
62 14
62 67
62 78
62 55
62 56
62 63
62 60
62 30
62 85
63 33
63 5
63 70
63 65
63 40
63 42
63 76
63 47
63 8
63 83
63 53
63 49
63 79
64 9
64 52
64 54
64 20
65 80
65 20
65 59
65 52
65 54
66 9
66 11
66 88
66 82
66 24
66 58
67 32
67 41
67 50
67 27
68 65
68 5
68 70
68 39
68 40
68 43
68 76
68 47
68 8
68 83
68 53
68 23
68 57
68 49
69 65
69 36
69 5
69 70
69 39
69 8
69 43
69 47
69 81
69 83
69 57
69 40
69 23
69 4
69 49
70 64
70 66
70 3
70 68
70 69
70 7
70 73
70 10
70 45
70 46
70 48
70 25
70 26
71 34
71 35
71 37
71 72
71 67
71 13
71 14
71 51
71 78
71 55
71 88
71 31
71 85
71 21
72 51
72 34
72 67
72 11
72 13
72 14
72 35
72 78
72 55
72 88
72 31
72 85
72 21
73 24
73 9
73 58
73 52
73 82
74 6
74 10
74 12
74 13
74 14
74 30
74 31
74 34
74 35
74 37
74 51
74 55
74 56
74 60
74 62
74 63
74 67
74 71
74 72
74 78
74 85
74 87
75 6
75 10
75 12
75 14
75 30
75 31
75 34
75 35
75 37
75 51
75 55
75 56
75 60
75 62
75 63
75 64
75 71
75 72
75 74
75 78
75 85
75 87
76 64
76 34
76 37
76 6
76 71
76 72
76 10
76 12
76 14
76 51
76 30
76 87
76 56
76 31
76 60
76 74
76 62
76 63
77 1
77 36
77 39
77 41
77 43
77 29
77 81
77 57
77 23
77 4
77 61
78 33
78 38
78 65
78 40
78 44
78 42
78 76
78 77
78 46
78 47
78 48
78 8
78 83
78 53
78 79
79 30
79 51
79 34
79 35
79 37
79 72
79 31
79 74
79 55
79 13
79 14
79 67
79 85
79 78
79 87
79 63
79 60
79 62
79 21
80 20
80 59
80 52
80 54
81 6
81 10
81 12
81 13
81 14
81 30
81 31
81 34
81 35
81 37
81 51
81 55
81 56
81 60
81 62
81 63
81 64
81 67
81 71
81 72
81 74
81 78
81 85
81 87
82 33
82 5
82 70
82 65
82 40
82 44
82 42
82 76
82 47
82 8
82 83
82 53
82 79
83 1
83 36
83 41
83 29
83 81
83 50
83 4
83 27
83 61
84 19
85 18
85 28
87 1
87 36
87 41
87 29
87 81
87 50
87 27
87 61
88 65
88 4
88 5
88 70
88 39
88 40
88 43
88 76
88 47
88 8
88 83
88 23
88 57
88 49
