88
1 32
1 4
1 7
1 41
1 42
1 44
1 46
1 49
1 18
1 84
1 57
1 24
1 36
1 27
1 31
2 19
2 33
2 3
2 69
2 38
2 71
2 8
2 12
2 45
2 79
2 35
2 86
2 23
2 56
3 32
3 35
3 69
3 71
3 10
3 43
3 44
3 16
3 50
3 23
3 56
3 59
4 37
4 7
4 13
4 47
4 83
4 24
6 81
6 30
7 6
7 40
7 76
7 78
7 85
7 22
7 55
7 58
7 60
7 62
7 53
9 19
9 33
9 3
9 69
9 38
9 71
9 8
9 12
9 45
9 79
9 35
9 86
9 23
9 56
9 59
10 19
10 35
10 69
10 38
10 71
10 12
10 45
10 16
10 3
10 86
10 23
10 56
10 59
11 32
11 59
11 4
11 41
11 10
11 43
11 44
11 18
11 46
11 16
11 50
11 84
11 56
11 36
11 27
11 42
11 31
12 33
12 70
12 80
12 8
12 9
12 74
12 75
12 14
12 79
12 48
12 82
12 87
12 25
12 28
12 61
13 33
13 70
13 8
13 9
13 74
13 75
13 79
13 82
13 87
13 28
13 61
14 19
14 3
14 69
14 71
14 10
14 43
14 12
14 16
14 50
14 35
14 23
14 56
14 59
15 17
15 2
15 83
15 29
16 63
17 67
17 68
17 5
17 6
17 39
17 73
17 11
17 76
17 78
17 85
17 55
17 58
17 60
17 62
17 21
18 32
18 1
18 36
18 41
18 42
18 44
18 46
18 49
18 84
18 57
18 4
18 27
18 31
19 33
19 3
19 38
19 8
19 9
19 74
19 75
19 12
19 45
19 79
19 82
19 86
19 28
20 1
20 4
20 37
20 7
20 42
20 13
20 47
20 49
20 24
20 57
20 31
21 26
21 54
22 33
22 70
22 8
22 9
22 74
22 75
22 79
22 82
22 87
22 25
22 28
22 61
23 80
23 70
23 9
23 74
23 75
23 77
23 14
23 48
23 82
23 87
23 25
23 28
23 61
24 80
24 70
24 9
24 74
24 75
24 77
24 14
24 48
24 82
24 87
24 25
24 28
24 61
25 32
25 59
25 4
25 41
25 10
25 43
25 44
25 18
25 46
25 16
25 50
25 84
25 56
25 36
25 27
25 42
25 31
26 30
27 6
27 40
27 76
27 85
27 22
27 55
27 58
27 60
27 62
27 53
28 80
28 70
28 9
28 74
28 75
28 77
28 14
28 48
28 82
28 87
28 25
28 61
29 30
30 64
30 67
30 68
30 5
30 6
30 39
30 73
30 11
30 78
30 21
30 85
31 32
31 59
31 4
31 41
31 10
31 43
31 44
31 18
31 46
31 16
31 50
31 84
31 56
31 36
31 27
31 42
32 40
32 66
33 19
33 3
33 69
33 38
33 71
33 10
33 43
33 12
33 45
33 16
33 50
33 35
33 86
33 23
33 56
33 59
34 64
34 65
34 70
34 72
34 80
34 77
34 14
34 48
34 87
34 88
34 25
34 61
35 29
35 30
36 64
36 65
36 67
36 68
36 5
36 6
36 39
36 73
36 11
36 78
36 21
37 19
37 33
37 3
37 69
37 38
37 71
37 8
37 12
37 45
37 79
37 35
37 86
37 23
37 56
37 59
38 51
38 20
39 64
39 65
39 34
39 67
39 68
39 5
39 72
39 73
39 11
39 77
39 78
39 21
39 88
40 66
40 53
40 22
41 67
41 6
41 76
41 78
41 85
41 22
41 55
41 58
41 60
41 62
41 53
42 64
42 65
42 34
42 67
42 68
42 5
42 39
42 72
42 73
42 11
42 77
42 21
42 88
43 67
43 68
43 5
43 6
43 76
43 78
43 85
43 55
43 58
43 60
43 62
43 53
44 26
44 54
45 1
45 4
45 37
45 7
45 41
45 42
45 13
45 46
45 49
45 84
45 57
45 24
45 36
45 27
45 31
46 67
46 68
46 5
46 6
46 73
46 11
46 76
46 78
46 85
46 55
46 58
46 60
46 62
47 32
47 1
47 4
47 7
47 41
47 42
47 46
47 49
47 18
47 84
47 57
47 24
47 36
47 27
47 31
48 17
48 2
48 83
48 47
49 80
49 70
49 9
49 74
49 75
49 77
49 14
49 48
49 82
49 87
49 25
49 28
49 61
50 32
50 59
50 4
50 41
50 10
50 43
50 44
50 46
50 16
50 18
50 84
50 56
50 36
50 27
50 42
51 33
51 70
51 8
51 9
51 74
51 75
51 79
51 82
51 87
51 25
51 28
51 61
52 63
53 32
53 35
53 10
53 43
53 44
53 18
53 16
53 59
53 50
53 56
53 27
54 1
54 37
54 7
54 13
54 47
54 49
54 24
54 57
56 33
56 3
56 69
56 38
56 71
56 8
56 74
56 75
56 12
56 45
56 79
56 82
56 19
56 86
56 23
56 28
57 37
57 7
57 13
57 47
57 83
57 24
58 32
58 4
58 41
58 10
58 43
58 44
58 18
58 46
58 16
58 50
58 84
58 57
58 36
58 27
58 42
58 31
59 26
59 54
60 29
60 30
61 40
61 76
61 85
61 22
61 55
61 58
61 60
61 62
61 53
62 32
62 1
62 4
62 41
62 42
62 44
62 46
62 49
62 18
62 84
62 57
62 36
62 27
62 31
63 19
63 33
63 3
63 69
63 38
63 71
63 8
63 75
63 12
63 45
63 79
63 35
63 86
63 23
64 1
64 37
64 7
64 13
64 47
64 49
64 24
65 64
65 34
65 67
65 68
65 5
65 39
65 72
65 73
65 11
65 77
65 78
65 21
65 88
66 33
66 3
66 69
66 38
66 71
66 8
66 74
66 75
66 12
66 45
66 79
66 19
66 86
66 23
66 28
67 1
67 37
67 7
67 13
67 47
67 49
67 24
67 57
68 33
68 70
68 8
68 9
68 74
68 75
68 79
68 82
68 87
68 28
68 61
69 19
69 33
69 3
69 38
69 71
69 8
69 75
69 12
69 45
69 79
69 35
69 86
69 23
70 64
70 65
70 34
70 68
70 5
70 39
70 72
70 73
70 11
70 77
70 14
70 80
70 21
70 88
71 67
71 68
71 5
71 6
71 39
71 73
71 11
71 76
71 78
71 85
71 55
71 58
71 60
71 62
71 21
72 19
72 3
72 69
72 38
72 71
72 10
72 43
72 12
72 45
72 16
72 50
72 35
72 86
72 23
72 56
72 59
73 17
73 2
73 83
74 33
74 38
74 8
74 9
74 75
74 45
74 79
74 82
74 86
74 28
75 40
75 66
76 19
76 35
76 69
76 38
76 71
76 12
76 45
76 16
76 3
76 86
76 23
76 56
76 59
77 32
77 4
77 41
77 10
77 43
77 44
77 18
77 46
77 16
77 50
77 84
77 57
77 36
77 27
77 42
77 31
78 33
78 3
78 38
78 8
78 9
78 74
78 75
78 12
78 45
78 79
78 82
78 19
78 86
78 28
79 64
79 65
79 67
79 68
79 5
79 6
79 39
79 73
79 11
79 78
79 21
80 33
80 70
80 8
80 9
80 74
80 75
80 79
80 48
80 82
80 87
80 25
80 28
80 61
81 20
82 26
82 66
82 54
83 32
83 4
83 41
83 10
83 43
83 44
83 18
83 46
83 49
83 50
83 84
83 57
83 36
83 27
83 42
83 31
84 17
84 2
84 83
84 29
85 64
85 65
85 34
85 70
85 72
85 80
85 77
85 14
85 48
85 87
85 88
85 25
85 61
86 33
86 3
86 38
86 8
86 9
86 74
86 75
86 12
86 45
86 79
86 82
86 19
86 28
87 1
87 4
87 37
87 7
87 42
87 13
87 46
87 47
87 49
87 57
87 24
87 36
87 31
88 19
88 33
88 3
88 69
88 38
88 71
88 8
88 75
88 12
88 45
88 79
88 35
88 86
88 23
