88
1 2
1 3
1 36
1 37
1 7
1 49
1 50
1 20
1 87
1 30
1 31
2 29
2 30
4 1
4 2
4 3
4 37
4 50
4 20
4 29
4 30
4 31
6 32
6 1
6 2
6 3
6 36
6 37
6 7
6 49
6 50
6 20
6 87
6 31
7 32
7 1
7 2
7 3
7 36
7 37
7 6
7 49
7 40
7 15
7 72
7 50
7 20
7 54
7 87
7 28
7 31
9 2
9 3
9 50
9 29
9 30
9 31
10 1
10 2
10 3
10 36
10 37
10 7
10 49
10 50
10 20
10 87
10 30
10 31
11 32
11 1
11 2
11 3
11 36
11 37
11 6
11 7
11 15
11 49
11 50
11 20
11 54
11 87
11 31
14 1
14 3
14 6
14 7
14 9
14 10
14 13
14 15
14 19
14 20
14 28
14 31
14 32
14 35
14 36
14 37
14 39
14 40
14 41
14 42
14 47
14 49
14 52
14 54
14 65
14 72
14 82
14 87
14 88
15 6
15 7
15 9
15 10
15 11
15 13
15 14
15 19
15 24
15 27
15 28
15 32
15 35
15 36
15 37
15 39
15 40
15 41
15 42
15 47
15 49
15 52
15 54
15 63
15 65
15 72
15 78
15 82
15 86
15 87
15 88
16 2
16 3
16 50
16 29
16 30
16 31
19 5
21 1
21 2
21 3
21 36
21 37
21 7
21 49
21 50
21 20
21 87
21 30
21 31
22 5
24 2
24 3
24 50
24 29
24 30
24 31
27 2
27 3
27 50
27 29
27 30
27 31
28 2
28 50
28 29
28 30
29 5
30 29
30 5
32 1
32 2
32 3
32 6
32 7
32 10
32 15
32 20
32 28
32 31
32 35
32 36
32 37
32 39
32 40
32 42
32 49
32 50
32 54
32 65
32 72
32 82
32 87
33 5
34 2
34 29
34 30
36 1
36 3
36 6
36 7
36 9
36 10
36 13
36 14
36 15
36 19
36 20
36 28
36 31
36 32
36 35
36 37
36 39
36 40
36 41
36 42
36 47
36 49
36 52
36 54
36 65
36 72
36 82
36 87
36 88
38 29
38 30
39 6
39 7
39 9
39 10
39 11
39 13
39 14
39 15
39 19
39 27
39 28
39 32
39 35
39 36
39 37
39 40
39 41
39 42
39 47
39 49
39 52
39 54
39 63
39 65
39 72
39 78
39 82
39 86
39 87
39 88
40 32
40 1
40 2
40 3
40 36
40 37
40 6
40 7
40 15
40 49
40 50
40 20
40 54
40 87
40 31
41 1
41 2
41 3
41 36
41 37
41 7
41 49
41 50
41 20
41 87
41 31
42 1
42 2
42 3
42 6
42 7
42 10
42 14
42 15
42 20
42 28
42 31
42 32
42 35
42 36
42 37
42 39
42 40
42 49
42 50
42 54
42 65
42 72
42 82
42 87
43 1
43 2
43 3
43 36
43 37
43 7
43 49
43 50
43 20
43 87
43 30
43 31
44 29
44 5
45 1
45 3
45 6
45 7
45 9
45 10
45 13
45 14
45 15
45 19
45 20
45 28
45 31
45 32
45 35
45 36
45 37
45 39
45 40
45 41
45 42
45 47
45 49
45 52
45 54
45 65
45 72
45 82
45 87
45 88
46 1
46 2
46 3
46 37
46 50
46 20
46 29
46 30
46 31
47 1
47 3
47 6
47 7
47 10
47 14
47 15
47 20
47 28
47 31
47 32
47 35
47 36
47 37
47 39
47 40
47 42
47 49
47 52
47 54
47 65
47 72
47 82
47 87
47 88
48 32
48 1
48 2
48 3
48 36
48 37
48 6
48 7
48 40
48 42
48 15
48 72
48 50
48 35
48 20
48 54
48 87
48 49
48 28
48 31
49 2
49 3
49 50
49 29
49 30
49 31
50 29
50 30
52 32
52 1
52 2
52 3
52 36
52 37
52 6
52 7
52 40
52 15
52 72
52 50
52 20
52 54
52 87
52 49
52 28
52 31
53 6
53 7
53 9
53 10
53 11
53 13
53 14
53 15
53 19
53 24
53 27
53 28
53 32
53 35
53 36
53 39
53 40
53 41
53 42
53 47
53 49
53 52
53 54
53 63
53 65
53 72
53 78
53 82
53 86
53 87
53 88
55 32
55 1
55 2
55 3
55 36
55 37
55 6
55 7
55 40
55 15
55 72
55 50
55 20
55 54
55 87
55 49
55 28
55 31
56 1
56 6
56 7
56 9
56 10
56 11
56 13
56 14
56 15
56 19
56 20
56 27
56 28
56 32
56 35
56 36
56 37
56 39
56 40
56 41
56 42
56 47
56 49
56 52
56 54
56 63
56 65
56 72
56 78
56 82
56 86
56 87
56 88
58 6
58 7
58 9
58 10
58 11
58 13
58 14
58 15
58 19
58 20
58 27
58 28
58 32
58 35
58 36
58 37
58 39
58 40
58 41
58 42
58 47
58 49
58 52
58 54
58 63
58 65
58 72
58 78
58 82
58 86
58 87
58 88
59 2
59 29
59 30
60 32
60 1
60 2
60 3
60 36
60 37
60 6
60 7
60 40
60 15
60 72
60 50
60 20
60 54
60 87
60 49
60 28
60 31
61 1
61 2
61 3
61 36
61 37
61 7
61 49
61 50
61 20
61 30
61 31
62 1
62 2
62 3
62 36
62 37
62 7
62 49
62 50
62 20
62 87
62 30
62 31
63 1
63 6
63 7
63 9
63 10
63 11
63 13
63 14
63 15
63 19
63 20
63 27
63 28
63 32
63 35
63 36
63 37
63 39
63 40
63 41
63 42
63 47
63 49
63 52
63 54
63 65
63 72
63 78
63 82
63 86
63 87
63 88
64 1
64 2
64 3
64 36
64 37
64 7
64 49
64 50
64 20
64 87
64 30
64 31
66 6
66 7
66 9
66 10
66 11
66 13
66 14
66 15
66 19
66 24
66 27
66 28
66 32
66 35
66 36
66 39
66 40
66 41
66 42
66 47
66 49
66 52
66 54
66 63
66 65
66 72
66 78
66 82
66 86
66 87
66 88
67 1
67 2
67 3
67 36
67 37
67 7
67 49
67 50
67 20
67 87
67 30
67 31
68 84
68 5
70 6
70 7
70 9
70 10
70 11
70 13
70 14
70 15
70 19
70 24
70 27
70 28
70 32
70 35
70 36
70 39
70 40
70 41
70 42
70 47
70 49
70 52
70 54
70 63
70 65
70 66
70 72
70 73
70 78
70 82
70 86
70 87
70 88
73 6
73 7
73 9
73 10
73 11
73 13
73 14
73 15
73 19
73 24
73 27
73 28
73 32
73 35
73 36
73 39
73 40
73 41
73 42
73 47
73 49
73 52
73 54
73 63
73 65
73 66
73 72
73 78
73 82
73 86
73 87
73 88
75 2
75 29
75 30
76 5
77 1
77 6
77 7
77 9
77 10
77 11
77 13
77 14
77 15
77 19
77 20
77 27
77 28
77 32
77 35
77 36
77 37
77 39
77 40
77 41
77 42
77 47
77 49
77 52
77 54
77 63
77 65
77 72
77 78
77 82
77 86
77 87
77 88
78 6
78 7
78 9
78 10
78 11
78 13
78 14
78 15
78 19
78 24
78 27
78 28
78 32
78 35
78 36
78 39
78 40
78 41
78 42
78 47
78 49
78 52
78 54
78 63
78 65
78 72
78 82
78 86
78 87
78 88
79 2
79 50
79 29
79 30
83 29
83 30
86 32
86 1
86 2
86 3
86 36
86 37
86 6
86 7
86 40
86 15
86 72
86 50
86 20
86 54
86 87
86 49
86 28
86 31
88 1
88 6
88 7
88 9
88 10
88 11
88 13
88 14
88 15
88 19
88 20
88 27
88 28
88 32
88 35
88 36
88 37
88 39
88 40
88 41
88 42
88 47
88 49
88 52
88 54
88 63
88 65
88 72
88 78
88 82
88 86
88 87
