88
1 33
1 66
1 3
1 4
1 70
1 7
1 73
1 75
1 44
1 76
1 18
1 83
1 22
1 87
1 57
1 58
1 62
1 51
2 84
2 30
3 56
3 61
4 42
4 25
4 10
4 11
4 61
5 32
5 33
5 2
5 3
5 4
5 70
5 7
5 9
5 44
5 66
5 83
5 55
5 57
5 29
6 56
6 30
7 33
7 66
7 3
7 37
7 70
7 73
7 43
7 76
7 18
7 83
7 22
7 87
7 57
7 58
7 75
7 28
7 62
7 51
8 61
9 25
9 42
9 45
9 46
9 65
10 35
10 36
10 5
10 6
10 38
10 74
10 12
10 13
10 14
10 79
10 48
10 19
10 21
10 88
10 27
10 53
11 1
11 75
11 37
11 71
11 40
11 41
11 43
11 82
11 50
11 28
11 62
11 69
12 33
12 66
12 3
12 37
12 51
12 73
12 43
12 76
12 18
12 83
12 22
12 87
12 57
12 58
12 75
12 28
12 62
13 42
13 25
13 10
13 11
13 61
14 33
14 66
14 3
14 4
14 70
14 7
14 73
14 44
14 76
14 18
14 83
14 22
14 87
14 57
14 58
14 29
14 51
15 75
15 82
15 37
15 71
15 41
15 43
15 76
15 18
15 73
15 50
15 51
15 22
15 87
15 58
15 28
15 62
16 67
16 77
16 78
16 81
16 23
16 60
18 23
18 67
18 52
18 39
19 84
19 30
20 85
21 32
21 35
21 36
21 5
21 6
21 38
21 9
21 74
21 13
21 14
21 48
21 19
21 53
21 55
21 88
21 27
22 72
22 65
22 26
22 54
22 46
23 32
23 33
23 2
23 3
23 4
23 22
23 70
23 7
23 9
23 55
23 44
23 66
23 83
23 73
23 87
23 57
23 58
23 29
24 32
24 2
24 35
24 4
24 5
24 6
24 7
24 9
24 74
24 44
24 14
24 19
24 21
24 55
24 88
24 36
24 29
24 53
25 38
25 77
25 12
25 13
25 78
25 79
25 81
25 23
25 60
26 38
26 12
26 77
26 78
26 79
26 48
26 81
26 23
26 27
26 60
26 13
27 1
27 69
27 71
27 40
27 41
27 82
27 72
27 50
27 54
28 75
28 82
28 37
28 71
28 41
28 43
28 76
28 18
28 50
28 51
28 87
28 62
29 20
30 33
30 66
30 3
30 37
30 70
30 73
30 75
30 76
30 18
30 83
30 22
30 87
30 57
30 58
30 62
30 51
31 20
32 42
32 25
32 10
32 11
32 45
33 10
33 61
34 1
34 37
34 71
34 40
34 41
34 43
34 82
34 50
34 28
34 62
34 69
35 25
35 10
35 11
35 42
36 65
36 45
36 46
37 1
37 69
37 65
37 40
37 46
37 72
37 54
37 26
38 24
38 47
38 59
38 68
38 63
39 56
39 84
39 30
40 75
40 82
40 37
40 71
40 41
40 43
40 76
40 18
40 73
40 50
40 51
40 22
40 87
40 58
40 28
40 62
41 32
41 2
41 35
41 4
41 5
41 6
41 9
41 74
41 14
41 19
41 21
41 55
41 88
41 36
41 27
41 29
41 53
42 12
42 77
42 78
42 79
42 81
42 23
42 60
43 25
43 42
43 11
43 45
44 33
44 66
44 3
44 70
44 7
44 73
44 75
44 76
44 18
44 83
44 22
44 87
44 57
44 58
44 62
44 51
45 75
45 82
45 37
45 71
45 41
45 43
45 76
45 18
45 73
45 50
45 51
45 22
45 87
45 58
45 28
45 62
46 81
46 67
46 52
46 77
46 23
47 25
47 42
47 11
47 45
48 1
48 69
48 71
48 40
48 41
48 43
48 82
48 72
48 50
48 54
48 28
49 84
49 30
50 56
51 85
52 32
52 2
52 4
52 5
52 70
52 7
52 9
52 74
52 44
52 14
52 21
52 55
52 29
53 35
53 36
53 5
53 6
53 38
53 74
53 12
53 13
53 14
53 79
53 48
53 19
53 78
53 88
53 27
53 60
53 21
54 35
54 36
54 5
54 6
54 38
54 74
54 12
54 13
54 14
54 79
54 48
54 19
54 78
54 88
54 27
54 60
54 53
54 21
55 23
55 67
55 52
55 39
56 34
56 68
56 31
56 24
56 59
56 63
57 24
57 39
57 67
57 52
57 47
58 32
58 2
58 35
58 36
58 5
58 6
58 38
58 9
58 74
58 13
58 14
58 48
58 19
58 21
58 55
58 88
58 27
58 53
59 80
59 34
59 31
59 68
59 63
60 75
60 82
60 37
60 71
60 41
60 43
60 76
60 18
60 50
60 51
60 87
60 58
60 28
60 62
61 67
61 77
61 78
61 81
61 52
61 23
62 33
62 66
62 3
62 37
62 70
62 73
62 43
62 76
62 18
62 83
62 22
62 87
62 57
62 58
62 75
62 28
62 51
63 32
63 33
63 2
63 3
63 4
63 70
63 7
63 9
63 44
63 66
63 83
63 55
63 57
63 29
64 33
64 66
64 3
64 4
64 70
64 7
64 73
64 75
64 44
64 76
64 18
64 83
64 22
64 87
64 57
64 58
64 62
64 51
65 24
65 39
65 67
65 52
65 47
66 32
66 2
66 4
66 5
66 6
66 7
66 9
66 74
66 44
66 14
66 19
66 21
66 55
66 36
66 70
66 29
66 53
67 1
67 69
67 65
67 40
67 46
67 72
67 54
67 26
68 33
68 3
68 82
68 37
68 51
68 71
68 41
68 43
68 76
68 18
68 73
68 50
68 83
68 22
68 87
68 57
68 58
68 75
68 28
68 62
69 65
69 72
69 45
69 46
69 54
69 26
70 35
70 36
70 38
70 12
70 77
70 78
70 13
70 48
70 81
70 53
70 27
70 88
70 79
70 60
71 24
71 39
71 67
71 52
71 47
72 35
72 38
72 12
72 77
72 78
72 13
72 48
72 81
72 53
72 27
72 88
72 79
72 60
73 32
73 2
73 35
73 4
73 5
73 6
73 7
73 9
73 74
73 44
73 14
73 19
73 21
73 55
73 36
73 29
73 53
74 33
74 2
74 3
74 4
74 70
74 7
74 73
74 44
74 66
74 76
74 18
74 83
74 22
74 87
74 57
74 58
74 29
74 51
75 32
75 33
75 2
75 3
75 4
75 70
75 7
75 9
75 44
75 66
75 83
75 55
75 57
75 29
76 32
76 33
76 2
76 3
76 4
76 70
76 7
76 9
76 44
76 66
76 83
76 22
76 55
76 57
76 29
77 1
77 69
77 71
77 40
77 41
77 43
77 82
77 72
77 50
77 54
77 28
78 1
78 69
78 65
78 40
78 46
78 72
78 54
78 26
79 32
79 2
79 4
79 5
79 6
79 7
79 9
79 74
79 44
79 14
79 19
79 21
79 55
79 70
79 29
80 33
80 66
80 3
80 37
80 70
80 73
80 75
80 76
80 18
80 83
80 22
80 87
80 57
80 58
80 62
80 51
81 32
81 33
81 2
81 3
81 4
81 70
81 7
81 9
81 44
81 66
81 83
81 55
81 57
81 29
82 67
82 39
82 47
82 52
82 23
82 24
83 35
83 36
83 5
83 6
83 38
83 74
83 13
83 14
83 79
83 48
83 19
83 21
83 55
83 88
83 27
83 53
84 75
84 82
84 37
84 71
84 41
84 43
84 76
84 18
84 73
84 50
84 51
84 22
84 87
84 58
84 28
84 62
85 38
85 12
85 77
85 78
85 79
85 48
85 81
85 23
85 60
85 13
86 32
86 35
86 36
86 5
86 6
86 38
86 9
86 74
86 13
86 14
86 48
86 19
86 21
86 55
86 88
86 27
86 53
87 32
87 2
87 4
87 5
87 6
87 7
87 9
87 74
87 44
87 14
87 19
87 21
87 55
87 36
87 70
87 29
88 1
88 69
88 65
88 40
88 46
88 72
88 54
88 26
