88
1 4
1 5
1 8
1 23
1 27
1 29
1 36
1 39
1 40
1 41
1 43
1 47
1 49
1 50
1 53
1 57
1 61
1 65
1 70
1 76
1 81
1 83
2 4
2 5
2 8
2 23
2 29
2 33
2 36
2 38
2 39
2 40
2 42
2 43
2 44
2 46
2 47
2 48
2 49
2 53
2 57
2 61
2 65
2 70
2 76
2 77
2 79
2 81
2 83
6 1
6 4
6 5
6 8
6 23
6 29
6 33
6 36
6 39
6 40
6 41
6 42
6 43
6 44
6 47
6 49
6 53
6 57
6 61
6 65
6 70
6 76
6 79
6 81
6 83
7 32
7 2
7 75
7 18
7 17
7 50
7 27
8 32
8 2
8 75
8 17
8 18
8 28
9 32
9 2
9 75
9 50
9 17
9 18
9 27
9 28
10 32
10 2
10 75
10 18
10 17
10 50
10 27
11 17
11 2
11 75
11 28
11 18
12 17
12 2
12 28
12 18
13 28
13 84
14 1
14 4
14 5
14 8
14 23
14 29
14 33
14 36
14 38
14 39
14 40
14 41
14 42
14 43
14 44
14 46
14 47
14 48
14 49
14 53
14 57
14 61
14 65
14 70
14 76
14 77
14 79
14 81
14 83
15 84
16 32
16 1
16 4
16 5
16 70
16 39
16 8
16 41
16 43
16 29
16 40
16 50
16 83
16 57
16 23
16 36
16 49
16 27
16 81
16 61
16 65
18 1
18 4
18 5
18 8
18 23
18 27
18 29
18 36
18 39
18 40
18 41
18 43
18 47
18 49
18 50
18 53
18 57
18 61
18 65
18 70
18 76
18 81
18 83
20 1
20 4
20 5
20 8
20 23
20 29
20 33
20 36
20 39
20 40
20 41
20 42
20 43
20 47
20 49
20 50
20 53
20 57
20 61
20 65
20 70
20 76
20 79
20 81
20 83
21 32
21 1
21 2
21 41
21 75
21 17
21 50
21 27
21 29
22 32
22 1
22 4
22 5
22 70
22 39
22 41
22 43
22 29
22 81
22 50
22 57
22 23
22 36
22 49
22 27
22 61
24 1
24 4
24 5
24 8
24 23
24 29
24 33
24 36
24 38
24 39
24 40
24 41
24 42
24 43
24 44
24 46
24 47
24 48
24 49
24 53
24 57
24 61
24 65
24 70
24 76
24 77
24 79
24 81
24 83
29 32
29 1
29 2
29 36
29 17
29 41
29 75
29 81
29 50
29 27
29 61
30 28
30 84
31 28
31 84
32 1
32 2
32 4
32 17
32 41
32 75
32 29
32 81
32 50
32 57
32 36
32 27
32 61
33 1
33 4
33 5
33 8
33 23
33 29
33 36
33 38
33 39
33 40
33 42
33 43
33 44
33 46
33 47
33 48
33 49
33 53
33 57
33 61
33 65
33 70
33 76
33 77
33 79
33 81
33 83
34 3
34 5
34 7
34 8
34 25
34 26
34 33
34 38
34 40
34 42
34 44
34 45
34 46
34 47
34 48
34 53
34 65
34 66
34 68
34 69
34 70
34 73
34 76
34 77
34 79
34 83
35 32
35 1
35 2
35 41
35 75
35 17
35 50
35 27
36 32
36 1
36 4
36 5
36 70
36 39
36 41
36 43
36 29
36 81
36 50
36 83
36 23
36 57
36 49
36 27
36 61
37 32
37 1
37 4
37 5
37 70
37 39
37 8
37 41
37 43
37 29
37 81
37 50
37 83
37 57
37 23
37 36
37 49
37 27
37 61
37 65
38 3
38 4
38 5
38 8
38 23
38 33
38 36
38 39
38 40
38 42
38 43
38 44
38 46
38 47
38 48
38 49
38 53
38 57
38 61
38 65
38 69
38 70
38 73
38 76
38 77
38 79
38 81
38 83
40 32
40 1
40 2
40 75
40 4
40 81
40 39
40 41
40 57
40 43
40 29
40 49
40 50
40 17
40 23
40 36
40 27
40 61
43 1
43 4
43 5
43 8
43 23
43 29
43 33
43 36
43 38
43 39
43 40
43 42
43 44
43 46
43 47
43 48
43 49
43 53
43 57
43 61
43 65
43 70
43 76
43 77
43 79
43 81
43 83
44 32
44 1
44 2
44 4
44 17
44 41
44 75
44 29
44 81
44 50
44 57
44 36
44 27
44 61
46 1
46 4
46 5
46 8
46 23
46 27
46 29
46 36
46 39
46 40
46 41
46 43
46 47
46 49
46 50
46 53
46 57
46 61
46 65
46 70
46 76
46 81
46 83
47 4
47 5
47 8
47 23
47 29
47 33
47 36
47 38
47 39
47 40
47 42
47 43
47 44
47 46
47 48
47 49
47 53
47 57
47 61
47 65
47 70
47 73
47 76
47 77
47 79
47 81
47 83
48 32
48 1
48 2
48 75
48 4
48 81
48 39
48 41
48 57
48 43
48 29
48 49
48 50
48 17
48 23
48 36
48 27
48 61
49 32
49 2
49 41
49 75
49 50
49 17
49 18
49 27
50 17
50 2
50 75
50 28
50 18
51 1
51 4
51 5
51 8
51 23
51 29
51 33
51 36
51 39
51 40
51 41
51 42
51 43
51 44
51 47
51 49
51 53
51 57
51 61
51 65
51 70
51 76
51 79
51 81
51 83
52 3
52 5
52 7
52 8
52 23
52 25
52 26
52 33
52 38
52 39
52 40
52 42
52 43
52 44
52 45
52 46
52 47
52 48
52 49
52 53
52 65
52 66
52 68
52 69
52 70
52 73
52 76
52 77
52 79
52 83
56 32
56 2
56 41
56 75
56 50
56 17
56 18
56 27
59 32
59 1
59 2
59 4
59 17
59 41
59 75
59 29
59 81
59 50
59 57
59 36
59 27
59 61
63 4
63 5
63 8
63 23
63 29
63 33
63 36
63 38
63 39
63 40
63 42
63 43
63 44
63 46
63 47
63 48
63 49
63 53
63 57
63 61
63 65
63 69
63 70
63 73
63 76
63 77
63 79
63 81
63 83
67 32
67 1
67 2
67 4
67 17
67 41
67 75
67 29
67 81
67 50
67 57
67 36
67 27
67 61
68 1
68 4
68 5
68 8
68 23
68 29
68 33
68 36
68 38
68 39
68 40
68 41
68 42
68 43
68 44
68 47
68 48
68 49
68 53
68 57
68 61
68 65
68 70
68 76
68 77
68 79
68 81
68 83
69 1
69 4
69 5
69 8
69 23
69 29
69 33
69 36
69 39
69 40
69 41
69 42
69 43
69 44
69 47
69 49
69 53
69 57
69 61
69 65
69 70
69 76
69 79
69 81
69 83
77 1
77 4
77 5
77 70
77 39
77 8
77 41
77 43
77 29
77 47
77 40
77 50
77 83
77 57
77 23
77 36
77 49
77 27
77 81
77 61
77 65
78 3
78 5
78 7
78 8
78 23
78 25
78 26
78 33
78 38
78 39
78 40
78 42
78 43
78 44
78 45
78 46
78 47
78 48
78 49
78 53
78 57
78 65
78 68
78 69
78 70
78 73
78 76
78 77
78 79
78 83
82 3
82 4
82 5
82 8
82 23
82 33
82 36
82 38
82 39
82 40
82 42
82 43
82 44
82 46
82 47
82 48
82 49
82 53
82 57
82 61
82 65
82 69
82 70
82 73
82 76
82 77
82 79
82 81
82 83
83 32
83 1
83 75
83 4
83 5
83 70
83 39
83 41
83 43
83 29
83 81
83 50
83 57
83 23
83 36
83 49
83 27
83 61
85 18
85 28
86 28
86 18
86 84
87 32
87 1
87 2
87 75
87 4
87 81
87 39
87 41
87 57
87 43
87 29
87 49
87 50
87 17
87 23
87 36
87 27
87 61
88 1
88 4
88 5
88 8
88 23
88 29
88 33
88 36
88 39
88 40
88 41
88 42
88 43
88 44
88 47
88 49
88 53
88 57
88 61
88 65
88 70
88 76
88 79
88 81
88 83
