88
1 27
1 39
1 10
1 75
1 13
1 84
1 56
1 59
1 30
2 75
2 5
2 7
2 8
2 10
2 11
2 13
2 82
2 83
2 84
2 56
2 39
2 31
3 2
3 11
3 5
3 7
3 8
3 10
3 39
3 82
3 83
3 56
3 31
3 37
4 75
4 5
4 39
4 8
4 10
4 11
4 13
4 82
4 83
4 84
4 56
4 30
4 31
5 77
5 47
5 80
5 21
5 54
5 25
5 57
6 2
6 11
6 5
6 7
6 8
6 10
6 39
6 82
6 83
6 56
6 31
6 37
7 65
7 66
7 3
7 36
7 70
7 6
7 9
7 87
7 45
7 14
7 88
7 52
7 46
7 41
7 24
7 68
7 60
8 71
9 64
9 1
9 35
9 32
9 69
9 38
9 33
9 76
9 43
9 44
9 12
9 15
9 49
9 50
9 51
9 26
9 28
9 29
10 34
10 3
10 68
10 70
10 6
10 41
10 42
10 66
10 14
10 45
10 48
10 24
10 46
10 87
10 88
10 60
11 65
11 66
11 3
11 36
11 70
11 6
11 9
11 87
11 45
11 14
11 88
11 18
11 52
11 46
11 41
11 24
11 68
11 58
11 60
12 48
12 34
12 70
12 72
12 42
12 61
12 66
12 46
12 79
12 16
12 19
12 78
12 24
12 60
12 74
12 63
13 3
13 6
13 9
13 14
13 18
13 29
13 35
13 36
13 41
13 45
13 46
13 51
13 52
13 58
13 60
13 65
13 66
13 68
13 69
13 70
13 87
13 88
14 32
14 1
14 35
14 36
14 69
14 38
14 33
14 29
14 9
14 43
14 12
14 18
14 15
14 49
14 50
14 51
14 58
14 26
14 28
14 44
15 32
15 65
15 3
15 68
15 69
15 6
15 9
15 45
15 14
15 18
15 35
15 52
15 41
15 87
15 88
15 36
15 58
15 29
15 51
16 34
16 4
16 72
16 73
16 42
16 61
16 78
16 79
16 19
16 86
16 55
16 74
16 62
16 63
17 81
17 71
18 40
18 67
18 23
19 32
19 1
19 35
19 36
19 69
19 38
19 9
19 43
19 12
19 18
19 15
19 49
19 50
19 51
19 52
19 58
19 29
19 28
19 26
20 2
20 11
20 5
20 7
20 8
20 10
20 39
20 82
20 83
20 56
20 31
20 37
21 40
21 67
21 23
23 34
23 4
23 72
23 73
23 42
23 61
23 78
23 79
23 16
23 19
23 86
23 55
23 74
23 62
23 63
24 2
24 11
24 5
24 7
24 8
24 10
24 39
24 13
24 82
24 83
24 84
24 56
24 31
26 40
26 67
26 27
26 23
27 32
27 1
27 35
27 36
27 69
27 38
27 9
27 43
27 12
27 18
27 15
27 49
27 50
27 51
27 52
27 58
27 29
27 28
27 26
28 64
28 1
28 35
28 32
28 69
28 38
28 33
28 76
28 43
28 44
28 12
28 15
28 49
28 50
28 51
28 26
28 29
29 67
29 40
29 75
29 59
29 23
29 27
29 30
30 40
30 59
30 67
30 27
30 23
31 75
31 5
31 7
31 8
31 10
31 11
31 13
31 82
31 83
31 84
31 56
31 39
32 40
32 67
32 27
32 23
33 40
33 67
33 23
35 59
35 40
35 10
35 75
35 13
35 84
35 27
35 30
36 40
36 67
36 23
37 32
37 1
37 35
37 36
37 69
37 65
37 9
37 43
37 12
37 14
37 15
37 49
37 18
37 51
37 52
37 68
37 58
37 29
37 26
38 32
38 65
38 35
38 36
38 69
38 9
38 12
38 14
38 15
38 49
38 18
38 51
38 52
38 87
38 68
38 58
38 29
38 26
39 64
39 33
39 2
39 37
39 38
39 7
39 44
39 11
39 76
39 50
39 28
40 32
40 65
40 35
40 68
40 69
40 9
40 29
40 14
40 15
40 49
40 18
40 51
40 52
40 87
40 36
40 58
40 26
41 64
41 2
41 5
41 7
41 8
41 11
41 76
41 82
41 83
41 56
41 31
41 37
42 59
42 39
42 10
42 75
42 13
42 84
42 27
42 30
43 32
43 1
43 35
43 69
43 38
43 33
43 9
43 44
43 18
43 12
43 15
43 49
43 50
43 51
43 58
43 29
43 28
43 26
44 65
44 66
44 3
44 36
44 70
44 6
44 9
44 87
44 45
44 14
44 88
44 52
44 46
44 41
44 24
44 68
44 58
44 60
45 64
45 2
45 5
45 7
45 8
45 11
45 76
45 82
45 83
45 56
45 39
45 31
45 37
46 40
46 67
46 23
48 67
48 23
49 59
49 40
49 10
49 75
49 13
49 84
49 27
49 30
50 59
50 40
50 75
50 13
50 84
50 23
50 27
50 30
51 64
51 33
51 2
51 5
51 7
51 8
51 44
51 11
51 76
51 82
51 83
51 31
51 37
52 32
52 1
52 35
52 36
52 69
52 38
52 9
52 43
52 12
52 18
52 15
52 49
52 50
52 51
52 58
52 29
52 28
52 26
53 67
53 23
54 40
54 67
54 23
55 75
55 5
55 7
55 8
55 10
55 11
55 13
55 82
55 83
55 84
55 56
55 39
55 31
56 64
56 1
56 2
56 37
56 38
56 33
56 12
56 43
56 44
56 76
56 50
56 28
57 67
57 40
57 75
57 13
57 59
57 84
57 23
57 27
57 30
58 2
58 11
58 5
58 7
58 8
58 10
58 39
58 82
58 83
58 84
58 56
58 31
58 37
59 48
59 34
59 4
59 72
59 42
59 61
59 78
59 79
59 16
59 19
59 24
59 74
59 62
59 63
60 75
60 5
60 7
60 8
60 10
60 11
60 13
60 82
60 83
60 84
60 56
60 39
60 31
61 59
61 10
61 75
61 13
61 84
61 27
61 30
62 59
62 39
62 10
62 75
62 13
62 84
62 27
62 30
63 64
63 33
63 2
63 5
63 7
63 44
63 11
63 76
63 50
63 82
63 83
63 31
63 37
64 1
64 37
64 38
64 33
64 12
64 43
64 44
64 76
64 49
64 50
64 26
64 28
65 59
65 40
65 10
65 75
65 13
65 84
65 27
65 30
66 40
66 67
66 27
66 23
67 2
67 11
67 5
67 7
67 8
67 10
67 39
67 82
67 83
67 56
67 31
67 37
68 75
68 5
68 7
68 8
68 10
68 11
68 13
68 82
68 83
68 84
68 56
68 39
68 31
69 64
69 2
69 5
69 7
69 8
69 11
69 76
69 82
69 83
69 56
69 39
69 31
69 37
70 64
70 33
70 2
70 5
70 7
70 44
70 11
70 76
70 50
70 82
70 83
70 31
70 37
72 67
72 40
72 59
72 23
72 27
72 30
73 67
73 40
73 75
73 13
73 59
73 84
73 23
73 27
73 30
74 67
74 40
74 59
74 23
74 27
74 30
75 27
75 39
75 8
75 10
75 13
75 84
75 56
75 59
75 30
76 2
76 11
76 5
76 7
76 8
76 10
76 39
76 13
76 82
76 83
76 84
76 56
76 31
78 59
78 39
78 10
78 75
78 13
78 84
78 27
78 30
79 40
79 67
79 23
82 64
82 1
82 35
82 32
82 69
82 38
82 33
82 76
82 43
82 44
82 12
82 15
82 49
82 50
82 51
82 26
82 28
82 29
83 64
83 1
83 2
83 37
83 38
83 33
83 12
83 43
83 44
83 76
83 49
83 50
83 26
83 28
84 32
84 65
84 35
84 68
84 69
84 9
84 29
84 14
84 15
84 49
84 18
84 51
84 52
84 87
84 36
84 58
84 26
86 67
86 40
86 59
86 23
86 27
86 30
87 64
87 2
87 5
87 7
87 8
87 11
87 76
87 82
87 83
87 56
87 39
87 31
87 37
88 75
88 5
88 39
88 8
88 10
88 11
88 13
88 82
88 83
88 84
88 56
88 30
88 31
