88
1 64
1 66
1 71
1 36
1 6
1 39
1 72
1 74
1 55
1 12
1 45
1 20
1 87
1 58
1 59
1 63
2 56
2 32
2 82
2 15
4 64
4 66
4 73
4 43
4 77
4 45
4 83
4 20
4 88
4 25
4 28
5 64
5 1
5 66
5 6
5 71
5 74
5 43
5 12
5 45
5 83
5 20
5 87
5 58
5 63
6 33
6 35
6 70
6 9
6 30
6 11
6 76
6 78
6 44
6 49
6 51
6 52
6 21
6 41
6 24
6 57
6 79
6 61
6 62
6 53
7 16
7 50
9 64
9 66
9 6
9 73
9 74
9 43
9 45
9 77
9 83
9 20
9 88
9 25
9 28
10 19
10 33
10 34
10 35
10 70
10 41
10 11
10 44
10 78
10 61
10 80
10 51
10 52
10 85
10 54
10 24
10 57
10 31
10 53
10 30
10 21
11 64
11 1
11 66
11 36
11 6
11 71
11 74
11 87
11 12
11 45
11 83
11 20
11 55
11 58
11 59
11 63
13 1
13 87
13 36
13 65
13 71
13 72
13 42
13 39
13 12
13 47
13 55
13 58
13 59
13 63
14 33
14 75
14 44
14 30
14 11
14 76
14 78
14 79
14 48
14 49
14 52
14 41
14 9
14 57
14 62
14 53
16 50
16 46
16 38
16 7
19 32
19 65
19 15
19 82
19 56
19 47
21 75
21 9
21 30
21 11
21 76
21 14
21 44
21 48
21 49
21 52
21 78
21 22
21 79
21 62
21 53
22 64
22 66
22 6
22 71
22 74
22 43
22 12
22 45
22 77
22 83
22 20
22 87
22 58
22 63
23 75
23 9
23 30
23 11
23 76
23 14
23 44
23 48
23 49
23 52
23 78
23 22
23 79
23 62
23 53
24 40
24 26
24 27
24 60
24 29
25 9
25 75
25 76
25 14
25 79
25 48
25 49
25 22
26 1
26 36
26 65
26 39
26 72
26 42
26 47
26 55
26 58
26 59
26 63
27 19
27 33
27 34
27 35
27 70
27 41
27 80
27 24
27 51
27 21
27 54
27 73
27 88
27 57
27 31
27 28
27 61
27 85
28 64
28 66
28 73
28 43
28 77
28 45
28 83
28 20
28 88
28 25
28 31
29 32
29 68
29 84
29 4
31 32
31 65
31 39
31 72
31 42
31 47
31 82
31 56
31 15
32 64
32 1
32 66
32 6
32 71
32 74
32 43
32 12
32 45
32 77
32 83
32 20
32 87
32 58
32 63
33 9
33 75
33 76
33 14
33 79
33 48
33 49
33 22
33 62
34 33
34 35
34 70
34 41
34 11
34 44
34 78
34 61
34 80
34 51
34 52
34 85
34 54
34 24
34 57
34 53
34 30
34 21
35 64
35 66
35 6
35 73
35 74
35 43
35 45
35 77
35 83
35 20
35 88
35 25
35 28
36 65
36 39
36 72
36 42
36 47
36 82
36 55
36 56
36 15
37 34
37 35
37 70
37 73
37 80
37 24
37 19
37 85
37 54
37 88
37 25
37 28
37 61
37 31
39 9
39 75
39 76
39 14
39 79
39 48
39 49
39 22
39 62
40 64
40 1
40 66
40 6
40 71
40 74
40 43
40 12
40 45
40 83
40 20
40 87
40 58
40 63
41 64
41 66
41 6
41 71
41 73
41 74
41 43
41 12
41 45
41 77
41 83
41 20
41 88
41 25
42 33
42 75
42 9
42 30
42 11
42 76
42 14
42 44
42 48
42 49
42 52
42 78
42 41
42 57
42 79
42 62
42 53
43 65
43 59
43 36
43 39
43 72
43 42
43 47
43 82
43 55
43 56
43 15
44 32
44 65
44 15
44 82
44 56
44 47
45 32
45 65
45 15
45 82
45 56
45 47
46 19
46 33
46 34
46 35
46 70
46 41
46 11
46 44
46 78
46 61
46 80
46 51
46 52
46 85
46 54
46 24
46 57
46 31
46 53
46 30
46 21
47 64
47 66
47 6
47 71
47 74
47 43
47 12
47 45
47 77
47 83
47 20
47 87
47 25
48 1
48 71
48 36
48 6
48 39
48 72
48 42
48 55
48 12
48 45
48 87
48 58
48 59
48 74
48 63
49 17
50 30
50 33
50 75
50 44
50 41
50 11
50 76
50 14
50 79
50 49
50 51
50 52
50 78
50 9
50 57
50 53
50 62
50 21
52 40
52 27
52 60
52 29
53 19
53 33
53 34
53 35
53 70
53 41
53 11
53 44
53 78
53 80
53 51
53 52
53 21
53 54
53 24
53 57
53 61
53 30
53 85
54 19
54 64
54 66
54 73
54 43
54 77
54 83
54 20
54 88
54 25
54 28
54 31
55 19
55 33
55 34
55 35
55 70
55 41
55 80
55 51
55 21
55 54
55 24
55 57
55 31
55 28
55 61
55 85
56 64
56 66
56 6
56 71
56 74
56 43
56 12
56 45
56 77
56 83
56 20
56 87
56 88
56 25
57 48
57 40
57 75
57 27
57 22
58 40
58 27
58 60
58 29
58 22
60 9
60 75
60 76
60 14
60 79
60 48
60 49
60 22
60 62
62 64
62 66
62 6
62 73
62 74
62 43
62 45
62 77
62 83
62 20
62 88
62 25
62 28
63 33
63 34
63 35
63 70
63 41
63 11
63 44
63 78
63 61
63 80
63 51
63 52
63 85
63 54
63 24
63 57
63 53
63 30
63 21
66 33
66 75
66 9
66 30
66 11
66 76
66 14
66 44
66 48
66 49
66 52
66 78
66 41
66 57
66 79
66 53
66 62
66 21
67 19
67 33
67 34
67 35
67 70
67 41
67 11
67 44
67 78
67 61
67 80
67 51
67 52
67 85
67 54
67 24
67 57
67 31
67 53
67 30
67 21
68 40
68 26
68 27
68 60
68 29
69 34
69 73
69 43
69 77
69 80
69 19
69 85
69 54
69 88
69 25
69 28
69 31
71 19
71 64
71 66
71 73
71 43
71 77
71 83
71 20
71 88
71 25
71 28
71 31
72 34
72 35
72 70
72 73
72 80
72 24
72 19
72 85
72 54
72 88
72 25
72 28
72 61
72 31
73 64
73 66
73 6
73 71
73 74
73 43
73 12
73 45
73 77
73 83
73 20
73 87
73 58
73 63
74 19
74 34
74 35
74 70
74 73
74 80
74 24
74 51
74 21
74 54
74 88
74 31
74 28
74 61
74 85
75 40
75 26
75 27
75 60
75 29
76 64
76 1
76 66
76 6
76 71
76 74
76 43
76 12
76 45
76 83
76 20
76 87
76 58
76 59
76 63
77 19
77 34
77 35
77 70
77 73
77 80
77 24
77 51
77 21
77 54
77 88
77 31
77 28
77 61
77 85
78 19
78 33
78 34
78 35
78 70
78 41
78 80
78 51
78 52
78 21
78 54
78 24
78 57
78 31
78 28
78 61
78 30
78 85
79 64
79 66
79 6
79 73
79 74
79 43
79 45
79 77
79 83
79 20
79 88
79 25
79 28
80 19
80 33
80 34
80 35
80 70
80 73
80 24
80 51
80 21
80 54
80 88
80 31
80 28
80 61
80 85
81 9
81 75
81 76
81 14
81 79
81 48
81 49
81 22
81 62
82 32
82 65
82 39
82 42
82 15
82 56
82 47
83 64
83 66
83 73
83 43
83 77
83 19
83 88
83 25
83 28
83 31
84 32
84 65
84 42
84 15
84 82
84 56
84 47
85 64
85 1
85 66
85 36
85 6
85 71
85 74
85 87
85 12
85 45
85 20
85 55
85 58
85 59
85 63
86 40
86 26
86 27
86 60
86 29
87 33
87 34
87 35
87 70
87 41
87 11
87 44
87 78
87 61
87 80
87 51
87 52
87 85
87 54
87 24
87 57
87 53
87 30
87 21
88 9
88 75
88 76
88 14
88 79
88 48
88 49
88 22
88 62
