88
1 64
1 67
1 37
1 39
1 29
1 73
1 11
1 76
1 79
1 80
1 81
1 26
1 52
1 24
1 25
1 71
1 47
1 28
1 58
1 63
2 32
2 65
2 34
2 50
2 69
2 42
2 75
2 44
2 45
2 78
2 82
2 85
2 22
2 54
2 86
2 53
2 21
3 1
3 11
3 18
3 26
3 31
3 33
3 35
3 37
3 47
3 52
3 58
3 63
3 64
3 66
3 71
3 72
3 76
3 79
3 80
3 81
3 83
3 87
4 1
4 66
4 3
4 33
4 7
4 72
4 9
4 74
4 83
4 77
4 18
4 35
4 41
4 87
4 56
4 23
4 31
5 64
5 1
5 66
5 3
5 37
5 7
5 72
5 74
5 83
5 77
5 79
5 56
5 18
5 35
5 52
5 87
5 23
5 33
5 31
5 26
5 63
6 64
6 67
6 37
6 39
6 29
6 73
6 11
6 76
6 79
6 80
6 81
6 26
6 52
6 24
6 25
6 71
6 47
6 28
6 58
6 63
7 3
7 68
7 9
7 74
7 55
7 77
7 49
7 41
7 23
7 56
7 57
7 61
10 64
10 35
10 37
10 71
10 72
10 73
10 11
10 76
10 79
10 80
10 81
10 52
10 87
10 24
10 58
10 47
10 28
10 26
10 63
11 68
11 7
11 9
11 23
11 77
11 14
11 49
11 56
11 41
11 55
11 88
11 57
11 61
12 68
12 9
12 14
12 49
12 41
12 55
12 88
12 57
12 27
12 61
12 62
13 1
13 66
13 3
13 33
13 7
13 72
13 9
13 74
13 83
13 77
13 18
13 35
13 41
13 87
13 56
13 23
13 31
14 1
14 66
14 3
14 33
14 7
14 72
14 9
14 74
14 83
14 77
14 18
14 35
14 41
14 23
14 56
14 57
14 31
15 1
15 3
15 11
15 18
15 26
15 31
15 33
15 35
15 37
15 47
15 52
15 63
15 64
15 66
15 71
15 72
15 76
15 79
15 80
15 81
15 83
15 87
17 30
24 64
24 1
24 66
24 3
24 37
24 7
24 72
24 74
24 83
24 77
24 79
24 56
24 18
24 35
24 87
24 23
24 33
24 31
24 63
25 68
25 7
25 9
25 74
25 55
25 77
25 49
25 41
25 23
25 56
25 57
25 61
26 1
26 66
26 3
26 33
26 7
26 72
26 9
26 74
26 83
26 77
26 18
26 35
26 41
26 87
26 56
26 23
26 31
27 33
27 66
27 3
27 68
27 7
27 9
27 74
27 23
27 77
27 49
27 18
27 83
27 41
27 55
27 56
27 57
27 61
29 65
29 67
29 69
29 39
29 73
29 42
29 44
29 45
29 78
29 21
29 24
29 25
29 28
29 53
30 1
30 3
30 11
30 18
30 26
30 31
30 33
30 35
30 37
30 47
30 52
30 63
30 64
30 66
30 71
30 72
30 76
30 79
30 80
30 81
30 83
30 87
31 80
31 67
31 69
31 39
31 73
31 71
31 76
31 44
31 11
31 81
31 52
31 24
31 25
31 58
31 47
31 28
31 29
32 68
32 9
32 14
32 49
32 41
32 55
32 88
32 57
32 27
32 61
32 62
33 64
33 1
33 66
33 3
33 37
33 71
33 72
33 31
33 74
33 11
33 79
33 80
33 81
33 18
33 35
33 52
33 87
33 83
33 26
33 47
33 63
35 65
35 67
35 69
35 39
35 73
35 42
35 44
35 45
35 78
35 21
35 24
35 25
35 28
35 29
35 53
37 68
37 7
37 9
37 55
37 77
37 49
37 41
37 23
37 56
37 57
37 61
39 64
39 1
39 66
39 3
39 37
39 7
39 72
39 74
39 83
39 77
39 79
39 56
39 18
39 35
39 87
39 23
39 33
39 31
39 63
41 1
41 66
41 3
41 33
41 7
41 72
41 9
41 74
41 83
41 77
41 56
41 18
41 35
41 87
41 23
41 31
42 1
42 66
42 3
42 33
42 7
42 72
42 9
42 74
42 77
42 18
42 83
42 41
42 23
42 56
42 57
42 31
43 64
43 67
43 37
43 39
43 29
43 73
43 11
43 76
43 79
43 80
43 81
43 26
43 52
43 24
43 25
43 71
43 47
43 28
43 58
43 63
47 64
47 35
47 37
47 39
47 73
47 11
47 76
47 79
47 80
47 81
47 26
47 67
47 52
47 87
47 24
47 25
47 71
47 29
47 28
47 58
47 63
49 3
49 68
49 7
49 9
49 74
49 55
49 77
49 41
49 23
49 56
49 57
49 61
53 68
53 7
53 9
53 55
53 77
53 49
53 56
53 41
53 23
53 88
53 57
53 61
55 1
55 66
55 3
55 33
55 7
55 9
55 74
55 77
55 18
55 83
55 41
55 23
55 56
55 57
55 31
56 1
56 66
56 3
56 33
56 7
56 72
56 9
56 74
56 83
56 77
56 18
56 35
56 41
56 87
56 23
56 31
57 1
57 11
57 18
57 26
57 31
57 33
57 35
57 37
57 47
57 52
57 58
57 63
57 64
57 66
57 71
57 72
57 76
57 79
57 80
57 81
57 83
57 87
58 68
58 9
58 14
58 49
58 41
58 55
58 88
58 57
58 27
58 61
58 62
59 1
59 11
59 18
59 26
59 31
59 33
59 35
59 37
59 47
59 52
59 58
59 63
59 64
59 66
59 71
59 72
59 76
59 79
59 80
59 81
59 83
59 87
60 64
60 1
60 35
60 37
60 71
60 72
60 73
60 11
60 76
60 31
60 79
60 80
60 81
60 52
60 87
60 58
60 47
60 28
60 26
60 63
61 33
61 66
61 3
61 68
61 7
61 9
61 74
61 23
61 77
61 49
61 18
61 83
61 41
61 55
61 56
61 57
62 68
62 9
62 55
62 14
62 49
62 56
62 41
62 88
62 57
62 61
63 33
63 66
63 3
63 68
63 7
63 9
63 74
63 23
63 77
63 49
63 18
63 83
63 41
63 55
63 56
63 57
63 31
64 1
64 66
64 3
64 33
64 7
64 72
64 9
64 74
64 83
64 77
64 18
64 35
64 41
64 87
64 56
64 23
64 31
68 1
68 66
68 3
68 33
68 7
68 9
68 74
68 23
68 77
68 49
68 18
68 83
68 41
68 55
68 56
68 57
68 31
71 1
71 66
71 3
71 33
71 7
71 72
71 9
71 74
71 83
71 77
71 18
71 35
71 41
71 87
71 56
71 23
71 31
72 68
72 9
72 14
72 49
72 41
72 55
72 88
72 57
72 27
72 61
72 62
77 64
77 67
77 37
77 39
77 29
77 73
77 11
77 76
77 79
77 80
77 81
77 26
77 52
77 24
77 25
77 71
77 47
77 28
77 58
77 63
78 1
78 66
78 3
78 33
78 7
78 72
78 9
78 74
78 83
78 77
78 18
78 35
78 41
78 87
78 56
78 23
78 31
79 64
79 1
79 66
79 3
79 37
79 7
79 72
79 74
79 83
79 77
79 56
79 18
79 35
79 87
79 23
79 33
79 31
79 26
79 63
81 64
81 1
81 66
81 3
81 37
81 7
81 72
81 74
81 83
81 77
81 79
81 56
81 18
81 35
81 87
81 23
81 33
81 31
81 26
81 63
83 51
83 36
83 70
83 38
84 33
84 66
84 3
84 68
84 7
84 9
84 74
84 23
84 77
84 49
84 18
84 83
84 41
84 55
84 56
84 57
84 31
86 3
86 68
86 7
86 9
86 74
86 23
86 77
86 49
86 41
86 55
86 56
86 57
86 61
87 64
87 1
87 66
87 3
87 37
87 7
87 72
87 74
87 83
87 77
87 79
87 18
87 35
87 23
87 56
87 33
87 31
87 63
88 64
88 67
88 37
88 39
88 29
88 73
88 11
88 76
88 79
88 80
88 81
88 26
88 52
88 24
88 25
88 71
88 47
88 28
88 58
88 63
