88
1 81
1 82
1 6
1 79
2 1
2 35
2 38
2 65
2 15
2 83
2 52
2 85
2 22
3 1
3 2
3 35
3 33
3 38
3 71
3 76
3 34
3 15
3 83
3 52
3 21
3 84
3 70
3 65
4 33
4 2
4 35
4 36
4 70
4 38
4 71
4 75
4 76
4 34
4 15
4 83
4 84
4 21
4 65
5 2
5 36
5 70
5 71
5 72
5 74
5 75
5 76
5 34
5 77
5 84
5 21
5 55
5 31
6 3
6 4
6 40
6 9
6 14
6 80
6 24
6 73
6 88
6 58
6 63
7 64
7 66
7 68
7 39
7 41
7 78
7 48
7 49
7 18
7 54
7 25
7 28
7 61
8 11
8 37
8 7
8 10
8 43
8 45
8 87
8 26
8 30
9 50
9 51
9 86
9 23
9 56
9 62
10 3
10 4
10 40
10 9
10 14
10 80
10 73
10 88
10 58
10 63
11 3
11 40
11 9
11 80
11 73
11 88
11 58
11 63
12 27
12 69
12 50
12 86
12 23
12 56
12 59
12 62
14 11
14 37
14 7
14 10
14 43
14 45
14 87
14 26
14 30
15 64
15 32
15 67
15 68
15 39
15 44
15 13
15 48
15 17
15 18
15 54
15 57
17 51
19 27
19 69
19 12
19 45
19 46
19 50
19 30
19 86
19 56
19 26
19 59
19 62
20 27
20 69
20 12
20 45
20 46
20 86
20 56
20 26
20 59
20 30
21 33
21 2
21 36
21 70
21 38
21 71
21 72
21 74
21 75
21 76
21 34
21 84
21 55
21 65
22 64
22 32
22 67
22 68
22 39
22 44
22 13
22 48
22 17
22 18
22 54
22 57
23 2
23 36
23 70
23 71
23 72
23 74
23 75
23 76
23 34
23 77
23 49
23 84
23 21
23 55
23 61
23 31
24 43
24 5
24 7
24 8
24 10
24 11
24 87
24 42
24 37
25 1
25 35
25 33
25 38
25 65
25 15
25 83
25 52
25 22
26 1
26 35
26 38
26 15
26 83
26 52
26 85
26 22
27 1
27 2
27 35
27 33
27 38
27 71
27 76
27 34
27 15
27 83
27 52
27 21
27 84
27 70
27 65
28 50
28 51
28 62
28 23
29 81
29 82
29 47
29 6
29 79
30 1
30 2
30 35
30 33
30 38
30 65
30 76
30 15
30 83
30 52
30 70
31 4
31 5
31 8
31 10
31 11
31 14
31 24
31 88
31 42
32 64
32 66
32 67
32 68
32 39
32 41
32 44
32 13
32 48
32 17
32 18
32 54
32 57
33 1
33 2
33 35
33 70
33 38
33 71
33 76
33 34
33 15
33 83
33 52
33 21
33 84
33 65
34 64
34 66
34 39
34 41
34 77
34 78
34 49
34 54
34 25
34 28
34 61
34 31
35 82
36 64
36 32
36 67
36 68
36 39
36 44
36 13
36 48
36 17
36 18
36 54
36 57
37 6
37 47
37 81
37 53
37 79
37 85
39 2
39 36
39 70
39 71
39 72
39 74
39 75
39 76
39 34
39 77
39 49
39 84
39 21
39 55
39 61
39 31
40 64
40 66
40 68
40 39
40 41
40 78
40 48
40 49
40 18
40 54
40 25
40 28
40 61
41 64
41 32
41 66
41 67
41 68
41 39
41 13
41 78
41 48
41 18
41 54
42 3
42 40
42 9
42 80
42 73
42 88
42 58
42 63
43 64
43 66
43 68
43 39
43 41
43 78
43 48
43 49
43 18
43 54
43 25
43 28
43 61
45 66
45 36
45 72
45 41
45 74
45 77
45 78
45 49
45 55
45 25
45 28
45 61
45 31
46 32
46 80
46 3
46 68
46 40
46 9
46 44
46 13
46 48
46 17
46 18
46 67
46 73
46 57
46 58
46 63
47 82
48 32
48 3
48 68
48 40
48 9
48 44
48 13
48 80
48 17
48 18
48 67
48 73
48 57
48 58
48 63
49 1
49 47
49 52
49 53
49 22
49 85
50 64
50 32
50 67
50 68
50 39
50 44
50 13
50 48
50 17
50 18
50 54
50 57
53 4
53 5
53 7
53 8
53 10
53 11
53 14
53 87
53 24
53 42
54 64
54 66
54 39
54 41
54 77
54 78
54 49
54 25
54 28
54 61
54 31
55 64
55 66
55 39
55 72
55 41
55 74
55 77
55 78
55 49
55 54
55 25
55 28
55 61
55 31
56 64
56 66
56 68
56 39
56 41
56 78
56 48
56 18
56 54
56 28
57 50
57 51
57 86
57 23
57 56
57 62
58 4
58 5
58 8
58 10
58 14
58 24
58 88
58 42
59 60
60 34
60 36
60 72
60 74
60 75
60 77
60 49
60 84
60 21
60 55
60 25
60 28
60 61
60 31
61 64
61 32
61 67
61 68
61 39
61 9
61 44
61 13
61 48
61 17
61 18
61 54
61 57
61 63
62 2
62 36
62 70
62 71
62 72
62 74
62 75
62 76
62 34
62 77
62 84
62 21
62 55
62 31
63 2
63 36
63 70
63 71
63 72
63 74
63 75
63 76
63 34
63 77
63 84
63 21
63 55
63 31
64 32
64 67
64 40
64 9
64 44
64 13
64 80
64 17
64 3
64 73
64 88
64 57
64 58
64 63
65 3
65 40
65 9
65 80
65 17
65 73
65 88
65 57
65 58
65 63
66 33
66 2
66 36
66 70
66 71
66 72
66 74
66 75
66 76
66 34
66 77
66 84
66 21
66 55
66 31
66 65
67 33
67 2
67 35
67 36
67 70
67 38
67 71
67 75
67 76
67 34
67 15
67 84
67 21
67 55
67 65
68 36
68 72
68 74
68 75
68 77
68 78
68 49
68 55
68 25
68 28
68 61
68 31
69 32
69 67
69 40
69 9
69 44
69 13
69 80
69 17
69 3
69 73
69 57
69 58
69 63
70 3
70 40
70 9
70 80
70 73
70 88
70 58
70 63
71 4
71 5
71 8
71 10
71 11
71 14
71 24
71 87
71 88
71 42
72 64
72 32
72 67
72 68
72 39
72 44
72 13
72 48
72 17
72 18
72 54
72 57
73 32
73 3
73 68
73 40
73 9
73 44
73 13
73 48
73 17
73 18
73 67
73 57
73 58
73 63
74 32
74 80
74 3
74 68
74 40
74 9
74 44
74 13
74 48
74 17
74 18
74 67
74 73
74 57
74 58
74 63
75 64
75 66
75 39
75 72
75 41
75 74
75 77
75 78
75 49
75 54
75 25
75 28
75 61
75 31
76 3
76 4
76 5
76 40
76 73
76 14
76 80
76 24
76 88
76 58
77 32
77 80
77 3
77 68
77 40
77 9
77 44
77 13
77 48
77 17
77 18
77 67
77 73
77 57
77 58
77 63
78 43
78 4
78 5
78 7
78 8
78 10
78 11
78 14
78 87
78 24
78 42
79 64
79 32
79 67
79 68
79 39
79 9
79 44
79 13
79 48
79 17
79 18
79 54
79 57
79 63
80 2
80 36
80 70
80 71
80 72
80 74
80 75
80 76
80 34
80 77
80 49
80 84
80 21
80 55
80 61
80 31
81 50
81 51
81 86
81 23
81 56
81 62
82 4
82 5
82 8
82 10
82 11
82 14
82 24
82 88
82 42
83 33
83 2
83 35
83 36
83 70
83 38
83 71
83 75
83 76
83 34
83 15
83 84
83 21
83 65
84 32
84 3
84 68
84 40
84 9
84 44
84 13
84 80
84 17
84 18
84 67
84 73
84 57
84 58
84 63
85 43
85 37
85 7
85 11
85 45
85 46
85 87
85 26
85 30
86 1
86 35
86 15
86 83
86 52
86 53
86 22
86 85
87 43
87 5
87 7
87 8
87 42
87 11
87 24
87 10
87 37
88 32
88 67
88 40
88 9
88 44
88 13
88 80
88 17
88 3
88 73
88 57
88 58
88 63
