88
1 36
1 7
1 8
1 44
1 48
1 49
1 86
2 36
2 6
2 7
2 8
2 48
2 49
2 19
2 86
3 37
3 39
3 43
3 13
3 14
3 21
3 59
3 29
3 31
4 35
4 37
4 39
4 11
4 29
4 45
4 14
4 13
4 59
4 21
4 43
4 24
4 79
4 61
4 62
4 31
6 3
6 5
6 17
6 31
6 11
6 29
6 45
6 79
6 80
6 81
6 82
6 35
6 24
6 59
6 28
6 61
6 62
6 63
8 3
8 17
8 5
8 6
8 7
8 48
8 81
8 19
8 28
9 6
9 17
9 8
9 7
9 48
9 81
9 19
9 86
9 28
10 3
10 5
10 6
10 17
10 45
10 79
10 80
10 81
10 82
10 19
10 24
10 28
10 63
12 6
12 17
12 8
12 7
12 48
12 81
12 19
12 86
12 28
14 39
14 37
14 43
14 21
14 13
18 48
18 3
18 5
18 6
18 17
18 45
18 79
18 80
18 81
18 82
18 19
18 24
18 28
18 63
19 3
19 5
19 17
19 31
19 11
19 29
19 45
19 79
19 80
19 81
19 82
19 35
19 24
19 59
19 28
19 61
19 62
19 63
21 35
21 37
21 39
21 43
21 13
21 14
21 29
21 59
21 61
21 62
21 31
22 48
22 3
22 17
22 5
22 6
22 7
22 8
22 80
22 81
22 82
22 19
22 28
22 63
23 3
23 5
23 6
23 17
23 11
23 45
23 79
23 80
23 81
23 82
23 35
23 24
23 28
23 61
23 62
23 63
24 35
24 37
24 39
24 11
24 29
24 45
24 14
24 13
24 59
24 21
24 43
24 79
24 61
24 62
24 31
25 36
25 7
25 8
25 44
25 48
25 49
25 86
26 40
26 49
26 44
27 35
27 37
27 39
27 11
27 13
27 14
27 29
27 43
27 21
27 59
27 61
27 62
27 31
30 19
30 3
30 5
30 6
30 17
30 11
30 45
30 79
30 80
30 81
30 82
30 35
30 24
30 28
30 61
30 63
31 37
31 39
31 43
31 13
31 14
31 21
31 29
32 48
32 3
32 17
32 5
32 6
32 7
32 8
32 80
32 81
32 19
32 28
33 3
33 5
33 17
33 31
33 11
33 29
33 13
33 45
33 80
33 81
33 82
33 35
33 59
33 24
33 79
33 28
33 61
33 62
33 63
34 19
34 3
34 5
34 6
34 17
34 11
34 45
34 79
34 80
34 81
34 82
34 35
34 24
34 28
34 61
34 62
34 63
35 43
35 37
35 39
35 11
35 13
35 14
35 29
35 21
35 24
35 59
35 61
35 62
35 31
36 3
36 5
36 17
36 31
36 11
36 29
36 13
36 45
36 80
36 81
36 82
36 35
36 59
36 24
36 79
36 28
36 61
36 62
36 63
38 3
38 5
38 17
38 31
38 11
38 29
38 13
38 45
38 80
38 81
38 82
38 35
38 21
38 59
38 24
38 79
38 61
38 62
38 63
40 35
40 5
40 39
40 37
40 31
40 11
40 29
40 45
40 14
40 13
40 80
40 59
40 82
40 21
40 43
40 24
40 79
40 61
40 62
40 63
41 36
41 6
41 7
41 8
41 48
41 49
41 19
41 86
42 36
42 6
42 7
42 8
42 44
42 48
42 49
42 19
42 86
45 3
45 5
45 17
45 31
45 11
45 29
45 13
45 79
45 80
45 81
45 82
45 35
45 24
45 59
45 28
45 61
45 62
45 63
46 36
46 6
46 7
46 8
46 44
46 48
46 49
46 19
46 86
47 3
47 5
47 17
47 31
47 11
47 29
47 13
47 45
47 80
47 81
47 82
47 35
47 59
47 24
47 79
47 28
47 61
47 62
47 63
48 6
48 17
48 8
48 7
48 81
48 19
48 86
48 28
50 40
50 49
50 44
51 35
51 37
51 39
51 11
51 13
51 14
51 29
51 43
51 21
51 59
51 61
51 62
51 31
52 3
52 5
52 17
52 31
52 11
52 29
52 45
52 79
52 80
52 81
52 82
52 35
52 24
52 59
52 28
52 61
52 62
52 63
53 19
53 3
53 5
53 6
53 17
53 11
53 45
53 79
53 80
53 81
53 82
53 35
53 24
53 28
53 61
53 62
53 63
54 3
54 5
54 6
54 17
54 11
54 45
54 79
54 80
54 81
54 82
54 35
54 24
54 59
54 28
54 61
54 62
54 63
55 40
55 44
56 40
57 36
57 7
57 8
57 44
57 48
57 49
57 86
58 40
58 49
58 44
58 86
58 36
59 35
59 37
59 39
59 11
59 13
59 14
59 29
59 43
59 21
59 61
59 62
59 31
61 35
61 37
61 39
61 11
61 13
61 14
61 43
61 21
61 59
61 29
61 62
61 31
64 48
64 3
64 17
64 5
64 6
64 7
64 8
64 45
64 79
64 80
64 81
64 82
64 19
64 28
64 63
65 3
65 5
65 17
65 31
65 11
65 29
65 13
65 45
65 80
65 81
65 82
65 35
65 59
65 24
65 79
65 28
65 61
65 62
65 63
66 36
66 6
66 7
66 8
66 48
66 49
66 19
66 86
67 37
67 39
67 43
67 13
67 14
67 21
67 59
67 29
67 31
68 3
68 5
68 31
68 11
68 29
68 13
68 45
68 80
68 59
68 82
68 35
68 21
68 43
68 24
68 79
68 61
68 62
68 63
69 3
69 5
69 17
69 31
69 11
69 29
69 13
69 45
69 80
69 81
69 82
69 35
69 21
69 59
69 24
69 79
69 61
69 62
69 63
70 48
70 3
70 17
70 5
70 6
70 7
70 8
70 45
70 79
70 80
70 81
70 82
70 19
70 24
70 28
70 63
71 48
71 3
71 5
71 6
71 17
71 45
71 79
71 80
71 81
71 82
71 19
71 24
71 28
71 63
72 48
72 3
72 17
72 5
72 6
72 7
72 8
72 80
72 81
72 82
72 19
72 28
72 63
73 3
73 5
73 17
73 31
73 11
73 29
73 13
73 45
73 80
73 81
73 82
73 35
73 21
73 59
73 24
73 79
73 28
73 61
73 62
73 63
74 48
74 3
74 17
74 5
74 6
74 7
74 8
74 80
74 81
74 82
74 19
74 28
74 63
75 3
75 5
75 17
75 31
75 11
75 29
75 13
75 45
75 80
75 81
75 82
75 35
75 59
75 24
75 79
75 28
75 61
75 62
75 63
76 35
76 37
76 39
76 31
76 11
76 29
76 45
76 14
76 13
76 59
76 82
76 21
76 43
76 24
76 79
76 61
76 62
76 63
77 35
77 37
77 39
77 11
77 29
77 45
77 14
77 13
77 59
77 21
77 43
77 24
77 79
77 61
77 62
77 31
78 48
78 3
78 17
78 5
78 6
78 7
78 8
78 80
78 81
78 82
78 19
78 28
78 63
79 35
79 37
79 39
79 11
79 13
79 14
79 29
79 43
79 21
79 59
79 61
79 62
79 31
80 3
80 5
80 17
80 31
80 11
80 29
80 13
80 45
80 81
80 82
80 35
80 21
80 59
80 24
80 79
80 61
80 62
80 63
82 35
82 37
82 39
82 11
82 13
82 14
82 29
82 43
82 21
82 59
82 61
82 62
82 31
83 36
83 6
83 7
83 8
83 48
83 49
83 19
83 86
84 40
84 49
84 44
84 36
85 3
85 5
85 6
85 17
85 45
85 79
85 80
85 81
85 82
85 19
85 24
85 28
85 63
86 3
86 5
86 17
86 31
86 11
86 29
86 13
86 45
86 80
86 81
86 82
86 35
86 59
86 24
86 79
86 28
86 61
86 62
86 63
87 3
87 5
87 6
87 17
87 11
87 45
87 79
87 80
87 81
87 82
87 35
87 24
87 59
87 28
87 61
87 62
87 63
88 48
88 3
88 17
88 5
88 6
88 7
88 8
88 80
88 81
88 82
88 19
88 28
88 63
