88
1 33
1 66
1 4
1 70
1 71
1 72
1 74
1 75
1 44
1 45
1 81
1 83
1 24
1 28
1 31
2 34
2 35
2 76
2 78
2 79
2 23
2 88
2 25
3 32
3 1
3 67
3 5
3 6
3 65
3 40
3 41
3 11
3 13
3 38
3 50
3 20
3 21
3 54
3 56
3 58
3 27
3 60
3 61
3 62
4 33
4 66
4 70
4 71
4 72
4 74
4 75
4 44
4 45
4 81
4 83
4 24
4 28
4 31
5 34
5 35
5 76
5 78
5 80
5 23
5 88
6 37
6 39
6 10
6 14
6 19
6 52
6 26
7 84
8 2
8 3
8 9
8 42
8 46
8 48
8 17
8 85
8 31
9 64
9 82
9 15
10 1
10 5
10 6
10 11
10 12
10 13
10 20
10 21
10 27
10 32
10 38
10 40
10 41
10 50
10 55
10 56
10 58
10 60
10 61
10 62
10 65
10 67
11 5
11 12
11 13
11 21
11 24
11 27
11 28
11 32
11 41
11 44
11 50
11 55
11 56
11 57
11 61
11 65
11 68
11 70
11 72
11 74
11 75
11 83
12 32
12 1
12 67
12 5
12 6
12 65
12 40
12 41
12 11
12 13
12 38
12 50
12 20
12 21
12 54
12 56
12 58
12 27
12 60
12 61
12 62
13 1
13 67
13 38
13 6
13 39
13 40
13 11
13 50
13 20
13 21
13 54
13 56
13 58
13 27
13 60
13 61
13 62
13 65
14 32
14 1
14 67
14 68
14 5
14 6
14 65
14 40
14 41
14 12
14 13
14 50
14 21
14 55
14 56
14 57
14 58
14 27
14 61
14 62
15 66
15 3
15 71
15 42
15 45
15 81
15 31
16 32
16 1
16 67
16 68
16 5
16 6
16 65
16 40
16 41
16 12
16 13
16 50
16 21
16 55
16 56
16 57
16 58
16 27
16 61
16 62
17 32
17 1
17 67
17 5
17 6
17 65
17 40
17 41
17 11
17 13
17 38
17 50
17 20
17 21
17 54
17 56
17 58
17 27
17 60
17 61
17 62
18 33
18 66
18 4
18 70
18 71
18 72
18 74
18 75
18 44
18 45
18 81
18 83
18 24
18 68
18 28
19 8
20 36
20 69
20 43
20 87
20 59
20 29
20 30
21 84
21 15
23 2
23 3
23 17
23 9
23 42
23 46
23 48
23 81
23 85
23 31
24 36
24 43
24 14
24 19
24 59
24 30
25 64
25 18
25 82
25 22
25 47
26 2
26 3
26 9
26 42
26 46
26 48
26 17
26 53
26 73
26 85
27 51
27 7
28 8
28 49
29 34
29 35
29 73
29 76
29 78
29 79
29 53
29 23
29 88
29 25
30 34
30 35
30 76
30 78
30 79
30 23
30 88
31 2
31 35
31 73
31 76
31 34
31 78
31 79
31 48
31 17
31 53
31 23
31 25
32 2
32 3
32 9
32 42
32 66
32 46
32 81
32 85
32 31
33 36
33 37
33 10
33 14
33 19
33 52
33 59
34 32
34 1
34 67
34 5
34 6
34 65
34 40
34 41
34 11
34 13
34 38
34 50
34 20
34 21
34 54
34 56
34 58
34 27
34 60
34 61
34 62
35 88
35 80
35 23
35 63
37 66
37 3
37 42
37 45
37 81
37 31
38 2
38 3
38 9
38 42
38 76
38 46
38 79
38 48
38 17
38 53
38 73
38 25
38 85
39 1
39 5
39 6
39 12
39 13
39 21
39 24
39 27
39 28
39 32
39 40
39 41
39 44
39 50
39 55
39 56
39 57
39 58
39 61
39 65
39 67
39 68
39 72
39 74
39 75
40 2
40 3
40 17
40 9
40 42
40 46
40 48
40 81
40 85
40 31
41 66
41 3
41 42
41 45
41 81
41 31
42 2
42 3
42 17
42 9
42 46
42 48
42 81
42 85
42 31
43 33
43 4
43 70
43 71
43 72
43 44
43 74
43 75
43 12
43 45
43 83
43 57
43 55
43 24
43 68
43 28
44 32
44 33
44 4
44 5
44 70
44 71
44 72
44 41
44 74
44 75
44 12
44 45
44 50
44 83
44 57
44 55
44 24
44 68
44 28
45 33
45 4
45 70
45 71
45 72
45 44
45 74
45 75
45 12
45 83
45 57
45 55
45 24
45 68
45 28
46 33
46 66
46 4
46 70
46 71
46 75
46 45
46 81
46 83
46 28
46 31
47 43
47 59
47 36
47 30
47 14
48 84
48 15
49 34
49 35
49 76
49 78
49 80
49 23
49 88
50 2
50 3
50 9
50 42
50 46
50 48
50 17
50 85
50 31
51 33
51 66
51 4
51 70
51 71
51 45
51 81
51 83
51 31
52 64
52 82
52 15
53 32
53 1
53 67
53 68
53 5
53 6
53 65
53 40
53 41
53 12
53 13
53 50
53 21
53 55
53 56
53 57
53 58
53 27
53 61
53 62
54 1
54 67
54 37
54 38
54 39
54 40
54 10
54 11
54 52
54 20
54 26
54 60
54 62
55 51
55 87
55 43
55 69
55 29
56 36
56 69
56 43
56 87
56 59
56 29
56 30
57 37
57 38
57 39
57 10
57 11
57 52
57 54
57 20
57 26
57 60
57 62
58 32
58 1
58 67
58 5
58 6
58 65
58 40
58 41
58 11
58 13
58 38
58 50
58 20
58 21
58 54
58 56
58 27
58 60
58 61
58 62
59 5
59 6
59 12
59 13
59 21
59 24
59 27
59 28
59 32
59 41
59 44
59 50
59 55
59 56
59 57
59 58
59 61
59 65
59 68
59 72
59 74
59 75
59 83
60 66
60 3
60 9
60 42
60 45
60 81
60 31
61 32
61 33
61 4
61 5
61 70
61 71
61 72
61 41
61 74
61 75
61 12
61 44
61 50
61 83
61 57
61 55
61 24
61 68
61 28
62 36
62 69
62 43
62 87
62 59
62 29
62 30
63 2
63 9
63 23
63 76
63 34
63 78
63 79
63 48
63 17
63 46
63 73
63 25
63 85
63 53
64 2
64 35
64 73
64 76
64 34
64 78
64 79
64 48
64 17
64 53
64 23
64 25
65 2
65 3
65 9
65 42
65 46
65 48
65 17
65 53
65 73
65 25
65 85
66 32
66 1
66 67
66 5
66 6
66 65
66 40
66 41
66 11
66 13
66 38
66 50
66 20
66 21
66 54
66 56
66 58
66 27
66 60
66 61
66 62
67 37
67 38
67 39
67 10
67 11
67 52
67 54
67 20
67 26
67 60
67 62
68 33
68 66
68 4
68 70
68 71
68 75
68 45
68 81
68 83
68 28
68 31
69 84
69 15
70 66
70 3
70 9
70 42
70 45
70 81
70 31
71 32
71 1
71 67
71 5
71 6
71 65
71 40
71 41
71 11
71 12
71 13
71 50
71 20
71 21
71 55
71 56
71 58
71 27
71 60
71 61
71 62
72 1
72 67
72 38
72 6
72 39
72 40
72 10
72 11
72 20
72 54
72 56
72 58
72 60
72 26
72 62
72 65
73 2
73 9
73 42
73 76
73 34
73 46
73 79
73 48
73 17
73 78
73 23
73 25
73 85
73 53
74 34
74 35
74 76
74 78
74 79
74 23
74 88
74 25
75 87
75 51
75 69
75 29
77 87
77 43
77 69
77 30
77 29
78 87
78 43
78 69
78 30
78 29
79 2
79 9
79 42
79 23
79 76
79 34
79 46
79 48
79 17
79 78
79 73
79 25
79 85
79 53
80 49
81 2
81 3
81 9
81 42
81 46
81 48
81 17
81 53
81 73
81 85
82 8
82 49
84 77
84 86
85 34
85 35
85 76
85 78
85 79
85 23
85 88
85 25
86 36
86 69
86 43
86 87
86 59
86 29
86 30
87 84
88 2
88 3
88 17
88 9
88 42
88 46
88 48
88 81
88 85
88 31
