88
1 15
1 23
3 82
3 29
3 23
4 1
4 3
4 5
4 7
4 8
4 9
4 10
4 11
4 12
4 13
4 14
4 17
4 21
4 27
4 28
4 31
4 32
4 34
4 35
4 36
4 37
4 39
4 41
4 42
4 46
4 47
4 48
4 50
4 60
4 64
4 69
4 77
4 78
4 80
4 84
4 86
4 87
5 82
5 83
5 29
5 22
5 23
6 82
6 83
6 29
6 22
6 23
7 36
7 86
7 70
7 9
7 82
7 83
7 22
7 41
7 29
7 30
7 63
9 82
9 83
9 70
9 29
9 22
11 70
11 82
11 83
11 22
11 29
11 30
11 63
12 1
12 3
12 4
12 5
12 7
12 9
12 10
12 13
12 14
12 17
12 27
12 30
12 31
12 32
12 35
12 36
12 37
12 41
12 46
12 47
12 48
12 50
12 63
12 64
12 69
12 70
12 80
12 86
12 87
13 1
13 3
13 4
13 5
13 7
13 8
13 9
13 10
13 11
13 12
13 14
13 17
13 21
13 27
13 28
13 31
13 32
13 34
13 35
13 36
13 37
13 39
13 41
13 42
13 46
13 47
13 48
13 50
13 60
13 64
13 69
13 78
13 80
13 84
13 86
13 87
14 1
14 3
14 4
14 5
14 7
14 9
14 10
14 13
14 17
14 27
14 28
14 30
14 31
14 32
14 35
14 36
14 37
14 41
14 46
14 47
14 48
14 50
14 60
14 63
14 64
14 69
14 80
14 86
14 87
17 82
17 83
17 29
17 22
17 23
18 15
18 23
19 36
19 37
19 70
19 9
19 82
19 83
19 22
19 41
19 31
19 86
19 30
19 63
20 82
20 83
20 29
20 22
20 23
21 1
21 3
21 4
21 5
21 7
21 8
21 9
21 10
21 11
21 12
21 13
21 14
21 17
21 27
21 28
21 31
21 32
21 34
21 35
21 36
21 37
21 39
21 41
21 42
21 46
21 47
21 48
21 50
21 60
21 64
21 69
21 77
21 78
21 80
21 84
21 86
21 87
23 86
23 70
23 9
23 82
23 83
23 22
23 41
23 29
23 30
23 63
25 29
25 23
26 29
26 23
27 1
27 3
27 4
27 5
27 7
27 8
27 9
27 10
27 11
27 12
27 13
27 14
27 17
27 21
27 28
27 31
27 32
27 34
27 35
27 36
27 37
27 39
27 41
27 42
27 46
27 47
27 48
27 50
27 60
27 64
27 69
27 77
27 78
27 80
27 84
27 86
27 87
28 1
28 3
28 4
28 5
28 7
28 9
28 10
28 13
28 14
28 17
28 27
28 30
28 31
28 32
28 35
28 36
28 37
28 41
28 46
28 47
28 48
28 50
28 63
28 64
28 69
28 70
28 80
28 86
28 87
29 15
29 23
30 82
30 83
30 29
30 22
30 23
33 70
33 41
33 82
33 83
33 22
33 29
33 30
33 63
34 1
34 3
34 4
34 5
34 9
34 10
34 13
34 14
34 17
34 27
34 30
34 31
34 32
34 35
34 36
34 37
34 41
34 46
34 47
34 48
34 50
34 63
34 64
34 69
34 70
34 80
34 86
34 87
35 1
35 3
35 4
35 5
35 7
35 9
35 10
35 13
35 14
35 17
35 27
35 30
35 31
35 32
35 36
35 37
35 41
35 46
35 47
35 48
35 50
35 63
35 64
35 69
35 70
35 80
35 86
35 87
39 36
39 37
39 70
39 9
39 87
39 13
39 46
39 17
39 82
39 83
39 22
39 41
39 31
39 86
39 30
39 63
40 70
40 9
40 82
40 83
40 22
40 41
40 29
40 30
40 63
41 70
41 82
41 83
41 22
41 29
41 30
41 63
42 1
42 3
42 4
42 5
42 7
42 9
42 10
42 13
42 14
42 17
42 27
42 30
42 31
42 32
42 35
42 36
42 37
42 41
42 46
42 47
42 48
42 50
42 63
42 64
42 69
42 70
42 80
42 86
42 87
43 36
43 37
43 70
43 9
43 46
43 82
43 83
43 22
43 41
43 31
43 86
43 30
43 63
44 1
44 3
44 4
44 5
44 7
44 9
44 10
44 13
44 14
44 17
44 27
44 30
44 31
44 32
44 35
44 36
44 37
44 41
44 46
44 47
44 48
44 50
44 63
44 64
44 69
44 70
44 80
44 86
44 87
45 15
46 82
46 83
46 29
46 22
46 23
47 1
47 3
47 4
47 5
47 9
47 10
47 13
47 14
47 17
47 27
47 30
47 31
47 32
47 35
47 36
47 37
47 41
47 46
47 48
47 50
47 63
47 64
47 69
47 70
47 80
47 86
47 87
48 1
48 3
48 4
48 5
48 7
48 8
48 9
48 10
48 11
48 12
48 13
48 14
48 17
48 21
48 27
48 28
48 31
48 32
48 34
48 35
48 36
48 37
48 39
48 41
48 42
48 46
48 47
48 50
48 60
48 64
48 69
48 77
48 78
48 80
48 84
48 86
48 87
49 15
49 23
51 15
52 70
52 82
52 83
52 22
52 29
52 30
53 15
54 15
55 15
55 23
56 82
56 83
56 29
56 22
56 23
57 15
59 15
59 23
60 82
60 83
60 29
60 22
60 23
61 32
61 3
61 36
61 37
61 70
61 9
61 87
61 13
61 46
61 17
61 82
61 83
61 22
61 41
61 31
61 86
61 30
61 63
62 86
62 70
62 9
62 82
62 83
62 22
62 41
62 29
62 30
62 63
63 70
63 82
63 83
63 22
63 29
63 30
64 86
64 70
64 9
64 82
64 83
64 22
64 41
64 29
64 30
64 63
65 82
65 83
65 29
65 22
65 23
67 36
67 37
67 70
67 9
67 13
67 46
67 17
67 82
67 83
67 22
67 41
67 31
67 86
67 30
67 63
68 1
68 3
68 4
68 5
68 7
68 9
68 10
68 13
68 14
68 17
68 27
68 30
68 31
68 32
68 35
68 36
68 37
68 41
68 46
68 47
68 48
68 50
68 63
68 64
68 69
68 70
68 80
68 86
68 87
69 82
69 83
69 29
69 22
69 23
70 82
70 83
70 22
70 29
70 30
70 63
71 82
71 83
71 29
71 22
71 23
72 15
73 36
73 37
73 70
73 9
73 82
73 83
73 22
73 41
73 31
73 86
73 30
73 63
74 70
74 82
74 83
74 22
74 29
74 30
75 1
75 3
75 4
75 5
75 7
75 9
75 10
75 13
75 14
75 17
75 27
75 30
75 31
75 32
75 35
75 36
75 37
75 41
75 46
75 47
75 48
75 50
75 63
75 64
75 69
75 70
75 80
75 86
75 87
76 1
76 3
76 4
76 5
76 7
76 9
76 10
76 12
76 13
76 14
76 17
76 27
76 28
76 30
76 31
76 32
76 35
76 36
76 37
76 41
76 46
76 47
76 48
76 50
76 60
76 63
76 64
76 69
76 78
76 80
76 86
76 87
77 70
77 82
77 83
77 22
77 29
77 30
77 63
78 1
78 3
78 4
78 5
78 7
78 9
78 10
78 13
78 14
78 17
78 27
78 30
78 31
78 32
78 35
78 36
78 37
78 41
78 46
78 47
78 48
78 50
78 63
78 64
78 69
78 70
78 80
78 86
78 87
79 1
79 3
79 4
79 5
79 9
79 10
79 13
79 14
79 17
79 27
79 30
79 31
79 32
79 35
79 36
79 37
79 41
79 46
79 47
79 48
79 50
79 63
79 64
79 69
79 70
79 80
79 86
79 87
80 1
80 3
80 4
80 5
80 7
80 9
80 10
80 13
80 14
80 17
80 27
80 30
80 31
80 32
80 35
80 36
80 37
80 41
80 46
80 47
80 48
80 50
80 63
80 64
80 69
80 70
80 86
80 87
82 70
82 9
82 83
82 22
82 41
82 29
82 30
82 63
84 15
87 82
87 83
87 29
87 22
87 23
88 82
88 83
88 29
88 22
88 23
