88
1 35
1 36
1 37
1 38
1 7
1 42
1 43
1 47
1 48
1 81
1 51
1 84
1 23
1 56
1 71
1 27
1 74
1 69
2 35
2 37
2 6
2 7
2 73
2 74
2 11
2 44
2 13
2 14
2 77
2 71
2 53
2 23
2 55
2 87
2 27
2 60
2 69
3 2
3 4
3 70
3 6
3 72
3 46
3 66
3 14
3 45
3 88
3 53
3 78
3 86
3 87
3 24
3 55
3 26
3 29
3 62
3 21
4 66
4 3
4 70
4 6
4 72
4 41
4 75
4 45
4 14
4 24
4 53
4 78
4 86
4 87
4 88
4 46
4 26
4 29
4 62
4 21
5 2
5 35
5 37
5 7
5 73
5 74
5 11
5 44
5 13
5 77
5 48
5 81
5 84
5 55
5 23
5 71
5 27
5 60
5 69
6 2
6 3
6 72
6 73
6 11
6 44
6 66
6 14
6 77
6 24
6 29
6 78
6 87
6 46
6 55
6 26
6 60
6 13
6 53
9 17
9 82
10 25
11 65
11 35
11 36
11 37
11 38
11 71
11 42
11 43
11 47
11 48
11 81
11 51
11 84
11 23
11 56
11 61
13 25
13 28
13 31
14 66
14 67
14 4
14 70
14 6
14 72
14 41
14 75
14 45
14 46
14 24
14 3
14 78
14 86
14 88
14 26
14 29
14 62
14 21
17 48
17 35
17 37
17 7
17 73
17 42
17 71
17 44
17 13
17 77
17 47
17 11
17 81
17 84
17 23
17 27
17 60
17 74
17 69
19 18
19 25
19 63
19 28
19 30
19 31
22 82
23 65
23 36
23 38
23 71
23 42
23 43
23 47
23 48
23 81
23 51
23 84
23 56
23 68
23 61
24 7
24 11
24 23
24 27
24 35
24 36
24 37
24 38
24 42
24 43
24 44
24 47
24 48
24 56
24 60
24 69
24 71
24 73
24 74
24 77
24 81
24 84
25 64
25 1
25 34
25 32
25 39
25 40
25 50
25 83
25 52
25 30
25 63
26 64
26 1
26 34
26 32
26 39
26 40
26 76
26 80
26 49
26 50
26 83
26 52
26 63
27 2
27 3
27 4
27 70
27 6
27 72
27 46
27 29
27 66
27 14
27 45
27 78
27 86
27 55
27 24
27 87
27 26
27 53
29 25
29 18
29 28
29 30
29 31
31 35
31 36
31 37
31 38
31 7
31 42
31 43
31 61
31 47
31 48
31 81
31 51
31 84
31 23
31 56
31 71
31 27
31 74
31 69
32 65
32 36
32 38
32 42
32 43
32 76
32 47
32 48
32 49
32 51
32 56
32 68
32 61
34 65
34 36
34 38
34 42
34 43
34 76
34 80
34 49
34 50
34 51
34 56
34 68
34 61
35 64
35 1
35 34
35 32
35 39
35 40
35 80
35 49
35 50
35 83
35 52
35 30
35 63
36 32
36 39
36 40
36 18
36 83
36 52
36 28
36 30
36 63
38 2
38 3
38 4
38 6
38 14
38 21
38 24
38 26
38 29
38 45
38 46
38 53
38 55
38 62
38 66
38 70
38 72
38 75
38 78
38 86
38 87
38 88
39 2
39 3
39 6
39 7
39 11
39 13
39 14
39 24
39 26
39 27
39 29
39 44
39 46
39 53
39 55
39 60
39 69
39 72
39 73
39 74
39 77
39 78
39 87
41 35
41 36
41 37
41 38
41 7
41 42
41 43
41 61
41 47
41 48
41 81
41 51
41 84
41 23
41 56
41 71
41 74
42 65
42 36
42 38
42 71
42 43
42 47
42 48
42 81
42 51
42 84
42 23
42 56
42 68
42 61
44 2
44 3
44 4
44 70
44 6
44 72
44 46
44 29
44 66
44 14
44 45
44 88
44 53
44 78
44 86
44 55
44 24
44 87
44 26
44 62
44 21
45 65
45 36
45 38
45 42
45 43
45 76
45 47
45 48
45 49
45 51
45 56
45 68
45 61
46 64
46 1
46 34
46 68
46 38
46 65
46 76
46 80
46 49
46 50
46 51
46 61
47 7
47 11
47 23
47 27
47 35
47 36
47 37
47 38
47 42
47 43
47 44
47 48
47 51
47 56
47 60
47 69
47 71
47 73
47 74
47 77
47 81
47 84
48 25
48 18
48 28
48 30
48 31
49 2
49 3
49 70
49 6
49 72
49 46
49 13
49 66
49 14
49 45
49 29
49 78
49 86
49 55
49 24
49 87
49 26
49 53
50 64
50 1
50 34
50 68
50 38
50 65
50 76
50 80
50 49
50 51
50 61
52 2
52 3
52 4
52 70
52 6
52 72
52 46
52 29
52 66
52 14
52 45
52 88
52 78
52 86
52 55
52 24
52 87
52 26
52 62
52 53
55 48
55 35
55 37
55 7
55 73
55 42
55 71
55 44
55 13
55 77
55 47
55 11
55 81
55 84
55 23
55 27
55 60
55 74
55 69
56 48
56 35
56 36
56 37
56 7
56 73
56 42
56 71
56 44
56 13
56 77
56 47
56 11
56 81
56 84
56 43
56 23
56 27
56 60
56 74
56 69
57 25
57 28
57 31
58 65
58 36
58 38
58 42
58 43
58 76
58 47
58 48
58 51
58 84
58 56
58 68
58 61
59 64
59 1
59 34
59 32
59 39
59 40
59 76
59 80
59 49
59 50
59 83
59 52
59 30
59 63
60 2
60 35
60 69
60 6
60 7
60 73
60 74
60 11
60 44
60 13
60 14
60 77
60 29
60 53
60 55
60 87
60 27
60 26
60 37
61 65
61 36
61 37
61 38
61 71
61 42
61 43
61 47
61 48
61 81
61 51
61 84
61 23
61 56
62 48
62 35
62 37
62 7
62 73
62 74
62 71
62 44
62 13
62 77
62 47
62 11
62 81
62 84
62 23
62 27
62 60
62 69
63 2
63 3
63 6
63 7
63 11
63 13
63 14
63 24
63 26
63 27
63 29
63 44
63 46
63 53
63 55
63 60
63 69
63 72
63 73
63 74
63 77
63 78
63 87
64 65
64 34
64 36
64 38
64 42
64 43
64 76
64 47
64 80
64 49
64 51
64 56
64 68
64 61
65 32
65 39
65 18
65 25
65 31
65 28
65 30
65 63
66 25
66 31
67 64
67 1
67 34
67 32
67 39
67 40
67 76
67 80
67 49
67 50
67 83
67 52
67 63
68 64
68 1
68 34
68 65
68 40
68 76
68 80
68 49
68 50
68 83
68 52
68 61
69 2
69 3
69 6
69 7
69 11
69 13
69 14
69 24
69 26
69 27
69 29
69 44
69 46
69 53
69 55
69 60
69 72
69 73
69 74
69 77
69 78
69 87
70 82
71 64
71 1
71 34
71 32
71 39
71 40
71 76
71 80
71 49
71 50
71 83
71 52
71 63
72 64
72 1
72 34
72 32
72 39
72 40
72 76
72 80
72 49
72 50
72 83
72 52
72 63
73 32
73 1
73 39
73 40
73 18
73 83
73 52
73 30
73 63
74 32
74 39
74 18
74 25
74 31
74 28
74 30
74 63
75 39
75 18
75 25
75 31
75 28
75 30
75 63
77 35
77 36
77 37
77 38
77 7
77 42
77 43
77 61
77 47
77 48
77 81
77 51
77 84
77 23
77 56
77 71
77 74
78 25
78 18
78 28
78 30
78 31
79 17
80 64
80 1
80 34
80 68
80 65
80 40
80 76
80 49
80 50
80 83
80 61
81 39
81 18
81 25
81 31
81 28
81 30
81 63
83 2
83 35
83 37
83 7
83 73
83 74
83 11
83 44
83 13
83 77
83 71
83 53
83 55
83 23
83 87
83 27
83 60
83 69
84 32
84 39
84 18
84 25
84 31
84 28
84 30
84 63
85 17
85 82
86 17
86 82
87 64
87 1
87 34
87 32
87 39
87 40
87 80
87 50
87 83
87 52
87 30
87 63
88 17
