88
1 32
1 65
1 2
1 75
1 4
1 5
1 70
1 39
1 41
1 42
1 43
1 76
1 79
1 81
1 17
1 23
1 57
1 27
1 61
1 53
2 1
2 66
2 4
2 5
2 70
2 39
2 41
2 42
2 43
2 76
2 79
2 81
2 25
2 53
2 73
2 23
2 57
2 26
2 27
2 61
2 65
6 32
6 1
6 4
6 5
6 70
6 39
6 41
6 42
6 43
6 76
6 79
6 81
6 25
6 53
6 73
6 23
6 57
6 27
6 61
6 65
7 32
7 1
7 2
7 4
7 17
7 41
7 75
7 81
7 18
7 57
7 27
7 28
7 61
8 32
8 1
8 2
8 41
8 75
8 17
8 18
8 27
8 28
9 32
9 1
9 2
9 4
9 17
9 41
9 75
9 81
9 18
9 27
9 28
9 61
10 32
10 1
10 2
10 4
10 17
10 41
10 75
10 81
10 18
10 57
10 27
10 28
10 61
11 32
11 2
11 75
11 17
11 18
11 27
11 28
12 32
12 2
12 75
12 17
12 18
12 84
12 27
12 28
13 28
13 18
13 84
14 1
14 66
14 4
14 5
14 70
14 39
14 41
14 42
14 43
14 76
14 79
14 81
14 25
14 53
14 73
14 23
14 57
14 26
14 27
14 61
14 65
15 28
15 18
15 84
16 32
16 1
16 2
16 75
16 4
16 5
16 70
16 39
16 41
16 42
16 43
16 76
16 61
16 79
16 81
16 17
16 23
16 57
16 27
16 53
16 65
18 32
18 1
18 2
18 75
18 4
18 5
18 70
18 39
18 41
18 42
18 43
18 76
18 61
18 79
18 81
18 17
18 23
18 57
18 27
18 53
18 65
20 32
20 1
20 2
20 75
20 4
20 5
20 70
20 39
20 41
20 42
20 43
20 76
20 79
20 81
20 53
20 73
20 23
20 57
20 27
20 61
20 65
21 32
21 1
21 2
21 75
21 4
21 70
21 39
21 41
21 43
21 81
21 18
21 17
21 23
21 57
21 27
21 28
21 61
22 32
22 1
22 2
22 75
22 4
22 5
22 70
22 39
22 41
22 42
22 43
22 76
22 61
22 79
22 81
22 17
22 23
22 57
22 27
22 53
22 65
24 1
24 66
24 4
24 5
24 70
24 39
24 41
24 42
24 43
24 76
24 79
24 81
24 25
24 53
24 73
24 23
24 57
24 26
24 27
24 61
24 65
29 32
29 1
29 2
29 75
29 4
29 5
29 70
29 39
29 41
29 43
29 81
29 18
29 17
29 23
29 57
29 27
29 28
29 61
30 28
30 18
30 84
31 28
31 18
31 84
32 1
32 2
32 75
32 4
32 5
32 70
32 39
32 41
32 43
32 76
32 81
32 18
32 17
32 23
32 57
32 27
32 61
32 65
33 1
33 66
33 4
33 5
33 70
33 39
33 41
33 42
33 43
33 76
33 79
33 81
33 25
33 53
33 73
33 23
33 57
33 26
33 27
33 61
33 65
34 1
34 4
34 5
34 23
34 25
34 26
34 39
34 42
34 43
34 53
34 57
34 61
34 62
34 64
34 65
34 66
34 70
34 71
34 73
34 74
34 76
34 79
34 81
35 32
35 1
35 2
35 75
35 4
35 39
35 41
35 43
35 81
35 18
35 17
35 23
35 57
35 27
35 28
35 61
36 32
36 1
36 2
36 75
36 4
36 5
36 70
36 39
36 41
36 42
36 43
36 76
36 61
36 79
36 81
36 17
36 23
36 57
36 27
36 53
36 65
37 32
37 1
37 2
37 75
37 4
37 5
37 70
37 39
37 41
37 42
37 43
37 76
37 61
37 79
37 81
37 17
37 23
37 57
37 27
37 53
37 65
38 1
38 4
38 5
38 23
38 25
38 26
38 27
38 39
38 41
38 42
38 43
38 53
38 57
38 61
38 64
38 65
38 66
38 70
38 73
38 76
38 79
38 81
40 32
40 1
40 2
40 75
40 4
40 5
40 70
40 39
40 41
40 43
40 76
40 61
40 81
40 17
40 23
40 57
40 27
40 53
40 65
43 1
43 66
43 4
43 5
43 70
43 39
43 41
43 42
43 76
43 79
43 81
43 25
43 53
43 73
43 23
43 57
43 26
43 27
43 61
43 65
44 32
44 1
44 2
44 75
44 4
44 5
44 70
44 39
44 41
44 43
44 76
44 81
44 18
44 17
44 23
44 57
44 27
44 61
44 65
46 32
46 1
46 2
46 75
46 4
46 5
46 70
46 39
46 41
46 42
46 43
46 76
46 61
46 79
46 81
46 17
46 23
46 57
46 27
46 53
46 65
47 1
47 66
47 4
47 5
47 70
47 39
47 41
47 42
47 43
47 76
47 79
47 81
47 25
47 53
47 73
47 23
47 57
47 26
47 27
47 61
47 65
48 32
48 1
48 2
48 75
48 4
48 5
48 70
48 39
48 41
48 42
48 43
48 76
48 61
48 81
48 17
48 23
48 57
48 27
48 53
48 65
49 32
49 1
49 2
49 75
49 4
49 39
49 41
49 43
49 81
49 18
49 17
49 23
49 57
49 27
49 28
49 61
50 32
50 2
50 75
50 17
50 18
50 27
50 28
51 32
51 1
51 4
51 5
51 70
51 39
51 41
51 42
51 43
51 76
51 79
51 81
51 25
51 53
51 73
51 23
51 57
51 26
51 27
51 61
51 65
52 1
52 4
52 5
52 23
52 25
52 26
52 39
52 41
52 42
52 43
52 53
52 57
52 61
52 62
52 64
52 65
52 66
52 70
52 71
52 73
52 74
52 76
52 79
52 81
56 32
56 1
56 2
56 75
56 4
56 17
56 41
56 43
56 81
56 18
56 23
56 57
56 27
56 28
56 61
59 32
59 1
59 2
59 75
59 4
59 5
59 70
59 39
59 41
59 43
59 81
59 18
59 17
59 23
59 57
59 27
59 61
59 65
63 1
63 4
63 5
63 23
63 25
63 26
63 27
63 39
63 41
63 42
63 43
63 53
63 57
63 61
63 64
63 65
63 66
63 70
63 73
63 76
63 79
63 81
67 32
67 1
67 2
67 75
67 4
67 5
67 70
67 39
67 41
67 43
67 81
67 18
67 17
67 23
67 57
67 27
67 61
67 65
68 1
68 66
68 4
68 5
68 70
68 39
68 41
68 42
68 43
68 76
68 79
68 81
68 25
68 53
68 73
68 23
68 57
68 26
68 27
68 61
68 65
69 32
69 1
69 4
69 5
69 70
69 39
69 41
69 42
69 43
69 76
69 79
69 81
69 25
69 53
69 73
69 23
69 57
69 26
69 27
69 61
69 65
77 32
77 1
77 2
77 75
77 4
77 5
77 70
77 39
77 41
77 42
77 43
77 76
77 61
77 79
77 81
77 17
77 23
77 57
77 27
77 53
77 65
78 1
78 4
78 5
78 23
78 25
78 26
78 39
78 41
78 42
78 43
78 53
78 57
78 61
78 62
78 64
78 65
78 66
78 70
78 71
78 73
78 74
78 76
78 79
78 81
82 1
82 4
82 5
82 23
82 25
82 26
82 27
82 39
82 41
82 42
82 43
82 53
82 57
82 61
82 64
82 65
82 66
82 70
82 73
82 76
82 79
82 81
83 32
83 1
83 2
83 75
83 4
83 5
83 70
83 39
83 41
83 42
83 43
83 76
83 61
83 79
83 81
83 17
83 23
83 57
83 27
83 53
83 65
85 32
85 2
85 75
85 17
85 18
85 84
85 28
86 28
86 18
86 84
87 32
87 1
87 2
87 75
87 4
87 5
87 70
87 39
87 41
87 42
87 43
87 76
87 61
87 81
87 17
87 23
87 57
87 27
87 53
87 65
88 32
88 1
88 4
88 5
88 70
88 39
88 41
88 42
88 43
88 76
88 79
88 81
88 25
88 53
88 73
88 23
88 57
88 26
88 27
88 61
88 65
