88
1 65
1 5
1 9
1 76
1 77
1 14
1 73
1 80
1 81
1 51
1 52
1 21
1 86
1 41
1 24
1 20
1 26
1 61
1 88
1 63
2 65
2 5
2 9
2 76
2 77
2 14
2 73
2 80
2 81
2 51
2 52
2 21
2 86
2 41
2 24
2 20
2 26
2 61
2 88
2 63
3 71
3 72
3 41
3 10
3 87
3 14
3 20
3 53
3 73
3 24
3 62
4 64
4 1
4 2
4 3
4 68
4 37
4 6
4 39
4 75
4 38
4 11
4 66
4 79
4 18
4 23
4 25
4 33
4 59
4 60
7 71
7 72
7 9
7 10
7 87
7 14
7 80
7 52
7 53
7 73
7 41
7 24
7 20
7 26
7 62
7 63
8 50
8 83
9 71
9 72
9 41
9 10
9 87
9 14
9 80
9 20
9 53
9 73
9 24
9 62
9 63
10 71
10 72
10 41
10 87
10 14
10 20
10 53
10 73
10 24
10 62
12 64
12 1
12 2
12 3
12 68
12 33
12 6
12 39
12 38
12 74
12 11
12 66
12 79
12 81
12 18
12 23
12 25
12 75
12 60
13 59
13 67
13 27
13 28
13 85
14 71
14 72
14 41
14 10
14 87
14 80
14 20
14 53
14 73
14 24
14 62
14 63
15 5
15 6
15 9
15 11
15 21
15 25
15 26
15 33
15 38
15 51
15 52
15 60
15 61
15 63
15 65
15 74
15 75
15 76
15 77
15 79
15 80
15 81
15 86
15 88
16 1
16 2
16 67
16 68
16 37
16 85
16 59
16 28
17 67
17 27
17 28
17 85
18 71
18 72
18 41
18 10
18 87
18 14
18 80
18 20
18 53
18 73
18 24
18 62
18 63
19 3
19 5
19 6
19 11
19 18
19 21
19 23
19 25
19 33
19 38
19 39
19 51
19 60
19 61
19 64
19 65
19 66
19 74
19 75
19 76
19 77
19 79
19 81
19 86
22 27
22 28
22 85
24 71
24 72
24 41
24 10
24 87
24 14
24 20
24 53
24 73
24 62
26 71
26 72
26 41
26 10
26 87
26 14
26 20
26 53
26 73
26 24
26 62
28 71
28 72
28 41
28 10
28 87
28 14
28 20
28 53
28 73
28 24
28 62
29 27
29 28
30 67
30 27
30 28
30 85
31 65
31 5
31 9
31 74
31 76
31 77
31 14
31 80
31 81
31 51
31 52
31 21
31 86
31 73
31 24
31 20
31 26
31 61
31 88
31 63
32 64
32 1
32 2
32 3
32 68
32 37
32 6
32 39
32 75
32 38
32 11
32 66
32 79
32 18
32 23
32 25
32 33
32 59
32 60
34 65
34 5
34 9
34 62
34 76
34 77
34 14
34 73
34 80
34 81
34 51
34 52
34 21
34 86
34 41
34 24
34 20
34 26
34 61
34 88
34 63
35 65
35 5
35 9
35 74
35 76
35 77
35 14
35 73
35 80
35 81
35 51
35 52
35 21
35 86
35 41
35 24
35 20
35 26
35 61
35 88
35 63
36 64
36 1
36 2
36 3
36 68
36 33
36 6
36 39
36 38
36 74
36 11
36 66
36 79
36 81
36 18
36 23
36 25
36 75
36 60
36 61
37 71
37 72
37 41
37 10
37 87
37 14
37 80
37 20
37 53
37 73
37 24
37 62
37 63
38 33
38 5
38 65
38 9
38 74
38 76
38 77
38 80
38 81
38 51
38 52
38 21
38 86
38 88
38 25
38 26
38 61
38 63
39 71
39 72
39 9
39 10
39 87
39 14
39 80
39 52
39 53
39 73
39 41
39 24
39 20
39 62
39 63
40 64
40 1
40 2
40 3
40 68
40 37
40 6
40 39
40 75
40 38
40 11
40 66
40 79
40 18
40 23
40 25
40 33
40 59
40 60
41 71
41 72
41 73
41 10
41 14
41 80
41 20
41 53
41 87
41 24
41 62
41 63
42 1
42 3
42 6
42 11
42 18
42 21
42 23
42 25
42 33
42 38
42 39
42 51
42 60
42 61
42 64
42 65
42 66
42 74
42 75
42 76
42 77
42 79
42 81
42 86
43 1
43 3
43 5
43 6
43 11
43 18
43 21
43 23
43 25
43 33
43 38
43 39
43 51
43 60
43 61
43 64
43 65
43 66
43 74
43 75
43 76
43 77
43 79
43 81
43 86
44 65
44 5
44 9
44 74
44 76
44 77
44 14
44 80
44 81
44 51
44 52
44 21
44 86
44 73
44 24
44 20
44 26
44 61
44 88
44 63
45 71
45 72
45 41
45 10
45 87
45 14
45 80
45 20
45 53
45 73
45 24
45 62
45 63
46 1
46 2
46 67
46 68
46 37
46 85
46 59
46 28
47 33
47 5
47 6
47 65
47 9
47 74
47 76
47 77
47 80
47 81
47 51
47 52
47 21
47 86
47 88
47 25
47 26
47 61
47 63
48 33
48 5
48 6
48 65
48 9
48 74
48 76
48 77
48 80
48 81
48 51
48 52
48 21
48 86
48 88
48 25
48 26
48 38
48 61
48 63
49 27
49 28
49 85
50 1
50 2
50 67
50 68
50 37
50 39
50 18
50 23
50 59
53 71
53 72
53 41
53 10
53 87
53 14
53 20
53 73
53 24
53 62
54 3
54 5
54 6
54 11
54 21
54 25
54 26
54 33
54 38
54 39
54 51
54 52
54 60
54 61
54 64
54 65
54 66
54 74
54 75
54 76
54 77
54 79
54 81
54 86
54 88
55 3
55 5
55 6
55 11
55 18
55 21
55 23
55 25
55 33
55 38
55 39
55 51
55 60
55 61
55 64
55 65
55 66
55 74
55 75
55 76
55 77
55 79
55 81
55 86
55 88
56 1
56 3
56 6
56 11
56 18
56 21
56 23
56 25
56 33
56 38
56 39
56 51
56 60
56 61
56 64
56 65
56 66
56 74
56 75
56 76
56 77
56 79
56 81
56 86
57 65
57 5
57 9
57 74
57 76
57 77
57 14
57 80
57 81
57 51
57 52
57 21
57 86
57 73
57 24
57 20
57 26
57 61
57 88
57 63
58 5
58 6
58 9
58 21
58 25
58 26
58 33
58 38
58 51
58 52
58 61
58 63
58 65
58 74
58 75
58 76
58 77
58 79
58 80
58 81
58 86
58 88
69 65
69 5
69 71
69 72
69 9
69 10
69 87
69 14
69 73
69 80
69 24
69 51
69 52
69 53
69 86
69 41
69 88
69 20
69 26
69 62
69 63
70 65
70 5
70 71
70 72
70 9
70 10
70 87
70 14
70 80
70 24
70 51
70 52
70 53
70 73
70 41
70 88
70 20
70 26
70 62
70 63
72 71
72 41
72 10
72 87
72 14
72 20
72 53
72 73
72 24
72 62
77 71
77 72
77 9
77 10
77 87
77 14
77 80
77 20
77 53
77 73
77 41
77 24
77 62
77 63
78 3
78 5
78 6
78 9
78 11
78 21
78 25
78 26
78 33
78 38
78 51
78 52
78 60
78 61
78 64
78 65
78 74
78 75
78 76
78 77
78 79
78 81
78 86
78 88
80 71
80 72
80 41
80 10
80 87
80 14
80 20
80 53
80 73
80 24
80 62
80 63
81 33
81 5
81 65
81 9
81 74
81 76
81 77
81 80
81 51
81 52
81 21
81 86
81 88
81 25
81 26
81 61
81 63
82 64
82 1
82 2
82 3
82 68
82 37
82 6
82 39
82 75
82 38
82 11
82 66
82 79
82 18
82 23
82 25
82 33
82 59
82 60
84 50
84 83
86 65
86 5
86 9
86 74
86 76
86 77
86 14
86 80
86 81
86 51
86 52
86 21
86 73
86 24
86 20
86 26
86 61
86 88
86 63
88 71
88 72
88 9
88 10
88 87
88 14
88 80
88 52
88 53
88 73
88 41
88 24
88 20
88 26
88 62
88 63
