88
1 64
1 3
1 36
1 37
1 70
1 7
1 40
1 54
1 75
1 76
1 77
1 80
1 67
1 85
1 22
1 58
1 31
1 86
1 62
1 63
2 64
2 3
2 36
2 37
2 70
2 7
2 40
2 54
2 75
2 76
2 77
2 80
2 67
2 85
2 22
2 58
2 31
2 86
2 62
2 63
3 64
3 68
3 6
3 75
3 44
3 86
3 27
3 62
3 31
8 3
8 36
8 37
8 70
8 7
8 40
8 75
8 76
8 77
8 80
8 67
8 85
8 22
8 58
8 54
8 62
8 63
10 64
10 36
10 70
10 6
10 7
10 40
10 76
10 75
10 44
10 77
10 80
10 85
10 54
10 68
10 58
10 31
10 86
10 62
10 63
11 3
11 36
11 37
11 70
11 7
11 40
11 54
11 75
11 76
11 77
11 47
11 80
11 67
11 85
11 22
11 57
11 58
11 63
11 62
11 5
12 2
12 69
12 71
12 51
12 29
12 30
13 2
13 69
13 71
13 51
13 29
13 30
14 64
14 68
14 6
14 44
14 86
14 27
14 62
14 31
18 66
18 3
18 4
18 5
18 7
18 57
18 23
18 47
18 67
18 84
18 85
18 22
18 55
18 52
18 63
18 37
21 64
21 3
21 36
21 70
21 6
21 7
21 40
21 54
21 75
21 76
21 77
21 80
21 67
21 85
21 22
21 68
21 58
21 31
21 86
21 62
21 63
22 64
22 68
22 6
22 40
22 76
22 75
22 44
22 80
22 86
22 27
22 62
22 31
25 66
25 4
25 5
25 55
25 47
25 84
25 57
25 23
25 52
26 64
26 67
26 36
26 70
26 6
26 7
26 40
26 76
26 75
26 44
26 77
26 80
26 85
26 54
26 68
26 58
26 31
26 86
26 62
26 63
29 66
29 3
29 4
29 5
29 70
29 7
29 54
29 57
29 23
29 77
29 47
29 67
29 52
29 85
29 22
29 55
29 36
29 58
29 63
29 37
31 64
31 68
31 6
31 44
31 86
31 27
32 3
32 36
32 37
32 70
32 7
32 40
32 75
32 76
32 77
32 47
32 80
32 67
32 85
32 22
32 57
32 58
32 54
32 62
32 63
33 2
33 51
33 84
33 69
33 71
34 64
34 68
34 6
34 40
34 76
34 75
34 44
34 80
34 86
34 27
34 62
34 31
35 64
35 3
35 36
35 37
35 70
35 7
35 40
35 54
35 75
35 76
35 77
35 80
35 67
35 85
35 22
35 58
35 31
35 86
35 62
35 63
36 64
36 67
36 68
36 70
36 6
36 7
36 40
36 76
36 75
36 44
36 77
36 80
36 85
36 54
36 58
36 31
36 86
36 62
36 63
37 66
37 3
37 36
37 5
37 70
37 7
37 40
37 76
37 77
37 47
37 80
37 67
37 52
37 85
37 22
37 23
37 57
37 58
37 54
37 63
38 66
38 4
38 37
38 23
38 47
38 84
38 57
38 55
38 52
38 5
39 64
39 36
39 70
39 6
39 7
39 40
39 76
39 75
39 44
39 77
39 80
39 85
39 54
39 68
39 58
39 31
39 86
39 62
39 63
41 64
41 3
41 36
41 37
41 70
41 7
41 40
41 54
41 75
41 76
41 77
41 80
41 67
41 85
41 22
41 58
41 31
41 86
41 62
41 63
42 3
42 36
42 37
42 70
42 7
42 40
42 75
42 76
42 77
42 80
42 67
42 85
42 22
42 58
42 54
42 62
42 63
43 64
43 36
43 70
43 6
43 7
43 40
43 76
43 75
43 44
43 77
43 80
43 85
43 54
43 68
43 58
43 31
43 86
43 62
43 63
45 66
45 3
45 4
45 5
45 70
45 7
45 54
45 57
45 23
45 77
45 47
45 67
45 52
45 85
45 22
45 55
45 36
45 58
45 63
45 37
46 64
46 3
46 36
46 37
46 70
46 7
46 40
46 54
46 75
46 76
46 77
46 80
46 67
46 85
46 22
46 58
46 31
46 86
46 62
46 63
47 64
47 68
47 6
47 40
47 75
47 44
47 80
47 86
47 27
47 62
47 31
48 3
48 36
48 37
48 70
48 7
48 40
48 75
48 76
48 77
48 80
48 67
48 85
48 22
48 58
48 54
48 62
48 63
49 66
49 4
49 5
49 55
49 47
49 84
49 57
49 23
49 52
50 83
50 18
50 51
50 29
50 30
53 66
53 3
53 4
53 5
53 7
53 57
53 23
53 47
53 67
53 84
53 85
53 22
53 55
53 52
53 37
54 64
54 36
54 70
54 6
54 40
54 76
54 75
54 44
54 77
54 80
54 86
54 68
54 58
54 62
54 31
55 64
55 36
55 6
55 40
55 76
55 75
55 44
55 77
55 80
55 86
55 68
55 27
55 62
55 31
56 66
56 3
56 4
56 37
56 23
56 47
56 84
56 57
56 55
56 52
56 5
58 64
58 36
58 70
58 6
58 40
58 76
58 75
58 44
58 77
58 80
58 86
58 68
58 62
58 31
59 66
59 4
59 5
59 55
59 47
59 84
59 57
59 23
59 52
60 3
60 36
60 37
60 70
60 7
60 40
60 75
60 76
60 77
60 47
60 80
60 67
60 85
60 22
60 57
60 58
60 54
60 62
60 63
61 64
61 68
61 6
61 40
61 76
61 75
61 44
61 80
61 86
61 27
61 62
61 31
65 3
65 36
65 37
65 70
65 7
65 40
65 75
65 76
65 77
65 47
65 80
65 67
65 85
65 22
65 57
65 58
65 54
65 62
65 63
66 64
66 36
66 54
66 6
66 40
66 76
66 75
66 44
66 77
66 80
66 86
66 68
66 58
66 31
66 70
66 62
66 63
71 64
71 36
71 54
71 6
71 40
71 76
71 75
71 44
71 77
71 80
71 86
71 68
71 58
71 31
71 70
71 62
71 63
72 66
72 3
72 36
72 5
72 70
72 7
72 40
72 54
72 76
72 77
72 47
72 80
72 67
72 52
72 85
72 22
72 23
72 57
72 58
72 63
72 37
73 64
73 3
73 36
73 37
73 70
73 7
73 40
73 54
73 75
73 76
73 77
73 80
73 67
73 85
73 22
73 58
73 31
73 62
73 63
74 3
74 36
74 37
74 70
74 7
74 40
74 54
74 75
74 76
74 77
74 47
74 80
74 67
74 85
74 22
74 57
74 58
74 63
74 62
74 5
76 64
76 68
76 6
76 44
76 86
76 27
76 31
77 64
77 68
77 6
77 40
77 75
77 44
77 80
77 86
77 27
77 62
77 31
78 3
78 36
78 37
78 70
78 7
78 40
78 75
78 76
78 77
78 47
78 80
78 67
78 85
78 22
78 57
78 58
78 54
78 62
78 63
79 66
79 3
79 36
79 5
79 70
79 7
79 40
79 54
79 76
79 77
79 47
79 80
79 67
79 52
79 85
79 22
79 23
79 57
79 58
79 63
79 37
80 64
80 68
80 6
80 75
80 44
80 86
80 27
80 62
80 31
81 2
81 51
81 69
81 30
81 71
82 64
82 36
82 70
82 6
82 7
82 40
82 76
82 75
82 44
82 77
82 80
82 85
82 54
82 68
82 58
82 31
82 86
82 62
82 63
83 3
83 36
83 37
83 70
83 7
83 40
83 75
83 76
83 77
83 47
83 80
83 67
83 85
83 22
83 57
83 58
83 54
83 62
83 63
84 64
84 36
84 54
84 6
84 40
84 76
84 75
84 44
84 77
84 80
84 86
84 68
84 58
84 31
84 70
84 62
84 63
86 64
86 68
86 6
86 44
86 27
86 62
86 31
87 64
87 36
87 54
87 6
87 40
87 76
87 75
87 44
87 77
87 80
87 86
87 68
87 58
87 70
87 62
87 31
88 64
88 36
88 54
88 6
88 40
88 76
88 75
88 44
88 77
88 80
88 86
88 68
88 58
88 31
88 70
88 62
88 63
