88
1 32
1 2
1 75
1 69
1 6
1 41
1 10
1 11
1 14
1 52
1 53
1 24
1 26
1 60
1 62
2 12
2 51
2 84
2 39
3 24
3 1
3 66
3 6
3 46
4 39
4 40
4 12
4 78
4 51
4 84
4 28
5 40
5 1
5 28
5 78
6 18
6 27
7 33
7 35
7 4
7 86
7 73
7 74
7 45
7 79
7 81
7 19
7 85
7 54
7 87
7 88
7 25
9 31
9 20
9 77
9 47
10 64
10 65
10 3
10 36
10 71
10 8
10 42
10 61
10 81
10 21
10 55
10 88
10 59
10 74
10 30
11 64
11 65
11 34
11 3
11 36
11 37
11 71
11 8
11 76
11 42
11 44
11 13
11 80
11 72
11 82
11 21
11 55
11 61
11 30
12 33
12 35
12 4
12 86
12 73
12 74
12 45
12 79
12 81
12 19
12 85
12 54
12 88
12 59
13 34
13 11
13 69
13 7
13 41
13 75
13 2
13 14
13 48
13 43
13 50
13 52
13 53
13 23
13 56
13 60
13 62
13 63
14 32
14 1
14 66
14 69
14 6
14 10
14 46
14 53
14 24
14 26
15 24
15 1
15 66
15 6
15 46
17 32
17 2
17 11
17 69
17 7
17 41
17 10
17 75
17 14
17 48
17 50
17 52
17 53
17 23
17 56
17 26
17 60
17 62
18 40
18 1
18 66
18 78
18 46
19 64
19 3
19 36
19 71
19 42
19 45
19 61
19 81
19 35
19 21
19 55
19 88
19 59
19 74
19 30
20 51
20 22
21 18
21 83
21 22
22 33
22 68
22 5
22 38
22 79
22 49
22 19
22 25
22 87
22 57
22 58
22 29
25 33
25 35
25 4
25 86
25 73
25 74
25 45
25 79
25 81
25 19
25 85
25 54
25 87
25 88
26 33
26 35
26 4
26 5
26 73
26 45
26 79
26 19
26 85
26 54
26 87
26 25
26 58
26 86
26 29
27 68
27 5
27 38
27 77
27 47
27 49
27 25
27 87
27 57
27 58
27 29
28 65
28 34
28 82
28 37
28 7
28 8
28 44
28 43
28 76
28 13
28 80
28 48
28 56
28 50
28 55
28 23
28 72
28 63
30 51
30 22
31 70
32 12
32 51
32 84
32 39
33 18
33 83
33 22
34 65
34 82
34 37
34 7
34 8
34 41
34 43
34 76
34 13
34 80
34 44
34 48
34 72
34 50
34 23
34 56
34 62
34 63
35 1
35 39
35 40
35 12
35 78
35 84
35 28
36 32
36 66
36 69
36 6
36 10
36 46
36 53
36 24
36 26
36 60
38 83
38 51
38 22
39 64
39 65
39 34
39 36
39 37
39 7
39 8
39 76
39 42
39 43
39 44
39 13
39 80
39 72
39 82
39 21
39 55
39 63
40 2
40 7
40 11
40 13
40 14
40 23
40 34
40 37
40 41
40 43
40 44
40 48
40 50
40 52
40 56
40 62
40 63
40 72
40 75
40 76
40 80
40 82
41 64
41 65
41 3
41 36
41 71
41 42
41 45
41 61
41 81
41 21
41 55
41 88
41 59
41 74
41 30
42 32
42 2
42 75
42 69
42 6
42 41
42 10
42 11
42 14
42 52
42 53
42 24
42 26
42 60
42 62
43 65
43 34
43 36
43 37
43 7
43 8
43 76
43 42
43 44
43 13
43 80
43 48
43 72
43 50
43 82
43 55
43 56
43 63
44 32
44 2
44 11
44 69
44 41
44 10
44 75
44 14
44 24
44 50
44 52
44 53
44 23
44 56
44 26
44 60
44 62
45 64
45 65
45 3
45 36
45 37
45 71
45 8
45 76
45 42
45 44
45 13
45 80
45 72
45 82
45 21
45 55
45 59
45 61
45 30
46 49
46 31
46 20
46 77
46 47
47 12
47 51
47 84
47 39
48 65
48 34
48 75
48 82
48 37
48 7
48 8
48 41
48 43
48 76
48 13
48 44
48 80
48 72
48 50
48 23
48 56
48 62
48 63
49 70
50 27
51 18
51 27
52 32
52 1
52 66
52 6
52 10
52 46
52 53
52 24
52 26
53 64
53 3
53 4
53 71
53 74
53 45
53 81
53 35
53 21
53 54
53 88
53 59
53 61
53 30
54 33
54 35
54 4
54 73
54 74
54 45
54 79
54 81
54 19
54 85
54 86
54 87
54 88
54 25
55 9
55 67
56 68
56 5
56 38
56 77
56 47
56 49
56 57
56 58
56 29
56 31
57 33
57 4
57 5
57 73
57 79
57 19
57 85
57 54
57 87
57 25
57 58
57 86
57 29
59 32
59 66
59 69
59 6
59 10
59 46
59 53
59 24
59 26
59 60
60 64
60 65
60 3
60 36
60 37
60 71
60 8
60 76
60 42
60 44
60 13
60 80
60 72
60 82
60 21
60 55
60 59
60 61
60 30
61 68
61 38
61 77
61 47
61 49
61 20
61 31
62 64
62 65
62 3
62 36
62 37
62 71
62 8
62 76
62 42
62 44
62 13
62 72
62 82
62 21
62 55
62 59
62 61
62 30
63 64
63 65
63 3
63 36
63 71
63 8
63 42
63 13
63 82
63 21
63 55
63 59
63 61
63 30
64 65
64 3
64 36
64 37
64 71
64 8
64 76
64 42
64 44
64 13
64 80
64 72
64 82
64 21
64 55
64 61
64 30
65 33
65 35
65 4
65 86
65 73
65 74
65 45
65 79
65 81
65 19
65 85
65 54
65 87
65 88
65 25
66 34
66 11
66 69
66 7
66 41
66 75
66 2
66 14
66 48
66 43
66 50
66 52
66 53
66 23
66 56
66 60
66 62
66 63
67 51
67 12
67 22
68 65
68 34
68 75
68 82
68 37
68 7
68 8
68 41
68 43
68 76
68 13
68 80
68 44
68 48
68 72
68 50
68 23
68 56
68 62
68 63
69 65
69 34
69 36
69 37
69 7
69 8
69 76
69 42
69 43
69 44
69 13
69 80
69 48
69 72
69 50
69 82
69 55
69 56
69 63
71 9
71 67
72 33
72 35
72 4
72 86
72 73
72 74
72 45
72 79
72 81
72 19
72 85
72 54
72 87
72 88
72 25
73 32
73 2
73 75
73 69
73 6
73 41
73 10
73 11
73 14
73 52
73 53
73 24
73 26
73 60
73 62
74 9
74 31
74 20
74 77
74 47
75 32
75 2
75 69
75 41
75 10
75 11
75 14
75 48
75 24
75 50
75 52
75 53
75 23
75 56
75 26
75 60
75 62
76 2
76 11
76 69
76 7
76 41
76 10
76 75
76 14
76 48
76 43
76 50
76 52
76 53
76 23
76 56
76 26
76 60
76 62
76 63
77 64
77 65
77 3
77 36
77 71
77 8
77 42
77 13
77 82
77 21
77 55
77 59
77 61
77 30
78 33
78 35
78 4
78 5
78 73
78 45
78 79
78 19
78 85
78 54
78 87
78 25
78 58
78 86
78 29
79 40
79 1
79 28
79 78
79 46
80 32
80 66
80 69
80 6
80 10
80 46
80 52
80 53
80 24
80 26
80 60
82 33
82 68
82 5
82 38
82 79
82 49
82 19
82 25
82 87
82 57
82 58
82 29
83 34
83 11
83 69
83 7
83 41
83 75
83 2
83 14
83 48
83 43
83 50
83 52
83 53
83 23
83 56
83 60
83 62
83 63
84 48
84 2
84 75
84 69
84 7
84 41
84 11
84 76
84 34
84 14
84 80
84 43
84 50
84 52
84 23
84 56
84 60
84 62
84 63
86 9
86 67
87 2
87 7
87 11
87 13
87 14
87 23
87 34
87 37
87 41
87 43
87 44
87 48
87 50
87 52
87 56
87 62
87 63
87 72
87 75
87 76
87 80
87 82
88 33
88 68
88 5
88 73
88 79
88 19
88 25
88 85
88 86
88 87
88 57
88 58
88 29
