88
1 4
1 69
1 42
1 45
1 46
1 54
1 87
2 34
2 67
2 10
2 79
2 19
2 25
2 63
3 17
3 15
4 64
4 3
4 36
4 6
4 73
4 74
4 80
4 50
4 35
4 53
4 88
4 28
4 61
5 64
5 1
5 2
5 37
5 6
5 39
5 41
5 74
5 75
5 44
5 77
5 50
5 83
5 21
5 73
5 24
5 38
5 60
5 61
5 51
6 56
6 58
6 15
6 31
7 56
7 58
7 15
7 31
10 65
10 66
10 69
10 7
10 72
10 42
10 71
10 45
10 14
10 47
10 81
10 82
10 84
10 62
10 23
10 52
10 26
10 29
10 20
11 65
11 66
11 4
11 69
11 7
11 72
11 42
11 45
11 14
11 82
11 84
11 62
11 87
11 52
11 29
11 20
12 65
12 66
12 4
12 69
12 71
12 72
12 42
12 7
12 45
12 14
12 82
12 84
12 62
12 87
12 52
12 29
12 20
13 56
13 58
13 15
14 58
14 4
14 54
14 46
14 31
15 32
15 67
15 68
15 40
15 10
15 76
15 79
15 16
15 19
15 22
15 25
15 57
15 63
16 1
16 2
16 21
16 23
16 24
16 26
16 30
16 37
16 38
16 39
16 41
16 44
16 47
16 48
16 51
16 59
16 60
16 75
16 77
16 78
16 81
16 83
17 1
17 65
17 7
17 75
17 29
17 78
17 47
17 48
17 81
17 82
17 20
17 30
17 23
17 24
17 71
17 59
17 26
17 62
18 33
18 13
18 55
19 17
19 15
20 56
20 15
21 66
21 4
21 69
21 72
21 42
21 45
21 46
21 84
21 14
21 54
21 87
21 52
21 29
21 62
22 65
22 66
22 4
22 69
22 72
22 42
22 45
22 14
22 82
22 84
22 62
22 87
22 52
22 29
22 20
23 56
23 58
23 54
23 46
23 31
24 56
24 58
24 54
24 46
24 31
25 1
25 2
25 7
25 20
25 21
25 23
25 24
25 26
25 30
25 38
25 39
25 47
25 48
25 51
25 59
25 60
25 65
25 71
25 75
25 78
25 81
25 82
26 64
26 2
26 35
26 37
26 6
26 41
26 74
26 44
26 77
26 80
26 50
26 83
26 73
26 60
26 61
27 17
27 86
27 70
27 15
28 1
28 66
28 75
28 65
28 7
28 71
28 78
28 47
28 48
28 81
28 82
28 20
28 30
28 23
28 26
28 59
28 29
28 62
29 33
29 13
30 32
30 3
30 36
30 40
30 11
30 76
30 43
30 80
30 49
30 35
30 53
30 22
30 88
30 27
30 28
31 58
31 4
31 54
31 46
31 87
32 58
32 4
32 54
32 46
32 31
33 58
33 54
33 46
33 31
34 66
34 4
34 69
34 72
34 42
34 45
34 14
34 84
34 87
34 52
34 29
34 62
35 56
35 58
35 54
35 46
35 31
36 56
36 58
36 15
36 31
37 5
38 17
38 86
38 15
39 64
39 32
39 35
39 36
39 40
39 11
39 76
39 80
39 49
39 3
39 53
39 43
39 88
39 27
39 28
40 65
40 66
40 69
40 7
40 72
40 42
40 71
40 45
40 14
40 47
40 81
40 82
40 84
40 62
40 87
40 52
40 26
40 29
40 20
41 56
41 58
41 15
41 31
42 56
42 58
42 54
42 46
42 31
43 4
43 42
43 46
43 54
43 87
43 31
44 64
44 2
44 35
44 37
44 6
44 39
44 41
44 74
44 77
44 80
44 50
44 83
44 73
44 38
44 60
44 61
45 17
45 86
45 70
46 56
46 15
47 65
47 66
47 69
47 7
47 72
47 42
47 71
47 45
47 14
47 82
47 84
47 62
47 87
47 52
47 29
47 20
48 65
48 66
48 69
48 7
48 72
48 42
48 71
48 45
48 14
48 47
48 81
48 82
48 84
48 62
48 23
48 52
48 26
48 29
48 20
49 4
49 69
49 42
49 45
49 46
49 84
49 54
49 87
50 4
50 69
50 72
50 42
50 45
50 46
50 84
50 54
50 87
50 52
51 32
51 3
51 36
51 40
51 11
51 76
51 43
51 16
51 49
51 53
51 22
51 57
51 88
51 68
51 27
51 28
52 34
52 67
52 10
52 79
52 55
52 63
53 56
53 58
53 15
53 31
54 64
54 35
54 36
54 37
54 6
54 41
54 74
54 44
54 77
54 80
54 50
54 83
54 73
54 88
54 61
55 5
56 4
56 69
56 72
56 42
56 45
56 14
56 84
56 46
56 54
56 87
56 52
57 17
57 86
57 70
58 1
58 71
58 38
58 7
58 75
58 78
58 47
58 48
58 81
58 82
58 51
58 20
58 21
58 23
58 24
58 26
58 59
58 30
58 65
59 5
60 56
60 58
60 15
61 65
61 66
61 69
61 7
61 72
61 42
61 71
61 29
61 45
61 14
61 47
61 81
61 82
61 84
61 62
61 23
61 52
61 87
61 26
61 20
62 1
62 2
62 7
62 20
62 21
62 23
62 24
62 26
62 30
62 38
62 39
62 47
62 48
62 51
62 59
62 60
62 65
62 71
62 75
62 78
62 81
62 82
63 86
63 70
64 4
64 69
64 72
64 42
64 45
64 46
64 84
64 54
64 87
64 52
65 66
65 7
65 30
65 71
65 14
65 47
65 48
65 81
65 82
65 20
65 78
65 23
65 26
65 59
65 29
65 62
66 34
66 67
66 10
66 79
66 19
66 25
66 63
67 65
67 66
67 7
67 72
67 71
67 45
67 14
67 47
67 81
67 82
67 84
67 30
67 20
67 23
67 52
67 26
67 59
67 29
67 62
68 1
68 2
68 37
68 6
68 39
68 38
68 41
68 75
68 44
68 77
68 78
68 48
68 24
68 51
68 21
68 83
68 59
68 60
68 61
68 30
69 65
69 66
69 7
69 72
69 42
69 71
69 45
69 14
69 47
69 81
69 82
69 84
69 62
69 23
69 52
69 26
69 29
69 20
70 1
70 2
70 37
70 6
70 39
70 38
70 41
70 75
70 44
70 77
70 78
70 48
70 24
70 51
70 21
70 23
70 83
70 59
70 60
70 61
70 30
71 1
71 2
71 38
71 65
71 75
71 78
71 47
71 48
71 81
71 82
71 51
71 20
71 21
71 24
71 23
71 7
71 39
71 26
71 59
71 30
72 65
72 66
72 69
72 7
72 42
72 71
72 45
72 14
72 82
72 84
72 62
72 87
72 52
72 29
72 20
73 1
73 2
73 37
73 38
73 39
73 41
73 75
73 44
73 78
73 47
73 48
73 81
73 51
73 21
73 24
73 23
73 83
73 26
73 59
73 60
73 30
74 65
74 66
74 4
74 69
74 7
74 72
74 42
74 45
74 14
74 82
74 84
74 62
74 87
74 52
74 29
74 20
75 64
75 1
75 2
75 37
75 6
75 39
75 41
75 74
75 44
75 77
75 50
75 83
75 21
75 73
75 24
75 38
75 60
75 61
75 51
76 65
76 66
76 7
76 72
76 71
76 14
76 47
76 81
76 82
76 52
76 30
76 23
76 20
76 26
76 59
76 29
76 62
77 4
77 69
77 42
77 46
77 54
77 87
78 58
78 54
78 46
78 31
79 4
79 69
79 72
79 42
79 45
79 46
79 84
79 54
79 87
79 52
80 66
80 4
80 69
80 72
80 42
80 45
80 14
80 84
80 87
80 52
80 29
80 62
81 1
81 2
81 71
81 38
81 65
81 75
81 78
81 47
81 48
81 24
81 82
81 51
81 20
81 21
81 23
81 7
81 39
81 26
81 59
81 30
82 58
82 54
82 46
82 31
83 5
84 56
84 58
84 15
85 56
85 58
85 15
85 31
86 32
86 67
86 68
86 40
86 10
86 76
86 16
86 19
86 22
86 25
86 57
87 42
87 54
87 4
87 69
87 46
88 56
88 58
88 15
88 31
