88
2 64
2 48
2 3
2 68
2 32
2 39
2 41
2 10
2 11
2 80
2 81
2 75
2 83
2 20
2 21
2 22
2 87
2 55
2 60
2 61
4 1
4 2
4 36
4 86
4 70
4 72
4 42
4 77
4 46
4 29
4 51
4 52
4 54
4 25
4 57
4 58
4 74
4 30
4 63
5 3
5 10
5 11
5 16
5 20
5 22
5 24
5 28
5 32
5 34
5 41
5 47
5 48
5 55
5 60
5 61
5 68
5 73
5 75
5 76
5 80
5 83
5 87
6 1
6 2
6 7
6 9
6 14
6 25
6 29
6 33
6 36
6 37
6 51
6 52
6 53
6 54
6 57
6 65
6 67
6 71
6 74
6 77
6 78
6 79
6 86
6 88
8 3
8 10
8 11
8 16
8 20
8 22
8 24
8 28
8 32
8 41
8 47
8 48
8 55
8 60
8 61
8 68
8 73
8 75
8 76
8 80
8 83
8 87
10 19
10 1
10 2
10 70
10 72
10 42
10 66
10 46
10 29
10 26
10 51
10 84
10 86
10 52
10 58
10 74
10 30
10 63
11 3
11 7
11 9
11 12
11 14
11 16
11 20
11 24
11 28
11 31
11 32
11 34
11 37
11 41
11 47
11 48
11 50
11 53
11 60
11 61
11 62
11 65
11 68
11 71
11 73
11 76
11 78
11 80
11 83
11 88
12 19
12 1
12 2
12 70
12 72
12 42
12 29
12 66
12 46
12 77
12 26
12 51
12 84
12 86
12 52
12 58
12 74
12 30
12 63
13 1
13 2
13 7
13 9
13 14
13 25
13 29
13 31
13 33
13 36
13 37
13 52
13 53
13 54
13 57
13 65
13 67
13 71
13 74
13 77
13 78
13 79
13 86
13 88
18 8
18 45
21 19
21 1
21 2
21 86
21 70
21 72
21 42
21 29
21 66
21 46
21 77
21 26
21 51
21 52
21 54
21 25
21 58
21 74
21 30
21 63
22 1
22 2
22 67
22 36
22 86
22 70
22 33
22 72
22 74
22 77
22 79
22 51
22 52
22 54
22 25
22 57
22 58
22 29
22 30
22 63
27 7
27 9
27 12
27 14
27 16
27 24
27 31
27 33
27 34
27 36
27 37
27 50
27 53
27 57
27 62
27 65
27 67
27 71
27 73
27 76
27 78
27 79
27 88
28 7
28 9
28 12
28 14
28 25
28 29
28 31
28 33
28 34
28 36
28 37
28 50
28 53
28 54
28 57
28 62
28 65
28 67
28 71
28 77
28 78
28 79
28 88
29 1
29 2
29 67
29 36
29 86
29 70
29 33
29 72
29 74
29 77
29 79
29 51
29 52
29 54
29 25
29 57
29 58
29 30
29 63
30 64
30 48
30 3
30 68
30 39
30 41
30 10
30 11
30 28
30 47
30 80
30 75
30 83
30 20
30 32
30 22
30 87
30 55
30 60
30 61
31 19
31 1
31 2
31 70
31 72
31 42
31 66
31 46
31 26
31 51
31 84
31 86
31 52
31 58
31 74
31 30
31 63
32 19
32 66
32 35
32 70
32 72
32 42
32 46
32 51
32 84
32 58
32 26
32 30
32 63
33 3
33 10
33 11
33 20
33 21
33 22
33 28
33 32
33 39
33 41
33 47
33 48
33 55
33 60
33 61
33 64
33 68
33 75
33 80
33 81
33 83
33 87
34 64
34 48
34 3
34 68
34 39
34 41
34 10
34 11
34 28
34 47
34 80
34 75
34 83
34 20
34 32
34 22
34 87
34 55
34 60
34 61
36 3
36 9
36 11
36 12
36 16
36 20
36 24
36 28
36 31
36 32
36 34
36 41
36 47
36 48
36 50
36 60
36 61
36 62
36 68
36 71
36 73
36 75
36 76
36 80
36 83
36 87
38 19
38 1
38 2
38 86
38 70
38 72
38 42
38 29
38 66
38 46
38 77
38 26
38 51
38 52
38 54
38 58
38 74
38 30
38 63
39 32
39 48
39 3
39 68
39 22
39 41
39 10
39 11
39 76
39 28
39 47
39 80
39 75
39 83
39 20
39 73
39 87
39 24
39 55
39 60
39 61
41 32
41 48
41 34
41 3
41 68
41 16
41 73
41 10
41 11
41 76
41 28
41 47
41 80
41 75
41 83
41 20
41 87
41 24
41 55
41 60
41 61
43 66
43 35
43 72
43 42
43 46
43 19
43 84
43 58
43 26
43 30
43 63
47 7
47 9
47 12
47 14
47 16
47 20
47 24
47 28
47 31
47 32
47 34
47 37
47 41
47 48
47 50
47 53
47 60
47 61
47 62
47 65
47 68
47 71
47 73
47 76
47 78
47 80
47 83
47 88
48 32
48 16
48 34
48 3
48 68
48 41
48 10
48 11
48 76
48 28
48 47
48 80
48 75
48 83
48 20
48 73
48 87
48 24
48 55
48 60
48 61
49 1
49 2
49 7
49 14
49 25
49 29
49 33
49 36
49 37
49 51
49 52
49 53
49 54
49 57
49 65
49 67
49 70
49 71
49 74
49 77
49 78
49 79
49 86
49 88
50 3
50 10
50 11
50 16
50 20
50 24
50 28
50 32
50 34
50 41
50 47
50 48
50 55
50 60
50 61
50 68
50 73
50 75
50 76
50 80
50 83
50 87
53 7
53 9
53 12
53 14
53 16
53 24
53 28
53 31
53 33
53 34
53 37
53 47
53 50
53 57
53 60
53 62
53 65
53 67
53 71
53 73
53 76
53 78
53 79
53 80
53 88
57 1
57 2
57 7
57 9
57 14
57 25
57 29
57 33
57 36
57 37
57 51
57 52
57 53
57 54
57 65
57 67
57 71
57 74
57 77
57 78
57 79
57 86
57 88
60 64
60 48
60 3
60 68
60 32
60 39
60 41
60 10
60 11
60 80
60 81
60 75
60 83
60 20
60 21
60 22
60 87
60 55
60 61
63 7
63 9
63 12
63 14
63 25
63 29
63 31
63 33
63 34
63 36
63 37
63 50
63 53
63 54
63 57
63 62
63 65
63 67
63 71
63 77
63 78
63 79
63 88
64 1
64 7
64 9
64 12
64 14
64 25
64 29
64 31
64 33
64 36
64 37
64 50
64 53
64 54
64 57
64 62
64 65
64 67
64 71
64 74
64 77
64 78
64 79
64 86
64 88
65 3
65 7
65 9
65 11
65 12
65 14
65 16
65 20
65 24
65 28
65 31
65 32
65 34
65 37
65 41
65 47
65 48
65 50
65 53
65 60
65 61
65 62
65 68
65 71
65 73
65 76
65 78
65 80
65 83
65 87
65 88
68 32
68 48
68 3
68 22
68 16
68 41
68 10
68 11
68 76
68 28
68 47
68 80
68 75
68 83
68 20
68 73
68 87
68 24
68 55
68 60
68 61
71 7
71 9
71 12
71 14
71 16
71 20
71 24
71 28
71 31
71 33
71 34
71 37
71 47
71 48
71 50
71 53
71 60
71 62
71 65
71 67
71 73
71 76
71 78
71 79
71 80
71 88
75 64
75 48
75 3
75 68
75 39
75 41
75 10
75 11
75 28
75 47
75 80
75 83
75 20
75 32
75 22
75 87
75 55
75 60
75 61
77 3
77 7
77 9
77 11
77 12
77 14
77 16
77 20
77 24
77 28
77 31
77 32
77 34
77 37
77 41
77 47
77 48
77 50
77 53
77 60
77 61
77 62
77 65
77 68
77 71
77 73
77 76
77 78
77 80
77 83
77 87
77 88
83 45
83 23
87 1
87 2
87 7
87 9
87 12
87 14
87 25
87 29
87 31
87 33
87 36
87 37
87 52
87 53
87 54
87 57
87 65
87 67
87 71
87 74
87 77
87 78
87 79
87 86
87 88
88 1
88 2
88 36
88 86
88 70
88 72
88 74
88 77
88 46
88 51
88 52
88 54
88 25
88 57
88 58
88 29
88 30
88 63
