88
1 32
1 5
1 9
1 44
1 78
1 47
1 80
1 84
1 88
1 52
1 26
1 31
1 63
2 32
2 5
2 9
2 44
2 78
2 47
2 80
2 84
2 88
2 52
2 26
2 31
2 63
3 4
3 69
3 70
3 71
3 72
3 10
3 13
3 46
3 15
3 53
3 54
3 87
3 57
3 58
4 64
4 1
4 66
4 3
4 39
4 11
4 79
4 18
4 23
4 60
5 17
5 54
5 45
5 22
6 16
6 12
6 55
7 34
7 35
7 69
7 70
7 31
7 72
7 41
7 10
7 44
7 14
7 48
7 82
7 30
7 20
7 78
7 73
7 24
7 57
7 63
7 62
7 53
8 50
8 83
9 7
9 10
9 14
9 20
9 24
9 30
9 31
9 34
9 35
9 41
9 48
9 53
9 57
9 62
9 69
9 70
9 71
9 72
9 73
9 78
9 82
9 87
10 34
10 4
10 69
10 70
10 71
10 72
10 13
10 46
10 15
10 53
10 87
10 57
10 58
10 62
11 4
11 13
11 46
11 15
11 54
11 58
12 64
12 33
12 66
12 3
12 38
12 6
12 39
12 11
12 79
12 18
12 23
12 56
12 25
12 75
12 60
13 67
13 28
13 85
14 34
14 4
14 69
14 70
14 7
14 72
14 41
14 10
14 71
14 13
14 46
14 48
14 30
14 20
14 53
14 87
14 24
14 57
14 58
14 62
15 19
15 65
15 36
15 5
15 32
15 40
15 42
15 43
15 76
15 77
15 47
15 81
15 29
15 51
15 74
15 21
15 86
15 88
15 26
15 61
16 49
16 67
16 59
16 37
17 27
17 28
17 85
18 7
18 10
18 13
18 14
18 20
18 24
18 30
18 34
18 41
18 46
18 48
18 53
18 57
18 58
18 62
18 69
18 70
18 71
18 72
18 73
18 82
18 87
19 64
19 33
19 3
19 38
19 6
19 42
19 11
19 79
19 81
19 75
19 56
19 25
19 60
19 74
20 16
20 17
20 12
20 55
21 54
21 45
21 22
22 27
22 28
22 85
24 4
24 69
24 70
24 71
24 72
24 10
24 13
24 46
24 15
24 53
24 87
24 57
24 58
24 62
26 34
26 4
26 69
26 70
26 71
26 72
26 10
26 13
26 46
26 15
26 53
26 87
26 57
26 58
26 62
28 34
28 4
28 69
28 70
28 71
28 72
28 41
28 10
28 13
28 46
28 15
28 30
28 53
28 87
28 57
28 58
28 62
30 27
30 28
30 85
31 32
31 65
31 36
31 5
31 40
31 9
31 43
31 76
31 77
31 47
31 80
31 29
31 51
31 84
31 21
31 86
31 88
31 52
31 26
31 61
31 63
32 64
32 1
32 66
32 3
32 68
32 39
32 11
32 18
32 23
32 60
34 35
34 5
34 9
34 44
34 78
34 47
34 80
34 82
34 52
34 88
34 84
34 26
34 31
34 63
35 32
35 65
35 5
35 9
35 44
35 47
35 80
35 84
35 88
35 52
35 26
35 63
36 64
36 33
36 66
36 3
36 38
36 6
36 39
36 11
36 79
36 18
36 23
36 56
36 25
36 75
36 60
37 7
37 10
37 13
37 14
37 20
37 24
37 30
37 34
37 41
37 46
37 48
37 53
37 57
37 58
37 62
37 69
37 70
37 71
37 72
37 73
37 82
37 87
38 32
38 65
38 36
38 5
38 40
38 9
38 43
38 76
38 77
38 47
38 81
38 29
38 51
38 52
38 21
38 86
38 88
38 26
38 61
39 7
39 10
39 14
39 20
39 24
39 30
39 31
39 34
39 35
39 41
39 44
39 48
39 53
39 57
39 62
39 69
39 70
39 71
39 72
39 73
39 78
39 82
39 87
40 64
40 1
40 66
40 3
40 39
40 11
40 79
40 18
40 23
40 75
40 60
41 4
41 7
41 10
41 13
41 14
41 20
41 24
41 30
41 34
41 46
41 48
41 53
41 57
41 58
41 62
41 69
41 70
41 71
41 72
41 73
41 82
41 87
42 64
42 33
42 66
42 3
42 38
42 6
42 74
42 11
42 79
42 75
42 19
42 56
42 25
42 60
43 64
43 33
43 66
43 3
43 38
43 6
43 42
43 11
43 79
43 81
43 75
43 19
43 56
43 25
43 60
43 74
44 32
44 65
44 36
44 5
44 9
44 43
44 47
44 80
44 51
44 84
44 86
44 88
44 52
44 26
44 63
45 34
45 4
45 69
45 70
45 7
45 72
45 41
45 10
45 71
45 13
45 14
45 48
45 30
45 20
45 46
45 87
45 57
45 58
45 62
45 53
46 49
46 67
46 59
46 37
47 32
47 65
47 36
47 5
47 40
47 9
47 43
47 76
47 77
47 29
47 81
47 51
47 52
47 21
47 86
47 88
47 26
47 61
48 32
48 65
48 36
48 5
48 40
48 9
48 74
48 43
48 76
48 77
48 47
48 81
48 29
48 51
48 52
48 21
48 86
48 88
48 26
48 61
49 27
50 2
50 67
50 68
50 37
50 49
50 59
52 16
52 17
52 12
52 22
53 34
53 4
53 69
53 70
53 71
53 72
53 10
53 13
53 46
53 15
53 87
53 57
53 58
53 62
54 19
54 33
54 75
54 36
54 38
54 6
54 40
54 42
54 43
54 76
54 77
54 79
54 81
54 29
54 51
54 74
54 21
54 86
54 56
54 25
54 61
55 64
55 33
55 75
55 38
55 6
55 42
55 11
55 29
55 79
55 81
55 19
55 74
55 56
55 25
55 60
55 61
56 64
56 33
56 66
56 3
56 38
56 6
56 42
56 11
56 79
56 75
56 19
56 25
56 60
56 74
57 32
57 65
57 36
57 5
57 9
57 43
57 47
57 80
57 51
57 84
57 86
57 88
57 52
57 26
57 63
58 32
58 65
58 36
58 5
58 40
58 42
58 43
58 76
58 77
58 47
58 81
58 26
58 51
58 52
58 21
58 86
58 88
58 74
58 29
58 61
60 55
62 17
62 45
62 22
63 54
63 45
63 22
64 16
64 17
64 12
64 22
66 54
66 45
66 22
69 84
69 80
69 35
69 7
69 9
69 44
69 14
69 48
69 82
69 52
69 78
69 73
69 24
69 20
69 31
69 63
70 80
70 35
70 7
70 9
70 44
70 14
70 48
70 82
70 20
70 78
70 73
70 24
70 84
70 31
70 63
71 4
71 13
71 46
71 15
71 54
71 58
72 4
72 69
72 70
72 71
72 10
72 13
72 46
72 15
72 53
72 54
72 87
72 57
72 58
73 15
73 4
73 45
73 54
73 13
74 54
74 45
74 22
77 7
77 10
77 14
77 20
77 24
77 30
77 31
77 34
77 35
77 41
77 44
77 48
77 53
77 57
77 62
77 69
77 70
77 71
77 72
77 73
77 78
77 82
77 87
78 19
78 33
78 36
78 5
78 32
78 65
78 40
78 42
78 43
78 76
78 77
78 29
78 81
78 51
78 74
78 21
78 86
78 88
78 61
80 34
80 4
80 69
80 70
80 7
80 72
80 41
80 10
80 71
80 13
80 14
80 48
80 30
80 20
80 46
80 87
80 57
80 58
80 62
80 53
81 32
81 65
81 36
81 5
81 40
81 9
81 43
81 76
81 77
81 47
81 29
81 51
81 52
81 21
81 86
81 88
81 26
81 61
82 64
82 1
82 66
82 3
82 68
82 39
82 11
82 18
82 23
82 60
83 45
83 4
83 13
83 46
83 15
83 54
83 58
84 50
84 83
86 32
86 65
86 36
86 5
86 9
86 43
86 47
86 80
86 51
86 84
86 88
86 52
86 26
86 63
87 45
87 4
87 13
87 15
87 54
87 58
88 30
88 80
88 34
88 35
88 7
88 41
88 10
88 44
88 14
88 48
88 82
88 57
88 20
88 78
88 73
88 24
88 84
88 31
88 62
88 63
