88
1 27
2 82
2 83
2 29
5 33
5 43
5 69
5 6
5 7
5 74
5 11
5 44
5 45
5 14
5 48
5 88
5 52
5 46
5 56
5 20
5 71
6 7
6 11
6 16
6 20
6 23
6 33
6 36
6 41
6 43
6 45
6 46
6 48
6 52
6 55
6 56
6 64
6 71
6 72
6 74
6 80
6 84
6 87
6 88
7 2
7 75
7 34
7 50
7 51
7 18
7 25
7 26
7 61
7 62
8 65
8 68
8 38
8 42
8 77
8 49
8 19
8 21
8 22
8 57
8 58
8 60
9 5
9 7
9 16
9 20
9 23
9 33
9 36
9 41
9 43
9 45
9 46
9 48
9 55
9 56
9 64
9 72
9 74
9 80
9 81
9 84
9 87
9 88
10 34
10 75
10 50
10 18
10 51
10 25
10 26
10 61
10 62
11 40
11 35
11 86
11 39
12 67
12 69
12 6
12 71
12 9
12 10
12 11
12 44
12 14
12 47
12 48
12 52
12 73
12 88
12 20
12 28
12 74
13 7
13 11
13 16
13 20
13 23
13 33
13 36
13 41
13 43
13 45
13 46
13 48
13 55
13 56
13 64
13 72
13 74
13 80
13 81
13 84
13 87
13 88
14 2
14 67
14 69
14 6
14 71
14 9
14 10
14 11
14 44
14 47
14 52
14 73
14 28
15 67
15 69
15 6
15 71
15 9
15 10
15 11
15 44
15 14
15 47
15 48
15 52
15 73
15 88
15 20
15 28
15 74
16 67
16 69
16 6
16 71
16 9
16 10
16 11
16 44
16 14
16 47
16 48
16 52
16 73
16 88
16 20
16 28
16 74
18 1
18 35
18 70
18 31
19 8
19 63
19 12
19 13
19 78
19 15
19 17
19 21
19 54
19 24
19 59
19 53
20 33
20 43
20 69
20 6
20 7
20 74
20 11
20 45
20 14
20 48
20 56
20 52
20 46
20 88
20 71
21 27
21 76
21 30
22 64
22 33
22 36
22 5
22 16
22 7
22 72
22 41
22 23
22 77
22 46
22 79
22 80
22 81
22 84
22 32
22 55
22 56
22 87
23 64
23 33
23 36
23 5
23 16
23 32
23 72
23 41
23 42
23 55
23 77
23 46
23 79
23 80
23 81
23 84
23 87
24 34
24 67
24 69
24 6
24 71
24 9
24 10
24 11
24 44
24 2
24 14
24 47
24 52
24 73
24 28
25 65
25 68
25 38
25 8
25 42
25 77
25 49
25 19
25 21
25 22
25 57
25 58
25 60
26 32
26 38
26 42
26 77
26 79
26 49
26 19
26 22
26 57
26 58
27 33
27 43
27 69
27 6
27 7
27 74
27 11
27 44
27 45
27 14
27 48
27 88
27 52
27 46
27 56
27 20
27 71
28 67
28 69
28 6
28 71
28 73
28 10
28 11
28 44
28 45
28 14
28 47
28 48
28 52
28 88
28 20
28 74
30 27
30 76
31 76
32 27
32 30
33 27
33 30
34 64
34 16
34 36
34 5
34 49
34 72
34 41
34 42
34 23
34 77
34 79
34 80
34 81
34 84
34 32
34 55
34 87
35 1
35 70
35 31
36 1
36 35
36 70
36 40
36 86
36 31
37 27
37 30
38 76
39 82
39 83
40 1
40 35
40 70
40 39
40 86
40 31
41 75
41 18
41 50
41 51
41 25
41 26
41 61
41 62
42 7
42 11
42 16
42 20
42 23
42 33
42 36
42 41
42 43
42 45
42 46
42 48
42 52
42 55
42 56
42 64
42 71
42 72
42 74
42 80
42 84
42 87
42 88
43 76
44 40
44 86
44 39
45 1
45 35
45 70
45 40
45 86
45 31
46 7
46 11
46 14
46 16
46 20
46 23
46 33
46 36
46 41
46 43
46 45
46 48
46 52
46 55
46 56
46 64
46 71
46 72
46 74
46 80
46 84
46 88
47 1
47 35
47 86
47 70
47 31
48 75
48 26
48 51
48 39
49 1
49 35
49 70
49 40
49 86
49 31
50 1
50 35
50 70
50 31
51 7
51 11
51 14
51 16
51 20
51 23
51 33
51 36
51 41
51 43
51 45
51 46
51 48
51 52
51 56
51 64
51 71
51 72
51 74
51 80
51 84
51 88
52 2
52 67
52 69
52 6
52 71
52 9
52 10
52 11
52 44
52 14
52 47
52 48
52 73
52 28
53 39
53 75
53 18
53 50
53 51
53 26
53 61
53 62
54 75
54 26
54 51
54 39
55 64
55 33
55 43
55 36
55 56
55 16
55 7
55 72
55 41
55 74
55 11
55 45
55 46
55 80
55 81
55 84
55 48
55 87
55 88
55 20
55 23
56 34
56 67
56 69
56 6
56 9
56 10
56 44
56 2
56 47
56 50
56 18
56 73
56 25
56 28
56 61
56 62
57 34
57 67
57 69
57 6
57 71
57 9
57 10
57 11
57 44
57 2
57 14
57 47
57 52
57 73
57 28
58 39
58 75
58 18
58 50
58 51
58 26
58 61
58 62
59 40
59 35
59 86
59 39
60 34
60 67
60 69
60 6
60 9
60 10
60 44
60 2
60 47
60 50
60 18
60 73
60 25
60 28
60 61
60 62
61 65
61 38
61 42
61 77
61 79
61 49
61 19
61 22
61 57
61 58
61 60
62 32
62 38
62 42
62 77
62 79
62 49
62 19
62 22
62 57
62 58
63 35
63 70
63 39
63 40
63 86
63 31
64 32
64 33
64 87
64 36
64 5
64 7
64 72
64 41
64 43
64 46
64 79
64 16
64 81
64 84
64 80
64 55
64 23
64 56
65 64
65 33
65 36
65 5
65 16
65 49
65 72
65 41
65 42
65 23
65 77
65 46
65 79
65 80
65 81
65 84
65 32
65 55
65 87
66 2
66 75
66 34
66 50
66 51
66 18
66 25
66 26
66 61
66 62
67 2
67 75
67 34
67 50
67 51
67 18
67 25
67 26
67 61
67 62
68 39
68 75
68 18
68 50
68 51
68 26
68 61
68 62
69 40
69 86
69 39
70 65
70 68
70 8
70 12
70 78
70 15
70 53
70 54
70 24
70 63
70 60
70 21
71 32
71 5
71 38
71 49
71 42
71 87
71 77
71 79
71 81
71 19
71 22
71 55
71 58
72 34
72 67
72 69
72 6
72 71
72 9
72 10
72 44
72 2
72 14
72 47
72 52
72 73
72 28
73 5
73 7
73 16
73 20
73 23
73 33
73 36
73 41
73 43
73 45
73 46
73 48
73 55
73 56
73 64
73 72
73 74
73 80
73 81
73 84
73 87
73 88
74 64
74 33
74 87
74 36
74 5
74 16
74 7
74 72
74 41
74 43
74 45
74 46
74 80
74 81
74 84
74 48
74 55
74 88
74 20
74 56
74 23
75 40
75 86
75 39
76 7
76 11
76 16
76 20
76 23
76 33
76 36
76 41
76 43
76 45
76 46
76 48
76 52
76 55
76 56
76 64
76 71
76 72
76 74
76 80
76 81
76 84
76 87
76 88
77 1
77 27
78 34
78 67
78 9
78 10
78 75
78 2
78 47
78 50
78 51
78 73
78 18
78 25
78 26
78 28
78 61
78 62
79 67
79 69
79 6
79 71
79 73
79 10
79 43
79 44
79 45
79 14
79 47
79 48
79 11
79 52
79 88
79 20
79 74
80 64
80 32
80 36
80 5
80 49
80 72
80 41
80 42
80 23
80 77
80 79
80 16
80 81
80 84
80 55
80 87
81 75
81 26
81 51
81 39
85 1
85 35
85 70
85 31
86 34
86 67
86 69
86 6
86 9
86 10
86 44
86 2
86 14
86 47
86 73
86 25
86 28
87 35
87 70
87 39
87 40
87 86
87 31
88 67
88 69
88 6
88 71
88 9
88 10
88 11
88 44
88 14
88 47
88 48
88 52
88 73
88 20
88 28
88 74
