88
1 10
1 28
1 26
1 62
1 55
2 65
2 34
2 17
2 69
2 81
2 72
2 73
2 74
2 44
2 78
2 16
2 49
2 50
2 48
2 22
2 24
2 25
2 54
3 65
3 69
3 49
3 73
3 74
3 45
3 78
3 48
3 81
3 50
3 83
3 25
3 54
3 23
3 57
4 65
4 34
4 17
4 69
4 81
4 72
4 73
4 74
4 44
4 78
4 16
4 49
4 50
4 48
4 22
4 24
4 25
4 54
5 65
5 34
5 17
5 69
5 81
5 73
5 74
5 44
5 78
5 16
5 49
5 50
5 83
5 48
5 54
5 24
5 25
6 48
6 34
6 86
6 72
6 44
6 16
6 17
6 22
6 24
7 65
7 69
7 49
7 73
7 74
7 45
7 78
7 48
7 81
7 50
7 83
7 25
7 54
7 23
7 57
8 65
8 69
8 49
8 73
8 74
8 45
8 78
8 48
8 81
8 50
8 83
8 25
8 54
8 23
8 57
9 72
9 24
9 86
9 22
9 16
11 65
11 34
11 69
11 49
11 73
11 74
11 45
11 78
11 48
11 81
11 50
11 83
11 25
11 54
11 23
11 57
12 1
12 10
12 23
12 55
12 57
12 26
12 28
12 62
13 23
13 45
13 83
13 55
13 57
13 26
13 28
14 1
14 10
14 28
14 62
15 85
16 65
16 34
16 17
16 69
16 81
16 73
16 74
16 44
16 45
16 78
16 48
16 49
16 50
16 83
16 54
16 24
16 25
18 1
18 10
18 55
18 26
18 28
18 62
19 1
19 10
19 55
19 26
19 28
19 62
20 1
20 10
20 62
21 72
21 24
21 86
21 22
21 16
22 1
22 10
22 55
22 45
22 23
22 57
22 26
22 28
22 62
23 1
23 10
23 28
23 62
24 1
24 10
24 23
24 55
24 57
24 26
24 28
24 62
25 1
25 10
25 23
25 55
25 57
25 26
25 28
25 62
26 1
26 10
26 28
26 62
26 55
27 1
27 10
27 55
27 45
27 23
27 57
27 26
27 28
27 62
28 1
28 10
28 26
28 62
28 55
29 34
29 86
29 72
29 44
29 16
29 17
29 22
29 24
30 65
30 34
30 69
30 49
30 73
30 74
30 45
30 78
30 48
30 81
30 50
30 83
30 25
30 54
30 23
30 57
31 48
31 34
31 86
31 72
31 73
31 74
31 44
31 16
31 17
31 22
31 24
31 25
32 82
33 72
33 16
33 86
33 22
34 65
34 69
34 49
34 55
34 45
34 78
34 81
34 83
34 54
34 23
34 57
34 26
35 72
35 86
35 22
36 65
36 34
36 17
36 86
36 81
36 72
36 73
36 74
36 44
36 16
36 49
36 50
36 48
36 22
36 24
36 25
36 54
37 65
37 34
37 17
37 69
37 81
37 73
37 74
37 44
37 45
37 78
37 48
37 49
37 50
37 83
37 54
37 24
37 25
38 48
38 34
38 86
38 72
38 44
38 16
38 17
38 22
38 24
39 65
39 34
39 17
39 69
39 81
39 73
39 74
39 44
39 45
39 78
39 48
39 49
39 50
39 83
39 54
39 25
39 57
40 65
40 34
40 17
40 69
40 81
40 73
40 74
40 44
40 45
40 78
40 48
40 49
40 50
40 83
40 54
40 24
40 25
41 48
41 34
41 86
41 72
41 74
41 44
41 16
41 17
41 22
41 24
41 25
42 65
42 34
42 17
42 69
42 81
42 73
42 74
42 44
42 45
42 78
42 48
42 49
42 50
42 83
42 54
42 24
42 25
43 1
43 10
43 55
43 45
43 23
43 57
43 26
43 28
43 62
45 1
45 10
45 23
45 55
45 57
45 26
45 28
45 62
46 65
46 34
46 17
46 69
46 81
46 73
46 74
46 44
46 78
46 16
46 49
46 50
46 83
46 48
46 54
46 24
46 25
47 48
47 34
47 86
47 72
47 44
47 16
47 17
47 22
47 24
47 25
48 65
48 34
48 17
48 69
48 81
48 73
48 74
48 44
48 45
48 78
48 49
48 50
48 83
48 54
48 24
48 25
49 1
49 10
49 23
49 55
49 26
49 28
49 62
50 65
50 34
50 17
50 69
50 81
50 73
50 74
50 45
50 78
50 48
50 49
50 83
50 25
50 54
50 23
50 57
51 72
51 24
51 86
51 22
51 16
52 65
52 34
52 17
52 69
52 81
52 73
52 74
52 44
52 78
52 16
52 49
52 50
52 83
52 48
52 54
52 24
52 25
53 69
53 23
53 45
53 78
53 83
53 55
53 57
53 26
53 28
54 1
54 10
54 55
54 45
54 23
54 57
54 26
54 28
54 62
55 1
55 10
55 62
56 65
56 69
56 49
56 73
56 74
56 45
56 78
56 48
56 81
56 50
56 83
56 25
56 54
56 23
56 57
57 1
57 10
57 62
58 65
58 69
58 49
58 73
58 74
58 45
58 78
58 81
58 50
58 83
58 25
58 54
58 23
58 57
59 1
59 10
59 23
59 55
59 57
59 26
59 28
59 62
60 48
60 34
60 86
60 72
60 74
60 44
60 16
60 17
60 22
60 24
60 25
61 1
61 10
61 55
61 45
61 23
61 57
61 26
61 28
61 62
63 65
63 69
63 81
63 45
63 78
63 49
63 50
63 83
63 54
63 23
63 57
63 26
64 65
64 34
64 17
64 69
64 81
64 73
64 74
64 44
64 45
64 78
64 48
64 49
64 50
64 83
64 25
64 54
64 23
64 57
65 69
65 23
65 45
65 78
65 83
65 55
65 57
65 26
66 65
66 34
66 17
66 69
66 81
66 73
66 74
66 44
66 45
66 78
66 48
66 49
66 50
66 83
66 54
66 25
66 57
67 82
68 48
68 34
68 86
68 72
68 73
68 74
68 44
68 16
68 17
68 22
68 24
68 25
69 1
69 10
69 55
69 26
69 28
69 62
70 65
70 34
70 17
70 69
70 81
70 73
70 74
70 44
70 45
70 78
70 48
70 49
70 50
70 83
70 54
70 25
70 57
71 65
71 34
71 17
71 69
71 81
71 73
71 74
71 44
71 45
71 78
71 48
71 49
71 50
71 83
71 25
71 54
71 23
71 57
72 10
72 23
72 45
72 83
72 55
72 57
72 26
72 28
73 69
73 23
73 45
73 78
73 83
73 55
73 57
73 26
73 28
74 65
74 69
74 49
74 55
74 45
74 78
74 81
74 83
74 54
74 23
74 57
74 26
75 65
75 34
75 17
75 69
75 81
75 73
75 74
75 44
75 78
75 16
75 49
75 50
75 83
75 48
75 54
75 24
75 25
76 34
76 86
76 72
76 44
76 16
76 17
76 22
76 24
77 65
77 34
77 17
77 69
77 81
77 73
77 74
77 44
77 78
77 48
77 49
77 50
77 83
77 54
77 24
77 25
78 1
78 10
78 55
78 45
78 23
78 57
78 26
78 28
78 62
79 48
79 34
79 86
79 17
79 72
79 73
79 74
79 44
79 16
79 49
79 50
79 22
79 24
79 25
80 65
80 34
80 17
80 69
80 81
80 73
80 74
80 45
80 78
80 48
80 49
80 50
80 83
80 25
80 54
80 23
80 57
81 1
81 10
81 55
81 26
81 28
81 62
82 1
82 10
82 55
82 45
82 23
82 57
82 26
82 28
82 62
83 1
83 10
83 23
83 55
83 57
83 26
83 28
83 62
85 65
85 34
85 17
85 54
85 81
85 72
85 73
85 74
85 44
85 78
85 16
85 49
85 50
85 48
85 22
85 24
85 25
86 1
86 10
86 55
86 26
86 28
86 62
87 65
87 69
87 49
87 23
87 45
87 78
87 81
87 50
87 83
87 54
87 55
87 57
87 26
88 65
88 34
88 17
88 69
88 81
88 73
88 74
88 44
88 78
88 16
88 49
88 50
88 83
88 48
88 54
88 24
88 25
