88
1 6
1 8
1 10
1 11
1 14
1 18
1 26
1 33
1 34
1 39
1 40
1 42
1 43
1 44
1 52
1 56
1 57
1 58
1 59
1 60
1 62
1 66
1 68
1 71
1 72
1 82
1 86
1 88
2 6
2 8
2 10
2 11
2 13
2 14
2 18
2 24
2 26
2 33
2 34
2 39
2 43
2 44
2 52
2 56
2 57
2 58
2 59
2 60
2 62
2 66
2 71
2 72
2 82
2 86
2 88
3 4
3 6
3 7
3 10
3 11
3 16
3 18
3 19
3 21
3 22
3 23
3 25
3 26
3 28
3 31
3 32
3 33
3 39
3 40
3 41
3 42
3 43
3 44
3 52
3 54
3 56
3 57
3 58
3 59
3 62
3 66
3 67
3 68
3 71
3 72
3 73
3 79
3 82
3 85
3 86
3 88
4 6
4 7
4 10
4 11
4 16
4 18
4 19
4 21
4 23
4 25
4 26
4 28
4 31
4 33
4 39
4 40
4 41
4 42
4 43
4 44
4 52
4 56
4 57
4 58
4 59
4 62
4 66
4 68
4 71
4 72
4 73
4 82
4 85
4 86
4 88
5 4
5 6
5 7
5 10
5 11
5 16
5 18
5 19
5 21
5 22
5 23
5 25
5 26
5 28
5 31
5 32
5 33
5 39
5 40
5 41
5 42
5 43
5 44
5 52
5 54
5 56
5 57
5 58
5 59
5 62
5 66
5 67
5 68
5 71
5 72
5 73
5 79
5 82
5 85
5 86
5 88
7 6
7 8
7 10
7 11
7 14
7 18
7 25
7 26
7 33
7 34
7 39
7 40
7 42
7 43
7 44
7 52
7 56
7 57
7 58
7 59
7 60
7 62
7 66
7 68
7 71
7 72
7 82
7 86
7 88
9 33
9 34
9 71
9 6
9 39
9 72
9 75
9 11
9 13
9 14
9 8
9 82
9 52
9 24
9 56
9 57
9 58
9 59
9 60
10 34
10 71
10 8
10 75
10 13
10 14
10 24
10 57
10 60
12 6
12 10
12 11
12 16
12 18
12 19
12 21
12 23
12 25
12 26
12 33
12 39
12 40
12 42
12 43
12 44
12 52
12 56
12 57
12 58
12 59
12 62
12 66
12 68
12 71
12 72
12 82
12 85
12 86
12 88
15 4
15 7
15 10
15 16
15 18
15 19
15 21
15 22
15 23
15 25
15 26
15 28
15 31
15 32
15 37
15 40
15 41
15 42
15 43
15 44
15 45
15 46
15 48
15 54
15 61
15 62
15 65
15 66
15 67
15 68
15 73
15 74
15 79
15 80
15 85
15 86
15 88
16 33
16 34
16 71
16 6
16 39
16 72
16 75
16 11
16 13
16 14
16 8
16 82
16 52
16 24
16 56
16 57
16 58
16 59
16 60
17 4
17 6
17 7
17 10
17 11
17 16
17 18
17 19
17 21
17 22
17 23
17 25
17 26
17 28
17 31
17 32
17 33
17 39
17 40
17 41
17 42
17 43
17 44
17 52
17 54
17 56
17 58
17 59
17 62
17 66
17 67
17 68
17 72
17 73
17 79
17 82
17 85
17 86
17 88
20 4
20 6
20 7
20 10
20 11
20 16
20 18
20 19
20 21
20 22
20 23
20 25
20 26
20 28
20 31
20 32
20 33
20 39
20 40
20 41
20 42
20 43
20 44
20 52
20 54
20 56
20 58
20 59
20 61
20 62
20 66
20 67
20 68
20 72
20 73
20 79
20 82
20 85
20 86
20 88
26 33
26 34
26 71
26 6
26 39
26 72
26 11
26 13
26 14
26 8
26 82
26 52
26 24
26 56
26 57
26 58
26 59
26 60
26 62
27 33
27 34
27 71
27 6
27 39
27 72
27 11
27 13
27 14
27 8
27 82
27 52
27 24
27 56
27 57
27 58
27 59
27 60
30 4
30 6
30 7
30 10
30 11
30 16
30 18
30 19
30 21
30 22
30 23
30 25
30 26
30 28
30 31
30 32
30 33
30 39
30 40
30 41
30 42
30 43
30 44
30 52
30 54
30 56
30 58
30 59
30 62
30 66
30 67
30 68
30 71
30 72
30 73
30 79
30 82
30 85
30 86
30 88
31 6
31 8
31 11
31 13
31 14
31 24
31 26
31 33
31 34
31 39
31 43
31 44
31 52
31 56
31 57
31 58
31 59
31 60
31 62
31 66
31 71
31 72
31 82
32 33
32 34
32 71
32 6
32 39
32 72
32 11
32 13
32 14
32 8
32 82
32 52
32 24
32 56
32 57
32 58
32 59
32 60
34 33
34 71
34 6
34 39
34 8
34 75
34 11
34 13
34 14
34 72
34 82
34 52
34 24
34 57
34 58
34 59
34 60
37 34
37 8
37 75
37 13
37 14
37 24
37 57
37 60
40 34
40 71
40 8
40 75
40 13
40 14
40 24
40 57
40 60
46 34
46 8
46 75
46 13
46 14
46 24
46 60
49 34
49 71
49 8
49 75
49 13
49 14
49 24
49 57
49 60
50 33
50 34
50 71
50 6
50 39
50 72
50 75
50 11
50 13
50 14
50 8
50 82
50 52
50 24
50 56
50 57
50 58
50 59
50 60
51 33
51 34
51 71
51 6
51 39
51 72
51 11
51 13
51 14
51 8
51 82
51 52
51 24
51 56
51 57
51 58
51 59
51 60
51 62
52 33
52 34
52 71
52 6
52 39
52 72
52 75
52 11
52 13
52 14
52 8
52 82
52 24
52 56
52 57
52 58
52 59
52 60
57 34
57 8
57 75
57 13
57 14
57 24
57 60
58 33
58 34
58 43
58 66
58 6
58 39
58 72
58 11
58 44
58 13
58 14
58 8
58 82
58 52
58 56
58 24
58 57
58 71
58 59
58 60
58 62
63 6
63 8
63 10
63 11
63 14
63 18
63 26
63 33
63 34
63 39
63 40
63 42
63 43
63 44
63 52
63 56
63 57
63 58
63 59
63 60
63 62
63 66
63 68
63 71
63 72
63 82
63 86
63 88
69 1
69 2
69 4
69 7
69 16
69 17
69 19
69 21
69 22
69 23
69 28
69 31
69 32
69 36
69 37
69 38
69 41
69 45
69 46
69 48
69 49
69 53
69 54
69 61
69 64
69 65
69 67
69 73
69 74
69 78
69 79
69 80
69 83
69 85
70 4
70 6
70 7
70 10
70 11
70 16
70 18
70 19
70 21
70 22
70 23
70 25
70 26
70 28
70 31
70 32
70 33
70 39
70 40
70 41
70 42
70 43
70 44
70 52
70 56
70 57
70 58
70 59
70 62
70 66
70 68
70 71
70 72
70 73
70 79
70 82
70 85
70 86
70 88
76 6
76 8
76 11
76 13
76 14
76 24
76 33
76 34
76 39
76 43
76 44
76 52
76 56
76 57
76 58
76 59
76 60
76 62
76 66
76 71
76 72
76 82
82 34
82 71
82 8
82 75
82 13
82 14
82 24
82 57
82 60
83 4
83 6
83 7
83 10
83 11
83 16
83 18
83 19
83 21
83 22
83 23
83 25
83 26
83 28
83 31
83 32
83 33
83 39
83 40
83 41
83 42
83 43
83 44
83 54
83 56
83 58
83 61
83 62
83 66
83 67
83 68
83 72
83 73
83 79
83 82
83 85
83 86
83 88
84 34
84 8
84 75
84 13
84 14
84 24
84 60
85 6
85 7
85 10
85 11
85 16
85 18
85 19
85 21
85 23
85 25
85 26
85 33
85 39
85 40
85 42
85 43
85 44
85 52
85 56
85 57
85 58
85 59
85 62
85 66
85 68
85 71
85 72
85 82
85 86
85 88
87 33
87 34
87 71
87 6
87 39
87 8
87 75
87 11
87 13
87 14
87 72
87 82
87 52
87 24
87 57
87 58
87 59
87 60
88 34
88 71
88 8
88 75
88 13
88 14
88 24
88 57
88 60
