88
1 64
1 65
1 66
1 71
1 6
1 39
1 72
1 42
1 55
1 12
1 77
1 47
1 83
1 20
1 87
1 25
1 58
1 59
1 74
1 63
2 32
2 65
2 4
2 39
2 72
2 42
2 47
2 82
2 55
2 56
2 68
2 15
4 64
4 34
4 70
4 6
4 71
4 74
4 12
4 66
4 77
4 88
4 83
4 20
4 87
4 24
4 25
4 58
4 61
4 63
5 64
5 1
5 66
5 71
5 6
5 39
5 72
5 42
5 55
5 12
5 77
5 83
5 20
5 87
5 88
5 25
5 58
5 59
5 74
5 63
6 33
6 34
6 70
6 75
6 51
6 52
6 21
6 24
6 57
6 61
7 16
7 8
7 50
7 38
7 46
9 64
9 1
9 34
9 6
9 71
9 74
9 12
9 66
9 77
9 83
9 20
9 87
9 88
9 25
9 58
9 63
10 33
10 34
10 70
10 24
10 51
10 52
10 21
10 25
10 88
10 57
10 61
11 1
11 6
11 12
11 20
11 25
11 39
11 42
11 47
11 55
11 58
11 59
11 63
11 64
11 65
11 66
11 71
11 72
11 74
11 77
11 83
11 87
11 88
13 1
13 6
13 12
13 15
13 20
13 39
13 42
13 47
13 55
13 56
13 58
13 59
13 63
13 64
13 65
13 66
13 71
13 72
13 74
13 82
13 83
13 87
14 33
14 34
14 70
14 75
14 51
14 52
14 21
14 24
14 57
14 61
16 2
16 3
16 37
16 38
16 46
16 81
16 50
16 23
19 32
19 1
19 59
19 65
19 39
19 72
19 42
19 47
19 82
19 55
19 56
19 15
21 33
21 70
21 75
21 51
21 52
21 24
21 57
21 61
22 64
22 1
22 66
22 71
22 6
22 39
22 72
22 74
22 55
22 12
22 77
22 83
22 20
22 87
22 88
22 25
22 58
22 59
22 63
23 33
23 70
23 75
23 51
23 52
23 21
23 24
23 57
23 61
25 75
25 52
26 64
26 1
26 66
26 59
26 6
26 39
26 72
26 63
26 42
26 55
26 12
26 15
26 71
26 82
26 20
26 87
26 56
26 58
26 47
26 74
26 65
27 33
27 34
27 70
27 77
27 24
27 51
27 52
27 21
27 25
27 88
27 57
27 61
28 64
28 34
28 70
28 6
28 71
28 74
28 12
28 66
28 77
28 88
28 83
28 20
28 87
28 24
28 25
28 58
28 61
28 63
29 32
29 2
29 68
29 15
29 82
29 84
29 23
29 56
29 4
31 32
31 1
31 59
31 65
31 39
31 72
31 42
31 47
31 82
31 55
31 56
31 58
31 15
31 63
32 64
32 1
32 66
32 71
32 6
32 39
32 72
32 42
32 55
32 12
32 77
32 83
32 20
32 87
32 88
32 25
32 58
32 59
32 74
32 63
33 57
33 75
33 51
33 52
33 21
34 33
34 70
34 75
34 24
34 51
34 52
34 21
34 88
34 57
34 61
35 64
35 1
35 34
35 6
35 71
35 74
35 12
35 66
35 77
35 83
35 20
35 87
35 88
35 25
35 58
35 63
36 32
36 1
36 59
36 65
36 39
36 72
36 42
36 47
36 82
36 55
36 56
36 58
36 15
36 63
37 64
37 33
37 34
37 70
37 66
37 77
37 24
37 83
37 52
37 21
37 25
37 88
37 57
37 61
37 20
37 51
39 33
39 75
39 52
39 57
40 64
40 1
40 66
40 71
40 6
40 39
40 72
40 42
40 55
40 12
40 77
40 83
40 20
40 87
40 88
40 25
40 58
40 59
40 74
40 63
41 64
41 1
41 34
41 6
41 71
41 74
41 12
41 66
41 77
41 83
41 20
41 87
41 88
41 25
41 58
41 59
41 63
42 33
42 34
42 70
42 75
42 51
42 52
42 21
42 24
42 57
42 61
43 32
43 1
43 59
43 65
43 71
43 72
43 42
43 39
43 12
43 15
43 87
43 82
43 55
43 56
43 58
43 47
43 63
44 32
44 65
44 59
44 39
44 72
44 42
44 47
44 82
44 55
44 56
44 15
45 32
45 65
45 59
45 39
45 72
45 42
45 47
45 82
45 55
45 56
45 15
46 33
46 34
46 70
46 24
46 51
46 52
46 21
46 25
46 88
46 57
46 61
47 64
47 1
47 66
47 6
47 71
47 74
47 87
47 12
47 77
47 83
47 20
47 55
47 88
47 25
47 58
47 59
47 63
48 64
48 1
48 66
48 71
48 6
48 39
48 72
48 63
48 42
48 55
48 12
48 77
48 47
48 83
48 20
48 87
48 58
48 59
48 74
48 65
49 17
50 33
50 34
50 70
50 75
50 51
50 52
50 21
50 24
50 57
50 61
52 75
53 33
53 34
53 70
53 75
53 24
53 51
53 52
53 21
53 25
53 88
53 57
53 61
54 64
54 51
54 34
54 70
54 6
54 71
54 74
54 12
54 66
54 77
54 88
54 83
54 20
54 87
54 24
54 25
54 61
55 33
55 34
55 70
55 77
55 24
55 51
55 52
55 21
55 25
55 88
55 57
55 61
56 64
56 1
56 66
56 6
56 71
56 74
56 87
56 12
56 77
56 83
56 20
56 55
56 88
56 25
56 58
56 59
56 63
57 75
58 75
60 75
60 52
62 64
62 1
62 34
62 6
62 71
62 74
62 12
62 66
62 77
62 83
62 20
62 87
62 88
62 25
62 58
62 63
63 33
63 34
63 70
63 75
63 24
63 51
63 52
63 21
63 88
63 57
63 61
66 33
66 34
66 70
66 75
66 51
66 52
66 21
66 24
66 57
66 61
67 33
67 34
67 70
67 77
67 24
67 51
67 52
67 21
67 25
67 88
67 57
67 61
68 75
69 64
69 33
69 34
69 70
69 6
69 74
69 66
69 77
69 24
69 83
69 20
69 21
69 25
69 88
69 57
69 61
69 51
71 64
71 51
71 34
71 70
71 6
71 74
71 12
71 66
71 77
71 88
71 83
71 20
71 87
71 24
71 25
71 61
71 63
72 64
72 33
72 34
72 70
72 66
72 77
72 24
72 83
72 52
72 21
72 25
72 88
72 57
72 61
72 20
72 51
73 64
73 1
73 66
73 71
73 6
73 39
73 72
73 74
73 55
73 12
73 77
73 83
73 20
73 87
73 88
73 25
73 58
73 59
73 63
74 33
74 34
74 70
74 77
74 24
74 83
74 52
74 21
74 25
74 88
74 57
74 61
74 51
76 64
76 1
76 66
76 71
76 6
76 39
76 72
76 42
76 55
76 12
76 77
76 47
76 83
76 20
76 87
76 88
76 25
76 58
76 59
76 74
76 63
77 33
77 34
77 70
77 24
77 83
77 52
77 21
77 25
77 88
77 57
77 61
77 51
78 33
78 34
78 70
78 77
78 24
78 51
78 52
78 21
78 25
78 88
78 57
78 61
79 64
79 1
79 34
79 6
79 71
79 74
79 12
79 66
79 77
79 83
79 20
79 87
79 88
79 25
79 58
79 63
80 33
80 34
80 70
80 77
80 24
80 83
80 52
80 21
80 25
80 88
80 57
80 61
80 51
81 33
81 75
81 52
81 57
82 32
82 1
82 59
82 65
82 39
82 72
82 42
82 47
82 55
82 56
82 15
83 64
83 34
83 70
83 6
83 71
83 74
83 12
83 66
83 77
83 88
83 51
83 20
83 21
83 87
83 24
83 25
83 61
84 32
84 1
84 59
84 65
84 39
84 72
84 42
84 47
84 82
84 55
84 56
84 15
85 64
85 1
85 66
85 71
85 6
85 39
85 72
85 63
85 42
85 55
85 12
85 77
85 47
85 83
85 20
85 87
85 25
85 58
85 59
85 74
85 65
86 75
87 33
87 34
87 70
87 75
87 24
87 51
87 52
87 21
87 88
87 57
87 61
88 33
88 75
88 51
88 52
88 21
88 57
