88
1 32
1 2
1 3
1 37
1 40
1 42
1 45
1 47
1 48
1 35
1 21
1 22
1 56
1 53
2 46
2 83
2 20
2 86
2 30
3 64
3 4
3 38
3 72
3 41
3 10
3 11
3 14
3 79
3 80
3 17
3 52
3 78
3 88
3 68
3 60
3 31
4 34
4 3
4 36
4 37
4 9
4 42
4 44
4 2
4 77
4 48
4 50
4 21
4 27
5 67
5 71
5 43
5 19
5 55
5 62
5 63
6 67
6 39
6 43
6 19
6 55
6 71
6 62
6 63
7 1
7 66
7 68
7 38
7 17
7 10
7 11
7 80
7 49
7 52
7 88
7 4
7 60
7 31
8 33
8 73
8 74
8 87
8 12
8 55
8 58
8 62
9 51
9 39
9 75
9 76
9 82
9 19
9 26
9 59
9 63
10 1
10 66
10 68
10 38
10 17
10 11
10 80
10 49
10 52
10 88
10 4
10 60
10 31
11 64
11 4
11 38
11 72
11 41
11 10
11 14
11 79
11 80
11 17
11 52
11 78
11 88
11 68
11 60
11 31
12 67
12 71
12 43
12 19
12 55
12 62
12 63
13 65
13 69
13 70
13 8
13 25
13 61
14 33
14 73
14 74
14 12
14 55
14 58
14 62
15 46
15 81
15 83
15 20
15 54
15 57
15 30
17 67
17 39
17 43
17 19
17 55
17 71
17 26
17 62
17 63
18 84
19 32
19 1
19 2
19 3
19 37
19 40
19 66
19 45
19 48
19 49
19 35
19 21
19 22
19 56
19 47
19 53
20 84
21 1
21 66
21 68
21 38
21 10
21 11
21 80
21 49
21 52
21 53
21 88
21 4
21 60
21 31
22 34
22 36
22 5
22 9
22 50
22 23
22 24
22 27
23 67
23 39
23 43
23 76
23 82
23 19
23 71
23 75
23 26
23 63
24 84
25 32
25 2
25 3
25 37
25 40
25 42
25 44
25 77
25 47
25 48
25 35
25 21
25 22
25 56
26 46
26 81
26 83
26 20
26 57
26 30
27 19
27 75
27 39
27 43
27 76
27 82
27 51
27 71
27 26
27 63
28 64
28 4
28 38
28 72
28 41
28 10
28 11
28 14
28 79
28 80
28 17
28 52
28 78
28 88
28 68
28 60
28 31
29 25
29 59
29 69
29 61
30 33
30 73
30 74
30 87
30 12
30 55
30 58
30 62
31 33
31 73
31 74
31 12
31 87
31 58
31 62
32 64
32 33
32 73
32 74
32 12
32 78
32 79
32 87
32 58
33 64
33 4
33 38
33 72
33 41
33 10
33 11
33 14
33 79
33 80
33 17
33 52
33 78
33 88
33 68
33 60
33 31
34 1
34 66
34 68
34 38
34 17
34 10
34 11
34 80
34 49
34 52
34 88
34 4
34 60
34 31
35 67
35 71
35 43
35 19
35 55
35 62
35 63
36 64
36 33
36 41
36 74
36 87
36 12
36 78
36 79
36 73
36 58
37 34
37 36
37 5
37 9
37 50
37 23
37 24
37 27
38 64
38 4
38 72
38 41
38 10
38 11
38 14
38 79
38 17
38 52
38 78
38 88
38 68
39 64
39 33
39 73
39 74
39 12
39 78
39 79
39 87
39 58
40 64
40 72
40 41
40 78
40 79
40 17
40 14
40 87
41 1
41 68
41 38
41 17
41 72
41 10
41 11
41 14
41 80
41 49
41 52
41 88
41 4
41 60
41 31
42 67
42 39
42 43
42 76
42 82
42 19
42 71
42 75
42 26
42 63
43 2
43 36
43 5
43 9
43 42
43 44
43 34
43 77
43 50
43 21
43 24
43 27
44 67
44 39
44 43
44 76
44 82
44 19
44 71
44 75
44 26
44 63
45 2
45 36
45 5
45 9
45 42
45 44
45 34
45 77
45 50
45 21
45 24
45 27
46 1
46 66
46 35
46 38
46 10
46 11
46 45
46 47
46 80
46 49
46 53
46 22
46 60
46 31
47 64
47 68
47 72
47 41
47 78
47 79
47 17
47 52
47 14
47 87
47 88
48 33
48 67
48 73
48 74
48 12
48 55
48 58
48 62
49 32
49 1
49 66
49 35
49 38
49 40
49 45
49 47
49 80
49 53
49 22
49 56
49 60
49 31
50 46
50 81
50 83
50 20
50 54
50 57
50 30
51 64
51 72
51 41
51 87
51 12
51 78
51 79
51 17
51 14
51 73
52 2
52 3
52 36
52 37
52 9
52 42
52 44
52 77
52 48
52 50
52 21
52 56
52 27
53 46
53 81
53 83
53 20
53 86
53 57
53 30
54 32
54 2
54 3
54 37
54 40
54 42
54 44
54 45
54 77
54 47
54 48
54 35
54 21
54 22
54 56
55 32
55 2
55 3
55 36
55 37
55 40
55 9
55 42
55 44
55 77
55 48
55 50
55 21
55 56
56 67
56 39
56 43
56 19
56 55
56 71
56 26
56 63
57 67
57 39
57 43
57 19
57 55
57 71
57 26
57 62
57 63
58 24
58 28
58 54
58 23
59 34
59 36
59 5
59 9
59 50
59 23
59 24
59 27
59 28
60 33
60 73
60 74
60 87
60 12
60 55
60 58
60 62
61 2
61 36
61 5
61 9
61 42
61 44
61 34
61 77
61 50
61 21
61 24
61 27
62 34
62 5
62 23
62 24
62 27
62 28
63 32
63 1
63 66
63 3
63 37
63 48
63 40
63 45
63 47
63 80
63 49
63 35
63 53
63 22
63 56
63 60
63 31
64 68
64 72
64 41
64 14
64 79
64 17
64 52
64 78
64 87
64 88
64 4
65 46
65 20
65 86
65 30
66 32
66 2
66 3
66 37
66 40
66 42
66 44
66 77
66 48
66 35
66 21
66 22
66 56
67 33
67 73
67 74
67 12
67 87
67 58
68 67
68 71
68 43
68 19
68 55
68 62
68 63
69 34
69 36
69 5
69 9
69 42
69 44
69 77
69 50
69 21
69 23
69 24
69 27
70 67
70 39
70 43
70 76
70 82
70 19
70 71
70 75
70 26
70 63
71 57
71 83
71 28
71 54
71 81
72 32
72 2
72 3
72 37
72 40
72 66
72 45
72 48
72 35
72 21
72 22
72 56
72 47
72 53
73 1
73 66
73 68
73 38
73 10
73 11
73 80
73 49
73 52
73 53
73 88
73 4
73 60
73 31
74 1
74 66
74 68
74 38
74 10
74 11
74 45
74 80
74 49
74 52
74 53
74 88
74 4
74 60
74 31
75 67
75 71
75 43
75 55
75 62
75 63
76 1
76 66
76 68
76 38
76 17
76 10
76 11
76 80
76 49
76 52
76 88
76 4
76 60
76 31
77 64
77 4
77 72
77 41
77 14
77 79
77 17
77 52
77 78
77 87
77 88
77 68
78 1
78 66
78 68
78 38
78 10
78 11
78 45
78 80
78 49
78 52
78 53
78 88
78 4
78 60
78 31
79 1
79 66
79 68
79 38
79 17
79 10
79 11
79 80
79 49
79 52
79 88
79 4
79 60
79 31
80 34
80 36
80 5
80 9
80 42
80 44
80 77
80 50
80 23
80 24
80 27
81 51
81 39
81 75
81 76
81 82
81 19
81 26
81 59
81 63
82 18
82 29
82 6
82 7
83 51
83 39
83 75
83 76
83 82
83 19
83 26
83 59
83 63
84 46
84 81
84 83
84 54
84 57
84 28
84 30
85 46
85 81
85 83
85 54
85 57
85 28
85 30
86 1
86 66
86 68
86 38
86 10
86 11
86 80
86 49
86 52
86 53
86 88
86 4
86 60
86 31
87 1
87 66
87 35
87 38
87 40
87 10
87 11
87 45
87 47
87 80
87 49
87 53
87 22
87 60
87 31
88 1
88 66
88 68
88 38
88 10
88 11
88 45
88 47
88 80
88 49
88 52
88 53
88 4
88 60
88 31
