88
1 27
1 40
1 76
1 15
1 81
1 56
1 79
2 32
2 33
2 35
2 8
2 75
2 76
2 15
2 80
2 40
2 51
2 55
2 24
2 27
2 29
2 62
3 51
3 9
3 77
3 46
3 80
3 18
3 83
3 73
3 24
3 62
4 64
4 34
4 68
4 6
4 72
4 74
4 43
4 12
4 50
4 78
4 82
4 23
4 26
4 59
4 61
5 51
5 9
5 12
5 77
5 46
5 18
5 83
5 73
5 23
5 24
5 62
6 86
6 70
7 49
8 84
8 36
8 4
8 47
9 32
9 33
9 2
9 35
9 81
9 8
9 75
9 76
9 15
9 27
9 40
9 55
9 79
9 29
10 34
10 73
10 74
10 12
10 77
10 78
10 82
10 23
10 59
11 34
11 73
11 74
11 18
11 12
11 77
11 46
11 82
11 83
11 78
11 23
11 59
12 64
12 34
12 3
12 68
12 38
12 6
12 72
12 74
12 43
12 13
12 78
12 50
12 82
12 19
12 57
12 26
12 59
12 60
12 61
13 34
13 73
13 74
13 12
13 78
13 82
13 23
13 26
13 59
14 19
14 66
14 3
14 37
14 38
14 13
14 45
14 67
14 52
14 25
14 88
14 57
14 31
14 69
15 42
15 44
15 85
15 87
15 58
15 63
15 10
15 53
17 32
17 33
17 2
17 35
17 8
17 75
17 76
17 15
17 80
17 40
17 51
17 55
17 27
17 29
18 32
18 33
18 2
18 27
18 81
18 8
18 75
18 76
18 15
18 40
18 55
18 79
18 29
19 65
19 5
19 41
19 42
19 85
19 54
19 87
21 84
21 36
21 4
21 47
22 49
22 7
23 42
23 44
23 85
23 87
23 58
23 63
23 10
23 53
24 41
24 20
24 5
25 32
25 27
25 40
25 76
25 79
25 81
25 55
25 56
25 15
26 84
26 36
26 4
26 47
27 66
27 3
27 37
27 38
27 43
27 45
27 14
27 13
27 88
27 19
27 52
27 25
27 67
27 57
27 31
27 60
27 69
29 7
31 32
31 33
31 2
31 27
31 81
31 8
31 75
31 76
31 15
31 40
31 55
31 79
31 29
32 33
32 2
32 35
32 51
32 8
32 9
32 75
32 46
32 15
32 80
32 40
32 18
32 83
32 55
32 24
32 29
32 62
33 76
33 79
33 48
33 81
33 56
33 27
33 28
34 48
34 1
34 28
34 21
34 39
35 32
35 33
35 2
35 8
35 75
35 76
35 15
35 80
35 40
35 51
35 55
35 24
35 27
35 29
35 62
36 1
36 79
36 48
36 81
36 21
36 56
36 28
37 34
37 73
37 74
37 12
37 77
37 78
37 82
37 23
37 26
37 59
38 32
38 33
38 2
38 27
38 81
38 8
38 75
38 76
38 15
38 40
38 55
38 79
38 29
39 20
40 86
40 70
41 1
41 79
41 48
41 81
41 21
41 56
41 28
42 48
42 1
42 28
42 21
42 39
43 65
43 5
43 41
43 42
43 44
43 85
43 54
43 87
43 58
43 63
44 66
44 3
44 37
44 38
44 43
44 45
44 14
44 13
44 50
44 19
44 52
44 57
44 88
44 67
44 25
44 60
44 61
44 31
46 32
46 33
46 2
46 35
46 8
46 75
46 76
46 15
46 80
46 40
46 55
46 27
46 29
47 66
47 67
47 37
47 71
47 45
47 14
47 13
47 3
47 52
47 22
47 25
47 88
47 57
47 31
47 69
48 36
48 84
48 47
49 65
49 5
49 41
49 42
49 44
49 85
49 54
49 87
50 32
50 33
50 2
50 35
50 51
50 8
50 9
50 75
50 46
50 15
50 80
50 40
50 18
50 83
50 55
50 24
50 29
50 62
51 66
51 3
51 37
51 71
51 11
51 45
51 14
51 13
51 67
51 52
51 22
51 88
51 25
51 31
51 69
52 67
52 37
52 71
52 11
52 45
52 14
52 53
52 22
52 88
52 31
52 69
53 32
53 33
53 2
53 35
53 51
53 8
53 9
53 75
53 76
53 46
53 15
53 80
53 40
53 83
53 55
53 24
53 27
53 29
53 62
54 4
54 36
54 47
55 69
55 71
55 10
55 11
55 45
55 14
55 53
55 22
55 88
55 58
55 63
55 37
56 41
56 20
56 5
56 54
56 65
57 34
57 73
57 74
57 12
57 78
57 82
57 23
57 26
57 59
58 1
58 79
58 48
58 81
58 21
58 56
58 28
59 64
59 34
59 3
59 68
59 38
59 6
59 72
59 74
59 43
59 13
59 78
59 50
59 82
59 19
59 57
59 26
59 60
59 61
60 66
60 3
60 37
60 38
60 43
60 45
60 14
60 13
60 88
60 19
60 52
60 25
60 67
60 57
60 61
60 31
61 66
61 3
61 37
61 38
61 43
61 45
61 14
61 13
61 88
61 19
61 52
61 25
61 67
61 57
61 31
61 60
61 69
62 64
62 34
62 68
62 6
62 72
62 73
62 74
62 12
62 50
62 78
62 82
62 23
62 26
62 59
62 61
63 51
63 9
63 77
63 46
63 80
63 18
63 83
63 73
63 24
63 62
64 34
64 6
64 73
64 74
64 12
64 78
64 82
64 23
64 26
64 59
65 32
65 33
65 2
65 35
65 51
65 8
65 9
65 75
65 77
65 46
65 80
65 18
65 83
65 24
65 29
65 62
66 64
66 34
66 68
66 6
66 72
66 74
66 43
66 12
66 50
66 78
66 82
66 23
66 26
66 59
66 61
67 51
67 9
67 77
67 46
67 80
67 18
67 83
67 73
67 24
67 62
68 1
68 79
68 48
68 81
68 21
68 56
68 28
69 27
69 40
69 76
69 79
69 81
69 55
69 56
69 15
70 1
70 79
70 48
70 81
70 21
70 56
70 28
71 32
71 33
71 2
71 35
71 51
71 8
71 9
71 75
71 76
71 46
71 15
71 80
71 40
71 18
71 83
71 55
71 24
71 29
71 62
72 32
72 33
72 2
72 35
72 51
72 8
72 9
72 75
72 77
72 46
72 80
72 18
72 83
72 55
72 24
72 29
72 62
73 64
73 19
73 66
73 3
73 68
73 38
73 6
73 72
73 43
73 13
73 50
73 67
73 25
73 57
73 26
73 60
73 61
73 31
74 34
74 73
74 12
74 77
74 78
74 82
74 23
74 26
74 59
75 64
75 66
75 3
75 68
75 38
75 6
75 72
75 74
75 43
75 34
75 78
75 13
75 50
75 82
75 19
75 25
75 57
75 26
75 59
75 60
75 61
76 51
76 9
76 77
76 46
76 80
76 18
76 83
76 73
76 24
76 62
77 64
77 34
77 68
77 6
77 72
77 74
77 43
77 12
77 50
77 78
77 82
77 23
77 26
77 59
77 61
78 1
78 39
78 48
78 81
78 21
78 56
78 28
79 64
79 34
79 3
79 68
79 38
79 6
79 72
79 74
79 43
79 13
79 78
79 50
79 82
79 19
79 57
79 26
79 59
79 60
79 61
80 1
80 79
80 48
80 81
80 21
80 56
80 28
81 20
82 19
82 66
82 3
82 68
82 38
82 72
82 43
82 13
82 50
82 67
82 52
82 25
82 57
82 60
82 61
82 31
83 32
83 33
83 2
83 35
83 8
83 75
83 76
83 15
83 80
83 40
83 55
83 27
83 29
84 1
84 39
85 32
85 33
85 2
85 35
85 8
85 75
85 76
85 15
85 80
85 40
85 51
85 55
85 24
85 27
85 29
85 62
86 64
86 19
86 66
86 3
86 68
86 38
86 6
86 72
86 43
86 13
86 50
86 67
86 52
86 25
86 57
86 26
86 60
86 61
86 31
87 51
87 35
87 9
87 77
87 46
87 80
87 18
87 83
87 73
87 24
87 62
88 64
88 34
88 6
88 73
88 74
88 12
88 78
88 82
88 23
88 26
88 59
