88
1 49
1 36
1 86
2 6
2 7
2 8
2 48
2 19
2 86
3 2
3 4
3 14
3 21
3 26
3 27
3 33
3 37
3 39
3 41
3 43
3 46
3 50
3 53
3 58
3 64
3 65
3 67
3 71
3 74
3 77
3 87
3 88
4 34
4 35
4 69
4 77
4 31
4 73
4 43
4 12
4 13
4 46
4 47
4 29
4 84
4 78
4 87
4 56
4 25
4 59
4 61
4 62
4 21
6 3
6 5
6 70
6 42
6 11
6 45
6 79
6 80
6 82
6 83
6 22
6 24
6 54
6 63
8 6
8 17
8 48
8 81
8 19
8 28
9 48
9 8
9 19
9 6
9 7
10 3
10 5
10 17
10 80
10 81
10 83
10 22
10 28
12 48
12 8
12 19
12 6
12 7
14 1
14 2
14 4
14 10
14 23
14 26
14 27
14 32
14 33
14 37
14 39
14 41
14 43
14 50
14 51
14 53
14 58
14 64
14 65
14 67
14 68
14 71
14 74
14 76
14 85
14 88
18 3
18 5
18 17
18 81
18 83
18 22
18 28
19 34
19 3
19 5
19 70
19 42
19 11
19 45
19 79
19 80
19 24
19 82
19 35
19 22
19 83
19 54
19 61
19 63
21 65
21 67
21 4
21 37
21 39
21 73
21 74
21 71
21 13
21 14
21 77
21 43
21 84
21 46
21 87
21 88
21 26
21 53
22 17
22 19
22 28
22 6
22 81
23 3
23 5
23 70
23 17
23 42
23 45
23 79
23 80
23 81
23 82
23 83
23 22
23 54
23 28
23 63
24 77
24 69
24 71
24 31
24 73
24 74
24 43
24 12
24 13
24 78
24 47
24 56
24 84
24 14
24 87
24 46
24 25
24 59
24 29
24 21
25 49
25 44
25 86
25 36
26 40
27 4
27 12
27 13
27 14
27 21
27 25
27 29
27 31
27 37
27 43
27 46
27 47
27 53
27 65
27 67
27 69
27 71
27 73
27 74
27 77
27 84
27 87
30 3
30 5
30 17
30 80
30 81
30 82
30 83
30 22
30 54
30 28
30 63
31 2
31 4
31 10
31 14
31 21
31 26
31 27
31 33
31 37
31 39
31 41
31 43
31 46
31 50
31 51
31 53
31 58
31 64
31 65
31 67
31 71
31 74
31 88
32 17
32 19
32 28
32 6
32 81
33 34
33 3
33 5
33 70
33 42
33 11
33 45
33 78
33 79
33 80
33 24
33 82
33 35
33 22
33 56
33 83
33 54
33 61
33 62
33 63
34 3
34 5
34 70
34 17
34 79
34 80
34 81
34 82
34 83
34 22
34 54
34 28
34 63
35 77
35 69
35 71
35 31
35 73
35 74
35 43
35 12
35 13
35 78
35 47
35 29
35 84
35 14
35 87
35 46
35 25
35 59
35 53
35 21
36 34
36 3
36 5
36 70
36 63
36 42
36 11
36 59
36 45
36 78
36 47
36 80
36 24
36 82
36 35
36 54
36 56
36 79
36 61
36 62
36 69
38 5
38 11
38 12
38 24
38 25
38 34
38 35
38 42
38 45
38 47
38 54
38 56
38 59
38 61
38 62
38 63
38 69
38 70
38 78
38 79
38 80
38 82
40 34
40 35
40 69
40 77
40 31
40 73
40 11
40 12
40 13
40 46
40 47
40 29
40 84
40 78
40 87
40 56
40 25
40 59
40 61
40 62
40 21
41 48
41 8
41 19
41 86
41 7
42 48
42 8
42 36
42 86
42 7
45 34
45 3
45 5
45 70
45 54
45 42
45 11
45 78
45 79
45 80
45 24
45 82
45 35
45 22
45 56
45 59
45 61
45 62
45 63
46 49
46 36
46 86
46 7
47 34
47 3
47 5
47 70
47 63
47 42
47 11
47 45
47 78
47 79
47 80
47 24
47 82
47 35
47 54
47 56
47 59
47 61
47 62
47 69
48 8
48 19
48 6
48 7
50 40
51 4
51 12
51 13
51 14
51 21
51 25
51 26
51 29
51 31
51 37
51 39
51 43
51 46
51 53
51 65
51 67
51 71
51 73
51 74
51 77
51 84
51 87
52 34
52 3
52 5
52 70
52 42
52 11
52 45
52 79
52 80
52 24
52 82
52 35
52 22
52 83
52 54
52 61
52 62
52 63
53 3
53 5
53 70
53 17
53 45
53 79
53 80
53 81
53 82
53 83
53 22
53 54
53 28
53 63
54 3
54 5
54 70
54 17
54 42
54 45
54 79
54 80
54 81
54 82
54 83
54 22
54 24
54 28
54 63
55 40
56 40
57 49
57 36
57 86
58 49
58 44
58 36
59 4
59 69
59 71
59 73
59 74
59 43
59 12
59 13
59 78
59 47
59 29
59 77
59 84
59 14
59 87
59 46
59 25
59 31
59 53
59 21
61 4
61 12
61 13
61 14
61 21
61 25
61 29
61 31
61 37
61 43
61 46
61 47
61 53
61 65
61 67
61 69
61 71
61 73
61 74
61 77
61 84
61 87
64 83
64 6
64 17
64 81
64 19
64 28
65 34
65 35
65 5
65 70
65 63
65 42
65 11
65 59
65 45
65 78
65 47
65 80
65 24
65 82
65 54
65 56
65 79
65 61
65 62
65 69
66 48
66 8
66 19
66 86
66 7
67 64
67 33
67 2
67 43
67 4
67 37
67 65
67 39
67 41
67 74
67 71
67 77
67 14
67 87
67 53
67 46
67 73
67 88
67 58
67 26
67 21
68 34
68 35
68 69
68 70
68 42
68 11
68 12
68 45
68 78
68 47
68 56
68 29
68 84
68 59
68 24
68 25
68 79
68 61
68 62
68 31
69 34
69 35
69 5
69 70
69 42
69 11
69 12
69 45
69 78
69 47
69 80
69 56
69 82
69 62
69 54
69 24
69 25
69 79
69 59
69 61
69 63
70 3
70 6
70 17
70 81
70 83
70 22
70 28
71 3
71 5
71 17
71 81
71 83
71 22
71 28
72 17
72 19
72 28
72 6
72 81
73 34
73 35
73 5
73 70
73 63
73 42
73 11
73 59
73 45
73 78
73 47
73 80
73 24
73 82
73 54
73 56
73 79
73 61
73 62
73 69
74 17
74 19
74 28
74 6
74 81
75 34
75 35
75 5
75 70
75 63
75 42
75 11
75 59
75 45
75 78
75 47
75 80
75 24
75 82
75 54
75 56
75 79
75 61
75 62
75 69
76 34
76 35
76 69
76 77
76 31
76 73
76 11
76 12
76 13
76 46
76 47
76 29
76 84
76 78
76 87
76 56
76 25
76 59
76 61
76 62
76 21
77 69
77 71
77 31
77 73
77 74
77 43
77 12
77 13
77 78
77 47
77 56
77 84
77 14
77 87
77 46
77 25
77 59
77 29
77 62
77 21
78 17
78 19
78 28
78 6
78 81
79 65
79 67
79 4
79 37
79 39
79 73
79 74
79 71
79 12
79 13
79 14
79 77
79 43
79 29
79 84
79 46
79 87
79 25
79 31
79 53
79 21
80 34
80 35
80 69
80 70
80 63
80 42
80 11
80 12
80 45
80 78
80 47
80 56
80 82
80 62
80 54
80 24
80 25
80 79
80 59
80 61
80 5
82 65
82 67
82 4
82 37
82 39
82 73
82 74
82 71
82 13
82 14
82 77
82 43
82 84
82 46
82 87
82 88
82 26
82 53
82 21
83 48
83 8
83 86
83 7
84 40
85 3
85 5
85 17
85 80
85 81
85 82
85 83
85 22
85 54
85 28
86 34
86 3
86 5
86 70
86 63
86 42
86 11
86 59
86 45
86 78
86 47
86 80
86 24
86 82
86 35
86 54
86 56
86 79
86 61
86 62
86 69
87 3
87 5
87 70
87 17
87 42
87 45
87 79
87 80
87 81
87 82
87 83
87 22
87 24
87 54
87 28
87 63
88 17
88 19
88 28
88 6
88 81
