88
1 49
1 36
1 86
2 48
2 8
2 19
2 7
3 33
3 67
3 4
3 37
3 65
3 71
3 41
3 74
3 39
3 14
3 43
3 46
3 88
3 58
3 26
3 53
4 59
4 69
4 31
4 73
4 12
4 13
4 46
4 77
4 84
4 78
4 87
4 56
4 25
4 47
4 29
4 62
4 21
5 72
5 9
5 66
5 52
5 57
6 3
6 5
6 70
6 42
6 45
6 79
6 80
6 82
6 83
6 22
6 24
6 54
6 63
7 72
7 9
7 75
7 52
7 57
8 19
8 28
8 6
9 48
9 8
9 19
9 6
10 3
10 17
10 81
10 83
10 22
10 28
11 57
11 66
11 52
11 20
12 48
12 8
12 19
12 6
12 7
13 66
13 72
13 9
13 75
13 52
13 57
14 1
14 2
14 4
14 10
14 26
14 27
14 33
14 37
14 39
14 41
14 50
14 51
14 53
14 58
14 64
14 65
14 67
14 68
14 71
14 74
14 85
14 88
15 72
15 9
15 75
15 52
15 55
15 57
17 38
18 3
18 17
18 81
18 83
18 22
18 28
19 3
19 5
19 70
19 42
19 11
19 45
19 79
19 80
19 82
19 83
19 22
19 24
19 54
19 63
20 64
20 1
20 2
20 68
20 32
20 33
20 41
20 10
20 75
20 76
20 50
20 51
20 85
20 55
20 23
20 58
20 27
21 65
21 67
21 4
21 37
21 39
21 73
21 74
21 71
21 13
21 14
21 77
21 43
21 46
21 87
21 26
21 53
22 17
22 28
22 6
22 81
23 3
23 5
23 17
23 80
23 81
23 82
23 83
23 22
23 54
23 28
23 63
24 69
24 71
24 73
24 43
24 12
24 77
24 46
24 13
24 84
24 21
24 87
24 25
24 47
24 29
24 31
25 49
25 36
25 86
26 40
27 71
27 73
27 74
27 43
27 29
27 13
27 14
27 77
27 84
27 46
27 87
27 31
27 53
27 21
28 72
28 9
28 75
28 52
28 55
28 57
29 64
29 1
29 2
29 68
29 32
29 33
29 41
29 10
29 23
29 76
29 50
29 51
29 85
29 55
29 88
29 58
29 27
29 26
30 3
30 5
30 17
30 80
30 81
30 82
30 83
30 22
30 54
30 28
30 63
31 64
31 33
31 2
31 67
31 4
31 37
31 65
31 71
31 41
31 74
31 39
31 14
31 43
31 53
31 88
31 58
31 26
32 19
32 28
32 6
33 34
33 35
33 5
33 70
33 42
33 11
33 45
33 79
33 80
33 82
33 54
33 24
33 61
33 63
34 3
34 5
34 17
34 80
34 81
34 82
34 83
34 22
34 54
34 28
34 63
35 71
35 73
35 74
35 43
35 12
35 13
35 14
35 77
35 84
35 46
35 87
35 25
35 31
35 29
35 21
36 34
36 35
36 5
36 70
36 42
36 11
36 45
36 79
36 80
36 24
36 82
36 54
36 56
36 61
36 62
36 63
37 64
37 1
37 2
37 68
37 32
37 33
37 41
37 10
37 75
37 76
37 50
37 51
37 85
37 55
37 23
37 58
37 27
38 34
38 35
38 69
38 70
38 42
38 11
38 45
38 78
38 79
38 24
38 82
38 54
38 56
38 59
38 61
38 62
38 63
39 64
39 1
39 2
39 67
39 68
39 32
39 33
39 41
39 10
39 23
39 76
39 50
39 51
39 85
39 55
39 88
39 58
39 27
39 26
40 34
40 35
40 69
40 77
40 73
40 11
40 12
40 13
40 78
40 47
40 29
40 84
40 87
40 56
40 25
40 59
40 61
40 62
40 31
41 48
41 8
41 86
41 7
42 8
42 86
42 7
43 64
43 1
43 2
43 68
43 32
43 9
43 10
43 75
43 76
43 50
43 51
43 85
43 55
43 23
43 27
44 32
44 72
44 9
44 75
44 76
44 55
44 23
44 57
45 34
45 35
45 5
45 70
45 42
45 11
45 79
45 80
45 82
45 54
45 24
45 61
45 62
45 63
46 36
46 86
47 34
47 35
47 5
47 70
47 42
47 11
47 45
47 79
47 80
47 24
47 82
47 54
47 56
47 61
47 62
47 63
48 8
48 19
48 6
48 7
49 1
49 2
49 4
49 10
49 23
49 26
49 27
49 32
49 33
49 37
49 39
49 41
49 50
49 51
49 53
49 58
49 64
49 65
49 67
49 68
49 76
49 85
49 88
50 40
51 4
51 37
51 71
51 73
51 74
51 43
51 13
51 14
51 77
51 84
51 46
51 87
51 53
51 21
52 3
52 5
52 70
52 42
52 11
52 45
52 79
52 80
52 82
52 22
52 24
52 54
52 63
53 3
53 5
53 17
53 80
53 81
53 82
53 83
53 22
53 54
53 28
53 63
54 3
54 5
54 70
54 17
54 79
54 80
54 81
54 82
54 83
54 22
54 63
55 40
56 40
57 49
57 36
57 86
58 49
58 44
58 36
59 71
59 73
59 74
59 43
59 12
59 13
59 14
59 77
59 84
59 46
59 87
59 25
59 31
59 29
59 21
60 64
60 1
60 2
60 67
60 4
60 37
60 65
60 39
60 41
60 10
60 14
60 27
60 50
60 51
60 53
60 88
60 68
60 33
60 26
60 58
60 85
61 71
61 73
61 74
61 43
61 29
61 13
61 14
61 77
61 84
61 46
61 87
61 31
61 53
61 21
62 72
62 9
62 75
62 52
62 57
63 64
63 1
63 2
63 68
63 33
63 32
63 39
63 41
63 10
63 23
63 76
63 50
63 51
63 85
63 55
63 88
63 58
63 27
63 26
64 17
64 28
64 6
64 81
65 34
65 35
65 70
65 42
65 11
65 45
65 78
65 79
65 80
65 24
65 82
65 54
65 56
65 61
65 62
65 63
66 48
66 8
66 19
66 7
67 65
67 43
67 4
67 37
67 39
67 74
67 71
67 14
67 46
67 88
67 26
67 53
67 21
68 34
68 35
68 69
68 70
68 42
68 11
68 12
68 45
68 78
68 47
68 56
68 29
68 59
68 24
68 25
68 79
68 61
68 62
68 31
69 34
69 35
69 70
69 42
69 11
69 59
69 45
69 78
69 47
69 24
69 54
69 56
69 79
69 61
69 62
69 63
70 17
70 28
70 81
71 3
71 17
71 81
71 83
71 22
71 28
72 17
72 28
72 6
72 81
73 34
73 35
73 70
73 42
73 11
73 45
73 78
73 79
73 80
73 24
73 82
73 54
73 56
73 61
73 62
73 63
74 17
74 19
74 28
74 6
74 81
75 34
75 35
75 70
75 42
75 11
75 45
75 79
75 80
75 24
75 82
75 54
75 56
75 61
75 62
75 63
76 35
76 69
76 77
76 31
76 73
76 12
76 13
76 46
76 47
76 29
76 84
76 78
76 87
76 56
76 25
76 59
76 61
76 62
76 21
77 69
77 73
77 43
77 12
77 13
77 46
77 47
77 84
77 21
77 87
77 25
77 59
77 29
77 31
78 17
78 19
78 28
78 6
78 81
79 71
79 73
79 74
79 43
79 29
79 13
79 14
79 77
79 84
79 46
79 87
79 31
79 53
79 21
80 34
80 35
80 70
80 42
80 11
80 45
80 78
80 79
80 24
80 82
80 54
80 56
80 59
80 61
80 62
80 63
81 72
81 57
81 66
81 52
82 65
82 67
82 4
82 37
82 39
82 73
82 74
82 71
82 13
82 14
82 77
82 43
82 46
82 87
82 26
82 53
82 21
83 48
83 8
83 86
83 7
84 40
85 3
85 17
85 81
85 83
85 22
85 28
86 34
86 35
86 5
86 70
86 42
86 11
86 45
86 79
86 80
86 24
86 82
86 54
86 56
86 61
86 62
86 63
87 3
87 5
87 70
87 17
87 42
87 45
87 79
87 80
87 81
87 82
87 83
87 22
87 54
87 63
88 17
88 28
88 6
88 81
