88
1 70
1 76
1 51
1 86
1 26
1 27
1 61
1 62
2 82
2 76
5 19
5 64
5 34
5 6
5 71
5 9
5 74
5 23
5 80
5 51
5 73
5 25
5 26
5 28
5 61
5 62
6 19
6 64
6 34
6 71
6 9
6 74
6 23
6 80
6 51
6 73
6 25
6 26
6 28
6 61
6 62
7 64
7 34
7 70
7 6
7 71
7 9
7 74
7 23
7 80
7 51
7 86
7 73
7 25
7 26
7 28
7 61
7 62
9 19
9 64
9 34
9 6
9 71
9 73
9 74
9 80
9 51
9 23
9 25
9 26
9 28
9 61
9 62
10 64
10 34
10 70
10 6
10 71
10 9
10 74
10 23
10 80
10 51
10 86
10 73
10 25
10 26
10 28
10 61
10 62
11 34
11 70
11 6
11 71
11 9
11 51
11 86
11 73
11 25
11 26
11 27
11 28
11 61
11 62
12 19
12 64
12 34
12 6
12 71
12 9
12 74
12 23
12 80
12 51
12 73
12 25
12 26
12 28
12 61
12 62
13 19
13 64
13 34
13 6
13 71
13 9
13 74
13 23
13 80
13 51
13 73
13 25
13 26
13 28
13 61
13 62
14 19
14 64
14 34
14 6
14 71
14 9
14 74
14 23
14 80
14 51
14 86
14 73
14 25
14 26
14 28
14 61
14 62
15 19
15 64
15 34
15 6
15 71
15 9
15 74
15 23
15 80
15 51
15 73
15 25
15 26
15 28
15 61
15 62
16 19
16 64
16 34
16 6
16 71
16 9
16 74
16 23
16 80
16 51
16 73
16 25
16 26
16 28
16 61
16 62
17 82
17 27
17 76
18 70
18 76
18 51
18 86
18 25
18 26
18 27
18 61
18 62
20 19
20 64
20 34
20 6
20 71
20 9
20 74
20 23
20 80
20 51
20 73
20 25
20 26
20 28
20 61
20 62
21 27
21 76
21 86
21 70
24 19
24 64
24 34
24 6
24 71
24 9
24 74
24 23
24 80
24 51
24 86
24 73
24 25
24 26
24 28
24 61
24 62
27 19
27 64
27 34
27 6
27 71
27 9
27 74
27 23
27 80
27 51
27 73
27 25
27 26
27 28
27 61
27 62
28 19
28 64
28 34
28 6
28 71
28 9
28 74
28 23
28 80
28 51
28 73
28 25
28 26
28 61
28 62
30 27
30 76
30 86
30 70
31 82
31 27
31 76
31 70
32 27
32 76
32 86
32 70
33 70
33 76
33 51
33 86
33 26
33 27
35 34
35 70
35 76
35 51
35 86
35 25
35 26
35 27
35 61
35 62
36 34
36 70
36 9
36 76
36 51
36 86
36 73
36 25
36 26
36 27
36 28
36 61
36 62
37 27
37 76
37 86
37 70
38 82
38 27
38 76
38 70
39 82
39 76
40 34
40 70
40 6
40 9
40 76
40 51
40 86
40 73
40 25
40 26
40 27
40 28
40 61
40 62
41 64
41 34
41 70
41 6
41 71
41 9
41 74
41 23
41 51
41 86
41 73
41 25
41 26
41 28
41 61
41 62
42 19
42 64
42 34
42 6
42 71
42 9
42 74
42 23
42 80
42 51
42 73
42 25
42 26
42 28
42 61
42 62
43 82
43 27
43 76
43 70
44 34
44 70
44 6
44 71
44 9
44 51
44 86
44 73
44 25
44 26
44 27
44 28
44 61
44 62
45 34
45 70
45 9
45 76
45 51
45 86
45 25
45 26
45 27
45 28
45 61
45 62
46 19
46 64
46 34
46 6
46 71
46 9
46 74
46 23
46 80
46 51
46 73
46 25
46 26
46 28
46 61
46 62
47 34
47 70
47 76
47 51
47 86
47 25
47 26
47 27
47 61
47 62
48 34
48 70
48 6
48 71
48 9
48 74
48 51
48 86
48 73
48 25
48 26
48 27
48 28
48 61
48 62
49 34
49 70
49 9
49 76
49 51
49 86
49 25
49 26
49 27
49 28
49 61
49 62
50 34
50 70
50 76
50 51
50 86
50 25
50 26
50 27
50 61
50 62
51 64
51 34
51 6
51 71
51 9
51 74
51 23
51 80
51 19
51 73
51 25
51 26
51 28
51 61
51 62
52 19
52 64
52 34
52 6
52 71
52 9
52 74
52 23
52 80
52 51
52 86
52 73
52 25
52 26
52 28
52 61
52 62
53 34
53 70
53 6
53 71
53 9
53 74
53 51
53 86
53 73
53 25
53 26
53 27
53 28
53 61
53 62
54 34
54 70
54 6
54 71
54 9
54 74
54 51
54 86
54 73
54 25
54 26
54 27
54 28
54 61
54 62
55 19
55 64
55 34
55 6
55 71
55 9
55 74
55 23
55 80
55 51
55 73
55 25
55 26
55 28
55 61
55 62
56 64
56 34
56 70
56 6
56 71
56 9
56 74
56 23
56 80
56 51
56 86
56 73
56 25
56 26
56 28
56 61
56 62
57 19
57 64
57 34
57 6
57 71
57 9
57 74
57 23
57 80
57 51
57 86
57 73
57 25
57 26
57 28
57 61
57 62
58 34
58 70
58 6
58 71
58 9
58 74
58 51
58 86
58 73
58 25
58 26
58 27
58 28
58 61
58 62
59 34
59 70
59 6
59 71
59 9
59 51
59 86
59 73
59 25
59 26
59 27
59 28
59 61
59 62
60 64
60 34
60 70
60 6
60 71
60 9
60 74
60 23
60 80
60 51
60 86
60 73
60 25
60 26
60 28
60 61
60 62
63 34
63 70
63 6
63 9
63 76
63 51
63 86
63 73
63 25
63 26
63 27
63 28
63 61
63 62
66 64
66 34
66 70
66 6
66 71
66 9
66 74
66 23
66 80
66 51
66 86
66 73
66 25
66 26
66 28
66 61
66 62
67 64
67 34
67 70
67 6
67 71
67 9
67 74
67 23
67 80
67 51
67 86
67 73
67 25
67 26
67 28
67 61
67 62
68 34
68 70
68 6
68 71
68 9
68 74
68 51
68 86
68 73
68 25
68 26
68 27
68 28
68 61
68 62
69 34
69 70
69 6
69 71
69 9
69 51
69 86
69 73
69 25
69 26
69 27
69 28
69 61
69 62
72 19
72 64
72 34
72 6
72 71
72 9
72 74
72 23
72 80
72 51
72 86
72 73
72 25
72 26
72 28
72 61
72 62
73 19
73 64
73 34
73 6
73 71
73 9
73 74
73 80
73 51
73 23
73 25
73 26
73 28
73 61
73 62
74 19
74 64
74 34
74 6
74 71
74 9
74 23
74 80
74 51
74 73
74 25
74 26
74 28
74 61
74 62
75 34
75 70
75 6
75 71
75 9
75 51
75 86
75 73
75 25
75 26
75 27
75 28
75 61
75 62
76 19
76 64
76 34
76 6
76 71
76 9
76 74
76 23
76 80
76 51
76 73
76 25
76 26
76 28
76 61
76 62
77 70
77 76
77 51
77 86
77 26
77 27
77 61
77 62
78 64
78 34
78 70
78 6
78 71
78 9
78 74
78 23
78 80
78 51
78 86
78 73
78 25
78 26
78 28
78 61
78 62
79 19
79 64
79 34
79 6
79 71
79 9
79 74
79 23
79 80
79 51
79 73
79 25
79 26
79 28
79 61
79 62
81 34
81 70
81 6
81 71
81 9
81 74
81 51
81 86
81 73
81 25
81 26
81 27
81 28
81 61
81 62
84 82
84 27
84 76
85 70
85 76
85 51
85 86
85 25
85 26
85 27
85 61
85 62
86 64
86 34
86 6
86 71
86 9
86 74
86 23
86 80
86 51
86 73
86 25
86 26
86 28
86 61
86 62
87 34
87 70
87 6
87 9
87 76
87 51
87 86
87 73
87 25
87 26
87 27
87 28
87 61
87 62
88 19
88 64
88 34
88 6
88 71
88 9
88 74
88 23
88 80
88 51
88 73
88 25
88 26
88 28
88 61
88 62
