88
1 3
1 5
1 6
1 11
1 14
1 15
1 26
1 33
1 34
1 39
1 43
1 44
1 52
1 56
1 57
1 58
1 59
1 60
1 62
1 63
1 66
1 69
1 71
1 72
1 82
1 86
1 88
2 3
2 5
2 6
2 8
2 11
2 14
2 15
2 33
2 34
2 39
2 43
2 44
2 52
2 56
2 57
2 58
2 59
2 60
2 62
2 63
2 66
2 69
2 71
2 72
2 82
2 87
3 4
3 5
3 6
3 7
3 10
3 11
3 16
3 18
3 19
3 21
3 23
3 25
3 26
3 28
3 31
3 33
3 39
3 40
3 41
3 42
3 43
3 44
3 52
3 56
3 58
3 59
3 62
3 66
3 68
3 69
3 72
3 73
3 82
3 85
3 86
3 88
4 3
4 5
4 6
4 7
4 10
4 11
4 16
4 18
4 19
4 21
4 23
4 25
4 26
4 33
4 39
4 40
4 42
4 43
4 44
4 52
4 56
4 58
4 59
4 62
4 66
4 68
4 69
4 71
4 72
4 82
4 85
4 86
4 88
5 4
5 6
5 7
5 10
5 11
5 16
5 18
5 19
5 21
5 23
5 25
5 26
5 28
5 31
5 33
5 39
5 40
5 41
5 42
5 43
5 44
5 52
5 56
5 58
5 59
5 62
5 66
5 68
5 69
5 72
5 73
5 82
5 85
5 86
5 88
7 3
7 5
7 6
7 10
7 11
7 14
7 15
7 26
7 33
7 34
7 39
7 43
7 44
7 52
7 56
7 57
7 58
7 59
7 60
7 62
7 63
7 66
7 69
7 71
7 72
7 82
7 86
7 88
9 34
9 3
9 69
9 39
9 8
9 71
9 13
9 14
9 15
9 82
9 52
9 87
9 24
9 57
9 59
9 60
9 63
10 34
10 8
10 75
10 76
10 13
10 14
10 15
10 87
10 24
10 27
10 60
10 63
12 3
12 5
12 6
12 10
12 11
12 15
12 18
12 21
12 23
12 25
12 26
12 33
12 39
12 40
12 42
12 43
12 44
12 52
12 56
12 57
12 58
12 59
12 62
12 66
12 68
12 69
12 71
12 72
12 82
12 85
12 86
12 88
15 4
15 7
15 10
15 16
15 18
15 19
15 21
15 22
15 23
15 25
15 26
15 28
15 31
15 32
15 40
15 41
15 42
15 43
15 44
15 48
15 54
15 61
15 62
15 66
15 67
15 68
15 73
15 74
15 79
15 80
15 85
15 86
15 88
16 33
16 34
16 3
16 69
16 6
16 39
16 8
16 11
16 13
16 14
16 15
16 71
16 82
16 52
16 87
16 24
16 57
16 58
16 59
16 60
16 63
17 4
17 5
17 6
17 7
17 10
17 11
17 16
17 18
17 19
17 21
17 23
17 25
17 26
17 28
17 31
17 33
17 39
17 40
17 41
17 42
17 43
17 44
17 56
17 58
17 59
17 62
17 66
17 68
17 72
17 73
17 79
17 82
17 85
17 86
17 88
20 4
20 5
20 6
20 7
20 10
20 11
20 16
20 18
20 19
20 21
20 23
20 25
20 26
20 28
20 31
20 32
20 33
20 39
20 40
20 41
20 42
20 43
20 44
20 56
20 58
20 62
20 66
20 68
20 72
20 73
20 79
20 82
20 85
20 86
20 88
26 3
26 5
26 6
26 8
26 11
26 13
26 14
26 15
26 24
26 33
26 34
26 39
26 52
26 56
26 57
26 58
26 59
26 60
26 63
26 69
26 71
26 72
26 82
26 87
27 3
27 6
27 8
27 11
27 13
27 14
27 15
27 24
27 33
27 34
27 39
27 52
27 56
27 57
27 58
27 59
27 60
27 63
27 69
27 71
27 72
27 82
27 87
30 4
30 5
30 6
30 7
30 10
30 11
30 16
30 18
30 19
30 21
30 23
30 25
30 26
30 28
30 31
30 33
30 39
30 40
30 41
30 42
30 43
30 44
30 52
30 56
30 58
30 59
30 62
30 66
30 68
30 72
30 73
30 82
30 85
30 86
30 88
31 3
31 5
31 6
31 8
31 11
31 13
31 14
31 15
31 33
31 34
31 39
31 52
31 56
31 57
31 58
31 59
31 60
31 63
31 69
31 71
31 72
31 82
31 87
32 33
32 34
32 3
32 69
32 6
32 39
32 8
32 11
32 13
32 14
32 15
32 71
32 82
32 52
32 87
32 24
32 57
32 58
32 59
32 60
32 63
34 3
34 69
34 71
34 8
34 13
34 14
34 15
34 52
34 87
34 24
34 57
34 59
34 60
34 63
37 34
37 8
37 76
37 75
37 12
37 13
37 14
37 87
37 24
37 27
37 60
37 63
40 34
40 8
40 75
40 76
40 13
40 14
40 87
40 24
40 27
40 60
40 63
46 34
46 8
46 9
46 75
46 76
46 13
46 12
46 20
46 14
46 87
46 24
46 27
46 60
46 63
49 34
49 8
49 76
49 75
49 12
49 13
49 14
49 87
49 24
49 27
49 60
49 63
50 34
50 3
50 69
50 39
50 8
50 71
50 13
50 14
50 15
50 11
50 82
50 52
50 87
50 24
50 57
50 59
50 60
50 63
51 3
51 5
51 6
51 8
51 11
51 13
51 14
51 15
51 24
51 33
51 34
51 39
51 52
51 56
51 57
51 58
51 59
51 60
51 63
51 69
51 71
51 72
51 82
51 87
52 34
52 3
52 69
52 39
52 8
52 71
52 13
52 14
52 15
52 82
52 87
52 24
52 57
52 59
52 60
52 63
57 34
57 8
57 9
57 75
57 76
57 13
57 12
57 14
57 87
57 24
57 27
57 60
57 63
58 3
58 5
58 6
58 8
58 11
58 13
58 14
58 15
58 24
58 33
58 34
58 39
58 52
58 56
58 57
58 59
58 60
58 63
58 69
58 71
58 72
58 82
58 87
63 3
63 5
63 6
63 11
63 14
63 15
63 26
63 33
63 34
63 39
63 43
63 44
63 52
63 56
63 57
63 58
63 59
63 60
63 62
63 66
63 69
63 71
63 72
63 82
63 86
63 88
69 1
69 4
69 7
69 16
69 17
69 19
69 22
69 28
69 31
69 32
69 36
69 37
69 38
69 41
69 45
69 46
69 48
69 49
69 54
69 61
69 64
69 65
69 67
69 73
69 74
69 79
69 80
69 83
70 4
70 5
70 6
70 7
70 10
70 11
70 16
70 18
70 19
70 21
70 23
70 25
70 26
70 28
70 33
70 39
70 40
70 41
70 42
70 43
70 44
70 52
70 56
70 58
70 59
70 62
70 66
70 68
70 69
70 72
70 82
70 85
70 86
70 88
76 3
76 5
76 6
76 8
76 11
76 13
76 14
76 15
76 24
76 33
76 34
76 39
76 52
76 56
76 57
76 58
76 59
76 60
76 63
76 69
76 71
76 72
76 82
76 87
82 34
82 8
82 75
82 76
82 13
82 14
82 15
82 87
82 24
82 27
82 60
82 63
83 4
83 5
83 7
83 10
83 16
83 18
83 19
83 21
83 22
83 23
83 25
83 26
83 28
83 31
83 32
83 40
83 41
83 42
83 43
83 44
83 54
83 56
83 61
83 62
83 66
83 67
83 68
83 73
83 79
83 85
83 86
83 88
84 34
84 8
84 9
84 75
84 76
84 13
84 12
84 14
84 87
84 24
84 27
84 60
84 63
85 3
85 5
85 6
85 10
85 11
85 15
85 18
85 19
85 21
85 23
85 25
85 26
85 33
85 39
85 40
85 42
85 43
85 44
85 52
85 56
85 57
85 58
85 59
85 62
85 66
85 68
85 69
85 71
85 72
85 82
85 86
85 88
87 34
87 3
87 69
87 71
87 8
87 13
87 14
87 15
87 52
87 24
87 57
87 59
87 60
87 63
88 34
88 8
88 75
88 76
88 13
88 14
88 15
88 87
88 24
88 27
88 60
88 63
