88
2 64
2 1
2 32
2 44
2 43
2 76
2 13
2 15
2 48
2 17
2 83
2 20
2 56
2 24
2 58
2 59
2 26
3 64
3 1
3 2
3 32
3 42
3 43
3 76
3 13
3 15
3 48
3 17
3 83
3 20
3 24
3 56
3 25
3 58
3 59
3 26
5 16
5 4
5 28
6 64
6 1
6 2
6 32
6 48
6 44
6 43
6 76
6 13
6 15
6 16
6 17
6 83
6 56
6 58
6 59
7 64
7 1
7 2
7 32
7 44
7 43
7 76
7 13
7 15
7 48
7 17
7 83
7 20
7 56
7 24
7 58
7 59
7 26
10 64
10 1
10 2
10 32
10 44
10 43
10 76
10 13
10 15
10 48
10 17
10 83
10 56
10 58
10 59
11 64
11 1
11 2
11 32
11 42
11 43
11 76
11 13
11 15
11 48
11 24
11 83
11 20
11 56
11 25
11 58
11 59
11 26
14 64
14 1
14 32
14 42
14 43
14 76
14 13
14 15
14 48
14 24
14 83
14 20
14 56
14 25
14 58
14 59
14 26
15 64
15 1
15 2
15 32
15 44
15 42
15 43
15 76
15 13
15 48
15 17
15 83
15 20
15 56
15 24
15 58
15 59
15 26
17 64
17 1
17 12
17 42
17 43
17 76
17 13
17 15
17 48
17 56
17 20
17 24
17 25
17 26
17 59
18 64
18 1
18 2
18 32
18 44
18 43
18 76
18 13
18 15
18 48
18 17
18 83
18 20
18 56
18 24
18 58
18 59
18 26
19 64
19 1
19 32
19 42
19 43
19 76
19 13
19 15
19 48
19 24
19 83
19 20
19 56
19 25
19 58
19 59
19 26
21 16
21 4
21 28
22 64
22 1
22 2
22 4
22 32
22 76
22 44
22 15
22 16
22 17
22 83
22 58
22 59
23 64
23 1
23 42
23 43
23 76
23 13
23 15
23 48
23 24
23 83
23 20
23 56
23 25
23 58
23 59
23 26
26 64
26 1
26 12
26 42
26 43
26 76
26 13
26 15
26 48
26 56
26 20
26 24
26 25
27 64
27 1
27 2
27 32
27 48
27 44
27 43
27 76
27 13
27 15
27 16
27 17
27 83
27 56
27 58
27 59
29 32
29 1
29 2
29 4
29 44
29 16
29 17
29 83
29 58
29 59
31 64
31 1
31 2
31 32
31 48
31 44
31 43
31 76
31 15
31 16
31 17
31 83
31 58
31 59
32 64
32 1
32 2
32 42
32 43
32 76
32 13
32 15
32 48
32 17
32 83
32 20
32 24
32 56
32 25
32 58
32 59
32 26
33 32
33 2
33 4
33 44
33 16
33 17
33 58
34 32
34 2
34 4
34 44
34 16
34 17
34 58
35 16
35 4
35 28
36 64
36 1
36 2
36 32
36 44
36 43
36 76
36 13
36 15
36 48
36 17
36 83
36 56
36 58
36 59
37 64
37 1
37 12
37 42
37 43
37 76
37 13
37 15
37 48
37 56
37 20
37 24
37 25
37 26
38 64
38 1
38 2
38 4
38 48
38 76
38 44
38 15
38 16
38 17
38 83
38 32
38 58
38 59
39 32
39 2
39 4
39 44
39 16
39 17
39 58
41 64
41 1
41 42
41 43
41 76
41 13
41 15
41 48
41 24
41 83
41 20
41 56
41 25
41 26
41 59
45 64
45 1
45 2
45 32
45 44
45 43
45 76
45 13
45 15
45 48
45 17
45 83
45 20
45 56
45 24
45 58
45 59
45 26
46 64
46 1
46 42
46 43
46 76
46 13
46 15
46 48
46 24
46 83
46 20
46 56
46 25
46 26
46 59
47 16
47 4
47 28
48 64
48 1
48 2
48 32
48 42
48 43
48 76
48 13
48 15
48 17
48 83
48 20
48 24
48 56
48 25
48 58
48 59
48 26
49 64
49 1
49 2
49 32
49 44
49 43
49 76
49 13
49 15
49 48
49 17
49 83
49 56
49 58
49 59
50 64
50 1
50 2
50 32
50 48
50 44
50 43
50 76
50 13
50 15
50 16
50 17
50 83
50 56
50 58
50 59
51 64
51 1
51 2
51 4
51 48
51 76
51 44
51 15
51 16
51 17
51 83
51 32
51 58
51 59
52 64
52 1
52 2
52 32
52 44
52 43
52 76
52 13
52 15
52 48
52 17
52 83
52 56
52 24
52 58
52 59
53 64
53 1
53 2
53 32
53 44
53 43
53 76
53 13
53 15
53 48
53 17
53 83
53 56
53 58
53 59
54 32
54 1
54 2
54 4
54 44
54 15
54 16
54 17
54 83
54 58
54 59
55 64
55 1
55 12
55 42
55 43
55 76
55 13
55 15
55 48
55 56
55 20
55 24
55 25
55 26
55 59
57 32
57 1
57 2
57 4
57 44
57 16
57 17
57 83
57 58
57 59
60 64
60 1
60 2
60 32
60 44
60 43
60 76
60 13
60 15
60 48
60 17
60 83
60 56
60 24
60 58
60 59
61 64
61 1
61 2
61 32
61 42
61 43
61 76
61 13
61 15
61 48
61 17
61 83
61 20
61 24
61 56
61 25
61 58
61 59
61 26
62 64
62 1
62 2
62 32
62 44
62 43
62 76
62 13
62 15
62 48
62 17
62 83
62 20
62 56
62 24
62 58
62 59
62 26
63 64
63 1
63 2
63 32
63 42
63 43
63 76
63 13
63 15
63 48
63 17
63 83
63 20
63 24
63 56
63 25
63 58
63 59
63 26
64 1
64 12
64 42
64 43
64 76
64 13
64 15
64 48
64 56
64 20
64 24
64 25
64 26
64 59
65 16
65 44
65 28
65 4
66 64
66 1
66 2
66 32
66 48
66 44
66 43
66 76
66 15
66 16
66 17
66 83
66 56
66 58
66 59
67 84
67 28
67 4
68 16
68 44
68 28
68 4
69 32
69 2
69 4
69 44
69 16
69 17
69 83
69 58
70 64
70 1
70 2
70 32
70 42
70 43
70 76
70 13
70 15
70 48
70 17
70 83
70 20
70 24
70 56
70 58
70 59
70 26
71 64
71 1
71 2
71 32
71 44
71 43
71 76
71 13
71 15
71 48
71 17
71 83
71 20
71 56
71 24
71 58
71 59
71 26
72 64
72 1
72 2
72 32
72 42
72 43
72 76
72 13
72 15
72 48
72 17
72 83
72 20
72 24
72 56
72 25
72 58
72 59
72 26
73 64
73 1
73 2
73 4
73 32
73 76
73 44
73 15
73 16
73 17
73 83
73 58
73 59
74 32
74 1
74 2
74 4
74 44
74 16
74 17
74 83
74 58
74 59
75 32
75 2
75 4
75 44
75 16
75 17
75 58
76 64
76 1
76 42
76 43
76 13
76 15
76 48
76 24
76 83
76 20
76 56
76 25
76 26
76 59
77 64
77 1
77 2
77 32
77 48
77 44
77 43
77 76
77 13
77 15
77 16
77 17
77 83
77 56
77 58
77 59
78 64
78 1
78 12
78 42
78 43
78 76
78 13
78 15
78 48
78 56
78 83
78 20
78 24
78 25
78 26
78 59
79 16
79 44
79 28
79 4
80 64
80 1
80 2
80 32
80 44
80 43
80 76
80 13
80 15
80 48
80 17
80 83
80 56
80 24
80 58
80 59
80 26
81 64
81 1
81 2
81 32
81 44
81 43
81 76
81 13
81 15
81 48
81 17
81 83
81 56
81 58
81 59
83 64
83 1
83 2
83 32
83 42
83 43
83 76
83 13
83 15
83 48
83 17
83 20
83 24
83 56
83 25
83 58
83 59
83 26
85 32
85 1
85 2
85 4
85 44
85 16
85 17
85 83
85 58
85 59
87 32
87 2
87 4
87 44
87 16
87 17
87 83
87 58
87 59
88 64
88 1
88 2
88 4
88 48
88 76
88 44
88 15
88 16
88 17
88 83
88 32
88 58
88 59
