88
1 67
1 71
1 73
1 42
1 7
1 77
1 56
1 62
2 80
2 34
2 35
2 4
2 86
2 8
2 43
2 79
2 16
2 19
2 54
2 15
2 61
2 31
3 1
3 35
3 36
3 5
3 33
3 8
3 41
3 80
3 43
3 14
3 79
3 16
3 20
3 53
3 54
3 15
3 86
3 61
3 31
4 2
4 3
4 17
4 69
4 81
4 12
4 44
4 45
4 13
4 49
4 83
4 55
4 28
4 29
5 67
5 7
5 73
5 42
5 71
5 77
5 56
5 58
5 62
6 32
6 34
6 4
6 9
6 75
6 87
6 59
7 66
7 67
7 70
7 71
7 72
7 74
7 76
7 47
7 30
7 23
7 56
7 25
7 58
7 26
7 62
8 66
8 3
8 17
8 37
8 70
8 81
8 72
8 12
8 11
8 44
8 2
8 45
8 49
8 55
8 23
8 25
8 47
8 28
8 29
8 30
8 69
9 67
9 7
9 73
9 42
9 71
9 76
9 26
9 56
9 58
9 74
9 62
10 33
10 35
10 86
10 8
10 80
10 43
10 15
10 16
10 19
10 54
10 79
10 61
10 31
11 9
11 75
11 27
11 22
11 59
12 1
12 35
12 86
12 33
12 8
12 80
12 43
12 79
12 16
12 19
12 53
12 54
12 15
12 61
12 31
13 1
13 36
13 5
13 65
13 33
13 8
13 41
13 14
13 16
13 52
13 21
13 54
13 20
13 31
13 86
13 53
14 64
14 6
14 39
14 73
14 10
14 77
14 52
14 21
14 57
14 42
15 48
15 24
15 84
15 63
17 48
17 84
17 63
18 1
18 35
18 36
18 5
18 33
18 8
18 41
18 80
18 43
18 14
18 79
18 16
18 20
18 53
18 54
18 15
18 86
18 61
18 31
19 64
19 6
19 39
19 73
19 10
19 77
19 52
19 21
19 57
19 42
20 64
20 65
20 36
20 5
20 6
20 39
20 41
20 10
20 14
20 52
20 21
20 57
20 53
21 64
21 65
21 5
21 6
21 39
21 10
21 77
21 52
21 57
22 66
22 67
22 70
22 7
22 72
22 74
22 71
22 76
22 47
22 30
22 23
22 56
22 25
22 58
22 26
22 62
23 88
24 34
24 35
24 4
24 43
24 15
24 80
24 19
24 86
24 79
24 61
24 31
25 2
25 3
25 17
25 37
25 81
25 12
25 11
25 44
25 45
25 13
25 49
25 83
25 55
25 28
25 29
25 69
26 32
26 59
26 9
26 75
26 22
26 27
28 88
29 48
29 40
29 84
29 78
30 2
30 3
30 17
30 37
30 81
30 12
30 11
30 44
30 45
30 13
30 49
30 83
30 55
30 28
30 29
30 69
31 32
31 59
31 9
31 75
31 87
31 27
32 48
32 84
33 64
33 6
33 39
33 73
33 10
33 77
33 57
33 42
34 71
34 73
34 42
34 7
34 77
34 56
34 62
35 6
35 39
35 73
35 42
35 7
35 77
35 56
35 57
35 62
36 66
36 67
36 70
36 7
36 72
36 74
36 71
36 76
36 47
36 30
36 23
36 56
36 25
36 58
36 26
36 62
37 1
37 35
37 36
37 86
37 33
37 8
37 41
37 80
37 43
37 14
37 79
37 16
37 20
37 53
37 54
37 15
37 61
37 31
38 24
38 46
38 63
39 32
39 34
39 59
39 4
39 9
39 75
39 87
39 27
40 88
40 85
40 22
41 64
41 6
41 39
41 73
41 10
41 77
41 21
41 57
41 42
42 66
42 67
42 70
42 7
42 72
42 74
42 71
42 76
42 47
42 30
42 23
42 56
42 25
42 58
42 26
42 62
43 32
43 34
43 19
43 4
43 87
44 6
44 71
44 73
44 42
44 7
44 77
44 56
44 62
45 64
45 65
45 36
45 5
45 6
45 39
45 41
45 10
45 14
45 52
45 21
45 57
45 20
46 6
46 7
46 73
46 42
46 77
46 56
46 57
46 62
47 1
47 35
47 36
47 5
47 65
47 33
47 8
47 41
47 43
47 14
47 79
47 16
47 20
47 53
47 54
47 86
47 61
47 31
48 1
48 35
48 36
48 86
48 33
48 8
48 80
48 43
48 14
48 79
48 16
48 19
48 53
48 54
48 15
48 61
48 31
50 64
50 65
50 6
50 39
50 73
50 10
50 77
50 52
50 21
50 57
50 42
51 66
51 67
51 70
51 7
51 72
51 74
51 11
51 76
51 47
51 71
51 30
51 23
51 56
51 25
51 58
51 26
51 62
52 1
52 35
52 36
52 5
52 33
52 8
52 41
52 80
52 43
52 14
52 79
52 16
52 20
52 53
52 54
52 15
52 86
52 61
52 31
53 64
53 1
53 36
53 5
53 6
53 39
53 41
53 10
53 14
53 20
53 21
53 57
53 33
53 52
53 65
54 40
54 83
54 13
54 78
55 32
55 34
55 19
55 4
55 87
56 1
56 35
56 36
56 86
56 33
56 8
56 41
56 80
56 43
56 14
56 79
56 16
56 53
56 54
56 15
56 61
56 31
57 67
57 7
57 73
57 42
57 71
57 26
57 56
57 58
57 74
57 62
58 1
58 35
58 36
58 86
58 33
58 8
58 41
58 80
58 43
58 14
58 79
58 16
58 53
58 54
58 15
58 61
58 31
59 24
59 46
59 63
60 18
61 64
61 65
61 5
61 6
61 39
61 41
61 10
61 77
61 52
61 21
61 57
61 20
62 59
62 9
62 75
62 85
62 22
62 27
63 64
63 6
63 39
63 73
63 10
63 77
63 52
63 21
63 57
63 42
64 24
64 46
64 63
65 66
65 67
65 37
65 70
65 71
65 72
65 74
65 11
65 76
65 47
65 30
65 23
65 56
65 25
65 58
65 26
65 62
66 34
66 35
66 4
66 43
66 15
66 80
66 19
66 79
66 61
66 31
67 34
67 35
67 4
67 8
67 43
67 15
67 80
67 19
67 86
67 79
67 61
67 31
68 48
68 84
68 78
69 59
69 9
69 75
69 85
69 22
69 88
69 27
70 59
70 9
70 75
70 85
70 22
70 27
71 66
71 67
71 7
71 74
71 76
71 47
71 23
71 56
71 58
71 26
71 62
72 6
72 71
72 73
72 42
72 7
72 77
72 56
72 62
73 66
73 3
73 17
73 37
73 70
73 81
73 72
73 12
73 11
73 76
73 2
73 45
73 49
73 55
73 23
73 25
73 26
73 47
73 28
73 29
73 30
74 66
74 3
74 37
74 70
74 71
74 72
74 11
74 76
74 47
74 29
74 67
74 30
74 23
74 25
74 58
74 26
74 62
75 67
75 7
75 73
75 42
75 71
75 76
75 26
75 56
75 58
75 74
75 62
76 64
76 6
76 39
76 73
76 10
76 77
76 57
76 42
77 67
77 7
77 73
77 42
77 71
77 56
77 58
77 74
77 62
78 1
78 36
78 5
78 65
78 33
78 8
78 41
78 14
78 16
78 52
78 21
78 54
78 20
78 31
78 86
78 53
79 2
79 3
79 17
79 37
79 70
79 81
79 72
79 12
79 11
79 44
79 45
79 49
79 83
79 55
79 25
79 28
79 29
79 30
79 69
80 34
80 35
80 4
80 8
80 43
80 15
80 19
80 86
80 79
80 61
80 31
81 34
81 35
81 4
81 15
81 80
81 19
81 87
81 79
81 61
82 32
82 34
82 4
82 15
82 80
82 19
82 87
82 79
83 88
84 1
84 35
84 36
84 5
84 65
84 33
84 8
84 41
84 43
84 14
84 16
84 52
84 53
84 54
84 20
84 86
84 61
84 31
85 24
85 50
85 46
85 63
86 50
87 66
87 3
87 17
87 37
87 70
87 81
87 72
87 12
87 11
87 44
87 2
87 45
87 49
87 55
87 23
87 25
87 47
87 28
87 29
87 30
87 69
88 48
88 84
