88
1 32
1 65
1 67
1 36
1 39
1 40
1 43
1 45
1 14
1 82
1 84
1 30
1 25
1 56
1 68
1 61
1 62
1 31
2 7
2 9
2 76
2 18
2 21
2 29
3 9
3 18
3 76
3 29
4 33
4 3
4 37
4 6
4 38
4 87
4 12
4 52
4 55
4 88
4 26
4 27
4 60
4 63
5 64
5 1
5 2
5 35
5 51
5 10
5 75
5 47
5 83
5 23
5 24
5 79
6 64
6 1
6 2
6 35
6 5
6 51
6 10
6 75
6 47
6 83
6 23
6 24
6 79
7 1
7 2
7 35
7 10
7 76
7 21
8 34
8 17
8 81
8 73
8 74
8 44
8 48
8 49
8 19
8 53
8 57
8 59
9 65
9 66
9 68
9 39
9 40
9 41
9 42
9 61
9 45
9 77
9 17
9 84
9 73
9 56
9 25
9 74
9 62
10 32
10 33
10 67
10 36
10 37
10 65
10 43
10 45
10 14
10 82
10 84
10 88
10 52
10 60
10 61
10 30
10 31
11 14
11 25
11 30
11 31
11 32
11 36
11 39
11 40
11 41
11 42
11 43
11 45
11 56
11 61
11 62
11 65
11 66
11 67
11 68
11 77
11 82
11 84
12 33
12 3
12 36
12 37
12 6
12 38
12 43
12 14
12 82
12 67
12 52
12 88
12 26
12 27
12 60
12 30
12 63
13 18
13 29
14 33
14 3
14 37
14 6
14 38
14 87
14 12
14 52
14 55
14 88
14 26
14 27
14 60
14 63
15 4
16 9
16 76
16 21
16 7
17 4
19 69
19 81
19 72
19 44
19 46
19 48
19 8
19 50
19 53
19 54
19 57
19 59
19 28
20 86
20 22
21 32
21 33
21 67
21 36
21 65
21 39
21 43
21 45
21 14
21 88
21 82
21 84
21 30
21 25
21 56
21 68
21 60
21 61
21 62
21 31
23 32
23 65
23 67
23 36
23 39
23 43
23 45
23 14
23 88
23 82
23 84
23 30
23 25
23 56
23 68
23 61
23 62
23 31
24 9
24 7
24 76
24 29
24 21
25 32
25 65
25 66
25 67
25 36
25 39
25 40
25 41
25 42
25 45
25 14
25 77
25 82
25 84
25 30
25 56
25 68
25 61
25 62
25 31
26 1
26 2
26 35
26 7
26 10
26 76
26 21
27 69
27 71
27 72
27 46
27 80
27 50
27 53
27 54
27 57
27 28
28 2
28 76
28 21
28 7
29 13
30 32
30 33
30 3
30 36
30 37
30 6
30 43
30 45
30 14
30 82
30 67
30 52
30 88
30 27
30 60
30 31
31 1
31 2
31 35
31 10
31 75
31 47
31 83
31 23
31 24
32 1
32 2
32 35
32 7
32 10
32 21
33 3
33 37
33 6
33 38
33 43
33 12
33 87
33 52
33 55
33 88
33 26
33 27
33 60
33 63
34 18
34 4
34 29
35 33
35 3
35 36
35 37
35 6
35 38
35 43
35 12
35 14
35 82
35 52
35 88
35 26
35 27
35 60
35 30
35 63
36 64
36 3
36 5
36 6
36 38
36 55
36 12
36 47
36 27
36 87
36 51
36 52
36 23
36 26
36 79
36 37
36 63
37 1
37 2
37 35
37 7
37 10
37 21
38 64
38 27
38 5
38 23
38 12
38 79
38 87
38 51
38 55
38 26
38 47
38 63
39 64
39 83
39 87
39 5
39 38
39 75
39 47
39 51
39 23
39 24
39 55
39 26
39 79
39 63
40 64
40 1
40 2
40 35
40 5
40 51
40 10
40 75
40 47
40 83
40 23
40 24
40 79
41 33
41 3
41 36
41 37
41 6
41 38
41 43
41 12
41 14
41 52
41 87
41 88
41 26
41 27
41 60
41 30
41 63
42 64
42 3
42 5
42 6
42 38
42 55
42 12
42 47
42 27
42 87
42 51
42 23
42 26
42 79
42 63
43 64
43 1
43 2
43 35
43 5
43 51
43 10
43 75
43 47
43 83
43 23
43 24
43 79
44 9
44 18
44 29
45 33
45 3
45 37
45 6
45 38
45 43
45 12
45 87
45 52
45 55
45 88
45 26
45 27
45 60
45 63
46 1
46 2
46 35
46 7
46 10
46 75
46 83
46 21
47 64
47 3
47 5
47 6
47 38
47 55
47 12
47 79
47 87
47 51
47 23
47 26
47 27
47 63
48 9
48 18
48 29
49 4
50 9
50 18
50 76
50 29
51 33
51 3
51 37
51 6
51 38
51 43
51 12
51 87
51 52
51 55
51 88
51 26
51 27
51 60
51 63
52 64
52 51
52 5
52 75
52 47
52 83
52 23
52 24
52 55
52 87
52 79
53 33
53 3
53 37
53 6
53 38
53 87
53 12
53 51
53 52
53 55
53 26
53 27
53 60
53 63
54 4
55 14
55 25
55 30
55 31
55 32
55 36
55 39
55 40
55 41
55 42
55 43
55 45
55 56
55 61
55 62
55 65
55 66
55 67
55 68
55 77
55 82
55 84
56 64
56 3
56 5
56 6
56 38
56 55
56 12
56 47
56 27
56 87
56 51
56 23
56 26
56 79
56 63
57 7
57 9
57 76
57 18
57 21
57 29
58 9
58 18
58 29
59 33
59 3
59 37
59 6
59 38
59 87
59 12
59 52
59 55
59 26
59 27
59 60
59 63
60 14
60 25
60 30
60 31
60 32
60 36
60 39
60 40
60 41
60 42
60 43
60 45
60 56
60 61
60 62
60 65
60 66
60 67
60 68
60 77
60 82
60 84
61 33
61 3
61 37
61 6
61 38
61 87
61 12
61 52
61 55
61 88
61 26
61 27
61 60
61 63
62 64
62 27
62 5
62 38
62 55
62 12
62 79
62 87
62 51
62 23
62 24
62 26
62 47
62 63
63 9
63 18
63 29
64 1
64 2
64 35
64 7
64 10
64 75
64 83
64 21
64 24
65 34
65 17
65 69
65 81
65 8
65 73
65 74
65 44
65 46
65 48
65 49
65 19
65 53
65 54
65 57
65 59
65 28
66 64
66 3
66 5
66 38
66 55
66 12
66 47
66 27
66 87
66 51
66 23
66 26
66 79
66 63
67 9
67 18
67 76
67 29
68 64
68 51
68 87
68 5
68 75
68 47
68 24
68 83
68 55
68 23
68 26
68 79
69 9
69 7
69 76
69 29
69 21
70 32
70 65
70 67
70 36
70 39
70 43
70 45
70 14
70 88
70 82
70 84
70 30
70 25
70 56
70 68
70 61
70 62
70 31
71 1
71 2
71 35
71 10
71 75
71 83
71 23
71 24
72 9
72 18
72 29
73 1
73 2
73 35
73 7
73 10
73 83
73 21
74 9
74 18
74 76
74 29
75 32
75 33
75 67
75 36
75 65
75 39
75 43
75 45
75 14
75 88
75 82
75 84
75 30
75 25
75 56
75 68
75 60
75 61
75 62
75 31
76 32
76 33
76 67
76 36
76 65
76 39
76 43
76 45
76 14
76 88
76 82
76 84
76 30
76 25
76 56
76 68
76 60
76 61
76 62
76 31
77 1
77 2
77 35
77 7
77 10
77 75
77 83
77 21
77 24
78 9
78 18
78 29
79 33
79 3
79 37
79 6
79 38
79 43
79 12
79 14
79 52
79 87
79 88
79 26
79 27
79 60
79 30
79 63
80 4
82 1
82 2
82 7
82 10
82 76
82 21
83 9
83 18
83 29
84 2
84 76
84 21
84 7
85 34
85 69
85 49
85 8
85 44
85 46
85 48
85 81
85 19
85 53
85 54
85 57
85 59
85 28
87 34
87 17
87 81
87 8
87 73
87 74
87 44
87 77
87 48
87 49
87 19
87 59
88 32
88 65
88 67
88 36
88 39
88 40
88 43
88 45
88 14
88 82
88 84
88 30
88 25
88 56
88 68
88 61
88 62
88 31
