88
1 67
1 10
1 11
1 18
1 51
1 59
2 33
2 66
2 3
2 37
2 8
2 44
2 43
2 76
2 77
2 14
2 56
2 50
2 46
2 24
2 26
2 75
2 62
3 10
3 51
4 10
4 84
4 63
5 29
6 1
6 2
6 27
6 68
6 65
6 40
6 42
6 34
6 79
6 49
6 83
6 22
6 87
6 88
6 58
6 47
7 10
7 84
7 63
8 35
8 36
8 69
8 38
8 7
8 72
8 9
8 74
8 78
8 81
8 52
8 54
8 73
8 20
8 25
8 31
9 65
9 2
9 27
9 68
9 37
9 40
9 42
9 34
9 14
9 79
9 49
9 50
9 83
9 22
9 87
9 88
9 26
9 47
10 1
10 35
10 36
10 69
10 9
10 12
10 28
10 81
10 52
10 73
10 20
10 25
10 60
10 58
10 30
10 31
11 64
11 32
11 67
11 4
11 39
11 75
11 13
11 48
11 18
11 51
11 59
11 61
12 64
12 32
12 67
12 4
12 39
12 75
12 11
12 13
12 48
12 18
12 3
12 59
12 61
13 65
13 2
13 27
13 68
13 37
13 40
13 42
13 34
13 14
13 79
13 49
13 50
13 83
13 56
13 22
13 87
13 88
13 26
13 47
14 64
14 32
14 67
14 4
14 11
14 13
14 48
14 18
14 51
14 59
14 61
16 86
18 1
18 2
18 27
18 68
18 65
18 40
18 28
18 12
18 34
18 79
18 49
18 83
18 22
18 58
18 47
18 60
20 67
20 4
20 11
20 18
20 51
20 59
21 84
21 63
22 67
22 10
22 11
22 18
22 51
22 59
23 16
23 41
23 53
23 21
24 1
24 35
24 36
24 69
24 9
24 74
24 12
24 28
24 81
24 52
24 73
24 20
24 25
24 60
24 58
24 30
24 31
25 65
25 66
25 34
25 68
25 37
25 49
25 8
25 42
25 2
25 14
25 79
25 27
25 40
25 50
25 56
25 22
25 87
25 88
25 26
25 47
26 35
26 69
26 38
26 7
26 72
26 9
26 74
26 78
26 80
26 81
26 20
26 54
26 52
27 10
27 84
27 63
28 67
28 10
28 51
31 10
31 84
31 63
32 10
32 84
32 63
33 64
33 32
33 3
33 39
33 75
33 76
33 13
33 48
33 24
33 61
34 8
34 14
34 22
34 26
34 27
34 33
34 37
34 40
34 42
34 43
34 44
34 46
34 49
34 50
34 56
34 62
34 65
34 66
34 68
34 77
34 79
34 87
34 88
35 67
35 4
35 11
35 18
35 51
35 59
36 23
37 65
37 2
37 27
37 68
37 40
37 42
37 34
37 14
37 79
37 49
37 50
37 83
37 56
37 66
37 22
37 87
37 88
37 26
37 47
38 64
38 32
38 67
38 4
38 11
38 13
38 48
38 18
38 51
38 59
38 61
39 1
39 35
39 36
39 69
39 9
39 74
39 12
39 28
39 81
39 52
39 54
39 73
39 20
39 25
39 60
39 58
39 30
39 31
40 64
40 33
40 66
40 3
40 39
40 8
40 44
40 43
40 76
40 77
40 46
40 13
40 75
40 24
40 62
41 6
42 65
42 2
42 27
42 68
42 37
42 40
42 34
42 14
42 79
42 49
42 50
42 83
42 56
42 22
42 87
42 88
42 26
42 47
43 33
43 34
43 37
43 65
43 8
43 42
43 44
43 66
43 14
43 77
43 88
43 50
43 46
43 22
43 87
43 56
43 26
43 79
43 62
44 64
44 32
44 3
44 39
44 75
44 76
44 13
44 48
44 24
44 61
45 32
45 67
45 4
45 11
45 48
45 18
45 51
45 59
45 61
46 64
46 32
46 3
46 4
46 39
46 75
46 76
46 13
46 48
46 24
46 61
47 64
47 32
47 67
47 4
47 39
47 75
47 11
47 13
47 48
47 18
47 3
47 59
47 61
48 32
48 67
48 4
48 11
48 18
48 51
48 59
49 84
49 63
50 64
50 32
50 67
50 4
50 11
50 13
50 48
50 18
50 51
50 59
50 61
51 70
51 71
51 45
51 15
51 17
51 82
51 19
51 85
51 57
52 1
52 2
52 27
52 68
52 65
52 40
52 28
52 12
52 34
52 79
52 49
52 83
52 22
52 58
52 47
52 60
53 84
53 63
54 33
54 66
54 37
54 8
54 44
54 42
54 43
54 76
54 77
54 14
54 88
54 50
54 56
54 46
54 87
54 24
54 26
54 62
55 5
56 65
56 2
56 27
56 68
56 37
56 40
56 42
56 34
56 14
56 79
56 49
56 50
56 83
56 22
56 87
56 88
56 26
56 47
57 64
57 32
57 3
57 4
57 39
57 75
57 11
57 76
57 13
57 48
57 18
57 59
57 61
58 35
58 36
58 69
58 72
58 9
58 74
58 12
58 81
58 52
58 54
58 73
58 20
58 25
58 28
58 30
58 31
59 64
59 33
59 3
59 39
59 8
59 44
59 43
59 76
59 77
59 46
59 13
59 48
59 75
59 24
59 61
59 62
60 64
60 33
60 66
60 3
60 39
60 8
60 44
60 43
60 76
60 77
60 46
60 13
60 75
60 24
60 62
61 1
61 2
61 68
61 40
61 28
61 12
61 34
61 47
61 49
61 83
61 25
61 58
61 27
61 60
61 30
61 31
62 35
62 36
62 69
62 72
62 9
62 74
62 12
62 28
62 73
62 81
62 52
62 54
62 25
62 20
62 60
62 30
62 31
63 1
63 2
63 27
63 68
63 65
63 40
63 12
63 34
63 79
63 49
63 83
63 22
63 58
63 47
63 60
64 1
64 2
64 40
64 73
64 12
64 28
64 47
64 49
64 83
64 25
64 58
64 60
64 30
64 31
65 1
65 2
65 27
65 68
65 40
65 12
65 34
65 79
65 49
65 83
65 22
65 58
65 47
65 60
66 1
66 35
66 36
66 69
66 9
66 12
66 28
66 81
66 52
66 73
66 20
66 25
66 60
66 58
66 30
66 31
67 1
67 2
67 36
67 73
67 12
67 28
67 47
67 49
67 83
67 25
67 58
67 60
67 30
67 31
68 1
68 2
68 27
68 65
68 40
68 42
68 12
68 34
68 79
68 49
68 83
68 22
68 58
68 47
68 60
69 64
69 32
69 3
69 4
69 39
69 75
69 11
69 76
69 13
69 48
69 18
69 24
69 59
69 61
70 10
70 84
70 63
71 10
71 84
71 63
72 64
72 32
72 67
72 4
72 11
72 13
72 48
72 18
72 51
72 59
72 61
73 64
73 33
73 3
73 32
73 39
73 44
73 43
73 76
73 77
73 46
73 13
73 48
73 75
73 24
73 61
74 64
74 32
74 67
74 4
74 39
74 11
74 13
74 48
74 18
74 51
74 59
74 61
75 35
75 36
75 69
75 38
75 7
75 72
75 9
75 74
75 81
75 52
75 54
75 73
75 20
75 25
75 28
75 30
75 31
76 1
76 2
76 27
76 68
76 65
76 40
76 12
76 34
76 79
76 49
76 83
76 22
76 58
76 47
76 60
77 64
77 32
77 67
77 4
77 39
77 11
77 13
77 48
77 18
77 51
77 59
77 61
78 84
79 64
79 32
79 3
79 4
79 39
79 75
79 76
79 13
79 48
79 24
79 61
80 64
80 32
80 67
80 4
80 11
80 13
80 48
80 18
80 51
80 59
80 61
81 1
81 2
81 27
81 68
81 65
81 40
81 42
81 34
81 79
81 49
81 83
81 22
81 87
81 88
81 58
81 47
81 60
82 32
82 67
82 4
82 11
82 48
82 18
82 51
82 59
82 61
83 10
83 51
83 63
84 6
84 23
85 5
86 84
86 63
87 64
87 32
87 67
87 4
87 11
87 13
87 48
87 18
87 51
87 59
87 61
88 64
88 32
88 67
88 4
88 11
88 13
88 48
88 18
88 51
88 59
88 61
