88
1 38
1 12
1 13
1 47
1 55
1 29
1 63
2 64
2 1
2 35
2 69
2 71
2 10
2 13
2 18
2 85
2 31
2 28
2 63
3 24
3 9
3 57
3 25
4 38
4 55
4 12
4 13
4 47
4 49
4 53
4 87
4 29
4 63
5 33
5 34
5 66
5 45
5 62
6 72
6 9
6 44
6 46
6 22
6 73
6 24
6 57
6 58
6 59
6 60
6 30
7 27
7 80
7 74
7 11
8 68
8 75
8 67
8 76
8 61
9 3
9 37
9 7
9 42
9 77
9 23
10 8
10 81
10 2
10 19
12 27
12 80
12 74
12 11
13 16
13 81
13 2
13 19
13 8
14 32
14 36
14 6
14 41
14 12
14 50
14 78
14 48
14 49
14 82
14 84
14 21
14 54
14 87
14 56
14 88
14 53
16 4
16 5
16 70
16 39
16 72
16 44
16 46
16 79
16 22
16 59
16 60
16 30
17 64
17 69
17 38
17 10
17 13
17 47
17 18
17 85
17 55
17 29
17 63
18 24
18 9
18 57
18 25
19 38
19 87
19 12
19 13
19 47
19 55
19 29
19 63
20 64
20 1
20 35
20 69
20 10
20 13
20 18
20 85
20 55
20 31
20 29
20 63
21 64
21 69
21 38
21 10
21 12
21 13
21 47
21 18
21 55
21 29
21 63
22 36
22 38
22 41
22 55
22 12
22 78
22 47
22 48
22 49
22 50
22 53
22 54
22 87
22 88
22 29
23 16
23 81
23 20
24 38
24 41
24 55
24 12
24 78
24 47
24 48
24 49
24 50
24 53
24 87
24 29
25 9
25 46
25 73
25 24
25 57
25 58
25 59
25 60
26 32
26 36
26 38
26 41
26 55
26 12
26 78
26 47
26 48
26 49
26 50
26 14
26 54
26 87
26 88
26 29
26 53
27 8
27 81
27 2
27 19
28 32
28 36
28 38
28 41
28 55
28 12
28 78
28 47
28 48
28 49
28 50
28 14
28 54
28 87
28 88
28 29
28 53
29 83
31 64
31 1
31 35
31 69
31 71
31 10
31 13
31 18
31 85
31 28
31 63
32 38
32 87
32 12
32 13
32 47
32 55
32 29
32 63
33 1
33 4
33 5
33 70
33 39
33 40
33 43
33 79
33 71
33 28
34 72
34 9
34 44
34 46
34 22
34 73
34 24
34 57
34 58
34 59
34 60
34 30
35 64
35 69
35 38
35 10
35 13
35 47
35 18
35 85
35 55
35 31
35 29
35 63
36 64
36 1
36 35
36 4
36 5
36 39
36 40
36 10
36 71
36 79
36 43
36 18
36 85
36 31
36 28
36 69
37 64
37 1
37 35
37 69
37 39
37 40
37 10
37 71
37 13
37 43
37 18
37 85
37 28
37 31
38 3
38 37
38 7
38 42
38 77
38 82
38 84
38 23
39 38
39 55
39 12
39 13
39 47
39 49
39 53
39 87
39 29
39 63
40 4
40 5
40 70
40 39
40 72
40 43
40 79
40 22
41 4
41 5
41 70
41 39
41 40
41 43
41 79
41 72
41 22
42 9
42 44
42 46
42 73
42 57
42 24
42 25
42 58
42 59
42 60
43 32
43 36
43 56
43 6
43 41
43 50
43 14
43 48
43 49
43 82
43 84
43 78
43 54
43 87
43 88
43 53
43 21
44 32
44 3
44 36
44 6
44 41
44 42
44 50
44 14
44 48
44 49
44 82
44 84
44 78
44 54
44 56
44 88
44 53
44 21
45 32
45 36
45 38
45 6
45 41
45 55
45 12
45 78
45 47
45 48
45 49
45 50
45 14
45 54
45 87
45 56
45 88
45 29
45 53
45 21
46 38
46 41
46 55
46 12
46 78
46 47
46 48
46 49
46 50
46 53
46 87
46 29
47 38
47 87
47 12
47 13
47 55
47 29
47 63
48 1
48 35
48 4
48 5
48 70
48 39
48 40
48 43
48 79
48 71
48 28
48 31
49 8
49 2
49 19
49 23
50 38
50 87
50 12
50 13
50 47
50 55
50 29
50 63
51 16
51 81
51 20
52 3
52 37
52 7
52 42
52 77
52 82
52 84
52 23
53 32
53 36
53 38
53 6
53 41
53 55
53 12
53 78
53 47
53 48
53 49
53 50
53 14
53 54
53 87
53 56
53 88
53 29
53 21
54 38
54 10
54 12
54 13
54 47
54 55
54 29
54 63
55 64
55 1
55 35
55 4
55 69
55 39
55 40
55 10
55 71
55 79
55 43
55 18
55 85
55 28
55 31
56 70
56 72
56 9
56 44
56 46
56 22
56 73
56 24
56 57
56 58
56 59
56 60
56 30
57 64
57 1
57 35
57 69
57 71
57 40
57 10
57 43
57 13
57 18
57 85
57 31
57 28
57 63
58 64
58 35
58 69
58 38
58 10
58 13
58 47
58 18
58 85
58 55
58 31
58 29
58 63
59 38
59 41
59 55
59 12
59 78
59 47
59 48
59 49
59 50
59 53
59 87
59 29
59 63
60 64
60 1
60 35
60 69
60 71
60 10
60 13
60 18
60 85
60 31
60 28
60 63
61 64
61 1
61 35
61 69
61 71
61 10
61 13
61 18
61 85
61 31
61 28
61 63
62 38
62 41
62 55
62 12
62 78
62 47
62 48
62 49
62 50
62 53
62 87
62 29
63 3
63 37
63 7
63 42
63 77
63 82
63 84
63 23
64 32
64 3
64 36
64 37
64 6
64 7
64 42
64 77
64 14
64 56
64 82
64 84
64 21
64 54
64 88
65 36
65 38
65 41
65 55
65 12
65 78
65 47
65 48
65 49
65 50
65 53
65 54
65 87
65 88
65 29
66 64
66 1
66 35
66 69
66 71
66 10
66 13
66 18
66 85
66 31
66 28
66 63
67 64
67 69
67 38
67 10
67 13
67 47
67 18
67 85
67 55
67 29
67 63
68 80
68 25
68 27
69 3
69 37
69 6
69 7
69 42
69 77
69 82
69 84
69 21
69 23
69 56
70 1
70 35
70 4
70 5
70 39
70 40
70 71
70 79
70 43
70 18
70 85
70 28
70 31
71 72
71 9
71 44
71 46
71 22
71 73
71 24
71 57
71 58
71 59
71 60
71 30
72 4
72 5
72 70
72 39
72 40
72 43
72 44
72 79
72 22
72 30
73 64
73 1
73 35
73 69
73 71
73 10
73 13
73 18
73 85
73 31
73 28
73 63
74 64
74 1
74 35
74 69
74 71
74 10
74 13
74 18
74 85
74 31
74 28
74 63
75 5
75 70
75 72
75 73
75 44
75 46
75 79
75 22
75 58
75 59
75 60
75 30
76 1
76 4
76 5
76 70
76 39
76 40
76 43
76 79
76 71
76 28
76 31
77 70
77 72
77 9
77 44
77 46
77 22
77 73
77 24
77 57
77 58
77 59
77 60
77 30
78 4
78 5
78 70
78 72
78 73
78 44
78 46
78 79
78 22
78 58
78 59
78 60
78 30
79 64
79 1
79 35
79 69
79 71
79 10
79 13
79 18
79 85
79 31
79 28
79 63
80 38
80 41
80 55
80 12
80 78
80 47
80 48
80 49
80 50
80 53
80 87
80 29
81 83
82 70
82 72
82 9
82 44
82 46
82 22
82 73
82 58
82 59
82 60
82 30
83 80
83 25
83 27
84 64
84 1
84 35
84 69
84 71
84 40
84 10
84 43
84 13
84 18
84 85
84 28
84 31
85 32
85 3
85 36
85 6
85 41
85 42
85 50
85 14
85 56
85 82
85 84
85 78
85 54
85 88
85 21
86 17
86 65
87 32
87 36
87 38
87 6
87 41
87 12
87 14
87 47
87 48
87 49
87 50
87 78
87 54
87 55
87 56
87 88
87 53
87 21
88 64
88 1
88 35
88 69
88 71
88 10
88 13
88 18
88 85
88 31
88 28
88 63
