88
1 10
1 59
1 71
2 32
2 33
2 34
2 69
2 38
2 80
2 41
2 42
2 44
2 14
2 48
2 87
2 56
2 27
2 70
2 61
2 31
3 1
3 35
3 82
3 5
3 7
3 40
3 39
3 77
3 47
3 75
3 67
3 52
3 21
3 25
3 63
3 60
3 37
4 32
4 33
4 34
4 36
4 70
4 38
4 41
4 42
4 44
4 14
4 80
4 53
4 54
4 87
4 56
4 27
4 61
4 62
5 3
5 84
6 64
6 68
6 76
6 45
6 17
6 51
6 86
6 55
7 65
7 4
7 71
7 73
7 10
7 11
7 78
7 79
7 81
7 50
7 83
7 85
7 54
7 57
7 36
7 26
7 74
7 62
7 53
11 72
11 2
11 59
11 29
14 32
14 33
14 34
14 69
14 38
14 80
14 41
14 42
14 44
14 48
14 87
14 56
14 27
14 70
14 61
14 31
17 19
17 20
19 23
21 65
21 4
21 71
21 73
21 10
21 11
21 78
21 79
21 81
21 50
21 83
21 85
21 54
21 57
21 36
21 26
21 74
21 62
21 53
22 32
22 34
22 36
22 38
22 42
22 11
22 44
22 14
22 79
22 80
22 53
22 54
22 87
22 56
22 57
22 61
22 62
23 10
23 4
23 71
24 58
24 66
25 64
25 68
25 76
25 45
25 17
25 51
25 86
25 55
26 64
26 68
26 43
26 76
26 45
26 17
26 51
26 86
26 24
26 28
27 72
27 2
27 66
27 29
28 2
28 59
29 86
29 43
29 46
29 24
29 49
29 18
29 51
29 22
29 88
29 28
31 10
31 59
31 71
32 65
32 4
32 71
32 73
32 10
32 11
32 78
32 79
32 81
32 50
32 83
32 85
32 26
32 74
33 65
33 4
33 73
33 74
33 11
33 78
33 79
33 80
33 81
33 50
33 83
33 85
33 54
33 57
33 36
33 26
33 62
33 53
34 32
34 36
34 70
34 38
34 41
34 42
34 44
34 14
34 80
34 53
34 54
34 87
34 56
34 57
34 27
34 61
34 62
35 32
35 33
35 34
35 36
35 70
35 38
35 41
35 42
35 44
35 14
35 80
35 54
35 87
35 56
35 27
35 61
35 31
36 72
36 2
36 59
36 29
37 10
37 4
37 26
37 71
38 1
38 67
38 5
38 70
38 39
38 31
38 41
38 75
38 47
38 48
38 82
38 52
38 25
38 33
38 27
38 60
38 37
38 69
38 63
39 65
39 36
39 73
39 74
39 11
39 78
39 79
39 80
39 81
39 50
39 83
39 85
39 54
39 57
39 26
39 62
39 53
40 10
40 59
40 71
41 1
41 67
41 5
41 70
41 39
41 31
41 75
41 47
41 48
41 82
41 52
41 25
41 33
41 27
41 60
41 69
41 63
42 32
42 1
42 34
42 69
42 38
42 33
42 41
42 44
42 14
42 60
42 48
42 82
42 87
42 56
42 25
42 27
42 70
42 61
42 31
43 58
43 3
43 66
44 35
44 5
44 7
44 40
44 75
44 77
44 49
44 18
44 21
44 22
44 88
44 39
44 63
44 37
45 72
45 2
45 59
45 29
46 65
46 36
46 73
46 74
46 11
46 78
46 79
46 80
46 81
46 50
46 83
46 85
46 54
46 56
46 57
46 26
46 62
46 53
47 2
47 59
48 59
49 3
49 84
50 30
50 6
51 32
51 33
51 34
51 69
51 38
51 41
51 42
51 44
51 14
51 60
51 48
51 82
51 87
51 56
51 25
51 27
51 70
51 61
51 31
52 35
52 5
52 7
52 40
52 75
52 77
52 47
52 49
52 18
52 67
52 21
52 22
52 88
52 39
52 63
52 37
53 1
53 18
53 35
53 5
53 7
53 40
53 39
53 77
53 47
53 75
53 67
53 52
53 21
53 88
53 63
53 37
54 32
54 33
54 34
54 69
54 38
54 80
54 41
54 42
54 44
54 14
54 48
54 87
54 56
54 27
54 70
54 61
54 31
55 10
55 4
55 26
55 71
56 1
56 18
56 35
56 5
56 7
56 40
56 39
56 77
56 47
56 75
56 67
56 52
56 21
56 88
56 25
56 63
56 37
57 32
57 33
57 34
57 69
57 38
57 80
57 41
57 42
57 44
57 14
57 48
57 87
57 56
57 27
57 70
57 61
57 31
58 23
59 86
59 43
59 76
59 46
59 49
59 18
59 51
59 22
59 24
59 88
59 28
60 64
60 68
60 76
60 45
60 17
60 51
60 86
60 55
61 32
61 1
61 34
61 69
61 38
61 33
61 41
61 42
61 44
61 14
61 60
61 48
61 82
61 87
61 56
61 25
61 27
61 70
61 31
62 64
62 68
62 43
62 76
62 45
62 46
62 51
62 86
62 24
62 28
63 65
63 4
63 73
63 74
63 11
63 78
63 79
63 80
63 81
63 50
63 83
63 85
63 54
63 57
63 36
63 26
63 62
63 53
64 10
64 4
64 26
64 71
65 35
65 5
65 7
65 40
65 75
65 77
65 46
65 49
65 18
65 21
65 22
65 88
65 39
65 37
66 17
66 55
67 32
67 1
67 34
67 69
67 38
67 33
67 41
67 42
67 44
67 14
67 60
67 48
67 82
67 87
67 56
67 25
67 27
67 70
67 61
67 31
68 65
68 36
68 73
68 74
68 11
68 78
68 79
68 80
68 81
68 50
68 83
68 85
68 54
68 57
68 26
68 62
68 53
69 32
69 1
69 34
69 67
69 70
69 38
69 33
69 41
69 42
69 44
69 47
69 48
69 82
69 52
69 87
69 25
69 27
69 60
69 61
69 31
70 65
70 4
70 71
70 73
70 10
70 11
70 78
70 79
70 81
70 50
70 83
70 85
70 54
70 57
70 36
70 26
70 74
70 62
70 53
71 1
71 35
71 69
71 39
71 40
71 75
71 77
71 47
71 48
71 82
71 67
71 52
71 21
71 25
71 63
71 60
71 37
71 5
72 7
72 40
72 43
72 46
72 24
72 49
72 18
72 21
72 22
72 88
72 28
73 35
73 37
73 7
73 40
73 43
73 77
73 46
73 49
73 18
73 21
73 22
73 88
73 39
73 75
74 64
74 68
74 76
74 45
74 17
74 51
74 86
74 24
74 28
75 35
75 37
75 7
75 40
75 39
75 77
75 46
75 49
75 18
75 21
75 22
75 88
76 55
77 65
77 4
77 71
77 73
77 10
77 78
77 81
77 50
77 83
77 85
77 26
77 74
78 65
78 4
78 71
78 73
78 10
78 11
78 79
78 81
78 50
78 83
78 85
78 54
78 57
78 36
78 26
78 74
78 62
78 53
79 65
79 34
79 36
79 73
79 74
79 11
79 44
79 14
79 80
79 81
79 50
79 83
79 78
79 54
79 62
79 56
79 57
79 85
79 53
80 65
80 36
80 73
80 74
80 11
80 78
80 79
80 81
80 50
80 83
80 85
80 54
80 57
80 26
80 62
80 53
81 72
81 58
81 66
82 32
82 1
82 34
82 69
82 38
82 33
82 41
82 42
82 44
82 14
82 60
82 48
82 87
82 25
82 27
82 70
82 61
82 31
83 1
83 18
83 35
83 5
83 7
83 40
83 39
83 77
83 47
83 75
83 67
83 52
83 21
83 88
83 25
83 63
83 37
84 32
84 33
84 34
84 69
84 38
84 41
84 42
84 44
84 14
84 60
84 48
84 82
84 87
84 56
84 27
84 70
84 61
84 31
85 72
85 2
85 59
85 29
86 3
86 84
87 65
87 34
87 36
87 38
87 73
87 74
87 11
87 44
87 14
87 79
87 80
87 81
87 50
87 83
87 78
87 54
87 56
87 57
87 61
87 62
87 53
88 65
88 4
88 73
88 74
88 11
88 78
88 79
88 80
88 81
88 50
88 83
88 85
88 54
88 57
88 36
88 26
88 62
88 53
