88
1 71
1 8
1 42
1 77
1 51
1 86
1 55
2 82
2 29
3 1
3 2
3 9
3 88
3 26
3 61
4 1
4 2
4 9
4 74
4 45
4 46
4 16
4 56
4 78
4 88
4 26
4 61
4 31
5 64
5 65
5 34
5 11
5 4
5 7
5 80
5 10
5 75
5 44
5 66
5 14
5 13
5 48
5 17
5 21
5 36
5 27
5 60
5 62
6 33
6 50
6 59
6 22
7 83
7 67
7 70
7 41
7 79
7 49
7 35
7 85
7 54
7 87
7 24
10 50
10 52
10 22
11 35
11 70
11 6
11 72
11 41
11 79
11 49
11 85
11 54
11 87
11 58
12 52
12 22
14 64
14 65
14 34
14 4
14 48
14 73
14 44
14 80
14 76
14 23
14 27
14 60
15 64
15 80
15 34
15 11
15 36
15 7
15 10
15 75
15 66
15 14
15 13
15 48
15 17
15 21
15 27
15 60
15 62
17 66
17 67
17 36
17 7
17 10
17 75
17 13
17 14
17 11
17 24
17 35
17 21
17 83
17 62
17 85
19 1
19 2
19 61
19 86
19 9
20 33
20 68
20 69
20 38
20 43
20 15
20 19
20 59
20 63
21 64
21 65
21 34
21 4
21 80
21 73
21 11
21 44
21 14
21 48
21 76
21 23
21 27
21 60
21 62
22 1
22 2
22 9
22 74
22 45
22 46
22 16
22 56
22 78
22 88
22 26
22 61
22 31
23 71
23 8
23 42
23 77
23 47
23 51
23 55
24 65
24 4
24 76
24 23
24 44
24 12
24 80
24 73
24 27
25 66
25 67
25 36
25 7
25 10
25 75
25 13
25 14
25 11
25 49
25 35
25 17
25 24
25 83
25 62
25 85
25 21
26 32
26 68
26 5
26 38
26 39
26 63
26 43
26 15
26 19
26 25
26 59
26 69
27 37
27 6
27 72
27 41
27 79
27 49
27 20
27 53
27 54
27 87
27 57
27 58
27 70
29 32
29 5
29 39
29 12
29 15
29 19
29 23
29 25
29 63
30 8
30 47
30 71
31 64
31 80
31 34
31 11
31 36
31 7
31 10
31 75
31 66
31 14
31 13
31 48
31 17
31 21
31 27
31 60
31 62
32 37
32 6
32 72
32 41
32 74
32 45
32 46
32 79
32 16
32 56
32 20
32 78
32 54
32 88
32 57
32 58
32 31
32 70
32 53
33 64
33 48
33 66
33 67
33 36
33 7
33 10
33 75
33 13
33 14
33 11
33 17
33 35
33 21
33 24
33 83
33 60
33 62
33 85
34 64
34 65
34 66
34 11
34 4
34 7
34 80
34 10
34 75
34 44
34 13
34 14
34 48
34 17
34 21
34 36
34 27
34 60
34 62
35 64
35 65
35 34
35 4
35 48
35 73
35 12
35 44
35 80
35 76
35 23
35 27
35 60
36 37
36 6
36 72
36 31
36 74
36 45
36 46
36 61
36 16
36 56
36 20
36 78
36 54
36 88
36 57
36 58
36 79
36 70
36 26
36 53
37 64
37 65
37 34
37 11
37 4
37 80
37 73
37 10
37 75
37 44
37 66
37 14
37 48
37 17
37 21
37 27
37 60
37 62
38 71
38 8
38 42
38 77
38 47
38 51
39 83
39 35
39 36
39 70
39 7
39 41
39 13
39 79
39 49
39 67
39 21
39 87
39 24
39 85
40 1
40 2
40 9
40 88
40 26
40 61
41 32
41 5
41 38
41 39
41 43
41 12
41 15
41 19
41 25
41 63
42 32
42 65
42 4
42 5
42 39
42 73
42 12
42 44
42 76
42 23
42 25
43 1
43 2
43 9
43 74
43 45
43 46
43 16
43 56
43 78
43 88
43 26
43 61
43 31
44 65
44 4
44 12
44 23
44 76
44 80
44 73
44 27
45 40
45 52
46 40
46 52
46 22
47 40
47 52
48 2
48 37
48 6
48 72
48 74
48 45
48 46
48 61
48 16
48 56
48 20
48 78
48 88
48 57
48 58
48 31
48 26
48 53
49 66
49 67
49 36
49 7
49 10
49 75
49 13
49 14
49 17
49 35
49 21
49 24
49 83
49 85
50 81
50 82
50 3
51 52
51 22
52 22
53 33
53 50
53 59
53 68
53 69
54 65
54 4
54 76
54 23
54 44
54 12
54 80
54 73
54 27
55 32
55 5
55 38
55 39
55 43
55 12
55 15
55 19
55 25
55 63
56 32
56 5
56 38
56 39
56 43
56 12
56 15
56 19
56 25
56 63
57 70
57 6
57 72
57 41
57 79
57 49
57 20
57 85
57 54
57 87
57 58
58 1
58 42
58 77
58 51
58 86
58 55
59 1
59 42
59 77
59 51
59 86
59 55
60 32
60 5
60 38
60 39
60 43
60 12
60 15
60 19
60 25
60 63
61 64
61 48
61 34
61 67
61 36
61 7
61 10
61 75
61 66
61 14
61 13
61 11
61 17
61 21
61 24
61 60
61 62
62 83
62 67
62 70
62 41
62 79
62 49
62 35
62 85
62 54
62 87
62 24
62 58
63 82
63 29
64 65
64 34
64 4
64 80
64 73
64 11
64 44
64 66
64 14
64 48
64 76
64 23
64 27
64 60
64 62
65 64
65 80
65 34
65 4
65 73
65 11
65 44
65 14
65 48
65 76
65 23
65 27
65 60
65 62
66 83
66 35
66 36
66 7
66 10
66 75
66 13
66 49
66 67
66 17
66 24
66 85
66 21
67 64
67 65
67 34
67 4
67 48
67 73
67 12
67 44
67 80
67 76
67 23
67 27
67 60
68 37
68 6
68 72
68 74
68 45
68 46
68 61
68 16
68 56
68 20
68 78
68 54
68 88
68 57
68 58
68 31
68 70
68 26
68 53
69 1
69 2
69 9
69 86
69 55
70 37
70 6
70 72
70 41
70 74
70 45
70 46
70 79
70 16
70 56
70 20
70 78
70 54
70 88
70 57
70 58
70 31
70 26
70 53
71 32
71 5
71 38
71 39
71 43
71 12
71 15
71 19
71 25
71 63
72 66
72 35
72 36
72 7
72 10
72 75
72 13
72 49
72 67
72 17
72 24
72 83
72 85
72 21
73 64
73 65
73 34
73 75
73 4
73 80
73 76
73 10
73 11
73 44
73 66
73 14
73 48
73 17
73 27
73 60
73 62
74 64
74 80
74 34
74 11
74 36
74 7
74 10
74 75
74 66
74 14
74 13
74 48
74 17
74 21
74 27
74 60
74 62
75 32
75 5
75 38
75 39
75 43
75 12
75 15
75 19
75 25
75 63
76 32
76 5
76 39
76 73
76 12
76 15
76 23
76 25
77 33
77 68
77 69
77 38
77 39
77 43
77 15
77 19
77 59
77 63
78 37
78 6
78 72
78 74
78 45
78 46
78 61
78 16
78 56
78 20
78 53
78 54
78 88
78 57
78 58
78 26
78 31
79 66
79 67
79 36
79 7
79 10
79 75
79 13
79 14
79 11
79 49
79 35
79 17
79 24
79 83
79 62
79 85
79 21
80 83
80 35
80 36
80 7
80 10
80 75
80 13
80 49
80 67
80 17
80 24
80 85
80 21
81 33
81 50
81 22
83 64
83 65
83 34
83 4
83 80
83 73
83 10
83 11
83 44
83 66
83 14
83 48
83 76
83 27
83 60
83 62
84 42
84 51
84 77
84 86
84 55
85 37
85 6
85 72
85 41
85 74
85 45
85 46
85 79
85 16
85 20
85 78
85 54
85 87
85 56
85 57
85 58
85 31
85 70
85 53
86 83
86 35
86 36
86 7
86 10
86 75
86 13
86 49
86 67
86 17
86 24
86 85
86 21
87 32
87 65
87 4
87 5
87 12
87 23
87 44
87 76
87 73
87 27
88 32
88 68
88 5
88 38
88 39
88 43
88 12
88 15
88 19
88 25
88 63
88 69
