88
1 42
1 70
1 54
2 6
2 8
2 10
2 15
2 20
2 21
2 23
2 27
2 28
2 31
2 32
2 34
2 35
2 40
2 46
2 53
2 60
2 65
2 68
2 73
2 75
2 79
2 87
2 88
3 66
3 36
3 69
3 7
3 72
3 74
3 76
3 14
3 80
3 22
3 26
3 59
3 62
4 1
4 2
4 6
4 8
4 10
4 15
4 20
4 21
4 24
4 27
4 28
4 31
4 35
4 40
4 44
4 46
4 60
4 68
4 71
4 73
4 75
4 78
4 79
4 87
4 88
5 1
5 2
5 3
5 4
5 33
5 38
5 71
5 40
5 73
5 43
5 12
5 78
5 44
5 56
5 35
5 87
5 24
5 68
5 27
5 60
5 61
6 70
7 2
7 6
7 8
7 10
7 15
7 20
7 21
7 23
7 27
7 28
7 31
7 32
7 34
7 35
7 46
7 53
7 60
7 65
7 68
7 73
7 75
7 79
7 88
9 70
9 54
10 66
10 67
10 36
10 69
10 7
10 72
10 74
10 11
10 76
10 14
10 80
10 50
10 22
10 25
10 26
10 59
10 86
11 42
11 70
11 54
13 18
14 32
14 65
14 34
14 67
14 86
14 75
14 74
14 11
14 50
14 53
14 22
14 23
14 88
14 25
14 59
15 64
15 5
15 45
15 77
15 51
15 57
16 66
16 67
16 36
16 69
16 7
16 72
16 74
16 11
16 76
16 14
16 80
16 50
16 22
16 25
16 26
16 59
16 86
17 2
17 6
17 8
17 10
17 15
17 20
17 21
17 27
17 28
17 31
17 35
17 40
17 44
17 46
17 53
17 60
17 65
17 68
17 71
17 73
17 75
17 78
17 79
17 87
17 88
18 66
18 67
18 36
18 69
18 7
18 72
18 74
18 11
18 76
18 14
18 80
18 22
18 26
18 59
19 1
19 2
19 3
19 4
19 33
19 38
19 71
19 40
19 73
19 43
19 12
19 78
19 44
19 56
19 35
19 87
19 24
19 68
19 27
19 60
19 61
20 33
20 3
20 4
20 37
20 38
20 39
20 43
20 12
20 61
20 81
20 52
20 55
20 56
20 49
20 58
20 63
21 2
21 6
21 8
21 10
21 15
21 20
21 23
21 27
21 28
21 31
21 32
21 34
21 35
21 46
21 53
21 60
21 65
21 68
21 73
21 75
21 79
21 88
22 42
22 70
22 54
24 80
24 66
24 36
24 69
24 7
24 72
24 76
24 48
24 19
24 22
24 26
24 62
25 70
25 54
26 48
26 42
26 19
26 62
27 1
27 2
27 35
27 4
27 33
27 38
27 71
27 40
27 73
27 10
27 43
27 44
27 46
27 79
27 56
27 78
27 87
27 24
27 68
27 60
27 61
28 2
28 6
28 8
28 10
28 15
28 20
28 21
28 23
28 27
28 31
28 32
28 34
28 35
28 46
28 53
28 60
28 65
28 68
28 73
28 75
28 79
28 88
30 80
30 66
30 36
30 69
30 7
30 72
30 76
30 48
30 19
30 22
30 26
30 62
31 32
31 65
31 34
31 67
31 75
31 74
31 11
31 14
31 15
31 50
31 53
31 86
31 23
31 88
31 25
31 59
31 28
32 80
32 36
32 42
32 48
32 19
32 26
32 62
33 80
33 66
33 36
33 69
33 7
33 72
33 76
33 14
33 48
33 22
33 26
33 59
33 62
34 66
34 67
34 69
34 7
34 72
34 74
34 11
34 76
34 14
34 50
34 22
34 23
34 25
34 59
34 86
35 66
35 36
35 69
35 7
35 72
35 74
35 76
35 14
35 80
35 22
35 26
35 59
35 62
36 48
36 42
36 19
36 54
36 62
37 48
37 26
37 19
37 42
37 62
39 70
39 54
40 48
40 42
40 19
40 54
40 62
41 18
42 1
42 2
42 4
42 6
42 8
42 10
42 21
42 24
42 27
42 33
42 35
42 38
42 40
42 43
42 44
42 46
42 56
42 60
42 61
42 68
42 71
42 73
42 78
42 79
42 87
43 6
43 8
43 10
43 11
43 15
43 20
43 21
43 23
43 25
43 28
43 31
43 32
43 34
43 46
43 50
43 53
43 65
43 67
43 75
43 79
43 86
43 88
44 1
44 2
44 6
44 8
44 10
44 15
44 20
44 21
44 24
44 27
44 28
44 31
44 35
44 40
44 46
44 60
44 65
44 68
44 71
44 73
44 75
44 78
44 79
44 87
44 88
45 18
46 18
47 80
47 66
47 36
47 69
47 7
47 72
47 42
47 76
47 48
47 19
47 26
47 62
48 42
48 19
48 70
48 54
49 70
49 54
52 42
52 70
52 54
53 1
53 3
53 4
53 37
53 38
53 33
53 44
53 39
53 12
53 78
53 61
53 43
53 52
53 56
53 24
53 71
53 63
53 58
53 81
54 1
54 3
54 4
54 37
54 38
54 33
54 44
54 39
54 12
54 78
54 61
54 56
54 43
54 52
54 87
54 24
54 71
54 58
55 1
55 2
55 4
55 6
55 8
55 10
55 15
55 20
55 21
55 24
55 27
55 28
55 31
55 35
55 40
55 43
55 44
55 46
55 60
55 61
55 68
55 71
55 73
55 78
55 79
55 87
56 80
56 66
56 36
56 69
56 7
56 72
56 76
56 14
56 48
56 22
56 26
56 59
56 62
57 66
57 67
57 69
57 7
57 72
57 74
57 11
57 76
57 34
57 14
57 50
57 22
57 25
57 59
57 86
58 80
58 66
58 36
58 69
58 7
58 72
58 42
58 76
58 48
58 19
58 26
58 62
59 1
59 2
59 4
59 6
59 8
59 10
59 21
59 24
59 27
59 33
59 35
59 38
59 40
59 43
59 44
59 46
59 56
59 60
59 61
59 68
59 71
59 73
59 78
59 79
59 87
60 80
60 66
60 36
60 69
60 7
60 72
60 42
60 76
60 48
60 19
60 26
60 62
61 42
61 70
61 54
62 80
62 36
62 69
62 42
62 48
62 19
62 26
64 18
65 70
65 54
66 80
66 36
66 69
66 42
66 48
66 19
66 26
66 62
67 32
67 65
67 34
67 75
67 86
67 74
67 11
67 14
67 50
67 53
67 22
67 23
67 88
67 25
67 59
68 32
68 65
68 34
68 67
68 75
68 31
68 74
68 11
68 15
68 50
68 20
68 21
68 86
68 23
68 88
68 25
68 59
68 28
68 53
69 70
69 54
70 6
70 8
70 10
70 11
70 15
70 20
70 21
70 23
70 25
70 28
70 31
70 32
70 34
70 46
70 50
70 53
70 65
70 67
70 75
70 79
70 86
70 88
71 48
71 42
71 19
71 54
71 62
72 70
72 54
73 42
73 70
73 54
74 2
74 6
74 8
74 10
74 15
74 20
74 21
74 27
74 28
74 31
74 32
74 35
74 40
74 46
74 53
74 60
74 65
74 68
74 71
74 73
74 75
74 79
74 87
74 88
75 32
75 65
75 34
75 67
75 6
75 8
75 31
75 74
75 11
75 46
75 15
75 50
75 20
75 21
75 86
75 23
75 88
75 25
75 79
75 28
75 53
76 80
76 66
76 36
76 69
76 7
76 72
76 48
76 19
76 22
76 26
76 62
77 66
77 67
77 36
77 69
77 7
77 72
77 74
77 11
77 76
77 34
77 14
77 80
77 50
77 22
77 25
77 59
77 86
78 70
78 54
79 80
79 66
79 36
79 69
79 7
79 72
79 76
79 48
79 19
79 22
79 26
79 62
80 42
80 19
80 70
80 54
81 18
83 42
83 70
83 54
84 18
85 70
85 54
86 64
86 5
86 45
86 77
86 51
86 57
87 80
87 66
87 36
87 69
87 7
87 72
87 76
87 48
87 19
87 22
87 26
87 62
88 80
88 66
88 36
88 69
88 7
88 72
88 76
88 48
88 19
88 22
88 26
88 62
