88
1 80
1 67
1 68
1 72
1 74
1 75
1 13
1 14
1 45
1 48
1 82
1 21
1 54
1 24
1 26
1 79
1 63
2 64
2 33
2 67
2 4
2 37
2 72
2 73
2 74
2 75
2 45
2 14
2 13
2 24
2 21
2 54
2 88
2 26
2 63
3 2
3 27
3 71
3 42
3 12
3 34
3 46
3 77
3 84
3 53
3 87
3 52
3 58
3 47
3 61
3 31
4 64
4 33
4 43
4 37
4 72
4 41
4 11
4 45
4 14
4 19
4 54
4 73
4 88
4 55
5 65
5 66
5 70
5 40
5 9
5 43
5 76
5 44
5 19
6 10
6 51
6 28
6 69
6 39
7 16
8 64
8 33
8 67
8 4
8 37
8 72
8 41
8 11
8 45
8 14
8 43
8 24
8 19
8 54
8 73
8 88
8 55
8 63
9 23
9 40
9 51
9 44
9 39
10 32
10 5
10 7
10 8
10 15
10 50
10 25
11 23
11 10
11 51
11 69
11 39
12 65
12 66
12 70
12 40
12 9
12 76
12 44
12 19
13 65
13 66
13 70
13 40
13 9
13 76
13 44
13 23
14 65
14 66
14 70
14 40
14 9
14 43
14 76
14 44
14 19
16 23
16 10
16 51
16 69
16 39
17 32
17 2
17 5
17 8
17 42
17 77
17 46
17 15
17 53
17 25
17 58
17 61
18 59
19 80
19 34
19 3
19 68
19 38
19 74
19 75
19 78
19 47
19 48
19 27
19 82
19 35
19 84
19 30
19 79
19 62
20 16
21 23
21 10
21 51
21 69
21 39
22 65
22 66
22 70
22 40
22 9
22 76
22 44
22 23
23 10
23 51
23 69
23 39
24 80
24 34
24 3
24 68
24 38
24 78
24 47
24 48
24 27
24 82
24 35
24 84
24 30
24 87
24 79
24 62
25 64
25 33
25 67
25 4
25 37
25 72
25 41
25 11
25 45
25 14
25 13
25 24
25 75
25 21
25 54
25 73
25 88
25 55
25 26
25 63
26 80
26 67
26 68
26 74
26 75
26 13
26 78
26 79
26 48
26 82
26 21
26 54
26 24
26 63
28 64
28 33
28 66
28 43
28 4
28 37
28 70
28 65
28 72
28 9
28 11
28 44
28 76
28 19
28 73
28 41
28 88
28 55
29 64
29 33
29 67
29 4
29 37
29 72
29 41
29 11
29 45
29 14
29 13
29 24
29 75
29 21
29 54
29 73
29 88
29 55
29 26
29 63
31 65
31 66
31 43
31 70
31 40
31 9
31 11
31 76
31 44
31 19
32 10
32 83
32 28
32 69
33 65
33 66
33 70
33 40
33 9
33 76
33 44
33 23
34 65
34 66
34 70
34 39
34 40
34 9
34 44
34 51
34 23
35 65
35 66
35 70
35 40
35 9
35 76
35 44
35 23
36 10
36 83
36 28
36 69
37 83
37 28
37 69
38 23
38 10
38 51
38 69
38 39
39 64
39 33
39 67
39 4
39 37
39 72
39 41
39 11
39 43
39 45
39 14
39 13
39 24
39 21
39 54
39 73
39 88
39 55
39 26
39 63
40 30
40 35
40 67
40 68
40 38
40 80
40 74
40 75
40 13
40 78
40 79
40 48
40 82
40 3
40 21
40 24
40 26
40 62
40 63
41 35
41 67
41 68
41 38
41 80
41 74
41 75
41 13
41 78
41 79
41 48
41 82
41 3
41 21
41 54
41 24
41 26
41 30
41 63
42 23
42 10
42 51
42 39
43 64
43 33
43 66
43 4
43 37
43 70
43 72
43 9
43 11
43 76
43 45
43 14
43 19
43 73
43 41
43 88
43 55
44 23
44 65
44 51
44 40
44 39
45 65
45 66
45 70
45 40
45 9
45 76
45 44
45 19
46 83
46 28
46 69
47 64
47 33
47 66
47 43
47 4
47 37
47 70
47 72
47 41
47 11
47 76
47 45
47 14
47 19
47 73
47 88
47 55
48 64
48 33
48 66
48 43
48 4
48 37
48 70
48 65
48 72
48 9
48 11
48 44
48 76
48 19
48 73
48 41
48 88
48 55
49 10
49 51
49 28
49 69
49 39
50 80
50 67
50 68
50 72
50 74
50 75
50 13
50 14
50 45
50 48
50 21
50 54
50 24
50 26
50 63
51 64
51 33
51 67
51 4
51 37
51 72
51 73
51 74
51 75
51 45
51 14
51 13
51 24
51 21
51 54
51 88
51 26
51 63
52 65
52 66
52 70
52 39
52 40
52 9
52 44
52 51
52 23
53 23
53 40
53 51
53 39
54 32
54 2
54 71
54 42
54 12
54 34
54 46
54 77
54 52
54 53
54 87
54 58
54 27
54 61
54 31
55 2
55 27
55 71
55 42
55 12
55 34
55 46
55 77
55 84
55 53
55 87
55 52
55 47
55 61
55 62
55 31
56 10
56 83
56 28
56 69
57 64
57 67
57 4
57 37
57 72
57 73
57 74
57 75
57 45
57 14
57 13
57 80
57 24
57 21
57 54
57 88
57 68
57 26
57 63
58 23
58 10
58 51
58 39
59 6
59 18
59 85
59 22
59 56
59 29
60 1
60 36
60 81
60 49
60 17
60 57
61 65
61 39
61 40
61 44
61 51
61 23
62 65
62 39
62 40
62 44
62 51
62 23
63 10
63 83
63 28
63 69
65 66
65 70
65 40
65 9
65 76
65 44
65 19
66 64
66 33
66 43
66 4
66 37
66 70
66 65
66 72
66 9
66 11
66 44
66 76
66 19
66 73
66 41
66 88
66 55
68 83
69 32
69 2
69 5
69 71
69 8
69 42
69 77
69 46
69 15
69 53
69 25
69 58
69 61
70 10
70 51
70 28
70 69
70 39
71 64
71 33
71 43
71 4
71 37
71 72
71 41
71 11
71 45
71 14
71 19
71 54
71 73
71 88
71 55
72 80
72 67
72 68
72 73
72 74
72 75
72 13
72 14
72 45
72 48
72 21
72 54
72 24
72 26
72 63
73 80
73 3
73 68
73 38
73 74
73 75
73 13
73 78
73 47
73 48
73 82
73 35
73 84
73 30
73 79
73 62
74 33
74 66
74 43
74 70
74 65
74 40
74 9
74 11
74 76
74 44
74 19
74 41
74 55
75 65
75 66
75 43
75 70
75 40
75 9
75 11
75 76
75 44
75 19
75 41
75 55
76 65
76 66
76 70
76 40
76 9
76 44
76 19
77 65
77 66
77 70
77 40
77 9
77 76
77 44
77 23
78 64
78 33
78 67
78 4
78 37
78 72
78 73
78 74
78 75
78 45
78 14
78 13
78 24
78 21
78 54
78 88
78 26
78 63
79 65
79 66
79 70
79 39
79 40
79 9
79 44
79 51
79 23
80 64
80 33
80 67
80 4
80 37
80 72
80 41
80 11
80 45
80 14
80 43
80 24
80 19
80 54
80 73
80 88
80 55
80 63
81 23
81 40
81 10
81 51
81 39
82 80
82 67
82 68
82 74
82 75
82 13
82 78
82 79
82 48
82 21
82 54
82 24
82 26
82 63
83 65
83 66
83 70
83 40
83 9
83 76
83 44
83 23
84 35
84 67
84 68
84 38
84 80
84 74
84 75
84 13
84 78
84 79
84 48
84 82
84 3
84 21
84 54
84 24
84 26
84 30
84 63
85 2
85 27
85 71
85 42
85 12
85 34
85 46
85 77
85 84
85 53
85 87
85 52
85 47
85 61
85 62
85 31
86 30
86 80
86 3
86 68
86 38
86 74
86 75
86 13
86 78
86 47
86 48
86 82
86 35
86 84
86 21
86 26
86 79
86 62
87 64
87 33
87 43
87 4
87 37
87 72
87 41
87 11
87 45
87 14
87 19
87 73
87 88
87 55
88 33
88 66
88 43
88 70
88 65
88 40
88 9
88 11
88 76
88 44
88 19
88 41
88 55
