88
1 33
1 2
1 3
1 12
1 42
1 11
1 44
1 14
1 85
1 24
1 60
1 53
1 21
2 49
2 82
2 86
3 33
3 2
3 68
3 9
3 12
3 66
3 88
3 85
3 73
3 41
3 24
3 60
3 53
3 21
4 64
4 51
4 52
4 61
4 30
5 34
5 4
5 69
5 71
5 43
5 46
5 83
5 58
6 66
6 3
6 68
6 72
6 9
6 74
6 23
6 16
6 56
6 67
6 41
6 73
6 87
6 88
6 27
6 62
6 63
7 67
7 72
7 74
7 55
7 45
7 77
7 16
7 23
7 56
7 87
7 27
7 62
7 63
8 33
8 66
8 3
8 68
8 9
8 12
8 2
8 88
8 85
8 73
8 41
8 24
8 60
8 53
8 21
9 6
9 75
9 79
9 20
9 25
9 59
10 25
10 75
10 20
10 6
10 79
11 33
11 2
11 3
11 41
11 42
11 44
11 12
11 88
11 14
11 85
11 24
11 60
11 53
11 21
12 32
12 1
12 36
12 37
12 8
12 10
12 45
12 77
12 47
12 50
12 54
12 55
13 32
13 35
13 70
13 81
13 40
13 47
13 80
13 8
13 84
14 1
14 67
14 36
14 37
14 72
14 10
14 23
14 45
14 77
14 16
14 50
14 54
14 55
14 56
14 87
14 27
14 74
15 65
17 57
17 43
17 4
17 46
17 39
18 33
18 6
18 42
18 11
18 44
18 14
18 79
18 20
18 21
19 49
19 82
20 1
20 36
20 37
20 72
20 10
20 23
20 45
20 77
20 47
20 16
20 50
20 54
20 55
20 27
21 65
22 19
22 15
23 33
23 2
23 3
23 68
23 41
23 42
23 12
23 88
23 85
23 73
23 24
23 60
23 53
23 21
24 1
24 36
24 37
24 72
24 10
24 23
24 45
24 77
24 47
24 16
24 50
24 54
24 55
24 27
24 74
25 64
25 52
26 33
26 2
26 42
26 11
26 44
26 14
26 79
26 20
26 21
26 24
26 60
26 85
27 25
27 75
27 20
27 6
27 79
28 64
28 51
28 52
28 61
29 65
30 32
30 1
30 36
30 37
30 8
30 10
30 47
30 80
30 50
30 84
30 54
31 66
31 67
31 68
31 72
31 9
31 74
31 55
31 45
31 77
31 16
31 23
31 56
31 87
31 27
31 62
31 63
32 5
32 38
32 75
32 76
32 25
32 59
33 32
33 1
33 36
33 37
33 8
33 10
33 45
33 77
33 47
33 50
33 84
33 54
33 55
34 33
34 2
34 42
34 11
34 44
34 14
34 21
34 24
34 60
34 85
35 6
35 42
35 11
35 44
35 14
35 79
35 20
36 33
36 66
36 3
36 68
36 9
36 12
36 2
36 88
36 85
36 73
36 41
36 24
36 60
36 53
36 21
37 5
37 38
37 75
37 76
37 25
37 59
38 66
38 67
38 68
38 72
38 9
38 74
38 23
38 16
38 56
38 41
38 73
38 87
38 88
38 27
38 62
38 63
39 66
39 67
39 68
39 72
39 9
39 74
39 55
39 16
39 73
39 23
39 56
39 87
39 27
39 62
39 63
40 5
40 38
40 75
40 76
40 25
40 59
41 33
41 6
41 42
41 11
41 44
41 14
41 79
41 20
41 21
41 60
42 32
42 1
42 36
42 37
42 8
42 10
42 45
42 77
42 47
42 50
42 54
42 55
43 5
43 38
43 75
43 76
43 25
43 59
44 66
44 67
44 68
44 72
44 9
44 74
44 55
44 45
44 77
44 16
44 23
44 56
44 87
44 27
44 62
44 63
45 33
45 6
45 42
45 11
45 44
45 14
45 79
45 20
45 21
45 60
46 75
46 20
46 6
46 79
47 33
47 2
47 3
47 12
47 42
47 11
47 44
47 14
47 85
47 24
47 60
47 53
47 21
48 25
48 75
48 20
48 6
48 79
49 33
49 2
49 3
49 41
49 42
49 11
49 44
49 12
49 88
49 85
49 24
49 60
49 53
49 21
50 66
50 67
50 68
50 72
50 9
50 74
50 55
50 16
50 73
50 23
50 56
50 87
50 27
50 62
50 63
51 57
51 43
51 4
51 46
51 39
52 2
52 3
52 68
52 9
52 12
52 66
52 88
52 53
52 73
52 41
52 24
52 63
52 60
52 62
52 85
53 32
53 1
53 36
53 37
53 8
53 10
53 47
53 50
53 84
53 54
54 2
54 3
54 68
54 9
54 12
54 66
54 88
54 53
54 73
54 41
54 24
54 63
54 62
54 85
55 33
55 2
55 3
55 41
55 42
55 11
55 44
55 12
55 88
55 14
55 85
55 24
55 60
55 53
55 21
56 33
56 6
56 42
56 11
56 44
56 14
56 79
56 20
56 21
57 5
57 38
57 75
57 76
57 25
57 59
58 1
58 36
58 37
58 72
58 10
58 23
58 45
58 77
58 47
58 16
58 50
58 54
58 55
58 27
58 74
59 76
59 5
59 38
60 66
60 67
60 72
60 9
60 74
60 55
60 45
60 77
60 16
60 23
60 56
60 87
60 27
60 62
60 63
61 66
61 67
61 68
61 72
61 9
61 74
61 55
61 16
61 73
61 23
61 56
61 87
61 27
61 62
61 63
62 48
62 34
62 35
62 70
62 7
62 40
62 78
62 80
62 81
62 83
62 26
62 28
62 31
63 32
63 1
63 36
63 37
63 8
63 10
63 45
63 77
63 47
63 50
63 84
63 54
64 57
64 43
64 4
64 46
64 39
65 32
65 1
65 36
65 37
65 8
65 10
65 45
65 77
65 47
65 50
65 84
65 54
65 55
66 67
66 68
66 9
66 87
66 12
66 88
66 3
66 53
66 73
66 41
66 56
66 62
66 63
67 33
67 2
67 3
67 41
67 42
67 11
67 44
67 12
67 88
67 85
67 73
67 24
67 60
67 53
67 21
68 48
68 34
68 35
68 70
68 7
68 40
68 78
68 80
68 81
68 83
68 58
68 28
68 26
68 31
69 65
70 66
70 67
70 68
70 9
70 87
70 12
70 88
70 3
70 53
70 73
70 41
70 56
70 62
70 63
71 30
72 33
72 2
72 3
72 68
72 41
72 42
72 12
72 88
72 85
72 73
72 24
72 60
72 53
72 21
73 33
73 2
73 6
73 42
73 11
73 44
73 14
73 79
73 20
73 21
73 24
73 60
74 5
74 38
74 75
74 76
74 25
74 59
75 1
75 36
75 37
75 8
75 10
75 23
75 45
75 77
75 47
75 72
75 50
75 54
75 55
76 32
76 48
76 35
76 70
76 7
76 8
76 80
76 40
76 84
76 26
76 28
76 81
77 32
77 1
77 36
77 37
77 8
77 10
77 45
77 47
77 50
77 84
77 54
77 55
78 2
78 3
78 68
78 9
78 12
78 66
78 88
78 53
78 73
78 41
78 24
78 63
78 62
78 85
79 2
79 3
79 68
79 9
79 12
79 66
79 88
79 53
79 73
79 41
79 24
79 63
79 60
79 62
79 85
80 33
80 2
80 6
80 42
80 11
80 44
80 14
80 79
80 20
80 21
80 24
80 60
80 85
81 33
81 2
81 3
81 41
81 42
81 11
81 44
81 12
81 88
81 14
81 85
81 24
81 60
81 53
81 21
82 19
83 1
83 67
83 36
83 37
83 72
83 10
83 23
83 45
83 77
83 16
83 50
83 54
83 55
83 56
83 87
83 27
83 74
84 32
84 35
84 70
84 81
84 40
84 47
84 80
84 8
84 26
84 28
85 66
85 67
85 68
85 72
85 9
85 74
85 23
85 16
85 73
85 87
85 56
85 27
85 62
85 63
87 32
87 35
87 70
87 81
87 40
87 47
87 80
87 8
87 84
87 26
87 28
88 2
88 3
88 68
88 9
88 12
88 66
88 53
88 73
88 41
88 24
88 63
88 60
88 62
88 85
