88
1 3
1 68
1 37
1 7
1 40
1 73
1 11
1 77
1 14
1 81
1 67
1 31
1 88
1 58
1 27
1 63
2 19
2 64
2 3
2 5
2 7
2 9
2 39
2 44
2 12
2 75
2 35
2 73
2 87
2 59
2 61
3 65
3 69
3 38
3 71
3 10
3 79
3 48
3 50
3 83
3 53
3 24
3 70
3 74
3 85
4 1
4 34
4 86
5 64
5 67
5 3
5 68
5 37
5 7
5 40
5 73
5 39
5 77
5 14
5 11
5 81
5 75
5 19
5 59
5 87
5 27
5 63
6 9
6 34
6 35
6 12
6 86
7 32
7 33
7 11
7 77
7 78
7 47
7 49
7 52
7 22
7 55
7 88
7 25
7 58
7 28
7 26
7 30
7 31
8 34
8 35
8 9
8 44
8 12
8 61
9 64
9 34
9 35
9 5
9 39
9 12
9 75
9 44
9 19
9 87
9 59
9 61
10 32
10 67
10 49
10 40
10 11
10 77
10 14
10 81
10 52
10 78
10 88
10 58
10 26
10 30
10 31
11 64
11 3
11 68
11 5
11 7
11 73
11 39
11 44
11 12
11 59
11 75
11 19
11 63
11 87
11 27
11 61
11 37
12 64
12 3
12 68
12 37
12 7
12 40
12 73
12 39
12 44
12 63
12 59
12 75
12 19
12 87
12 27
12 61
12 5
13 72
13 41
13 42
13 46
13 6
14 32
14 33
14 11
14 78
14 47
14 49
14 52
14 22
14 55
14 88
14 25
14 58
14 28
14 26
14 30
14 31
15 21
15 13
17 42
17 65
17 69
17 38
17 71
17 10
17 79
17 48
17 50
17 83
17 53
17 24
17 70
17 74
17 85
18 32
18 67
18 49
18 40
18 11
18 77
18 14
18 47
18 81
18 52
18 78
18 22
18 88
18 58
18 26
18 30
18 31
19 32
19 33
19 11
19 78
19 47
19 49
19 52
19 22
19 55
19 88
19 25
19 58
19 28
19 26
19 30
19 31
20 60
20 2
20 51
20 76
20 23
21 34
21 35
21 39
21 9
21 75
21 44
21 12
21 87
21 59
21 61
22 19
22 64
22 35
22 5
22 39
22 9
22 75
22 44
22 12
22 3
22 73
22 87
22 59
22 61
23 38
23 6
23 71
23 42
23 50
23 83
23 53
23 74
23 85
24 64
24 34
24 35
24 5
24 39
24 9
24 75
24 44
24 12
24 87
24 59
24 61
25 9
25 34
25 35
25 12
25 86
26 9
26 34
26 35
26 12
26 86
27 9
27 34
27 35
27 12
27 86
28 9
28 34
28 35
28 12
28 86
29 2
29 43
29 62
30 80
30 8
30 23
31 60
31 51
31 76
31 23
32 9
32 34
32 86
33 2
33 43
33 76
33 51
33 60
33 29
33 62
34 32
34 33
34 11
34 77
34 78
34 47
34 49
34 52
34 22
34 55
34 88
34 25
34 58
34 26
34 30
34 31
35 1
35 43
35 29
35 62
36 80
36 51
36 23
37 64
37 67
37 3
37 68
37 5
37 7
37 40
37 73
37 39
37 44
37 14
37 81
37 75
37 19
37 59
37 87
37 27
37 61
37 63
38 80
38 8
38 23
39 64
39 67
39 3
39 68
39 5
39 7
39 40
39 73
39 11
39 77
39 14
39 81
39 19
39 31
39 58
39 27
39 37
39 63
40 64
40 35
40 5
40 39
40 9
40 75
40 44
40 12
40 19
40 73
40 87
40 59
40 61
41 1
41 86
41 62
42 64
42 67
42 3
42 68
42 5
42 7
42 40
42 73
42 39
42 44
42 77
42 14
42 81
42 75
42 19
42 63
42 59
42 87
42 27
42 61
42 37
43 64
43 67
43 3
43 68
43 5
43 7
43 40
43 73
43 39
43 44
43 77
43 14
43 81
43 75
43 19
43 63
43 59
43 87
43 27
43 37
44 9
44 34
44 35
44 12
44 86
45 1
45 34
45 86
45 9
46 8
47 1
47 43
47 29
47 62
48 1
48 86
49 60
49 51
49 76
49 23
50 21
51 33
51 69
51 38
51 65
51 10
51 70
51 78
51 79
51 48
51 50
51 52
51 22
51 55
51 24
51 25
51 26
51 47
51 28
51 30
52 64
52 67
52 3
52 68
52 5
52 7
52 40
52 73
52 39
52 44
52 14
52 59
52 75
52 19
52 63
52 87
52 27
52 61
52 37
53 64
53 34
53 35
53 5
53 39
53 9
53 75
53 44
53 12
53 19
53 87
53 59
53 61
54 80
54 60
54 51
54 76
54 23
55 32
55 33
55 11
55 78
55 47
55 49
55 52
55 22
55 88
55 25
55 58
55 28
55 26
55 30
55 31
56 19
56 64
56 35
56 5
56 39
56 9
56 75
56 44
56 12
56 3
56 73
56 87
56 59
56 61
57 1
57 43
57 29
57 62
58 64
58 3
58 68
58 37
58 7
58 40
58 73
58 39
58 44
58 63
58 59
58 75
58 19
58 87
58 27
58 61
58 5
59 32
59 67
59 49
59 40
59 11
59 77
59 14
59 81
59 52
59 88
59 58
59 26
59 31
60 36
60 6
60 72
60 41
60 45
60 46
60 4
61 19
61 64
61 3
61 68
61 5
61 7
61 73
61 39
61 44
61 12
61 59
61 75
61 35
61 63
61 87
61 27
61 37
62 32
62 33
62 69
62 10
62 78
62 47
62 48
62 49
62 52
62 22
62 55
62 88
62 25
62 26
62 79
62 28
62 30
63 33
63 69
63 38
63 71
63 10
63 70
63 47
63 48
63 50
63 30
63 53
63 22
63 55
63 24
63 25
63 79
63 28
63 74
63 85
63 65
64 32
64 67
64 37
64 49
64 40
64 11
64 77
64 14
64 81
64 52
64 88
64 58
64 31
65 9
65 34
65 35
65 12
65 86
66 1
66 86
66 62
67 1
67 34
67 86
67 9
68 1
68 34
68 86
68 9
69 64
69 67
69 3
69 68
69 5
69 7
69 40
69 73
69 39
69 44
69 14
69 59
69 75
69 19
69 63
69 87
69 27
69 61
69 37
70 1
70 86
71 19
71 64
71 35
71 5
71 39
71 9
71 75
71 44
71 12
71 3
71 73
71 87
71 59
71 61
72 1
72 86
73 32
73 67
73 37
73 49
73 40
73 11
73 77
73 14
73 81
73 88
73 58
73 31
74 9
74 34
74 35
74 86
75 32
75 67
75 37
75 49
75 40
75 11
75 77
75 14
75 81
75 52
75 88
75 58
75 31
76 32
76 33
76 69
76 65
76 10
76 78
76 79
76 48
76 49
76 52
76 22
76 55
76 24
76 25
76 26
76 47
76 28
76 30
77 9
77 34
77 35
77 12
78 19
78 64
78 3
78 5
78 7
78 9
78 39
78 44
78 12
78 75
78 35
78 73
78 87
78 59
78 61
79 9
79 34
79 35
79 12
80 6
80 71
80 41
80 42
80 83
80 53
80 74
80 85
81 82
81 20
81 54
81 15
82 80
82 8
83 64
83 34
83 35
83 5
83 39
83 9
83 75
83 44
83 12
83 19
83 87
83 59
83 61
84 9
84 34
84 35
84 12
84 86
85 64
85 67
85 3
85 68
85 5
85 7
85 40
85 73
85 39
85 44
85 77
85 14
85 81
85 75
85 19
85 63
85 59
85 87
85 27
85 37
86 32
86 33
86 69
86 10
86 78
86 47
86 48
86 49
86 52
86 22
86 55
86 88
86 25
86 26
86 79
86 28
86 30
87 3
87 68
87 37
87 7
87 40
87 73
87 11
87 77
87 14
87 81
87 67
87 31
87 88
87 58
87 27
87 63
88 64
88 67
88 3
88 68
88 5
88 7
88 40
88 73
88 39
88 44
88 77
88 14
88 81
88 75
88 19
88 63
88 59
88 87
88 27
88 61
88 37
