88
1 83
1 5
2 64
2 68
2 31
3 4
3 5
4 83
4 5
5 7
5 10
5 16
5 17
5 22
5 24
5 27
5 32
5 33
5 36
5 44
5 46
5 49
5 52
5 53
5 55
5 58
5 65
5 71
5 79
5 80
5 84
5 87
6 29
7 32
7 1
7 35
7 37
7 70
7 40
7 73
7 74
7 45
7 54
7 48
7 21
7 22
7 23
7 88
7 59
7 62
7 85
8 7
8 10
8 16
8 17
8 24
8 27
8 32
8 33
8 36
8 44
8 46
8 49
8 52
8 53
8 55
8 58
8 65
8 71
8 79
8 80
8 84
8 87
9 7
9 16
9 17
9 22
9 24
9 27
9 32
9 33
9 35
9 37
9 44
9 45
9 46
9 48
9 49
9 52
9 53
9 58
9 65
9 71
9 73
9 79
9 80
9 84
9 87
9 88
10 83
10 5
11 4
11 5
12 34
12 38
12 41
12 50
12 18
12 86
12 60
12 63
13 64
13 68
13 31
14 1
14 35
14 37
14 70
14 40
14 73
14 74
14 45
14 54
14 48
14 21
14 22
14 23
14 88
14 59
14 62
14 85
15 3
15 72
15 11
15 12
15 78
15 81
15 20
15 57
16 2
16 36
16 69
16 39
16 10
16 14
16 61
16 80
16 17
16 84
16 55
16 56
16 42
17 64
17 68
17 31
18 1
18 67
18 43
18 76
18 47
18 75
18 21
18 54
18 23
18 25
18 26
18 28
19 8
19 13
20 2
20 69
20 39
20 72
20 42
20 12
20 66
20 14
20 81
20 51
20 78
20 56
20 61
22 4
22 5
23 2
23 69
23 39
23 72
23 42
23 66
23 14
23 51
23 55
23 56
23 61
24 1
24 43
24 70
24 40
24 74
24 75
24 76
24 47
24 21
24 54
24 23
24 59
24 62
24 85
25 2
25 36
25 39
25 10
25 55
25 44
25 79
25 80
25 17
25 84
25 87
25 56
26 3
26 72
26 11
26 12
26 78
26 81
26 20
26 57
27 66
27 3
27 72
27 11
27 12
27 78
27 81
27 51
27 61
28 66
28 3
28 72
28 11
28 12
28 78
28 81
28 51
28 61
29 32
29 1
29 35
29 37
29 70
29 7
29 40
29 73
29 74
29 45
29 54
29 48
29 52
29 85
29 22
29 23
29 88
29 59
29 53
29 62
29 21
31 64
31 34
31 68
31 38
31 41
31 18
31 60
31 63
32 34
32 67
32 41
32 76
32 47
32 50
32 86
32 25
32 26
32 28
32 63
33 34
33 38
33 41
33 50
33 18
33 86
33 31
33 60
33 63
34 1
34 67
34 43
34 76
34 47
34 75
34 21
34 86
34 23
34 25
34 26
34 28
35 64
35 68
35 31
36 29
38 64
38 34
38 68
38 18
38 60
38 31
39 1
39 43
39 70
39 40
39 74
39 75
39 21
39 54
39 23
39 88
39 59
39 62
39 85
40 1
40 67
40 43
40 76
40 47
40 75
40 21
40 86
40 23
40 25
40 26
40 28
41 1
41 67
41 43
41 76
41 47
41 75
41 21
41 23
41 25
41 26
41 28
42 34
42 67
42 41
42 76
42 28
42 47
42 50
42 86
42 25
42 26
42 60
42 63
43 7
43 16
43 22
43 24
43 32
43 33
43 35
43 37
43 40
43 45
43 48
43 49
43 52
43 53
43 54
43 58
43 59
43 62
43 70
43 71
43 73
43 74
43 85
43 88
44 1
44 43
44 70
44 40
44 74
44 75
44 21
44 54
44 23
44 88
44 59
44 62
44 85
45 32
45 1
45 35
45 37
45 70
45 7
45 40
45 73
45 74
45 54
45 48
45 24
45 52
45 53
45 22
45 88
45 59
45 62
45 85
46 7
46 16
46 22
46 24
46 27
46 32
46 33
46 35
46 37
46 40
46 45
46 48
46 49
46 52
46 53
46 58
46 59
46 62
46 65
46 70
46 71
46 73
46 74
46 85
46 88
47 64
47 34
47 68
47 38
47 41
47 50
47 18
47 31
47 60
47 63
50 34
50 38
50 41
50 18
50 86
50 60
50 63
51 82
51 19
51 30
51 6
52 2
52 36
52 69
52 39
52 10
52 14
52 61
52 80
52 17
52 51
52 84
52 55
52 56
52 42
53 1
53 43
53 70
53 40
53 74
53 75
53 48
53 21
53 54
53 23
53 88
53 59
53 62
53 85
54 7
54 16
54 17
54 22
54 24
54 27
54 32
54 33
54 35
54 36
54 37
54 44
54 45
54 46
54 48
54 49
54 52
54 53
54 58
54 65
54 71
54 73
54 79
54 80
54 84
54 87
55 34
55 67
55 41
55 76
55 28
55 47
55 50
55 86
55 25
55 26
55 60
55 63
56 67
56 41
56 43
56 76
56 47
56 50
56 86
56 25
56 26
56 75
56 28
56 63
57 34
57 67
57 41
57 76
57 47
57 50
57 86
57 25
57 26
57 28
57 63
58 1
58 35
58 37
58 70
58 40
58 74
58 75
58 45
58 48
58 43
58 21
58 54
58 23
58 88
58 59
58 62
58 85
59 9
59 19
59 30
59 15
60 66
60 3
60 72
60 11
60 12
60 78
60 81
60 51
60 61
61 7
61 16
61 22
61 24
61 32
61 33
61 35
61 37
61 40
61 45
61 48
61 49
61 52
61 53
61 54
61 58
61 59
61 62
61 70
61 71
61 73
61 74
61 85
61 88
62 3
62 6
62 11
62 77
62 82
62 20
62 57
63 57
63 82
63 20
63 77
63 6
65 2
65 36
65 69
65 39
65 42
65 66
65 14
65 61
65 51
65 84
65 55
65 56
65 10
66 1
66 67
66 43
66 76
66 47
66 75
66 21
66 23
66 25
66 26
66 28
67 2
67 69
67 39
67 72
67 42
67 66
67 14
67 51
67 55
67 56
67 61
68 2
68 36
68 69
68 39
68 42
68 66
68 14
68 61
68 51
68 55
68 56
68 10
69 57
69 82
69 20
69 77
69 6
70 7
70 10
70 16
70 17
70 22
70 24
70 27
70 32
70 33
70 35
70 36
70 37
70 44
70 45
70 46
70 48
70 49
70 52
70 53
70 58
70 65
70 71
70 73
70 79
70 80
70 84
70 87
71 64
71 34
71 68
71 38
71 41
71 18
71 31
71 60
71 63
72 1
72 67
72 75
72 76
72 47
72 43
72 21
72 54
72 23
72 25
72 26
72 28
72 62
73 7
73 16
73 17
73 22
73 24
73 27
73 32
73 33
73 35
73 36
73 37
73 44
73 45
73 46
73 48
73 49
73 52
73 53
73 58
73 65
73 71
73 79
73 80
73 84
73 87
74 66
74 3
74 69
74 72
74 42
74 11
74 12
74 14
74 81
74 51
74 78
74 61
75 3
75 6
75 11
75 77
75 20
75 57
76 3
76 6
76 11
76 77
76 20
76 57
78 64
78 34
78 68
78 38
78 41
78 50
78 18
78 31
78 60
78 63
79 34
79 67
79 41
79 76
79 28
79 47
79 50
79 86
79 25
79 26
79 60
79 63
80 34
80 38
80 41
80 50
80 28
80 18
80 86
80 25
80 26
80 60
80 63
81 34
81 38
81 41
81 50
81 28
81 18
81 86
81 25
81 26
81 60
81 63
82 64
82 68
82 31
83 64
83 68
84 64
84 34
84 68
84 38
84 18
84 60
84 31
85 6
85 11
85 77
85 82
85 20
85 57
86 2
86 69
86 39
86 72
86 42
86 66
86 14
86 81
86 51
86 55
86 56
86 61
87 1
87 7
87 16
87 22
87 24
87 32
87 33
87 35
87 37
87 40
87 45
87 48
87 49
87 52
87 53
87 54
87 59
87 62
87 70
87 71
87 73
87 74
87 85
87 88
88 34
88 38
88 41
88 50
88 18
88 86
88 31
88 60
88 63
