88
1 64
1 3
1 4
1 9
1 80
1 35
1 56
1 68
1 26
1 63
2 11
2 37
2 70
2 7
2 41
2 75
2 59
2 77
2 45
2 81
2 21
2 54
2 87
2 88
2 25
2 58
2 47
2 43
2 62
3 69
3 19
3 20
3 85
3 61
3 53
4 69
4 8
4 14
4 51
4 52
4 53
4 57
4 20
5 2
6 65
6 38
6 14
6 52
6 23
6 57
6 27
6 31
7 65
7 38
7 39
7 28
7 71
7 44
7 14
7 23
7 27
7 60
7 31
8 64
8 3
8 68
8 9
8 78
8 80
8 46
8 22
8 56
8 4
8 26
9 65
9 27
9 38
9 39
9 28
9 11
9 44
9 45
9 71
9 43
9 21
9 54
9 58
9 59
9 60
10 33
10 4
10 40
10 76
10 13
10 46
10 16
10 82
10 78
10 22
11 67
11 37
11 70
11 7
11 41
11 42
11 75
11 24
11 45
11 77
11 47
11 81
11 21
11 43
11 87
11 88
11 25
11 58
11 59
11 62
12 64
12 66
12 3
12 68
12 9
12 74
12 79
12 80
12 49
12 35
12 56
12 26
12 63
13 64
13 3
13 4
13 9
13 80
13 35
13 56
13 68
13 26
13 63
14 11
14 37
14 70
14 7
14 41
14 42
14 75
14 45
14 77
14 47
14 81
14 21
14 43
14 87
14 88
14 25
14 58
14 59
14 62
16 5
17 69
17 8
17 14
17 51
17 52
17 53
17 57
17 20
18 1
20 65
20 38
20 39
20 28
20 71
20 44
20 54
20 23
20 27
20 60
20 31
21 67
21 37
21 70
21 7
21 72
21 73
21 42
21 12
21 77
21 47
21 81
21 83
21 62
21 87
21 24
21 25
21 49
21 88
22 64
22 66
22 3
22 68
22 9
22 74
22 79
22 80
22 49
22 35
22 56
22 26
22 63
24 61
24 19
24 85
24 69
25 65
25 11
25 37
25 39
25 41
25 71
25 44
25 45
25 28
25 27
25 43
25 75
25 21
25 54
25 58
25 59
25 60
26 33
26 4
26 40
26 80
26 13
26 78
26 16
26 46
26 22
26 56
27 65
27 11
27 37
27 39
27 41
27 71
27 44
27 45
27 28
27 43
27 75
27 21
27 54
27 58
27 59
27 60
28 64
28 66
28 3
28 68
28 9
28 74
28 83
28 79
28 80
28 49
28 35
28 56
28 26
28 63
29 64
29 66
29 3
29 68
29 72
29 9
29 74
29 83
29 12
29 79
29 49
29 35
29 26
29 63
31 8
31 53
31 20
31 85
31 69
32 38
32 14
32 51
32 52
32 23
32 57
32 31
33 65
33 38
33 14
33 52
33 23
33 57
33 27
33 31
34 11
34 37
34 70
34 7
34 41
34 75
34 44
34 77
34 45
34 81
34 43
34 21
34 54
34 87
34 88
34 25
34 58
34 47
34 59
34 62
35 8
35 51
35 20
35 69
35 53
36 11
36 37
36 70
36 7
36 41
36 75
36 44
36 77
36 45
36 81
36 43
36 21
36 54
36 87
36 88
36 25
36 58
36 47
36 60
36 59
36 62
37 19
37 85
37 61
38 64
38 66
38 3
38 68
38 72
38 9
38 74
38 83
38 12
38 79
38 80
38 49
38 35
38 56
38 26
38 63
39 8
39 53
39 20
39 85
39 69
40 69
40 8
40 14
40 51
40 52
40 53
40 57
40 20
41 8
41 51
41 20
41 69
41 53
42 69
42 8
42 14
42 51
42 52
42 53
42 57
42 20
43 11
43 37
43 70
43 7
43 41
43 39
43 44
43 45
43 28
43 47
43 71
43 81
43 75
43 21
43 54
43 87
43 25
43 58
43 59
43 60
43 62
44 64
44 80
44 3
44 4
44 40
44 9
44 78
44 16
44 46
44 22
44 56
44 68
44 26
45 10
47 65
47 27
47 38
47 39
47 41
47 11
47 44
47 45
47 28
47 71
47 43
47 21
47 54
47 58
47 59
47 60
48 67
48 37
48 70
48 7
48 41
48 42
48 75
48 12
48 77
48 47
48 81
48 62
48 73
48 24
48 25
48 87
48 88
49 19
49 85
49 61
50 35
50 66
50 67
50 72
50 9
50 74
50 83
50 12
50 79
50 49
50 3
50 73
50 24
50 26
50 63
51 64
51 66
51 3
51 68
51 9
51 74
51 79
51 80
51 49
51 35
51 56
51 26
51 63
52 19
52 85
52 61
53 61
53 19
53 85
53 69
54 67
54 37
54 70
54 7
54 72
54 73
54 42
54 12
54 77
54 47
54 81
54 83
54 62
54 87
54 24
54 25
54 49
54 88
55 10
56 65
56 75
56 39
56 41
56 11
56 44
56 45
56 28
56 27
56 43
56 21
56 54
56 71
56 59
56 60
56 58
57 10
58 11
58 37
58 70
58 7
58 41
58 42
58 75
58 43
58 45
58 77
58 47
58 81
58 21
58 24
58 87
58 88
58 25
58 59
58 62
59 33
59 34
59 50
59 36
59 76
59 13
59 82
59 86
59 29
60 69
60 8
60 57
60 14
60 51
60 52
60 53
60 23
60 20
61 66
61 35
61 72
61 73
61 42
61 83
61 12
61 79
61 49
61 67
61 24
61 88
61 74
61 63
62 69
62 8
62 14
62 51
62 52
62 53
62 57
62 20
63 69
63 19
63 20
63 85
63 61
63 53
64 66
64 67
64 49
64 70
64 7
64 72
64 73
64 42
64 12
64 77
64 47
64 81
64 83
64 62
64 87
64 24
64 25
64 79
64 74
64 88
65 7
65 11
65 21
65 25
65 37
65 39
65 41
65 43
65 44
65 45
65 47
65 54
65 58
65 59
65 60
65 62
65 70
65 71
65 75
65 77
65 81
65 87
66 38
66 8
66 14
66 51
66 52
66 23
66 57
66 31
67 65
67 38
67 14
67 52
67 23
67 57
67 27
67 28
67 31
68 66
68 35
68 72
68 73
68 42
68 83
68 12
68 77
68 79
68 49
68 67
68 24
68 88
68 74
68 63
70 69
70 8
70 14
70 51
70 52
70 53
70 57
70 20
71 69
71 8
71 19
71 20
71 85
71 61
71 53
72 69
72 8
72 19
72 20
72 85
72 61
72 53
73 69
73 19
73 20
73 85
73 61
73 53
74 8
74 51
74 20
74 69
74 53
75 71
75 37
75 70
75 39
75 41
75 11
75 44
75 45
75 28
75 47
75 81
75 21
75 54
75 87
75 7
75 58
75 59
75 60
75 43
76 11
76 37
76 70
76 7
76 41
76 75
76 44
76 77
76 45
76 81
76 43
76 21
76 54
76 87
76 88
76 25
76 58
76 47
76 59
76 62
77 65
77 38
77 39
77 28
77 71
77 44
77 54
77 23
77 27
77 60
77 31
78 69
78 8
78 14
78 51
78 52
78 53
78 57
78 20
79 11
79 37
79 70
79 7
79 41
79 75
79 59
79 77
79 45
79 81
79 21
79 54
79 87
79 88
79 25
79 58
79 47
79 43
79 62
80 11
80 37
80 70
80 7
80 41
80 42
80 75
80 43
80 45
80 77
80 47
80 81
80 21
80 24
80 87
80 88
80 25
80 58
80 59
80 62
83 10
84 65
84 38
84 39
84 28
84 71
84 44
84 54
84 23
84 27
84 60
84 31
85 33
85 34
85 36
85 86
85 40
85 76
85 13
85 46
85 16
85 82
85 78
85 22
86 65
86 38
86 39
86 71
86 14
86 23
86 57
86 27
86 28
86 31
87 67
87 37
87 70
87 7
87 41
87 42
87 75
87 43
87 45
87 77
87 47
87 11
87 81
87 21
87 24
87 73
87 88
87 25
87 58
87 59
87 62
88 64
88 66
88 3
88 68
88 72
88 9
88 74
88 83
88 79
88 80
88 49
88 35
88 56
88 26
88 63
