88
1 79
1 33
1 66
1 36
1 5
1 10
1 77
1 14
1 15
1 82
1 51
1 22
1 27
1 74
2 32
2 65
2 34
2 3
2 5
2 6
2 7
2 74
2 11
2 44
2 14
2 79
2 46
2 22
2 88
2 15
3 64
3 65
3 34
3 35
3 32
3 37
3 6
3 7
3 40
3 9
3 43
3 44
3 46
3 47
3 48
3 83
3 88
3 71
3 70
4 64
4 1
4 35
4 32
4 37
4 70
4 7
4 40
4 9
4 43
4 47
4 48
4 83
4 73
4 23
4 71
4 62
5 2
5 39
5 75
5 17
5 20
5 86
5 56
5 52
5 61
5 30
5 63
6 41
6 42
6 45
6 80
6 87
6 24
6 31
7 33
7 66
7 67
7 36
7 10
7 76
7 77
7 59
7 51
7 55
7 27
8 41
8 42
8 45
8 80
8 21
8 87
8 24
8 25
8 31
9 1
9 35
9 37
9 40
9 41
9 23
9 78
9 83
9 85
9 73
9 25
9 31
9 53
9 62
9 21
10 81
10 84
10 54
11 64
11 65
11 34
11 35
11 32
11 37
11 6
11 7
11 40
11 9
11 43
11 44
11 46
11 47
11 48
11 83
11 88
11 71
11 70
12 32
12 65
12 34
12 3
12 5
12 6
12 7
12 74
12 11
12 44
12 14
12 15
12 48
12 43
12 46
12 22
12 88
12 71
12 47
13 64
13 1
13 35
13 32
13 37
13 70
13 7
13 40
13 9
13 43
13 47
13 48
13 83
13 73
13 23
13 71
14 72
14 42
14 45
14 80
14 50
14 87
14 24
14 57
14 26
15 33
15 66
15 36
15 5
15 10
15 77
15 79
15 82
15 51
15 27
15 74
19 8
20 8
20 81
20 54
21 65
21 34
21 3
21 36
21 5
21 6
21 7
21 74
21 11
21 44
21 77
21 14
21 15
21 82
21 46
21 22
21 88
21 79
22 69
22 38
22 72
22 29
22 49
22 50
22 57
22 58
22 26
23 64
23 32
23 34
23 35
23 37
23 6
23 7
23 40
23 9
23 43
23 44
23 46
23 47
23 48
23 83
23 73
23 88
23 71
23 70
24 64
24 1
24 35
24 32
24 37
24 70
24 7
24 40
24 9
24 43
24 46
24 47
24 48
24 83
24 73
24 23
24 71
25 1
25 35
25 37
25 70
25 40
25 9
25 23
25 78
25 83
25 85
25 73
25 53
25 62
25 21
26 49
26 58
26 29
26 38
26 69
27 8
29 32
29 65
29 34
29 3
29 5
29 6
29 7
29 74
29 11
29 44
29 14
29 79
29 46
29 22
29 88
29 15
30 64
30 1
30 35
30 32
30 37
30 70
30 7
30 40
30 9
30 43
30 46
30 47
30 48
30 83
30 73
30 23
30 71
31 1
31 35
31 37
31 70
31 40
31 9
31 23
31 78
31 83
31 85
31 73
31 41
31 25
31 53
31 62
31 21
32 72
32 42
32 45
32 80
32 49
32 50
32 57
32 26
33 64
33 65
33 34
33 3
33 32
33 5
33 6
33 7
33 74
33 11
33 44
33 14
33 15
33 48
33 43
33 46
33 22
33 88
33 71
33 47
34 49
34 58
34 29
34 38
34 69
35 64
35 65
35 34
35 3
35 32
35 5
35 6
35 7
35 74
35 11
35 44
35 14
35 15
35 48
35 43
35 46
35 22
35 88
35 71
35 47
35 70
36 64
36 1
36 35
36 37
36 70
36 40
36 9
36 23
36 78
36 83
36 85
36 73
36 25
36 53
36 62
36 21
37 32
37 65
37 34
37 3
37 5
37 6
37 7
37 74
37 11
37 44
37 14
37 79
37 46
37 22
37 88
37 15
38 1
38 35
38 37
38 40
38 9
38 23
38 78
38 83
38 85
38 73
38 41
38 25
38 53
38 62
38 21
39 69
39 38
39 72
39 29
39 80
39 49
39 50
39 57
39 58
39 26
40 72
40 42
40 45
40 80
40 50
40 87
40 24
40 57
40 26
41 42
41 45
41 80
41 87
41 24
41 25
41 31
42 69
42 38
42 72
42 29
42 49
42 50
42 57
42 58
42 26
43 1
43 35
43 37
43 40
43 9
43 23
43 78
43 83
43 85
43 73
43 41
43 25
43 53
43 62
43 21
44 49
44 58
44 29
44 38
44 69
45 1
45 35
45 41
45 23
45 78
45 85
45 73
45 9
45 25
45 31
45 53
45 62
45 21
46 41
46 42
46 45
46 21
46 87
46 24
46 25
46 31
46 85
47 64
47 1
47 35
47 37
47 70
47 40
47 9
47 23
47 78
47 83
47 85
47 73
47 53
47 62
47 21
48 41
48 42
48 45
48 80
48 21
48 87
48 24
48 25
48 31
49 33
49 66
49 67
49 36
49 10
49 76
49 77
49 79
49 59
49 82
49 51
49 55
49 27
50 75
50 17
50 18
50 52
50 56
50 59
50 30
51 33
51 66
51 67
51 36
51 10
51 76
51 77
51 59
51 82
51 55
51 27
52 84
52 69
52 38
52 29
53 49
53 58
53 29
53 38
53 69
54 64
54 32
54 34
54 35
54 37
54 70
54 7
54 40
54 9
54 43
54 44
54 46
54 47
54 48
54 88
54 83
54 73
54 23
54 71
55 81
55 84
55 54
56 41
56 42
56 45
56 80
56 21
56 87
56 24
56 25
56 31
57 72
57 42
57 45
57 80
57 50
57 87
57 24
57 26
58 42
58 45
58 80
58 87
58 24
58 26
58 31
60 12
60 13
61 72
61 42
61 45
61 80
61 50
61 87
61 24
61 57
61 26
62 8
63 64
63 32
63 34
63 35
63 37
63 70
63 7
63 40
63 9
63 43
63 46
63 47
63 48
63 83
63 73
63 23
63 71
64 81
64 84
64 54
65 1
65 35
65 37
65 9
65 23
65 78
65 83
65 85
65 73
65 41
65 25
65 31
65 53
65 62
65 21
67 69
67 38
67 72
67 49
67 50
67 57
67 58
67 29
68 58
68 84
68 69
68 38
68 29
69 72
69 29
69 80
69 49
69 50
69 57
69 58
69 26
70 42
70 45
70 80
70 87
70 24
70 26
70 31
71 72
71 42
71 45
71 80
71 50
71 87
71 24
71 57
71 26
72 64
72 1
72 35
72 32
72 37
72 70
72 7
72 40
72 9
72 43
72 46
72 47
72 48
72 83
72 73
72 23
72 71
73 32
73 65
73 34
73 3
73 5
73 6
73 7
73 74
73 11
73 44
73 14
73 79
73 46
73 22
73 88
73 15
74 72
74 42
74 45
74 80
74 50
74 87
74 24
74 57
74 26
75 81
75 84
75 54
76 81
76 84
76 54
77 72
77 42
77 45
77 80
77 50
77 87
77 24
77 57
77 26
78 69
78 38
78 72
78 29
78 80
78 49
78 50
78 57
78 58
78 26
79 1
79 35
79 37
79 9
79 23
79 78
79 85
79 73
79 41
79 25
79 31
79 53
79 62
79 21
80 72
80 42
80 45
80 50
80 87
80 24
80 57
80 26
81 67
81 75
81 17
81 18
81 52
81 56
81 59
81 30
83 64
83 1
83 35
83 37
83 70
83 40
83 9
83 43
83 78
83 47
83 85
83 73
83 23
83 53
83 62
83 21
84 1
84 35
84 37
84 9
84 23
84 78
84 85
84 73
84 41
84 25
84 31
84 53
84 62
84 21
85 69
85 38
85 49
85 84
85 58
85 29
86 2
86 75
86 17
86 18
86 52
86 56
86 61
86 30
87 64
87 1
87 35
87 32
87 37
87 70
87 7
87 40
87 9
87 43
87 47
87 48
87 83
87 73
87 23
87 71
87 62
88 64
88 32
88 34
88 35
88 37
88 70
88 7
88 40
88 9
88 43
88 44
88 46
88 47
88 48
88 83
88 73
88 23
88 71
