88
1 32
1 66
1 69
1 70
1 71
1 41
1 50
1 84
1 21
1 55
1 58
2 1
2 38
2 45
2 47
2 16
2 23
3 32
3 33
3 34
3 67
3 69
3 70
3 40
3 9
3 55
3 44
3 66
3 14
3 73
3 80
3 50
3 84
3 22
3 41
3 56
3 25
3 63
4 68
4 72
4 10
4 46
4 48
4 83
4 54
4 57
4 26
4 28
4 62
4 31
5 36
5 7
5 75
5 79
5 20
5 53
5 87
5 63
6 68
6 72
6 77
6 83
6 21
6 88
6 58
6 60
6 31
7 32
7 33
7 66
7 67
7 69
7 70
7 71
7 40
7 9
7 55
7 44
7 14
7 80
7 50
7 84
7 22
7 41
7 56
7 25
8 49
9 33
9 34
9 67
9 70
9 40
9 73
9 44
9 66
9 14
9 80
9 50
9 20
9 22
9 56
9 25
9 63
10 64
10 35
10 36
10 5
10 39
10 11
10 79
10 75
10 53
10 87
10 7
11 64
11 36
11 5
11 39
11 75
11 79
11 20
11 53
11 87
11 7
11 63
12 3
12 4
12 43
12 52
12 61
12 30
13 68
13 37
13 72
13 10
13 46
13 48
13 83
13 54
13 57
13 26
13 28
13 62
14 33
14 34
14 67
14 7
14 40
14 9
14 87
14 44
14 66
14 80
14 20
14 53
14 22
14 73
14 56
14 25
14 63
15 68
15 72
15 28
15 10
15 77
15 48
15 83
15 88
15 57
15 26
15 60
15 31
16 37
16 72
16 10
16 46
16 48
16 83
16 54
16 57
16 26
16 28
16 62
17 64
17 35
17 36
17 5
17 39
17 11
17 79
17 75
17 87
18 17
19 68
19 72
19 77
19 83
19 21
19 88
19 58
19 60
19 31
20 32
20 33
20 34
20 67
20 69
20 70
20 71
20 40
20 9
20 55
20 44
20 66
20 14
20 73
20 80
20 50
20 84
20 22
20 41
20 56
20 25
21 35
21 4
21 43
21 52
21 27
21 30
22 1
22 38
22 16
22 82
22 23
22 24
23 15
23 51
23 61
23 6
23 13
24 49
24 2
24 29
24 65
25 49
25 2
25 29
25 65
26 64
26 35
26 39
26 11
26 52
26 27
26 30
27 33
27 34
27 67
27 7
27 40
27 9
27 87
27 44
27 14
27 80
27 20
27 53
27 22
27 73
27 56
27 25
27 63
28 4
28 3
28 52
28 61
28 43
29 37
29 8
29 42
29 76
29 78
29 46
29 54
29 74
29 62
29 85
30 1
30 38
30 45
30 47
30 16
30 23
31 1
31 38
31 45
31 47
31 16
31 23
32 33
32 34
32 67
32 7
32 40
32 9
32 44
32 66
32 14
32 80
32 50
32 20
32 53
32 22
32 73
32 56
32 25
32 63
33 34
33 67
33 69
33 70
33 40
33 9
33 44
33 66
33 14
33 73
33 80
33 50
33 20
33 22
33 41
33 56
33 84
33 25
33 63
34 32
34 66
34 69
34 70
34 71
34 41
34 50
34 84
34 21
34 55
34 58
35 1
35 38
35 45
35 47
35 16
35 23
36 68
36 72
36 28
36 10
36 77
36 46
36 48
36 83
36 54
36 88
36 57
36 26
36 60
36 31
37 36
37 5
37 7
37 73
37 75
37 79
37 20
37 53
37 87
37 63
38 3
38 6
38 13
38 15
38 51
38 61
39 34
39 67
39 5
39 7
39 40
39 73
39 75
39 44
39 20
39 53
39 22
39 87
39 56
39 25
39 63
40 35
40 43
40 11
40 52
40 27
40 30
41 33
41 34
41 67
41 7
41 40
41 9
41 87
41 44
41 66
41 14
41 80
41 20
41 53
41 22
41 73
41 56
41 25
41 63
42 32
42 33
42 34
42 67
42 69
42 70
42 71
42 40
42 9
42 55
42 44
42 66
42 14
42 73
42 80
42 50
42 84
42 22
42 41
42 56
42 25
43 32
43 69
43 70
43 71
43 41
43 84
43 21
43 55
43 58
44 64
44 35
44 36
44 5
44 39
44 11
44 79
44 75
44 27
45 3
45 4
45 43
45 52
45 27
45 30
46 64
46 35
46 39
46 11
46 52
46 27
46 30
47 37
47 8
47 10
47 46
47 48
47 54
47 57
47 26
47 28
47 42
47 62
48 68
48 72
48 28
48 10
48 77
48 46
48 83
48 54
48 88
48 57
48 26
48 60
48 31
49 68
49 72
49 28
49 10
49 77
49 46
49 48
49 83
49 54
49 88
49 57
49 26
49 60
49 31
50 34
50 5
50 7
50 73
50 75
50 44
50 79
50 20
50 53
50 87
50 63
51 32
51 33
51 66
51 69
51 70
51 71
51 9
51 55
51 14
51 80
51 50
51 84
51 21
51 41
51 25
52 65
52 29
53 32
53 33
53 66
53 69
53 70
53 71
53 40
53 9
53 55
53 14
53 80
53 50
53 84
53 22
53 41
53 56
53 25
54 38
54 45
54 78
54 47
54 16
54 23
55 24
55 1
55 82
56 32
56 33
56 66
56 69
56 70
56 71
56 9
56 55
56 14
56 80
56 50
56 84
56 21
56 41
57 3
57 4
57 6
57 13
57 15
57 51
57 61
58 68
58 72
58 10
58 46
58 48
58 83
58 54
58 57
58 26
58 28
58 62
58 31
60 33
60 34
60 67
60 7
60 40
60 9
60 87
60 44
60 14
60 80
60 20
60 53
60 22
60 73
60 56
60 25
60 63
61 64
61 35
61 36
61 5
61 39
61 11
61 79
61 75
61 53
61 87
61 7
62 64
62 35
62 39
62 43
62 11
62 52
62 27
62 30
63 34
63 67
63 5
63 7
63 73
63 75
63 44
63 79
63 20
63 53
63 22
63 87
64 34
64 67
64 5
64 7
64 40
64 73
64 75
64 44
64 20
64 53
64 22
64 87
64 56
64 25
64 63
65 33
65 34
65 67
65 70
65 7
65 40
65 9
65 44
65 66
65 14
65 80
65 50
65 20
65 22
65 73
65 56
65 25
65 63
66 33
66 34
66 67
66 7
66 40
66 9
66 44
66 14
66 80
66 50
66 20
66 53
66 22
66 73
66 56
66 25
66 63
67 3
67 4
67 43
67 52
67 61
67 30
68 3
68 4
68 6
68 43
68 15
68 61
69 32
69 33
69 66
69 70
69 71
69 9
69 55
69 14
69 80
69 50
69 84
69 21
69 41
69 25
70 35
70 43
70 11
70 52
70 27
70 30
71 34
71 67
71 5
71 7
71 73
71 75
71 44
71 79
71 20
71 53
71 22
71 87
71 63
72 32
72 71
72 77
72 21
72 55
72 88
72 58
72 60
72 31
73 64
73 35
73 36
73 39
73 11
73 79
73 27
73 30
74 3
74 6
74 13
74 15
74 51
74 61
75 65
75 29
76 49
76 2
76 29
76 65
77 68
77 72
77 83
77 21
77 88
77 58
77 60
77 31
78 32
78 69
78 71
78 77
78 21
78 55
78 88
78 58
78 60
79 32
79 71
79 77
79 21
79 55
79 88
79 58
79 60
79 31
80 37
80 72
80 10
80 46
80 48
80 83
80 54
80 57
80 26
80 28
80 62
81 36
81 5
81 7
81 75
81 79
81 20
81 53
81 87
81 63
82 64
82 35
82 36
82 39
82 11
82 79
82 27
82 30
83 64
83 35
83 36
83 5
83 39
83 11
83 79
83 75
83 53
83 87
84 27
84 4
84 43
84 52
84 30
85 37
85 72
85 10
85 46
85 48
85 83
85 54
85 57
85 26
85 28
85 62
86 65
86 51
86 13
86 6
87 68
87 72
87 28
87 10
87 77
87 48
87 83
87 88
87 57
87 58
87 60
87 26
87 31
88 32
88 66
88 69
88 70
88 71
88 41
88 14
88 80
88 50
88 84
88 21
88 55
