88
1 3
1 10
1 14
1 15
1 19
1 20
1 23
1 25
1 26
1 34
1 39
1 40
1 52
1 55
1 62
1 67
1 68
1 73
1 78
1 85
1 86
1 88
2 69
2 11
2 77
2 56
2 50
2 24
2 5
3 64
3 65
3 59
3 84
3 32
4 69
4 43
4 77
4 47
4 17
4 24
4 5
5 34
5 3
5 39
5 75
5 14
5 15
5 80
5 19
5 20
5 78
5 55
5 23
5 52
5 62
6 69
6 43
6 47
6 17
6 24
6 58
6 5
7 35
7 37
7 38
7 42
7 43
7 47
7 17
7 54
7 58
7 27
7 31
8 3
8 10
8 14
8 15
8 19
8 20
8 23
8 25
8 26
8 34
8 39
8 40
8 44
8 55
8 62
8 63
8 67
8 68
8 73
8 78
8 85
8 86
8 88
9 1
9 66
9 35
9 4
9 37
9 38
9 7
9 42
9 71
9 13
9 79
9 53
9 54
9 58
9 27
9 70
9 31
10 1
10 2
10 4
10 7
10 9
10 12
10 13
10 25
10 30
10 33
10 38
10 40
10 44
10 48
10 53
10 54
10 57
10 60
10 63
10 66
10 70
10 71
10 72
10 73
10 74
10 79
10 86
10 87
10 88
11 1
11 66
11 35
11 4
11 37
11 38
11 7
11 42
11 71
11 13
11 79
11 53
11 54
11 87
11 27
11 70
11 30
11 31
12 49
12 50
12 46
12 82
12 22
13 5
13 11
13 77
13 56
13 24
13 69
14 2
14 3
14 9
14 10
14 12
14 20
14 23
14 25
14 26
14 30
14 33
14 34
14 40
14 44
14 48
14 57
14 60
14 62
14 63
14 67
14 68
14 72
14 73
14 74
14 85
14 86
14 87
14 88
15 1
15 2
15 4
15 7
15 13
15 27
15 30
15 31
15 33
15 35
15 38
15 48
15 53
15 54
15 57
15 60
15 66
15 70
15 71
15 74
15 79
15 87
16 36
16 75
16 76
16 80
16 18
16 52
16 61
18 81
18 45
19 2
19 9
19 10
19 12
19 13
19 20
19 25
19 26
19 30
19 33
19 40
19 44
19 48
19 57
19 60
19 63
19 66
19 67
19 68
19 72
19 73
19 74
19 79
19 85
19 86
19 87
19 88
20 65
20 6
20 8
20 51
20 28
20 29
22 32
22 65
22 6
22 64
22 51
22 59
22 29
25 65
25 6
25 8
25 51
25 28
25 29
26 32
26 65
26 6
26 64
26 51
26 59
26 29
27 1
27 66
27 35
27 4
27 37
27 38
27 7
27 42
27 71
27 13
27 79
27 53
27 54
27 58
27 70
27 31
28 37
28 42
28 43
28 47
28 17
28 58
28 5
29 80
29 36
29 75
29 76
29 14
29 15
29 16
29 18
29 52
29 78
29 61
30 49
30 82
30 46
31 1
31 35
31 37
31 38
31 7
31 42
31 43
31 47
31 17
31 53
31 54
31 58
31 27
31 70
32 1
32 66
32 35
32 4
32 33
32 38
32 7
32 42
32 71
32 13
32 79
32 48
32 53
32 54
32 87
32 70
32 57
32 27
32 60
32 30
32 31
33 34
33 3
33 39
33 75
33 14
33 15
33 80
33 19
33 20
33 78
33 55
33 23
33 52
33 61
33 62
34 64
34 32
34 36
34 76
34 16
34 18
34 84
34 59
34 61
35 19
35 34
35 67
35 68
35 39
35 40
35 23
35 14
35 15
35 3
35 20
35 78
35 86
35 55
35 25
35 26
35 52
35 62
35 85
36 39
36 75
36 76
36 78
36 15
36 80
36 18
36 52
36 14
36 55
36 61
37 2
37 3
37 9
37 10
37 12
37 19
37 20
37 23
37 25
37 26
37 33
37 34
37 39
37 40
37 44
37 48
37 57
37 60
37 62
37 63
37 67
37 68
37 72
37 73
37 74
37 85
37 86
37 88
38 19
38 34
38 67
38 68
38 39
38 40
38 10
38 23
38 14
38 15
38 3
38 20
38 78
38 86
38 55
38 88
38 25
38 26
38 52
38 62
38 85
39 1
39 66
39 35
39 4
39 37
39 38
39 7
39 42
39 71
39 13
39 79
39 53
39 54
39 58
39 27
39 70
39 31
40 64
40 32
40 59
40 84
40 16
42 65
42 6
42 8
42 51
42 28
42 29
43 69
43 47
43 17
43 24
43 58
43 5
44 1
44 66
44 35
44 4
44 37
44 38
44 7
44 42
44 71
44 13
44 79
44 53
44 54
44 58
44 27
44 70
44 31
46 19
46 34
46 67
46 68
46 39
46 23
46 14
46 15
46 80
46 3
46 20
46 78
46 55
46 52
46 26
46 62
46 85
47 80
47 36
47 75
47 76
47 14
47 15
47 16
47 18
47 52
47 78
47 55
47 61
48 64
48 32
48 76
48 16
48 84
48 59
49 1
49 66
49 35
49 4
49 37
49 38
49 7
49 42
49 43
49 13
49 79
49 71
49 53
49 54
49 58
49 27
49 70
49 31
51 3
51 10
51 14
51 15
51 19
51 20
51 23
51 25
51 26
51 34
51 39
51 40
51 44
51 55
51 62
51 63
51 67
51 68
51 73
51 78
51 85
51 86
51 88
52 36
52 76
52 16
52 18
52 84
52 61
53 1
53 66
53 35
53 4
53 37
53 38
53 7
53 42
53 71
53 13
53 79
53 54
53 87
53 27
53 70
53 30
53 31
55 32
55 65
55 6
55 64
55 51
55 28
55 29
56 8
56 28
56 29
56 6
57 64
57 32
57 59
57 84
59 1
59 66
59 35
59 4
59 37
59 38
59 7
59 42
59 43
59 13
59 79
59 71
59 53
59 54
59 58
59 27
59 70
59 31
60 36
60 39
60 75
60 76
60 14
60 15
60 80
60 18
60 52
60 78
60 55
60 61
61 80
61 36
61 75
61 76
61 14
61 15
61 16
61 18
61 52
61 78
61 55
62 65
62 6
62 8
62 51
62 28
62 29
63 65
63 6
63 8
63 51
63 28
63 29
64 1
64 66
64 35
64 4
64 37
64 38
64 7
64 42
64 71
64 13
64 79
64 53
64 54
64 27
64 70
64 31
65 8
65 28
65 29
65 6
68 2
68 9
68 10
68 12
68 20
68 23
68 25
68 26
68 30
68 33
68 34
68 40
68 44
68 48
68 57
68 60
68 62
68 63
68 67
68 72
68 73
68 74
68 85
68 86
68 87
68 88
71 3
71 36
71 39
71 75
71 14
71 15
71 80
71 19
71 52
71 78
71 55
71 61
73 36
73 76
73 16
73 18
73 84
73 61
74 65
74 6
74 8
74 51
74 28
74 29
75 3
75 10
75 14
75 15
75 19
75 20
75 23
75 25
75 26
75 34
75 39
75 40
75 44
75 55
75 62
75 63
75 67
75 68
75 72
75 73
75 85
75 86
75 88
76 1
76 66
76 35
76 4
76 37
76 38
76 7
76 42
76 43
76 13
76 79
76 71
76 53
76 54
76 58
76 27
76 70
76 31
77 36
77 75
77 76
77 16
77 18
77 84
77 61
78 36
78 75
78 76
78 16
78 18
78 84
78 61
79 32
79 65
79 6
79 64
79 51
79 59
79 29
80 36
80 75
80 76
80 16
80 18
80 61
83 64
83 65
83 59
83 84
83 32
85 64
85 32
85 59
85 84
86 3
86 36
86 39
86 75
86 14
86 15
86 80
86 19
86 52
86 78
86 55
86 61
86 62
87 1
87 66
87 35
87 4
87 37
87 38
87 7
87 42
87 71
87 13
87 79
87 53
87 54
87 27
87 70
87 30
87 31
88 2
88 9
88 10
88 12
88 20
88 23
88 25
88 26
88 30
88 33
88 34
88 40
88 44
88 48
88 57
88 60
88 62
88 63
88 67
88 68
88 72
88 73
88 74
88 79
88 85
88 86
88 87
