88
1 4
1 5
1 38
1 71
1 72
1 55
1 77
1 14
1 86
1 23
1 57
1 70
1 29
1 69
2 36
2 5
2 38
2 72
2 55
2 77
2 21
2 23
2 4
2 58
2 70
3 4
3 5
3 38
3 71
3 72
3 55
3 77
3 14
3 21
3 86
3 23
3 57
3 70
3 29
3 69
4 69
4 70
4 71
4 74
4 77
4 14
4 86
4 55
4 57
4 29
5 1
5 6
5 11
5 17
5 19
5 20
5 31
5 41
5 44
5 45
5 46
5 47
5 54
5 56
5 62
5 63
5 64
5 73
5 78
5 79
5 82
5 88
6 10
6 12
6 50
7 24
7 50
7 36
7 58
8 10
8 12
9 32
9 33
9 66
9 35
9 37
9 65
9 80
9 42
9 46
9 48
9 49
9 53
9 22
9 87
9 26
9 59
9 62
10 64
10 69
10 6
10 71
10 31
10 41
10 74
10 11
10 44
10 14
10 47
10 17
10 19
10 86
10 56
10 57
10 54
10 29
10 88
10 63
11 36
11 5
11 38
11 72
11 55
11 77
11 21
11 23
11 4
11 58
11 70
12 24
12 50
12 36
12 58
13 36
13 5
13 38
13 72
13 50
13 21
13 23
13 24
13 4
13 58
14 4
14 5
14 38
14 71
14 72
14 55
14 77
14 21
14 86
14 23
14 57
14 70
14 29
14 69
17 33
17 7
17 49
17 51
17 52
17 22
17 25
17 59
17 61
17 30
18 69
18 70
18 71
18 41
18 74
18 11
18 14
18 47
18 56
18 19
18 54
18 88
18 57
18 86
18 29
18 31
19 1
19 66
19 35
19 65
19 80
19 73
19 42
19 45
19 46
19 79
19 48
19 17
19 82
19 20
19 78
19 87
19 63
19 62
19 53
20 4
20 69
20 70
20 71
20 72
20 55
20 77
20 14
20 86
20 23
20 57
20 38
20 29
21 32
21 33
21 37
21 7
21 49
21 52
21 22
21 25
21 26
21 59
21 61
21 30
22 24
22 10
22 50
22 36
22 58
23 1
23 66
23 35
23 65
23 80
23 42
23 46
23 79
23 48
23 82
23 20
23 78
23 87
23 62
23 53
24 10
24 12
24 50
25 83
25 39
25 7
25 51
25 52
25 61
25 30
26 4
26 5
26 38
26 71
26 72
26 55
26 77
26 14
26 86
26 23
26 57
26 70
26 29
26 69
27 3
27 12
28 3
28 12
29 1
29 6
29 17
29 20
29 31
29 35
29 41
29 44
29 45
29 46
29 47
29 48
29 54
29 56
29 62
29 63
29 64
29 66
29 73
29 78
29 79
29 82
29 87
29 88
30 64
30 1
30 6
30 41
30 74
30 11
30 44
30 45
30 47
30 17
30 82
30 19
30 54
30 73
30 56
30 88
30 31
30 63
31 69
31 70
31 71
31 74
31 11
31 14
31 19
31 86
31 55
31 88
31 57
31 29
32 24
32 10
32 50
32 58
33 32
33 65
33 66
33 35
33 37
33 80
33 42
33 48
33 49
33 52
33 53
33 22
33 87
33 25
33 26
33 59
34 3
34 12
35 4
35 5
35 38
35 71
35 72
35 55
35 77
35 14
35 21
35 86
35 23
35 57
35 70
35 29
35 69
36 4
36 5
36 38
36 72
36 55
36 77
36 14
36 21
36 86
36 23
36 57
36 70
36 29
36 69
37 69
37 70
37 71
37 74
37 77
37 14
37 86
37 55
37 57
37 29
38 32
38 33
38 66
38 35
38 37
38 65
38 80
38 42
38 48
38 49
38 52
38 53
38 22
38 87
38 26
38 59
38 62
39 4
39 5
39 38
39 71
39 72
39 55
39 77
39 14
39 21
39 86
39 23
39 57
39 70
39 29
39 69
40 3
40 12
41 10
41 12
42 4
42 5
42 38
42 71
42 72
42 55
42 77
42 14
42 21
42 86
42 23
42 57
42 70
42 29
42 69
43 10
43 12
44 64
44 1
44 6
44 71
44 41
44 74
44 11
44 45
44 47
44 17
44 82
44 19
44 54
44 73
44 56
44 88
44 31
44 63
45 24
45 50
45 36
45 58
46 24
46 10
46 12
46 50
47 4
47 5
47 38
47 71
47 72
47 55
47 77
47 14
47 21
47 86
47 23
47 57
47 70
47 29
47 69
48 4
48 5
48 38
48 71
48 72
48 55
48 77
48 14
48 86
48 23
48 57
48 70
48 29
48 69
49 24
49 50
49 36
49 58
50 24
50 10
50 12
51 36
51 5
51 38
51 72
51 50
51 21
51 23
51 24
51 58
52 36
52 5
52 38
52 72
52 55
52 77
52 21
52 23
52 24
52 4
52 58
52 70
53 24
53 50
53 36
53 58
54 64
54 69
54 6
54 71
54 41
54 74
54 11
54 44
54 14
54 47
54 88
54 19
54 86
54 56
54 57
54 29
54 31
55 3
55 12
56 36
56 5
56 38
56 72
56 50
56 21
56 23
56 24
56 4
56 58
57 24
57 50
57 36
57 58
58 32
58 33
58 37
58 65
58 42
58 80
58 49
58 52
58 53
58 22
58 25
58 26
58 59
58 30
59 10
59 3
59 12
60 2
61 36
61 5
61 38
61 72
61 55
61 77
61 21
61 23
61 4
61 58
61 70
62 3
62 12
63 1
63 6
63 11
63 17
63 19
63 20
63 31
63 35
63 41
63 44
63 45
63 46
63 47
63 48
63 54
63 56
63 62
63 64
63 66
63 73
63 78
63 79
63 82
63 87
63 88
64 69
64 70
64 71
64 41
64 74
64 11
64 14
64 56
64 19
64 86
64 88
64 57
64 29
64 31
65 39
65 7
65 51
65 52
65 25
65 61
65 30
66 10
66 3
66 12
67 64
67 1
67 6
67 41
67 74
67 11
67 44
67 45
67 47
67 17
67 82
67 19
67 54
67 73
67 56
67 88
67 31
67 63
68 24
68 50
68 36
68 58
69 4
69 5
69 38
69 71
69 72
69 55
69 77
69 14
69 21
69 86
69 23
69 57
69 70
69 29
70 64
70 1
70 6
70 31
70 41
70 74
70 11
70 44
70 45
70 78
70 47
70 17
70 82
70 19
70 20
70 54
70 73
70 56
70 88
70 79
70 63
71 24
71 50
71 36
71 58
72 1
72 66
72 35
72 65
72 80
72 42
72 46
72 79
72 48
72 82
72 20
72 78
72 87
72 62
72 53
73 4
73 5
73 38
73 71
73 72
73 55
73 77
73 14
73 86
73 23
73 57
73 70
73 29
73 69
74 69
74 70
74 71
74 41
74 11
74 14
74 56
74 19
74 86
74 55
74 88
74 57
74 29
74 31
75 1
75 6
75 11
75 17
75 19
75 20
75 31
75 35
75 41
75 44
75 45
75 46
75 47
75 48
75 54
75 56
75 62
75 63
75 64
75 66
75 73
75 78
75 79
75 82
75 87
75 88
76 3
76 12
77 36
77 5
77 38
77 72
77 55
77 21
77 23
77 4
77 58
77 70
78 4
78 5
78 38
78 72
78 55
78 77
78 14
78 21
78 86
78 23
78 36
78 58
78 70
79 1
79 66
79 35
79 65
79 80
79 73
79 42
79 45
79 46
79 48
79 17
79 82
79 20
79 78
79 87
79 63
79 62
79 53
80 24
80 10
80 50
80 58
82 36
82 5
82 38
82 72
82 55
82 77
82 21
82 23
82 24
82 4
82 58
82 70
83 64
83 1
83 6
83 41
83 74
83 11
83 44
83 45
83 47
83 17
83 82
83 19
83 54
83 73
83 56
83 88
83 31
83 63
84 10
84 3
84 12
85 2
86 24
86 10
86 50
86 58
87 24
87 50
87 36
87 58
88 64
88 69
88 6
88 71
88 31
88 41
88 74
88 11
88 44
88 47
88 17
88 19
88 86
88 56
88 57
88 54
88 29
88 63
