88
1 64
1 34
1 72
1 76
1 66
1 19
1 84
1 53
1 86
1 57
1 20
1 58
1 27
2 7
2 10
2 12
2 22
2 24
2 25
2 32
2 33
2 36
2 37
2 39
2 41
2 43
2 44
2 45
2 46
2 49
2 52
2 55
2 56
2 62
2 67
2 70
2 75
2 87
3 5
3 20
3 23
3 27
3 29
3 31
3 37
3 39
3 40
3 43
3 45
3 46
3 53
3 56
3 57
3 58
3 64
3 70
3 71
3 73
3 76
3 84
3 85
3 87
4 3
4 6
4 11
4 78
4 59
4 28
4 63
5 1
5 65
5 42
5 61
5 14
5 47
5 48
5 83
5 21
5 26
5 74
6 1
6 2
6 33
6 65
6 42
6 61
6 14
6 47
6 48
6 83
6 21
6 26
6 74
6 62
7 5
7 23
7 27
7 29
7 31
7 37
7 39
7 40
7 41
7 43
7 45
7 46
7 49
7 52
7 53
7 56
7 57
7 58
7 64
7 70
7 71
7 73
7 76
7 85
7 87
8 9
8 50
8 3
8 28
8 51
9 64
9 34
9 71
9 40
9 73
9 76
9 66
9 84
9 53
9 57
9 20
9 58
9 27
9 29
10 1
10 4
10 6
10 11
10 77
10 78
10 13
10 48
10 68
10 59
10 63
11 5
11 7
11 10
11 12
11 22
11 23
11 24
11 25
11 31
11 32
11 33
11 36
11 37
11 39
11 41
11 43
11 44
11 45
11 46
11 49
11 52
11 55
11 56
11 67
11 70
11 75
11 85
11 87
12 50
12 51
13 9
13 50
13 51
14 5
14 7
14 10
14 12
14 22
14 23
14 24
14 25
14 31
14 32
14 36
14 37
14 39
14 41
14 43
14 44
14 45
14 46
14 49
14 52
14 55
14 56
14 67
14 70
14 71
14 75
14 85
14 87
15 38
17 38
17 30
18 6
18 11
18 13
18 78
18 77
18 59
18 63
19 84
19 64
19 34
19 35
19 72
19 66
19 79
19 20
19 53
19 86
19 57
19 58
19 27
20 1
20 4
20 6
20 65
20 11
20 77
20 78
20 13
20 48
20 68
20 63
21 3
21 6
21 9
21 11
21 59
21 28
21 63
22 6
22 11
22 77
22 78
22 59
22 28
22 63
23 1
23 4
23 6
23 11
23 77
23 78
23 13
23 68
23 59
23 63
24 64
24 66
24 5
24 71
24 40
24 73
24 57
24 43
24 76
24 45
24 31
24 84
24 85
24 23
24 20
24 58
24 27
24 29
24 53
25 38
26 38
27 1
27 4
27 65
27 42
27 14
27 47
27 48
27 21
27 68
27 26
27 61
28 64
28 34
28 35
28 72
28 66
28 79
28 19
28 20
28 53
28 86
28 84
28 58
28 27
29 2
29 7
29 10
29 12
29 21
29 22
29 24
29 25
29 32
29 33
29 36
29 41
29 44
29 46
29 49
29 52
29 55
29 62
29 67
29 74
29 75
29 83
30 80
30 17
31 64
31 34
31 35
31 72
31 66
31 79
31 19
31 20
31 53
31 86
31 84
31 58
31 27
32 2
32 7
32 10
32 12
32 22
32 24
32 25
32 33
32 36
32 37
32 41
32 44
32 46
32 49
32 52
32 55
32 62
32 67
32 70
32 74
32 75
32 83
32 87
33 1
33 4
33 6
33 65
33 11
33 77
33 78
33 13
33 48
33 68
33 63
34 18
35 32
35 33
35 2
35 65
35 42
35 61
35 14
35 47
35 48
35 83
35 21
35 26
35 74
35 62
36 1
36 4
36 65
36 11
36 13
36 14
36 77
36 48
36 78
36 68
37 1
37 4
37 65
37 13
37 14
37 77
37 48
37 68
37 26
37 47
37 61
38 64
38 34
38 72
38 76
38 66
38 79
38 19
38 84
38 53
38 86
38 57
38 20
38 58
38 27
39 64
39 34
39 40
39 73
39 76
39 66
39 72
39 84
39 53
39 86
39 57
39 20
39 58
39 27
39 29
40 1
40 4
40 6
40 11
40 77
40 78
40 13
40 68
40 59
40 63
41 32
41 33
41 2
41 67
41 36
41 7
41 44
41 10
41 75
41 12
41 61
41 47
41 83
41 74
41 21
41 24
41 25
41 26
41 42
41 62
42 32
42 33
42 2
42 65
42 74
42 7
42 14
42 47
42 48
42 83
42 21
42 26
42 61
42 62
43 32
43 33
43 2
43 67
43 36
43 7
43 44
43 10
43 75
43 12
43 61
43 14
43 47
43 83
43 74
43 21
43 24
43 25
43 26
43 42
43 62
44 1
44 4
44 6
44 65
44 11
44 77
44 78
44 13
44 48
44 68
44 63
45 18
46 5
46 20
46 23
46 27
46 29
46 31
46 37
46 39
46 40
46 41
46 43
46 45
46 53
46 56
46 57
46 58
46 64
46 70
46 71
46 73
46 76
46 85
46 87
47 2
47 7
47 10
47 12
47 22
47 24
47 25
47 32
47 33
47 36
47 37
47 39
47 41
47 44
47 46
47 49
47 52
47 55
47 56
47 62
47 67
47 70
47 75
47 83
47 87
48 32
48 33
48 2
48 67
48 36
48 7
48 44
48 10
48 75
48 12
48 61
48 47
48 83
48 74
48 21
48 22
48 24
48 25
48 26
48 42
48 62
49 5
49 22
49 23
49 29
49 31
49 37
49 39
49 40
49 41
49 43
49 45
49 46
49 52
49 53
49 55
49 56
49 57
49 64
49 70
49 71
49 73
49 76
49 85
49 87
50 2
50 7
50 10
50 12
50 22
50 23
50 24
50 25
50 32
50 33
50 36
50 37
50 39
50 41
50 43
50 44
50 45
50 46
50 49
50 52
50 55
50 56
50 62
50 67
50 70
50 75
50 87
51 9
51 50
51 3
51 28
52 2
52 7
52 10
52 12
52 21
52 22
52 24
52 25
52 26
52 32
52 33
52 36
52 42
52 44
52 47
52 49
52 55
52 61
52 62
52 67
52 74
52 75
52 83
53 33
53 2
53 65
53 42
53 61
53 14
53 47
53 48
53 83
53 21
53 26
53 74
53 62
55 3
55 6
55 11
55 78
55 59
55 28
55 63
56 18
56 30
57 3
57 6
57 9
57 11
57 59
57 28
57 63
58 18
60 18
61 3
61 9
61 50
61 51
61 59
61 28
62 38
63 33
63 2
63 65
63 42
63 61
63 14
63 47
63 48
63 83
63 21
63 26
63 74
63 62
64 9
64 50
64 3
64 28
64 51
65 18
67 3
67 6
67 9
67 50
67 51
67 59
67 28
68 1
68 4
68 65
68 42
68 13
68 14
68 47
68 48
68 26
68 61
70 18
71 38
72 18
73 30
74 3
74 6
74 9
74 11
74 59
74 28
74 63
76 18
76 30
77 2
77 7
77 10
77 12
77 21
77 22
77 24
77 25
77 26
77 32
77 33
77 36
77 41
77 42
77 44
77 47
77 49
77 52
77 55
77 61
77 62
77 67
77 74
77 75
77 83
78 1
78 4
78 65
78 13
78 14
78 77
78 48
78 68
79 6
79 11
79 13
79 78
79 77
79 59
79 63
81 9
81 50
81 3
81 28
81 51
82 38
83 34
83 35
83 86
83 81
83 8
83 66
83 79
83 72
83 19
83 54
83 88
83 60
84 6
84 11
84 13
84 78
84 77
84 59
84 63
85 5
85 20
85 23
85 27
85 29
85 31
85 37
85 39
85 40
85 43
85 45
85 53
85 56
85 57
85 58
85 64
85 66
85 70
85 71
85 73
85 76
85 84
86 3
86 9
86 50
86 51
86 59
86 28
87 32
87 33
87 2
87 67
87 36
87 7
87 41
87 10
87 75
87 12
87 44
87 49
87 83
87 52
87 21
87 22
87 55
87 24
87 25
87 74
87 62
88 3
88 9
88 50
88 51
88 59
88 28
