88
1 68
1 38
1 40
1 17
1 50
1 51
1 59
1 29
2 3
2 36
2 37
2 70
2 41
2 10
2 13
2 47
2 35
2 86
2 87
2 88
2 60
2 61
3 69
3 39
3 75
3 76
3 49
3 55
3 24
3 57
3 27
3 28
3 31
4 32
4 2
4 70
4 43
4 34
4 14
4 77
4 18
4 83
4 52
4 22
5 33
5 67
5 69
5 39
5 44
5 24
5 31
6 30
7 67
7 69
7 39
7 75
7 76
7 55
7 24
7 57
7 27
7 28
7 31
8 29
8 7
9 35
9 36
9 70
9 41
9 77
9 52
9 86
9 60
9 61
10 33
10 67
10 68
10 5
10 38
10 40
10 44
10 17
10 50
10 51
10 59
11 33
11 67
11 5
11 39
11 44
11 24
11 57
11 31
11 28
11 69
12 32
12 2
12 75
12 4
12 43
12 76
12 34
12 14
12 79
12 49
12 18
12 83
12 22
12 27
13 32
13 2
13 4
13 75
13 76
13 34
13 14
13 79
13 49
13 18
13 22
13 55
13 57
13 27
13 28
14 34
14 35
14 70
14 41
14 43
14 77
14 83
14 52
16 30
17 19
18 1
18 66
18 6
18 73
18 42
18 11
18 16
18 81
18 20
18 21
18 23
18 56
18 74
18 85
19 67
19 5
19 39
19 31
19 76
19 55
19 24
19 57
19 27
19 28
19 69
20 32
20 2
20 4
20 69
20 75
20 76
20 14
20 79
20 49
20 22
20 55
20 57
20 27
20 28
21 32
21 2
21 75
21 4
21 43
21 34
21 14
21 77
21 49
21 18
21 83
21 52
21 22
21 79
22 67
22 5
22 39
22 31
22 76
22 55
22 24
22 57
22 27
22 28
22 69
23 33
23 68
23 38
23 40
23 44
23 17
23 50
23 51
23 59
24 1
24 66
24 6
24 72
24 9
24 74
24 45
24 16
24 81
24 84
24 85
24 56
24 20
24 62
27 32
27 2
27 4
27 43
27 34
27 14
27 77
27 49
27 18
27 83
27 52
27 22
27 79
28 34
28 35
28 70
28 41
28 43
28 77
28 83
28 52
29 32
29 2
29 4
29 70
29 43
29 34
29 14
29 77
29 18
29 83
29 52
29 22
30 3
30 10
30 11
30 12
30 13
30 21
30 23
30 25
30 37
30 42
30 46
30 47
30 48
30 53
30 54
30 63
30 64
30 65
30 66
30 73
30 78
30 80
31 35
31 36
31 70
31 41
31 77
31 52
31 86
31 87
31 88
31 60
31 61
32 2
32 4
32 43
32 34
32 14
32 77
32 49
32 18
32 83
32 52
32 22
32 79
33 67
33 5
33 38
33 39
33 40
33 44
33 50
33 51
33 24
34 32
34 2
34 4
34 75
34 76
34 14
34 79
34 49
34 18
34 22
34 55
34 57
34 27
35 69
35 39
35 75
35 76
35 79
35 49
35 55
35 24
35 57
35 27
35 28
35 31
36 33
36 68
36 38
36 40
36 44
36 17
36 50
36 51
36 59
37 17
37 59
37 68
37 29
37 7
38 35
38 36
38 70
38 41
38 77
38 52
38 86
38 87
38 88
38 60
38 61
39 35
39 70
39 41
39 43
39 77
39 83
39 52
39 86
39 60
39 61
40 1
40 66
40 56
40 6
40 9
40 42
40 11
40 16
40 81
40 20
40 21
40 73
40 23
40 74
40 85
41 1
41 66
41 80
41 73
41 42
41 11
41 46
41 16
41 81
41 53
41 20
41 85
41 23
41 56
41 74
41 21
42 32
42 2
42 75
42 4
42 43
42 76
42 34
42 14
42 79
42 49
42 18
42 83
42 22
42 27
43 35
43 70
43 41
43 77
43 83
43 52
43 60
44 34
44 35
44 70
44 41
44 43
44 77
44 83
44 52
45 32
45 2
45 4
45 43
45 34
45 14
45 77
45 18
45 83
45 52
45 22
46 32
46 2
46 75
46 4
46 43
46 76
46 34
46 14
46 79
46 49
46 18
46 83
46 22
46 27
47 64
47 65
47 3
47 36
47 37
47 48
47 41
47 10
47 12
47 13
47 78
47 60
47 80
47 54
47 87
47 88
47 25
47 86
47 61
47 63
48 33
48 67
48 5
48 39
48 44
48 51
48 24
48 31
48 69
49 33
49 67
49 5
49 38
49 39
49 40
49 44
49 50
49 51
49 24
49 31
50 35
50 70
50 41
50 43
50 77
50 83
50 52
50 86
50 60
50 61
51 33
51 67
51 5
51 39
51 24
51 57
51 31
51 28
51 69
52 67
52 5
52 39
52 31
52 76
52 55
52 24
52 57
52 27
52 28
52 69
53 67
53 5
53 39
53 31
53 76
53 55
53 24
53 57
53 27
53 28
53 69
54 67
54 69
54 39
54 75
54 76
54 55
54 24
54 57
54 27
54 28
54 31
55 1
55 6
55 72
55 9
55 74
55 45
55 16
55 81
55 84
55 85
55 56
55 20
55 62
56 33
56 67
56 68
56 5
56 38
56 40
56 44
56 50
56 51
57 35
57 36
57 70
57 41
57 77
57 52
57 86
57 87
57 88
57 60
57 61
58 32
58 69
58 75
58 76
58 79
58 49
58 22
58 55
58 57
58 27
58 28
58 31
59 32
59 2
59 4
59 75
59 76
59 34
59 14
59 79
59 49
59 18
59 22
59 55
59 57
59 27
59 28
60 64
60 65
60 3
60 36
60 37
60 80
60 10
60 12
60 13
60 78
60 47
60 48
60 46
60 54
60 87
60 88
60 25
60 63
60 86
60 61
60 53
61 33
61 67
61 5
61 38
61 39
61 40
61 44
61 51
61 24
61 31
62 33
62 67
62 5
62 39
62 44
62 24
62 31
62 28
62 69
63 17
63 59
63 29
63 7
64 29
64 7
66 17
66 59
66 68
66 29
66 7
67 33
67 68
67 5
67 38
67 40
67 44
67 17
67 50
67 51
67 59
68 32
68 2
68 4
68 69
68 75
68 76
68 14
68 79
68 49
68 18
68 22
68 55
68 57
68 27
68 28
69 32
69 2
69 75
69 4
69 43
69 34
69 14
69 77
69 49
69 18
69 83
69 52
69 22
69 79
70 65
70 86
70 3
70 36
70 37
70 41
70 10
70 12
70 13
70 47
70 35
70 54
70 87
70 88
70 60
70 61
70 63
71 17
71 59
71 68
71 29
71 7
72 32
72 2
72 4
72 75
72 76
72 34
72 14
72 79
72 49
72 18
72 22
72 55
72 57
72 27
72 28
73 29
73 7
74 33
74 68
74 38
74 40
74 44
74 17
74 50
74 51
74 59
76 33
76 67
76 68
76 5
76 38
76 40
76 44
76 50
76 51
77 35
77 36
77 70
77 41
77 52
77 86
77 87
77 88
77 60
77 61
78 32
78 2
78 75
78 4
78 43
78 76
78 34
78 14
78 79
78 49
78 18
78 83
78 22
78 55
78 27
79 67
79 5
79 39
79 55
79 24
79 57
79 31
79 28
79 69
80 35
80 70
80 41
80 43
80 77
80 83
80 52
80 86
80 60
81 26
81 71
82 1
82 66
82 56
82 6
82 72
82 9
82 42
82 11
82 45
82 16
82 81
82 20
82 85
82 73
82 23
82 74
82 62
83 32
83 2
83 4
83 69
83 75
83 76
83 14
83 79
83 49
83 18
83 22
83 55
83 57
83 27
83 28
84 33
84 67
84 68
84 5
84 38
84 40
84 44
84 17
84 50
84 51
84 59
85 32
85 2
85 4
85 43
85 34
85 14
85 77
85 18
85 83
85 52
85 22
86 26
86 19
86 71
87 32
87 2
87 75
87 4
87 43
87 34
87 14
87 77
87 49
87 18
87 83
87 52
87 22
87 79
88 32
88 2
88 4
88 70
88 43
88 34
88 14
88 77
88 18
88 83
88 52
88 22
