88
1 86
1 22
2 65
2 70
2 7
2 9
2 87
2 78
2 47
2 52
2 85
2 73
2 24
2 58
2 59
2 30
3 57
4 32
4 48
4 3
4 36
4 69
4 6
4 72
4 41
4 10
4 45
4 46
4 80
4 50
4 83
4 60
4 63
5 57
6 64
6 65
6 35
6 72
6 74
6 12
6 14
6 17
6 82
6 51
6 52
6 21
6 54
6 87
7 1
7 34
7 40
7 75
7 76
7 66
7 53
7 55
7 26
7 62
8 65
8 70
8 7
8 9
8 87
8 78
8 47
8 52
8 85
8 73
8 24
8 58
8 59
8 30
10 65
10 70
10 73
10 74
10 12
10 14
10 47
10 52
10 78
10 87
10 24
10 59
10 85
11 7
11 9
11 78
11 24
11 84
11 23
11 56
11 88
11 58
11 29
11 30
12 67
12 37
12 39
12 8
12 42
12 71
12 13
12 15
12 27
12 49
12 79
12 31
13 20
14 32
14 48
14 3
14 36
14 69
14 6
14 41
14 10
14 43
14 80
14 50
14 83
14 68
14 28
15 33
15 66
15 40
15 44
15 11
15 76
15 53
15 55
15 61
15 62
16 33
16 67
16 37
16 11
16 44
16 13
16 15
16 49
16 61
16 31
17 86
17 77
17 22
18 81
18 4
18 38
19 67
19 37
19 39
19 8
19 42
19 71
19 13
19 79
19 49
19 27
19 28
20 4
20 38
21 64
21 65
21 35
21 73
21 74
21 12
21 14
21 47
21 51
21 52
21 87
22 2
22 18
23 33
23 66
23 40
23 76
23 53
23 55
23 61
23 62
24 33
24 67
24 40
24 11
24 44
24 13
24 15
24 49
24 53
24 61
24 31
25 1
25 66
25 5
25 75
25 34
25 55
25 26
26 32
26 48
26 3
26 36
26 69
26 6
26 41
26 10
26 43
26 80
26 50
26 83
26 68
26 28
27 67
27 37
27 39
27 42
27 44
27 13
27 15
27 49
27 79
27 31
28 33
28 67
28 40
28 11
28 44
28 13
28 15
28 49
28 53
28 61
28 31
29 64
29 65
29 35
29 73
29 74
29 12
29 14
29 47
29 52
29 85
29 87
30 1
30 34
30 40
30 75
30 76
30 66
30 53
30 55
30 26
30 62
31 7
31 9
31 77
31 56
31 84
31 23
31 88
31 58
31 29
31 30
32 68
32 6
32 39
32 8
32 42
32 43
32 79
32 83
32 71
32 27
32 28
33 67
33 37
33 39
33 8
33 42
33 71
33 13
33 79
33 27
33 28
34 33
34 67
34 37
34 11
34 44
34 13
34 15
34 49
34 61
34 31
35 32
35 48
35 3
35 36
35 69
35 6
35 72
35 41
35 10
35 45
35 46
35 80
35 50
35 83
35 60
35 63
36 33
36 67
36 37
36 40
36 11
36 44
36 13
36 15
36 49
36 61
36 31
37 65
37 70
37 73
37 74
37 12
37 14
37 47
37 52
37 85
37 87
37 59
38 68
38 37
38 39
38 8
38 42
38 71
38 13
38 79
38 27
38 28
39 68
39 71
39 8
39 42
39 43
39 79
39 27
39 28
40 64
40 48
40 35
40 36
40 69
40 72
40 41
40 10
40 12
40 45
40 14
40 80
40 17
40 82
40 51
40 46
40 54
40 63
40 60
40 74
40 21
41 64
41 48
41 35
41 36
41 69
41 72
41 10
41 45
41 14
41 80
41 17
41 82
41 51
41 46
41 54
41 63
41 60
41 21
42 64
42 65
42 35
42 73
42 74
42 12
42 14
42 47
42 17
42 82
42 51
42 52
42 21
42 54
42 87
43 64
43 51
43 3
43 36
43 69
43 32
43 48
43 72
43 41
43 10
43 45
43 46
43 80
43 17
43 82
43 35
43 21
43 50
43 54
43 60
43 63
44 65
44 70
44 7
44 73
44 74
44 12
44 78
44 47
44 52
44 85
44 87
44 24
44 59
45 68
45 39
45 8
45 42
45 43
45 79
45 83
45 71
45 27
45 28
46 33
46 67
46 40
46 11
46 44
46 15
46 49
46 53
46 61
46 31
47 64
47 35
47 72
47 41
47 74
47 12
47 45
47 14
47 17
47 82
47 51
47 46
47 54
47 63
47 60
47 21
48 32
48 3
48 36
48 69
48 6
48 72
48 41
48 10
48 45
48 46
48 80
48 50
48 83
48 60
48 63
49 81
49 38
50 64
50 65
50 35
50 73
50 74
50 12
50 14
50 17
50 82
50 51
50 52
50 21
50 54
50 87
51 66
51 40
51 75
51 76
51 53
51 55
51 61
51 62
52 1
52 34
52 75
52 76
52 66
52 53
52 55
52 26
52 62
53 1
53 34
53 5
53 75
53 57
53 26
54 32
54 48
54 3
54 36
54 69
54 6
54 41
54 10
54 43
54 28
54 80
54 50
54 83
54 68
54 60
55 32
55 48
55 3
55 36
55 69
55 6
55 41
55 10
55 43
55 28
55 80
55 50
55 83
55 68
55 60
56 1
56 34
56 5
56 75
56 57
56 26
57 3
57 6
57 10
57 17
57 21
57 32
57 35
57 36
57 41
57 45
57 46
57 48
57 50
57 51
57 54
57 60
57 63
57 64
57 69
57 72
57 80
57 82
57 83
58 67
58 37
58 39
58 8
58 42
58 71
58 13
58 15
58 27
58 49
58 79
58 31
59 33
59 66
59 40
59 44
59 11
59 76
59 53
59 61
59 62
60 32
60 80
60 3
60 36
60 69
60 6
60 72
60 41
60 10
60 45
60 46
60 48
60 50
60 83
60 63
61 33
61 67
61 37
61 11
61 44
61 13
61 15
61 49
61 31
62 33
62 67
62 40
62 11
62 44
62 15
62 49
62 53
62 61
62 31
63 25
64 33
64 66
64 40
64 44
64 11
64 76
64 15
64 53
64 61
64 62
65 33
65 67
65 40
65 11
65 44
65 13
65 15
65 49
65 61
65 31
66 68
66 6
66 39
66 8
66 42
66 43
66 83
66 71
66 27
66 28
67 57
68 25
68 2
69 32
69 68
69 6
69 39
69 8
69 42
69 43
69 50
69 83
69 71
69 27
69 28
70 64
70 65
70 35
70 74
70 12
70 14
70 17
70 82
70 51
70 52
70 21
70 54
70 87
71 1
71 66
71 5
71 75
71 76
71 34
71 55
71 26
72 67
72 68
72 37
72 39
72 8
72 42
72 71
72 13
72 79
72 27
72 28
73 25
73 2
74 1
74 26
74 34
74 5
74 57
75 1
75 26
75 34
75 5
75 57
76 25
76 2
77 32
77 48
77 3
77 36
77 69
77 6
77 72
77 41
77 10
77 45
77 46
77 80
77 17
77 82
77 83
77 50
77 54
77 60
77 63
78 68
78 39
78 8
78 42
78 43
78 79
78 71
78 27
78 28
79 68
79 6
79 39
79 8
79 42
79 43
79 83
79 71
79 27
79 28
80 32
80 3
80 68
80 6
80 39
80 8
80 42
80 43
80 50
80 83
80 71
80 27
80 28
81 67
81 37
81 39
81 8
81 42
81 71
81 13
81 79
81 27
81 28
82 68
82 39
82 8
82 42
82 43
82 79
82 71
82 27
82 28
83 67
83 37
83 39
83 8
83 42
83 71
83 13
83 79
83 49
83 27
83 28
84 33
84 66
84 40
84 44
84 11
84 76
84 15
84 53
84 61
84 62
84 31
85 1
85 66
85 75
85 76
85 34
85 55
85 26
85 62
86 32
86 80
86 3
86 36
86 69
86 6
86 41
86 10
86 43
86 46
86 48
86 50
86 83
86 60
87 67
87 37
87 39
87 8
87 42
87 71
87 13
87 79
87 27
87 28
88 64
88 35
88 36
88 69
88 72
88 41
88 74
88 12
88 45
88 14
88 17
88 82
88 51
88 46
88 54
88 63
88 60
88 21
