88
1 17
2 7
2 77
2 48
2 49
2 87
2 88
2 27
2 30
2 31
3 2
3 7
3 31
3 77
3 48
3 55
3 88
3 27
3 28
3 63
4 33
4 35
4 36
4 37
4 71
4 74
4 75
4 47
4 67
4 52
4 21
4 25
4 79
4 53
5 66
5 3
5 10
5 12
5 51
5 54
5 58
6 64
6 4
6 39
6 72
6 41
6 42
6 23
6 44
6 45
6 46
6 22
6 73
6 56
6 62
7 64
7 32
7 34
7 4
7 39
7 72
7 41
7 42
7 23
7 44
7 46
7 81
7 82
7 22
7 73
7 56
7 60
7 62
8 1
8 5
8 65
9 33
9 35
9 36
9 37
9 71
9 74
9 75
9 47
9 67
9 52
9 21
9 25
9 79
9 53
11 65
13 17
14 38
14 8
14 74
14 78
14 79
14 53
14 25
14 57
14 59
14 85
17 54
18 32
18 34
18 38
18 81
18 40
18 43
18 76
18 14
18 8
18 82
18 78
18 86
18 57
18 59
18 60
18 85
19 24
19 9
19 11
19 68
19 45
21 38
21 40
21 43
21 76
21 14
21 79
21 8
21 78
21 86
21 57
21 59
21 85
21 53
22 69
23 32
23 34
23 38
23 81
23 40
23 43
23 76
23 14
23 8
23 82
23 78
23 86
23 57
23 59
23 60
23 85
24 33
24 67
24 36
24 37
24 71
24 74
24 75
24 14
24 47
24 52
24 21
24 25
24 79
24 53
25 64
25 4
25 39
25 72
25 41
25 42
25 23
25 44
25 45
25 46
25 22
25 73
25 56
25 62
26 67
26 36
26 37
26 75
26 47
26 49
26 35
26 87
26 30
27 38
27 40
27 43
27 76
27 14
27 79
27 8
27 78
27 86
27 57
27 59
27 85
27 53
28 66
28 3
28 10
28 12
28 51
28 54
28 58
29 2
29 7
29 48
29 84
29 55
29 88
29 31
29 28
29 61
29 63
31 32
31 34
31 81
31 40
31 41
31 42
31 43
31 44
31 46
31 76
31 8
31 82
31 78
31 86
31 23
31 72
31 59
31 60
32 33
32 37
32 71
32 74
32 14
32 79
32 52
32 85
32 25
32 57
32 53
32 21
33 24
33 9
33 11
33 68
33 45
34 69
35 64
35 4
35 39
35 72
35 73
35 42
35 45
35 46
35 24
35 22
35 56
35 68
35 62
36 64
36 34
36 4
36 39
36 72
36 41
36 42
36 23
36 44
36 46
36 22
36 73
36 56
36 62
37 24
37 9
37 11
37 68
37 45
38 67
38 36
38 75
38 47
38 49
38 35
38 87
38 30
39 33
39 35
39 36
39 37
39 71
39 74
39 75
39 47
39 67
39 52
39 21
39 25
39 79
39 53
40 64
40 4
40 39
40 73
40 45
40 56
40 22
40 24
40 68
40 62
41 64
41 4
41 39
41 73
41 45
41 56
41 22
41 24
41 68
41 62
42 32
42 34
42 38
42 81
42 40
42 43
42 76
42 14
42 8
42 82
42 78
42 86
42 57
42 59
42 60
42 85
43 9
43 11
43 68
43 20
44 32
44 38
44 81
44 40
44 43
44 76
44 14
44 8
44 82
44 78
44 86
44 57
44 59
44 60
44 85
45 32
45 34
45 38
45 81
45 8
45 41
45 43
45 44
45 14
45 76
45 40
45 82
45 78
45 86
45 23
45 57
45 59
45 60
45 85
46 33
46 35
46 36
46 37
46 71
46 74
46 75
46 47
46 67
46 52
46 21
46 25
46 79
46 53
47 32
47 34
47 38
47 81
47 40
47 43
47 76
47 14
47 8
47 82
47 78
47 86
47 57
47 59
47 60
47 85
48 70
48 9
48 80
48 18
48 19
48 20
48 26
49 32
49 38
49 81
49 40
49 43
49 76
49 14
49 8
49 82
49 78
49 86
49 57
49 59
49 85
49 53
50 2
50 7
50 31
50 77
50 48
50 49
50 55
50 88
50 27
50 63
51 67
51 36
51 77
51 47
51 49
51 35
51 87
51 27
51 30
52 64
52 68
52 9
52 11
52 45
52 22
52 24
52 62
53 32
53 34
53 38
53 81
53 40
53 41
53 42
53 43
53 44
53 46
53 76
53 8
53 82
53 78
53 86
53 23
53 72
53 59
53 60
54 64
54 68
54 39
54 11
54 45
54 22
54 24
54 62
55 32
55 38
55 81
55 40
55 43
55 76
55 14
55 8
55 82
55 78
55 86
55 57
55 59
55 60
55 85
56 24
56 9
56 11
56 68
56 20
57 33
57 35
57 36
57 37
57 71
57 74
57 75
57 47
57 67
57 52
57 21
57 25
57 79
57 53
58 32
58 34
58 4
58 40
58 41
58 42
58 43
58 44
58 46
58 76
58 81
58 82
58 56
58 86
58 73
58 72
58 23
58 59
58 60
59 33
59 36
59 37
59 71
59 74
59 75
59 14
59 79
59 52
59 85
59 25
59 53
59 21
60 64
60 68
60 39
60 11
60 45
60 22
60 24
60 62
61 33
61 38
61 74
61 14
61 79
61 52
61 85
61 25
61 57
61 53
61 21
62 2
62 7
62 31
62 77
62 48
62 55
62 88
62 27
62 28
62 63
63 10
63 58
63 54
64 35
64 77
64 47
64 49
64 87
64 27
64 30
65 32
65 34
65 38
65 81
65 40
65 41
65 42
65 43
65 44
65 46
65 76
65 8
65 82
65 78
65 86
65 23
65 72
65 57
65 59
65 60
66 33
66 35
66 36
66 37
66 71
66 74
66 75
66 47
66 67
66 52
66 21
66 25
66 79
66 53
67 19
67 66
67 3
67 70
67 6
67 12
67 80
67 18
67 51
67 20
67 26
68 32
68 34
68 38
68 81
68 40
68 41
68 42
68 43
68 44
68 46
68 76
68 8
68 82
68 78
68 86
68 23
68 72
68 57
68 59
68 60
69 64
69 34
69 4
69 39
69 72
69 41
69 42
69 23
69 44
69 46
69 22
69 73
69 56
69 62
70 33
70 35
70 36
70 37
70 71
70 74
70 75
70 47
70 67
70 52
70 21
70 25
70 79
70 53
71 70
71 6
71 80
71 18
71 19
71 20
71 26
72 33
72 38
72 71
72 74
72 14
72 79
72 52
72 85
72 25
72 57
72 53
72 21
73 24
73 9
73 11
73 68
73 45
74 64
74 4
74 39
74 72
74 41
74 42
74 23
74 44
74 45
74 46
74 22
74 73
74 56
74 62
75 64
75 34
75 4
75 39
75 72
75 41
75 42
75 23
75 44
75 46
75 22
75 73
75 56
75 62
76 67
76 36
76 75
76 47
76 49
76 35
76 87
76 30
77 2
77 29
77 48
77 84
77 55
77 31
77 28
77 61
77 63
78 32
78 34
78 4
78 81
78 40
78 41
78 42
78 43
78 44
78 46
78 73
78 76
78 8
78 82
78 56
78 86
78 23
78 72
78 59
78 60
79 33
79 35
79 36
79 37
79 71
79 74
79 75
79 47
79 67
79 52
79 21
79 25
79 30
80 70
80 9
80 18
80 19
80 20
80 26
81 64
81 34
81 4
81 39
81 72
81 41
81 42
81 23
81 44
81 46
81 22
81 73
81 56
81 62
82 2
82 7
82 31
82 77
82 48
82 49
82 87
82 88
82 27
82 63
84 33
84 35
84 36
84 37
84 71
84 74
84 75
84 47
84 67
84 52
84 21
84 25
84 79
85 32
85 34
85 38
85 81
85 40
85 41
85 43
85 44
85 78
85 76
85 8
85 82
85 86
85 23
85 57
85 59
85 60
86 83
87 32
87 38
87 81
87 40
87 43
87 76
87 14
87 8
87 82
87 78
87 86
87 57
87 59
87 85
87 53
88 33
88 36
88 37
88 71
88 74
88 75
88 14
88 79
88 52
88 85
88 25
88 53
88 21
