88
1 54
2 1
2 58
2 86
2 54
3 26
3 19
3 84
3 53
4 65
4 52
4 62
5 65
5 52
6 66
6 37
6 38
6 73
6 42
6 83
6 77
6 14
6 49
6 18
6 51
6 27
6 28
6 74
7 72
7 26
7 19
7 53
7 47
10 34
10 67
10 68
10 69
10 70
10 39
10 11
10 44
10 46
10 79
10 80
10 81
10 50
10 85
10 71
10 23
10 25
10 87
10 59
10 43
10 31
11 2
11 6
11 72
11 47
11 24
11 82
11 55
11 56
11 88
11 30
14 65
14 7
14 76
14 62
14 52
17 10
17 11
17 23
17 31
17 32
17 34
17 39
17 43
17 44
17 46
17 50
17 59
17 67
17 68
17 69
17 70
17 71
17 78
17 79
17 80
17 81
17 85
17 87
18 26
18 19
18 84
18 86
19 8
19 17
19 12
20 32
20 35
20 66
20 3
20 4
20 5
20 38
20 41
20 74
20 70
20 78
20 48
20 67
20 21
20 22
20 73
20 36
20 59
20 60
20 37
21 2
21 6
21 72
21 47
21 24
21 82
21 55
21 56
21 88
21 30
22 51
22 18
22 6
22 42
22 77
22 14
22 49
22 82
22 83
22 27
22 28
22 30
23 1
23 58
23 54
24 32
24 35
24 66
24 3
24 4
24 5
24 38
24 41
24 74
24 70
24 78
24 48
24 67
24 21
24 22
24 73
24 36
24 59
24 60
24 37
25 66
25 37
25 38
25 73
25 42
25 83
25 77
25 14
25 48
25 49
25 18
25 51
25 27
25 28
25 74
26 64
26 33
26 7
26 76
26 52
26 62
27 66
27 3
27 4
27 5
27 38
27 41
27 42
27 28
27 48
27 18
27 35
27 21
27 22
27 73
27 36
27 60
27 74
27 37
28 32
28 34
28 35
28 4
28 5
28 70
28 39
28 41
28 10
28 43
28 78
28 67
28 21
28 22
28 23
28 68
28 87
28 59
28 60
28 69
29 32
29 34
29 67
29 4
29 5
29 70
29 39
29 10
29 43
29 78
29 50
29 21
29 22
29 23
29 68
29 87
29 59
29 60
29 69
30 2
30 6
30 72
30 47
30 56
30 82
30 55
30 24
30 88
31 72
31 47
31 56
31 53
31 55
31 24
31 88
32 2
32 6
32 77
32 14
32 49
32 82
32 51
32 24
32 27
32 30
33 26
33 19
33 84
33 53
34 72
34 47
34 56
34 53
34 55
34 88
34 26
35 2
35 6
35 72
35 77
35 47
35 24
35 82
35 55
35 56
35 88
35 30
36 2
36 6
36 77
36 14
36 49
36 82
36 24
36 55
36 88
36 30
37 26
37 19
37 84
37 53
37 86
38 2
38 6
38 72
38 47
38 24
38 82
38 55
38 56
38 88
38 30
39 51
39 66
39 3
39 4
39 37
39 38
39 41
39 42
39 83
39 48
39 49
39 18
39 35
39 73
39 36
39 27
39 28
39 74
40 72
40 26
40 19
40 53
40 47
41 2
41 72
41 47
41 56
41 53
41 55
41 24
41 88
43 54
43 19
43 84
43 86
43 58
43 26
44 72
44 47
44 56
44 53
44 55
44 88
44 26
45 66
45 3
45 4
45 5
45 38
45 41
45 42
45 28
45 48
45 18
45 35
45 21
45 22
45 73
45 36
45 60
45 74
45 37
46 2
46 6
46 77
46 14
46 49
46 82
46 51
46 24
46 30
47 51
47 66
47 35
47 36
47 37
47 38
47 41
47 42
47 83
47 14
47 48
47 49
47 18
47 3
47 73
47 27
47 28
47 74
48 26
48 19
48 84
48 53
48 86
51 33
51 65
51 7
51 76
51 52
51 62
52 66
52 3
52 4
52 5
52 38
52 41
52 42
52 28
52 48
52 18
52 35
52 21
52 22
52 73
52 36
52 60
52 74
52 37
53 32
53 34
53 35
53 4
53 5
53 70
53 39
53 41
53 10
53 43
53 78
53 67
53 21
53 22
53 23
53 68
53 87
53 59
53 60
53 69
54 58
54 19
54 84
54 86
55 2
55 6
55 77
55 47
55 56
55 82
55 24
55 88
55 30
56 1
56 58
56 54
57 2
57 6
57 77
57 14
57 49
57 82
57 24
57 55
57 56
57 88
57 30
58 2
58 6
58 72
58 47
58 24
58 82
58 55
58 56
58 88
58 30
59 64
59 33
59 71
59 40
59 44
59 45
59 46
59 79
59 80
59 81
59 85
59 25
59 57
59 29
59 31
60 2
60 6
60 77
60 14
60 49
60 82
60 51
60 24
60 27
60 30
61 2
61 6
61 77
61 14
61 49
61 82
61 51
61 24
61 27
61 30
62 26
62 19
62 84
62 53
62 86
63 1
64 72
64 26
64 19
64 53
64 47
65 66
65 3
65 36
65 37
65 38
65 73
65 42
65 83
65 77
65 14
65 48
65 49
65 18
65 51
65 27
65 28
65 74
66 2
66 6
66 77
66 14
66 49
66 82
66 24
66 55
66 56
66 88
66 30
67 2
67 6
67 77
67 14
67 49
67 82
67 55
67 24
67 30
68 2
68 72
68 47
68 56
68 82
68 55
68 24
68 88
69 66
69 37
69 6
69 73
69 42
69 83
69 77
69 14
69 49
69 18
69 51
69 27
69 28
69 74
70 51
70 66
70 3
70 4
70 5
70 38
70 41
70 42
70 83
70 28
70 48
70 18
70 35
70 21
70 73
70 36
70 27
70 60
70 74
70 37
71 51
71 66
71 3
71 4
71 37
71 38
71 41
71 42
71 83
71 28
71 48
71 18
71 35
71 73
71 36
71 27
71 60
71 74
72 32
72 35
72 3
72 4
72 5
72 38
72 39
72 41
72 10
72 70
72 78
72 48
72 67
72 21
72 22
72 87
72 68
72 59
72 60
72 36
73 34
73 43
73 69
73 71
73 40
73 11
73 44
73 45
73 46
73 79
73 80
73 81
73 50
73 25
73 85
73 23
73 57
73 29
73 31
74 5
74 10
74 11
74 22
74 23
74 31
74 32
74 34
74 39
74 43
74 46
74 50
74 59
74 67
74 68
74 69
74 70
74 71
74 78
74 80
74 81
74 87
75 51
75 2
75 6
75 77
75 14
75 49
75 82
75 83
75 24
75 27
75 28
75 30
76 26
76 19
76 84
76 53
76 86
77 66
77 37
77 38
77 73
77 42
77 83
77 14
77 49
77 18
77 51
77 27
77 28
77 74
78 66
78 3
78 36
78 37
78 38
78 73
78 42
78 83
78 77
78 14
78 48
78 49
78 18
78 51
78 27
78 28
78 74
79 54
79 19
79 84
79 86
79 58
79 26
80 58
80 19
80 84
80 86
80 54
81 32
81 34
81 67
81 68
81 69
81 70
81 39
81 31
81 10
81 11
81 44
81 46
81 80
81 71
81 50
81 78
81 43
81 23
81 87
81 59
81 85
82 32
82 66
82 3
82 4
82 5
82 38
82 41
82 42
82 78
82 48
82 18
82 35
82 21
82 22
82 73
82 36
82 60
82 74
82 37
83 66
83 3
83 4
83 5
83 38
83 41
83 42
83 28
83 48
83 18
83 35
83 21
83 22
83 73
83 36
83 60
83 74
83 37
84 51
84 2
84 6
84 77
84 14
84 49
84 82
84 83
84 24
84 27
84 30
85 66
85 37
85 38
85 73
85 42
85 83
85 77
85 14
85 48
85 49
85 18
85 51
85 27
85 28
85 74
86 66
86 37
86 38
86 73
86 42
86 83
86 77
86 14
86 49
86 18
86 51
86 27
86 28
86 74
87 66
87 37
87 73
87 42
87 83
87 77
87 14
87 49
87 18
87 51
87 27
87 28
87 74
88 66
88 3
88 36
88 37
88 38
88 73
88 42
88 83
88 77
88 14
88 48
88 49
88 18
88 51
88 27
88 28
88 74
