88
1 36
2 47
2 21
2 87
2 57
2 60
2 31
3 64
3 1
3 34
3 32
3 6
3 7
3 9
3 76
3 77
3 46
3 82
3 22
3 55
3 88
3 27
3 28
4 56
4 8
4 23
4 86
4 39
5 66
5 3
5 68
5 69
5 73
5 45
5 14
5 26
5 78
5 54
5 58
5 53
5 62
5 37
6 64
6 1
6 34
6 67
6 7
6 9
6 76
6 77
6 46
6 48
6 59
6 82
6 84
6 22
6 88
6 27
6 28
7 33
7 75
7 68
7 70
7 71
7 72
7 12
7 42
7 11
7 44
7 61
7 79
7 80
7 49
7 43
7 25
7 74
8 64
8 1
8 34
8 67
8 6
8 7
8 9
8 76
8 77
8 46
8 48
8 59
8 82
8 84
8 22
8 88
8 27
8 28
9 2
9 47
9 21
9 57
9 60
9 31
10 36
11 36
12 64
12 32
12 6
12 7
12 9
12 55
12 76
12 82
12 41
12 27
12 28
12 63
13 64
13 1
13 34
13 59
13 32
13 6
13 7
13 9
13 76
13 77
13 46
13 82
13 22
13 55
13 88
13 27
13 28
14 66
14 68
14 5
14 70
14 71
14 72
14 73
14 42
14 12
14 45
14 79
14 49
14 26
14 53
14 54
14 58
14 74
14 37
15 35
15 4
15 29
15 30
16 38
16 39
16 81
16 50
16 23
16 56
17 36
21 66
21 3
21 68
21 69
21 73
21 45
21 14
21 26
21 78
21 54
21 58
21 37
21 53
21 62
21 5
22 66
22 3
22 68
22 69
22 73
22 45
22 14
22 26
22 78
22 54
22 58
22 37
22 53
22 62
22 5
23 2
23 47
23 21
23 87
23 57
23 60
23 31
24 33
24 38
24 40
24 75
24 44
24 25
25 40
25 81
25 50
25 38
25 24
26 40
26 81
26 50
26 38
26 24
27 65
27 51
27 52
28 66
28 67
28 69
28 73
28 45
28 14
28 48
28 3
28 84
28 78
28 54
28 58
28 59
28 5
28 62
28 37
29 75
29 68
29 70
29 71
29 72
29 42
29 11
29 12
29 61
29 79
29 80
29 49
29 43
29 25
29 26
29 74
30 2
30 47
30 21
30 87
30 57
30 60
30 31
31 47
31 60
31 87
32 2
32 41
32 21
32 55
32 57
32 27
32 63
33 32
33 6
33 7
33 41
33 55
33 27
33 28
33 63
34 1
34 66
34 3
34 37
34 73
34 46
34 77
34 14
34 45
34 48
34 67
34 84
34 78
34 22
34 88
34 58
34 59
34 5
34 62
34 69
35 36
36 34
36 3
36 69
36 73
36 46
36 66
36 14
36 45
36 48
36 67
36 84
36 78
36 22
36 88
36 58
36 59
36 5
36 62
36 37
37 32
37 2
37 41
37 21
37 55
37 57
37 63
38 66
38 68
38 5
38 70
38 71
38 72
38 42
38 12
38 45
38 79
38 49
38 26
38 53
38 54
38 58
38 74
38 37
39 33
39 11
39 40
39 75
39 44
39 80
39 43
39 24
39 25
40 1
40 3
40 5
40 14
40 22
40 34
40 37
40 45
40 46
40 48
40 59
40 62
40 64
40 66
40 67
40 69
40 73
40 77
40 78
40 82
40 84
40 88
41 33
41 75
41 70
41 40
41 11
41 44
41 80
41 49
41 43
41 24
41 25
41 61
41 72
42 33
42 75
42 70
42 71
42 40
42 74
42 11
42 44
42 79
42 80
42 49
42 43
42 72
42 25
42 61
43 65
43 83
43 51
43 52
44 33
44 75
44 49
44 70
44 71
44 40
44 42
44 11
44 61
44 80
44 72
44 43
44 25
44 74
45 75
45 68
45 70
45 71
45 72
45 42
45 11
45 12
45 61
45 79
45 80
45 49
45 43
45 25
45 26
45 74
46 64
46 1
46 34
46 67
46 6
46 7
46 9
46 76
46 77
46 48
46 82
46 84
46 22
46 88
46 59
46 28
47 35
47 4
47 29
47 30
48 2
48 47
48 21
48 87
48 57
48 60
48 31
49 32
49 6
49 7
49 41
49 55
49 27
49 28
49 63
50 36
51 75
51 68
51 70
51 71
51 72
51 42
51 11
51 12
51 61
51 79
51 80
51 49
51 43
51 53
51 54
51 26
51 74
52 66
52 3
52 69
52 73
52 45
52 14
52 48
52 67
52 84
52 78
52 58
52 59
52 5
52 62
52 37
53 66
53 3
53 68
53 69
53 73
53 45
53 14
53 37
53 67
53 78
53 54
53 58
53 26
53 62
53 5
54 33
54 11
54 40
54 75
54 44
54 80
54 43
54 24
54 25
54 61
55 38
55 39
55 8
55 81
55 50
55 23
55 56
56 38
56 39
56 8
56 81
56 50
56 23
57 33
57 11
57 40
57 75
57 44
57 80
57 43
57 24
57 25
58 33
58 38
58 40
58 75
58 44
58 24
58 25
59 41
59 2
59 57
59 21
59 63
60 33
60 11
60 40
60 75
60 44
60 80
60 43
60 24
60 25
61 33
61 38
61 40
61 44
61 81
61 50
61 24
61 25
62 33
62 38
62 40
62 44
62 81
62 50
62 24
62 25
63 33
63 75
63 70
63 40
63 11
63 44
63 80
63 49
63 43
63 24
63 25
63 61
63 72
64 75
64 68
64 70
64 71
64 72
64 42
64 11
64 12
64 61
64 79
64 80
64 49
64 43
64 53
64 54
64 26
64 74
65 66
65 3
65 68
65 69
65 73
65 45
65 14
65 26
65 78
65 54
65 58
65 37
65 53
65 62
65 5
66 33
66 75
66 70
66 71
66 40
66 42
66 11
66 44
66 61
66 80
66 49
66 43
66 72
66 25
66 74
67 64
67 1
67 32
67 6
67 7
67 9
67 55
67 76
67 77
67 82
67 41
67 27
67 28
67 63
68 66
68 5
68 70
68 71
68 72
68 42
68 61
68 12
68 45
68 79
68 49
68 26
68 53
68 54
68 58
68 74
69 75
69 68
69 70
69 71
69 72
69 42
69 11
69 12
69 61
69 79
69 80
69 49
69 43
69 53
69 54
69 26
69 74
70 66
70 3
70 69
70 73
70 45
70 14
70 48
70 67
70 84
70 78
70 58
70 59
70 5
70 62
70 37
71 33
71 75
71 70
71 40
71 74
71 11
71 44
71 80
71 49
71 43
71 72
71 25
71 61
72 33
72 75
72 70
72 40
72 11
72 44
72 80
72 49
72 43
72 24
72 25
72 61
73 64
73 1
73 34
73 3
73 37
73 45
73 66
73 14
73 77
73 48
73 88
73 82
73 67
73 84
73 78
73 22
73 46
73 59
73 62
73 69
74 33
74 11
74 40
74 75
74 44
74 80
74 43
74 24
74 25
74 61
75 2
75 41
75 47
75 21
75 57
75 60
75 63
76 75
76 68
76 70
76 71
76 72
76 42
76 11
76 12
76 61
76 79
76 80
76 49
76 43
76 53
76 54
76 26
76 74
77 36
78 32
78 2
78 41
78 55
78 57
78 27
78 63
79 64
79 1
79 34
79 67
79 69
79 7
79 9
79 76
79 77
79 46
79 48
79 82
79 84
79 22
79 88
79 59
79 62
80 66
80 3
80 68
80 5
80 73
80 42
80 12
80 45
80 14
80 79
80 26
80 78
80 54
80 58
80 37
80 74
80 53
81 40
81 33
81 50
81 38
81 24
82 83
82 10
82 51
82 52
83 35
83 4
83 29
83 30
84 13
85 13
86 75
86 68
86 70
86 71
86 72
86 42
86 11
86 12
86 61
86 79
86 80
86 49
86 43
86 25
86 26
86 74
87 2
87 41
87 47
87 21
87 57
87 60
87 63
88 66
88 3
88 68
88 69
88 73
88 12
88 45
88 14
88 79
88 26
88 78
88 54
88 58
88 37
88 53
88 62
88 5
