88
3 64
3 33
3 66
3 27
3 40
3 9
3 76
3 47
3 49
3 50
3 85
3 79
3 30
4 33
4 66
4 27
4 70
4 40
4 9
4 76
4 47
4 49
4 50
4 85
4 79
4 30
5 33
5 66
5 27
5 70
5 40
5 9
5 76
5 47
5 49
5 50
5 85
5 79
5 30
6 33
6 2
6 67
6 5
6 38
6 71
6 31
6 30
6 78
6 47
6 27
6 20
6 21
6 25
6 79
6 70
6 62
6 53
7 33
7 66
7 27
7 5
7 70
7 40
7 9
7 47
7 49
7 50
7 30
7 79
7 62
8 1
8 2
8 3
8 12
8 13
8 14
8 22
8 23
8 24
8 25
8 26
8 32
8 34
8 35
8 36
8 39
8 41
8 42
8 43
8 44
8 45
8 46
8 48
8 52
8 65
8 67
8 69
8 72
8 73
8 77
8 78
10 1
10 2
10 3
10 12
10 13
10 14
10 22
10 23
10 24
10 25
10 26
10 32
10 34
10 35
10 36
10 39
10 41
10 42
10 43
10 44
10 45
10 46
10 48
10 52
10 65
10 67
10 69
10 72
10 73
10 77
10 78
11 2
11 14
11 20
11 21
11 22
11 23
11 25
11 26
11 31
11 32
11 34
11 35
11 36
11 38
11 39
11 48
11 52
11 53
11 62
11 65
11 67
11 69
11 71
11 72
11 77
11 78
12 2
12 5
12 20
12 21
12 22
12 23
12 25
12 31
12 34
12 35
12 36
12 38
12 39
12 48
12 52
12 53
12 62
12 65
12 67
12 70
12 71
12 72
12 78
13 2
13 67
13 36
13 5
13 38
13 71
13 30
13 34
13 78
13 47
13 48
13 52
13 21
13 23
13 20
13 25
13 31
13 70
13 62
13 53
14 1
14 2
14 3
14 12
14 13
14 22
14 23
14 24
14 25
14 26
14 32
14 34
14 35
14 36
14 39
14 41
14 42
14 43
14 44
14 45
14 46
14 48
14 52
14 65
14 67
14 69
14 72
14 73
14 77
14 78
16 64
16 33
16 66
16 27
16 40
16 9
16 76
16 47
16 49
16 50
16 85
16 79
16 30
17 64
17 33
17 66
17 27
17 40
17 9
17 76
17 47
17 49
17 50
17 85
17 79
17 30
18 64
18 33
18 66
18 27
18 70
18 40
18 9
18 76
18 47
18 49
18 50
18 85
18 79
18 30
20 1
20 2
20 3
20 13
20 14
20 21
20 22
20 23
20 25
20 26
20 31
20 32
20 34
20 35
20 36
20 38
20 39
20 43
20 44
20 48
20 52
20 53
20 65
20 67
20 69
20 71
20 72
20 73
20 77
20 78
22 64
22 66
22 40
22 9
22 76
22 49
22 50
22 85
23 64
23 33
23 66
23 40
23 9
23 76
23 79
23 49
23 50
23 85
23 27
24 33
24 2
24 27
24 5
24 38
24 71
24 31
24 30
24 78
24 47
24 20
24 21
24 79
24 70
24 62
24 53
26 65
26 2
26 67
26 36
26 5
26 38
26 71
26 34
26 78
26 48
26 52
26 21
26 22
26 23
26 20
26 25
26 31
26 70
26 62
26 53
29 2
29 5
29 20
29 21
29 22
29 23
29 25
29 31
29 34
29 35
29 36
29 38
29 39
29 48
29 52
29 53
29 62
29 65
29 67
29 70
29 71
29 72
29 78
30 33
30 2
30 67
30 36
30 5
30 38
30 71
30 31
30 34
30 78
30 47
30 20
30 21
30 23
30 25
30 79
30 70
30 62
30 53
34 2
34 5
34 14
34 20
34 21
34 22
34 23
34 25
34 26
34 31
34 32
34 35
34 36
34 38
34 39
34 48
34 52
34 53
34 62
34 65
34 67
34 69
34 71
34 72
34 77
34 78
35 1
35 3
35 12
35 13
35 14
35 22
35 23
35 24
35 25
35 26
35 32
35 34
35 36
35 39
35 41
35 42
35 43
35 44
35 45
35 46
35 48
35 52
35 65
35 67
35 69
35 72
35 73
35 77
35 78
41 2
41 67
41 36
41 5
41 38
41 71
41 30
41 34
41 78
41 47
41 52
41 21
41 23
41 20
41 25
41 31
41 70
41 62
41 53
45 1
45 3
45 11
45 12
45 13
45 14
45 22
45 23
45 24
45 25
45 26
45 32
45 34
45 35
45 36
45 39
45 41
45 42
45 43
45 44
45 46
45 48
45 52
45 65
45 67
45 69
45 72
45 73
45 77
45 78
52 33
52 66
52 27
52 5
52 70
52 40
52 30
52 47
52 20
52 21
52 79
52 62
54 64
54 33
54 66
54 27
54 40
54 9
54 76
54 47
54 49
54 50
54 85
54 79
54 30
55 64
55 66
55 40
55 9
55 76
55 49
55 50
55 85
56 1
56 2
56 14
56 20
56 21
56 22
56 23
56 25
56 26
56 31
56 32
56 34
56 35
56 36
56 38
56 39
56 48
56 52
56 53
56 62
56 65
56 67
56 69
56 71
56 72
56 73
56 77
56 78
57 2
57 5
57 20
57 21
57 22
57 23
57 25
57 31
57 34
57 35
57 36
57 38
57 39
57 48
57 52
57 53
57 62
57 65
57 67
57 70
57 71
57 72
57 78
58 33
58 66
58 27
58 5
58 70
58 40
58 9
58 76
58 47
58 49
58 50
58 85
58 79
58 30
59 1
59 3
59 7
59 10
59 11
59 12
59 13
59 14
59 22
59 23
59 24
59 25
59 26
59 32
59 34
59 35
59 36
59 39
59 41
59 42
59 43
59 44
59 45
59 46
59 48
59 52
59 63
59 65
59 67
59 69
59 72
59 73
59 77
60 64
60 33
60 66
60 40
60 9
60 76
60 79
60 49
60 50
60 85
60 27
61 1
61 2
61 3
61 12
61 13
61 14
61 22
61 23
61 25
61 26
61 32
61 34
61 35
61 36
61 39
61 42
61 43
61 44
61 45
61 46
61 48
61 52
61 53
61 65
61 67
61 69
61 71
61 72
61 73
61 77
61 78
63 1
63 2
63 14
63 20
63 21
63 22
63 23
63 25
63 26
63 31
63 32
63 34
63 35
63 36
63 38
63 39
63 48
63 52
63 53
63 62
63 65
63 67
63 69
63 71
63 72
63 73
63 77
63 78
64 1
64 2
64 3
64 12
64 13
64 14
64 22
64 23
64 24
64 25
64 26
64 32
64 34
64 35
64 36
64 39
64 41
64 42
64 43
64 44
64 45
64 46
64 48
64 52
64 65
64 67
64 69
64 72
64 73
64 77
64 78
68 81
68 82
68 28
68 15
69 1
69 2
69 14
69 20
69 21
69 22
69 23
69 25
69 26
69 31
69 32
69 34
69 35
69 36
69 38
69 39
69 48
69 52
69 53
69 65
69 67
69 71
69 72
69 73
69 77
69 78
74 2
74 67
74 36
74 5
74 38
74 71
74 30
74 34
74 78
74 47
74 52
74 21
74 23
74 20
74 25
74 31
74 70
74 62
74 53
75 2
75 5
75 20
75 21
75 22
75 23
75 25
75 31
75 34
75 35
75 36
75 38
75 39
75 48
75 52
75 53
75 62
75 65
75 67
75 70
75 71
75 72
75 78
80 64
80 82
83 1
83 2
83 3
83 13
83 14
83 20
83 21
83 22
83 23
83 25
83 26
83 31
83 32
83 34
83 35
83 36
83 38
83 39
83 43
83 44
83 48
83 52
83 53
83 65
83 67
83 69
83 71
83 72
83 73
83 77
83 78
86 64
86 9
86 76
86 49
86 50
86 85
87 1
87 3
87 11
87 12
87 13
87 14
87 22
87 23
87 24
87 25
87 26
87 32
87 34
87 35
87 36
87 39
87 41
87 42
87 43
87 44
87 45
87 46
87 48
87 52
87 65
87 67
87 69
87 72
87 73
87 77
87 78
88 81
88 82
88 28
88 15
