88
1 4
1 11
1 14
1 17
1 22
1 26
1 28
1 35
1 38
1 41
1 43
1 44
1 45
1 46
1 49
1 52
1 58
1 66
1 68
1 69
1 73
1 75
1 77
1 78
1 80
1 83
1 84
1 87
1 88
2 64
2 33
2 34
2 3
2 32
2 5
2 7
2 40
2 42
2 39
2 48
2 81
2 50
2 20
2 85
2 54
2 23
2 29
2 62
2 37
4 1
4 10
4 11
4 14
4 22
4 23
4 27
4 29
4 33
4 34
4 37
4 39
4 42
4 43
4 45
4 46
4 48
4 49
4 50
4 52
4 58
4 62
4 64
4 66
4 69
4 74
4 78
4 84
4 85
8 1
8 4
8 10
8 11
8 14
8 17
8 22
8 23
8 27
8 28
8 35
8 37
8 41
8 43
8 44
8 45
8 46
8 49
8 50
8 52
8 58
8 66
8 69
8 73
8 74
8 78
8 83
8 84
8 87
11 3
11 5
11 7
11 10
11 20
11 23
11 27
11 29
11 32
11 33
11 34
11 37
11 39
11 40
11 42
11 48
11 50
11 54
11 62
11 64
11 74
11 81
11 85
12 1
12 4
12 10
12 11
12 14
12 22
12 23
12 27
12 28
12 37
12 41
12 42
12 43
12 44
12 45
12 46
12 49
12 50
12 52
12 58
12 66
12 69
12 73
12 74
12 78
12 83
12 84
12 87
13 1
13 4
13 10
13 11
13 14
13 22
13 23
13 27
13 29
13 33
13 34
13 37
13 39
13 42
13 43
13 45
13 46
13 48
13 49
13 50
13 52
13 58
13 62
13 64
13 66
13 69
13 74
13 78
13 84
13 85
17 3
17 5
17 7
17 20
17 23
17 27
17 29
17 32
17 33
17 34
17 37
17 39
17 40
17 42
17 48
17 50
17 54
17 62
17 64
17 74
17 81
17 85
18 36
18 76
18 70
21 81
21 76
21 5
21 70
21 36
24 32
24 36
24 5
24 70
24 7
24 40
24 76
24 81
27 1
27 3
27 4
27 7
27 10
27 11
27 14
27 20
27 22
27 23
27 29
27 33
27 34
27 37
27 39
27 42
27 43
27 45
27 48
27 49
27 50
27 52
27 54
27 58
27 62
27 64
27 69
27 74
27 78
27 84
27 85
28 3
28 5
28 7
28 10
28 20
28 23
28 27
28 29
28 32
28 33
28 34
28 37
28 39
28 40
28 42
28 48
28 50
28 54
28 62
28 64
28 74
28 81
28 85
29 1
29 4
29 10
29 11
29 14
29 17
29 22
29 23
29 27
29 28
29 35
29 37
29 41
29 43
29 44
29 45
29 46
29 49
29 50
29 52
29 58
29 66
29 69
29 73
29 74
29 78
29 83
29 84
29 87
30 1
30 3
30 4
30 7
30 10
30 11
30 14
30 20
30 22
30 23
30 27
30 29
30 32
30 33
30 34
30 37
30 39
30 40
30 42
30 45
30 48
30 49
30 50
30 52
30 54
30 58
30 62
30 64
30 69
30 74
30 78
30 85
31 32
31 36
31 5
31 70
31 40
31 76
31 81
33 1
33 3
33 4
33 7
33 10
33 11
33 14
33 20
33 22
33 23
33 27
33 29
33 34
33 37
33 39
33 40
33 42
33 45
33 48
33 49
33 50
33 52
33 54
33 58
33 62
33 64
33 69
33 74
33 78
33 85
35 1
35 4
35 10
35 11
35 14
35 22
35 23
35 27
35 28
35 37
35 41
35 42
35 43
35 44
35 45
35 46
35 49
35 50
35 52
35 58
35 62
35 66
35 69
35 73
35 74
35 78
35 83
35 84
35 87
38 64
38 33
38 34
38 3
38 32
38 5
38 7
38 40
38 39
38 48
38 81
38 20
38 85
38 54
38 29
41 1
41 4
41 10
41 11
41 14
41 22
41 23
41 27
41 28
41 29
41 33
41 37
41 42
41 43
41 44
41 45
41 46
41 49
41 50
41 52
41 58
41 62
41 64
41 66
41 69
41 73
41 74
41 78
41 84
41 85
41 87
43 1
43 4
43 10
43 11
43 14
43 22
43 23
43 27
43 29
43 33
43 34
43 37
43 42
43 45
43 46
43 49
43 50
43 52
43 58
43 62
43 64
43 66
43 69
43 73
43 74
43 78
43 84
43 85
44 64
44 33
44 34
44 3
44 32
44 5
44 7
44 40
44 39
44 48
44 81
44 20
44 54
45 1
45 4
45 11
45 14
45 17
45 22
45 26
45 28
45 35
45 38
45 41
45 43
45 44
45 46
45 49
45 52
45 58
45 66
45 68
45 69
45 73
45 75
45 77
45 78
45 80
45 83
45 84
45 87
45 88
47 32
47 3
47 36
47 5
47 70
47 7
47 40
47 76
47 81
48 1
48 4
48 10
48 11
48 14
48 17
48 22
48 26
48 27
48 28
48 35
48 41
48 43
48 44
48 45
48 46
48 49
48 52
48 58
48 66
48 69
48 73
48 75
48 78
48 80
48 83
48 84
48 87
48 88
49 81
49 76
49 5
49 70
49 36
50 1
50 4
50 10
50 11
50 14
50 22
50 23
50 27
50 28
50 29
50 37
50 42
50 43
50 44
50 45
50 46
50 49
50 52
50 58
50 62
50 64
50 66
50 69
50 73
50 74
50 78
50 84
50 85
50 87
51 1
51 4
51 10
51 11
51 14
51 22
51 23
51 27
51 28
51 29
51 33
51 37
51 42
51 43
51 45
51 46
51 49
51 50
51 52
51 58
51 62
51 64
51 66
51 69
51 73
51 74
51 78
51 84
51 85
51 87
53 1
53 4
53 10
53 11
53 14
53 17
53 22
53 23
53 26
53 27
53 28
53 35
53 37
53 41
53 43
53 44
53 45
53 46
53 49
53 52
53 58
53 66
53 69
53 73
53 74
53 78
53 80
53 83
53 84
53 87
56 1
56 4
56 10
56 11
56 14
56 17
56 22
56 26
56 28
56 35
56 41
56 43
56 44
56 45
56 46
56 49
56 52
56 58
56 66
56 69
56 73
56 75
56 78
56 80
56 83
56 84
56 87
56 88
59 36
59 19
59 76
59 70
60 19
63 3
63 7
63 10
63 11
63 14
63 20
63 22
63 23
63 27
63 29
63 32
63 33
63 34
63 37
63 39
63 40
63 42
63 45
63 48
63 50
63 52
63 54
63 62
63 64
63 69
63 74
63 78
63 85
65 1
65 3
65 4
65 7
65 10
65 11
65 14
65 20
65 22
65 23
65 27
65 29
65 33
65 34
65 37
65 39
65 40
65 42
65 45
65 48
65 49
65 50
65 52
65 54
65 58
65 62
65 64
65 69
65 74
65 78
65 85
68 3
68 5
68 7
68 20
68 23
68 27
68 29
68 32
68 33
68 34
68 37
68 39
68 40
68 42
68 48
68 50
68 54
68 62
68 64
68 74
68 81
68 85
75 1
75 4
75 11
75 14
75 17
75 22
75 26
75 28
75 35
75 38
75 41
75 43
75 44
75 45
75 46
75 49
75 52
75 58
75 66
75 68
75 69
75 73
75 77
75 78
75 80
75 83
75 84
75 87
75 88
77 64
77 33
77 34
77 3
77 32
77 5
77 7
77 40
77 42
77 39
77 48
77 81
77 50
77 20
77 85
77 54
77 23
77 29
77 62
77 37
79 64
79 33
79 34
79 3
79 32
79 5
79 7
79 40
79 42
79 39
79 48
79 81
79 20
79 85
79 54
79 29
79 62
81 32
81 3
81 36
81 5
81 70
81 7
81 40
81 76
81 20
83 81
83 76
83 5
83 70
83 36
86 19
87 1
87 4
87 10
87 11
87 14
87 22
87 23
87 27
87 28
87 29
87 33
87 37
87 42
87 43
87 44
87 45
87 46
87 49
87 50
87 52
87 58
87 62
87 64
87 66
87 69
87 73
87 74
87 78
87 84
87 85
