88
1 64
1 57
1 23
1 65
2 3
2 6
2 11
2 14
2 17
2 21
2 22
2 29
2 33
2 44
2 46
2 53
2 56
2 59
2 61
2 63
2 67
2 71
2 72
2 78
2 79
2 81
2 82
3 6
3 7
3 10
3 14
3 21
3 22
3 28
3 29
3 32
3 43
3 44
3 46
3 56
3 59
3 63
3 67
3 68
3 70
3 71
3 72
3 73
3 75
3 77
3 78
3 81
3 82
3 88
4 32
4 75
4 68
4 70
4 38
4 7
4 73
4 10
4 43
4 44
4 77
4 78
4 80
4 86
4 88
4 28
4 63
5 32
5 75
5 68
5 70
5 38
5 7
5 10
5 43
5 77
5 80
5 86
5 88
5 28
8 32
8 38
8 70
8 7
8 10
8 75
8 77
8 80
8 86
8 88
10 32
10 75
10 68
10 70
10 38
10 7
10 73
10 43
10 77
10 80
10 86
10 88
10 28
10 63
11 38
11 45
11 80
11 88
11 86
11 24
13 64
13 36
13 37
13 52
13 55
13 25
14 80
14 24
14 86
14 45
14 38
15 32
15 38
15 10
15 45
15 80
15 24
15 86
15 88
16 64
16 57
16 23
16 65
19 32
19 70
19 38
19 7
19 10
19 45
19 80
19 24
19 86
19 88
20 32
20 68
20 38
20 70
20 7
20 10
20 75
20 77
20 80
20 86
20 88
21 32
21 70
21 38
21 7
21 10
21 45
21 80
21 24
21 86
21 88
25 38
25 45
25 80
25 88
25 86
25 24
26 7
26 10
26 22
26 28
26 29
26 32
26 38
26 43
26 44
26 46
26 56
26 59
26 63
26 67
26 68
26 70
26 72
26 73
26 75
26 77
26 78
26 80
26 82
26 88
27 80
27 24
27 86
27 45
27 38
28 80
28 24
28 45
28 86
29 32
29 70
29 38
29 7
29 10
29 45
29 80
29 24
29 86
29 88
30 3
30 6
30 11
30 14
30 17
30 21
30 22
30 28
30 29
30 43
30 44
30 46
30 53
30 56
30 59
30 61
30 63
30 67
30 68
30 71
30 72
30 73
30 75
30 78
30 79
30 81
30 82
31 6
31 7
31 10
31 14
31 21
31 22
31 28
31 29
31 32
31 43
31 44
31 46
31 56
31 59
31 63
31 67
31 68
31 70
31 71
31 72
31 73
31 75
31 77
31 78
31 81
31 82
34 32
34 38
34 70
34 7
34 10
34 77
34 45
34 80
34 86
34 88
35 33
35 36
35 11
35 17
35 53
35 55
35 61
36 38
36 45
36 80
36 88
36 86
36 24
37 3
37 6
37 11
37 14
37 17
37 21
37 22
37 28
37 29
37 43
37 44
37 46
37 56
37 59
37 63
37 67
37 68
37 71
37 72
37 73
37 75
37 77
37 78
37 79
37 81
37 82
39 33
39 3
39 36
39 71
39 11
39 79
39 17
39 53
39 55
39 61
40 32
40 68
40 38
40 70
40 7
40 10
40 75
40 77
40 80
40 86
40 88
41 33
41 3
41 36
41 71
41 11
41 79
41 81
41 17
41 55
41 61
41 53
46 38
46 45
46 80
46 88
46 86
46 24
47 3
47 6
47 7
47 10
47 14
47 21
47 22
47 28
47 29
47 32
47 43
47 44
47 46
47 56
47 59
47 63
47 67
47 68
47 70
47 71
47 72
47 73
47 75
47 77
47 78
47 79
47 81
47 82
48 3
48 6
48 7
48 10
48 14
48 21
48 22
48 28
48 29
48 32
48 43
48 44
48 46
48 56
48 59
48 63
48 67
48 68
48 70
48 71
48 72
48 73
48 75
48 77
48 78
48 79
48 81
48 82
49 3
49 6
49 7
49 10
49 14
49 21
49 22
49 28
49 29
49 43
49 44
49 46
49 56
49 59
49 63
49 67
49 68
49 70
49 71
49 72
49 73
49 75
49 77
49 78
49 79
49 81
49 82
50 3
50 6
50 11
50 14
50 17
50 21
50 22
50 28
50 29
50 43
50 44
50 46
50 56
50 59
50 63
50 67
50 68
50 71
50 72
50 73
50 75
50 77
50 78
50 79
50 81
50 82
51 3
51 6
51 11
51 14
51 17
51 21
51 22
51 29
51 33
51 44
51 46
51 53
51 56
51 59
51 61
51 63
51 67
51 71
51 72
51 73
51 78
51 79
51 81
51 82
53 32
53 38
53 7
53 10
53 45
53 80
53 24
53 86
53 88
54 3
54 6
54 7
54 14
54 21
54 22
54 28
54 29
54 43
54 44
54 46
54 56
54 59
54 63
54 67
54 68
54 70
54 71
54 72
54 73
54 75
54 77
54 78
54 79
54 81
54 82
56 32
56 75
56 68
56 70
56 38
56 7
56 73
56 10
56 43
56 44
56 77
56 78
56 80
56 86
56 88
56 28
56 63
59 32
59 38
59 70
59 7
59 10
59 75
59 77
59 80
59 86
59 88
60 33
60 3
60 36
60 71
60 11
60 79
60 17
60 53
60 55
60 61
61 80
61 24
61 86
61 45
61 38
62 33
62 3
62 36
62 71
62 11
62 79
62 17
62 53
62 55
62 61
65 7
65 10
65 22
65 28
65 29
65 32
65 38
65 43
65 44
65 56
65 59
65 63
65 67
65 68
65 70
65 73
65 75
65 77
65 78
65 80
65 82
65 88
66 32
66 75
66 68
66 70
66 38
66 7
66 73
66 10
66 43
66 44
66 77
66 78
66 80
66 88
66 86
66 56
66 28
66 63
67 80
67 24
67 86
67 45
67 38
68 32
68 38
68 70
68 7
68 10
68 45
68 80
68 86
68 88
69 6
69 7
69 10
69 14
69 21
69 22
69 28
69 29
69 32
69 38
69 43
69 44
69 46
69 56
69 59
69 63
69 67
69 68
69 70
69 72
69 73
69 75
69 77
69 78
69 82
69 88
71 32
71 38
71 70
71 7
71 10
71 45
71 80
71 86
71 88
73 6
73 7
73 10
73 22
73 28
73 29
73 32
73 38
73 43
73 44
73 46
73 56
73 59
73 63
73 67
73 68
73 70
73 72
73 75
73 77
73 78
73 82
73 88
74 7
74 10
74 22
74 28
74 29
74 32
74 38
74 43
74 44
74 56
74 59
74 63
74 67
74 68
74 70
74 73
74 75
74 77
74 78
74 80
74 82
74 88
75 32
75 67
75 68
75 70
75 38
75 7
75 73
75 10
75 43
75 44
75 77
75 78
75 80
75 56
75 88
75 59
75 28
75 29
75 63
76 3
76 6
76 11
76 14
76 17
76 21
76 22
76 28
76 29
76 43
76 44
76 46
76 53
76 56
76 59
76 61
76 63
76 67
76 71
76 72
76 73
76 78
76 79
76 81
76 82
77 32
77 75
77 68
77 70
77 38
77 7
77 73
77 10
77 43
77 44
77 78
77 80
77 88
77 86
77 56
77 28
77 63
78 80
78 24
78 86
78 45
78 38
79 32
79 75
79 68
79 70
79 38
79 7
79 73
79 10
79 43
79 77
79 80
79 86
79 88
79 28
81 32
81 70
81 38
81 7
81 10
81 45
81 80
81 24
81 86
81 88
82 32
82 67
82 68
82 70
82 38
82 7
82 73
82 10
82 43
82 44
82 77
82 78
82 80
82 56
82 75
82 88
82 59
82 28
82 29
82 63
83 33
83 3
83 36
83 11
83 79
83 17
83 53
83 55
83 61
84 33
84 36
84 11
84 17
84 53
84 55
84 61
85 32
85 38
85 70
85 7
85 10
85 77
85 45
85 80
85 86
85 88
86 80
86 24
86 45
87 6
87 7
87 10
87 21
87 22
87 28
87 29
87 32
87 38
87 43
87 44
87 46
87 56
87 59
87 63
87 67
87 68
87 70
87 72
87 73
87 75
87 77
87 78
87 82
87 88
88 80
88 24
88 86
88 45
88 38
