88
2 9
2 26
2 27
2 29
2 30
2 31
2 39
2 40
2 41
2 42
2 46
2 47
2 49
2 54
2 55
2 58
2 66
2 69
2 70
2 72
2 75
2 76
2 77
2 81
2 84
2 85
2 86
3 34
3 68
3 73
3 74
3 50
3 79
3 80
3 17
3 82
3 51
3 53
3 22
3 87
3 88
3 28
3 62
4 3
4 17
4 26
4 30
4 31
4 39
4 40
4 41
4 48
4 49
4 51
4 54
4 55
4 57
4 69
4 72
4 74
4 75
4 76
4 77
4 78
4 79
4 82
6 3
6 17
6 26
6 30
6 31
6 39
6 40
6 41
6 48
6 49
6 50
6 51
6 54
6 57
6 68
6 72
6 73
6 74
6 75
6 76
6 77
6 78
6 79
6 82
7 2
7 35
7 70
7 71
7 9
7 42
7 66
7 46
7 45
7 27
7 81
7 84
7 85
7 86
7 25
7 58
7 47
7 29
8 2
8 9
8 25
8 27
8 29
8 30
8 31
8 42
8 46
8 47
8 49
8 55
8 58
8 66
8 69
8 70
8 71
8 72
8 77
8 81
8 84
8 85
8 86
9 14
9 15
9 80
9 18
9 87
9 62
10 3
10 17
10 26
10 30
10 31
10 39
10 40
10 41
10 48
10 49
10 50
10 51
10 53
10 54
10 57
10 68
10 72
10 73
10 74
10 75
10 76
10 78
10 79
10 82
11 3
11 17
11 26
11 31
11 34
11 39
11 40
11 41
11 48
11 49
11 50
11 51
11 53
11 54
11 57
11 68
11 73
11 74
11 75
11 76
11 78
11 79
11 82
12 2
12 35
12 66
12 70
12 71
12 45
12 46
12 47
12 81
12 84
12 25
12 29
13 3
13 17
13 22
13 26
13 34
13 39
13 40
13 41
13 48
13 50
13 51
13 53
13 54
13 57
13 68
13 73
13 74
13 75
13 76
13 78
13 79
13 82
16 34
16 68
16 73
16 74
16 50
16 14
16 80
16 82
16 53
16 22
16 87
16 88
16 28
16 62
18 62
18 5
18 14
18 15
19 3
19 17
19 26
19 30
19 31
19 39
19 40
19 41
19 48
19 49
19 50
19 51
19 53
19 54
19 57
19 68
19 73
19 74
19 75
19 76
19 78
19 79
19 82
24 3
24 9
24 17
24 26
24 27
24 30
24 31
24 39
24 40
24 41
24 42
24 48
24 49
24 51
24 54
24 55
24 57
24 58
24 69
24 72
24 75
24 76
24 77
24 78
24 79
25 18
25 62
25 5
25 14
25 15
28 14
28 15
28 80
28 18
28 22
28 87
28 88
28 62
29 3
29 9
29 17
29 26
29 30
29 31
29 39
29 40
29 41
29 48
29 49
29 51
29 54
29 55
29 57
29 69
29 72
29 74
29 75
29 76
29 77
29 78
29 79
30 3
30 9
30 17
30 26
30 27
30 31
30 39
30 40
30 41
30 42
30 48
30 49
30 51
30 54
30 55
30 57
30 58
30 69
30 72
30 75
30 76
30 77
30 78
30 79
31 34
31 68
31 73
31 74
31 50
31 14
31 80
31 82
31 53
31 22
31 87
31 88
31 28
31 62
32 34
32 3
32 68
32 73
32 74
32 75
32 50
32 78
32 79
32 48
32 17
32 82
32 51
32 53
32 22
32 88
32 57
32 26
32 28
33 34
33 3
33 68
33 73
33 74
33 50
33 79
33 80
33 17
33 82
33 51
33 53
33 22
33 87
33 88
33 28
33 62
34 18
34 62
34 5
34 14
34 15
35 3
35 9
35 17
35 26
35 30
35 31
35 39
35 40
35 41
35 48
35 49
35 51
35 54
35 55
35 57
35 69
35 72
35 74
35 75
35 76
35 77
35 78
35 79
36 34
36 68
36 73
36 74
36 50
36 14
36 80
36 82
36 53
36 22
36 87
36 88
36 28
36 62
37 34
37 73
37 14
37 80
37 18
37 53
37 22
37 87
37 88
37 28
37 62
38 48
38 34
38 3
38 68
38 73
38 74
38 50
38 79
38 80
38 17
38 82
38 51
38 53
38 22
38 87
38 88
38 28
39 34
39 3
39 68
39 73
39 74
39 50
39 14
39 80
39 17
39 82
39 53
39 22
39 87
39 88
39 28
39 62
40 48
40 34
40 3
40 68
40 73
40 74
40 50
40 79
40 80
40 17
40 82
40 51
40 53
40 22
40 88
40 57
40 28
41 18
41 62
41 5
41 14
41 15
43 3
43 17
43 26
43 30
43 31
43 39
43 40
43 41
43 48
43 49
43 51
43 54
43 55
43 57
43 69
43 72
43 74
43 75
43 76
43 77
43 78
43 79
43 82
44 2
44 35
44 66
44 70
44 71
44 45
44 46
44 47
44 81
44 84
44 85
44 86
44 25
44 29
47 34
47 3
47 68
47 73
47 74
47 50
47 79
47 80
47 17
47 82
47 51
47 53
47 22
47 87
47 88
47 28
49 14
49 15
49 80
49 18
49 87
49 88
49 28
49 62
50 34
50 68
50 73
50 14
50 80
50 18
50 53
50 22
50 87
50 88
50 28
50 62
51 14
51 15
51 80
51 18
51 87
51 88
51 28
51 62
52 34
52 3
52 68
52 73
52 74
52 50
52 14
52 80
52 17
52 82
52 53
52 22
52 87
52 88
52 28
52 62
55 18
55 62
55 5
55 14
55 15
56 9
56 26
56 27
56 30
56 31
56 39
56 40
56 41
56 42
56 48
56 49
56 51
56 54
56 55
56 57
56 58
56 66
56 69
56 72
56 75
56 76
56 77
56 78
56 79
56 85
56 86
57 14
57 15
57 80
57 18
57 87
57 62
58 34
58 14
58 80
58 18
58 53
58 22
58 87
58 88
58 28
58 62
59 80
59 34
59 3
59 68
59 73
59 74
59 75
59 50
59 78
59 79
59 48
59 17
59 82
59 51
59 53
59 22
59 88
59 57
59 26
59 28
60 9
60 26
60 27
60 30
60 31
60 39
60 40
60 41
60 42
60 48
60 49
60 51
60 54
60 55
60 57
60 58
60 66
60 69
60 72
60 75
60 76
60 77
60 78
60 85
60 86
61 34
61 73
61 18
61 14
61 80
61 50
61 53
61 22
61 87
61 88
61 28
61 62
62 14
62 15
62 80
62 18
62 87
62 88
62 28
63 18
63 62
63 5
63 14
63 15
64 34
64 3
64 68
64 41
64 74
64 75
64 50
64 78
64 79
64 48
64 17
64 82
64 51
64 53
64 22
64 73
64 88
64 57
64 26
64 28
66 34
66 14
66 80
66 18
66 53
66 22
66 87
66 88
66 28
66 62
67 2
67 27
67 69
67 70
67 71
67 9
67 42
67 66
67 46
67 45
67 81
67 84
67 85
67 86
67 55
67 25
67 58
67 47
67 29
68 34
68 73
68 74
68 50
68 14
68 80
68 82
68 53
68 22
68 87
68 88
68 28
68 62
73 34
73 50
73 68
73 82
73 14
73 80
73 18
73 53
73 22
73 87
73 88
73 28
73 62
74 18
74 62
74 5
74 14
74 15
75 34
75 14
75 80
75 18
75 53
75 22
75 87
75 88
75 28
75 62
77 14
77 15
77 80
77 18
77 87
77 88
77 28
77 62
78 14
78 15
78 80
78 18
78 22
78 87
78 88
78 28
78 62
80 18
80 15
80 62
80 14
80 87
83 3
83 17
83 26
83 30
83 31
83 39
83 40
83 41
83 48
83 49
83 50
83 51
83 53
83 54
83 57
83 68
83 73
83 74
83 75
83 76
83 78
83 79
83 82
84 34
84 68
84 73
84 74
84 50
84 14
84 80
84 82
84 53
84 22
84 87
84 88
84 28
84 62
87 14
87 15
87 80
87 18
87 88
87 28
87 62
88 34
88 14
88 15
88 80
88 18
88 22
88 87
88 28
88 62
