88
1 64
1 34
1 69
1 38
1 8
1 41
1 46
1 44
1 61
1 12
1 79
1 81
1 18
1 51
1 14
1 73
1 87
1 25
1 15
1 78
1 85
2 51
2 69
2 39
2 9
2 42
2 83
2 25
4 2
4 50
5 64
5 83
5 69
5 39
5 41
5 42
5 87
5 14
5 79
5 51
5 73
5 25
5 61
6 2
6 50
10 1
10 5
10 48
10 40
10 16
10 22
10 28
10 31
11 64
11 83
11 69
11 39
11 9
11 42
11 87
11 14
11 79
11 51
11 73
11 41
11 25
12 64
12 83
12 69
12 39
12 41
12 42
12 87
12 14
12 79
12 51
12 73
12 25
12 61
14 64
14 51
14 69
14 39
14 9
14 42
14 83
14 25
15 9
15 42
15 83
15 69
15 39
17 16
17 2
17 50
17 30
17 13
18 64
18 34
18 69
18 38
18 8
18 41
18 46
18 44
18 61
18 12
18 79
18 81
18 51
18 14
18 73
18 25
18 87
18 15
18 78
18 85
19 2
19 50
19 13
19 30
20 2
20 50
20 13
20 30
21 64
21 83
21 69
21 39
21 41
21 42
21 14
21 79
21 18
21 51
21 73
21 87
21 25
21 61
23 64
23 34
23 69
23 38
23 8
23 41
23 46
23 44
23 61
23 12
23 79
23 81
23 18
23 51
23 14
23 73
23 87
23 25
23 15
23 78
23 85
25 64
25 83
25 69
25 39
25 41
25 42
25 87
25 14
25 79
25 51
25 73
25 61
26 2
26 13
26 16
26 50
26 22
26 30
27 1
27 5
27 48
27 40
27 16
27 22
27 28
27 30
29 1
29 5
29 16
29 13
29 48
29 22
29 28
29 30
30 1
30 5
30 48
30 40
30 16
30 22
30 28
30 31
31 64
31 83
31 69
31 39
31 41
31 42
31 14
31 79
31 18
31 51
31 73
31 87
31 25
31 61
32 1
32 5
32 48
32 40
32 16
32 22
32 28
32 31
33 1
33 34
33 5
33 38
33 31
33 8
33 41
33 44
33 61
33 12
33 79
33 48
33 81
33 18
33 46
33 40
33 15
33 28
33 78
33 85
34 64
34 31
34 38
34 12
34 8
34 41
34 46
34 44
34 78
34 15
34 81
34 18
34 51
34 40
34 14
34 73
34 87
34 79
34 61
34 85
35 64
35 34
35 31
35 38
35 12
35 8
35 41
35 46
35 44
35 78
35 15
35 81
35 18
35 51
35 40
35 14
35 73
35 87
35 79
35 61
35 85
36 1
36 34
36 5
36 38
36 8
36 12
36 44
36 78
36 15
36 48
36 81
36 18
36 46
36 22
36 40
36 31
36 28
36 85
37 64
37 34
37 31
37 38
37 12
37 8
37 41
37 46
37 44
37 78
37 15
37 81
37 18
37 51
37 40
37 14
37 73
37 87
37 79
37 61
37 85
38 64
38 34
38 31
38 12
38 8
38 41
38 46
38 44
38 78
38 15
38 81
38 18
38 40
38 14
38 73
38 87
38 79
38 61
38 85
41 51
41 69
41 39
41 9
41 42
41 83
41 25
43 64
43 34
43 69
43 38
43 8
43 41
43 46
43 44
43 61
43 12
43 79
43 81
43 18
43 51
43 14
43 73
43 87
43 25
43 15
43 78
43 85
45 83
45 69
45 39
45 9
45 42
45 14
45 51
45 25
47 1
47 34
47 5
47 38
47 40
47 44
47 46
47 48
47 78
47 22
47 31
47 28
47 16
48 64
48 83
48 69
48 39
48 41
48 42
48 14
48 79
48 18
48 51
48 73
48 87
48 25
48 61
49 1
49 34
49 5
49 38
49 8
49 12
49 44
49 61
49 46
49 15
49 48
49 81
49 18
49 85
49 40
49 28
49 78
49 31
51 64
51 69
51 39
51 9
51 42
51 87
51 14
51 79
51 83
51 73
51 41
51 25
52 1
52 34
52 5
52 38
52 8
52 12
52 44
52 78
52 15
52 48
52 81
52 18
52 46
52 22
52 40
52 31
52 28
52 61
52 85
53 1
53 5
53 8
53 12
53 14
53 15
53 18
53 31
53 34
53 38
53 40
53 41
53 44
53 46
53 61
53 64
53 73
53 78
53 79
53 81
53 85
53 87
54 64
54 34
54 31
54 38
54 12
54 8
54 41
54 46
54 44
54 78
54 15
54 81
54 18
54 40
54 14
54 73
54 87
54 79
54 61
54 85
55 64
55 51
55 69
55 39
55 8
55 41
55 42
55 12
55 14
55 15
55 81
55 18
55 83
55 85
55 73
55 87
55 25
55 79
55 61
56 51
56 69
56 39
56 9
56 42
56 83
56 25
57 64
57 51
57 69
57 39
57 8
57 41
57 42
57 12
57 14
57 15
57 81
57 18
57 83
57 85
57 73
57 87
57 25
57 79
57 61
58 1
58 34
58 5
58 38
58 8
58 12
58 44
58 61
58 46
58 79
58 48
58 81
58 18
58 85
58 40
58 15
58 28
58 78
58 31
59 64
59 1
59 34
59 5
59 38
59 31
59 8
59 41
59 44
59 61
59 12
59 15
59 81
59 18
59 40
59 46
59 73
59 87
59 79
59 78
59 85
60 2
60 50
60 13
60 30
61 83
61 69
61 39
61 9
61 42
61 14
61 51
61 25
62 1
62 34
62 5
62 38
62 8
62 12
62 44
62 78
62 15
62 48
62 81
62 46
62 22
62 40
62 31
62 28
62 85
62 16
63 64
63 83
63 69
63 39
63 9
63 42
63 87
63 14
63 79
63 51
63 73
63 41
63 25
64 51
64 69
64 39
64 8
64 41
64 42
64 12
64 14
64 15
64 81
64 18
64 83
64 85
64 73
64 87
64 25
64 79
64 61
65 64
65 34
65 69
65 38
65 8
65 41
65 46
65 44
65 61
65 12
65 79
65 81
65 18
65 51
65 14
65 73
65 87
65 25
65 15
65 78
65 85
66 1
66 34
66 5
66 38
66 8
66 12
66 44
66 78
66 15
66 48
66 81
66 18
66 46
66 22
66 40
66 31
66 28
66 85
67 64
67 51
67 69
67 39
67 8
67 41
67 42
67 12
67 14
67 15
67 18
67 83
67 85
67 73
67 87
67 25
67 79
67 61
68 2
68 13
68 16
68 50
68 22
68 30
71 8
71 12
71 14
71 15
71 18
71 25
71 34
71 38
71 41
71 42
71 44
71 46
71 51
71 61
71 64
71 69
71 73
71 78
71 79
71 81
71 83
71 85
71 87
72 64
72 83
72 69
72 39
72 9
72 42
72 87
72 14
72 79
72 51
72 73
72 41
72 25
73 64
73 83
73 69
73 39
73 9
73 42
73 14
73 51
73 87
73 25
74 64
74 83
74 69
74 39
74 41
74 42
74 12
74 14
74 79
74 18
74 51
74 73
74 87
74 25
74 61
75 1
75 5
75 16
75 13
75 48
75 22
75 28
75 30
76 1
76 5
76 48
76 40
76 16
76 22
76 28
76 31
77 64
77 83
77 69
77 39
77 41
77 42
77 14
77 79
77 18
77 51
77 73
77 87
77 25
77 61
78 64
78 51
78 69
78 39
78 41
78 42
78 12
78 14
78 15
78 18
78 83
78 73
78 87
78 25
78 79
78 61
79 83
79 69
79 39
79 9
79 42
79 14
79 51
79 25
80 1
80 34
80 5
80 38
80 40
80 44
80 46
80 48
80 78
80 22
80 31
80 28
80 16
83 64
83 69
83 39
83 9
83 42
83 14
83 51
83 87
83 25
86 2
86 50
86 13
86 30
87 64
87 83
87 69
87 39
87 9
87 42
87 14
87 51
87 73
87 25
88 8
88 12
88 14
88 15
88 18
88 25
88 34
88 38
88 41
88 42
88 44
88 46
88 51
88 61
88 64
88 69
88 73
88 78
88 79
88 81
88 83
88 85
88 87
