88
1 2
1 11
1 14
1 22
1 26
1 31
1 33
1 34
1 38
1 46
1 47
1 48
1 49
1 50
1 52
1 54
1 55
1 62
1 63
1 66
1 71
1 72
1 73
1 74
1 75
1 76
1 78
1 79
1 80
1 84
1 85
1 88
2 1
2 6
2 10
2 11
2 14
2 22
2 31
2 33
2 37
2 38
2 39
2 42
2 43
2 46
2 47
2 49
2 51
2 52
2 54
2 55
2 62
2 63
2 66
2 71
2 72
2 73
2 75
2 79
2 80
2 84
2 87
2 88
4 1
4 2
4 5
4 6
4 10
4 11
4 14
4 22
4 31
4 37
4 38
4 39
4 41
4 42
4 43
4 44
4 46
4 47
4 51
4 53
4 54
4 55
4 57
4 58
4 61
4 62
4 63
4 71
4 72
4 73
4 79
4 81
4 84
4 87
5 1
5 2
5 6
5 11
5 14
5 22
5 26
5 31
5 33
5 34
5 37
5 38
5 39
5 42
5 46
5 47
5 48
5 49
5 50
5 52
5 54
5 55
5 62
5 63
5 66
5 71
5 72
5 73
5 74
5 75
5 76
5 78
5 79
5 80
5 84
5 85
5 87
5 88
7 34
7 3
7 70
7 40
7 74
7 18
7 76
7 77
7 78
7 48
7 17
7 50
7 35
7 85
7 83
7 25
7 26
7 28
9 3
9 4
9 18
9 83
9 86
9 28
9 30
10 1
10 5
10 6
10 11
10 14
10 22
10 31
10 37
10 38
10 39
10 41
10 42
10 43
10 44
10 46
10 51
10 53
10 54
10 55
10 57
10 58
10 61
10 63
10 64
10 65
10 67
10 68
10 69
10 71
10 72
10 73
10 79
10 81
10 84
10 87
11 1
11 5
11 6
11 7
11 10
11 14
11 22
11 31
11 37
11 38
11 39
11 41
11 42
11 43
11 44
11 51
11 53
11 54
11 55
11 57
11 58
11 61
11 64
11 65
11 67
11 68
11 69
11 71
11 73
11 79
11 81
11 84
11 87
13 86
13 83
13 4
13 29
13 30
17 1
17 2
17 5
17 6
17 10
17 11
17 14
17 22
17 31
17 37
17 38
17 39
17 41
17 42
17 43
17 44
17 46
17 51
17 53
17 54
17 55
17 57
17 58
17 61
17 63
17 67
17 71
17 72
17 73
17 79
17 81
17 84
17 87
19 1
19 2
19 11
19 22
19 25
19 26
19 33
19 34
19 38
19 46
19 47
19 48
19 49
19 50
19 52
19 55
19 62
19 63
19 66
19 70
19 72
19 73
19 74
19 75
19 76
19 78
19 79
19 80
19 84
19 85
19 88
21 1
21 2
21 6
21 10
21 11
21 14
21 22
21 31
21 33
21 37
21 38
21 39
21 41
21 42
21 43
21 44
21 46
21 47
21 51
21 52
21 54
21 55
21 57
21 58
21 62
21 63
21 71
21 72
21 73
21 79
21 81
21 84
21 87
22 1
22 2
22 6
22 11
22 14
22 26
22 31
22 33
22 34
22 37
22 38
22 39
22 42
22 46
22 47
22 48
22 49
22 50
22 52
22 54
22 55
22 62
22 63
22 66
22 71
22 72
22 73
22 74
22 75
22 76
22 78
22 79
22 80
22 84
22 85
22 87
22 88
27 1
27 2
27 6
27 10
27 11
27 14
27 22
27 31
27 33
27 37
27 38
27 39
27 42
27 43
27 44
27 46
27 47
27 49
27 51
27 52
27 54
27 55
27 57
27 58
27 62
27 63
27 71
27 72
27 73
27 79
27 81
27 84
27 87
29 2
29 17
29 25
29 26
29 33
29 34
29 35
29 40
29 46
29 47
29 48
29 49
29 50
29 52
29 62
29 63
29 66
29 70
29 72
29 74
29 75
29 76
29 77
29 78
29 80
29 85
29 88
32 2
32 3
32 17
32 25
32 26
32 28
32 33
32 34
32 35
32 40
32 47
32 48
32 49
32 50
32 52
32 62
32 63
32 66
32 70
32 74
32 75
32 76
32 77
32 78
32 80
32 85
32 88
36 1
36 2
36 11
36 22
36 25
36 26
36 33
36 34
36 38
36 46
36 47
36 48
36 49
36 50
36 52
36 55
36 62
36 63
36 66
36 70
36 72
36 73
36 74
36 75
36 76
36 78
36 79
36 80
36 84
36 85
36 88
45 1
45 5
45 6
45 7
45 10
45 14
45 22
45 31
45 37
45 38
45 39
45 41
45 42
45 43
45 44
45 51
45 53
45 54
45 56
45 57
45 58
45 61
45 64
45 65
45 67
45 68
45 69
45 71
45 73
45 79
45 81
45 87
50 1
50 2
50 6
50 10
50 11
50 14
50 22
50 31
50 33
50 37
50 38
50 39
50 42
50 43
50 44
50 46
50 47
50 49
50 51
50 52
50 54
50 55
50 57
50 58
50 62
50 63
50 66
50 71
50 72
50 73
50 79
50 80
50 81
50 84
50 87
51 1
51 5
51 6
51 7
51 10
51 11
51 14
51 22
51 31
51 37
51 38
51 39
51 41
51 42
51 43
51 44
51 53
51 54
51 55
51 57
51 58
51 61
51 64
51 65
51 67
51 68
51 69
51 71
51 73
51 79
51 81
51 84
51 87
54 1
54 5
54 6
54 7
54 10
54 11
54 14
54 22
54 31
54 37
54 38
54 39
54 41
54 42
54 43
54 44
54 51
54 53
54 55
54 57
54 58
54 61
54 64
54 65
54 67
54 68
54 69
54 71
54 73
54 79
54 81
54 84
54 87
55 1
55 2
55 5
55 6
55 10
55 11
55 14
55 22
55 31
55 37
55 38
55 39
55 41
55 42
55 43
55 44
55 46
55 47
55 51
55 53
55 54
55 57
55 58
55 61
55 62
55 63
55 71
55 72
55 73
55 79
55 81
55 84
55 87
56 1
56 2
56 11
56 14
56 22
56 26
56 31
56 33
56 34
56 37
56 38
56 39
56 42
56 46
56 47
56 48
56 49
56 50
56 52
56 54
56 55
56 62
56 63
56 66
56 71
56 72
56 73
56 74
56 75
56 76
56 78
56 79
56 80
56 84
56 85
56 88
57 1
57 2
57 6
57 10
57 11
57 14
57 22
57 31
57 33
57 37
57 38
57 39
57 42
57 43
57 44
57 46
57 47
57 49
57 51
57 52
57 54
57 55
57 58
57 62
57 63
57 71
57 72
57 73
57 79
57 81
57 84
57 87
59 1
59 2
59 11
59 14
59 22
59 26
59 31
59 33
59 34
59 37
59 38
59 39
59 42
59 46
59 47
59 48
59 49
59 50
59 52
59 54
59 55
59 62
59 63
59 66
59 71
59 72
59 73
59 74
59 75
59 76
59 78
59 79
59 80
59 84
59 85
59 88
61 1
61 5
61 6
61 10
61 11
61 14
61 22
61 31
61 37
61 38
61 39
61 41
61 42
61 43
61 44
61 46
61 51
61 53
61 54
61 55
61 57
61 58
61 64
61 65
61 67
61 68
61 69
61 71
61 72
61 73
61 79
61 81
61 84
61 87
65 1
65 2
65 11
65 22
65 25
65 26
65 33
65 34
65 38
65 46
65 47
65 48
65 49
65 50
65 52
65 55
65 62
65 63
65 66
65 70
65 72
65 73
65 74
65 75
65 76
65 78
65 79
65 80
65 84
65 85
65 88
84 1
84 2
84 5
84 6
84 10
84 11
84 14
84 22
84 31
84 37
84 38
84 39
84 41
84 42
84 43
84 44
84 46
84 51
84 53
84 54
84 55
84 57
84 58
84 61
84 63
84 67
84 69
84 71
84 72
84 73
84 79
84 81
84 87
85 2
85 17
85 25
85 26
85 33
85 34
85 35
85 40
85 46
85 47
85 48
85 49
85 50
85 52
85 62
85 63
85 66
85 70
85 72
85 74
85 75
85 76
85 77
85 78
85 80
85 88
