88
1 8
1 75
1 76
1 79
1 82
1 61
2 1
2 33
2 8
2 75
2 76
2 18
2 79
2 82
2 61
4 75
4 13
4 82
4 25
4 26
4 61
5 64
5 51
5 67
5 9
5 10
5 11
5 12
5 78
5 15
5 48
5 43
5 3
5 84
5 53
5 86
5 73
5 27
5 28
5 62
5 63
7 1
7 75
7 76
7 13
7 82
7 26
7 61
9 64
9 51
9 3
9 73
9 10
9 11
9 12
9 78
9 15
9 48
9 67
9 84
9 53
9 86
9 27
9 28
9 62
10 64
10 51
10 67
10 9
10 11
10 12
10 78
10 15
10 48
10 3
10 84
10 53
10 86
10 73
10 27
10 28
10 62
11 64
11 1
11 67
11 33
11 8
11 73
11 10
11 75
11 76
11 14
11 15
11 18
11 51
11 86
11 79
11 62
17 25
17 59
17 13
18 3
18 5
18 9
18 12
18 15
18 24
18 27
18 28
18 30
18 34
18 38
18 43
18 44
18 48
18 49
18 52
18 53
18 63
18 73
18 78
18 84
18 87
18 88
19 64
19 1
19 67
19 51
19 33
19 8
19 73
19 10
19 11
19 76
19 14
19 15
19 18
19 3
19 84
19 86
19 79
19 62
21 1
21 75
21 13
21 82
21 25
21 26
21 61
25 64
25 1
25 33
25 8
25 75
25 76
25 18
25 14
25 79
25 82
25 51
25 61
25 62
26 25
26 13
27 64
27 1
27 67
27 33
27 8
27 11
27 76
27 14
27 79
27 18
27 51
27 75
27 62
28 64
28 51
28 3
28 9
28 10
28 11
28 12
28 78
28 15
28 48
28 67
28 84
28 53
28 86
28 73
28 27
28 62
28 63
29 25
29 26
29 82
29 13
30 64
30 51
30 67
30 9
30 10
30 11
30 12
30 78
30 15
30 48
30 18
30 3
30 84
30 14
30 86
30 73
30 27
30 28
30 62
31 1
31 75
31 76
31 13
31 82
31 25
31 26
31 61
32 1
32 33
32 8
32 75
32 76
32 18
32 14
32 79
32 82
32 61
33 1
33 8
33 75
33 76
33 79
33 82
33 61
34 1
34 75
34 76
34 13
34 82
34 25
34 26
34 61
35 25
35 26
35 59
35 13
36 1
36 75
36 76
36 13
36 82
36 25
36 26
36 61
37 3
37 9
37 12
37 15
37 24
37 27
37 28
37 30
37 34
37 38
37 43
37 44
37 48
37 49
37 52
37 53
37 63
37 73
37 78
37 84
37 87
37 88
39 25
39 26
39 13
40 1
40 8
40 75
40 76
40 79
40 82
40 61
41 1
41 8
41 75
41 76
41 79
41 82
41 61
42 64
42 51
42 67
42 9
42 10
42 11
42 12
42 78
42 15
42 48
42 43
42 3
42 84
42 53
42 86
42 73
42 27
42 28
42 62
42 63
43 64
43 33
43 67
43 51
43 8
43 73
43 10
43 11
43 12
43 14
43 15
43 18
43 3
43 84
43 86
43 79
43 28
43 62
44 3
44 9
44 10
44 11
44 12
44 15
44 24
44 27
44 28
44 30
44 34
44 38
44 43
44 48
44 49
44 52
44 53
44 63
44 67
44 73
44 78
44 84
44 86
44 87
44 88
45 1
45 75
45 76
45 13
45 79
45 82
45 26
45 61
46 1
46 75
46 76
46 13
46 82
46 26
46 61
47 64
47 33
47 67
47 51
47 8
47 9
47 10
47 11
47 12
47 14
47 15
47 27
47 18
47 3
47 84
47 86
47 73
47 79
47 28
47 62
48 64
48 1
48 33
48 8
48 75
48 76
48 14
48 79
48 18
48 51
48 61
48 62
49 1
49 75
49 76
49 13
49 82
49 26
49 61
50 75
50 13
50 82
50 25
50 26
50 61
51 64
51 1
51 67
51 33
51 8
51 73
51 10
51 11
51 76
51 14
51 15
51 18
51 84
51 86
51 79
51 62
52 25
52 26
52 82
52 13
52 61
53 1
53 33
53 8
53 75
53 76
53 18
53 14
53 79
53 82
53 61
54 1
54 33
54 8
54 75
54 76
54 18
54 14
54 79
54 82
54 61
55 59
56 1
56 75
56 76
56 13
56 82
56 26
56 61
57 59
58 25
58 26
58 59
58 13
60 1
60 33
60 8
60 75
60 76
60 18
60 14
60 79
60 82
60 51
60 61
60 62
61 64
61 33
61 67
61 51
61 9
61 10
61 11
61 12
61 78
61 15
61 48
61 18
61 3
61 84
61 14
61 86
61 73
61 27
61 28
61 62
62 64
62 1
62 67
62 33
62 8
62 73
62 10
62 11
62 76
62 14
62 15
62 18
62 51
62 86
62 79
63 3
63 9
63 10
63 11
63 12
63 15
63 24
63 27
63 28
63 30
63 34
63 43
63 44
63 48
63 49
63 52
63 53
63 67
63 73
63 78
63 84
63 86
63 87
63 88
65 64
65 1
65 33
65 8
65 75
65 76
65 18
65 14
65 79
65 82
65 51
65 61
65 62
67 1
67 33
67 8
67 75
67 76
67 18
67 79
67 82
67 61
68 64
68 1
68 67
68 51
68 33
68 8
68 73
68 10
68 11
68 76
68 14
68 15
68 18
68 3
68 84
68 86
68 79
68 62
69 64
69 33
69 67
69 51
69 8
69 73
69 10
69 11
69 12
69 14
69 15
69 18
69 3
69 84
69 86
69 79
69 28
69 62
70 64
70 33
70 67
70 51
70 9
70 10
70 11
70 12
70 78
70 15
70 48
70 18
70 3
70 84
70 14
70 86
70 73
70 27
70 28
70 62
71 1
71 75
71 76
71 13
71 82
71 25
71 26
71 61
72 25
72 26
72 13
73 1
73 33
73 8
73 75
73 76
73 18
73 14
73 79
73 82
73 61
74 59
75 64
75 33
75 67
75 51
75 9
75 10
75 11
75 12
75 78
75 15
75 48
75 18
75 3
75 84
75 14
75 86
75 73
75 27
75 28
75 62
76 25
76 26
76 13
77 1
77 33
77 8
77 75
77 76
77 79
77 82
77 61
78 3
78 9
78 10
78 11
78 12
78 15
78 24
78 27
78 28
78 30
78 34
78 43
78 44
78 48
78 49
78 53
78 63
78 67
78 73
78 84
78 86
78 87
78 88
79 64
79 1
79 67
79 33
79 8
79 73
79 10
79 11
79 76
79 14
79 15
79 18
79 51
79 86
79 75
79 62
80 1
80 75
80 76
80 13
80 82
80 25
80 26
80 61
81 64
81 1
81 67
81 33
81 8
81 73
81 10
81 11
81 76
81 14
81 15
81 18
81 51
81 84
81 86
81 79
81 62
82 3
82 5
82 9
82 12
82 15
82 24
82 27
82 28
82 30
82 34
82 38
82 43
82 44
82 48
82 49
82 52
82 53
82 63
82 73
82 78
82 84
82 87
82 88
83 64
83 1
83 67
83 33
83 8
83 73
83 10
83 11
83 76
83 14
83 15
83 18
83 51
83 86
83 79
83 62
84 64
84 33
84 67
84 51
84 8
84 9
84 10
84 11
84 12
84 14
84 15
84 27
84 18
84 3
84 78
84 86
84 73
84 79
84 28
84 62
85 25
85 26
85 59
85 13
86 64
86 33
86 67
86 51
86 8
86 9
86 10
86 11
86 12
86 14
86 15
86 27
86 18
86 3
86 84
86 78
86 73
86 79
86 28
86 62
87 3
87 5
87 6
87 9
87 12
87 20
87 22
87 23
87 24
87 27
87 28
87 30
87 34
87 38
87 43
87 44
87 48
87 49
87 52
87 53
87 54
87 60
87 63
87 68
87 78
87 83
87 88
88 3
88 9
88 10
88 11
88 12
88 15
88 24
88 27
88 28
88 30
88 34
88 38
88 43
88 44
88 48
88 49
88 52
88 53
88 63
88 67
88 73
88 78
88 84
88 86
88 87
