88
1 3
1 19
1 2
1 67
1 25
1 7
1 64
1 9
1 75
1 66
1 14
1 47
1 24
1 35
1 20
1 41
1 88
1 57
1 87
1 79
1 69
2 64
2 66
2 67
2 69
2 7
2 9
2 75
2 14
2 20
2 87
2 57
2 25
2 60
3 64
3 69
3 7
3 75
3 14
3 20
3 87
3 57
3 25
3 60
4 19
4 33
4 2
4 67
4 35
4 9
4 79
4 66
4 45
4 49
4 3
4 24
4 41
4 88
4 47
4 63
5 19
5 33
5 2
5 3
5 4
5 6
5 65
5 9
5 11
5 43
5 45
5 47
5 49
5 35
5 53
5 24
5 41
5 88
5 79
5 63
8 19
8 35
8 2
8 67
8 4
8 7
8 9
8 75
8 66
8 14
8 47
8 24
8 3
8 20
8 41
8 88
8 25
8 87
8 79
9 64
9 66
9 67
9 69
9 7
9 75
9 14
9 24
9 20
9 87
9 88
9 57
9 25
9 60
10 33
10 27
10 6
10 65
10 31
10 43
10 45
10 77
10 11
10 49
10 83
10 53
10 63
10 61
10 51
11 64
11 69
11 7
11 75
11 14
11 20
11 87
11 57
11 25
11 60
12 83
12 82
12 27
12 77
13 64
13 66
13 67
13 69
13 7
13 75
13 14
13 20
13 87
13 57
13 25
13 60
16 65
16 27
16 6
16 31
16 43
16 77
16 11
16 49
16 83
16 53
16 63
16 61
16 51
17 83
17 82
17 27
17 77
18 65
18 27
18 6
18 31
18 43
18 77
18 11
18 49
18 83
18 53
18 63
18 61
18 51
20 64
20 66
20 69
20 7
20 75
20 14
20 25
20 87
20 57
20 60
21 64
21 57
21 60
21 69
21 14
22 83
22 77
22 82
22 51
22 27
22 61
22 31
23 64
23 66
23 67
23 69
23 7
23 9
23 75
23 14
23 20
23 87
23 57
23 25
23 60
24 64
24 69
24 14
24 20
24 57
24 60
26 3
26 19
26 2
26 67
26 25
26 7
26 64
26 9
26 75
26 66
26 14
26 47
26 24
26 35
26 20
26 41
26 88
26 57
26 87
26 60
26 69
28 19
28 33
28 2
28 3
28 4
28 6
28 65
28 31
28 79
28 11
28 45
28 47
28 49
28 35
28 53
28 43
28 63
28 61
28 51
29 65
29 11
29 6
29 31
29 43
29 77
29 83
29 53
29 27
29 61
29 51
30 21
31 64
31 66
31 67
31 69
31 7
31 9
31 75
31 14
31 24
31 20
31 87
31 88
31 57
31 25
31 60
32 65
32 51
32 77
32 82
32 83
32 27
32 61
32 31
33 64
33 69
33 7
33 75
33 14
33 20
33 87
33 57
33 25
33 60
34 19
34 33
34 2
34 67
34 4
34 35
34 9
34 79
34 66
34 45
34 49
34 3
34 24
34 41
34 88
34 47
34 63
35 64
35 66
35 69
35 7
35 75
35 14
35 20
35 87
35 57
35 25
35 60
36 65
36 11
36 6
36 31
36 43
36 77
36 83
36 53
36 27
36 61
36 51
37 3
37 19
37 2
37 67
37 25
37 7
37 9
37 75
37 66
37 14
37 47
37 24
37 35
37 20
37 41
37 88
37 57
37 87
37 79
37 69
38 33
38 11
38 4
38 6
38 65
38 31
38 43
38 45
38 79
38 49
38 83
38 53
38 63
38 61
38 51
39 19
39 33
39 2
39 67
39 4
39 35
39 9
39 79
39 66
39 45
39 49
39 3
39 24
39 41
39 88
39 47
39 63
40 65
40 11
40 6
40 31
40 43
40 77
40 83
40 53
40 27
40 61
40 51
41 64
41 69
41 14
41 20
41 57
41 60
42 19
42 33
42 2
42 67
42 4
42 35
42 7
42 9
42 79
42 66
42 45
42 49
42 3
42 24
42 41
42 88
42 25
42 47
44 33
44 27
44 6
44 65
44 31
44 43
44 45
44 77
44 11
44 49
44 83
44 53
44 63
44 61
44 51
45 64
45 66
45 69
45 7
45 75
45 14
45 20
45 87
45 57
45 25
45 60
46 19
46 33
46 2
46 67
46 4
46 35
46 9
46 43
46 45
46 47
46 49
46 3
46 24
46 41
46 88
46 79
46 63
47 64
47 66
47 67
47 69
47 7
47 9
47 75
47 14
47 24
47 20
47 87
47 88
47 57
47 25
47 60
48 65
48 11
48 6
48 31
48 43
48 77
48 83
48 53
48 27
48 61
48 51
50 19
50 33
50 2
50 3
50 4
50 6
50 65
50 41
50 11
50 43
50 45
50 47
50 49
50 35
50 53
50 24
50 88
50 79
50 63
52 19
52 33
52 2
52 67
52 4
52 35
52 7
52 9
52 79
52 75
52 66
52 45
52 49
52 3
52 24
52 41
52 88
52 25
52 87
52 47
54 82
54 27
54 77
55 19
55 35
55 2
55 67
55 4
55 25
55 7
55 9
55 75
55 66
55 14
55 47
55 24
55 3
55 20
55 41
55 88
55 57
55 87
55 79
55 69
56 83
56 82
56 27
56 77
57 64
57 69
57 7
57 75
57 14
57 20
57 87
57 60
58 65
58 11
58 6
58 31
58 43
58 77
58 83
58 53
58 27
58 61
58 51
59 33
59 27
59 6
59 65
59 31
59 43
59 45
59 77
59 11
59 49
59 83
59 53
59 63
59 61
59 51
60 64
60 69
60 7
60 75
60 14
60 20
60 87
60 57
60 25
62 64
62 66
62 67
62 69
62 7
62 9
62 75
62 14
62 20
62 87
62 57
62 25
62 60
67 19
67 64
67 2
67 35
67 69
67 7
67 9
67 75
67 66
67 14
67 47
67 25
67 24
67 3
67 20
67 41
67 88
67 57
67 87
67 60
68 19
68 33
68 2
68 67
68 4
68 35
68 9
68 79
68 66
68 45
68 49
68 3
68 24
68 41
68 88
68 47
69 64
69 25
69 7
69 75
69 14
69 20
69 87
69 57
69 60
70 19
70 33
70 2
70 67
70 4
70 35
70 7
70 9
70 79
70 75
70 66
70 45
70 49
70 3
70 24
70 41
70 88
70 25
70 47
71 64
71 66
71 69
71 7
71 75
71 14
71 20
71 87
71 57
71 25
71 60
72 64
72 66
72 67
72 69
72 7
72 9
72 75
72 14
72 20
72 87
72 57
72 25
72 60
73 3
73 19
73 2
73 67
73 25
73 7
73 64
73 9
73 75
73 66
73 14
73 47
73 24
73 35
73 20
73 41
73 88
73 57
73 87
73 79
73 69
74 19
74 64
74 2
74 67
74 25
74 7
74 9
74 75
74 66
74 14
74 47
74 24
74 35
74 20
74 41
74 88
74 57
74 87
74 60
74 69
75 64
75 66
75 67
75 69
75 7
75 9
75 14
75 20
75 87
75 57
75 25
75 60
76 64
76 66
76 67
76 69
76 7
76 9
76 75
76 14
76 25
76 24
76 20
76 41
76 88
76 57
76 87
76 60
77 64
77 57
77 60
77 69
77 14
78 19
78 33
78 2
78 3
78 4
78 6
78 65
78 31
78 79
78 11
78 45
78 47
78 49
78 35
78 53
78 43
78 63
78 61
78 51
79 64
79 69
79 7
79 75
79 14
79 20
79 87
79 57
79 25
79 60
80 33
80 2
80 3
80 4
80 6
80 65
80 31
80 11
80 45
80 79
80 49
80 35
80 53
80 43
80 63
80 61
80 51
82 83
82 27
82 77
84 19
84 33
84 2
84 3
84 4
84 6
84 65
84 31
84 41
84 79
84 11
84 45
84 47
84 49
84 35
84 53
84 43
84 24
84 63
84 61
84 51
85 65
85 6
85 31
85 11
85 77
85 83
85 53
85 27
85 61
85 51
86 21
87 64
87 69
87 7
87 75
87 14
87 20
87 25
87 57
87 60
