88
1 7
1 14
1 24
1 26
1 34
1 37
1 38
1 39
1 53
1 54
1 56
1 59
1 63
1 64
1 69
1 70
1 71
1 72
1 73
1 78
1 85
1 87
3 8
3 9
3 11
3 17
3 22
3 23
3 24
3 37
3 40
3 43
3 44
3 45
3 46
3 48
3 53
3 57
3 69
3 70
3 78
3 83
3 84
3 85
6 64
6 1
6 34
6 37
6 38
6 7
6 72
6 73
6 39
6 78
6 45
6 14
6 85
6 87
6 24
6 71
6 63
6 70
6 69
6 53
7 64
7 1
7 34
7 63
7 70
7 38
7 39
7 72
7 73
7 71
7 78
7 45
7 14
7 85
7 87
7 24
7 59
7 53
7 69
7 37
10 1
10 7
10 14
10 24
10 26
10 34
10 37
10 38
10 39
10 53
10 54
10 56
10 59
10 63
10 64
10 69
10 70
10 71
10 72
10 73
10 78
10 85
10 87
18 5
18 8
18 9
18 11
18 15
18 17
18 22
18 23
18 24
18 37
18 40
18 43
18 44
18 45
18 46
18 47
18 48
18 53
18 57
18 70
18 83
18 84
18 85
21 1
21 7
21 8
21 14
21 22
21 23
21 24
21 37
21 38
21 39
21 40
21 43
21 45
21 48
21 53
21 63
21 69
21 70
21 71
21 78
21 84
21 85
21 87
25 5
25 8
25 9
25 11
25 17
25 22
25 23
25 24
25 37
25 40
25 43
25 44
25 45
25 46
25 47
25 48
25 53
25 57
25 70
25 83
25 84
25 85
28 8
28 9
28 11
28 17
28 22
28 23
28 24
28 37
28 40
28 43
28 44
28 45
28 46
28 47
28 48
28 53
28 57
28 69
28 70
28 78
28 83
28 84
28 85
31 5
31 8
31 9
31 11
31 17
31 22
31 23
31 24
31 37
31 40
31 43
31 44
31 45
31 46
31 47
31 48
31 53
31 57
31 69
31 70
31 78
31 83
31 84
31 85
32 7
32 8
32 11
32 14
32 22
32 23
32 24
32 37
32 39
32 40
32 43
32 45
32 48
32 53
32 57
32 63
32 69
32 70
32 71
32 78
32 84
32 85
32 87
33 5
33 8
33 9
33 11
33 17
33 22
33 23
33 24
33 37
33 40
33 43
33 44
33 45
33 46
33 47
33 48
33 53
33 57
33 70
33 83
33 84
33 85
35 32
35 2
35 43
35 36
35 5
35 17
35 8
35 9
35 11
35 44
35 77
35 46
35 15
35 48
35 40
35 83
35 84
35 22
35 23
35 57
35 47
36 1
36 7
36 14
36 24
36 26
36 34
36 37
36 38
36 39
36 53
36 54
36 56
36 59
36 63
36 64
36 69
36 70
36 71
36 72
36 73
36 78
36 85
36 87
37 64
37 1
37 34
37 63
37 69
37 38
37 7
37 72
37 73
37 39
37 45
37 14
37 78
37 87
37 24
37 71
37 59
37 70
37 85
37 53
39 1
39 7
39 14
39 24
39 26
39 34
39 37
39 38
39 53
39 54
39 56
39 58
39 59
39 63
39 64
39 69
39 70
39 71
39 72
39 73
39 78
39 85
39 87
41 64
41 1
41 34
41 63
41 70
41 38
41 7
41 72
41 73
41 39
41 78
41 45
41 14
41 85
41 87
41 24
41 71
41 59
41 53
41 69
41 37
43 1
43 7
43 14
43 24
43 26
43 34
43 37
43 38
43 39
43 53
43 54
43 56
43 59
43 63
43 64
43 69
43 70
43 71
43 72
43 73
43 78
43 85
43 87
44 1
44 7
44 14
44 24
44 26
44 34
44 37
44 38
44 39
44 53
44 54
44 56
44 58
44 59
44 63
44 64
44 69
44 70
44 71
44 72
44 73
44 78
44 85
44 87
47 1
47 7
47 8
47 11
47 14
47 22
47 23
47 24
47 37
47 38
47 39
47 40
47 43
47 45
47 48
47 53
47 57
47 63
47 69
47 70
47 71
47 78
47 84
47 85
47 87
48 64
48 1
48 34
48 71
48 69
48 38
48 7
48 72
48 73
48 39
48 14
48 78
48 54
48 87
48 56
48 58
48 59
48 26
48 63
49 1
49 7
49 14
49 22
49 23
49 24
49 34
49 37
49 38
49 39
49 40
49 45
49 48
49 53
49 63
49 69
49 70
49 71
49 73
49 78
49 84
49 85
49 87
50 2
50 43
50 36
50 5
50 17
50 8
50 9
50 11
50 44
50 77
50 46
50 45
50 48
50 40
50 83
50 84
50 47
50 22
50 23
50 57
50 15
51 64
51 1
51 34
51 71
51 38
51 7
51 72
51 73
51 39
51 14
51 78
51 54
51 87
51 56
51 58
51 59
51 26
51 63
53 64
53 1
53 34
53 63
53 37
53 38
53 7
53 72
53 73
53 71
53 14
53 24
53 78
53 87
53 56
53 39
53 26
53 59
53 70
53 69
53 85
61 1
61 7
61 14
61 22
61 23
61 24
61 34
61 37
61 38
61 39
61 40
61 45
61 48
61 53
61 63
61 69
61 70
61 71
61 73
61 78
61 84
61 85
61 87
62 64
62 1
62 34
62 71
62 69
62 38
62 7
62 72
62 73
62 39
62 78
62 14
62 85
62 54
62 87
62 56
62 58
62 59
62 70
62 26
62 63
65 1
65 7
65 14
65 24
65 26
65 34
65 37
65 38
65 39
65 45
65 53
65 56
65 59
65 63
65 64
65 69
65 70
65 71
65 72
65 73
65 78
65 85
65 87
66 1
66 7
66 14
66 24
66 26
66 34
66 37
66 38
66 39
66 53
66 54
66 56
66 58
66 59
66 63
66 64
66 69
66 70
66 71
66 72
66 73
66 78
66 85
66 87
74 1
74 7
74 14
74 24
74 26
74 34
74 37
74 38
74 39
74 53
74 54
74 56
74 59
74 63
74 64
74 69
74 70
74 71
74 72
74 73
74 78
74 85
74 87
75 64
75 1
75 34
75 63
75 70
75 38
75 7
75 72
75 73
75 39
75 78
75 45
75 14
75 85
75 87
75 24
75 71
75 59
75 53
75 69
75 37
76 64
76 1
76 34
76 71
76 63
76 69
76 38
76 7
76 72
76 73
76 39
76 14
76 78
76 54
76 87
76 56
76 58
76 59
76 26
76 85
77 64
77 1
77 34
77 71
77 63
77 69
77 38
77 7
77 72
77 73
77 39
77 14
77 78
77 54
77 87
77 56
77 58
77 59
77 26
77 85
78 1
78 7
78 14
78 24
78 26
78 34
78 37
78 38
78 39
78 53
78 54
78 56
78 58
78 59
78 63
78 64
78 69
78 70
78 71
78 72
78 73
78 85
78 87
79 1
79 7
79 8
79 11
79 14
79 22
79 23
79 24
79 37
79 38
79 39
79 40
79 43
79 45
79 48
79 53
79 57
79 63
79 69
79 70
79 71
79 78
79 84
79 85
79 87
80 1
80 7
80 14
80 24
80 26
80 34
80 37
80 38
80 39
80 53
80 54
80 56
80 58
80 59
80 63
80 64
80 69
80 70
80 71
80 72
80 73
80 78
80 85
80 87
82 32
82 2
82 43
82 36
82 5
82 17
82 8
82 9
82 11
82 44
82 77
82 46
82 15
82 48
82 40
82 83
82 84
82 22
82 23
82 57
82 47
83 64
83 1
83 34
83 71
83 69
83 38
83 7
83 72
83 73
83 39
83 14
83 78
83 54
83 87
83 56
83 58
83 59
83 26
83 63
85 64
85 1
85 34
85 37
85 38
85 7
85 72
85 73
85 39
85 45
85 14
85 78
85 87
85 24
85 71
85 63
85 70
85 69
85 53
86 7
86 8
86 11
86 14
86 17
86 22
86 23
86 24
86 37
86 39
86 40
86 43
86 44
86 45
86 48
86 53
86 57
86 63
86 69
86 70
86 71
86 78
86 84
86 85
86 87
