88
1 3
1 5
1 7
1 11
1 14
1 19
1 27
1 31
1 32
1 37
1 39
1 40
1 49
1 52
1 58
1 59
1 63
1 64
1 67
1 68
1 73
1 75
1 77
1 81
1 87
1 88
2 19
2 64
2 34
2 3
2 68
2 5
2 7
2 9
2 39
2 44
2 12
2 59
2 75
2 35
2 63
2 73
2 87
2 27
2 61
2 37
4 1
4 34
4 86
4 9
5 3
5 7
5 11
5 14
5 19
5 27
5 31
5 37
5 39
5 40
5 44
5 58
5 59
5 61
5 63
5 64
5 67
5 68
5 73
5 75
5 77
5 81
5 87
5 88
6 1
6 34
6 35
6 9
6 12
6 86
8 64
8 34
8 35
8 5
8 39
8 9
8 75
8 44
8 12
8 19
8 86
8 87
8 59
8 61
9 19
9 64
9 34
9 3
9 68
9 5
9 7
9 73
9 39
9 44
9 12
9 59
9 75
9 35
9 87
9 27
9 61
9 63
11 3
11 5
11 7
11 9
11 12
11 14
11 19
11 27
11 35
11 37
11 39
11 40
11 44
11 59
11 61
11 63
11 64
11 67
11 68
11 73
11 75
11 77
11 81
11 87
12 3
12 5
12 7
12 14
12 19
12 27
12 35
12 37
12 39
12 40
12 44
12 59
12 61
12 63
12 64
12 67
12 68
12 73
12 75
12 77
12 81
12 87
15 21
15 13
20 2
20 43
20 76
20 80
20 51
20 23
20 60
21 19
21 64
21 34
21 3
21 5
21 39
21 9
21 75
21 44
21 12
21 35
21 86
21 73
21 87
21 59
21 61
22 19
22 64
22 34
22 3
22 68
22 5
22 7
22 9
22 39
22 44
22 12
22 59
22 75
22 35
22 63
22 73
22 87
22 27
22 61
22 37
24 19
24 64
24 34
24 3
24 5
24 7
24 9
24 39
24 44
24 12
24 59
24 75
24 35
24 73
24 87
24 27
24 61
24 63
25 1
25 34
25 35
25 9
25 12
25 86
26 34
26 35
26 39
26 9
26 75
26 44
26 12
26 86
26 87
26 59
26 61
27 34
27 35
27 39
27 9
27 75
27 44
27 12
27 86
27 87
27 59
27 61
28 1
28 34
28 35
28 39
28 9
28 44
28 12
28 86
28 59
28 61
29 1
29 2
29 43
29 76
29 51
29 60
29 62
30 80
30 8
30 23
31 2
31 43
31 76
31 80
31 51
31 23
31 60
32 1
32 34
32 35
32 9
32 12
32 86
33 2
33 43
33 76
33 51
33 60
33 29
33 62
35 1
35 2
35 43
35 86
35 29
35 62
36 8
36 76
36 80
36 51
36 23
36 60
37 3
37 5
37 7
37 11
37 12
37 14
37 19
37 27
37 35
37 39
37 40
37 44
37 59
37 61
37 63
37 64
37 67
37 68
37 73
37 75
37 77
37 81
37 87
38 80
38 8
38 23
39 3
39 5
39 7
39 11
39 14
39 19
39 27
39 31
39 32
39 37
39 40
39 44
39 58
39 59
39 61
39 63
39 64
39 67
39 68
39 73
39 75
39 77
39 81
39 87
39 88
40 19
40 64
40 34
40 3
40 68
40 5
40 7
40 9
40 39
40 44
40 12
40 59
40 75
40 35
40 63
40 73
40 87
40 27
40 61
40 37
41 1
41 43
41 86
41 29
41 62
42 3
42 5
42 7
42 11
42 12
42 14
42 19
42 27
42 31
42 35
42 37
42 39
42 40
42 44
42 58
42 59
42 61
42 63
42 64
42 67
42 68
42 73
42 75
42 77
42 81
42 87
43 3
43 5
43 7
43 11
43 14
43 19
43 27
43 31
43 37
43 39
43 40
43 44
43 58
43 59
43 61
43 63
43 64
43 67
43 68
43 73
43 75
43 77
43 81
43 87
43 88
44 34
44 35
44 39
44 9
44 75
44 12
44 86
44 87
44 59
44 61
45 1
45 34
45 35
45 9
45 12
45 86
46 80
46 8
46 21
47 1
47 2
47 43
47 86
47 29
47 62
48 1
48 34
48 86
48 9
49 2
49 76
49 80
49 51
49 23
49 60
50 8
50 21
50 13
52 3
52 5
52 7
52 12
52 14
52 19
52 27
52 35
52 37
52 39
52 40
52 44
52 59
52 61
52 63
52 64
52 67
52 68
52 73
52 75
52 77
52 81
52 87
53 19
53 64
53 34
53 3
53 68
53 5
53 7
53 9
53 39
53 44
53 12
53 59
53 75
53 35
53 73
53 87
53 27
53 61
53 63
54 2
54 8
54 76
54 80
54 51
54 23
54 60
56 19
56 64
56 34
56 3
56 68
56 5
56 7
56 9
56 39
56 44
56 12
56 59
56 75
56 35
56 63
56 73
56 87
56 27
56 61
56 37
57 1
57 2
57 43
57 86
57 29
57 62
58 3
58 5
58 7
58 12
58 14
58 19
58 27
58 35
58 37
58 39
58 40
58 44
58 59
58 61
58 63
58 64
58 67
58 68
58 73
58 75
58 77
58 81
58 87
61 3
61 5
61 7
61 9
61 12
61 14
61 19
61 27
61 35
61 37
61 39
61 40
61 44
61 59
61 63
61 64
61 67
61 68
61 73
61 75
61 77
61 81
61 87
65 1
65 34
65 35
65 39
65 9
65 75
65 44
65 12
65 86
65 87
65 59
65 61
66 1
66 43
66 86
66 29
66 62
67 1
67 34
67 35
67 9
67 12
67 86
68 1
68 34
68 35
68 9
68 12
68 86
69 3
69 5
69 7
69 11
69 12
69 14
69 19
69 27
69 35
69 37
69 39
69 40
69 44
69 59
69 61
69 63
69 64
69 67
69 68
69 73
69 75
69 77
69 81
69 87
70 1
70 34
70 86
70 9
71 19
71 64
71 34
71 3
71 68
71 5
71 7
71 9
71 39
71 44
71 12
71 59
71 75
71 35
71 63
71 73
71 87
71 27
71 61
71 37
72 1
72 34
72 86
72 29
72 62
73 3
73 7
73 11
73 14
73 19
73 22
73 25
73 26
73 27
73 30
73 31
73 32
73 33
73 37
73 40
73 47
73 49
73 52
73 58
73 63
73 67
73 68
73 77
73 78
73 81
73 88
74 1
74 34
74 35
74 9
74 12
74 86
75 3
75 7
75 11
75 14
75 19
75 22
75 25
75 26
75 27
75 30
75 31
75 32
75 33
75 37
75 40
75 47
75 49
75 52
75 55
75 58
75 63
75 67
75 68
75 73
75 77
75 78
75 81
75 88
77 64
77 34
77 35
77 39
77 9
77 75
77 44
77 12
77 86
77 87
77 59
77 61
78 19
78 64
78 34
78 3
78 68
78 5
78 7
78 9
78 39
78 44
78 12
78 59
78 75
78 35
78 63
78 73
78 87
78 27
78 61
78 37
79 64
79 34
79 35
79 5
79 39
79 9
79 75
79 44
79 12
79 86
79 87
79 59
79 61
82 80
82 8
82 23
83 19
83 64
83 34
83 3
83 68
83 5
83 7
83 9
83 39
83 44
83 12
83 59
83 75
83 35
83 73
83 87
83 27
83 61
83 63
84 1
84 34
84 35
84 39
84 9
84 44
84 12
84 86
84 59
84 61
85 3
85 5
85 7
85 11
85 14
85 19
85 27
85 31
85 37
85 39
85 40
85 44
85 58
85 59
85 61
85 63
85 64
85 67
85 68
85 73
85 75
85 77
85 81
85 87
85 88
87 3
87 5
87 7
87 11
87 14
87 19
87 26
87 27
87 31
87 32
87 37
87 40
87 49
87 52
87 58
87 63
87 64
87 67
87 68
87 73
87 75
87 77
87 81
87 88
88 3
88 5
88 7
88 11
88 12
88 14
88 19
88 27
88 31
88 37
88 39
88 40
88 44
88 58
88 59
88 61
88 63
88 64
88 67
88 68
88 73
88 75
88 77
88 81
88 87
