88
2 3
2 69
2 7
2 10
2 12
2 13
2 14
2 17
2 83
2 55
2 27
2 60
2 30
3 32
3 2
3 35
3 4
3 5
3 7
3 10
3 12
3 13
3 14
3 27
3 83
3 55
3 59
3 60
3 30
3 69
4 1
4 5
4 22
4 31
4 32
4 35
4 36
4 37
4 39
4 40
4 41
4 43
4 47
4 48
4 49
4 50
4 53
4 56
4 70
4 71
4 72
4 77
4 78
4 82
4 84
5 1
5 2
5 4
5 10
5 14
5 22
5 31
5 32
5 35
5 36
5 37
5 39
5 40
5 43
5 47
5 48
5 49
5 55
5 56
5 59
5 71
5 77
5 83
6 32
6 1
6 2
6 35
6 4
6 5
6 71
6 31
6 10
6 7
6 77
6 14
6 47
6 48
6 43
6 83
6 55
6 49
6 59
6 30
6 37
7 3
7 69
7 17
7 12
7 13
7 81
7 24
7 27
7 60
7 30
8 3
8 69
8 7
8 12
8 13
8 14
8 17
8 27
8 60
8 30
9 11
9 20
9 25
9 26
9 28
9 29
9 33
9 34
9 40
9 41
9 44
9 50
9 53
9 54
9 56
9 57
9 61
9 62
9 65
9 70
9 72
9 73
9 74
9 75
9 78
9 79
9 80
9 82
9 84
9 85
9 88
11 3
11 69
11 7
11 12
11 13
11 17
11 24
11 27
11 60
11 30
12 1
12 11
12 22
12 29
12 31
12 34
12 36
12 39
12 40
12 41
12 44
12 47
12 49
12 50
12 53
12 54
12 56
12 57
12 61
12 62
12 65
12 70
12 72
12 73
12 74
12 78
12 80
12 82
12 84
12 85
13 64
13 33
13 66
13 67
13 68
13 38
13 42
13 75
13 45
13 15
13 87
13 51
13 52
13 21
13 23
13 25
13 58
13 79
13 28
13 26
13 63
15 11
15 20
15 21
15 23
15 25
15 26
15 28
15 29
15 33
15 34
15 44
15 45
15 52
15 53
15 54
15 57
15 61
15 62
15 64
15 65
15 67
15 68
15 70
15 72
15 73
15 74
15 75
15 79
15 80
15 82
15 84
15 85
15 87
15 88
18 1
18 11
18 22
18 29
18 31
18 34
18 36
18 39
18 40
18 41
18 44
18 47
18 49
18 50
18 53
18 54
18 56
18 57
18 61
18 62
18 65
18 70
18 72
18 74
18 78
18 80
18 82
18 84
18 85
24 11
24 15
24 20
24 21
24 23
24 25
24 26
24 28
24 29
24 33
24 34
24 44
24 45
24 52
24 54
24 57
24 61
24 62
24 64
24 65
24 66
24 67
24 68
24 73
24 74
24 75
24 79
24 80
24 85
24 87
24 88
27 1
27 11
27 22
27 29
27 31
27 34
27 36
27 39
27 40
27 41
27 44
27 47
27 49
27 50
27 53
27 54
27 56
27 57
27 61
27 62
27 65
27 70
27 72
27 74
27 77
27 78
27 80
27 82
27 84
27 85
30 64
30 66
30 67
30 68
30 38
30 42
30 15
30 51
30 52
30 21
30 58
30 63
31 3
31 69
31 7
31 12
31 13
31 14
31 17
31 27
31 60
31 30
35 3
35 69
35 7
35 12
35 13
35 17
35 24
35 27
35 60
35 30
36 3
36 69
36 7
36 12
36 13
36 14
36 17
36 27
36 60
36 30
37 1
37 2
37 4
37 5
37 7
37 10
37 14
37 22
37 30
37 31
37 32
37 35
37 36
37 43
37 47
37 48
37 49
37 55
37 59
37 71
37 77
37 83
41 1
41 2
41 4
41 5
41 10
41 14
41 22
41 30
41 31
41 32
41 35
41 36
41 37
41 39
41 43
41 47
41 48
41 49
41 55
41 59
41 71
41 77
41 83
45 1
45 11
45 22
45 29
45 31
45 34
45 36
45 37
45 39
45 40
45 41
45 43
45 44
45 47
45 48
45 49
45 50
45 53
45 56
45 57
45 62
45 65
45 70
45 71
45 72
45 77
45 78
45 80
45 82
45 84
45 85
46 11
46 20
46 26
46 28
46 29
46 33
46 34
46 40
46 41
46 44
46 50
46 53
46 54
46 56
46 57
46 61
46 62
46 65
46 70
46 72
46 73
46 74
46 75
46 78
46 79
46 80
46 82
46 84
46 85
46 88
47 3
47 69
47 7
47 12
47 13
47 17
47 24
47 27
47 60
47 30
48 32
48 2
48 3
48 4
48 5
48 7
48 10
48 71
48 14
48 27
48 35
48 55
48 83
48 59
48 60
48 30
48 69
50 2
50 3
50 69
50 7
50 10
50 12
50 13
50 14
50 27
50 17
50 83
50 55
50 59
50 60
50 30
53 32
53 2
53 3
53 4
53 69
53 7
53 10
53 83
53 12
53 13
53 14
53 27
53 35
53 55
53 59
53 60
53 30
54 3
54 69
54 7
54 12
54 13
54 14
54 17
54 27
54 60
54 30
55 1
55 4
55 5
55 22
55 31
55 32
55 35
55 36
55 37
55 39
55 40
55 41
55 43
55 47
55 48
55 49
55 50
55 53
55 56
55 70
55 71
55 72
55 77
55 78
55 82
55 84
56 11
56 20
56 25
56 26
56 28
56 29
56 33
56 34
56 40
56 41
56 44
56 50
56 53
56 54
56 57
56 61
56 62
56 65
56 70
56 72
56 73
56 74
56 75
56 78
56 79
56 80
56 82
56 84
56 85
56 87
56 88
57 2
57 35
57 69
57 7
57 10
57 83
57 12
57 13
57 14
57 27
57 17
57 3
57 55
57 59
57 60
57 30
60 2
60 3
60 69
60 7
60 10
60 12
60 13
60 14
60 17
60 83
60 55
60 27
60 30
69 11
69 15
69 20
69 21
69 23
69 25
69 26
69 28
69 29
69 33
69 34
69 44
69 45
69 52
69 53
69 54
69 57
69 61
69 62
69 64
69 65
69 67
69 68
69 70
69 72
69 73
69 74
69 75
69 79
69 80
69 85
69 87
69 88
70 32
70 2
70 35
70 4
70 5
70 7
70 10
70 71
70 77
70 14
70 48
70 43
70 83
70 55
70 49
70 59
70 60
70 30
70 37
71 1
71 2
71 4
71 5
71 7
71 10
71 14
71 22
71 30
71 31
71 32
71 35
71 36
71 37
71 39
71 43
71 47
71 48
71 49
71 55
71 59
71 77
71 83
72 1
72 4
72 5
72 22
72 31
72 32
72 36
72 37
72 39
72 40
72 41
72 43
72 47
72 48
72 49
72 50
72 53
72 56
72 65
72 70
72 71
72 77
72 78
72 82
72 84
73 3
73 69
73 7
73 12
73 13
73 17
73 24
73 27
73 60
73 30
74 32
74 2
74 3
74 4
74 69
74 7
74 10
74 83
74 12
74 13
74 14
74 27
74 35
74 55
74 59
74 60
74 30
78 2
78 35
78 69
78 7
78 10
78 83
78 12
78 13
78 14
78 27
78 17
78 3
78 55
78 59
78 60
78 30
81 1
81 11
81 22
81 29
81 31
81 34
81 36
81 37
81 39
81 40
81 41
81 43
81 44
81 47
81 48
81 49
81 50
81 53
81 54
81 56
81 57
81 62
81 65
81 70
81 72
81 77
81 78
81 80
81 82
81 84
81 85
82 32
82 2
82 35
82 4
82 69
82 71
82 10
82 7
82 14
82 48
82 43
82 83
82 55
82 59
82 60
82 37
82 30
82 5
83 1
83 2
83 4
83 5
83 10
83 14
83 22
83 30
83 31
83 32
83 35
83 36
83 37
83 39
83 43
83 47
83 48
83 49
83 55
83 59
83 71
83 77
84 3
84 69
84 7
84 12
84 13
84 17
84 24
84 27
84 60
84 30
85 32
85 2
85 35
85 4
85 69
85 71
85 10
85 7
85 14
85 48
85 43
85 83
85 55
85 59
85 60
85 37
85 30
85 5
