88
3 1
3 2
3 34
3 25
3 57
3 26
4 6
4 39
4 8
4 41
4 10
4 43
4 79
4 17
4 50
4 21
4 42
5 1
5 2
5 34
5 25
5 57
5 26
6 9
6 10
6 17
6 50
6 21
6 41
7 1
7 34
7 33
7 40
7 11
7 44
7 66
7 49
7 55
7 57
7 26
7 61
7 62
7 31
12 33
12 43
12 37
12 6
12 39
12 8
12 42
12 11
12 44
12 13
12 79
12 40
12 50
12 49
12 61
12 31
14 37
14 6
14 39
14 8
14 41
14 10
14 43
14 13
14 79
14 17
14 50
14 21
14 42
15 1
15 66
15 37
15 33
15 40
15 11
15 44
15 34
15 13
15 49
15 55
15 26
15 79
15 61
15 62
15 31
16 33
16 66
16 37
16 39
16 8
16 42
16 11
16 44
16 13
16 79
16 40
16 55
16 49
16 61
16 62
16 31
19 33
19 43
19 37
19 6
19 39
19 8
19 42
19 11
19 44
19 13
19 79
19 40
19 50
19 49
19 61
19 31
21 9
21 10
21 41
21 50
21 17
22 25
22 2
22 18
23 1
23 66
23 37
23 33
23 40
23 11
23 44
23 34
23 13
23 49
23 55
23 57
23 26
23 61
23 62
23 31
24 33
24 34
24 66
24 37
24 39
24 8
24 42
24 11
24 44
24 13
24 79
24 40
24 55
24 61
24 49
24 26
24 62
24 31
25 1
25 34
25 33
25 40
25 11
25 66
25 55
25 57
25 26
25 61
25 62
26 37
26 6
26 39
26 8
26 41
26 10
26 43
26 13
26 79
26 17
26 50
26 21
26 42
27 33
27 66
27 43
27 37
27 39
27 8
27 42
27 11
27 44
27 13
27 79
27 40
27 49
27 61
27 62
27 31
28 33
28 34
28 66
28 37
28 39
28 8
28 42
28 11
28 44
28 13
28 79
28 40
28 55
28 61
28 49
28 26
28 62
28 31
30 1
30 34
30 33
30 40
30 11
30 44
30 66
30 49
30 55
30 57
30 26
30 61
30 62
30 31
32 37
32 6
32 39
32 8
32 41
32 10
32 43
32 44
32 13
32 79
32 49
32 50
32 42
32 31
33 43
33 37
33 6
33 39
33 8
33 42
33 11
33 44
33 13
33 79
33 40
33 50
33 49
33 61
33 31
34 33
34 66
34 43
34 37
34 39
34 8
34 42
34 11
34 44
34 13
34 79
34 40
34 55
34 49
34 61
34 62
34 31
35 6
35 39
35 8
35 41
35 10
35 43
35 79
35 17
35 50
35 21
35 42
36 33
36 66
36 37
36 39
36 8
36 42
36 11
36 44
36 13
36 79
36 40
36 55
36 49
36 61
36 62
36 31
38 33
38 61
38 43
38 37
38 6
38 39
38 8
38 10
38 11
38 44
38 13
38 79
38 40
38 50
38 49
38 42
38 31
39 43
39 37
39 6
39 8
39 41
39 10
39 11
39 44
39 13
39 79
39 49
39 50
39 42
39 31
40 6
40 41
40 10
40 43
40 17
40 50
40 21
41 6
41 10
41 43
41 17
41 50
41 21
42 6
42 9
42 10
42 17
42 50
42 21
42 41
43 6
43 8
43 41
43 10
43 17
43 50
43 21
45 37
45 6
45 39
45 8
45 41
45 10
45 43
45 44
45 13
45 79
45 49
45 50
45 42
45 31
46 1
46 34
46 49
46 66
46 37
46 39
46 8
46 42
46 11
46 44
46 13
46 79
46 40
46 55
46 61
46 33
46 26
46 62
46 31
47 6
47 41
47 10
47 17
47 50
47 21
48 6
48 39
48 8
48 41
48 10
48 43
48 79
48 17
48 50
48 21
48 42
50 6
50 9
50 10
50 17
50 21
50 41
51 1
51 66
51 33
51 40
51 11
51 44
51 34
51 13
51 49
51 55
51 57
51 26
51 61
51 62
51 31
52 1
52 34
52 33
52 40
52 11
52 44
52 66
52 49
52 55
52 57
52 26
52 61
52 62
52 31
53 1
53 34
53 40
53 66
53 55
53 57
53 26
53 61
53 62
54 37
54 6
54 39
54 8
54 41
54 10
54 43
54 13
54 79
54 17
54 50
54 21
54 42
55 37
55 6
55 39
55 8
55 41
55 10
55 43
55 13
55 79
55 17
55 50
55 21
55 42
56 1
56 34
56 40
56 66
56 55
56 57
56 26
56 62
57 6
57 39
57 8
57 41
57 10
57 43
57 17
57 50
57 21
58 33
58 43
58 37
58 6
58 39
58 8
58 42
58 11
58 44
58 13
58 79
58 40
58 50
58 49
58 61
58 31
59 1
59 66
59 37
59 33
59 40
59 11
59 44
59 34
59 13
59 49
59 55
59 26
59 79
59 61
59 62
59 31
60 6
60 39
60 8
60 41
60 10
60 43
60 79
60 17
60 50
60 21
60 42
61 33
61 66
61 43
61 37
61 39
61 8
61 42
61 11
61 44
61 13
61 79
61 40
61 55
61 49
61 62
61 31
62 1
62 34
62 49
62 66
62 37
62 39
62 8
62 42
62 11
62 44
62 13
62 79
62 40
62 55
62 61
62 33
62 26
62 31
63 25
63 2
63 57
64 1
64 66
64 37
64 33
64 40
64 11
64 44
64 34
64 13
64 49
64 55
64 26
64 79
64 61
64 62
64 31
65 33
65 66
65 37
65 39
65 8
65 42
65 11
65 44
65 13
65 79
65 40
65 55
65 61
65 49
65 26
65 62
65 31
66 17
66 37
66 6
66 39
66 8
66 41
66 10
66 43
66 44
66 13
66 79
66 49
66 50
66 42
66 31
67 1
67 2
67 34
67 25
67 57
67 26
68 25
68 2
68 18
69 17
69 37
69 6
69 39
69 8
69 41
69 10
69 43
69 13
69 79
69 49
69 50
69 21
69 42
69 31
70 6
70 9
70 10
70 17
70 50
70 21
70 41
71 1
71 34
71 33
71 40
71 11
71 44
71 66
71 55
71 57
71 26
71 61
71 62
72 33
72 43
72 37
72 6
72 39
72 8
72 42
72 11
72 44
72 13
72 79
72 40
72 50
72 49
72 61
72 31
73 25
73 2
73 18
73 57
74 1
74 34
74 66
74 57
74 55
74 25
74 26
74 62
75 1
75 34
75 66
75 57
75 55
75 25
75 26
75 62
76 25
76 2
76 18
76 57
77 6
77 39
77 8
77 41
77 10
77 43
77 79
77 17
77 50
77 21
77 42
78 43
78 37
78 6
78 39
78 8
78 41
78 10
78 11
78 44
78 13
78 79
78 49
78 50
78 42
78 31
79 17
79 37
79 6
79 39
79 8
79 41
79 10
79 43
79 13
79 49
79 50
79 21
79 42
79 31
80 17
80 37
80 6
80 39
80 8
80 41
80 10
80 43
80 13
80 79
80 49
80 50
80 21
80 42
80 31
81 33
81 43
81 37
81 6
81 39
81 8
81 42
81 11
81 44
81 13
81 79
81 40
81 50
81 49
81 61
81 31
82 33
82 43
82 37
82 6
82 39
82 8
82 41
82 10
82 11
82 44
82 13
82 79
82 49
82 50
82 42
82 31
83 33
83 43
83 37
83 6
83 39
83 8
83 42
83 11
83 44
83 13
83 79
83 40
83 50
83 49
83 61
83 31
84 1
84 66
84 37
84 33
84 40
84 11
84 44
84 34
84 13
84 49
84 55
84 26
84 79
84 61
84 62
84 31
85 1
85 34
85 33
85 40
85 11
85 44
85 66
85 49
85 55
85 57
85 26
85 61
85 62
85 31
86 6
86 39
86 8
86 41
86 10
86 43
86 79
86 17
86 50
86 21
86 42
87 33
87 43
87 37
87 6
87 39
87 8
87 42
87 11
87 44
87 13
87 79
87 40
87 50
87 49
87 61
87 31
88 6
88 41
88 10
88 43
88 17
88 50
88 21
