88
1 2
1 4
1 6
1 10
1 15
1 21
1 22
1 24
1 32
1 33
1 39
1 52
1 53
1 61
1 64
1 73
1 74
1 76
1 81
1 83
1 84
1 85
1 87
2 1
2 4
2 6
2 10
2 15
2 21
2 22
2 24
2 32
2 33
2 38
2 39
2 52
2 53
2 54
2 61
2 62
2 64
2 74
2 76
2 81
2 83
2 84
2 85
2 87
3 32
3 33
3 2
3 4
3 73
3 10
3 76
3 61
3 15
3 81
3 83
3 85
3 74
4 1
4 6
4 7
4 21
4 22
4 24
4 25
4 32
4 35
4 38
4 39
4 52
4 53
4 54
4 55
4 61
4 62
4 64
4 66
4 67
4 80
4 81
4 84
4 87
5 65
5 26
6 64
6 66
6 35
6 68
6 37
6 38
6 7
6 55
6 80
6 49
6 67
6 52
6 62
6 54
6 87
6 24
6 25
6 71
6 39
8 65
8 26
9 48
9 68
9 37
9 16
9 71
9 77
9 46
9 79
9 80
9 49
9 78
9 56
9 60
9 31
12 34
12 3
12 36
12 75
12 51
12 23
13 32
13 1
13 2
13 4
13 6
13 33
13 73
13 10
13 76
13 61
13 15
13 81
13 53
13 83
13 84
13 85
13 22
13 74
13 21
14 1
14 2
14 4
14 6
14 10
14 15
14 21
14 22
14 24
14 32
14 33
14 39
14 52
14 53
14 61
14 64
14 73
14 74
14 76
14 81
14 83
14 84
14 85
14 87
19 34
19 51
19 36
20 1
20 6
20 7
20 21
20 24
20 25
20 35
20 38
20 39
20 49
20 52
20 53
20 54
20 55
20 62
20 64
20 66
20 67
20 68
20 80
20 84
20 87
21 34
21 3
21 36
21 75
21 51
21 23
22 33
22 2
22 3
22 4
22 73
22 75
22 34
22 51
22 23
25 34
25 3
25 36
25 75
25 51
25 23
27 1
27 6
27 10
27 15
27 21
27 22
27 24
27 25
27 32
27 38
27 39
27 52
27 53
27 54
27 55
27 61
27 62
27 64
27 74
27 76
27 81
27 83
27 84
27 85
27 87
29 86
29 30
30 34
30 3
30 36
30 75
30 51
30 23
31 16
31 66
31 35
31 68
31 37
31 7
31 9
31 48
31 71
31 77
31 46
31 79
31 80
31 49
31 67
31 78
31 56
31 60
35 75
35 34
35 51
35 36
35 23
40 16
40 66
40 67
40 68
40 37
40 7
40 9
40 48
40 71
40 77
40 46
40 79
40 80
40 49
40 78
40 56
40 60
40 31
41 32
41 33
41 2
41 3
41 4
41 73
41 10
41 76
41 61
41 15
41 81
41 83
41 85
41 22
41 74
42 16
42 66
42 35
42 68
42 37
42 7
42 9
42 48
42 71
42 77
42 46
42 79
42 80
42 49
42 67
42 78
42 55
42 56
42 25
42 60
42 31
43 64
43 1
43 66
43 35
43 68
43 37
43 6
43 7
43 39
43 87
43 80
43 49
43 67
43 84
43 54
43 55
43 24
43 52
43 25
43 38
43 62
45 33
45 2
45 3
45 4
45 73
45 10
45 75
45 51
45 23
46 1
46 2
46 4
46 6
46 10
46 15
46 21
46 22
46 24
46 32
46 33
46 39
46 52
46 53
46 61
46 64
46 73
46 74
46 76
46 81
46 83
46 84
46 85
46 87
47 65
47 26
47 30
48 64
48 16
48 66
48 35
48 68
48 37
48 38
48 7
48 87
48 24
48 80
48 49
48 67
48 52
48 62
48 54
48 55
48 56
48 25
48 71
48 39
50 1
50 6
50 7
50 15
50 21
50 22
50 24
50 25
50 32
50 35
50 38
50 39
50 52
50 53
50 54
50 55
50 61
50 62
50 64
50 66
50 67
50 80
50 81
50 84
50 87
52 48
52 68
52 37
52 16
52 71
52 9
52 77
52 46
52 79
52 80
52 49
52 78
52 56
52 60
52 31
53 34
53 36
54 1
54 2
54 4
54 6
54 10
54 15
54 21
54 22
54 24
54 32
54 33
54 39
54 52
54 53
54 61
54 64
54 73
54 74
54 76
54 81
54 83
54 84
54 85
54 87
57 64
57 1
57 2
57 4
57 6
57 33
57 73
57 10
57 39
57 76
57 61
57 15
57 81
57 53
57 83
57 84
57 85
57 22
57 32
57 74
57 21
58 1
58 6
58 7
58 15
58 21
58 22
58 24
58 25
58 32
58 35
58 38
58 39
58 52
58 53
58 54
58 55
58 61
58 62
58 64
58 66
58 67
58 76
58 81
58 83
58 84
58 85
58 87
60 75
60 34
60 51
60 36
60 23
61 34
61 3
61 36
61 75
61 51
61 23
62 1
62 6
62 10
62 15
62 21
62 22
62 24
62 25
62 32
62 38
62 39
62 52
62 53
62 54
62 55
62 61
62 64
62 74
62 76
62 81
62 83
62 84
62 85
62 87
63 7
63 9
63 16
63 24
63 25
63 35
63 37
63 38
63 49
63 52
63 54
63 55
63 56
63 62
63 64
63 66
63 67
63 68
63 71
63 79
63 80
63 87
65 1
65 2
65 4
65 6
65 10
65 15
65 21
65 22
65 24
65 32
65 33
65 39
65 52
65 53
65 61
65 64
65 73
65 74
65 76
65 81
65 83
65 84
65 85
65 87
66 1
66 6
66 7
66 15
66 21
66 22
66 24
66 25
66 32
66 35
66 38
66 39
66 52
66 53
66 54
66 55
66 61
66 62
66 64
66 67
66 76
66 81
66 83
66 84
66 85
66 87
67 16
67 66
67 35
67 68
67 37
67 7
67 9
67 48
67 71
67 77
67 46
67 79
67 80
67 49
67 78
67 55
67 56
67 25
67 60
67 31
69 1
69 4
69 6
69 10
69 15
69 21
69 22
69 24
69 32
69 33
69 38
69 39
69 52
69 53
69 54
69 55
69 61
69 62
69 64
69 74
69 76
69 81
69 83
69 84
69 85
69 87
70 34
70 3
70 36
70 75
70 51
70 23
71 32
71 1
71 2
71 3
71 4
71 33
71 73
71 10
71 76
71 61
71 15
71 81
71 53
71 83
71 85
71 22
71 74
71 21
72 34
72 3
72 36
72 75
72 51
72 23
75 16
75 66
75 35
75 68
75 37
75 7
75 9
75 48
75 71
75 77
75 46
75 79
75 80
75 49
75 67
75 78
75 56
75 60
75 31
76 16
76 66
76 35
76 68
76 37
76 7
76 9
76 48
76 71
76 77
76 46
76 79
76 80
76 49
76 67
76 78
76 55
76 56
76 25
76 60
76 31
77 32
77 1
77 2
77 4
77 6
77 33
77 73
77 10
77 39
77 76
77 61
77 15
77 81
77 53
77 83
77 84
77 85
77 22
77 74
77 21
78 7
78 9
78 16
78 24
78 25
78 35
78 37
78 38
78 49
78 52
78 54
78 55
78 56
78 62
78 64
78 66
78 67
78 68
78 71
78 79
78 80
78 87
79 65
79 26
80 64
80 66
80 35
80 68
80 37
80 38
80 7
80 9
80 87
80 24
80 16
80 49
80 67
80 52
80 54
80 55
80 56
80 25
80 71
80 62
82 75
82 34
82 51
82 36
82 23
84 34
84 36
85 1
85 6
85 7
85 21
85 22
85 24
85 25
85 35
85 38
85 39
85 49
85 52
85 53
85 54
85 55
85 62
85 64
85 66
85 67
85 68
85 80
85 84
85 87
87 1
87 4
87 6
87 10
87 15
87 21
87 22
87 24
87 32
87 33
87 38
87 39
87 52
87 53
87 54
87 55
87 61
87 62
87 64
87 74
87 76
87 81
87 83
87 84
87 85
88 32
88 1
88 2
88 4
88 6
88 33
88 73
88 10
88 76
88 61
88 15
88 81
88 53
88 83
88 84
88 85
88 22
88 74
88 21
