88
1 34
1 4
1 81
1 82
1 19
1 52
1 53
1 36
1 26
1 60
1 29
2 36
2 38
2 71
2 8
2 41
2 45
2 81
2 82
2 52
2 58
2 60
2 29
2 63
3 80
3 34
3 4
3 70
3 42
3 66
3 48
3 17
3 83
3 53
3 55
4 80
4 34
4 70
4 42
4 48
4 17
4 19
4 53
4 55
4 26
5 36
5 38
5 71
5 8
5 41
5 45
5 81
5 82
5 52
5 58
5 60
5 29
5 63
6 1
6 2
6 10
6 12
6 13
6 18
6 24
6 25
6 32
6 37
6 43
6 47
6 50
6 59
6 61
6 65
6 68
6 69
6 72
6 73
6 74
6 79
6 84
6 87
8 80
8 34
8 4
8 70
8 42
8 48
8 17
8 19
8 53
8 55
8 26
9 32
9 1
9 2
9 68
9 37
9 6
9 71
9 8
9 41
9 43
9 45
9 63
9 47
9 72
9 18
9 73
9 25
9 58
9 38
9 61
9 69
10 66
10 83
10 55
11 34
11 4
11 70
11 42
11 17
11 82
11 19
11 53
11 26
11 60
12 80
12 34
12 4
12 70
12 42
12 66
12 48
12 17
12 83
12 53
12 55
13 34
13 4
13 70
13 17
13 42
13 81
13 82
13 19
13 53
13 26
13 60
14 32
14 2
14 36
14 69
14 38
14 71
14 8
14 41
14 43
14 45
14 29
14 72
14 18
14 58
14 52
14 73
14 68
14 25
14 63
14 61
14 37
15 22
16 34
16 36
16 81
16 82
16 19
16 52
16 53
16 26
16 60
16 29
17 34
17 36
17 81
17 82
17 19
17 52
17 53
17 26
17 60
17 29
20 1
20 2
20 6
20 10
20 12
20 13
20 18
20 24
20 25
20 31
20 32
20 37
20 44
20 47
20 50
20 59
20 61
20 65
20 68
20 69
20 72
20 74
20 78
20 79
20 84
20 87
21 34
21 36
21 81
21 82
21 19
21 52
21 53
21 26
21 60
21 29
23 48
23 66
23 80
23 17
23 83
23 55
24 1
24 2
24 6
24 10
24 13
24 18
24 25
24 32
24 37
24 43
24 47
24 50
24 61
24 63
24 65
24 68
24 69
24 71
24 72
24 73
24 74
24 84
24 87
25 32
25 2
25 68
25 69
25 38
25 71
25 8
25 41
25 43
25 45
25 29
25 72
25 18
25 52
25 73
25 58
25 63
25 61
25 37
26 34
26 36
26 81
26 82
26 19
26 52
26 53
26 60
26 29
28 36
28 38
28 8
28 41
28 45
28 29
28 81
28 82
28 19
28 52
28 58
28 60
28 26
31 34
31 4
31 81
31 82
31 19
31 52
31 53
31 36
31 26
31 60
31 29
32 2
32 36
32 69
32 38
32 71
32 8
32 41
32 43
32 45
32 29
32 72
32 18
32 52
32 73
32 68
32 58
32 63
32 61
32 37
34 1
34 2
34 6
34 10
34 12
34 13
34 18
34 24
34 25
34 32
34 37
34 43
34 47
34 50
34 59
34 61
34 65
34 68
34 69
34 72
34 73
34 74
34 79
34 84
34 87
35 36
35 38
35 8
35 41
35 45
35 29
35 81
35 82
35 19
35 52
35 58
35 60
35 26
36 1
36 2
36 6
36 10
36 13
36 18
36 24
36 25
36 32
36 37
36 43
36 47
36 50
36 59
36 61
36 65
36 68
36 69
36 72
36 73
36 74
36 79
36 84
36 87
38 56
39 80
39 34
39 4
39 70
39 42
39 48
39 17
39 19
39 53
39 26
41 32
41 1
41 2
41 68
41 37
41 6
41 71
41 72
41 73
41 43
41 13
41 47
41 18
41 84
41 87
41 25
41 63
41 61
41 69
45 32
45 1
45 2
45 68
45 37
45 6
45 71
45 8
45 41
45 43
45 63
45 47
45 72
45 18
45 73
45 25
45 58
45 38
45 61
45 69
46 32
46 36
46 38
46 71
46 8
46 41
46 43
46 45
46 81
46 82
46 52
46 73
46 58
46 60
46 29
46 63
49 36
49 38
49 8
49 41
49 45
49 29
49 81
49 82
49 19
49 52
49 58
49 60
49 26
53 36
53 38
53 71
53 8
53 41
53 43
53 45
53 81
53 82
53 52
53 73
53 58
53 60
53 29
53 63
54 80
54 34
54 4
54 70
54 42
54 66
54 48
54 17
54 19
54 53
54 55
56 32
56 2
56 68
56 69
56 38
56 71
56 8
56 41
56 43
56 45
56 29
56 72
56 18
56 52
56 73
56 25
56 58
56 63
56 61
56 37
57 48
57 66
57 80
57 17
57 83
57 55
58 48
58 66
58 80
58 17
58 83
58 55
61 32
61 2
61 68
61 69
61 38
61 71
61 8
61 41
61 43
61 45
61 72
61 18
61 52
61 73
61 25
61 58
61 63
61 29
61 37
62 32
62 1
62 2
62 68
62 37
62 6
62 71
62 8
62 41
62 43
62 63
62 47
62 72
62 18
62 73
62 25
62 58
62 38
62 61
62 69
63 1
63 2
63 6
63 10
63 12
63 13
63 18
63 24
63 25
63 31
63 35
63 37
63 44
63 46
63 47
63 50
63 59
63 61
63 65
63 68
63 69
63 72
63 74
63 75
63 78
63 79
63 84
63 87
64 36
64 38
64 71
64 8
64 41
64 45
64 29
64 81
64 82
64 52
64 58
64 60
64 26
64 63
65 80
65 34
65 4
65 70
65 42
65 66
65 48
65 17
65 19
65 53
65 55
66 32
66 2
66 36
66 69
66 38
66 71
66 8
66 41
66 43
66 45
66 29
66 52
66 73
66 68
66 58
66 61
66 63
67 34
67 36
67 81
67 82
67 19
67 52
67 53
67 26
67 60
67 29
68 32
68 2
68 36
68 69
68 38
68 71
68 8
68 41
68 43
68 45
68 29
68 72
68 18
68 52
68 73
68 25
68 58
68 63
68 61
68 37
69 48
69 66
69 80
69 17
69 83
69 55
70 32
70 2
70 36
70 69
70 38
70 71
70 8
70 41
70 43
70 45
70 29
70 72
70 52
70 73
70 68
70 58
70 63
70 61
70 37
71 36
71 38
71 8
71 41
71 45
71 81
71 82
71 52
71 58
71 60
71 29
71 63
72 32
72 36
72 69
72 38
72 71
72 8
72 41
72 43
72 45
72 81
72 82
72 52
72 73
72 58
72 60
72 29
72 63
73 32
73 2
73 36
73 69
73 38
73 71
73 8
73 41
73 43
73 45
73 29
73 52
73 68
73 58
73 61
73 63
74 36
74 38
74 71
74 8
74 41
74 45
74 81
74 82
74 52
74 58
74 60
74 29
74 63
75 36
75 38
75 71
75 8
75 41
75 43
75 45
75 81
75 82
75 52
75 73
75 58
75 60
75 29
75 63
76 36
76 38
76 71
76 8
76 41
76 45
76 81
76 82
76 52
76 58
76 60
76 29
76 63
78 1
78 2
78 6
78 10
78 12
78 13
78 18
78 24
78 25
78 31
78 35
78 37
78 44
78 46
78 47
78 50
78 59
78 61
78 65
78 68
78 72
78 74
78 75
78 79
78 84
78 87
79 1
79 2
79 6
79 10
79 12
79 13
79 18
79 24
79 25
79 32
79 37
79 43
79 47
79 50
79 59
79 61
79 65
79 68
79 69
79 72
79 73
79 74
79 84
79 87
81 32
81 1
81 2
81 68
81 37
81 38
81 71
81 8
81 41
81 43
81 45
81 47
81 72
81 18
81 73
81 25
81 58
81 63
81 61
81 69
85 56
87 32
87 2
87 68
87 69
87 38
87 71
87 8
87 41
87 43
87 45
87 29
87 72
87 18
87 52
87 73
87 25
87 58
87 63
87 61
87 37
88 36
88 38
88 71
88 8
88 41
88 45
88 81
88 82
88 52
88 58
88 60
88 29
88 63
