88
2 7
2 9
2 76
2 18
2 21
2 29
3 7
3 9
3 76
3 18
3 21
3 29
4 3
4 5
4 6
4 12
4 14
4 26
4 27
4 30
4 31
4 33
4 36
4 37
4 38
4 43
4 47
4 51
4 52
4 55
4 60
4 63
4 64
4 67
4 79
4 82
4 87
4 88
5 64
5 1
5 2
5 35
5 51
5 7
5 10
5 75
5 47
5 83
5 21
5 23
5 24
5 79
6 64
6 1
6 2
6 35
6 5
6 51
6 7
6 10
6 75
6 47
6 83
6 21
6 23
6 24
6 79
7 1
7 2
7 35
7 9
7 10
7 75
7 76
7 83
7 21
7 24
12 3
12 6
12 14
12 25
12 26
12 27
12 30
12 31
12 32
12 33
12 36
12 37
12 38
12 39
12 43
12 45
12 52
12 55
12 56
12 60
12 61
12 63
12 65
12 67
12 68
12 82
12 84
12 87
12 88
13 9
13 18
13 4
13 29
14 3
14 5
14 6
14 12
14 23
14 24
14 26
14 27
14 33
14 37
14 38
14 43
14 47
14 51
14 52
14 55
14 60
14 63
14 64
14 79
14 87
14 88
15 4
15 13
16 1
16 2
16 35
16 7
16 9
16 10
16 76
16 18
16 21
16 29
17 4
17 13
22 11
24 1
24 2
24 7
24 9
24 76
24 18
24 21
24 29
26 1
26 2
26 35
26 7
26 9
26 10
26 75
26 76
26 83
26 21
26 24
28 1
28 2
28 35
28 7
28 9
28 10
28 76
28 83
28 21
28 29
29 4
29 13
31 64
31 1
31 2
31 35
31 5
31 51
31 7
31 10
31 75
31 47
31 83
31 21
31 23
31 24
31 79
32 1
32 2
32 35
32 7
32 10
32 75
32 76
32 83
32 21
32 23
32 24
33 3
33 6
33 12
33 14
33 26
33 27
33 30
33 31
33 32
33 36
33 37
33 38
33 43
33 45
33 52
33 55
33 60
33 63
33 67
33 82
33 87
33 88
34 9
34 18
34 4
34 29
35 3
35 6
35 12
35 14
35 25
35 26
35 27
35 30
35 31
35 32
35 33
35 36
35 37
35 38
35 39
35 43
35 45
35 52
35 55
35 56
35 60
35 61
35 63
35 65
35 67
35 82
35 84
35 87
35 88
36 3
36 5
36 6
36 12
36 23
36 24
36 26
36 27
36 33
36 37
36 38
36 47
36 51
36 52
36 55
36 60
36 63
36 64
36 75
36 79
36 83
36 87
36 88
37 1
37 2
37 35
37 7
37 10
37 75
37 76
37 83
37 21
37 23
37 24
38 3
38 5
38 6
38 12
38 23
38 24
38 26
38 27
38 33
38 35
38 37
38 47
38 51
38 52
38 55
38 60
38 63
38 64
38 75
38 79
38 83
38 87
38 88
39 1
39 3
39 5
39 6
39 10
39 12
39 23
39 24
39 26
39 27
39 33
39 35
39 37
39 38
39 47
39 51
39 52
39 55
39 60
39 63
39 64
39 75
39 79
39 83
39 87
40 64
40 1
40 2
40 35
40 5
40 51
40 7
40 10
40 75
40 47
40 24
40 83
40 55
40 23
40 79
41 3
41 6
41 12
41 14
41 26
41 27
41 30
41 31
41 32
41 33
41 36
41 37
41 38
41 43
41 45
41 52
41 55
41 60
41 63
41 65
41 67
41 82
41 84
41 87
41 88
42 3
42 5
42 6
42 12
42 23
42 24
42 26
42 27
42 33
42 37
42 38
42 47
42 51
42 52
42 55
42 60
42 63
42 64
42 75
42 79
42 83
42 87
42 88
43 64
43 1
43 2
43 35
43 5
43 51
43 7
43 10
43 75
43 47
43 24
43 83
43 55
43 23
43 87
43 79
44 7
44 9
44 76
44 18
44 21
44 29
45 3
45 6
45 12
45 14
45 26
45 27
45 30
45 31
45 32
45 33
45 36
45 37
45 38
45 43
45 52
45 55
45 60
45 63
45 67
45 82
45 87
45 88
46 64
46 1
46 2
46 35
46 5
46 51
46 7
46 10
46 75
46 76
46 47
46 83
46 21
46 23
46 24
46 79
47 3
47 5
47 6
47 12
47 23
47 24
47 26
47 27
47 33
47 37
47 38
47 51
47 52
47 55
47 60
47 63
47 64
47 75
47 79
47 83
47 87
47 88
48 9
48 18
48 76
48 29
48 4
49 18
49 4
50 7
50 9
50 76
50 18
50 21
50 29
51 3
51 6
51 12
51 14
51 26
51 27
51 30
51 31
51 32
51 33
51 36
51 37
51 38
51 43
51 45
51 52
51 55
51 60
51 63
51 67
51 82
51 87
51 88
52 1
52 3
52 5
52 6
52 10
52 12
52 23
52 24
52 26
52 27
52 35
52 37
52 38
52 47
52 51
52 55
52 63
52 64
52 75
52 79
52 83
52 87
53 3
53 5
53 6
53 12
53 23
53 24
53 26
53 27
53 33
53 37
53 38
53 47
53 51
53 52
53 55
53 60
53 63
53 64
53 75
53 79
53 87
53 88
54 9
54 18
54 4
54 29
56 3
56 5
56 6
56 12
56 23
56 24
56 26
56 27
56 33
56 37
56 38
56 47
56 51
56 52
56 55
56 60
56 63
56 64
56 75
56 79
56 83
56 87
56 88
57 7
57 9
57 76
57 18
57 21
57 29
58 4
58 7
58 9
58 76
58 18
58 21
58 29
59 3
59 5
59 6
59 12
59 23
59 24
59 26
59 27
59 33
59 37
59 38
59 47
59 51
59 52
59 55
59 60
59 63
59 64
59 75
59 79
59 87
59 88
61 3
61 5
61 6
61 12
61 14
61 23
61 26
61 27
61 30
61 33
61 36
61 37
61 38
61 43
61 47
61 51
61 52
61 55
61 60
61 63
61 64
61 79
61 87
61 88
62 3
62 5
62 6
62 12
62 23
62 24
62 26
62 27
62 33
62 35
62 37
62 38
62 47
62 51
62 52
62 55
62 60
62 63
62 64
62 75
62 79
62 83
62 87
62 88
63 4
63 9
63 76
63 18
63 21
63 29
64 1
64 2
64 35
64 5
64 51
64 7
64 10
64 75
64 76
64 47
64 83
64 21
64 23
64 24
64 79
66 3
66 5
66 6
66 12
66 23
66 24
66 26
66 27
66 33
66 35
66 37
66 38
66 47
66 51
66 52
66 55
66 60
66 63
66 64
66 75
66 79
66 83
66 87
66 88
67 7
67 9
67 76
67 18
67 21
67 29
68 1
68 3
68 5
68 6
68 10
68 12
68 23
68 24
68 26
68 27
68 33
68 35
68 37
68 38
68 47
68 51
68 52
68 55
68 60
68 63
68 64
68 75
68 79
68 83
68 87
69 1
69 2
69 7
69 9
69 10
69 76
69 18
69 21
69 29
71 64
71 1
71 2
71 35
71 5
71 51
71 7
71 10
71 75
71 47
71 83
71 21
71 23
71 24
71 79
72 9
72 18
72 76
72 29
72 4
73 64
73 1
73 2
73 35
73 5
73 7
73 10
73 75
73 76
73 47
73 83
73 21
73 23
73 24
73 79
74 7
74 9
74 76
74 18
74 21
74 29
77 64
77 1
77 2
77 35
77 5
77 51
77 7
77 10
77 75
77 76
77 47
77 83
77 21
77 23
77 24
77 79
78 9
78 18
78 76
78 29
78 4
79 3
79 6
79 12
79 14
79 26
79 27
79 30
79 31
79 32
79 33
79 36
79 37
79 38
79 43
79 45
79 52
79 55
79 60
79 63
79 65
79 67
79 82
79 84
79 87
79 88
80 18
80 4
80 29
82 1
82 2
82 35
82 7
82 9
82 10
82 75
82 76
82 83
82 21
82 24
82 29
83 4
83 7
83 9
83 76
83 18
83 21
83 29
84 1
84 2
84 35
84 7
84 9
84 10
84 76
84 18
84 21
84 29
