88
1 67
1 68
1 71
1 8
1 73
1 42
1 43
1 46
1 72
1 83
1 52
1 53
1 54
1 56
2 32
2 65
2 5
2 70
2 64
2 25
3 1
3 39
3 40
3 12
3 44
3 46
3 80
3 76
3 50
3 84
3 21
3 54
3 87
3 28
3 62
3 31
4 64
4 33
4 2
4 5
4 70
4 65
4 78
4 47
4 29
5 1
5 67
5 39
5 40
5 73
5 43
5 12
5 46
5 80
5 72
5 84
5 53
5 54
5 87
5 56
6 36
7 1
7 67
7 39
7 40
7 73
7 43
7 12
7 46
7 80
7 72
7 84
7 53
7 54
7 87
7 56
7 31
8 32
8 65
8 66
8 4
8 7
8 74
8 13
8 77
8 79
8 88
8 25
8 58
8 61
10 1
10 67
10 39
10 40
10 73
10 43
10 12
10 46
10 80
10 72
10 84
10 53
10 54
10 87
10 56
11 3
11 68
11 37
11 6
11 71
11 8
11 41
11 42
11 75
11 45
11 59
11 81
11 52
11 17
11 86
11 27
11 69
12 1
12 67
12 68
12 71
12 8
12 73
12 43
12 46
12 80
12 72
12 83
12 53
12 54
12 56
13 67
13 68
13 37
13 6
13 71
13 8
13 41
13 42
13 43
13 45
13 72
13 83
13 52
13 53
13 73
13 56
15 16
15 30
16 66
16 4
16 39
16 40
16 44
16 74
16 12
16 13
16 79
16 76
16 50
16 84
16 21
16 87
16 58
16 28
16 61
16 62
16 31
17 67
17 68
17 37
17 6
17 71
17 8
17 41
17 42
17 43
17 45
17 72
17 83
17 52
17 53
17 54
17 73
17 56
18 68
18 37
18 6
18 71
18 8
18 41
18 42
18 75
18 45
18 72
18 83
18 52
18 17
18 27
20 3
20 68
20 37
20 6
20 71
20 8
20 41
20 42
20 75
20 45
20 81
20 52
20 17
20 59
20 27
20 69
21 36
22 32
22 66
22 4
22 7
22 76
22 74
22 44
22 13
22 77
22 79
22 50
22 21
22 88
22 25
22 58
22 28
22 61
22 62
25 36
26 36
30 3
30 68
30 37
30 6
30 71
30 8
30 41
30 42
30 75
30 45
30 72
30 83
30 52
30 17
30 59
30 27
31 3
31 68
31 37
31 6
31 71
31 8
31 41
31 42
31 75
31 45
31 72
31 83
31 52
31 17
31 59
31 27
32 3
32 68
32 37
32 6
32 71
32 8
32 41
32 42
32 75
32 45
32 59
32 81
32 52
32 17
32 86
32 27
32 69
33 1
33 67
33 39
33 40
33 73
33 43
33 12
33 46
33 80
33 84
33 53
33 54
33 87
33 56
33 28
33 31
34 1
34 67
34 39
34 40
34 73
34 76
34 12
34 80
34 50
34 84
34 46
34 54
34 87
34 56
34 31
34 28
34 53
35 67
35 68
35 37
35 6
35 71
35 8
35 41
35 42
35 43
35 45
35 72
35 83
35 52
35 53
35 73
35 56
36 3
36 68
36 37
36 6
36 71
36 8
36 41
36 42
36 75
36 45
36 17
36 83
36 52
36 59
36 27
37 67
37 68
37 6
37 71
37 8
37 41
37 42
37 43
37 45
37 72
37 83
37 52
37 53
37 73
37 56
38 67
38 68
38 37
38 6
38 71
38 8
38 41
38 42
38 43
38 45
38 72
38 75
38 83
38 52
38 17
38 27
39 67
39 68
39 37
39 71
39 8
39 73
39 42
39 43
39 45
39 72
39 83
39 52
39 53
39 54
39 56
40 3
40 68
40 37
40 6
40 71
40 8
40 41
40 42
40 75
40 45
40 81
40 52
40 17
40 59
40 27
40 69
41 1
41 67
41 39
41 72
41 73
41 43
41 46
41 80
41 83
41 84
41 53
41 54
41 56
42 1
42 67
42 39
42 40
42 73
42 43
42 76
42 12
42 80
42 84
42 46
42 54
42 87
42 56
42 31
42 28
42 53
45 3
45 68
45 37
45 6
45 71
45 8
45 41
45 42
45 75
45 17
45 83
45 52
45 59
45 27
47 1
47 67
47 39
47 40
47 73
47 76
47 12
47 80
47 50
47 84
47 46
47 54
47 87
47 56
47 31
47 28
47 53
48 3
48 69
48 6
48 17
48 41
48 42
48 75
48 45
48 14
48 59
48 81
48 52
48 86
48 26
48 27
48 37
51 3
51 68
51 37
51 6
51 71
51 8
51 41
51 42
51 75
51 45
51 59
51 81
51 52
51 17
51 86
51 27
51 69
52 3
52 68
52 37
52 6
52 71
52 8
52 41
52 42
52 75
52 45
52 72
52 83
52 17
52 59
52 27
53 34
53 35
53 36
53 38
53 48
53 49
53 18
53 22
53 24
54 48
54 35
54 36
54 22
55 67
55 68
55 71
55 8
55 73
55 42
55 43
55 46
55 72
55 83
55 53
55 54
55 56
57 64
57 65
57 32
57 5
57 7
57 13
57 77
57 79
57 88
57 25
57 61
58 1
58 67
58 68
58 71
58 8
58 73
58 43
58 46
58 80
58 72
58 83
58 53
58 54
58 56
59 34
59 35
59 36
59 38
59 48
59 49
59 18
59 22
59 24
60 32
60 65
60 2
60 5
60 70
60 7
60 64
60 77
60 88
60 25
62 1
62 67
62 68
62 71
62 8
62 73
62 43
62 46
62 80
62 72
62 83
62 53
62 54
62 56
63 32
63 65
63 2
63 5
63 70
63 7
63 64
63 77
63 88
63 25
64 32
64 65
64 66
64 4
64 7
64 74
64 13
64 77
64 79
64 88
64 25
64 58
64 61
65 33
65 2
65 35
65 70
65 38
65 34
65 78
65 47
65 48
65 49
65 18
65 22
65 24
65 29
66 32
66 65
66 2
66 5
66 70
66 7
66 64
66 77
66 88
66 25
67 32
67 65
67 2
67 5
67 70
67 7
67 64
67 88
67 25
68 66
68 4
68 7
68 76
68 74
68 44
68 13
68 77
68 79
68 50
68 21
68 88
68 25
68 58
68 28
68 61
68 62
68 31
69 1
69 67
69 72
69 73
69 43
69 46
69 80
69 83
69 84
69 53
69 54
69 56
71 33
71 2
71 35
71 70
71 38
71 34
71 78
71 47
71 48
71 49
71 18
71 22
71 24
71 29
72 1
72 66
72 39
72 40
72 12
72 44
72 46
72 80
72 76
72 50
72 84
72 21
72 87
72 28
72 62
72 31
73 33
73 2
73 35
73 70
73 38
73 34
73 78
73 47
73 48
73 49
73 18
73 22
73 24
73 29
74 66
74 4
74 7
74 40
74 44
74 12
74 77
74 13
74 76
74 50
74 21
74 87
74 88
74 58
74 79
74 28
74 61
74 62
74 31
75 32
75 66
75 4
75 7
75 74
75 13
75 77
75 79
75 88
75 25
75 58
75 61
76 32
76 66
76 4
76 7
76 74
76 44
76 13
76 77
76 79
76 50
76 21
76 88
76 25
76 58
76 28
76 61
76 62
76 31
77 1
77 67
77 39
77 72
77 73
77 43
77 46
77 80
77 83
77 84
77 53
77 54
77 56
78 3
78 37
78 6
78 17
78 41
78 42
78 75
78 45
78 59
78 81
78 52
78 86
78 27
78 69
79 32
79 65
79 2
79 5
79 70
79 64
79 78
80 64
80 33
80 2
80 5
80 38
80 34
80 78
80 47
80 49
80 18
80 24
80 70
80 29
85 67
85 68
85 71
85 8
85 73
85 43
85 46
85 72
85 83
85 53
85 54
85 56
86 36
87 1
87 66
87 4
87 39
87 40
87 44
87 12
87 80
87 76
87 50
87 84
87 21
87 28
87 62
87 31
88 3
88 68
88 37
88 6
88 71
88 8
88 41
88 42
88 75
88 45
88 59
88 81
88 52
88 17
88 86
88 27
88 69
