88
1 2
1 3
1 4
1 6
1 8
1 9
1 10
1 12
1 14
1 19
1 21
1 25
1 27
1 28
1 29
1 31
1 32
1 33
1 35
1 36
1 37
1 38
1 39
1 40
1 41
1 42
1 43
1 44
1 46
1 47
1 48
1 49
1 50
1 51
1 52
1 53
1 55
1 56
1 57
1 59
1 61
1 63
1 64
1 70
1 71
1 73
1 74
1 75
1 77
1 78
1 79
1 82
1 86
1 87
1 88
2 3
2 6
2 8
2 9
2 12
2 14
2 21
2 25
2 28
2 29
2 30
2 31
2 36
2 37
2 38
2 40
2 41
2 42
2 43
2 46
2 47
2 50
2 53
2 55
2 56
2 57
2 59
2 61
2 63
2 64
2 70
2 71
2 73
2 77
2 78
2 82
2 87
2 88
3 6
3 8
3 9
3 14
3 21
3 25
3 28
3 29
3 30
3 31
3 36
3 37
3 38
3 40
3 41
3 42
3 43
3 46
3 47
3 50
3 53
3 55
3 56
3 57
3 59
3 61
3 64
3 70
3 71
3 73
3 77
3 82
3 87
5 2
5 4
5 8
5 9
5 10
5 11
5 12
5 13
5 17
5 19
5 21
5 22
5 23
5 24
5 27
5 28
5 29
5 31
5 32
5 33
5 35
5 36
5 38
5 39
5 40
5 42
5 43
5 44
5 45
5 46
5 47
5 48
5 49
5 51
5 52
5 53
5 55
5 57
5 58
5 59
5 61
5 62
5 63
5 64
5 67
5 68
5 69
5 71
5 72
5 73
5 74
5 75
5 78
5 79
5 84
5 86
5 87
5 88
7 2
7 3
7 4
7 6
7 8
7 9
7 10
7 12
7 14
7 17
7 19
7 21
7 24
7 25
7 27
7 28
7 29
7 31
7 32
7 33
7 35
7 36
7 37
7 38
7 39
7 40
7 41
7 42
7 43
7 44
7 45
7 46
7 47
7 48
7 49
7 50
7 51
7 52
7 53
7 55
7 56
7 57
7 59
7 61
7 62
7 63
7 64
7 71
7 73
7 74
7 75
7 77
7 78
7 79
7 82
7 84
7 86
7 87
7 88
12 3
12 4
12 6
12 8
12 9
12 14
12 21
12 25
12 28
12 29
12 30
12 31
12 32
12 36
12 37
12 38
12 40
12 41
12 42
12 43
12 46
12 47
12 50
12 53
12 55
12 56
12 57
12 59
12 61
12 63
12 64
12 70
12 71
12 73
12 77
12 78
12 82
12 87
12 88
16 2
16 3
16 4
16 6
16 8
16 9
16 12
16 14
16 21
16 25
16 27
16 28
16 29
16 31
16 32
16 35
16 36
16 37
16 38
16 40
16 41
16 42
16 43
16 46
16 47
16 49
16 50
16 51
16 53
16 55
16 56
16 57
16 59
16 61
16 63
16 64
16 70
16 71
16 73
16 74
16 77
16 78
16 82
16 87
16 88
21 3
21 6
21 8
21 9
21 12
21 14
21 25
21 28
21 29
21 30
21 31
21 36
21 37
21 38
21 40
21 41
21 42
21 43
21 46
21 47
21 50
21 53
21 55
21 56
21 57
21 59
21 61
21 63
21 64
21 70
21 71
21 73
21 77
21 78
21 82
21 87
21 88
47 3
47 6
47 14
47 21
47 25
47 29
47 30
47 31
47 36
47 37
47 40
47 41
47 42
47 43
47 50
47 55
47 56
47 61
47 64
47 70
47 71
47 73
47 77
47 82
52 3
52 6
52 9
52 14
52 21
52 25
52 28
52 29
52 30
52 31
52 36
52 37
52 38
52 40
52 41
52 42
52 43
52 46
52 47
52 50
52 53
52 55
52 56
52 57
52 59
52 61
52 64
52 70
52 71
52 73
52 77
52 82
52 87
57 3
57 6
57 9
57 14
57 21
57 25
57 29
57 30
57 31
57 36
57 37
57 40
57 41
57 42
57 43
57 46
57 47
57 50
57 53
57 55
57 56
57 59
57 61
57 64
57 70
57 71
57 73
57 77
57 82
57 87
59 2
59 3
59 4
59 6
59 8
59 9
59 12
59 14
59 21
59 25
59 28
59 29
59 31
59 32
59 36
59 37
59 38
59 40
59 41
59 42
59 43
59 46
59 47
59 49
59 50
59 51
59 53
59 55
59 56
59 57
59 61
59 63
59 64
59 70
59 71
59 73
59 74
59 77
59 78
59 82
59 87
59 88
60 3
60 6
60 8
60 9
60 12
60 14
60 21
60 25
60 28
60 29
60 30
60 31
60 36
60 37
60 38
60 40
60 41
60 42
60 43
60 46
60 47
60 50
60 53
60 55
60 56
60 57
60 59
60 61
60 63
60 64
60 70
60 71
60 73
60 77
60 78
60 82
60 87
60 88
63 2
63 3
63 4
63 6
63 8
63 9
63 12
63 14
63 21
63 25
63 27
63 28
63 29
63 31
63 32
63 35
63 36
63 37
63 38
63 39
63 40
63 41
63 42
63 43
63 44
63 46
63 47
63 49
63 50
63 51
63 53
63 55
63 56
63 57
63 59
63 61
63 64
63 70
63 71
63 73
63 74
63 77
63 78
63 82
63 86
63 87
63 88
64 3
64 6
64 9
64 14
64 21
64 25
64 28
64 29
64 30
64 31
64 36
64 37
64 38
64 40
64 41
64 42
64 43
64 46
64 47
64 50
64 53
64 55
64 56
64 59
64 61
64 70
64 71
64 73
64 77
64 82
64 87
65 2
65 3
65 4
65 6
65 8
65 9
65 10
65 12
65 14
65 19
65 21
65 25
65 27
65 28
65 29
65 31
65 32
65 33
65 35
65 36
65 37
65 38
65 39
65 40
65 41
65 42
65 43
65 44
65 46
65 47
65 48
65 49
65 50
65 51
65 52
65 53
65 55
65 56
65 57
65 59
65 61
65 63
65 64
65 70
65 71
65 73
65 74
65 75
65 77
65 78
65 79
65 82
65 86
65 87
65 88
66 2
66 3
66 4
66 6
66 8
66 9
66 12
66 14
66 21
66 25
66 28
66 29
66 31
66 32
66 36
66 37
66 38
66 40
66 41
66 42
66 43
66 46
66 47
66 49
66 50
66 51
66 53
66 55
66 56
66 57
66 59
66 61
66 63
66 64
66 70
66 71
66 73
66 74
66 77
66 78
66 82
66 87
66 88
73 3
73 6
73 9
73 14
73 21
73 25
73 29
73 30
73 31
73 36
73 37
73 40
73 41
73 42
73 43
73 46
73 47
73 50
73 53
73 55
73 56
73 59
73 61
73 64
73 70
73 71
73 77
73 82
73 87
79 3
79 6
79 8
79 9
79 12
79 14
79 21
79 25
79 28
79 29
79 30
79 31
79 36
79 37
79 38
79 40
79 41
79 42
79 43
79 46
79 47
79 50
79 53
79 55
79 56
79 57
79 59
79 61
79 63
79 64
79 70
79 71
79 73
79 77
79 82
79 87
79 88
83 2
83 3
83 4
83 8
83 9
83 10
83 11
83 12
83 17
83 19
83 21
83 24
83 25
83 27
83 28
83 29
83 31
83 32
83 33
83 35
83 36
83 37
83 38
83 39
83 40
83 42
83 43
83 44
83 45
83 46
83 47
83 48
83 49
83 51
83 52
83 53
83 55
83 56
83 57
83 59
83 61
83 62
83 63
83 64
83 71
83 73
83 74
83 75
83 78
83 79
83 82
83 84
83 86
83 87
83 88
85 2
85 3
85 4
85 6
85 8
85 9
85 12
85 14
85 19
85 21
85 25
85 27
85 28
85 29
85 31
85 32
85 35
85 36
85 37
85 38
85 39
85 40
85 41
85 42
85 43
85 44
85 46
85 47
85 48
85 49
85 50
85 51
85 52
85 53
85 55
85 56
85 57
85 59
85 61
85 63
85 64
85 70
85 71
85 73
85 74
85 75
85 77
85 78
85 82
85 86
85 87
85 88
