88
2 49
2 82
2 86
5 34
5 35
5 4
5 69
5 81
5 7
5 40
5 71
5 46
5 48
5 43
5 83
5 78
5 57
5 58
5 28
5 26
5 31
6 2
6 3
6 9
6 12
6 16
6 23
6 24
6 27
6 37
6 41
6 45
6 53
6 55
6 56
6 60
6 62
6 63
6 66
6 67
6 68
6 72
6 73
6 74
6 77
6 85
6 87
6 88
7 1
7 3
7 9
7 10
7 12
7 16
7 23
7 27
7 36
7 37
7 41
7 45
7 47
7 50
7 53
7 54
7 55
7 56
7 62
7 63
7 66
7 67
7 68
7 72
7 73
7 74
7 77
7 87
7 88
12 1
12 8
12 10
12 16
12 23
12 27
12 32
12 35
12 36
12 37
12 45
12 47
12 50
12 54
12 55
12 56
12 67
12 70
12 72
12 74
12 77
12 80
12 84
12 87
13 1
13 7
13 8
13 10
13 26
13 28
13 31
13 32
13 34
13 35
13 36
13 37
13 40
13 45
13 47
13 48
13 50
13 54
13 70
13 77
13 78
13 80
13 81
13 83
13 84
14 1
14 8
14 9
14 10
14 16
14 23
14 27
14 32
14 36
14 37
14 45
14 47
14 50
14 54
14 55
14 56
14 62
14 63
14 66
14 67
14 68
14 72
14 73
14 74
14 77
14 84
14 87
16 86
16 29
16 22
17 4
17 69
17 39
17 43
17 46
17 57
17 71
17 58
19 17
19 82
19 39
19 86
19 49
20 1
20 8
20 10
20 16
20 23
20 27
20 32
20 36
20 37
20 45
20 47
20 50
20 54
20 55
20 56
20 62
20 63
20 67
20 72
20 74
20 77
20 84
20 87
24 1
24 8
24 9
24 10
24 16
24 23
24 27
24 32
24 36
24 37
24 45
24 47
24 50
24 54
24 55
24 56
24 62
24 63
24 66
24 67
24 68
24 72
24 74
24 77
24 84
24 87
30 1
30 7
30 8
30 10
30 23
30 26
30 28
30 32
30 35
30 36
30 37
30 40
30 45
30 47
30 48
30 50
30 54
30 55
30 70
30 72
30 77
30 80
30 81
30 84
31 1
31 3
31 9
31 10
31 12
31 16
31 23
31 27
31 36
31 37
31 41
31 45
31 47
31 50
31 53
31 54
31 55
31 56
31 62
31 63
31 66
31 67
31 68
31 72
31 73
31 74
31 77
31 87
31 88
33 1
33 8
33 10
33 16
33 23
33 27
33 32
33 35
33 36
33 37
33 45
33 47
33 50
33 54
33 55
33 56
33 67
33 70
33 72
33 74
33 77
33 80
33 84
33 87
38 2
38 3
38 9
38 12
38 16
38 23
38 24
38 27
38 37
38 41
38 45
38 53
38 55
38 56
38 62
38 63
38 66
38 67
38 68
38 72
38 73
38 74
38 77
38 85
38 87
38 88
39 1
39 2
39 3
39 9
39 10
39 12
39 16
39 23
39 24
39 27
39 36
39 37
39 41
39 45
39 50
39 53
39 54
39 55
39 56
39 62
39 63
39 66
39 67
39 68
39 72
39 73
39 74
39 77
39 85
39 87
39 88
42 1
42 8
42 10
42 16
42 23
42 27
42 32
42 35
42 36
42 37
42 45
42 47
42 50
42 54
42 55
42 56
42 67
42 70
42 72
42 74
42 77
42 80
42 84
42 87
44 1
44 3
44 9
44 10
44 12
44 16
44 23
44 27
44 36
44 37
44 41
44 45
44 47
44 50
44 53
44 54
44 55
44 56
44 62
44 63
44 66
44 67
44 68
44 72
44 73
44 74
44 77
44 87
44 88
50 1
50 2
50 3
50 9
50 10
50 12
50 16
50 23
50 27
50 36
50 37
50 41
50 45
50 53
50 54
50 55
50 56
50 62
50 63
50 66
50 67
50 68
50 72
50 73
50 74
50 77
50 85
50 87
50 88
51 4
51 69
51 39
51 43
51 46
51 17
51 57
51 71
51 58
53 1
53 7
53 8
53 10
53 23
53 26
53 27
53 28
53 32
53 35
53 36
53 37
53 40
53 45
53 47
53 48
53 50
53 54
53 55
53 70
53 72
53 77
53 80
53 81
53 84
58 1
58 8
58 10
58 16
58 23
58 27
58 32
58 36
58 37
58 45
58 47
58 50
58 54
58 55
58 56
58 62
58 63
58 67
58 72
58 74
58 77
58 84
58 87
60 1
60 3
60 9
60 10
60 12
60 16
60 23
60 27
60 36
60 37
60 41
60 45
60 47
60 50
60 53
60 54
60 55
60 56
60 62
60 63
60 66
60 67
60 68
60 72
60 73
60 74
60 77
60 87
60 88
61 1
61 2
61 3
61 9
61 10
61 12
61 16
61 23
61 27
61 36
61 37
61 41
61 45
61 50
61 53
61 54
61 55
61 56
61 62
61 63
61 66
61 67
61 68
61 72
61 73
61 74
61 77
61 85
61 87
61 88
62 32
62 48
62 34
62 35
62 70
62 7
62 8
62 71
62 78
62 47
62 80
62 40
62 83
62 84
62 58
62 31
62 28
62 26
62 81
63 1
63 8
63 10
63 16
63 23
63 27
63 32
63 35
63 36
63 37
63 40
63 45
63 47
63 50
63 54
63 55
63 56
63 67
63 70
63 72
63 74
63 77
63 80
63 81
63 84
63 87
64 4
64 69
64 39
64 43
64 46
64 17
64 57
64 71
65 1
65 8
65 10
65 16
65 23
65 27
65 32
65 35
65 36
65 37
65 45
65 47
65 50
65 54
65 55
65 56
65 67
65 70
65 72
65 74
65 77
65 80
65 81
65 84
65 87
66 2
66 3
66 9
66 12
66 16
66 21
66 23
66 24
66 27
66 33
66 41
66 42
66 45
66 53
66 55
66 56
66 60
66 62
66 63
66 67
66 68
66 72
66 73
66 74
66 77
66 85
66 87
66 88
68 32
68 48
68 34
68 35
68 69
68 70
68 7
68 8
68 71
68 78
68 80
68 40
68 83
68 84
68 58
68 31
68 28
68 26
68 81
70 2
70 3
70 9
70 12
70 16
70 21
70 23
70 24
70 27
70 33
70 41
70 42
70 45
70 53
70 55
70 56
70 60
70 62
70 63
70 66
70 67
70 68
70 72
70 73
70 74
70 77
70 85
70 87
70 88
75 1
75 8
75 10
75 16
75 23
75 27
75 32
75 36
75 37
75 45
75 47
75 50
75 54
75 55
75 56
75 67
75 70
75 72
75 74
75 77
75 80
75 84
75 87
76 1
76 7
76 8
76 10
76 26
76 28
76 31
76 32
76 34
76 35
76 36
76 37
76 40
76 47
76 48
76 50
76 54
76 58
76 70
76 78
76 80
76 81
76 83
76 84
77 1
77 8
77 10
77 16
77 23
77 27
77 32
77 35
77 36
77 37
77 40
77 45
77 47
77 50
77 54
77 55
77 56
77 67
77 70
77 72
77 74
77 80
77 81
77 84
77 87
83 1
83 8
83 9
83 10
83 16
83 23
83 27
83 32
83 36
83 37
83 45
83 47
83 50
83 54
83 55
83 56
83 62
83 63
83 66
83 67
83 68
83 72
83 73
83 74
83 77
83 84
83 87
84 1
84 7
84 8
84 10
84 26
84 28
84 31
84 32
84 34
84 35
84 36
84 37
84 40
84 45
84 47
84 48
84 50
84 54
84 70
84 78
84 80
84 81
84 83
85 1
85 2
85 3
85 9
85 12
85 16
85 23
85 24
85 27
85 36
85 37
85 41
85 45
85 50
85 53
85 54
85 55
85 56
85 62
85 63
85 66
85 67
85 68
85 72
85 73
85 74
85 77
85 87
85 88
87 1
87 7
87 8
87 10
87 26
87 28
87 31
87 32
87 34
87 35
87 36
87 37
87 40
87 45
87 47
87 48
87 50
87 54
87 70
87 77
87 78
87 80
87 81
87 83
87 84
