88
1 64
1 18
1 3
1 8
1 10
1 75
1 13
1 14
1 15
1 82
1 25
1 79
1 61
2 64
2 18
2 3
2 8
2 10
2 75
2 12
2 13
2 14
2 15
2 82
2 25
2 79
2 28
2 61
4 18
4 8
4 75
4 13
4 14
4 79
4 82
4 25
4 59
4 61
5 64
5 3
5 38
5 8
5 10
5 12
5 14
5 15
5 18
5 20
5 78
5 24
5 79
5 28
7 64
7 18
7 8
7 10
7 75
7 13
7 14
7 79
7 82
7 25
7 61
9 64
9 3
9 38
9 8
9 10
9 75
9 12
9 14
9 15
9 18
9 20
9 78
9 24
9 79
9 28
10 64
10 3
10 38
10 8
10 75
10 12
10 14
10 15
10 18
10 20
10 78
10 24
10 79
10 28
11 64
11 3
11 8
11 10
11 75
11 12
11 18
11 14
11 15
11 82
11 78
11 79
11 28
11 61
17 75
17 13
17 82
17 25
17 59
17 61
18 64
18 3
18 38
18 8
18 10
18 12
18 14
18 15
18 20
18 78
18 24
18 79
18 28
19 64
19 3
19 8
19 10
19 75
19 12
19 18
19 14
19 15
19 82
19 78
19 79
19 28
19 61
21 18
21 8
21 75
21 13
21 14
21 79
21 82
21 25
21 59
21 61
25 64
25 18
25 3
25 8
25 10
25 75
25 12
25 13
25 14
25 15
25 82
25 78
25 79
25 28
25 61
26 8
26 75
26 13
26 79
26 82
26 25
26 59
26 61
27 64
27 18
27 3
27 8
27 10
27 75
27 12
27 13
27 14
27 15
27 82
27 78
27 79
27 28
27 61
28 64
28 3
28 38
28 8
28 10
28 75
28 12
28 14
28 15
28 18
28 20
28 78
28 24
28 79
29 8
29 75
29 13
29 79
29 82
29 25
29 59
29 61
30 64
30 3
30 38
30 8
30 10
30 75
30 12
30 14
30 15
30 18
30 20
30 78
30 24
30 79
30 28
30 61
31 64
31 18
31 8
31 75
31 13
31 14
31 79
31 82
31 25
31 59
31 61
32 64
32 18
32 3
32 8
32 10
32 75
32 12
32 13
32 14
32 15
32 82
32 25
32 79
32 28
32 61
33 64
33 18
33 3
33 8
33 10
33 75
33 13
33 14
33 15
33 82
33 25
33 79
33 28
33 61
34 64
34 18
34 8
34 75
34 13
34 14
34 79
34 82
34 25
34 59
34 61
35 75
35 13
35 82
35 25
35 59
35 61
36 18
36 8
36 75
36 13
36 14
36 79
36 82
36 25
36 59
36 61
37 64
37 3
37 38
37 8
37 10
37 12
37 14
37 15
37 18
37 20
37 78
37 24
37 79
37 28
39 75
39 13
39 82
39 25
39 59
39 61
40 64
40 18
40 3
40 8
40 10
40 75
40 13
40 14
40 15
40 82
40 25
40 79
40 61
41 64
41 18
41 8
41 10
41 75
41 13
41 14
41 15
41 82
41 25
41 79
41 61
42 64
42 3
42 38
42 8
42 10
42 12
42 14
42 15
42 18
42 20
42 78
42 24
42 79
42 28
43 64
43 3
43 8
43 10
43 75
43 12
43 18
43 14
43 15
43 82
43 78
43 24
43 79
43 28
43 61
44 64
44 3
44 38
44 8
44 10
44 12
44 14
44 15
44 18
44 20
44 78
44 24
44 79
44 28
45 64
45 18
45 8
45 10
45 75
45 13
45 14
45 79
45 82
45 25
45 61
46 64
46 18
46 8
46 75
46 13
46 14
46 79
46 82
46 25
46 61
47 64
47 3
47 38
47 8
47 10
47 75
47 12
47 18
47 14
47 15
47 82
47 78
47 24
47 79
47 28
47 61
48 64
48 18
48 3
48 8
48 10
48 75
48 12
48 13
48 14
48 15
48 82
48 78
48 25
48 79
48 28
48 61
49 64
49 18
49 8
49 10
49 75
49 13
49 14
49 79
49 82
49 25
49 61
50 18
50 8
50 75
50 13
50 14
50 79
50 82
50 25
50 59
50 61
51 64
51 3
51 8
51 10
51 75
51 12
51 18
51 14
51 15
51 82
51 78
51 79
51 28
51 61
52 18
52 8
52 75
52 13
52 14
52 79
52 82
52 25
52 59
52 61
53 64
53 18
53 3
53 8
53 10
53 75
53 12
53 13
53 14
53 15
53 82
53 25
53 79
53 28
53 61
54 64
54 18
54 3
54 8
54 10
54 75
54 12
54 13
54 14
54 15
54 82
54 25
54 79
54 28
54 61
55 25
55 59
55 13
56 64
56 18
56 8
56 75
56 13
56 14
56 79
56 82
56 25
56 61
57 25
57 59
57 13
57 65
58 75
58 13
58 82
58 25
58 59
58 61
60 64
60 18
60 3
60 8
60 10
60 75
60 12
60 13
60 14
60 15
60 82
60 78
60 25
60 79
60 28
60 61
61 64
61 3
61 38
61 8
61 10
61 75
61 12
61 14
61 15
61 18
61 20
61 78
61 24
61 79
61 28
62 64
62 3
62 8
62 10
62 75
62 12
62 18
62 14
62 15
62 82
62 78
62 79
62 28
62 61
63 64
63 3
63 38
63 8
63 10
63 12
63 14
63 15
63 18
63 20
63 78
63 24
63 79
63 28
65 64
65 18
65 3
65 8
65 10
65 75
65 12
65 13
65 14
65 15
65 82
65 78
65 25
65 79
65 28
65 61
67 64
67 18
67 3
67 8
67 10
67 75
67 12
67 13
67 14
67 15
67 82
67 25
67 79
67 28
67 61
68 64
68 3
68 8
68 10
68 75
68 12
68 18
68 14
68 15
68 82
68 78
68 79
68 28
68 61
69 64
69 3
69 8
69 10
69 75
69 12
69 18
69 14
69 15
69 82
69 78
69 79
69 28
69 61
70 64
70 3
70 38
70 8
70 10
70 75
70 12
70 14
70 15
70 18
70 20
70 78
70 24
70 79
70 28
70 61
71 64
71 18
71 8
71 75
71 13
71 14
71 79
71 82
71 25
71 59
71 61
72 75
72 13
72 82
72 25
72 59
72 61
73 64
73 18
73 3
73 8
73 10
73 75
73 12
73 13
73 14
73 15
73 82
73 25
73 79
73 28
73 61
74 25
74 59
74 13
75 64
75 3
75 38
75 8
75 10
75 12
75 14
75 15
75 18
75 20
75 78
75 24
75 79
75 28
75 61
76 8
76 75
76 13
76 79
76 82
76 25
76 59
76 61
77 64
77 18
77 3
77 8
77 10
77 75
77 12
77 13
77 14
77 15
77 82
77 25
77 79
77 28
77 61
78 64
78 3
78 38
78 8
78 10
78 12
78 14
78 15
78 18
78 20
78 24
78 79
78 28
79 64
79 18
79 3
79 8
79 10
79 75
79 12
79 13
79 14
79 15
79 82
79 78
79 28
79 61
80 64
80 18
80 8
80 75
80 13
80 14
80 79
80 82
80 25
80 59
80 61
81 64
81 3
81 8
81 10
81 75
81 12
81 18
81 14
81 15
81 82
81 78
81 79
81 28
81 61
82 64
82 3
82 38
82 10
82 12
82 14
82 15
82 18
82 20
82 78
82 24
82 28
83 64
83 3
83 8
83 10
83 75
83 12
83 18
83 14
83 15
83 82
83 78
83 79
83 28
83 61
84 64
84 3
84 38
84 8
84 10
84 75
84 12
84 18
84 14
84 15
84 82
84 78
84 24
84 79
84 28
84 61
85 75
85 13
85 82
85 25
85 59
85 61
86 64
86 3
86 38
86 8
86 10
86 75
86 12
86 18
86 14
86 15
86 82
86 78
86 24
86 79
86 28
86 61
87 64
87 3
87 38
87 10
87 12
87 14
87 15
87 18
87 20
87 78
87 24
87 28
88 64
88 3
88 38
88 8
88 10
88 12
88 14
88 15
88 18
88 20
88 78
88 24
88 79
88 28
