88
1 2
1 6
1 14
1 19
1 22
1 23
1 24
1 26
1 27
1 37
1 38
1 39
1 41
1 43
1 44
1 61
1 62
1 63
1 66
1 71
1 72
1 78
1 85
3 32
3 33
3 36
3 69
3 45
3 81
3 50
3 21
3 86
3 87
3 25
3 29
4 32
4 33
4 36
4 69
4 13
4 45
4 81
4 50
4 53
4 86
4 87
4 25
4 58
6 66
6 3
6 37
6 39
6 72
6 63
6 42
6 71
6 44
6 14
6 43
6 20
6 78
6 24
6 23
6 88
6 26
6 27
6 61
6 62
6 85
19 2
19 8
19 9
19 10
19 22
19 30
19 34
19 38
19 41
19 46
19 47
19 49
19 51
19 52
19 59
19 64
19 70
19 73
19 75
19 77
19 79
19 80
19 83
20 2
20 6
20 14
20 19
20 22
20 23
20 24
20 26
20 27
20 37
20 38
20 39
20 41
20 43
20 44
20 61
20 62
20 63
20 66
20 71
20 72
20 78
20 85
22 32
22 51
22 34
22 59
22 36
22 69
22 8
22 13
22 77
22 80
22 17
22 50
22 83
22 52
22 53
22 86
22 58
22 47
22 30
22 31
23 3
23 20
23 26
23 27
23 37
23 39
23 40
23 42
23 43
23 44
23 48
23 57
23 61
23 62
23 66
23 68
23 71
23 72
23 74
23 78
23 84
23 85
23 88
25 1
25 3
25 11
25 20
25 23
25 26
25 27
25 37
25 39
25 40
25 42
25 43
25 44
25 48
25 57
25 62
25 66
25 67
25 68
25 74
25 78
25 84
25 85
25 88
26 32
26 51
26 34
26 59
26 36
26 69
26 8
26 13
26 77
26 80
26 17
26 50
26 83
26 52
26 53
26 86
26 58
26 47
26 30
26 31
29 2
29 6
29 8
29 9
29 10
29 19
29 22
29 30
29 34
29 38
29 41
29 46
29 47
29 49
29 52
29 59
29 64
29 70
29 73
29 75
29 77
29 79
29 80
29 83
31 64
31 51
31 34
31 59
31 77
31 70
31 17
31 8
31 73
31 10
31 13
31 46
31 47
31 80
31 49
31 83
31 52
31 53
31 58
31 79
31 30
32 19
32 64
32 2
32 70
32 6
32 38
32 9
32 10
32 75
32 73
32 77
32 14
32 79
32 49
32 83
32 46
32 22
32 41
32 24
32 59
32 30
34 19
34 64
34 2
34 70
34 6
34 38
34 9
34 10
34 75
34 73
34 77
34 14
34 79
34 49
34 83
34 46
34 22
34 41
34 24
34 59
34 30
35 2
35 6
35 8
35 9
35 10
35 19
35 22
35 30
35 34
35 38
35 41
35 46
35 47
35 49
35 52
35 59
35 64
35 70
35 73
35 75
35 77
35 79
35 80
35 83
36 66
36 3
36 68
36 37
36 39
36 40
36 42
36 71
36 44
36 78
36 43
36 20
36 85
36 23
36 72
36 88
36 26
36 27
36 61
36 62
36 63
39 1
39 3
39 11
39 20
39 23
39 26
39 27
39 37
39 40
39 42
39 43
39 44
39 48
39 57
39 62
39 66
39 67
39 68
39 74
39 76
39 78
39 84
39 85
39 88
41 19
41 64
41 2
41 70
41 6
41 38
41 9
41 10
41 75
41 77
41 14
41 79
41 49
41 83
41 46
41 22
41 73
41 24
41 59
41 63
42 1
42 3
42 11
42 20
42 23
42 26
42 27
42 37
42 39
42 40
42 43
42 44
42 48
42 57
42 62
42 66
42 67
42 68
42 74
42 78
42 84
42 85
42 88
43 64
43 2
43 70
43 6
43 71
43 72
43 9
43 75
43 73
43 14
43 79
43 49
43 19
43 22
43 41
43 24
43 38
43 61
43 63
47 66
47 3
47 68
47 37
47 39
47 40
47 42
47 71
47 44
47 78
47 43
47 20
47 85
47 23
47 72
47 88
47 26
47 27
47 61
47 62
47 63
48 66
48 3
48 37
48 39
48 72
48 63
48 71
48 44
48 14
48 43
48 20
48 78
48 24
48 23
48 88
48 26
48 27
48 61
48 62
48 85
49 64
49 51
49 34
49 59
49 70
49 8
49 73
49 10
49 77
49 46
49 47
49 80
49 17
49 83
49 52
49 58
49 79
49 30
49 31
52 2
52 43
52 63
52 37
52 6
52 39
52 72
52 41
52 38
52 71
52 44
52 66
52 14
52 19
52 78
52 22
52 23
52 24
52 27
52 61
52 85
53 19
53 64
53 2
53 70
53 6
53 38
53 9
53 10
53 75
53 73
53 77
53 14
53 79
53 49
53 83
53 46
53 22
53 41
53 24
53 59
53 63
54 2
54 6
54 9
54 14
54 19
54 22
54 23
54 24
54 27
54 37
54 38
54 39
54 41
54 43
54 44
54 61
54 63
54 66
54 71
54 72
54 75
54 85
55 19
55 64
55 2
55 70
55 6
55 38
55 9
55 10
55 75
55 73
55 77
55 14
55 79
55 49
55 83
55 46
55 22
55 41
55 24
55 59
55 30
57 2
57 6
57 9
57 14
57 19
57 22
57 23
57 24
57 37
57 38
57 39
57 41
57 43
57 44
57 61
57 63
57 66
57 71
57 72
57 73
57 75
57 85
60 2
60 6
60 9
60 14
60 19
60 22
60 23
60 24
60 27
60 37
60 38
60 39
60 41
60 43
60 44
60 61
60 63
60 66
60 71
60 72
60 73
60 75
60 85
62 1
62 3
62 11
62 20
62 23
62 26
62 27
62 37
62 39
62 40
62 42
62 43
62 44
62 48
62 57
62 66
62 67
62 68
62 74
62 78
62 84
62 85
62 88
66 19
66 64
66 2
66 70
66 6
66 38
66 9
66 10
66 75
66 73
66 77
66 14
66 79
66 49
66 83
66 46
66 22
66 41
66 24
66 59
66 30
67 1
67 3
67 11
67 20
67 23
67 26
67 27
67 37
67 39
67 40
67 42
67 43
67 44
67 48
67 57
67 62
67 66
67 68
67 74
67 78
67 84
67 85
67 88
68 3
68 20
68 23
68 26
68 27
68 37
68 39
68 40
68 42
68 43
68 44
68 61
68 62
68 63
68 66
68 71
68 72
68 74
68 78
68 84
68 85
68 88
71 2
71 6
71 9
71 14
71 19
71 22
71 23
71 24
71 27
71 37
71 38
71 39
71 41
71 43
71 44
71 61
71 63
71 66
71 72
71 73
71 75
71 85
72 8
72 9
72 10
72 17
72 22
72 30
72 31
72 34
72 38
72 41
72 46
72 47
72 49
72 51
72 52
72 59
72 64
72 70
72 73
72 75
72 77
72 79
72 80
72 83
74 64
74 2
74 70
74 6
74 71
74 72
74 9
74 75
74 73
74 14
74 79
74 49
74 19
74 22
74 41
74 24
74 38
74 61
74 63
76 2
76 6
76 9
76 10
76 14
76 19
76 22
76 30
76 34
76 38
76 41
76 46
76 47
76 49
76 52
76 59
76 64
76 70
76 73
76 75
76 77
76 79
76 80
76 83
79 66
79 3
79 68
79 37
79 39
79 40
79 42
79 71
79 44
79 78
79 43
79 20
79 85
79 23
79 72
79 88
79 26
79 27
79 61
79 62
79 63
80 33
80 35
80 45
80 81
80 21
80 54
80 87
80 56
80 25
80 29
82 32
82 51
82 34
82 59
82 69
82 70
82 77
82 8
82 10
82 13
82 46
82 47
82 80
82 17
82 83
82 52
82 53
82 58
82 79
82 30
82 31
83 2
83 43
83 37
83 6
83 39
83 72
83 63
83 71
83 44
83 66
83 14
83 19
83 78
83 22
83 23
83 24
83 26
83 27
83 61
83 62
83 85
88 64
88 2
88 70
88 6
88 71
88 72
88 9
88 75
88 73
88 14
88 79
88 49
88 19
88 22
88 41
88 24
88 38
88 61
88 63
