88
1 2
1 3
1 4
1 6
1 7
1 10
1 15
1 24
1 32
1 33
1 38
1 39
1 52
1 55
1 64
1 67
1 73
1 74
1 76
1 81
1 83
1 85
2 64
2 33
2 67
2 4
2 38
2 6
2 7
2 73
2 10
2 39
2 76
2 15
2 80
2 81
2 83
2 52
2 85
2 55
2 24
2 74
2 32
3 64
3 33
3 2
3 4
3 6
3 39
3 73
3 10
3 75
3 76
3 34
3 15
3 81
3 83
3 85
3 23
3 32
3 74
3 51
4 6
4 7
4 10
4 15
4 16
4 24
4 32
4 33
4 37
4 38
4 39
4 49
4 52
4 55
4 56
4 64
4 67
4 68
4 74
4 76
4 80
4 81
4 83
4 85
5 65
5 34
5 36
5 75
5 51
5 26
6 64
6 16
6 67
6 68
6 37
6 38
6 7
6 39
6 15
6 80
6 81
6 52
6 32
6 24
6 55
6 56
6 49
8 65
8 26
8 36
8 34
8 30
9 80
9 67
9 68
9 37
9 38
9 7
9 16
9 49
9 52
9 24
9 55
9 56
12 33
12 2
12 3
12 4
12 73
12 10
12 75
12 34
12 51
12 23
12 36
13 64
13 33
13 2
13 3
13 4
13 38
13 6
13 39
13 73
13 10
13 55
13 76
13 15
13 81
13 83
13 52
13 85
13 23
13 24
13 74
13 32
14 2
14 3
14 4
14 6
14 7
14 10
14 15
14 24
14 32
14 33
14 38
14 39
14 52
14 55
14 64
14 67
14 73
14 74
14 76
14 80
14 81
14 83
14 85
19 65
19 34
19 3
19 36
19 75
19 51
19 23
19 26
20 6
20 7
20 15
20 16
20 24
20 32
20 37
20 38
20 39
20 49
20 52
20 55
20 56
20 64
20 67
20 68
20 74
20 76
20 80
20 81
20 83
20 85
21 33
21 2
21 3
21 4
21 73
21 75
21 34
21 51
21 23
21 36
22 32
22 33
22 2
22 3
22 4
22 51
22 73
22 10
22 75
22 76
22 34
22 15
22 81
22 83
22 85
22 23
22 36
22 74
25 34
25 3
25 36
25 75
25 51
25 23
27 2
27 4
27 6
27 7
27 10
27 15
27 24
27 32
27 33
27 38
27 39
27 49
27 52
27 55
27 64
27 67
27 68
27 73
27 74
27 76
27 80
27 81
27 83
27 85
29 65
29 26
29 86
29 30
30 33
30 2
30 3
30 4
30 73
30 10
30 75
30 34
30 51
30 23
30 36
30 74
31 64
31 80
31 67
31 68
31 37
31 38
31 7
31 16
31 49
31 52
31 24
31 55
31 56
35 65
35 34
35 3
35 36
35 75
35 51
35 23
35 26
40 80
40 67
40 68
40 37
40 38
40 7
40 16
40 49
40 52
40 24
40 55
40 56
41 64
41 33
41 2
41 3
41 4
41 6
41 39
41 73
41 10
41 75
41 76
41 15
41 81
41 83
41 85
41 23
41 32
41 74
41 51
42 64
42 80
42 67
42 68
42 37
42 38
42 39
42 7
42 16
42 49
42 52
42 24
42 55
42 56
43 64
43 16
43 67
43 68
43 37
43 6
43 7
43 32
43 39
43 76
43 15
43 80
43 81
43 83
43 52
43 85
43 24
43 55
43 56
43 49
43 38
45 32
45 33
45 2
45 3
45 4
45 51
45 73
45 10
45 75
45 76
45 34
45 15
45 81
45 83
45 85
45 23
45 36
45 74
46 2
46 3
46 4
46 6
46 7
46 10
46 15
46 24
46 32
46 33
46 38
46 39
46 52
46 55
46 64
46 67
46 73
46 74
46 76
46 81
46 83
46 85
47 65
47 26
47 86
47 30
48 64
48 16
48 67
48 68
48 37
48 6
48 7
48 39
48 80
48 81
48 52
48 32
48 24
48 55
48 56
48 49
48 38
50 2
50 4
50 6
50 7
50 10
50 15
50 24
50 32
50 33
50 37
50 38
50 39
50 49
50 52
50 55
50 64
50 67
50 68
50 73
50 74
50 76
50 80
50 81
50 83
50 85
52 80
52 67
52 68
52 37
52 38
52 7
52 16
52 49
52 24
52 55
52 56
53 65
53 34
53 3
53 36
53 75
53 51
53 23
53 26
54 2
54 4
54 6
54 7
54 10
54 15
54 24
54 32
54 33
54 38
54 39
54 52
54 55
54 64
54 67
54 73
54 74
54 76
54 80
54 81
54 83
54 85
57 64
57 33
57 2
57 3
57 4
57 38
57 6
57 39
57 73
57 10
57 76
57 15
57 81
57 83
57 52
57 85
57 55
57 24
57 74
57 32
58 2
58 4
58 6
58 7
58 10
58 15
58 24
58 32
58 33
58 37
58 38
58 39
58 49
58 52
58 55
58 64
58 67
58 68
58 73
58 74
58 76
58 80
58 81
58 83
58 85
60 65
60 34
60 3
60 36
60 75
60 51
60 23
60 26
61 34
61 3
61 36
61 75
61 51
61 23
62 2
62 4
62 6
62 7
62 10
62 15
62 24
62 32
62 33
62 38
62 39
62 52
62 55
62 64
62 67
62 73
62 74
62 76
62 80
62 81
62 83
62 85
63 64
63 16
63 67
63 68
63 37
63 38
63 7
63 39
63 80
63 49
63 52
63 24
63 55
63 56
63 6
65 2
65 3
65 4
65 6
65 7
65 10
65 15
65 24
65 32
65 33
65 38
65 39
65 52
65 55
65 64
65 67
65 73
65 74
65 76
65 80
65 81
65 83
65 85
66 2
66 4
66 6
66 7
66 10
66 15
66 24
66 32
66 33
66 38
66 39
66 49
66 52
66 55
66 64
66 67
66 68
66 73
66 74
66 76
66 80
66 81
66 83
66 85
67 64
67 80
67 68
67 37
67 38
67 39
67 7
67 16
67 49
67 52
67 24
67 55
67 56
69 2
69 4
69 6
69 7
69 10
69 15
69 24
69 32
69 33
69 38
69 39
69 52
69 55
69 64
69 67
69 73
69 74
69 76
69 80
69 81
69 83
69 85
70 2
70 3
70 36
70 73
70 75
70 34
70 51
70 23
71 64
71 33
71 2
71 3
71 4
71 6
71 39
71 73
71 10
71 75
71 76
71 15
71 81
71 83
71 52
71 85
71 23
71 24
71 32
71 74
71 51
72 33
72 2
72 3
72 4
72 51
72 73
72 10
72 75
72 76
72 34
72 83
72 23
72 36
72 74
75 64
75 80
75 67
75 68
75 37
75 38
75 7
75 16
75 49
75 52
75 24
75 55
75 56
76 64
76 80
76 67
76 68
76 37
76 38
76 39
76 7
76 16
76 49
76 52
76 24
76 55
76 56
77 64
77 33
77 2
77 3
77 4
77 38
77 6
77 39
77 73
77 10
77 55
77 76
77 15
77 81
77 83
77 52
77 85
77 23
77 24
77 74
77 32
78 64
78 16
78 67
78 68
78 37
78 38
78 7
78 39
78 80
78 49
78 52
78 24
78 55
78 56
78 6
79 65
79 26
79 30
80 64
80 32
80 67
80 68
80 37
80 6
80 7
80 39
80 16
80 49
80 52
80 24
80 55
80 56
80 38
82 34
82 3
82 36
82 75
82 51
82 23
84 65
84 34
84 36
84 75
84 51
84 23
84 26
85 6
85 7
85 10
85 15
85 16
85 24
85 32
85 37
85 38
85 39
85 49
85 52
85 55
85 56
85 64
85 67
85 68
85 74
85 76
85 80
85 81
85 83
87 2
87 4
87 6
87 7
87 10
87 15
87 24
87 32
87 33
87 38
87 39
87 52
87 55
87 64
87 67
87 73
87 74
87 76
87 80
87 81
87 83
87 85
88 2
88 3
88 4
88 6
88 10
88 15
88 23
88 24
88 32
88 33
88 38
88 39
88 52
88 55
88 64
88 73
88 74
88 75
88 76
88 81
88 83
88 85
