88
1 18
1 59
1 69
1 7
1 41
1 10
1 12
1 45
1 81
1 50
1 85
1 23
1 49
1 27
1 28
2 59
2 69
2 7
2 41
2 10
2 12
2 45
2 81
2 50
2 85
2 23
2 49
2 27
2 28
3 59
3 69
3 7
3 41
3 10
3 12
3 45
3 81
3 50
3 85
3 23
3 49
3 27
3 28
4 18
4 59
4 69
4 7
4 41
4 10
4 12
4 45
4 81
4 50
4 85
4 23
4 49
4 27
4 28
5 18
5 59
5 69
5 7
5 41
5 10
5 12
5 45
5 81
5 50
5 85
5 23
5 49
5 27
5 28
6 59
6 69
6 7
6 41
6 10
6 12
6 45
6 81
6 50
6 85
6 23
6 49
6 27
6 28
7 18
7 59
7 69
7 49
7 41
7 10
7 12
7 45
7 81
7 50
7 85
7 23
7 27
7 28
11 59
11 69
11 7
11 41
11 10
11 12
11 45
11 81
11 50
11 85
11 23
11 49
11 27
11 28
14 59
14 69
14 7
14 41
14 10
14 12
14 45
14 81
14 50
14 85
14 23
14 49
14 27
14 28
20 17
20 8
20 41
20 45
20 81
20 50
20 84
20 59
21 59
21 17
21 69
21 81
21 8
21 41
21 7
21 45
21 49
21 50
21 84
21 85
21 23
21 27
21 28
22 8
22 17
22 84
24 18
24 59
24 69
24 7
24 41
24 10
24 12
24 45
24 81
24 50
24 85
24 23
24 49
24 27
24 28
25 59
25 69
25 7
25 41
25 12
25 45
25 81
25 50
25 84
25 85
25 23
25 49
25 27
25 28
26 59
26 17
26 69
26 81
26 8
26 41
26 7
26 45
26 49
26 50
26 84
26 85
26 23
26 27
26 28
29 59
29 81
29 17
29 8
29 41
29 45
29 49
29 50
29 84
29 85
29 23
29 27
29 28
30 8
30 41
30 17
30 50
30 84
30 59
31 8
31 17
31 59
31 84
31 41
32 59
32 81
32 17
32 8
32 41
32 45
32 49
32 50
32 84
32 23
32 27
33 59
33 69
33 7
33 41
33 10
33 12
33 45
33 81
33 50
33 84
33 85
33 23
33 49
33 27
33 28
34 17
34 8
34 41
34 45
34 81
34 50
34 84
34 59
35 59
35 17
35 69
35 81
35 8
35 41
35 7
35 45
35 49
35 50
35 84
35 85
35 23
35 27
35 28
36 81
36 17
36 8
36 41
36 45
36 49
36 50
36 84
36 59
37 8
37 17
37 84
38 17
38 8
38 41
38 45
38 81
38 50
38 84
38 59
39 18
39 59
39 69
39 7
39 41
39 10
39 12
39 45
39 81
39 50
39 85
39 23
39 49
39 27
39 28
40 59
40 69
40 7
40 41
40 10
40 12
40 45
40 81
40 50
40 85
40 23
40 49
40 27
40 28
41 18
41 59
41 69
41 7
41 10
41 12
41 45
41 81
41 50
41 85
41 23
41 49
41 27
41 28
42 59
42 69
42 7
42 8
42 41
42 45
42 81
42 50
42 84
42 85
42 23
42 49
42 27
42 28
44 59
44 69
44 7
44 41
44 10
44 12
44 45
44 81
44 50
44 85
44 23
44 49
44 27
44 28
45 59
45 69
45 7
45 41
45 10
45 12
45 81
45 50
45 85
45 23
45 49
45 27
45 28
46 59
46 69
46 7
46 41
46 10
46 12
46 45
46 81
46 50
46 85
46 23
46 49
46 27
46 28
47 59
47 69
47 7
47 41
47 10
47 12
47 45
47 81
47 50
47 84
47 85
47 23
47 49
47 27
47 28
48 59
48 69
48 7
48 41
48 10
48 12
48 45
48 81
48 50
48 84
48 85
48 23
48 49
48 27
48 28
49 18
49 59
49 69
49 7
49 41
49 10
49 12
49 45
49 81
49 50
49 85
49 23
49 27
49 28
50 59
50 69
50 7
50 41
50 10
50 12
50 45
50 81
50 85
50 23
50 49
50 27
50 28
53 59
53 69
53 7
53 41
53 10
53 12
53 45
53 81
53 50
53 85
53 23
53 49
53 27
53 28
54 59
54 69
54 7
54 41
54 12
54 45
54 81
54 50
54 84
54 85
54 23
54 49
54 27
54 28
55 59
55 69
55 7
55 41
55 12
55 45
55 81
55 50
55 84
55 85
55 23
55 49
55 27
55 28
56 59
56 69
56 7
56 41
56 10
56 12
56 45
56 81
56 50
56 84
56 85
56 23
56 49
56 27
56 28
57 59
57 69
57 7
57 41
57 10
57 12
57 45
57 81
57 50
57 84
57 85
57 23
57 49
57 27
57 28
58 59
58 69
58 7
58 41
58 12
58 45
58 81
58 50
58 84
58 85
58 23
58 49
58 27
58 28
59 18
59 69
59 7
59 41
59 10
59 12
59 45
59 81
59 50
59 85
59 23
59 49
59 27
59 28
60 59
60 69
60 7
60 41
60 10
60 12
60 45
60 81
60 50
60 85
60 23
60 49
60 27
60 28
63 59
63 69
63 7
63 8
63 41
63 45
63 81
63 50
63 84
63 85
63 23
63 49
63 27
63 28
64 18
64 59
64 69
64 7
64 41
64 10
64 12
64 45
64 81
64 50
64 85
64 23
64 49
64 27
64 28
65 18
65 59
65 69
65 7
65 41
65 10
65 12
65 45
65 81
65 50
65 85
65 23
65 49
65 27
65 28
66 59
66 69
66 7
66 41
66 10
66 12
66 45
66 81
66 50
66 84
66 85
66 23
66 49
66 27
66 28
67 59
67 17
67 69
67 81
67 8
67 41
67 7
67 45
67 49
67 50
67 84
67 85
67 23
67 27
67 28
68 59
68 17
68 69
68 81
68 8
68 41
68 7
68 45
68 49
68 50
68 84
68 85
68 23
68 27
68 28
69 18
69 59
69 49
69 7
69 41
69 10
69 12
69 45
69 81
69 50
69 85
69 23
69 27
69 28
70 18
70 82
70 69
70 7
70 41
70 10
70 12
70 45
70 81
70 50
70 85
70 23
70 49
70 27
70 28
71 59
71 69
71 7
71 41
71 12
71 45
71 81
71 50
71 84
71 85
71 23
71 49
71 27
71 28
72 18
72 59
72 69
72 7
72 41
72 10
72 12
72 45
72 81
72 50
72 85
72 23
72 49
72 27
72 28
73 59
73 69
73 7
73 41
73 12
73 45
73 81
73 50
73 84
73 85
73 23
73 49
73 27
73 28
74 59
74 69
74 7
74 41
74 10
74 12
74 45
74 81
74 50
74 85
74 23
74 49
74 27
74 28
75 59
75 69
75 7
75 41
75 10
75 12
75 45
75 81
75 50
75 85
75 23
75 49
75 27
75 28
76 59
76 69
76 7
76 41
76 10
76 12
76 45
76 81
76 50
76 85
76 23
76 49
76 27
76 28
77 59
77 69
77 7
77 41
77 10
77 12
77 45
77 81
77 50
77 84
77 85
77 23
77 49
77 27
77 28
78 59
78 69
78 7
78 41
78 10
78 12
78 45
78 81
78 50
78 85
78 23
78 49
78 27
78 28
79 59
79 69
79 7
79 41
79 10
79 12
79 45
79 81
79 50
79 85
79 23
79 49
79 27
79 28
80 59
80 17
80 69
80 81
80 8
80 41
80 7
80 45
80 49
80 50
80 84
80 85
80 23
80 27
80 28
83 18
83 59
83 69
83 7
83 41
83 10
83 12
83 45
83 81
83 50
83 85
83 23
83 49
83 27
83 28
86 18
86 59
86 69
86 7
86 41
86 10
86 12
86 45
86 81
86 50
86 85
86 23
86 49
86 27
86 28
87 59
87 69
87 7
87 8
87 41
87 45
87 81
87 50
87 84
87 85
87 23
87 49
87 27
87 28
88 59
88 69
88 7
88 41
88 10
88 12
88 45
88 81
88 50
88 85
88 23
88 49
88 27
88 28
