88
2 83
2 15
2 18
2 51
2 23
2 24
2 26
4 34
4 67
4 68
4 70
4 38
4 39
4 40
4 42
4 75
4 12
4 46
4 80
4 50
4 21
4 87
4 31
6 72
6 74
6 83
6 85
6 24
6 26
6 29
8 68
8 32
8 3
8 36
8 69
8 7
8 42
8 75
8 76
8 47
8 80
8 25
8 87
8 56
8 57
8 62
8 31
9 34
9 67
9 4
9 70
9 38
9 39
9 40
9 42
9 75
9 12
9 46
9 80
9 50
9 21
9 87
9 31
9 53
10 34
10 67
10 4
10 70
10 38
10 39
10 40
10 42
10 75
10 12
10 46
10 80
10 50
10 21
10 87
10 31
10 53
11 64
11 33
11 66
11 71
11 73
11 53
11 54
11 58
11 61
12 83
12 72
12 15
12 18
12 51
12 24
12 26
14 32
14 3
14 68
14 69
14 7
14 41
14 55
14 76
14 78
14 79
14 88
14 52
14 22
14 57
14 56
14 36
14 25
14 47
14 62
14 63
16 49
16 15
16 81
16 18
16 51
16 23
17 34
17 67
17 4
17 70
17 38
17 39
17 40
17 75
17 12
17 46
17 80
17 50
17 21
17 87
17 31
17 53
21 3
21 5
21 7
21 14
21 22
21 25
21 27
21 32
21 41
21 48
21 52
21 55
21 56
21 62
21 63
21 69
21 76
21 77
21 78
21 79
21 82
21 88
22 34
22 67
22 4
22 70
22 38
22 39
22 40
22 73
22 75
22 12
22 46
22 50
22 21
22 54
22 71
22 61
22 53
23 64
23 33
23 66
23 71
23 73
23 54
23 58
23 61
27 34
27 67
27 70
27 71
27 40
27 73
27 12
27 66
27 50
27 53
27 54
27 61
27 21
28 64
28 33
28 66
28 71
28 73
28 54
28 58
28 61
29 34
29 67
29 4
29 70
29 71
29 40
29 73
29 12
29 66
29 46
29 50
29 21
29 54
29 61
29 53
31 32
31 3
31 36
31 69
31 7
31 41
31 76
31 77
31 78
31 47
31 27
31 56
31 52
31 22
31 55
31 88
31 57
31 25
31 79
31 62
31 63
33 34
33 4
33 70
33 38
33 39
33 40
33 42
33 75
33 46
33 47
33 80
33 50
33 57
33 21
33 87
33 68
33 31
33 36
34 65
34 59
34 5
34 63
34 41
34 77
34 14
34 79
34 48
34 82
34 84
34 78
34 22
34 55
34 88
34 52
34 27
34 62
34 69
35 68
35 32
35 3
35 36
35 7
35 42
35 75
35 76
35 47
35 80
35 25
35 57
35 56
35 39
35 87
35 31
37 68
37 32
37 3
37 36
37 69
37 7
37 42
37 76
37 47
37 80
37 25
37 87
37 56
37 57
37 62
37 31
39 32
39 3
39 36
39 69
39 7
39 41
39 76
39 78
39 79
39 27
39 56
39 52
39 22
39 55
39 88
39 57
39 25
39 47
39 62
39 63
42 68
42 32
42 3
42 36
42 69
42 7
42 41
42 76
42 47
42 80
42 25
42 87
42 56
42 57
42 31
42 62
42 63
43 68
43 32
43 3
43 36
43 69
43 7
43 41
43 42
43 76
43 78
43 79
43 88
43 25
43 22
43 55
43 56
43 57
43 47
43 62
43 63
44 65
44 59
44 5
44 63
44 41
44 77
44 14
44 79
44 48
44 82
44 84
44 78
44 22
44 55
44 88
44 52
44 27
44 62
44 69
45 34
45 67
45 4
45 70
45 38
45 39
45 40
45 73
45 75
45 12
45 46
45 50
45 21
45 54
45 71
45 61
45 53
47 34
47 67
47 4
47 70
47 38
47 39
47 40
47 73
47 75
47 12
47 46
47 50
47 21
47 54
47 71
47 61
47 53
48 32
48 3
48 36
48 69
48 7
48 41
48 76
48 77
48 78
48 47
48 27
48 56
48 52
48 22
48 55
48 88
48 57
48 25
48 79
48 62
48 63
49 64
49 33
49 66
49 74
49 85
49 58
49 29
52 32
52 3
52 63
52 5
52 7
52 41
52 76
52 77
52 14
52 79
52 56
52 25
52 78
52 22
52 55
52 88
52 57
52 27
52 62
52 69
54 3
54 5
54 7
54 14
54 22
54 25
54 27
54 32
54 41
54 48
54 52
54 55
54 56
54 62
54 63
54 69
54 76
54 77
54 78
54 79
54 82
54 88
55 36
55 38
55 39
55 42
55 75
55 76
55 47
55 80
55 25
55 57
55 56
55 68
55 87
55 4
55 31
57 65
57 59
57 5
57 63
57 41
57 77
57 14
57 79
57 48
57 82
57 84
57 78
57 22
57 55
57 88
57 52
57 27
57 62
57 69
58 65
58 59
58 37
58 77
58 14
58 48
58 82
58 84
58 78
58 22
58 88
58 52
58 27
58 20
58 5
59 3
59 5
59 7
59 14
59 22
59 27
59 32
59 41
59 48
59 52
59 55
59 62
59 63
59 65
59 69
59 76
59 77
59 78
59 79
59 82
59 84
59 88
60 65
60 3
60 63
60 5
60 7
60 41
60 77
60 14
60 79
60 48
60 59
60 82
60 52
60 78
60 22
60 55
60 88
60 84
60 27
60 62
60 69
62 34
62 67
62 4
62 70
62 38
62 39
62 40
62 42
62 75
62 12
62 46
62 80
62 50
62 21
62 87
62 31
62 53
63 68
63 32
63 3
63 36
63 69
63 7
63 41
63 42
63 55
63 76
63 47
63 80
63 25
63 87
63 56
63 57
63 79
63 62
63 31
66 34
66 67
66 4
66 70
66 38
66 39
66 40
66 75
66 12
66 46
66 80
66 50
66 21
66 87
66 31
66 53
67 65
67 59
67 5
67 63
67 41
67 55
67 77
67 14
67 79
67 48
67 82
67 84
67 78
67 22
67 20
67 88
67 52
67 27
67 62
67 69
68 32
68 3
68 36
68 69
68 7
68 42
68 76
68 47
68 80
68 25
68 87
68 56
68 57
68 62
68 31
69 64
69 33
69 66
69 71
69 73
69 54
69 58
69 61
70 65
70 59
70 5
70 63
70 41
70 77
70 14
70 79
70 48
70 82
70 84
70 78
70 22
70 55
70 88
70 52
70 27
70 62
70 69
73 68
73 32
73 3
73 36
73 69
73 7
73 31
73 41
73 42
73 55
73 76
73 79
73 80
73 25
73 87
73 56
73 57
73 47
73 62
73 63
75 34
75 67
75 4
75 70
75 38
75 39
75 40
75 73
75 71
75 12
75 46
75 50
75 21
75 61
75 53
76 65
76 59
76 5
76 77
76 14
76 79
76 48
76 82
76 84
76 78
76 22
76 88
76 52
76 27
76 20
77 36
77 70
77 38
77 39
77 40
77 42
77 75
77 46
77 47
77 80
77 25
77 57
77 68
77 87
77 4
77 31
78 32
78 3
78 68
78 69
78 7
78 41
78 55
78 76
78 79
78 88
78 52
78 22
78 57
78 56
78 36
78 25
78 47
78 62
78 63
79 34
79 67
79 4
79 70
79 38
79 39
79 40
79 73
79 75
79 12
79 46
79 50
79 21
79 71
79 61
79 53
80 34
80 4
80 70
80 38
80 39
80 40
80 42
80 75
80 46
80 47
80 25
80 57
80 68
80 87
80 31
80 36
82 68
82 32
82 3
82 36
82 7
82 42
82 75
82 76
82 47
82 80
82 25
82 57
82 56
82 39
82 87
82 31
83 64
83 33
83 66
83 67
83 71
83 73
83 12
83 53
83 54
83 58
83 61
84 64
84 33
84 66
84 74
84 85
84 58
84 29
87 68
87 32
87 3
87 36
87 7
87 42
87 75
87 76
87 47
87 80
87 25
87 57
87 56
87 39
87 31
88 68
88 32
88 3
88 36
88 69
88 7
88 42
88 76
88 47
88 80
88 25
88 87
88 56
88 57
88 62
88 31
