88
1 2
1 3
1 4
1 7
1 10
1 11
1 14
1 20
1 21
1 23
1 24
1 25
1 26
1 29
1 30
1 31
1 32
1 33
1 34
1 35
1 36
1 38
1 39
1 40
1 41
1 42
1 43
1 46
1 47
1 48
1 49
1 50
1 52
1 53
1 54
1 56
1 57
1 58
1 61
1 64
1 65
1 69
1 70
1 71
1 73
1 74
1 75
1 77
1 78
1 79
1 80
1 81
1 82
1 85
1 86
1 87
1 88
6 2
6 3
6 4
6 7
6 10
6 11
6 14
6 20
6 21
6 26
6 27
6 29
6 30
6 31
6 32
6 33
6 34
6 35
6 36
6 38
6 39
6 40
6 41
6 42
6 43
6 46
6 47
6 48
6 49
6 50
6 52
6 53
6 56
6 57
6 58
6 61
6 63
6 64
6 65
6 71
6 73
6 74
6 75
6 77
6 78
6 79
6 80
6 81
6 82
6 83
6 85
6 86
6 87
6 88
8 72
8 24
8 70
8 69
8 22
9 7
9 20
9 22
9 23
9 24
9 25
9 26
9 29
9 32
9 36
9 38
9 42
9 46
9 48
9 53
9 54
9 56
9 57
9 58
9 64
9 65
9 69
9 70
9 71
9 72
9 74
9 75
9 78
9 79
9 82
9 85
9 88
10 2
10 3
10 4
10 7
10 11
10 14
10 20
10 21
10 26
10 27
10 29
10 30
10 31
10 32
10 33
10 34
10 35
10 36
10 38
10 39
10 40
10 41
10 42
10 43
10 46
10 47
10 48
10 49
10 50
10 52
10 53
10 56
10 57
10 58
10 61
10 63
10 64
10 65
10 71
10 73
10 74
10 75
10 77
10 78
10 79
10 80
10 81
10 82
10 83
10 85
10 86
10 87
10 88
12 65
12 25
12 69
12 70
12 72
12 42
12 78
12 79
12 48
12 26
12 20
12 85
12 22
12 23
12 24
12 57
12 58
12 54
12 74
17 3
17 7
17 10
17 11
17 14
17 20
17 21
17 22
17 23
17 24
17 25
17 26
17 29
17 30
17 32
17 33
17 35
17 36
17 38
17 41
17 42
17 43
17 46
17 47
17 48
17 50
17 53
17 54
17 56
17 57
17 58
17 61
17 64
17 65
17 69
17 70
17 71
17 72
17 73
17 74
17 75
17 77
17 78
17 79
17 80
17 81
17 82
17 85
17 87
17 88
18 25
18 69
18 70
18 72
18 42
18 78
18 26
18 20
18 85
18 22
18 23
18 24
18 57
18 58
18 54
18 74
19 3
19 7
19 10
19 20
19 21
19 22
19 23
19 24
19 25
19 26
19 29
19 32
19 33
19 36
19 38
19 42
19 46
19 47
19 48
19 50
19 53
19 54
19 56
19 57
19 58
19 64
19 65
19 69
19 70
19 71
19 72
19 73
19 74
19 75
19 77
19 78
19 79
19 80
19 82
19 85
19 87
19 88
28 2
28 3
28 4
28 7
28 10
28 11
28 14
28 20
28 21
28 23
28 25
28 26
28 29
28 30
28 31
28 32
28 33
28 34
28 35
28 36
28 38
28 39
28 40
28 41
28 42
28 43
28 46
28 47
28 48
28 49
28 50
28 52
28 53
28 54
28 56
28 57
28 58
28 61
28 63
28 64
28 65
28 71
28 73
28 74
28 75
28 77
28 78
28 79
28 80
28 81
28 82
28 83
28 85
28 86
28 87
28 88
45 2
45 3
45 4
45 7
45 10
45 11
45 14
45 20
45 21
45 26
45 27
45 29
45 30
45 31
45 32
45 33
45 34
45 35
45 36
45 38
45 39
45 40
45 41
45 42
45 43
45 46
45 47
45 48
45 49
45 50
45 52
45 53
45 56
45 57
45 58
45 61
45 63
45 64
45 65
45 71
45 73
45 74
45 75
45 77
45 78
45 79
45 80
45 81
45 82
45 83
45 85
45 86
45 87
45 88
51 2
51 3
51 7
51 10
51 11
51 14
51 20
51 21
51 22
51 23
51 24
51 25
51 26
51 29
51 30
51 32
51 33
51 35
51 36
51 38
51 39
51 40
51 41
51 42
51 43
51 46
51 47
51 48
51 49
51 50
51 52
51 53
51 54
51 56
51 57
51 58
51 61
51 64
51 65
51 69
51 70
51 71
51 72
51 73
51 74
51 75
51 77
51 78
51 79
51 80
51 81
51 82
51 85
51 86
51 87
51 88
55 2
55 3
55 4
55 7
55 10
55 11
55 14
55 21
55 26
55 27
55 29
55 30
55 31
55 32
55 33
55 34
55 35
55 36
55 38
55 39
55 40
55 41
55 42
55 43
55 46
55 47
55 48
55 49
55 50
55 52
55 53
55 56
55 57
55 58
55 61
55 63
55 64
55 65
55 71
55 73
55 74
55 75
55 77
55 78
55 79
55 80
55 81
55 82
55 83
55 85
55 86
55 87
55 88
65 2
65 3
65 4
65 7
65 10
65 11
65 14
65 20
65 21
65 23
65 25
65 26
65 29
65 30
65 31
65 32
65 33
65 34
65 35
65 36
65 38
65 39
65 40
65 41
65 42
65 43
65 46
65 47
65 48
65 49
65 50
65 52
65 53
65 54
65 56
65 57
65 58
65 61
65 63
65 64
65 71
65 73
65 74
65 75
65 77
65 78
65 79
65 80
65 81
65 82
65 83
65 85
65 86
65 87
65 88
66 2
66 3
66 4
66 7
66 10
66 11
66 14
66 20
66 21
66 23
66 25
66 26
66 27
66 29
66 30
66 31
66 32
66 33
66 34
66 35
66 36
66 38
66 39
66 40
66 41
66 42
66 43
66 46
66 47
66 48
66 49
66 50
66 52
66 53
66 54
66 56
66 57
66 58
66 61
66 63
66 64
66 65
66 71
66 73
66 74
66 75
66 77
66 78
66 79
66 80
66 81
66 82
66 83
66 85
66 86
66 87
66 88
68 2
68 3
68 4
68 7
68 10
68 11
68 14
68 21
68 26
68 27
68 29
68 30
68 31
68 32
68 33
68 34
68 35
68 36
68 38
68 39
68 40
68 41
68 42
68 43
68 46
68 47
68 48
68 49
68 50
68 52
68 53
68 56
68 57
68 58
68 61
68 63
68 64
68 65
68 71
68 73
68 74
68 75
68 77
68 78
68 79
68 80
68 81
68 82
68 83
68 85
68 86
68 87
68 88
76 2
76 3
76 4
76 7
76 10
76 11
76 14
76 20
76 21
76 23
76 25
76 26
76 29
76 30
76 31
76 32
76 33
76 34
76 35
76 36
76 38
76 39
76 40
76 41
76 42
76 43
76 46
76 47
76 48
76 49
76 50
76 52
76 53
76 54
76 56
76 57
76 58
76 61
76 63
76 64
76 65
76 70
76 71
76 73
76 74
76 75
76 77
76 78
76 79
76 80
76 81
76 82
76 83
76 85
76 86
76 87
76 88
84 2
84 3
84 4
84 7
84 10
84 11
84 14
84 20
84 21
84 23
84 25
84 26
84 29
84 30
84 31
84 32
84 33
84 34
84 35
84 36
84 38
84 39
84 40
84 41
84 42
84 43
84 46
84 47
84 48
84 49
84 50
84 52
84 53
84 54
84 56
84 57
84 58
84 61
84 63
84 64
84 65
84 70
84 71
84 73
84 74
84 75
84 77
84 78
84 79
84 80
84 81
84 82
84 83
84 85
84 86
84 87
84 88
88 2
88 3
88 4
88 7
88 10
88 11
88 14
88 20
88 21
88 26
88 27
88 29
88 30
88 31
88 32
88 33
88 34
88 35
88 36
88 38
88 39
88 40
88 41
88 42
88 43
88 46
88 47
88 48
88 49
88 50
88 52
88 53
88 54
88 56
88 57
88 58
88 61
88 63
88 64
88 65
88 71
88 73
88 74
88 75
88 77
88 78
88 79
88 80
88 81
88 82
88 83
88 85
88 86
88 87
