88
1 40
1 9
1 17
1 50
1 53
1 57
2 34
2 82
3 4
3 7
3 10
3 14
3 19
3 21
3 25
3 31
3 33
3 37
3 41
3 45
3 46
3 47
3 54
3 55
3 61
3 67
3 68
3 70
3 74
3 75
3 83
3 84
3 87
4 1
4 7
4 10
4 14
4 19
4 21
4 25
4 31
4 33
4 37
4 41
4 45
4 46
4 54
4 55
4 61
4 67
4 68
4 70
4 74
4 75
4 83
4 87
5 32
5 65
5 43
5 36
5 39
5 40
5 11
5 76
5 80
5 72
5 52
5 23
5 71
5 26
5 63
8 44
9 17
9 50
9 44
9 53
10 86
12 86
14 64
14 51
14 66
14 3
14 69
14 38
14 39
14 73
14 78
14 79
14 48
14 49
14 35
14 24
14 56
14 58
14 28
14 62
17 64
17 51
17 66
17 3
17 69
17 38
17 73
17 78
17 47
17 48
17 49
17 35
17 84
17 24
17 56
17 58
17 79
17 28
17 62
18 13
20 16
21 3
21 11
21 26
21 28
21 32
21 35
21 36
21 39
21 43
21 48
21 49
21 51
21 56
21 58
21 62
21 63
21 64
21 69
21 72
21 76
21 78
21 79
22 32
22 65
22 71
22 40
22 9
22 80
22 17
22 52
22 53
22 23
22 57
26 64
26 51
26 66
26 3
26 69
26 38
26 73
26 45
26 78
26 47
26 48
26 49
26 35
26 84
26 24
26 56
26 58
26 79
26 28
26 62
27 1
27 4
27 37
27 70
27 33
27 41
27 7
27 14
27 15
27 83
27 25
27 21
27 54
27 87
27 55
27 61
27 31
28 11
28 23
28 26
28 32
28 35
28 36
28 39
28 43
28 48
28 49
28 51
28 52
28 58
28 62
28 63
28 64
28 65
28 69
28 72
28 76
28 78
28 79
28 80
29 44
30 9
30 44
30 17
30 50
30 53
30 57
31 19
31 66
31 3
31 4
31 37
31 38
31 73
31 10
31 75
31 45
31 46
31 47
31 24
31 67
31 84
31 54
31 56
31 68
31 28
31 74
32 1
32 33
32 70
32 7
32 41
32 55
32 14
32 15
32 83
32 21
32 87
32 25
32 27
32 60
32 61
32 31
33 66
33 67
33 4
33 37
33 38
33 73
33 10
33 75
33 45
33 46
33 47
33 19
33 84
33 54
33 87
33 24
33 68
33 74
33 61
33 31
35 1
35 4
35 7
35 10
35 14
35 19
35 21
35 25
35 31
35 33
35 37
35 41
35 45
35 46
35 54
35 55
35 61
35 67
35 68
35 70
35 74
35 75
35 83
35 87
37 35
37 66
37 67
37 69
37 38
37 73
37 10
37 45
37 78
37 47
37 48
37 24
37 3
37 84
37 56
37 58
37 79
37 28
37 74
37 62
37 51
39 19
39 1
39 4
39 37
39 70
39 33
39 41
39 7
39 14
39 15
39 83
39 25
39 21
39 54
39 87
39 68
39 61
39 55
39 31
42 19
42 1
42 4
42 37
42 70
42 33
42 41
42 7
42 14
42 15
42 83
42 25
42 21
42 54
42 87
42 68
42 61
42 55
42 31
44 1
44 33
44 70
44 7
44 41
44 77
44 14
44 15
44 83
44 21
44 55
44 25
44 27
44 60
47 1
47 33
47 70
47 7
47 41
47 55
47 14
47 15
47 83
47 21
47 87
47 25
47 27
47 60
47 61
47 31
49 4
49 7
49 10
49 19
49 21
49 24
49 31
49 33
49 37
49 38
49 45
49 46
49 47
49 54
49 61
49 67
49 68
49 74
49 75
49 83
49 84
49 87
50 4
50 7
50 10
50 14
50 19
50 21
50 25
50 31
50 33
50 37
50 38
50 41
50 45
50 46
50 47
50 54
50 61
50 67
50 68
50 70
50 74
50 75
50 83
50 84
50 87
51 32
51 65
51 43
51 36
51 71
51 40
51 11
51 76
51 80
51 72
51 52
51 23
51 26
51 63
52 3
52 11
52 26
52 28
52 32
52 35
52 36
52 39
52 43
52 48
52 49
52 51
52 56
52 58
52 62
52 63
52 64
52 69
52 72
52 76
52 78
52 79
54 66
54 67
54 4
54 37
54 38
54 73
54 10
54 75
54 45
54 46
54 47
54 19
54 84
54 87
54 24
54 68
54 74
54 61
54 31
55 1
55 83
55 4
55 37
55 70
55 7
55 41
55 75
55 14
55 15
55 19
55 25
55 46
55 54
55 87
55 68
55 33
55 31
55 61
55 21
56 1
56 4
56 7
56 10
56 14
56 19
56 21
56 25
56 31
56 33
56 37
56 41
56 45
56 46
56 54
56 55
56 61
56 67
56 68
56 70
56 74
56 75
56 83
56 84
56 87
58 1
58 33
58 70
58 7
58 41
58 55
58 14
58 15
58 83
58 21
58 87
58 25
58 27
58 60
58 61
62 1
62 4
62 7
62 10
62 14
62 19
62 21
62 25
62 31
62 33
62 37
62 41
62 45
62 46
62 54
62 55
62 61
62 67
62 68
62 70
62 74
62 75
62 83
62 87
64 1
64 4
64 7
64 14
64 15
64 19
64 21
64 25
64 31
64 33
64 37
64 41
64 46
64 54
64 55
64 61
64 68
64 70
64 74
64 75
64 83
64 87
66 4
66 7
66 10
66 14
66 19
66 21
66 25
66 31
66 33
66 37
66 38
66 41
66 45
66 46
66 47
66 54
66 61
66 67
66 68
66 70
66 74
66 75
66 83
66 84
66 87
67 33
67 61
67 4
67 37
67 38
67 7
67 73
67 10
67 75
67 45
67 46
67 47
67 19
67 84
67 21
67 54
67 87
67 24
67 68
67 74
67 31
68 19
68 66
68 3
68 4
68 37
68 38
68 73
68 10
68 75
68 45
68 46
68 47
68 24
68 67
68 84
68 54
68 56
68 28
68 74
68 31
72 1
72 4
72 37
72 70
72 33
72 41
72 7
72 14
72 15
72 83
72 25
72 21
72 54
72 87
72 68
72 27
72 61
72 55
72 31
73 1
73 33
73 70
73 7
73 41
73 55
73 14
73 15
73 83
73 21
73 87
73 25
73 27
73 60
73 61
73 31
74 1
74 4
74 7
74 10
74 14
74 15
74 19
74 21
74 25
74 31
74 33
74 37
74 41
74 46
74 54
74 55
74 61
74 68
74 70
74 75
74 83
74 87
75 4
75 7
75 10
75 14
75 19
75 21
75 25
75 31
75 33
75 37
75 38
75 41
75 45
75 46
75 47
75 54
75 61
75 67
75 68
75 70
75 74
75 83
75 84
75 87
77 64
77 51
77 66
77 35
77 36
77 69
77 39
77 73
77 11
77 78
77 79
77 48
77 49
77 3
77 43
77 56
77 58
77 28
77 62
77 63
80 3
80 11
80 26
80 28
80 32
80 35
80 36
80 39
80 43
80 48
80 49
80 51
80 56
80 58
80 62
80 63
80 64
80 69
80 72
80 76
80 78
80 79
82 33
82 61
82 67
82 4
82 37
82 38
82 7
82 73
82 10
82 75
82 45
82 46
82 47
82 19
82 84
82 54
82 87
82 24
82 68
82 74
82 31
83 64
83 51
83 66
83 35
83 36
83 69
83 39
83 72
83 11
83 78
83 79
83 48
83 49
83 3
83 43
83 56
83 58
83 28
83 62
83 63
84 32
84 65
84 43
84 36
84 39
84 40
84 11
84 76
84 80
84 72
84 52
84 23
84 71
84 26
84 63
87 19
87 66
87 3
87 4
87 37
87 38
87 73
87 10
87 75
87 45
87 46
87 47
87 24
87 67
87 84
87 54
87 56
87 68
87 28
87 74
88 64
88 51
88 66
88 35
88 36
88 69
88 39
88 72
88 73
88 11
88 78
88 79
88 48
88 49
88 3
88 43
88 56
88 58
88 28
88 62
88 63
