88
4 1
4 3
4 6
4 13
4 14
4 16
4 23
4 29
4 30
4 32
4 36
4 37
4 39
4 43
4 44
4 54
4 56
4 58
4 67
4 72
4 75
4 84
4 87
4 88
5 1
5 3
5 4
5 6
5 7
5 13
5 14
5 16
5 20
5 22
5 30
5 32
5 36
5 37
5 43
5 44
5 54
5 56
5 58
5 67
5 72
5 74
5 75
5 84
5 87
5 88
9 3
9 4
9 6
9 7
9 13
9 14
9 16
9 20
9 22
9 30
9 32
9 36
9 43
9 54
9 56
9 58
9 67
9 72
9 74
9 75
9 84
9 87
9 88
10 1
10 4
10 37
10 39
10 80
10 75
10 44
10 45
10 14
10 13
10 16
10 49
10 50
10 19
10 84
10 54
10 87
10 23
10 29
10 30
11 1
11 3
11 4
11 6
11 13
11 14
11 16
11 19
11 23
11 29
11 30
11 32
11 36
11 37
11 39
11 43
11 44
11 45
11 49
11 50
11 54
11 56
11 58
11 67
11 72
11 75
11 84
11 87
11 88
12 1
12 4
12 37
12 39
12 10
12 44
12 45
12 80
12 49
12 50
12 19
12 84
12 54
12 23
12 29
12 69
13 1
13 3
13 4
13 6
13 14
13 16
13 23
13 29
13 30
13 32
13 36
13 37
13 39
13 43
13 44
13 54
13 56
13 58
13 67
13 72
13 75
13 84
13 87
13 88
14 3
14 4
14 6
14 7
14 13
14 16
14 20
14 22
14 30
14 32
14 36
14 37
14 43
14 54
14 56
14 58
14 67
14 72
14 74
14 75
14 84
14 87
14 88
17 1
17 3
17 4
17 6
17 13
17 14
17 16
17 20
17 22
17 30
17 32
17 36
17 37
17 43
17 44
17 54
17 56
17 58
17 67
17 72
17 74
17 75
17 84
17 87
17 88
19 1
19 3
19 4
19 6
19 10
19 13
19 14
19 16
19 23
19 29
19 30
19 37
19 39
19 43
19 44
19 45
19 49
19 50
19 54
19 56
19 58
19 75
19 84
19 87
19 88
21 34
21 69
21 39
21 8
21 10
21 11
21 45
21 80
21 40
21 50
21 19
21 23
21 49
21 29
21 62
24 3
24 4
24 6
24 7
24 13
24 14
24 16
24 20
24 22
24 30
24 32
24 36
24 43
24 54
24 56
24 58
24 67
24 72
24 74
24 75
24 84
24 87
24 88
25 2
25 69
25 8
25 11
25 76
25 34
25 15
25 40
25 26
25 62
27 1
27 3
27 4
27 6
27 13
27 14
27 16
27 22
27 29
27 30
27 32
27 36
27 37
27 39
27 43
27 44
27 54
27 56
27 58
27 67
27 72
27 74
27 75
27 84
27 87
27 88
28 1
28 3
28 4
28 6
28 7
28 13
28 14
28 16
28 20
28 22
28 30
28 32
28 36
28 37
28 43
28 44
28 54
28 56
28 58
28 67
28 72
28 74
28 75
28 84
28 87
28 88
31 1
31 3
31 4
31 6
31 13
31 14
31 16
31 22
31 23
31 29
31 30
31 32
31 36
31 37
31 39
31 43
31 44
31 54
31 56
31 58
31 67
31 72
31 75
31 84
31 87
31 88
33 1
33 37
33 39
33 10
33 44
33 45
33 80
33 49
33 50
33 19
33 84
33 54
33 23
33 29
33 69
35 1
35 3
35 4
35 6
35 10
35 13
35 14
35 16
35 19
35 23
35 29
35 30
35 37
35 39
35 43
35 44
35 45
35 49
35 50
35 54
35 56
35 58
35 75
35 84
35 87
35 88
38 34
38 69
38 39
38 8
38 10
38 11
38 76
38 45
38 80
38 40
38 50
38 19
38 23
38 49
38 29
38 62
40 1
40 3
40 4
40 6
40 13
40 14
40 16
40 22
40 29
40 30
40 32
40 36
40 37
40 39
40 43
40 44
40 54
40 56
40 58
40 67
40 72
40 74
40 75
40 84
40 87
40 88
41 34
41 69
41 49
41 8
41 10
41 11
41 76
41 45
41 15
41 80
41 40
41 50
41 19
41 26
41 62
42 1
42 3
42 4
42 6
42 10
42 13
42 14
42 16
42 19
42 23
42 29
42 30
42 37
42 39
42 43
42 44
42 45
42 49
42 50
42 54
42 58
42 75
42 80
42 84
42 87
43 1
43 3
43 4
43 6
43 7
43 13
43 14
43 16
43 20
43 22
43 30
43 32
43 36
43 37
43 44
43 54
43 56
43 58
43 67
43 72
43 74
43 75
43 84
43 87
43 88
44 1
44 3
44 4
44 6
44 13
44 14
44 16
44 20
44 22
44 30
44 32
44 36
44 37
44 43
44 54
44 56
44 58
44 67
44 72
44 74
44 75
44 84
44 87
44 88
46 1
46 69
46 39
46 40
46 10
46 11
46 44
46 45
46 80
46 49
46 50
46 19
46 23
46 29
47 2
47 8
47 76
47 34
47 15
47 26
51 1
51 3
51 4
51 6
51 13
51 14
51 16
51 22
51 23
51 29
51 30
51 32
51 36
51 37
51 39
51 43
51 44
51 54
51 56
51 58
51 67
51 72
51 74
51 75
51 84
51 87
51 88
52 1
52 3
52 4
52 6
52 10
52 13
52 14
52 16
52 19
52 23
52 29
52 30
52 37
52 39
52 43
52 44
52 45
52 49
52 50
52 54
52 58
52 75
52 80
52 84
52 87
52 88
53 2
53 69
53 8
53 11
53 76
53 34
53 15
53 40
53 26
53 62
55 2
55 69
55 8
55 10
55 11
55 76
55 34
55 15
55 80
55 40
55 26
55 62
57 2
57 69
57 8
57 11
57 76
57 34
57 15
57 40
57 26
57 62
59 34
59 69
59 49
59 8
59 10
59 11
59 76
59 45
59 15
59 80
59 40
59 26
59 62
60 34
60 69
60 49
60 8
60 10
60 11
60 76
60 45
60 15
60 80
60 40
60 50
60 19
60 23
60 62
63 1
63 37
63 39
63 40
63 10
63 44
63 45
63 80
63 49
63 50
63 19
63 23
63 29
63 69
64 1
64 37
64 39
64 40
64 10
64 44
64 45
64 80
64 49
64 50
64 19
64 23
64 29
64 69
65 2
65 8
65 11
65 76
65 34
65 15
65 40
65 26
65 62
68 3
68 4
68 6
68 7
68 13
68 14
68 16
68 20
68 22
68 30
68 32
68 36
68 37
68 43
68 54
68 56
68 58
68 67
68 72
68 74
68 75
68 84
68 87
68 88
70 1
70 3
70 4
70 6
70 13
70 14
70 16
70 19
70 23
70 29
70 30
70 32
70 36
70 37
70 39
70 43
70 44
70 49
70 50
70 54
70 56
70 58
70 67
70 72
70 75
70 84
70 87
70 88
71 1
71 4
71 37
71 39
71 10
71 44
71 45
71 80
71 49
71 50
71 19
71 84
71 54
71 23
71 29
71 69
73 1
73 3
73 4
73 6
73 13
73 14
73 16
73 22
73 23
73 29
73 30
73 32
73 36
73 37
73 39
73 43
73 44
73 54
73 56
73 58
73 67
73 72
73 75
73 84
73 87
73 88
77 2
79 1
79 3
79 4
79 6
79 13
79 14
79 16
79 19
79 23
79 29
79 30
79 32
79 36
79 37
79 39
79 43
79 44
79 45
79 49
79 50
79 54
79 56
79 58
79 67
79 72
79 75
79 84
79 87
79 88
82 34
82 69
82 49
82 8
82 10
82 11
82 76
82 45
82 15
82 80
82 40
82 50
82 19
82 23
82 62
86 34
86 69
86 49
86 8
86 10
86 11
86 76
86 45
86 15
86 80
86 40
86 50
86 19
86 62
87 1
87 3
87 4
87 6
87 13
87 14
87 16
87 23
87 29
87 30
87 32
87 36
87 37
87 39
87 43
87 44
87 54
87 56
87 58
87 67
87 72
87 75
87 84
87 88
