88
2 1
2 4
2 6
2 7
2 14
2 16
2 28
2 30
2 35
2 36
2 38
2 39
2 40
2 44
2 47
2 49
2 50
2 51
2 55
2 56
2 63
2 64
2 68
2 74
2 83
2 84
2 87
3 4
3 6
3 7
3 14
3 16
3 28
3 30
3 36
3 38
3 39
3 40
3 44
3 47
3 49
3 50
3 51
3 55
3 56
3 63
3 64
3 68
3 74
3 83
3 84
3 87
5 1
5 2
5 4
5 6
5 7
5 14
5 16
5 28
5 30
5 35
5 38
5 44
5 47
5 50
5 51
5 55
5 56
5 63
5 64
5 68
5 74
5 83
5 84
5 87
8 1
8 2
8 35
8 68
8 6
8 7
8 74
8 87
8 44
8 14
8 47
8 16
8 50
8 83
8 55
8 56
8 63
8 30
8 51
9 16
9 1
9 2
9 35
9 44
10 1
10 2
10 35
10 7
10 44
10 16
10 50
10 30
11 1
11 2
11 35
11 68
11 6
11 7
11 74
11 87
11 44
11 14
11 47
11 16
11 50
11 83
11 55
11 56
11 63
11 30
11 51
12 1
12 2
12 35
12 68
12 6
12 7
12 74
12 44
12 47
12 16
12 50
12 83
12 87
12 56
12 63
12 30
12 51
13 1
13 2
13 35
13 68
13 6
13 7
13 74
13 44
13 47
13 16
13 50
13 83
13 87
13 56
13 63
13 30
13 51
14 2
14 4
14 6
14 7
14 16
14 28
14 30
14 36
14 38
14 39
14 40
14 44
14 47
14 49
14 50
14 51
14 55
14 56
14 63
14 64
14 68
14 74
14 83
14 84
14 87
17 1
17 2
17 35
17 44
18 1
18 2
18 4
18 6
18 7
18 14
18 16
18 28
18 30
18 35
18 38
18 44
18 47
18 50
18 51
18 55
18 56
18 63
18 64
18 68
18 74
18 83
18 84
18 87
20 1
20 2
20 4
20 6
20 7
20 14
20 16
20 28
20 30
20 35
20 36
20 38
20 39
20 40
20 44
20 47
20 49
20 50
20 51
20 55
20 56
20 63
20 64
20 68
20 74
20 83
20 84
20 87
21 2
21 4
21 6
21 7
21 14
21 16
21 28
21 30
21 36
21 38
21 39
21 40
21 44
21 47
21 49
21 50
21 51
21 55
21 56
21 63
21 64
21 68
21 74
21 83
21 84
21 87
22 1
24 2
24 4
24 6
24 7
24 14
24 16
24 28
24 30
24 36
24 38
24 39
24 40
24 44
24 47
24 49
24 50
24 51
24 55
24 56
24 63
24 64
24 68
24 74
24 83
24 84
24 87
25 1
25 2
25 35
25 6
25 7
25 74
25 44
25 16
25 50
25 83
25 30
25 51
29 1
29 2
29 4
29 6
29 7
29 14
29 16
29 28
29 30
29 35
29 36
29 38
29 39
29 40
29 44
29 47
29 49
29 50
29 51
29 55
29 56
29 63
29 64
29 68
29 74
29 83
29 84
29 87
31 1
31 2
31 4
31 6
31 7
31 14
31 16
31 28
31 30
31 35
31 38
31 40
31 44
31 47
31 50
31 51
31 55
31 56
31 63
31 64
31 68
31 74
31 83
31 84
31 87
32 2
32 4
32 6
32 7
32 14
32 16
32 28
32 30
32 35
32 36
32 38
32 39
32 40
32 44
32 47
32 49
32 50
32 51
32 55
32 56
32 63
32 64
32 68
32 74
32 83
32 84
32 87
33 1
33 2
33 35
33 7
33 44
33 16
33 50
33 30
34 1
34 2
34 35
34 68
34 6
34 7
34 74
34 44
34 47
34 16
34 50
34 83
34 87
34 30
34 51
41 1
41 2
41 4
41 6
41 7
41 14
41 16
41 28
41 30
41 35
41 38
41 40
41 44
41 47
41 50
41 51
41 55
41 56
41 63
41 64
41 68
41 74
41 83
41 84
41 87
42 1
42 2
42 35
42 68
42 6
42 7
42 74
42 44
42 47
42 16
42 50
42 83
42 87
42 56
42 63
42 30
42 51
43 2
43 4
43 6
43 7
43 14
43 16
43 28
43 30
43 36
43 38
43 39
43 40
43 44
43 47
43 49
43 50
43 51
43 55
43 56
43 63
43 64
43 68
43 74
43 83
43 84
43 87
45 1
45 2
45 35
45 6
45 7
45 44
45 16
45 50
45 83
45 30
46 1
46 2
46 35
46 68
46 6
46 7
46 74
46 44
46 47
46 16
46 50
46 83
46 87
46 56
46 63
46 30
46 51
48 1
48 2
48 4
48 6
48 7
48 14
48 16
48 28
48 30
48 35
48 36
48 38
48 39
48 40
48 44
48 47
48 49
48 50
48 51
48 55
48 56
48 63
48 64
48 68
48 74
48 83
48 84
48 87
53 1
53 35
57 1
57 2
57 35
57 7
57 44
57 16
57 50
57 30
58 64
58 1
58 2
58 35
58 68
58 6
58 7
58 74
58 87
58 44
58 14
58 47
58 16
58 50
58 83
58 55
58 56
58 63
58 30
58 51
59 1
59 2
59 35
59 68
59 6
59 7
59 74
59 44
59 47
59 16
59 50
59 83
59 87
59 56
59 63
59 30
59 51
61 1
61 2
61 35
61 6
61 7
61 44
61 16
61 50
61 83
61 30
65 1
65 35
67 1
67 2
67 4
67 6
67 7
67 14
67 16
67 28
67 30
67 35
67 36
67 38
67 39
67 40
67 44
67 47
67 49
67 50
67 51
67 55
67 56
67 63
67 64
67 68
67 74
67 83
67 84
67 87
68 1
68 2
68 4
68 6
68 7
68 14
68 16
68 28
68 30
68 35
68 36
68 38
68 39
68 40
68 44
68 47
68 49
68 50
68 51
68 55
68 56
68 63
68 64
68 74
68 83
68 84
68 87
70 1
70 2
70 4
70 6
70 7
70 14
70 16
70 28
70 30
70 35
70 36
70 38
70 40
70 44
70 47
70 50
70 51
70 55
70 56
70 63
70 64
70 68
70 74
70 83
70 84
70 87
71 1
71 2
71 4
71 6
71 7
71 14
71 16
71 28
71 30
71 35
71 38
71 44
71 47
71 50
71 51
71 55
71 56
71 63
71 64
71 68
71 74
71 83
71 84
71 87
72 1
72 2
72 35
72 68
72 6
72 7
72 74
72 87
72 44
72 47
72 16
72 50
72 83
72 55
72 56
72 63
72 30
72 51
73 1
73 2
73 4
73 6
73 7
73 14
73 16
73 28
73 30
73 35
73 36
73 38
73 39
73 40
73 44
73 47
73 49
73 50
73 51
73 55
73 56
73 63
73 64
73 68
73 74
73 83
73 84
73 87
74 1
74 2
74 4
74 6
74 7
74 14
74 16
74 28
74 30
74 35
74 36
74 38
74 39
74 40
74 44
74 47
74 49
74 50
74 51
74 55
74 56
74 63
74 64
74 68
74 83
74 84
74 87
75 1
75 2
75 35
75 68
75 6
75 7
75 74
75 44
75 47
75 16
75 50
75 83
75 87
75 30
75 51
76 1
76 2
76 35
76 44
77 1
77 2
77 4
77 6
77 7
77 14
77 16
77 28
77 30
77 35
77 36
77 38
77 39
77 40
77 44
77 47
77 49
77 50
77 51
77 55
77 56
77 63
77 64
77 68
77 74
77 83
77 84
77 87
78 1
78 2
78 35
78 68
78 6
78 7
78 74
78 44
78 47
78 16
78 50
78 83
78 87
78 56
78 63
78 30
78 51
79 16
79 1
79 2
79 35
79 44
80 1
80 2
80 35
80 7
80 44
80 16
81 1
81 2
81 35
81 68
81 6
81 7
81 74
81 44
81 47
81 16
81 50
81 83
81 87
81 56
81 63
81 30
81 51
85 1
88 1
88 2
88 35
88 68
88 6
88 7
88 74
88 44
88 47
88 16
88 50
88 83
88 87
88 56
88 63
88 30
88 51
