88
1 17
2 7
2 21
2 27
2 28
2 29
2 31
2 33
2 35
2 36
2 37
2 47
2 48
2 49
2 52
2 55
2 61
2 63
2 67
2 71
2 75
2 84
2 87
2 88
3 2
3 7
3 31
3 55
3 29
3 48
3 49
3 50
3 84
3 87
3 88
3 27
3 28
3 61
3 63
4 33
4 35
4 36
4 37
4 71
4 40
4 74
4 43
4 78
4 47
4 81
4 75
4 67
4 52
4 21
4 87
4 25
4 49
4 85
4 53
8 65
8 5
8 29
8 50
8 84
8 55
8 28
8 61
9 33
9 35
9 36
9 37
9 71
9 40
9 74
9 75
9 78
9 47
9 49
9 67
9 52
9 85
9 87
9 25
9 27
9 53
9 21
11 17
11 5
11 65
13 17
13 5
13 65
14 33
14 34
14 35
14 36
14 37
14 71
14 40
14 41
14 74
14 43
14 78
14 47
14 81
14 75
14 67
14 52
14 21
14 25
14 60
14 85
14 53
15 17
15 5
15 65
18 33
18 34
18 75
18 36
18 37
18 71
18 40
18 41
18 74
18 43
18 78
18 81
18 52
18 21
18 73
18 56
18 25
18 60
18 85
18 53
20 17
20 5
20 65
21 33
21 34
21 35
21 36
21 37
21 71
21 40
21 41
21 74
21 43
21 78
21 47
21 81
21 75
21 67
21 52
21 53
21 25
21 60
21 85
23 33
23 34
23 67
23 36
23 37
23 71
23 40
23 41
23 74
23 43
23 78
23 81
23 75
23 52
23 21
23 73
23 56
23 25
23 60
23 85
23 53
24 33
24 35
24 36
24 37
24 71
24 40
24 74
24 43
24 78
24 47
24 81
24 75
24 67
24 52
24 85
24 87
24 25
24 60
24 53
24 21
26 33
26 35
26 36
26 37
26 7
26 31
26 74
26 71
26 47
26 48
26 49
26 75
26 67
26 52
26 21
26 87
26 88
26 25
26 27
26 53
26 63
27 33
27 34
27 35
27 36
27 37
27 71
27 40
27 41
27 74
27 43
27 78
27 47
27 81
27 75
27 67
27 52
27 21
27 25
27 60
27 85
27 53
29 2
29 7
29 31
29 55
29 48
29 49
29 50
29 84
29 87
29 88
29 27
29 28
29 61
29 63
31 34
31 40
31 41
31 43
31 78
31 81
31 53
31 22
31 73
31 56
31 60
31 85
32 33
32 34
32 35
32 36
32 37
32 71
32 40
32 74
32 43
32 78
32 47
32 81
32 75
32 67
32 52
32 21
32 25
32 60
32 85
32 53
38 33
38 35
38 36
38 37
38 7
38 31
38 74
38 71
38 47
38 48
38 49
38 75
38 67
38 52
38 21
38 87
38 88
38 25
38 27
38 53
38 63
39 33
39 35
39 36
39 37
39 71
39 40
39 74
39 43
39 78
39 47
39 81
39 75
39 67
39 52
39 21
39 87
39 25
39 49
39 85
39 53
42 33
42 34
42 37
42 71
42 40
42 41
42 74
42 43
42 78
42 81
42 52
42 21
42 73
42 56
42 25
42 60
42 85
42 53
44 21
44 25
44 33
44 34
44 36
44 37
44 40
44 41
44 43
44 47
44 52
44 53
44 56
44 60
44 67
44 71
44 73
44 74
44 75
44 78
44 81
44 85
45 33
45 34
45 37
45 71
45 40
45 41
45 74
45 43
45 78
45 81
45 52
45 21
45 22
45 73
45 56
45 25
45 60
45 85
45 53
46 33
46 35
46 36
46 37
46 71
46 74
46 75
46 78
46 47
46 49
46 67
46 52
46 85
46 87
46 25
46 27
46 53
46 21
47 33
47 34
47 37
47 71
47 40
47 41
47 74
47 43
47 78
47 81
47 52
47 21
47 22
47 73
47 56
47 25
47 60
47 85
47 53
49 21
49 25
49 33
49 34
49 35
49 36
49 37
49 40
49 41
49 43
49 47
49 52
49 53
49 56
49 60
49 67
49 71
49 73
49 74
49 75
49 78
49 81
49 85
50 2
50 35
50 7
50 31
50 55
50 29
50 48
50 49
50 84
50 87
50 88
50 27
50 28
50 61
50 63
51 2
51 7
51 21
51 25
51 27
51 31
51 33
51 35
51 36
51 37
51 47
51 48
51 49
51 52
51 53
51 63
51 67
51 71
51 74
51 75
51 87
51 88
53 34
53 40
53 41
53 74
53 43
53 78
53 81
53 85
53 22
53 73
53 56
53 25
53 60
55 33
55 34
55 67
55 36
55 37
55 71
55 40
55 41
55 74
55 43
55 78
55 81
55 75
55 52
55 21
55 73
55 56
55 25
55 60
55 85
55 53
57 33
57 35
57 36
57 37
57 71
57 40
57 74
57 43
57 78
57 47
57 49
57 75
57 67
57 52
57 85
57 87
57 25
57 53
57 21
58 34
58 40
58 41
58 43
58 78
58 81
58 85
58 22
58 73
58 56
58 60
59 33
59 34
59 35
59 36
59 37
59 71
59 40
59 74
59 43
59 78
59 47
59 81
59 75
59 67
59 52
59 21
59 25
59 60
59 85
59 53
61 33
61 34
61 35
61 36
61 37
61 71
61 40
61 41
61 74
61 43
61 78
61 47
61 81
61 75
61 67
61 52
61 21
61 25
61 60
61 85
61 53
62 2
62 7
62 31
62 55
62 29
62 48
62 49
62 50
62 84
62 87
62 88
62 27
62 28
62 61
62 63
64 2
64 7
64 21
64 25
64 27
64 31
64 33
64 35
64 36
64 37
64 47
64 48
64 49
64 52
64 53
64 63
64 67
64 71
64 74
64 75
64 87
64 88
65 33
65 34
65 40
65 41
65 74
65 43
65 78
65 81
65 53
65 22
65 73
65 56
65 25
65 60
65 85
66 33
66 35
66 36
66 37
66 71
66 74
66 75
66 78
66 47
66 49
66 67
66 52
66 85
66 87
66 25
66 27
66 53
66 21
68 33
68 34
68 40
68 41
68 74
68 43
68 78
68 81
68 85
68 22
68 73
68 56
68 25
68 60
68 53
68 21
70 33
70 35
70 36
70 37
70 71
70 40
70 74
70 43
70 78
70 47
70 49
70 75
70 67
70 52
70 85
70 87
70 25
70 53
70 21
72 33
72 34
72 35
72 36
72 37
72 71
72 40
72 41
72 74
72 43
72 78
72 47
72 81
72 75
72 67
72 52
72 21
72 25
72 60
72 85
72 53
76 33
76 35
76 36
76 37
76 7
76 31
76 74
76 71
76 47
76 48
76 49
76 75
76 67
76 52
76 21
76 87
76 88
76 25
76 27
76 53
76 63
77 2
77 7
77 31
77 55
77 29
77 48
77 49
77 50
77 84
77 87
77 88
77 27
77 28
77 61
77 63
78 34
78 40
78 41
78 43
78 81
78 85
78 22
78 73
78 56
78 60
79 33
79 35
79 36
79 37
79 71
79 74
79 7
79 47
79 49
79 75
79 67
79 52
79 85
79 87
79 88
79 25
79 27
79 53
79 21
82 2
82 67
82 7
82 31
82 55
82 29
82 47
82 48
82 49
82 50
82 35
82 84
82 87
82 88
82 27
82 28
82 61
82 63
84 33
84 35
84 36
84 37
84 71
84 74
84 7
84 78
84 47
84 49
84 75
84 67
84 52
84 85
84 87
84 88
84 25
84 27
84 53
84 21
85 33
85 34
85 71
85 40
85 41
85 74
85 43
85 78
85 81
85 52
85 21
85 22
85 73
85 56
85 25
85 60
85 53
86 17
87 21
87 25
87 33
87 34
87 35
87 36
87 37
87 40
87 41
87 43
87 47
87 52
87 53
87 56
87 60
87 67
87 71
87 73
87 74
87 75
87 78
87 81
87 85
88 33
88 34
88 35
88 36
88 37
88 71
88 40
88 74
88 43
88 78
88 47
88 81
88 75
88 67
88 52
88 21
88 25
88 60
88 85
88 53
