88
3 32
3 1
3 66
3 67
3 5
3 6
3 39
3 40
3 87
3 80
3 72
3 52
3 85
3 55
3 24
3 84
3 26
3 28
3 29
3 88
3 65
4 84
4 65
4 67
4 36
4 5
4 6
4 39
4 42
4 75
4 48
4 32
4 52
4 85
4 55
4 68
4 26
4 28
4 29
4 63
5 2
5 27
5 70
5 7
5 8
5 74
5 44
5 79
5 54
5 23
5 58
5 15
5 62
6 2
6 27
6 70
6 7
6 8
6 44
6 74
6 76
6 77
6 78
6 15
6 54
6 23
6 58
6 79
6 62
7 8
7 9
7 44
7 14
7 27
7 61
10 2
10 27
10 70
10 7
10 8
10 44
10 74
10 76
10 77
10 78
10 15
10 54
10 23
10 58
10 79
10 62
11 2
11 70
11 7
11 8
11 74
11 76
11 77
11 78
11 15
11 72
11 54
11 23
11 88
11 58
11 79
11 62
12 32
12 1
12 67
12 68
12 5
12 6
12 65
12 42
12 39
12 75
12 84
12 85
12 87
12 24
12 52
12 26
12 28
12 29
12 55
13 2
13 27
13 70
13 7
13 8
13 44
13 74
13 76
13 77
13 78
13 15
13 54
13 23
13 58
13 79
13 62
17 2
17 66
17 70
17 7
17 40
17 74
17 87
17 76
17 77
17 78
17 15
17 80
17 72
17 54
17 23
17 88
17 58
17 79
17 62
18 7
18 8
18 9
18 44
18 14
18 15
18 23
18 27
18 61
21 1
21 5
21 6
21 24
21 26
21 28
21 29
21 32
21 40
21 54
21 58
21 62
21 66
21 70
21 72
21 74
21 76
21 77
21 78
21 80
21 87
21 88
22 2
22 27
22 70
22 7
22 8
22 44
22 15
22 23
22 58
22 79
23 8
23 9
23 44
23 14
23 15
23 27
23 61
25 84
25 1
25 67
25 36
25 5
25 6
25 65
25 42
25 39
25 48
25 75
25 32
25 52
25 85
25 55
25 24
25 68
25 26
25 28
25 29
25 63
26 7
26 8
26 9
26 44
26 14
26 15
26 23
26 27
26 61
27 8
27 9
27 44
27 14
27 15
27 23
27 61
29 8
29 9
29 44
29 14
29 15
29 23
29 27
29 61
31 32
31 1
31 66
31 5
31 6
31 65
31 40
31 74
31 76
31 77
31 78
31 80
31 72
31 54
31 87
31 24
31 88
31 26
31 28
31 29
31 62
32 8
32 9
32 44
32 14
32 15
32 23
32 27
32 61
33 2
33 70
33 7
33 8
33 44
33 74
33 76
33 77
33 78
33 15
33 54
33 23
33 58
33 79
33 62
35 32
35 1
35 67
35 68
35 5
35 6
35 65
35 42
35 39
35 75
35 84
35 85
35 87
35 24
35 52
35 26
35 28
35 29
35 55
36 2
36 27
36 70
36 7
36 8
36 44
36 74
36 76
36 77
36 78
36 15
36 54
36 23
36 58
36 79
36 62
37 1
37 5
37 6
37 24
37 26
37 28
37 29
37 32
37 39
37 40
37 52
37 55
37 65
37 66
37 67
37 72
37 76
37 77
37 78
37 80
37 84
37 85
37 87
37 88
38 2
38 27
38 70
38 7
38 8
38 44
38 74
38 76
38 77
38 78
38 15
38 54
38 23
38 58
38 79
38 62
39 8
39 9
39 44
39 14
39 27
39 61
41 33
41 34
41 36
41 37
41 75
41 48
41 83
41 21
41 22
41 56
41 68
41 31
41 63
43 1
43 5
43 6
43 24
43 26
43 28
43 29
43 32
43 39
43 40
43 52
43 55
43 65
43 66
43 67
43 72
43 77
43 80
43 84
43 85
43 87
43 88
45 32
45 1
45 66
45 67
45 5
45 6
45 39
45 40
45 87
45 80
45 72
45 52
45 85
45 55
45 24
45 84
45 26
45 28
45 29
45 88
45 65
46 1
46 5
46 6
46 24
46 26
46 28
46 29
46 32
46 39
46 40
46 42
46 52
46 55
46 65
46 66
46 67
46 72
46 80
46 84
46 85
46 87
46 88
47 2
47 66
47 70
47 7
47 40
47 74
47 76
47 77
47 78
47 15
47 80
47 72
47 54
47 23
47 88
47 58
47 79
47 62
48 8
48 9
48 44
48 14
48 27
48 61
49 33
49 34
49 35
49 37
49 38
49 83
49 21
49 22
49 56
49 31
50 2
50 66
50 70
50 7
50 40
50 74
50 87
50 76
50 77
50 78
50 15
50 80
50 72
50 54
50 23
50 88
50 58
50 79
50 62
51 34
51 36
51 42
51 75
51 48
51 83
51 21
51 56
51 68
51 63
52 2
52 70
52 7
52 8
52 74
52 76
52 77
52 78
52 15
52 72
52 54
52 23
52 58
52 79
52 62
53 2
53 27
53 70
53 7
53 8
53 44
53 15
53 23
53 58
53 79
55 7
55 8
55 9
55 44
55 14
55 15
55 23
55 27
55 61
57 1
57 5
57 6
57 24
57 26
57 28
57 29
57 32
57 39
57 40
57 42
57 52
57 55
57 65
57 66
57 67
57 72
57 80
57 84
57 85
57 87
57 88
59 2
59 66
59 70
59 7
59 40
59 74
59 87
59 76
59 77
59 78
59 15
59 80
59 72
59 54
59 23
59 88
59 58
59 79
59 62
63 2
63 27
63 70
63 7
63 8
63 44
63 15
63 23
63 58
63 79
64 1
64 5
64 6
64 24
64 26
64 28
64 29
64 32
64 39
64 40
64 52
64 55
64 65
64 66
64 67
64 72
64 76
64 77
64 78
64 80
64 84
64 85
64 87
64 88
65 2
65 27
65 70
65 7
65 8
65 44
65 74
65 76
65 79
65 54
65 23
65 58
65 15
65 62
67 1
67 2
67 66
67 70
67 7
67 40
67 74
67 76
67 77
67 78
67 79
67 80
67 72
67 54
67 87
67 24
67 88
67 58
67 26
67 62
69 2
69 27
69 70
69 7
69 8
69 44
69 74
69 76
69 77
69 78
69 15
69 54
69 23
69 58
69 79
69 62
70 2
70 27
70 7
70 8
70 44
70 14
70 15
70 23
70 58
70 79
71 32
71 1
71 67
71 68
71 5
71 6
71 65
71 42
71 39
71 75
71 84
71 85
71 87
71 24
71 52
71 26
71 28
71 29
71 55
72 8
72 9
72 44
72 14
72 15
72 23
72 27
72 61
73 32
73 1
73 66
73 67
73 5
73 6
73 39
73 40
73 87
73 80
73 72
73 52
73 85
73 55
73 24
73 84
73 26
73 28
73 29
73 88
73 65
74 2
74 27
74 70
74 7
74 8
74 44
74 15
74 23
74 58
74 79
74 62
77 2
77 27
77 70
77 7
77 8
77 74
77 44
77 79
77 54
77 23
77 58
77 15
77 62
78 8
78 9
78 44
78 14
78 27
78 61
79 7
79 8
79 9
79 44
79 14
79 15
79 23
79 27
79 61
81 2
81 70
81 7
81 40
81 74
81 76
81 77
81 78
81 15
81 80
81 72
81 54
81 23
81 88
81 58
81 79
81 62
82 84
82 1
82 67
82 36
82 5
82 6
82 65
82 42
82 39
82 48
82 75
82 32
82 52
82 85
82 55
82 24
82 68
82 26
82 28
82 29
82 63
83 1
83 5
83 6
83 24
83 26
83 28
83 29
83 32
83 39
83 40
83 42
83 52
83 55
83 65
83 66
83 67
83 72
83 80
83 84
83 85
83 87
83 88
84 2
84 27
84 70
84 7
84 8
84 44
84 74
84 76
84 77
84 78
84 15
84 54
84 23
84 58
84 79
84 62
85 8
85 9
85 44
85 14
85 27
85 61
86 1
86 5
86 6
86 24
86 26
86 28
86 29
86 32
86 39
86 40
86 42
86 52
86 55
86 65
86 66
86 67
86 72
86 80
86 84
86 85
86 87
86 88
