88
1 39
1 40
1 43
1 12
1 45
1 46
1 83
1 84
1 56
1 52
1 27
2 64
2 33
2 77
2 5
2 38
2 7
2 74
2 29
2 13
2 78
2 47
2 18
2 32
2 88
2 58
2 70
2 61
3 1
3 43
3 7
3 40
3 12
3 74
3 39
3 44
3 13
3 46
3 77
3 88
3 50
3 83
3 84
3 56
3 58
3 28
3 61
3 62
3 31
4 2
4 5
4 7
4 13
4 18
4 22
4 24
4 29
4 32
4 33
4 34
4 35
4 38
4 47
4 48
4 49
4 61
4 64
4 70
4 77
4 78
4 88
5 1
5 39
5 40
5 12
5 43
5 44
5 45
5 46
5 50
5 83
5 84
5 56
5 52
5 28
5 62
5 31
6 34
6 35
6 36
6 38
6 48
6 49
6 18
6 22
6 24
7 1
7 39
7 40
7 12
7 43
7 44
7 46
7 50
7 83
7 84
7 56
7 28
7 62
7 31
8 64
8 32
8 2
8 5
8 70
8 7
8 74
8 44
8 13
8 78
8 77
8 50
8 88
8 58
8 28
8 61
8 62
8 31
10 1
10 39
10 40
10 12
10 43
10 44
10 45
10 46
10 50
10 83
10 84
10 56
10 52
10 28
10 62
10 31
11 43
11 45
11 81
11 83
11 52
11 27
12 1
12 39
12 40
12 43
12 45
12 46
12 83
12 84
12 56
12 52
12 27
12 28
12 31
13 1
13 43
13 45
13 46
13 81
13 83
13 52
13 56
13 27
15 16
15 30
16 32
16 1
16 7
16 40
16 12
16 74
16 39
16 44
16 13
16 46
16 77
16 50
16 84
16 88
16 58
16 28
16 61
16 62
16 31
17 1
17 39
17 43
17 45
17 46
17 83
17 84
17 56
17 52
17 27
18 43
18 45
18 46
18 81
18 83
18 52
18 56
18 27
20 43
20 45
20 81
20 83
20 52
20 56
20 27
21 48
21 35
21 36
21 22
22 32
22 1
22 7
22 40
22 12
22 74
22 39
22 44
22 13
22 77
22 50
22 84
22 88
22 58
22 28
22 61
22 62
22 31
25 48
25 35
25 36
25 22
26 48
26 35
26 36
26 22
30 43
30 45
30 46
30 81
30 83
30 52
30 56
30 27
31 43
31 45
31 81
31 83
31 52
31 56
31 27
32 43
32 45
32 81
32 83
32 52
32 56
32 27
33 1
33 39
33 40
33 12
33 43
33 44
33 46
33 50
33 83
33 84
33 56
33 28
33 62
33 31
34 1
34 39
34 40
34 12
34 74
34 43
34 44
34 46
34 50
34 83
34 84
34 56
34 58
34 28
34 62
34 31
35 1
35 43
35 45
35 46
35 81
35 83
35 52
35 56
35 27
36 43
36 45
36 81
36 83
36 52
36 56
36 27
37 1
37 43
37 45
37 46
37 81
37 83
37 52
37 56
37 27
38 1
38 43
38 45
38 46
38 81
38 83
38 52
38 56
38 27
39 1
39 40
39 43
39 12
39 45
39 46
39 83
39 84
39 56
39 52
39 27
40 43
40 45
40 81
40 83
40 52
40 56
40 27
41 1
41 39
41 40
41 12
41 43
41 44
41 45
41 46
41 50
41 83
41 84
41 56
41 52
41 28
41 62
41 31
42 1
42 39
42 40
42 12
42 74
42 43
42 44
42 46
42 50
42 83
42 84
42 56
42 58
42 28
42 62
42 31
45 43
45 81
45 83
45 52
45 56
45 27
47 1
47 39
47 40
47 12
47 74
47 43
47 44
47 46
47 50
47 83
47 84
47 56
47 58
47 28
47 62
47 31
48 81
48 83
48 27
48 52
48 45
51 43
51 45
51 81
51 83
51 52
51 27
52 43
52 45
52 81
52 83
52 56
52 27
53 33
53 2
53 35
53 36
53 70
53 38
53 34
53 78
53 47
53 48
53 49
53 18
53 22
53 24
53 29
54 34
54 35
54 36
54 38
54 48
54 49
54 18
54 22
54 24
55 1
55 39
55 40
55 43
55 12
55 45
55 46
55 83
55 84
55 56
55 52
55 27
55 31
57 64
57 33
57 2
57 77
57 5
57 70
57 7
57 74
57 44
57 13
57 78
57 47
57 29
57 32
57 88
57 58
57 61
57 62
58 1
58 39
58 40
58 43
58 12
58 45
58 46
58 83
58 84
58 56
58 52
58 27
58 28
58 31
59 33
59 2
59 35
59 36
59 70
59 38
59 34
59 78
59 47
59 48
59 49
59 18
59 22
59 24
59 29
60 64
60 33
60 2
60 77
60 5
60 38
60 7
60 74
60 29
60 13
60 78
60 47
60 18
60 32
60 88
60 58
60 70
60 61
62 1
62 39
62 40
62 43
62 12
62 45
62 46
62 83
62 84
62 56
62 52
62 27
62 28
62 31
63 64
63 33
63 2
63 77
63 5
63 38
63 7
63 74
63 29
63 13
63 78
63 47
63 18
63 32
63 88
63 58
63 70
63 61
64 32
64 2
64 5
64 70
64 7
64 74
64 44
64 13
64 78
64 77
64 50
64 88
64 58
64 28
64 61
64 62
64 31
65 64
65 33
65 2
65 35
65 36
65 5
65 38
65 34
65 78
65 47
65 48
65 49
65 18
65 22
65 24
65 70
65 29
66 64
66 33
66 2
66 77
66 5
66 38
66 7
66 74
66 29
66 13
66 78
66 47
66 18
66 32
66 88
66 58
66 70
66 61
67 64
67 33
67 2
67 77
67 5
67 38
67 7
67 74
67 29
67 13
67 78
67 47
67 18
67 32
67 88
67 58
67 70
67 61
68 32
68 1
68 7
68 40
68 12
68 74
68 39
68 44
68 13
68 46
68 77
68 50
68 84
68 88
68 58
68 28
68 61
68 62
68 31
69 1
69 39
69 40
69 12
69 43
69 44
69 45
69 46
69 50
69 83
69 84
69 56
69 52
69 28
69 62
69 31
71 64
71 33
71 2
71 35
71 36
71 5
71 38
71 34
71 78
71 47
71 48
71 49
71 18
71 22
71 24
71 70
71 29
72 1
72 43
72 7
72 40
72 12
72 74
72 39
72 44
72 13
72 46
72 77
72 88
72 50
72 84
72 56
72 58
72 28
72 61
72 62
72 31
73 64
73 33
73 2
73 35
73 36
73 5
73 38
73 34
73 78
73 47
73 48
73 49
73 18
73 22
73 24
73 70
73 29
74 32
74 1
74 7
74 40
74 12
74 39
74 44
74 77
74 46
74 13
74 50
74 84
74 88
74 58
74 28
74 61
74 62
74 31
75 64
75 32
75 2
75 5
75 70
75 7
75 40
75 12
75 74
75 39
75 44
75 13
75 77
75 50
75 88
75 58
75 28
75 61
75 62
75 31
76 32
76 1
76 7
76 40
76 12
76 74
76 39
76 44
76 13
76 77
76 50
76 84
76 88
76 58
76 28
76 61
76 62
76 31
77 1
77 39
77 40
77 12
77 43
77 44
77 45
77 46
77 50
77 83
77 84
77 56
77 52
77 28
77 62
77 31
78 43
78 45
78 81
78 83
78 52
78 27
79 64
79 33
79 2
79 77
79 5
79 38
79 7
79 74
79 29
79 34
79 78
79 13
79 49
79 18
79 32
79 24
79 88
79 58
79 47
79 70
79 61
80 64
80 33
80 34
80 35
80 5
80 38
80 2
80 78
80 47
80 48
80 49
80 18
80 22
80 24
80 70
80 29
85 1
85 39
85 40
85 43
85 12
85 45
85 46
85 83
85 84
85 56
85 52
85 27
85 28
85 31
86 34
86 35
86 36
86 48
86 49
86 22
86 24
87 32
87 1
87 43
87 7
87 40
87 12
87 74
87 39
87 44
87 13
87 46
87 77
87 88
87 50
87 84
87 56
87 58
87 28
87 61
87 62
87 31
88 43
88 45
88 81
88 83
88 52
88 56
88 27
