88
1 3
1 5
1 6
1 10
1 11
1 14
1 15
1 22
1 27
1 33
1 34
1 36
1 44
1 51
1 55
1 59
1 65
1 66
1 67
1 74
1 76
1 77
1 79
1 82
1 88
2 3
2 5
2 6
2 7
2 11
2 14
2 15
2 22
2 27
2 32
2 34
2 36
2 40
2 43
2 44
2 46
2 47
2 48
2 64
2 65
2 70
2 71
2 74
2 77
2 79
2 82
2 83
2 88
3 1
3 5
3 6
3 7
3 9
3 11
3 14
3 15
3 22
3 23
3 32
3 34
3 35
3 37
3 40
3 43
3 44
3 46
3 47
3 48
3 62
3 64
3 65
3 70
3 71
3 73
3 74
3 83
3 88
4 1
4 6
4 7
4 9
4 11
4 21
4 23
4 25
4 32
4 34
4 35
4 37
4 40
4 41
4 43
4 44
4 46
4 47
4 48
4 53
4 62
4 64
4 65
4 70
4 71
4 73
4 78
4 83
4 85
4 88
5 2
5 68
5 39
5 75
5 17
5 18
5 20
5 86
5 56
5 52
5 61
5 30
5 63
7 33
7 66
7 67
7 36
7 5
7 10
7 18
7 76
7 77
7 14
7 15
7 27
7 59
7 82
7 51
7 55
7 79
7 74
11 1
11 3
11 5
11 6
11 7
11 9
11 14
11 15
11 22
11 23
11 32
11 34
11 35
11 37
11 40
11 43
11 44
11 46
11 47
11 48
11 53
11 62
11 64
11 65
11 70
11 71
11 73
11 74
11 83
11 88
12 3
12 5
12 6
12 7
12 9
12 11
12 14
12 15
12 22
12 27
12 32
12 34
12 35
12 36
12 37
12 40
12 43
12 44
12 46
12 47
12 48
12 64
12 65
12 70
12 71
12 74
12 77
12 79
12 82
12 83
12 88
13 1
13 3
13 6
13 7
13 9
13 11
13 21
13 23
13 25
13 32
13 34
13 35
13 37
13 40
13 41
13 43
13 44
13 46
13 47
13 48
13 53
13 62
13 64
13 65
13 70
13 71
13 73
13 78
13 83
13 85
13 88
15 3
15 5
15 6
15 10
15 11
15 14
15 22
15 27
15 33
15 36
15 44
15 51
15 55
15 59
15 65
15 66
15 67
15 74
15 76
15 77
15 79
15 82
21 3
21 5
21 6
21 7
21 11
21 14
21 15
21 22
21 27
21 32
21 33
21 34
21 36
21 43
21 44
21 46
21 47
21 48
21 64
21 65
21 66
21 70
21 71
21 74
21 77
21 79
21 82
21 88
23 1
23 3
23 5
23 6
23 7
23 9
23 11
23 14
23 15
23 22
23 32
23 34
23 35
23 37
23 40
23 43
23 44
23 46
23 47
23 48
23 53
23 62
23 64
23 65
23 70
23 71
23 73
23 74
23 78
23 83
23 85
23 88
24 1
24 3
24 6
24 7
24 9
24 11
24 21
24 23
24 25
24 32
24 34
24 35
24 37
24 40
24 41
24 43
24 44
24 46
24 47
24 48
24 53
24 62
24 64
24 65
24 70
24 71
24 73
24 78
24 83
24 85
24 88
25 1
25 7
25 9
25 21
25 23
25 24
25 31
25 32
25 35
25 37
25 40
25 41
25 43
25 46
25 47
25 48
25 53
25 62
25 64
25 70
25 71
25 73
25 78
25 83
25 85
25 87
29 3
29 5
29 6
29 7
29 11
29 14
29 15
29 22
29 27
29 32
29 34
29 36
29 37
29 40
29 43
29 44
29 46
29 47
29 48
29 64
29 65
29 70
29 71
29 74
29 77
29 79
29 82
29 83
29 88
30 1
30 3
30 6
30 7
30 9
30 11
30 21
30 23
30 25
30 32
30 34
30 35
30 37
30 40
30 43
30 44
30 46
30 47
30 48
30 53
30 62
30 64
30 65
30 70
30 71
30 73
30 78
30 83
30 85
30 88
33 3
33 5
33 6
33 7
33 9
33 11
33 14
33 15
33 22
33 32
33 34
33 35
33 36
33 37
33 40
33 43
33 44
33 46
33 47
33 48
33 64
33 65
33 70
33 71
33 73
33 74
33 77
33 79
33 82
33 83
33 88
35 3
35 5
35 6
35 7
35 9
35 11
35 14
35 15
35 22
35 23
35 32
35 34
35 36
35 37
35 40
35 43
35 44
35 46
35 47
35 48
35 64
35 65
35 70
35 71
35 73
35 74
35 77
35 79
35 82
35 83
35 88
36 1
36 7
36 9
36 21
36 23
36 24
36 25
36 31
36 32
36 34
36 35
36 37
36 40
36 41
36 43
36 46
36 47
36 48
36 53
36 62
36 64
36 70
36 71
36 73
36 78
36 83
36 85
37 3
37 5
37 6
37 7
37 11
37 14
37 15
37 22
37 27
37 32
37 34
37 36
37 40
37 43
37 44
37 46
37 47
37 48
37 64
37 65
37 70
37 71
37 74
37 77
37 79
37 82
37 83
37 88
47 1
47 7
47 9
47 21
47 23
47 25
47 31
47 32
47 34
47 35
47 37
47 40
47 41
47 43
47 46
47 48
47 53
47 62
47 64
47 70
47 71
47 73
47 78
47 83
47 85
47 88
49 79
49 33
49 66
49 3
49 36
49 5
49 10
49 11
49 76
49 77
49 14
49 15
49 59
49 82
49 51
49 22
49 55
49 18
49 67
49 27
49 74
50 33
50 2
50 67
50 39
50 10
50 75
50 76
50 66
50 17
50 18
50 51
50 20
50 86
50 55
50 56
50 52
50 59
50 61
50 30
50 63
51 33
51 66
51 67
51 36
51 5
51 10
51 18
51 76
51 77
51 14
51 15
51 27
51 59
51 82
51 22
51 55
51 79
51 74
54 1
54 3
54 5
54 6
54 7
54 9
54 11
54 14
54 15
54 22
54 23
54 32
54 34
54 35
54 37
54 40
54 43
54 44
54 46
54 47
54 48
54 53
54 62
54 64
54 65
54 70
54 71
54 73
54 74
54 78
54 83
54 85
54 88
63 1
63 3
63 6
63 7
63 9
63 11
63 21
63 22
63 23
63 25
63 32
63 34
63 35
63 37
63 40
63 43
63 44
63 46
63 47
63 48
63 53
63 62
63 64
63 65
63 70
63 71
63 73
63 78
63 83
63 85
63 88
72 1
72 3
72 6
72 7
72 9
72 11
72 21
72 23
72 25
72 32
72 34
72 35
72 37
72 40
72 43
72 44
72 46
72 47
72 48
72 53
72 62
72 64
72 65
72 70
72 71
72 73
72 78
72 83
72 85
72 88
73 3
73 5
73 6
73 7
73 11
73 14
73 15
73 22
73 27
73 32
73 34
73 36
73 37
73 40
73 43
73 44
73 46
73 47
73 48
73 64
73 65
73 70
73 71
73 74
73 77
73 79
73 82
73 83
73 88
81 33
81 2
81 67
81 10
81 75
81 76
81 66
81 17
81 18
81 51
81 52
81 86
81 55
81 56
81 20
81 59
81 61
81 30
83 1
83 7
83 9
83 21
83 23
83 25
83 31
83 32
83 34
83 35
83 37
83 40
83 41
83 43
83 46
83 47
83 48
83 53
83 62
83 64
83 70
83 71
83 73
83 78
83 85
83 88
86 2
86 67
86 68
86 39
86 75
86 76
86 17
86 18
86 20
86 55
86 56
86 52
86 59
86 61
86 30
86 63
87 1
87 6
87 7
87 9
87 11
87 21
87 23
87 25
87 32
87 34
87 35
87 37
87 40
87 41
87 43
87 44
87 46
87 47
87 48
87 53
87 62
87 64
87 65
87 70
87 71
87 73
87 78
87 83
87 85
87 88
88 1
88 3
88 5
88 6
88 7
88 9
88 11
88 14
88 15
88 22
88 23
88 32
88 34
88 35
88 37
88 40
88 43
88 44
88 46
88 47
88 48
88 53
88 62
88 64
88 65
88 70
88 71
88 73
88 74
88 78
88 83
88 85
