88
1 17
2 7
2 31
2 77
2 48
2 49
2 87
2 88
2 27
2 30
2 63
3 2
3 7
3 31
3 55
3 77
3 29
3 48
3 49
3 84
3 87
3 88
3 27
3 28
3 61
3 63
4 33
4 35
4 36
4 37
4 71
4 74
4 75
4 14
4 79
4 67
4 52
4 85
4 25
4 57
4 47
4 53
4 21
8 1
8 50
8 5
8 65
9 33
9 35
9 36
9 37
9 71
9 74
9 75
9 14
9 79
9 67
9 52
9 21
9 25
9 47
9 30
9 53
11 1
11 5
11 65
13 17
14 8
14 21
14 25
14 32
14 33
14 37
14 38
14 40
14 43
14 52
14 53
14 57
14 59
14 71
14 74
14 76
14 78
14 79
14 81
14 82
14 85
14 86
15 17
15 65
18 32
18 34
18 38
18 81
18 8
18 41
18 43
18 44
18 14
18 79
18 76
18 40
18 82
18 78
18 86
18 23
18 57
18 59
18 60
18 85
18 53
20 65
20 5
21 8
21 14
21 25
21 32
21 33
21 34
21 38
21 40
21 43
21 52
21 53
21 57
21 59
21 60
21 71
21 74
21 76
21 78
21 79
21 81
21 82
21 85
21 86
23 32
23 34
23 38
23 81
23 40
23 41
23 43
23 44
23 14
23 79
23 76
23 8
23 82
23 78
23 86
23 57
23 59
23 60
23 85
23 53
24 33
24 35
24 36
24 37
24 38
24 71
24 74
24 75
24 14
24 79
24 67
24 52
24 85
24 25
24 57
24 47
24 53
24 21
26 33
26 35
26 36
26 37
26 71
26 74
26 75
26 77
26 47
26 49
26 67
26 52
26 21
26 87
26 25
26 27
26 30
27 8
27 14
27 21
27 25
27 32
27 33
27 34
27 38
27 40
27 43
27 52
27 53
27 57
27 59
27 60
27 71
27 74
27 76
27 78
27 79
27 81
27 82
27 85
27 86
29 2
29 7
29 31
29 77
29 48
29 50
29 84
29 55
29 88
29 27
29 28
29 61
29 63
30 83
31 4
31 8
31 14
31 23
31 32
31 34
31 38
31 39
31 40
31 41
31 42
31 43
31 44
31 46
31 56
31 57
31 59
31 60
31 72
31 73
31 76
31 78
31 81
31 82
31 85
31 86
32 33
32 35
32 36
32 37
32 38
32 71
32 74
32 75
32 78
32 14
32 79
32 67
32 52
32 85
32 25
32 57
32 47
32 53
32 21
38 33
38 35
38 36
38 37
38 71
38 75
38 77
38 47
38 49
38 67
38 52
38 21
38 87
38 27
38 30
39 33
39 35
39 36
39 37
39 38
39 71
39 74
39 75
39 14
39 79
39 67
39 52
39 85
39 25
39 57
39 47
39 53
39 21
42 8
42 14
42 23
42 32
42 34
42 38
42 40
42 41
42 43
42 44
42 53
42 57
42 59
42 60
42 72
42 76
42 78
42 79
42 81
42 82
42 85
42 86
44 32
44 34
44 38
44 81
44 8
44 41
44 74
44 43
44 76
44 14
44 79
44 40
44 82
44 78
44 86
44 25
44 57
44 59
44 60
44 85
44 53
45 4
45 8
45 14
45 23
45 32
45 34
45 38
45 40
45 41
45 42
45 43
45 44
45 46
45 57
45 59
45 60
45 72
45 76
45 78
45 81
45 82
45 85
45 86
46 33
46 35
46 36
46 37
46 71
46 74
46 75
46 47
46 67
46 52
46 21
46 25
46 79
46 30
46 53
47 8
47 14
47 23
47 32
47 34
47 38
47 40
47 41
47 42
47 43
47 44
47 46
47 53
47 57
47 59
47 60
47 72
47 76
47 78
47 81
47 82
47 85
47 86
49 8
49 14
49 21
49 25
49 32
49 33
49 34
49 38
49 40
49 43
49 53
49 57
49 59
49 60
49 74
49 76
49 78
49 79
49 81
49 82
49 85
49 86
50 2
50 7
50 31
50 55
50 77
50 48
50 49
50 84
50 87
50 88
50 27
50 28
50 63
51 35
51 36
51 37
51 7
51 75
51 77
51 47
51 49
51 67
51 87
51 88
51 27
51 30
53 4
53 8
53 14
53 23
53 32
53 34
53 38
53 40
53 41
53 42
53 43
53 44
53 46
53 56
53 57
53 59
53 60
53 72
53 73
53 76
53 78
53 81
53 82
53 85
53 86
55 32
55 34
55 38
55 81
55 8
55 41
55 43
55 44
55 14
55 79
55 76
55 40
55 82
55 78
55 86
55 23
55 57
55 59
55 60
55 85
55 53
57 33
57 35
57 36
57 37
57 71
57 74
57 75
57 14
57 79
57 67
57 52
57 85
57 25
57 47
57 53
57 21
58 4
58 8
58 22
58 23
58 32
58 34
58 38
58 39
58 40
58 41
58 42
58 43
58 44
58 46
58 56
58 59
58 60
58 62
58 64
58 72
58 73
58 76
58 78
58 81
58 82
58 86
59 33
59 35
59 36
59 37
59 38
59 71
59 74
59 75
59 14
59 79
59 67
59 52
59 85
59 25
59 57
59 47
59 53
59 21
61 8
61 14
61 21
61 25
61 33
61 37
61 38
61 40
61 43
61 52
61 53
61 57
61 59
61 71
61 74
61 75
61 76
61 78
61 79
61 81
61 85
61 86
62 2
62 7
62 31
62 55
62 77
62 29
62 48
62 49
62 84
62 87
62 88
62 27
62 28
62 61
62 63
64 35
64 36
64 37
64 7
64 75
64 77
64 47
64 48
64 49
64 67
64 87
64 88
64 27
64 30
64 31
65 4
65 8
65 14
65 23
65 32
65 34
65 38
65 40
65 41
65 42
65 43
65 44
65 46
65 56
65 57
65 59
65 60
65 72
65 73
65 76
65 78
65 81
65 82
65 85
65 86
66 33
66 35
66 36
66 37
66 71
66 74
66 75
66 47
66 67
66 52
66 21
66 25
66 79
66 30
66 53
68 4
68 8
68 14
68 23
68 32
68 34
68 38
68 40
68 41
68 42
68 43
68 44
68 46
68 56
68 57
68 59
68 60
68 72
68 73
68 76
68 78
68 81
68 82
68 85
68 86
70 33
70 35
70 36
70 37
70 71
70 74
70 75
70 14
70 79
70 67
70 52
70 85
70 25
70 47
70 53
70 21
72 8
72 14
72 21
72 25
72 33
72 36
72 37
72 38
72 40
72 52
72 53
72 57
72 59
72 67
72 71
72 74
72 75
72 76
72 78
72 79
72 85
72 86
76 33
76 35
76 36
76 37
76 71
76 74
76 75
76 77
76 47
76 49
76 67
76 52
76 21
76 87
76 27
76 30
77 2
77 7
77 31
77 29
77 48
77 50
77 84
77 55
77 88
77 27
77 28
77 61
77 63
78 4
78 8
78 22
78 23
78 32
78 34
78 38
78 39
78 40
78 41
78 42
78 43
78 44
78 46
78 56
78 59
78 60
78 62
78 64
78 72
78 73
78 76
78 81
78 82
78 86
79 33
79 35
79 36
79 37
79 71
79 74
79 75
79 47
79 67
79 52
79 21
79 87
79 25
79 30
79 53
82 2
82 7
82 31
82 55
82 77
82 48
82 49
82 87
82 88
82 27
82 28
82 30
82 63
84 33
84 35
84 36
84 37
84 71
84 74
84 75
84 47
84 67
84 52
84 21
84 25
84 79
84 30
84 53
85 4
85 8
85 14
85 23
85 32
85 34
85 38
85 40
85 41
85 42
85 43
85 44
85 46
85 57
85 59
85 60
85 72
85 76
85 78
85 81
85 82
85 86
86 17
86 83
87 32
87 34
87 38
87 81
87 8
87 74
87 43
87 76
87 14
87 79
87 40
87 82
87 78
87 86
87 25
87 57
87 59
87 60
87 85
87 53
88 33
88 35
88 36
88 37
88 38
88 71
88 74
88 75
88 14
88 79
88 67
88 52
88 85
88 25
88 57
88 47
88 53
88 21
