88
1 64
1 66
1 38
1 7
1 41
1 42
1 47
1 48
1 81
1 25
1 31
2 32
2 1
2 36
2 72
2 9
2 50
2 54
2 88
3 64
3 38
3 47
3 48
3 81
3 25
3 31
4 45
4 86
4 37
5 17
5 45
5 86
5 57
6 26
6 27
6 30
7 32
7 1
7 2
7 36
7 72
7 9
7 76
7 15
7 54
7 88
8 35
8 26
8 27
8 30
9 32
9 65
9 34
9 70
9 73
9 74
9 11
9 76
9 46
9 15
9 80
9 78
9 87
9 88
9 21
10 64
10 66
10 38
10 41
10 47
10 48
10 81
10 25
10 31
11 1
11 4
11 9
11 13
11 50
11 52
11 54
11 36
11 58
11 60
11 62
12 33
12 34
12 67
12 71
12 40
12 73
12 74
12 14
12 19
12 84
12 85
12 55
12 56
12 20
12 59
12 28
13 64
13 66
13 4
13 7
13 8
13 41
13 42
13 77
13 48
13 52
13 24
13 68
13 58
13 62
14 65
14 34
14 70
14 73
14 74
14 11
14 76
14 46
14 15
14 80
14 88
14 84
14 78
14 87
14 56
14 21
15 35
15 38
15 47
15 81
15 25
15 31
16 17
16 53
16 23
16 5
16 49
18 29
19 32
19 1
19 2
19 36
19 72
19 9
19 76
19 15
19 54
19 88
20 33
20 67
20 71
20 40
20 43
20 14
20 79
20 82
20 19
20 85
20 55
20 59
20 28
20 63
21 1
21 36
21 72
21 9
21 13
21 50
21 52
21 54
21 58
21 60
21 62
22 32
22 1
22 2
22 36
22 72
22 9
22 50
22 52
22 54
22 60
23 22
24 51
24 5
24 39
24 44
24 49
24 83
24 53
24 23
24 61
25 51
25 3
25 5
25 39
25 10
25 75
25 44
25 83
25 61
25 69
26 22
27 51
27 5
27 39
27 44
27 49
27 83
27 53
27 61
28 32
28 65
28 34
28 70
28 73
28 11
28 76
28 46
28 15
28 80
28 78
28 87
28 88
28 21
29 45
29 86
29 37
30 37
31 65
31 34
31 70
31 73
31 74
31 11
31 76
31 46
31 15
31 80
31 84
31 78
31 87
31 56
31 28
31 21
32 1
32 4
32 9
32 13
32 50
32 52
32 54
32 36
32 58
32 60
32 62
33 66
33 4
33 7
33 8
33 41
33 42
33 13
33 77
33 52
33 24
33 68
33 58
33 60
33 62
34 64
34 66
34 4
34 7
34 8
34 41
34 42
34 13
34 77
34 47
34 48
34 24
34 68
34 58
34 62
35 33
35 67
35 71
35 40
35 43
35 14
35 79
35 82
35 19
35 84
35 85
35 55
35 20
35 59
35 28
35 63
36 65
36 34
36 70
36 40
36 73
36 74
36 11
36 76
36 46
36 80
36 84
36 78
36 87
36 56
36 59
36 28
36 85
36 21
37 35
37 38
37 81
37 25
37 26
37 27
38 65
38 34
38 67
38 70
38 40
38 73
38 74
38 11
38 46
38 80
38 84
38 78
38 87
38 56
38 59
38 28
38 85
38 21
39 1
39 4
39 8
39 9
39 77
39 13
39 50
39 52
39 54
39 36
39 58
39 60
39 62
40 51
40 3
40 5
40 39
40 10
40 75
40 44
40 83
40 53
40 61
40 69
41 51
41 3
41 5
41 39
41 10
41 75
41 44
41 83
41 53
41 61
41 69
42 17
42 57
43 4
43 7
43 8
43 42
43 13
43 77
43 50
43 52
43 24
43 68
43 58
43 60
43 62
44 4
44 8
44 9
44 13
44 77
44 50
44 52
44 54
44 24
44 68
44 58
44 60
44 62
45 22
46 33
46 67
46 71
46 40
46 43
46 12
46 14
46 79
46 82
46 19
46 20
46 85
46 55
46 59
46 63
47 33
47 3
47 69
47 71
47 10
47 43
47 12
47 79
47 82
47 19
47 55
47 75
47 63
48 65
48 34
48 67
48 40
48 73
48 74
48 11
48 46
48 80
48 84
48 78
48 87
48 56
48 20
48 59
48 28
48 85
48 21
49 35
49 38
49 81
49 25
49 26
49 27
49 30
50 57
50 45
50 86
51 32
51 65
51 34
51 70
51 73
51 11
51 76
51 46
51 15
51 80
51 78
51 87
51 88
51 21
52 1
52 36
52 9
52 13
52 50
52 54
52 4
52 58
52 60
52 62
53 1
53 2
53 36
53 72
53 9
53 13
53 50
53 52
53 54
53 58
53 60
54 35
54 38
54 81
54 25
54 26
54 27
55 33
55 34
55 67
55 40
55 73
55 74
55 14
55 19
55 84
55 78
55 56
55 20
55 59
55 28
55 85
56 36
56 8
56 9
56 13
56 77
56 50
56 52
56 54
56 4
56 58
56 60
56 62
57 35
57 26
57 27
57 30
58 32
58 65
58 34
58 70
58 11
58 76
58 46
58 15
58 80
58 78
58 87
58 88
58 21
59 64
59 66
59 4
59 7
59 8
59 41
59 42
59 77
59 47
59 48
59 24
59 68
59 62
59 31
60 35
60 26
60 27
60 30
61 66
61 4
61 7
61 8
61 41
61 42
61 13
61 77
61 52
61 24
61 68
61 58
61 60
61 62
62 64
62 66
62 68
62 38
62 7
62 41
62 42
62 47
62 48
62 81
62 24
62 31
63 64
63 66
63 38
63 7
63 41
63 42
63 47
63 48
63 81
63 25
63 31
64 4
64 8
64 9
64 13
64 77
64 50
64 52
64 54
64 24
64 68
64 58
64 60
64 62
65 1
65 2
65 36
65 72
65 9
65 13
65 50
65 52
65 54
65 58
65 60
66 26
66 30
67 1
67 36
67 72
67 9
67 13
67 50
67 52
67 54
67 58
67 60
67 62
68 33
68 34
68 67
68 65
68 40
68 73
68 74
68 14
68 80
68 84
68 78
68 87
68 56
68 20
68 59
68 28
68 85
68 21
69 64
69 66
69 38
69 7
69 41
69 42
69 47
69 48
69 81
69 25
69 31
70 45
70 86
70 37
71 32
71 65
71 2
71 70
71 72
71 11
71 76
71 46
71 15
71 80
71 21
71 87
71 88
72 1
72 4
72 9
72 13
72 50
72 52
72 54
72 36
72 58
72 60
72 62
73 1
73 36
73 72
73 9
73 13
73 50
73 52
73 54
73 58
73 60
73 62
74 4
74 7
74 8
74 9
74 42
74 13
74 77
74 50
74 52
74 24
74 68
74 58
74 60
74 62
75 64
75 66
75 38
75 41
75 47
75 48
75 81
75 25
75 31
76 32
76 1
76 2
76 36
76 72
76 9
76 50
76 54
76 88
76 60
77 32
77 65
77 2
77 70
77 72
77 11
77 76
77 34
77 46
77 15
77 80
77 78
77 87
77 88
77 21
78 64
78 66
78 4
78 7
78 8
78 41
78 42
78 13
78 77
78 48
78 52
78 24
78 68
78 58
78 60
78 62
79 64
79 66
79 4
79 7
79 8
79 41
79 42
79 13
79 77
79 47
79 48
79 52
79 24
79 68
79 58
79 62
80 35
80 26
80 27
80 30
81 5
81 17
81 44
81 49
81 53
81 23
82 45
82 86
82 37
83 65
83 34
83 70
83 40
83 73
83 74
83 11
83 76
83 46
83 80
83 84
83 78
83 87
83 56
83 59
83 28
83 85
83 21
84 33
84 67
84 71
84 40
84 43
84 12
84 14
84 79
84 82
84 19
84 20
84 85
84 55
84 59
84 63
85 33
85 34
85 67
85 40
85 73
85 74
85 55
85 14
85 19
85 84
85 78
85 87
85 56
85 20
85 59
85 28
85 21
87 33
87 67
87 69
87 71
87 43
87 12
87 14
87 79
87 82
87 19
87 20
87 55
87 63
88 1
88 2
88 36
88 72
88 9
88 13
88 50
88 52
88 54
88 58
88 60
