88
1 34
1 35
1 37
1 81
1 39
1 8
1 9
1 10
1 72
1 50
1 24
1 88
1 58
1 60
1 42
2 32
2 1
2 59
2 36
2 71
2 44
2 43
2 12
2 78
2 79
2 80
2 17
2 83
2 21
2 22
2 87
2 56
2 47
3 64
3 2
3 67
3 68
3 73
3 66
3 59
3 86
3 27
3 28
3 61
4 69
4 6
4 45
4 46
4 23
4 57
4 70
4 63
5 2
5 67
5 68
5 73
5 75
5 66
5 86
5 27
5 28
6 65
6 85
6 62
7 34
7 35
7 37
7 81
7 39
7 8
7 9
7 42
7 72
7 53
7 24
7 88
7 60
9 20
10 20
11 20
14 32
14 33
14 36
14 7
14 40
14 74
14 77
14 48
14 84
14 53
14 22
14 56
14 25
14 60
14 31
16 19
17 33
17 7
17 8
17 81
17 53
17 24
17 72
17 88
17 60
18 2
18 68
18 73
18 75
18 76
18 66
18 86
18 27
19 33
19 7
19 40
19 74
19 77
19 48
19 84
19 53
19 25
19 60
19 31
20 34
20 37
20 6
20 9
20 10
20 55
20 82
20 14
20 50
20 46
20 54
20 41
20 57
20 58
21 32
21 1
21 59
21 36
21 71
21 44
21 43
21 12
21 78
21 79
21 80
21 17
21 83
21 22
21 87
21 56
21 47
22 33
22 7
22 40
22 74
22 77
22 48
22 84
22 53
22 25
22 60
22 31
23 33
23 7
23 40
23 74
23 77
23 8
23 84
23 53
23 72
23 60
23 31
24 33
24 7
24 8
24 74
24 77
24 72
24 84
24 53
24 60
24 31
25 34
25 35
25 37
25 39
25 8
25 9
25 10
25 55
25 82
25 14
25 81
25 50
25 24
25 41
25 88
25 58
25 42
26 85
26 62
27 69
27 38
27 45
27 49
27 23
27 70
27 30
27 63
28 70
28 6
28 41
28 14
28 82
28 46
28 54
28 55
28 57
29 32
29 1
29 36
29 71
29 40
29 80
29 43
29 44
29 78
29 79
29 48
29 17
29 83
29 21
29 22
29 87
29 56
29 25
30 26
30 62
31 32
31 36
31 40
31 74
31 77
31 78
31 48
31 84
31 22
31 87
31 56
31 25
32 33
32 36
32 40
32 74
32 77
32 48
32 84
32 22
32 87
32 56
32 25
32 31
33 32
33 36
33 7
33 40
33 74
33 77
33 48
33 84
33 53
33 22
33 56
33 25
33 31
34 85
34 62
35 2
35 67
35 68
35 73
35 75
35 66
35 86
35 27
35 28
36 2
36 67
36 68
36 73
36 75
36 66
36 86
36 27
36 28
37 34
37 35
37 81
37 39
37 8
37 42
37 7
37 72
37 53
37 24
37 88
37 60
38 64
38 1
38 67
38 71
38 12
38 43
38 44
38 78
38 47
38 80
38 17
38 83
38 21
38 59
38 87
38 79
38 61
39 34
39 35
39 37
39 9
39 10
39 55
39 82
39 14
39 24
39 50
39 54
39 41
39 88
39 58
39 42
40 34
40 35
40 37
40 39
40 8
40 9
40 10
40 55
40 82
40 14
40 81
40 50
40 24
40 41
40 88
40 58
40 54
40 42
41 64
41 1
41 67
41 71
41 12
41 43
41 44
41 78
41 47
41 80
41 17
41 83
41 21
41 59
41 79
41 61
42 64
42 2
42 67
42 68
42 12
42 66
42 47
42 59
42 86
42 27
42 28
42 61
43 32
43 36
43 40
43 74
43 77
43 78
43 79
43 48
43 17
43 84
43 22
43 87
43 56
43 25
43 31
44 33
44 7
44 40
44 74
44 77
44 48
44 84
44 53
44 25
44 60
44 31
45 33
45 36
45 7
45 40
45 74
45 77
45 48
45 84
45 53
45 22
45 56
45 25
45 60
45 31
46 64
46 1
46 66
46 67
46 71
46 12
46 44
46 47
46 59
46 83
46 21
46 86
46 27
46 28
46 61
47 34
47 35
47 37
47 81
47 39
47 8
47 9
47 10
47 14
47 72
47 50
47 41
47 24
47 88
47 58
47 42
48 64
48 1
48 67
48 71
48 12
48 43
48 44
48 78
48 47
48 80
48 17
48 83
48 21
48 59
48 87
48 79
48 61
49 33
49 7
49 8
49 74
49 77
49 72
49 84
49 53
49 60
49 31
50 64
50 2
50 67
50 71
50 12
50 66
50 47
50 59
50 86
50 27
50 28
50 61
51 76
52 69
52 38
52 45
52 49
52 23
52 70
52 30
52 63
53 34
53 35
53 37
53 6
53 39
53 9
53 10
53 55
53 82
53 14
53 50
53 46
53 54
53 41
53 58
53 42
54 64
54 1
54 59
54 71
54 12
54 43
54 44
54 78
54 47
54 80
54 17
54 83
54 21
54 87
54 79
54 61
55 33
55 7
55 40
55 74
55 77
55 48
55 72
55 84
55 53
55 25
55 60
55 31
56 33
56 7
56 8
56 81
56 53
56 24
56 72
56 88
56 60
57 33
57 7
57 40
57 74
57 77
57 48
57 84
57 53
57 22
57 25
57 60
57 31
58 33
58 7
58 40
58 74
58 77
58 72
58 84
58 53
58 60
58 31
59 3
60 49
60 38
60 69
60 30
60 29
61 34
61 35
61 37
61 81
61 7
61 8
61 9
61 42
61 39
61 72
61 53
61 24
61 88
61 60
62 34
62 35
62 37
62 39
62 9
62 10
62 55
62 82
62 14
62 50
62 46
62 54
62 41
62 58
62 42
63 33
63 7
63 8
63 74
63 77
63 72
63 84
63 53
63 60
63 31
64 6
64 41
64 10
64 50
64 14
64 82
64 46
64 54
64 55
64 57
65 49
65 38
65 69
65 30
65 29
66 64
66 1
66 67
66 71
66 12
66 44
66 47
66 80
66 17
66 83
66 21
66 59
66 79
66 28
66 61
67 34
67 35
67 37
67 6
67 39
67 9
67 10
67 55
67 82
67 14
67 50
67 46
67 54
67 41
67 58
67 42
68 64
68 1
68 59
68 36
68 71
68 44
68 32
68 43
68 12
68 78
68 79
68 80
68 17
68 83
68 21
68 22
68 87
68 56
68 47
69 70
69 38
69 45
69 49
69 23
69 30
69 63
70 33
70 81
70 7
70 8
70 74
70 77
70 72
70 53
70 24
70 60
70 31
71 32
71 36
71 40
71 74
71 77
71 78
71 48
71 84
71 22
71 87
71 56
71 25
71 31
72 2
72 67
72 68
72 73
72 75
72 66
72 86
72 27
72 28
72 61
73 33
73 7
73 8
73 81
73 53
73 24
73 72
73 88
73 60
74 33
74 7
74 8
74 81
74 53
74 24
74 72
74 88
74 60
75 34
75 35
75 37
75 81
75 7
75 8
75 42
75 39
75 72
75 53
75 24
75 88
75 60
76 65
76 85
77 33
77 7
77 8
77 74
77 72
77 84
77 53
77 60
77 31
78 64
78 1
78 66
78 67
78 71
78 12
78 47
78 59
78 83
78 21
78 86
78 27
78 28
78 61
79 75
79 76
80 64
80 1
80 59
80 71
80 12
80 43
80 44
80 78
80 47
80 17
80 83
80 21
80 87
80 79
80 61
81 32
81 1
81 36
81 71
81 80
81 43
81 44
81 78
81 79
81 48
81 17
81 83
81 21
81 22
81 87
81 56
81 25
82 32
82 1
82 36
82 71
82 80
82 43
82 44
82 78
82 79
82 48
82 17
82 83
82 21
82 22
82 87
82 56
83 65
83 85
83 62
84 2
84 68
84 73
84 75
84 76
84 66
84 27
85 11
85 20
86 2
86 68
86 73
86 75
86 76
86 66
86 27
86 28
87 3
87 29
87 38
88 34
88 35
88 37
88 39
88 8
88 9
88 10
88 55
88 82
88 14
88 81
88 50
88 41
88 24
88 58
88 42
