88
1 64
1 34
1 3
1 4
1 6
1 7
1 40
1 31
1 12
1 13
1 14
1 48
1 49
1 50
1 78
1 88
1 58
1 63
1 60
1 26
1 53
2 68
2 37
2 39
2 23
2 76
2 77
2 45
2 80
2 54
2 87
2 61
3 32
3 1
3 2
3 35
3 69
3 33
3 47
3 20
3 27
4 66
4 67
4 75
4 76
4 80
4 84
4 55
4 57
4 59
4 62
5 41
5 83
5 86
5 29
5 22
6 1
6 69
6 70
6 33
6 47
6 52
6 25
6 20
6 27
7 66
7 67
7 5
7 41
7 75
7 83
7 84
7 22
7 57
7 59
7 86
7 62
8 1
8 69
8 70
8 33
8 47
8 52
8 25
8 20
8 27
9 32
9 1
9 2
9 35
9 69
9 33
9 73
9 47
9 27
10 36
10 37
10 38
10 39
10 8
10 9
10 42
10 71
10 44
10 45
10 46
10 77
10 51
10 54
10 23
10 68
10 87
10 28
10 61
11 24
12 66
12 67
12 5
12 75
12 76
12 84
12 55
12 57
12 59
12 62
13 64
13 32
13 2
13 3
13 4
13 7
13 73
13 12
13 34
13 78
13 48
13 50
13 35
13 53
13 88
13 58
13 31
13 60
13 63
14 3
14 6
14 11
14 12
14 13
14 26
14 31
14 34
14 40
14 43
14 48
14 49
14 50
14 53
14 58
14 60
14 63
14 64
14 72
14 74
14 78
14 79
14 88
15 17
16 64
16 32
16 2
16 3
16 4
16 7
16 73
16 12
16 34
16 78
16 13
16 48
16 50
16 35
16 53
16 88
16 58
16 31
16 60
16 63
17 5
17 41
17 83
17 22
17 57
17 86
17 29
18 64
18 32
18 34
18 3
18 4
18 69
18 7
18 73
18 2
18 78
18 13
18 48
18 50
18 35
18 53
18 58
19 64
19 32
19 2
19 3
19 4
19 7
19 31
19 73
19 12
19 34
19 14
19 13
19 48
19 50
19 78
19 88
19 58
19 63
19 60
19 26
19 53
20 64
20 34
20 3
20 4
20 6
20 7
20 31
20 73
20 12
20 13
20 14
20 48
20 49
20 50
20 78
20 88
20 58
20 63
20 60
20 26
20 53
21 3
21 4
21 6
21 7
21 12
21 13
21 14
21 26
21 31
21 34
21 40
21 48
21 49
21 50
21 53
21 58
21 60
21 63
21 64
21 73
21 78
21 88
22 10
22 18
22 82
23 10
24 36
24 37
24 38
24 39
24 8
24 9
24 42
24 71
24 44
24 45
24 46
24 77
24 51
24 54
24 23
24 68
24 87
24 28
24 61
25 66
25 67
25 5
25 41
25 75
25 83
25 84
25 22
25 55
25 57
25 59
25 86
25 62
26 68
26 37
26 38
26 39
26 76
26 23
26 44
26 77
26 45
26 80
26 54
26 87
26 61
27 64
27 34
27 3
27 4
27 7
27 31
27 73
27 12
27 13
27 14
27 48
27 50
27 78
27 88
27 58
27 63
27 60
27 26
27 53
28 64
28 32
28 34
28 3
28 4
28 69
28 7
28 73
28 2
28 78
28 13
28 48
28 50
28 35
28 53
28 58
29 32
29 33
29 2
29 35
29 4
29 69
29 7
29 73
29 50
29 27
30 16
30 65
31 32
31 33
31 2
31 35
31 4
31 69
31 73
31 47
31 27
32 64
32 34
32 3
32 4
32 69
32 7
32 73
32 2
32 78
32 13
32 48
32 50
32 35
32 53
32 58
33 43
33 36
33 49
33 6
33 71
33 40
33 9
33 74
33 11
33 14
33 79
33 72
33 51
33 46
33 26
34 1
34 70
34 33
34 47
34 52
34 25
34 20
34 27
35 43
35 36
35 38
35 71
35 8
35 9
35 42
35 11
35 44
35 46
35 79
35 40
35 51
35 72
35 28
35 74
36 25
36 52
36 70
36 20
37 18
37 82
38 1
38 70
38 33
38 47
38 52
38 25
38 20
39 64
39 34
39 3
39 4
39 6
39 7
39 31
39 73
39 12
39 13
39 14
39 48
39 49
39 50
39 78
39 88
39 58
39 63
39 60
39 26
39 53
40 1
40 70
40 33
40 47
40 52
40 25
40 20
40 27
41 32
41 33
41 2
41 35
41 4
41 69
41 7
41 73
41 47
41 27
42 25
42 52
42 70
42 20
43 64
43 34
43 3
43 6
43 40
43 74
43 11
43 12
43 13
43 14
43 79
43 48
43 49
43 53
43 88
43 72
43 58
43 31
43 60
43 26
43 63
44 3
44 6
44 11
44 12
44 13
44 14
44 26
44 31
44 34
44 40
44 48
44 49
44 50
44 53
44 58
44 60
44 63
44 64
44 72
44 74
44 78
44 79
44 88
45 1
45 70
45 33
45 47
45 52
45 25
45 20
45 27
46 1
46 20
46 52
46 70
46 25
47 64
47 34
47 3
47 4
47 6
47 7
47 31
47 73
47 12
47 13
47 14
47 48
47 49
47 50
47 78
47 88
47 58
47 63
47 60
47 26
47 53
48 66
48 37
48 55
48 76
48 80
48 84
48 23
48 87
48 59
49 10
49 18
49 82
50 1
50 20
50 52
50 70
50 25
51 43
51 36
51 38
51 71
51 8
51 9
51 42
51 11
51 44
51 77
51 46
51 79
51 72
51 54
51 28
51 74
52 66
52 67
52 5
52 41
52 75
52 84
52 86
52 55
52 57
52 59
52 62
53 32
53 33
53 2
53 35
53 4
53 69
53 7
53 73
53 27
54 10
55 16
55 65
56 32
56 1
56 2
56 35
56 69
56 33
56 73
56 47
56 27
57 1
57 20
57 52
57 70
57 25
58 32
58 1
58 2
58 35
58 69
58 33
58 47
58 20
58 27
59 32
59 33
59 2
59 35
59 4
59 69
59 7
59 73
59 78
59 50
59 27
60 1
60 70
60 47
60 52
60 25
60 20
61 1
61 70
61 33
61 47
61 52
61 25
61 20
63 64
63 32
63 34
63 3
63 4
63 69
63 7
63 73
63 2
63 78
63 13
63 48
63 50
63 35
63 53
63 58
64 24
64 65
64 16
65 68
65 37
65 38
65 39
65 23
65 76
65 77
65 45
65 80
65 54
65 87
65 61
66 16
66 65
67 32
67 1
67 2
67 35
67 69
67 33
67 47
67 27
68 1
68 70
68 47
68 52
68 25
68 20
69 18
69 82
70 24
70 65
71 43
71 36
71 6
71 49
71 40
71 9
71 74
71 11
71 14
71 79
71 72
71 51
71 46
71 26
72 1
72 69
72 70
72 33
72 47
72 52
72 25
72 20
72 27
73 3
73 6
73 7
73 12
73 13
73 14
73 26
73 31
73 34
73 40
73 48
73 49
73 50
73 53
73 58
73 60
73 63
73 64
73 72
73 74
73 78
73 88
74 1
74 69
74 70
74 33
74 47
74 52
74 25
74 20
74 27
75 1
75 70
75 47
75 52
75 25
75 20
76 10
76 82
77 25
77 52
77 70
78 64
78 32
78 34
78 3
78 4
78 69
78 7
78 73
78 2
78 13
78 48
78 50
78 35
78 53
78 58
79 3
79 6
79 11
79 12
79 13
79 14
79 26
79 31
79 34
79 40
79 48
79 49
79 50
79 53
79 58
79 60
79 63
79 64
79 72
79 74
79 78
79 88
80 10
80 82
81 32
81 33
81 2
81 35
81 4
81 69
81 7
81 73
81 27
82 41
82 83
82 86
82 29
82 22
83 25
83 52
83 70
83 20
84 64
84 32
84 34
84 35
84 4
84 69
84 7
84 73
84 2
84 78
84 13
84 48
84 50
84 53
84 58
85 16
86 24
87 25
87 52
87 70
88 64
88 32
88 34
88 3
88 4
88 69
88 7
88 73
88 2
88 78
88 13
88 48
88 50
88 35
88 53
88 58
