88
1 25
1 70
1 29
1 30
1 57
2 17
2 11
2 20
2 13
3 1
3 66
3 68
3 9
3 44
3 79
3 52
3 85
3 22
3 41
3 36
3 63
4 2
4 6
4 42
4 43
4 76
4 46
4 84
4 88
4 27
4 28
5 48
5 81
5 21
5 86
5 23
5 56
5 62
6 64
6 1
6 3
6 36
6 9
6 14
6 47
6 83
6 78
6 41
6 24
6 68
6 79
6 60
7 56
7 23
7 85
7 62
7 21
8 65
8 7
8 74
8 18
8 54
8 55
9 65
9 5
9 6
9 42
9 76
9 46
9 54
9 55
9 26
9 27
9 28
9 74
10 64
10 1
10 3
10 36
10 9
10 14
10 47
10 83
10 78
10 73
10 24
10 79
10 60
11 2
11 35
11 6
11 10
11 43
11 76
11 46
11 84
11 88
11 27
11 28
11 42
12 65
12 5
12 7
12 74
12 18
12 54
12 55
12 26
13 70
13 7
13 18
13 25
13 57
13 30
14 33
14 67
14 69
14 38
14 39
14 40
14 71
14 77
14 45
14 80
14 49
14 19
14 87
14 58
14 61
15 35
15 37
15 72
15 10
15 75
15 45
15 80
15 53
15 58
15 59
15 31
16 15
17 82
17 29
19 56
19 48
19 21
19 62
19 23
20 69
20 38
20 39
20 40
20 71
20 77
20 45
20 80
20 49
20 87
20 58
20 61
20 37
21 65
21 5
21 7
21 74
21 18
21 54
21 55
21 26
23 70
23 7
23 18
23 25
23 57
23 30
24 5
24 6
24 42
24 43
24 76
24 46
24 84
24 55
24 88
24 26
24 27
24 28
24 74
25 33
25 34
25 67
25 69
25 38
25 39
25 40
25 73
25 71
25 77
25 14
25 49
25 19
25 87
25 83
25 61
26 33
26 34
26 67
26 69
26 38
26 39
26 40
26 73
26 71
26 77
26 45
26 80
26 49
26 19
26 87
26 61
27 66
27 36
27 41
27 44
27 52
27 85
27 22
27 9
27 68
27 63
28 64
28 1
28 3
28 36
28 9
28 14
28 47
28 83
28 78
28 41
28 24
28 68
28 79
28 60
29 64
29 1
29 3
29 36
29 9
29 44
29 78
29 79
29 52
29 22
29 41
29 24
29 68
29 47
29 60
29 63
30 2
30 35
30 6
30 72
30 10
30 75
30 76
30 46
30 43
30 84
30 53
30 59
30 88
30 27
31 2
31 35
31 37
31 72
31 10
31 43
31 75
31 84
31 53
31 88
31 59
32 2
32 35
32 6
32 72
32 10
32 75
32 76
32 46
32 43
32 84
32 53
32 59
32 88
32 27
32 28
32 42
33 2
33 35
33 6
33 72
33 10
33 43
33 76
33 46
33 84
33 88
33 27
33 28
33 42
34 2
34 35
34 72
34 10
34 43
34 76
34 75
34 84
34 53
34 88
34 59
34 31
35 64
35 1
35 3
35 68
35 9
35 78
35 47
35 52
35 41
35 24
35 36
35 79
35 60
35 63
36 65
36 5
36 74
36 54
36 55
36 26
37 32
37 81
37 50
37 86
37 16
38 65
38 5
38 7
38 74
38 18
38 54
38 55
38 26
39 2
39 35
39 6
39 72
39 10
39 75
39 76
39 46
39 43
39 84
39 53
39 59
39 88
39 27
39 28
39 42
40 35
40 37
40 72
40 10
40 75
40 45
40 80
40 53
40 58
40 59
40 31
41 2
41 5
41 6
41 42
41 43
41 76
41 46
41 84
41 88
41 27
41 28
42 2
42 35
42 6
42 72
42 10
42 75
42 76
42 46
42 43
42 84
42 53
42 59
42 88
42 27
42 28
43 2
43 35
43 37
43 72
43 10
43 75
43 53
43 58
43 59
43 31
44 82
44 29
45 25
45 18
45 57
45 30
45 7
46 25
46 70
46 29
46 30
46 57
47 33
47 34
47 67
47 69
47 38
47 39
47 40
47 73
47 71
47 77
47 14
47 49
47 19
47 87
47 83
47 61
48 65
48 5
48 7
48 74
48 18
48 54
48 55
48 26
49 65
49 5
49 7
49 74
49 18
49 54
49 55
49 26
50 82
50 29
51 82
53 35
53 37
53 72
53 10
53 75
53 45
53 80
53 58
53 59
53 31
54 33
54 34
54 67
54 69
54 38
54 39
54 40
54 73
54 71
54 77
54 14
54 24
54 19
54 83
54 61
55 2
55 35
55 6
55 72
55 10
55 43
55 76
55 46
55 84
55 88
55 27
55 28
55 42
56 65
56 7
56 74
56 18
56 54
56 55
56 26
57 69
57 38
57 71
57 40
57 45
57 80
57 49
57 87
57 58
57 31
57 37
58 33
58 67
58 69
58 38
58 39
58 40
58 71
58 77
58 45
58 80
58 49
58 19
58 87
58 61
59 19
59 1
59 34
59 67
59 33
59 39
59 64
59 73
59 83
59 77
59 14
59 47
59 3
59 78
59 24
59 79
59 60
59 61
61 65
61 5
61 7
61 74
61 18
61 54
61 55
61 26
62 2
62 35
62 37
62 72
62 10
62 43
62 75
62 53
62 59
62 31
63 37
63 75
63 45
63 80
63 49
63 53
63 87
63 58
63 59
63 31
64 33
64 34
64 67
64 69
64 38
64 39
64 73
64 83
64 77
64 14
64 47
64 19
64 78
64 24
64 60
64 61
65 2
65 35
65 6
65 72
65 10
65 75
65 76
65 46
65 43
65 84
65 53
65 59
65 88
65 27
65 28
65 42
66 37
66 72
66 75
66 45
66 80
66 49
66 53
66 58
66 59
66 31
67 64
67 33
67 34
67 69
67 38
67 39
67 73
67 83
67 77
67 14
67 47
67 19
67 78
67 24
67 61
68 69
68 38
68 71
68 40
68 45
68 80
68 49
68 87
68 58
68 31
68 37
69 66
69 44
69 52
69 85
69 22
69 23
69 56
69 62
69 63
70 65
70 5
70 42
70 54
70 55
70 26
70 28
70 74
71 33
71 34
71 67
71 69
71 38
71 39
71 40
71 73
71 77
71 80
71 49
71 19
71 87
71 61
72 33
72 34
72 67
72 69
72 38
72 39
72 40
72 73
72 71
72 77
72 45
72 80
72 49
72 19
72 87
72 61
73 69
73 38
73 71
73 40
73 45
73 80
73 49
73 87
73 58
73 31
73 37
74 64
74 1
74 3
74 36
74 9
74 14
74 47
74 83
74 78
74 41
74 24
74 68
74 79
74 60
75 2
75 35
75 6
75 72
75 10
75 43
75 76
75 46
75 84
75 88
75 27
75 28
75 42
76 66
76 68
76 41
76 44
76 52
76 85
76 22
76 23
76 56
76 62
76 63
77 33
77 34
77 67
77 69
77 38
77 39
77 40
77 73
77 71
77 14
77 24
77 19
77 83
77 61
78 33
78 34
78 67
78 69
78 38
78 39
78 40
78 73
78 71
78 77
78 49
78 19
78 87
78 83
78 61
79 37
79 72
79 75
79 45
79 80
79 49
79 53
79 58
79 59
79 31
80 69
80 71
80 40
80 45
80 49
80 87
80 58
80 31
80 37
81 25
81 18
81 57
81 30
81 7
82 56
82 48
82 21
82 62
82 23
83 2
83 35
83 37
83 72
83 10
83 75
83 45
83 80
83 53
83 58
83 59
83 31
84 33
84 34
84 67
84 69
84 38
84 39
84 40
84 73
84 71
84 77
84 49
84 19
84 87
84 61
85 19
85 33
85 34
85 67
85 39
85 64
85 73
85 77
85 14
85 47
85 83
85 78
85 24
85 79
85 60
85 61
86 2
86 35
86 37
86 72
86 10
86 75
86 53
86 58
86 59
86 31
87 69
87 38
87 71
87 40
87 77
87 45
87 80
87 49
87 58
87 61
87 37
88 2
88 35
88 37
88 72
88 10
88 75
88 53
88 58
88 59
88 31
