88
1 32
1 65
1 2
1 67
1 68
1 7
1 72
1 9
1 74
1 76
1 34
1 80
1 50
1 51
1 48
1 22
1 73
1 62
2 1
2 10
2 14
2 21
2 22
2 30
2 36
2 37
2 39
2 40
2 50
2 51
2 55
2 58
2 60
2 65
2 68
2 71
2 77
2 80
2 81
2 84
2 85
2 87
3 32
3 2
3 67
3 66
3 7
3 72
3 9
3 74
3 76
3 34
3 79
3 48
3 73
3 62
4 32
4 2
4 3
4 66
4 7
4 9
4 74
4 34
4 79
4 48
4 73
4 57
4 62
5 49
5 19
5 69
5 54
5 29
6 33
6 66
6 3
6 79
6 59
6 20
6 57
6 56
6 52
6 27
6 61
6 62
7 1
7 10
7 14
7 21
7 22
7 32
7 36
7 37
7 39
7 40
7 48
7 50
7 51
7 60
7 65
7 67
7 68
7 71
7 72
7 73
7 74
7 76
7 80
7 81
7 87
9 83
9 4
9 5
10 33
10 27
10 6
10 75
10 52
10 56
10 59
11 32
11 65
11 2
11 67
11 68
11 39
11 72
11 9
11 74
11 76
11 34
11 73
11 80
11 50
11 51
11 48
11 22
11 87
11 60
14 1
14 10
14 21
14 22
14 30
14 35
14 36
14 37
14 39
14 40
14 50
14 51
14 55
14 58
14 60
14 65
14 68
14 71
14 77
14 80
14 81
14 84
14 85
14 87
16 32
16 65
16 2
16 67
16 66
16 7
16 72
16 9
16 74
16 76
16 34
16 48
16 50
16 73
16 62
17 26
17 83
17 4
17 5
19 25
19 26
19 75
19 6
20 33
20 66
20 3
20 7
20 79
20 59
20 52
20 56
20 57
20 27
20 61
20 62
21 25
21 75
21 27
21 6
21 59
22 25
22 26
22 83
23 32
23 65
23 2
23 67
23 68
23 7
23 72
23 9
23 74
23 76
23 34
23 80
23 50
23 51
23 48
23 22
23 73
23 62
24 83
24 4
24 5
25 33
25 34
25 3
25 7
25 66
25 79
25 20
25 56
25 57
25 61
25 62
25 52
26 32
26 65
26 2
26 67
26 68
26 7
26 72
26 9
26 74
26 76
26 34
26 73
26 80
26 50
26 51
26 48
26 22
26 87
26 60
27 1
27 10
27 14
27 21
27 22
27 30
27 36
27 37
27 39
27 40
27 48
27 50
27 51
27 55
27 60
27 65
27 67
27 68
27 71
27 72
27 73
27 76
27 77
27 80
27 81
27 87
28 32
28 65
28 2
28 67
28 68
28 39
28 72
28 9
28 74
28 76
28 34
28 73
28 80
28 50
28 51
28 48
28 22
28 87
28 60
29 26
29 83
29 4
29 5
30 33
30 27
30 6
30 75
30 52
30 56
30 59
31 1
31 10
31 14
31 21
31 22
31 30
31 36
31 37
31 39
31 40
31 48
31 50
31 51
31 55
31 60
31 65
31 67
31 68
31 71
31 72
31 73
31 76
31 77
31 80
31 81
31 87
32 2
32 3
32 66
32 7
32 9
32 34
32 79
32 20
32 56
32 57
32 61
32 62
33 64
33 35
33 70
33 38
33 41
33 42
33 11
33 44
33 45
33 78
33 47
33 43
33 23
33 88
33 28
33 31
34 32
34 2
34 3
34 7
34 9
34 74
34 66
34 79
34 48
34 67
34 73
34 62
35 33
35 66
35 3
35 79
35 59
35 20
35 57
35 56
35 52
35 27
35 61
36 33
36 59
36 6
36 75
36 20
36 56
36 52
36 27
36 61
37 33
37 3
37 6
37 79
37 59
37 52
37 57
37 56
37 20
37 27
37 61
38 25
38 26
38 83
39 32
39 2
39 3
39 66
39 7
39 9
39 74
39 34
39 79
39 48
39 57
39 61
39 62
40 25
40 75
40 27
40 6
40 59
41 32
41 65
41 2
41 67
41 68
41 7
41 72
41 9
41 74
41 76
41 34
41 73
41 80
41 50
41 51
41 48
41 22
41 87
41 60
42 25
42 26
42 75
43 32
43 2
43 3
43 66
43 7
43 9
43 74
43 34
43 79
43 48
43 73
43 57
43 62
44 33
44 27
44 6
44 75
44 52
44 56
44 59
45 16
47 33
47 59
47 6
47 75
47 20
47 56
47 52
47 27
48 33
48 59
48 6
48 75
48 20
48 56
48 52
48 27
49 33
49 66
49 3
49 79
49 59
49 20
49 57
49 56
49 52
49 27
49 61
50 32
50 65
50 2
50 67
50 66
50 7
50 72
50 9
50 74
50 76
50 34
50 48
50 73
50 62
51 32
51 65
51 2
51 67
51 66
51 7
51 72
51 9
51 74
51 76
51 34
51 48
51 50
51 73
51 62
52 2
52 3
52 66
52 7
52 9
52 34
52 79
52 20
52 57
52 61
52 62
53 16
54 83
54 4
54 5
55 33
55 66
55 3
55 79
55 59
55 20
55 57
55 56
55 52
55 27
55 61
55 62
56 33
56 3
56 6
56 75
56 79
56 59
56 52
56 57
56 20
56 27
56 61
57 66
57 65
57 2
57 67
57 68
57 32
57 7
57 72
57 9
57 74
57 76
57 34
57 80
57 50
57 51
57 48
57 22
57 73
57 62
58 83
58 4
58 5
59 2
59 3
59 66
59 7
59 9
59 34
59 79
59 20
59 57
59 61
59 62
60 32
60 65
60 2
60 67
60 68
60 7
60 72
60 9
60 74
60 76
60 34
60 73
60 80
60 50
60 51
60 48
60 22
60 87
61 25
61 26
61 75
61 6
62 32
62 65
62 2
62 3
62 66
62 7
62 72
62 9
62 74
62 76
62 34
62 48
62 50
62 67
62 73
63 25
63 26
63 83
63 4
64 25
64 26
64 75
64 6
65 25
65 26
65 75
66 25
66 75
66 27
66 6
66 59
67 1
67 10
67 14
67 21
67 22
67 36
67 37
67 39
67 40
67 48
67 50
67 51
67 60
67 65
67 68
67 71
67 72
67 73
67 76
67 77
67 80
67 81
67 87
68 1
68 10
68 14
68 21
68 22
68 30
68 36
68 37
68 39
68 40
68 48
68 50
68 51
68 55
68 60
68 65
68 67
68 71
68 72
68 73
68 76
68 77
68 80
68 81
68 84
68 87
69 32
69 65
69 2
69 67
69 68
69 81
69 39
69 40
69 9
69 74
69 76
69 73
69 80
69 72
69 50
69 51
69 48
69 22
69 87
69 60
70 16
70 5
71 83
71 4
71 5
72 16
73 26
73 83
73 4
73 5
74 26
74 83
74 4
74 5
75 24
75 17
75 53
75 63
76 64
76 43
76 44
76 53
76 24
76 63
77 33
77 59
77 6
77 75
77 20
77 56
77 52
77 27
77 61
78 33
78 66
78 3
78 79
78 59
78 20
78 57
78 56
78 52
78 27
78 61
78 62
79 32
79 65
79 2
79 67
79 68
79 7
79 72
79 9
79 74
79 76
79 34
79 48
79 50
79 66
79 73
79 62
80 32
80 2
80 3
80 66
80 7
80 72
80 9
80 74
80 76
80 34
80 79
80 48
80 67
80 73
80 62
83 1
83 10
83 14
83 21
83 22
83 30
83 36
83 37
83 39
83 40
83 48
83 50
83 51
83 55
83 60
83 65
83 67
83 68
83 71
83 72
83 73
83 76
83 77
83 80
83 81
83 87
84 32
84 65
84 2
84 67
84 66
84 7
84 72
84 9
84 74
84 76
84 34
84 48
84 50
84 73
84 62
85 16
86 25
86 26
86 83
86 4
87 66
87 65
87 2
87 67
87 68
87 32
87 7
87 72
87 9
87 74
87 76
87 34
87 80
87 50
87 51
87 48
87 73
87 62
88 32
88 2
88 3
88 66
88 7
88 72
88 9
88 74
88 76
88 34
88 79
88 48
88 67
88 73
88 62
