88
1 32
1 48
1 13
1 16
1 17
1 50
1 22
1 23
2 83
2 35
2 72
2 9
2 43
2 77
2 82
2 67
2 53
2 41
2 24
2 87
2 75
2 61
3 68
3 69
3 38
3 31
3 10
3 45
3 49
3 52
3 59
3 42
3 30
3 63
4 8
4 12
5 83
5 35
5 72
5 41
5 43
5 77
5 24
5 75
5 67
5 53
5 87
5 88
5 61
8 33
8 2
8 59
8 37
8 7
8 31
8 10
8 39
8 44
8 34
8 14
8 49
8 84
8 78
8 46
8 20
8 63
8 69
8 21
9 33
9 2
9 35
9 7
9 41
9 39
9 34
9 14
9 77
9 43
9 75
9 83
9 84
9 46
9 87
9 24
9 20
9 88
10 83
10 35
10 72
10 41
10 43
10 77
10 24
10 82
10 67
10 53
10 87
10 88
10 75
10 61
11 64
11 3
11 68
11 38
11 6
11 42
11 45
11 18
11 52
11 29
12 66
12 5
12 71
12 40
12 73
12 74
12 11
12 47
12 19
12 85
12 86
12 55
12 57
12 26
12 27
12 28
13 33
13 83
13 35
13 7
13 72
13 41
13 43
13 77
13 24
13 75
13 67
13 84
13 53
13 87
13 88
13 61
14 3
14 37
14 31
14 10
14 44
14 78
14 49
14 30
14 52
14 21
14 59
14 69
14 63
16 4
17 32
17 16
17 36
17 13
17 79
17 48
17 50
18 1
18 66
18 40
18 9
18 74
18 11
18 47
18 80
18 72
18 82
18 85
18 54
18 25
18 56
18 57
18 58
18 61
19 8
19 12
19 22
19 23
20 37
20 39
20 31
20 10
20 44
20 78
20 49
20 30
20 52
20 21
20 59
20 69
20 63
21 8
21 12
21 22
21 23
22 33
22 2
22 35
22 7
22 41
22 39
22 34
22 14
22 77
22 43
22 75
22 83
22 84
22 46
22 24
22 87
22 88
25 32
25 16
25 36
25 70
25 15
25 48
25 17
25 50
25 79
26 32
26 48
26 36
26 70
26 13
26 15
26 16
26 17
26 50
26 79
27 64
27 68
27 70
27 6
27 45
27 15
27 18
27 36
27 79
27 29
28 32
28 48
28 13
28 16
28 17
28 50
28 22
28 23
29 83
29 35
29 72
29 41
29 43
29 77
29 24
29 75
29 67
29 53
29 87
29 88
29 61
30 83
30 35
30 72
30 41
30 43
30 77
30 24
30 82
30 67
30 53
30 87
30 88
30 75
30 61
31 3
31 69
31 38
31 10
31 44
31 78
31 49
31 52
31 21
31 59
31 42
31 30
31 63
32 64
32 68
32 70
32 6
32 45
32 15
32 18
32 36
32 79
32 29
33 32
33 36
33 70
33 79
33 16
33 18
33 15
33 29
34 3
34 68
34 69
34 38
34 31
34 10
34 45
34 49
34 52
34 59
34 42
34 30
34 63
35 64
35 68
35 70
35 6
35 45
35 15
35 18
35 36
35 79
35 29
36 64
36 3
36 68
36 70
36 6
36 42
36 45
36 15
36 18
36 38
36 29
37 64
37 3
37 68
37 38
37 6
37 42
37 45
37 18
37 52
37 29
38 33
38 2
38 43
38 37
38 7
38 41
38 39
38 34
38 14
38 77
38 24
38 75
38 83
38 84
38 46
38 88
38 20
39 37
39 31
39 10
39 44
39 78
39 49
39 30
39 52
39 21
39 20
39 59
39 69
39 63
40 64
40 3
40 68
40 69
40 38
40 10
40 45
40 29
40 49
40 52
40 6
40 42
40 30
40 63
41 1
41 66
41 86
41 40
41 9
41 74
41 11
41 73
41 47
41 80
41 82
41 85
41 54
41 25
41 56
41 57
41 58
41 61
42 33
42 2
42 35
42 7
42 41
42 43
42 34
42 14
42 77
42 24
42 75
42 83
42 84
42 46
42 87
42 88
43 33
43 2
43 75
43 37
43 7
43 41
43 39
43 34
43 14
43 77
43 24
43 83
43 84
43 46
43 88
43 20
43 21
44 33
44 83
44 35
44 7
44 72
44 41
44 43
44 77
44 24
44 75
44 67
44 84
44 53
44 87
44 88
44 61
45 1
45 66
45 35
45 72
45 9
45 11
45 47
45 80
45 82
45 67
45 53
45 54
45 87
45 56
45 25
45 58
45 61
46 33
46 2
46 43
46 37
46 7
46 39
46 44
46 34
46 14
46 83
46 84
46 78
46 88
46 20
46 21
47 32
47 36
47 70
47 79
47 16
47 18
47 15
48 37
48 39
48 31
48 10
48 44
48 78
48 49
48 30
48 52
48 21
48 20
48 59
48 69
48 63
49 8
49 12
50 64
50 68
50 70
50 6
50 45
50 15
50 18
50 36
50 79
50 29
51 33
51 2
51 37
51 7
51 31
51 10
51 39
51 44
51 34
51 14
51 49
51 84
51 78
51 46
51 20
51 59
51 69
51 21
52 33
52 2
52 43
52 37
52 7
52 39
52 44
52 34
52 14
52 77
52 88
52 83
52 84
52 78
52 46
52 20
52 21
53 8
53 12
54 12
55 51
55 4
56 64
56 68
56 70
56 6
56 45
56 79
56 18
56 15
56 29
57 33
57 2
57 35
57 7
57 41
57 39
57 34
57 14
57 77
57 43
57 75
57 83
57 84
57 46
57 87
57 24
57 20
57 88
58 8
58 12
58 13
58 17
58 50
58 22
58 23
59 83
59 35
59 72
59 9
59 43
59 77
59 82
59 67
59 53
59 41
59 24
59 87
59 75
59 61
60 8
60 12
60 22
60 23
61 64
61 3
61 68
61 69
61 6
61 38
61 10
61 45
61 29
61 49
61 52
61 31
61 42
61 30
61 63
62 32
62 48
62 13
62 16
62 17
62 50
62 22
62 23
63 32
63 16
63 13
63 48
63 17
63 50
64 33
64 2
64 43
64 37
64 7
64 39
64 44
64 34
64 14
64 88
64 84
64 78
64 46
64 20
64 59
64 21
65 32
65 16
65 36
65 13
65 79
65 48
65 17
65 50
66 8
66 13
66 48
66 17
66 50
66 22
66 23
67 34
67 59
67 37
67 39
67 31
67 10
67 46
67 44
67 14
67 49
67 30
67 20
67 78
67 52
67 63
67 69
67 21
68 1
68 83
68 35
68 72
68 9
68 75
68 77
68 24
68 82
68 67
68 53
68 54
68 41
68 56
68 87
68 61
69 8
69 12
69 13
69 22
69 23
70 33
70 2
70 35
70 7
70 41
70 39
70 34
70 14
70 77
70 43
70 75
70 83
70 84
70 46
70 24
70 87
70 88
71 64
71 3
71 68
71 69
71 6
71 38
71 10
71 45
71 29
71 49
71 52
71 31
71 42
71 30
71 63
72 32
72 36
72 70
72 79
72 16
72 18
72 15
72 29
73 32
73 48
73 13
73 16
73 17
73 50
73 22
73 23
74 8
74 12
74 13
74 17
74 50
74 22
74 23
75 64
75 3
75 68
75 69
75 38
75 10
75 45
75 29
75 49
75 52
75 6
75 42
75 30
75 63
76 32
76 36
76 70
76 79
76 16
76 18
76 15
77 8
77 13
77 48
77 17
77 50
77 22
77 23
78 8
78 12
78 22
78 23
79 32
79 16
79 36
79 70
79 15
79 48
79 18
80 8
80 12
80 22
80 23
81 32
81 16
81 36
81 13
81 79
81 48
81 17
81 50
82 83
82 67
82 72
82 9
82 43
82 77
82 75
82 35
82 53
82 41
82 24
82 87
82 61
83 64
83 68
83 70
83 6
83 45
83 15
83 18
83 36
83 79
83 29
84 32
84 48
84 13
84 16
84 17
84 50
84 22
84 23
86 8
86 12
86 22
86 23
87 32
87 16
87 13
87 48
87 17
87 50
88 64
88 68
88 70
88 6
88 45
88 15
88 18
88 36
88 79
88 29
