88
1 34
1 67
1 70
1 49
1 9
1 10
1 45
1 14
1 81
1 51
1 22
1 73
1 59
1 74
1 31
2 4
2 5
2 72
2 42
2 50
2 15
2 82
2 20
3 18
3 38
4 2
4 68
4 71
4 76
4 11
4 44
4 13
4 46
4 79
4 80
4 29
4 19
4 78
4 87
4 23
4 58
4 26
4 53
5 34
5 67
5 70
5 49
5 9
5 10
5 45
5 14
5 81
5 51
5 22
5 73
5 59
5 74
5 31
6 34
6 67
6 70
6 49
6 40
6 9
6 10
6 45
6 14
6 81
6 51
6 22
6 73
6 59
6 74
6 31
7 33
7 38
8 32
8 66
8 3
8 36
8 37
8 47
8 48
8 25
8 28
8 69
9 19
9 1
9 75
9 6
9 7
9 64
9 11
9 76
9 77
9 13
9 88
9 83
9 21
9 54
9 87
9 23
9 58
9 79
9 29
9 63
10 34
10 67
10 70
10 49
10 40
10 9
10 74
10 45
10 14
10 81
10 51
10 22
10 73
10 59
10 31
11 2
11 76
11 23
11 44
11 13
11 46
11 79
11 29
11 19
11 78
11 87
11 58
11 53
11 26
11 21
12 2
12 68
12 71
12 41
12 11
12 44
12 13
12 46
12 79
12 80
12 76
12 29
12 19
12 78
12 87
12 23
12 58
12 26
12 53
13 8
13 35
13 27
13 37
14 2
14 68
14 71
14 41
14 11
14 44
14 13
14 12
14 79
14 80
14 76
14 26
14 19
14 46
14 87
14 23
14 58
14 29
14 78
14 53
15 4
15 5
15 72
15 42
15 82
15 50
15 20
15 57
16 43
16 60
16 85
16 62
17 43
18 64
18 1
18 34
18 7
18 40
18 9
18 10
18 45
18 14
18 81
18 51
18 22
18 73
18 59
18 74
18 31
19 34
19 67
19 40
19 9
19 10
19 45
19 14
19 81
19 51
19 22
19 73
19 59
19 74
19 31
20 19
20 2
20 75
20 6
20 11
20 76
20 77
20 78
20 13
20 88
20 29
20 83
20 21
20 54
20 87
20 23
20 58
20 79
20 26
20 63
21 64
21 1
21 34
21 7
21 40
21 9
21 10
21 45
21 14
21 77
21 81
21 51
21 22
21 31
21 74
21 63
22 4
22 5
22 15
22 82
22 20
22 24
23 34
23 67
23 70
23 49
23 9
23 10
23 45
23 14
23 81
23 51
23 73
23 56
23 59
23 74
24 34
24 67
24 70
24 72
24 9
24 42
24 49
24 50
24 73
24 56
24 57
24 59
24 74
25 5
25 72
25 42
25 82
25 15
25 50
25 20
25 56
25 57
26 24
26 4
26 18
26 20
26 5
27 43
27 60
27 85
27 62
27 39
28 24
28 18
28 4
28 5
29 32
29 36
29 71
29 41
29 12
29 46
29 47
29 80
29 78
29 68
29 26
29 28
29 44
29 53
30 16
30 84
31 64
31 1
31 54
31 7
31 40
31 9
31 10
31 45
31 14
31 77
31 81
31 51
31 22
31 88
31 63
32 34
32 67
32 70
32 49
32 9
32 10
32 45
32 14
32 81
32 51
32 22
32 73
32 56
32 59
32 74
32 31
33 64
33 1
33 54
33 6
33 7
33 40
33 75
33 77
33 45
33 81
33 83
33 21
33 22
33 88
33 31
33 63
34 64
34 1
34 54
34 6
34 7
34 40
34 75
34 77
34 45
34 83
34 21
34 22
34 88
34 31
34 63
35 24
35 18
35 38
36 4
36 5
36 72
36 42
36 50
36 15
36 82
36 20
36 57
37 33
37 38
38 34
38 67
38 70
38 72
38 9
38 42
38 49
38 50
38 73
38 56
38 57
38 59
38 74
39 34
39 67
39 70
39 72
39 9
39 42
39 49
39 50
39 73
39 56
39 57
39 59
39 74
40 70
40 72
40 42
40 50
40 15
40 49
40 82
40 56
40 57
41 72
41 42
41 50
41 15
41 82
41 20
41 56
41 57
42 67
42 70
42 72
42 73
42 74
42 49
42 50
42 56
42 57
42 59
43 19
43 1
43 75
43 6
43 7
43 40
43 64
43 11
43 76
43 77
43 79
43 83
43 21
43 54
43 87
43 88
43 63
44 64
44 1
44 54
44 6
44 7
44 40
44 10
44 75
44 45
44 14
44 77
44 81
44 83
44 22
44 88
44 31
44 51
44 63
45 34
45 67
45 70
45 49
45 40
45 9
45 10
45 14
45 81
45 51
45 22
45 73
45 59
45 74
45 31
46 4
46 5
46 72
46 50
46 15
46 82
46 20
47 4
47 5
47 72
47 42
47 50
47 15
47 82
47 20
48 24
48 18
48 4
49 70
49 72
49 42
49 50
49 15
49 82
49 56
49 57
50 34
50 67
50 70
50 49
50 40
50 9
50 10
50 45
50 14
50 81
50 51
50 22
50 73
50 59
50 74
50 31
51 2
51 68
51 71
51 41
51 11
51 44
51 13
51 12
51 79
51 80
51 76
51 26
51 19
51 46
51 87
51 23
51 58
51 29
51 78
51 53
52 4
52 5
52 15
52 82
52 20
52 24
53 5
53 72
53 42
53 82
53 15
53 50
53 20
53 56
53 57
54 64
54 1
54 6
54 7
54 40
54 75
54 77
54 45
54 81
54 83
54 21
54 22
54 88
54 31
54 63
55 33
56 4
56 5
56 72
56 42
56 50
56 15
56 82
56 20
57 33
57 38
58 64
58 1
58 54
58 51
58 7
58 40
58 10
58 75
58 45
58 14
58 77
58 81
58 83
58 22
58 88
58 31
58 63
59 32
59 36
59 69
59 71
59 41
59 12
59 46
59 47
59 80
59 53
59 68
59 28
59 44
60 64
60 1
60 6
60 7
60 40
60 75
60 77
60 83
60 21
60 54
60 88
60 31
60 63
61 24
61 18
61 38
62 67
62 70
62 72
62 73
62 42
62 49
62 50
62 56
62 57
62 59
63 32
63 66
63 3
63 36
63 69
63 41
63 12
63 47
63 48
63 25
63 28
64 24
64 18
64 38
65 33
66 64
66 1
66 6
66 7
66 40
66 75
66 77
66 83
66 21
66 54
66 88
66 63
67 4
67 5
67 72
67 42
67 50
67 15
67 82
67 20
67 57
68 4
68 5
68 72
68 42
68 50
68 15
68 82
68 20
68 57
69 33
69 18
69 38
70 33
71 24
71 4
71 18
71 20
71 5
72 5
72 42
72 82
72 15
72 50
72 20
72 56
72 57
73 34
73 67
73 70
73 72
73 9
73 42
73 49
73 50
73 56
73 57
73 59
73 74
74 34
74 67
74 70
74 49
74 9
74 10
74 14
74 81
74 51
74 73
74 56
74 57
74 59
75 19
75 2
75 6
75 11
75 76
75 77
75 78
75 13
75 88
75 29
75 83
75 21
75 54
75 87
75 23
75 58
75 79
75 26
76 19
76 1
76 75
76 6
76 7
76 64
76 11
76 77
76 79
76 83
76 21
76 54
76 87
76 88
76 29
76 63
77 70
77 72
77 42
77 50
77 15
77 49
77 82
77 56
77 57
78 4
78 5
78 18
78 15
78 82
78 20
78 24
79 64
79 1
79 54
79 6
79 7
79 40
79 75
79 77
79 45
79 83
79 21
79 22
79 88
79 31
79 63
80 4
80 5
80 72
80 15
80 82
80 20
81 4
81 5
81 72
81 42
81 50
81 15
81 82
81 20
81 57
82 24
82 18
82 38
83 34
83 67
83 70
83 49
83 9
83 10
83 45
83 14
83 81
83 51
83 22
83 73
83 56
83 59
83 74
84 43
84 62
86 32
86 66
86 3
86 36
86 69
86 41
86 12
86 47
86 48
86 25
86 28
87 24
87 18
87 38
88 67
88 70
88 72
88 73
88 42
88 49
88 50
88 56
88 57
88 59
88 74
