88
1 32
1 73
1 10
1 14
1 47
1 48
1 81
1 82
1 21
1 86
1 88
1 57
1 79
1 31
2 6
2 44
2 49
2 18
2 84
2 85
3 75
3 36
3 71
3 40
3 42
3 11
3 76
3 24
3 52
3 54
3 56
3 26
3 74
4 49
4 18
4 44
5 32
5 59
5 72
5 73
5 10
5 29
5 78
5 15
5 48
5 82
5 79
5 14
5 86
5 87
5 88
5 57
5 47
5 28
5 61
5 31
6 64
6 2
6 19
7 75
7 36
7 71
7 11
7 76
7 56
7 54
7 24
7 26
8 50
8 66
8 4
8 5
9 15
9 23
9 25
9 28
9 29
9 32
9 33
9 34
9 35
9 38
9 41
9 51
9 53
9 55
9 58
9 59
9 60
9 61
9 62
9 72
9 77
9 78
9 80
9 87
10 66
10 4
10 5
10 71
10 56
10 50
10 54
10 24
11 65
11 37
11 39
11 9
11 10
11 43
11 14
11 47
11 81
11 82
11 21
11 57
11 79
12 64
12 2
12 19
13 19
14 65
14 37
14 39
14 9
14 43
14 44
14 49
15 34
15 75
15 36
15 71
15 40
15 42
15 11
15 76
15 52
15 54
15 56
15 26
15 74
15 62
17 15
17 23
17 25
17 28
17 29
17 32
17 33
17 34
17 35
17 38
17 41
17 51
17 53
17 55
17 58
17 59
17 60
17 61
17 62
17 72
17 77
17 78
17 80
17 87
18 17
19 30
19 20
19 70
19 22
20 11
20 23
20 25
20 33
20 34
20 35
20 36
20 38
20 40
20 41
20 42
20 51
20 52
20 53
20 55
20 58
20 60
20 62
20 72
20 74
20 75
20 76
20 77
20 80
21 65
21 37
21 39
21 9
21 10
21 43
21 14
21 47
21 81
21 82
21 57
21 79
22 3
22 6
22 7
22 45
22 84
22 85
23 8
23 12
23 69
24 49
24 18
24 44
25 15
25 23
25 28
25 29
25 32
25 33
25 34
25 35
25 38
25 41
25 51
25 53
25 55
25 58
25 59
25 60
25 61
25 62
25 72
25 77
25 78
25 80
25 87
27 3
27 70
27 7
27 45
27 20
27 22
27 30
28 3
28 7
28 45
28 84
28 22
28 20
29 70
29 30
30 69
31 32
31 59
31 73
31 10
31 14
31 47
31 48
31 81
31 82
31 21
31 86
31 88
31 57
31 79
32 65
32 37
32 39
32 9
32 43
32 44
32 81
32 21
32 49
33 3
33 7
33 45
33 84
33 22
33 20
34 70
34 30
35 65
35 37
35 39
35 9
35 10
35 43
35 14
35 47
35 48
35 81
35 82
35 21
35 86
35 73
35 88
35 57
35 79
35 31
36 49
36 18
36 44
37 11
37 23
37 25
37 33
37 34
37 35
37 36
37 38
37 40
37 41
37 42
37 51
37 52
37 53
37 55
37 58
37 60
37 62
37 72
37 74
37 75
37 76
37 77
37 80
38 18
38 84
38 85
38 6
39 32
39 59
39 47
39 73
39 10
39 14
39 15
39 48
39 81
39 82
39 21
39 86
39 88
39 57
39 79
39 28
39 61
39 31
40 15
40 28
40 29
40 31
40 32
40 33
40 38
40 48
40 51
40 53
40 55
40 59
40 61
40 72
40 73
40 78
40 79
40 80
40 82
40 86
40 87
40 88
41 65
41 37
41 39
41 9
41 43
41 44
41 49
42 65
42 37
42 39
42 9
42 43
42 44
42 49
43 11
43 23
43 25
43 29
43 33
43 34
43 35
43 36
43 38
43 40
43 41
43 42
43 51
43 52
43 53
43 55
43 58
43 60
43 62
43 72
43 74
43 75
43 76
43 77
43 80
44 75
44 36
44 71
44 40
44 42
44 11
44 76
44 24
44 52
44 54
44 56
44 26
44 74
45 75
45 36
45 71
45 11
45 76
45 56
45 54
45 24
45 26
47 65
47 37
47 39
47 9
47 10
47 43
47 14
47 79
47 48
47 81
47 82
47 21
47 86
47 73
47 88
47 57
47 31
48 65
48 37
48 39
48 9
48 10
48 43
48 14
48 47
48 81
48 82
48 21
48 86
48 73
48 88
48 57
48 79
48 31
49 9
49 43
49 44
49 39
49 65
51 30
51 20
51 70
51 22
52 18
52 84
52 85
52 6
53 32
53 59
53 73
53 10
53 29
53 14
53 15
53 48
53 82
53 79
53 78
53 86
53 87
53 88
53 57
53 47
53 28
53 61
53 31
54 49
54 44
54 65
55 75
55 36
55 71
55 11
55 76
55 24
55 50
55 54
55 56
55 26
56 15
56 28
56 29
56 31
56 32
56 33
56 38
56 48
56 51
56 53
56 55
56 59
56 61
56 72
56 73
56 78
56 79
56 80
56 82
56 86
56 87
56 88
57 65
57 37
57 39
57 9
57 10
57 43
57 14
57 47
57 81
57 82
57 21
57 79
58 49
58 44
58 65
59 65
59 37
59 39
59 9
59 10
59 43
59 44
59 47
59 81
59 21
59 57
59 49
60 65
60 37
60 39
60 9
60 10
60 43
60 44
60 47
60 81
60 21
60 57
61 15
61 23
61 25
61 28
61 29
61 32
61 33
61 34
61 35
61 38
61 41
61 51
61 53
61 55
61 58
61 59
61 60
61 62
61 72
61 77
61 78
61 80
61 87
62 3
62 6
62 7
62 45
62 84
62 85
63 3
63 6
63 7
63 45
63 18
63 84
63 85
64 15
64 28
64 29
64 31
64 32
64 33
64 38
64 48
64 51
64 53
64 55
64 59
64 61
64 72
64 73
64 78
64 79
64 80
64 82
64 86
64 87
64 88
65 32
65 33
65 59
65 72
65 73
65 55
65 29
65 78
65 15
65 48
65 82
65 14
65 86
65 87
65 88
65 57
65 79
65 28
65 61
65 31
66 83
66 13
67 30
67 3
67 20
67 70
67 22
68 12
68 69
69 32
69 33
69 59
69 31
69 72
69 73
69 55
69 29
69 78
69 15
69 48
69 82
69 14
69 86
69 87
69 88
69 57
69 79
69 28
69 61
69 53
70 1
70 66
70 67
70 5
70 27
70 63
71 18
71 84
71 85
71 6
71 45
72 3
72 7
72 45
72 84
72 22
72 20
73 49
73 18
73 44
74 3
74 6
74 7
74 45
74 20
74 85
74 22
74 84
75 65
75 37
75 39
75 9
75 43
75 44
75 49
76 3
76 70
76 7
76 45
76 20
76 22
76 30
77 65
77 37
77 39
77 9
77 43
77 44
77 49
78 32
78 33
78 59
78 38
78 48
78 72
78 73
78 55
78 29
78 15
78 80
78 51
78 53
78 86
78 87
78 88
78 79
78 28
78 61
78 31
79 15
79 23
79 25
79 28
79 29
79 32
79 33
79 34
79 35
79 38
79 41
79 51
79 53
79 55
79 58
79 59
79 60
79 61
79 62
79 72
79 77
79 78
79 80
79 87
80 70
80 30
81 65
81 37
81 39
81 9
81 10
81 43
81 44
81 49
81 21
82 49
82 18
82 44
83 50
83 66
83 4
83 5
84 15
84 23
84 25
84 28
84 29
84 32
84 33
84 34
84 35
84 38
84 41
84 51
84 53
84 55
84 58
84 59
84 60
84 61
84 62
84 72
84 77
84 78
84 80
84 87
85 1
85 67
85 27
85 63
86 15
86 23
86 25
86 28
86 29
86 31
86 32
86 33
86 38
86 48
86 51
86 53
86 55
86 58
86 59
86 61
86 72
86 73
86 78
86 80
86 87
86 88
87 66
87 4
87 5
87 71
87 56
87 50
87 54
87 24
88 15
88 23
88 25
88 28
88 29
88 31
88 32
88 33
88 34
88 35
88 38
88 41
88 51
88 53
88 55
88 58
88 59
88 60
88 61
88 62
88 72
88 77
88 78
88 80
88 87
