88
1 5
1 7
1 11
1 21
1 22
1 23
1 24
1 27
1 28
1 29
1 32
1 34
1 37
1 38
1 45
1 50
1 53
1 57
1 64
1 68
1 73
1 75
1 77
1 79
1 80
1 87
2 33
2 3
2 69
2 65
2 39
2 9
2 10
2 23
2 14
2 81
2 19
2 56
2 22
2 87
2 88
2 57
2 54
2 28
2 61
2 31
3 40
3 44
3 49
3 18
3 8
3 60
5 12
6 40
6 49
6 44
6 8
6 60
7 40
7 44
7 49
7 18
7 8
7 60
8 33
8 69
8 65
8 39
8 10
8 44
8 46
8 81
8 18
8 19
8 54
8 56
8 49
8 60
8 62
8 31
9 1
9 6
9 7
9 21
9 24
9 25
9 27
9 29
9 32
9 35
9 38
9 43
9 45
9 47
9 50
9 53
9 55
9 58
9 64
9 68
9 72
9 74
9 76
9 78
9 83
10 33
10 69
10 65
10 39
10 8
10 44
10 46
10 81
10 18
10 19
10 54
10 56
10 49
10 60
10 62
10 31
11 33
11 69
11 65
11 39
11 8
11 10
11 46
11 81
11 18
11 19
11 54
11 56
11 49
11 60
11 62
11 31
12 33
12 49
12 65
12 40
12 44
12 46
12 8
12 81
12 18
12 19
12 54
12 60
12 62
13 2
13 67
13 4
13 71
13 41
13 42
13 66
13 52
13 20
13 26
13 59
13 63
14 3
14 9
14 10
14 11
14 19
14 22
14 23
14 28
14 31
14 33
14 34
14 37
14 39
14 56
14 57
14 61
14 65
14 69
14 75
14 77
14 79
14 80
14 87
14 88
18 33
18 3
18 69
18 65
18 39
18 9
18 10
18 23
18 14
18 81
18 19
18 56
18 46
18 54
18 87
18 88
18 57
18 28
18 61
18 31
19 3
19 5
19 9
19 11
19 14
19 21
19 22
19 23
19 28
19 29
19 32
19 34
19 37
19 45
19 57
19 61
19 64
19 73
19 75
19 77
19 79
19 80
19 87
19 88
21 16
21 13
22 33
22 3
22 69
22 65
22 39
22 9
22 10
22 23
22 14
22 81
22 19
22 56
22 46
22 54
22 87
22 88
22 57
22 28
22 61
22 31
23 3
23 5
23 9
23 11
23 14
23 21
23 22
23 28
23 29
23 32
23 34
23 37
23 45
23 57
23 61
23 64
23 73
23 75
23 77
23 79
23 80
23 87
23 88
24 3
24 9
24 10
24 14
24 19
24 22
24 23
24 28
24 31
24 33
24 34
24 37
24 39
24 56
24 57
24 61
24 65
24 69
24 77
24 81
24 87
24 88
27 33
27 3
27 69
27 65
27 39
27 9
27 10
27 14
27 81
27 19
27 46
27 54
27 56
27 88
27 62
27 31
28 33
28 3
28 69
28 65
28 39
28 9
28 10
28 23
28 14
28 81
28 19
28 56
28 46
28 22
28 87
28 88
28 57
28 54
28 61
28 31
29 3
29 5
29 9
29 10
29 11
29 14
29 22
29 23
29 28
29 31
29 34
29 37
29 39
29 56
29 57
29 61
29 69
29 73
29 75
29 77
29 79
29 80
29 87
29 88
30 84
30 66
30 35
30 4
30 25
30 6
30 71
30 41
30 74
30 43
30 76
30 48
30 67
30 52
30 55
30 83
30 20
30 26
30 59
30 63
31 1
31 5
31 7
31 11
31 21
31 22
31 24
31 27
31 29
31 32
31 34
31 37
31 38
31 45
31 47
31 50
31 53
31 58
31 64
31 68
31 73
31 75
31 77
31 78
31 79
31 80
32 33
32 69
32 65
32 39
32 9
32 10
32 46
32 81
32 18
32 19
32 54
32 56
32 49
32 62
32 31
35 33
35 3
35 69
35 65
35 39
35 9
35 10
35 14
35 81
35 19
35 46
35 54
35 56
35 88
35 61
35 62
35 31
36 40
36 44
36 46
36 8
36 49
36 18
36 54
36 60
36 62
37 12
37 85
38 40
38 49
38 44
38 8
38 60
39 40
39 44
39 49
39 18
39 8
39 60
40 33
40 69
40 65
40 39
40 8
40 10
40 44
40 46
40 81
40 18
40 19
40 54
40 56
40 49
40 60
40 62
40 31
41 12
42 3
42 5
42 9
42 11
42 14
42 21
42 22
42 23
42 28
42 32
42 34
42 37
42 45
42 57
42 61
42 64
42 73
42 75
42 77
42 79
42 80
42 87
42 88
43 33
43 49
43 65
43 40
43 44
43 46
43 8
43 81
43 18
43 19
43 54
43 60
43 62
44 3
44 9
44 10
44 11
44 14
44 19
44 22
44 23
44 28
44 31
44 33
44 34
44 37
44 39
44 56
44 57
44 61
44 65
44 69
44 75
44 77
44 79
44 80
44 81
44 87
44 88
45 40
46 33
46 3
46 69
46 65
46 39
46 9
46 10
46 23
46 14
46 81
46 19
46 56
46 22
46 87
46 88
46 57
46 54
46 28
46 61
46 31
47 33
47 3
47 69
47 65
47 39
47 9
47 10
47 46
47 81
47 18
47 19
47 54
47 56
47 62
47 31
48 33
48 3
48 69
48 65
48 39
48 9
48 10
48 46
48 81
48 18
48 19
48 54
48 56
48 62
48 31
49 2
49 67
49 4
49 71
49 41
49 42
49 43
49 66
49 48
49 83
49 52
49 84
49 26
49 59
49 20
49 63
50 1
50 6
50 7
50 24
50 25
50 26
50 27
50 29
50 35
50 38
50 43
50 45
50 47
50 48
50 53
50 55
50 58
50 68
50 72
50 74
50 76
50 78
50 83
50 84
51 16
52 33
52 69
52 65
52 39
52 8
52 10
52 44
52 46
52 81
52 18
52 19
52 54
52 56
52 49
52 60
52 62
52 31
54 16
55 16
56 1
56 5
56 7
56 21
56 24
56 25
56 27
56 29
56 32
56 35
56 38
56 45
56 47
56 50
56 53
56 55
56 58
56 64
56 68
56 72
56 73
56 74
56 75
56 76
56 78
57 40
57 44
57 49
57 18
57 8
57 60
57 62
58 12
59 85
59 13
60 65
60 81
60 40
60 44
60 46
60 8
60 49
60 18
60 54
60 62
61 85
61 13
62 40
62 44
62 46
62 8
62 49
62 18
62 54
62 60
63 16
63 13
64 65
64 81
64 40
64 44
64 46
64 8
64 49
64 18
64 54
64 60
64 62
65 40
65 44
67 16
68 12
68 85
68 13
69 3
69 9
69 10
69 11
69 14
69 19
69 22
69 23
69 28
69 31
69 33
69 34
69 37
69 39
69 56
69 57
69 61
69 65
69 75
69 77
69 79
69 80
69 81
69 87
69 88
72 16
73 85
73 13
74 16
74 13
75 16
77 33
77 3
77 69
77 65
77 39
77 9
77 10
77 46
77 81
77 18
77 19
77 54
77 56
77 88
77 62
77 31
78 33
78 3
78 69
78 65
78 39
78 9
78 10
78 23
78 14
78 81
78 19
78 56
78 46
78 54
78 87
78 88
78 57
78 28
78 61
78 31
80 12
80 85
81 40
81 44
81 46
81 49
81 18
81 8
81 60
81 62
82 40
82 49
82 44
82 8
82 60
83 1
83 5
83 7
83 11
83 21
83 24
83 25
83 27
83 29
83 32
83 34
83 37
83 38
83 45
83 47
83 50
83 53
83 58
83 64
83 68
83 72
83 73
83 74
83 75
83 76
83 77
83 78
83 79
83 80
84 12
85 40
86 33
86 3
86 69
86 65
86 39
86 9
86 10
86 46
86 81
86 18
86 19
86 54
86 56
86 62
86 31
87 33
87 3
87 69
87 65
87 39
87 9
87 10
87 46
87 81
87 18
87 19
87 54
87 56
87 62
87 31
88 33
88 3
88 69
88 65
88 39
88 9
88 10
88 46
88 81
88 18
88 19
88 54
88 56
88 62
88 31
