88
1 69
1 70
1 40
1 12
1 81
1 52
1 85
1 23
1 56
1 60
2 1
2 8
2 41
2 76
2 47
2 49
2 50
2 54
2 26
2 62
2 63
3 54
3 8
3 76
3 14
3 47
3 50
3 21
3 22
3 57
3 62
3 63
4 2
4 5
4 70
4 13
4 82
4 56
4 60
5 1
5 34
5 75
5 6
5 17
5 11
5 66
5 49
5 18
5 43
6 2
6 70
6 40
6 81
6 85
6 56
6 60
7 33
7 83
7 3
7 37
7 39
7 45
7 46
7 19
8 65
8 36
8 7
8 10
8 71
8 44
8 77
8 78
8 61
8 48
8 53
8 28
8 74
8 30
8 31
9 2
9 5
9 70
9 28
9 13
9 82
9 56
9 60
10 32
10 65
10 35
10 36
10 7
10 72
10 80
10 42
10 71
10 44
10 77
10 78
10 48
10 20
10 53
10 55
10 58
10 31
11 69
11 70
11 40
11 12
11 81
11 52
11 85
11 23
11 56
11 27
11 60
12 32
12 80
12 35
12 4
12 7
12 72
12 73
12 10
12 71
12 77
12 79
12 48
12 67
12 20
12 55
12 88
12 36
12 58
12 42
12 31
13 68
13 69
13 40
13 9
13 12
13 52
13 85
13 23
13 25
13 27
14 65
14 36
14 5
14 7
14 10
14 71
14 44
14 78
14 61
14 53
14 28
14 74
14 30
14 31
15 1
15 41
15 11
15 76
15 49
15 50
15 54
15 26
15 62
15 63
17 24
17 9
17 51
17 38
19 67
19 4
19 8
19 73
19 14
19 79
19 84
19 21
19 22
19 87
19 88
19 57
19 47
19 63
20 32
20 65
20 36
20 7
20 80
20 10
20 71
20 44
20 77
20 78
20 61
20 48
20 53
20 55
20 58
20 74
20 31
21 68
21 69
21 9
21 12
21 52
21 23
21 24
21 25
21 27
22 1
22 34
22 75
22 6
22 17
22 11
22 66
22 49
22 18
22 43
23 65
23 36
23 5
23 7
23 10
23 71
23 44
23 13
23 78
23 61
23 53
23 28
23 74
23 30
23 31
24 65
24 5
24 7
24 10
24 71
24 44
24 13
24 78
24 61
24 53
24 28
24 74
24 30
24 31
27 1
27 34
27 43
27 6
27 41
27 11
27 49
27 18
27 26
28 67
28 4
28 8
28 76
28 14
28 47
28 50
28 84
28 21
28 22
28 87
28 88
28 57
28 62
28 63
29 8
29 41
29 76
29 47
29 50
29 21
29 54
29 57
29 26
29 62
29 63
30 1
30 34
30 43
30 6
30 41
30 11
30 66
30 49
30 18
30 26
31 57
31 67
31 4
31 72
31 73
31 42
31 14
31 79
31 80
31 35
31 84
31 21
31 22
31 87
31 88
31 20
32 8
32 41
32 76
32 47
32 50
32 21
32 54
32 57
32 26
32 62
32 63
33 68
33 38
33 9
33 24
33 25
33 27
34 32
34 80
34 35
34 36
34 7
34 72
34 73
34 10
34 71
34 77
34 78
34 79
34 48
34 67
34 20
34 55
34 58
34 42
34 31
35 69
35 70
35 40
35 12
35 81
35 52
35 85
35 23
35 56
35 60
36 8
36 41
36 76
36 47
36 50
36 54
36 26
36 62
36 63
37 2
37 5
37 74
37 13
37 82
37 28
37 61
37 30
38 80
38 65
38 35
38 36
38 32
38 7
38 72
38 73
38 10
38 71
38 77
38 78
38 79
38 48
38 67
38 20
38 53
38 55
38 58
38 42
38 31
39 68
39 69
39 9
39 12
39 52
39 23
39 25
39 27
40 1
40 34
40 43
40 6
40 41
40 11
40 66
40 49
40 18
40 26
41 2
41 70
41 40
41 81
41 85
41 56
41 60
42 32
42 67
42 4
42 72
42 73
42 55
42 77
42 14
42 79
42 80
42 35
42 84
42 21
42 22
42 87
42 88
42 20
42 58
43 68
43 69
43 40
43 9
43 12
43 81
43 52
43 85
43 23
43 25
43 27
44 65
44 2
44 5
44 74
44 13
44 82
44 53
44 28
44 61
44 30
45 2
45 70
45 81
45 82
45 56
45 60
46 59
46 51
46 38
47 57
47 67
47 4
47 72
47 73
47 42
47 55
47 14
47 79
47 80
47 35
47 84
47 21
47 22
47 87
47 88
47 20
47 58
48 4
48 8
48 76
48 14
48 47
48 50
48 84
48 21
48 22
48 87
48 88
48 57
48 62
48 63
49 68
49 69
49 40
49 9
49 12
49 81
49 52
49 85
49 23
49 25
49 27
50 32
50 65
50 35
50 36
50 7
50 80
50 10
50 71
50 44
50 77
50 78
50 48
50 20
50 53
50 55
50 58
50 61
50 31
51 67
51 4
51 8
51 73
51 14
51 79
51 72
51 84
51 21
51 22
51 87
51 88
51 57
51 47
51 63
52 2
52 5
52 70
52 13
52 82
52 56
52 60
53 2
53 5
53 13
53 82
53 28
53 30
54 32
54 65
54 36
54 7
54 10
54 71
54 44
54 77
54 78
54 61
54 48
54 53
54 55
54 58
54 74
54 31
55 64
55 59
56 68
56 38
56 9
56 23
56 24
56 25
56 27
57 68
57 38
57 9
57 24
57 25
57 27
58 65
58 5
58 74
58 44
58 13
58 78
58 82
58 53
58 28
58 61
58 30
59 54
59 8
59 76
59 14
59 47
59 50
59 21
59 22
59 57
59 62
59 63
60 1
60 34
60 75
60 6
60 17
60 11
60 66
60 49
60 18
60 43
61 24
61 51
61 38
62 2
62 5
62 60
62 13
62 82
62 28
62 30
63 32
63 65
63 35
63 36
63 7
63 72
63 73
63 10
63 71
63 77
63 78
63 79
63 48
63 80
63 20
63 53
63 55
63 58
63 42
63 31
64 1
64 41
64 11
64 76
64 49
64 50
64 54
64 26
64 62
65 64
65 59
66 69
66 70
66 40
66 81
66 85
66 56
66 60
67 65
67 5
67 74
67 44
67 13
67 78
67 82
67 53
67 28
67 61
67 30
68 8
68 41
68 76
68 47
68 50
68 54
68 26
68 62
68 63
69 64
69 59
70 68
70 38
70 9
70 51
70 24
70 25
71 24
71 51
71 38
72 2
72 70
72 13
72 82
72 56
72 60
73 68
73 69
73 9
73 12
73 52
73 23
73 25
73 27
74 2
74 70
74 81
74 82
74 56
74 60
75 68
75 9
75 23
75 24
75 25
75 27
76 68
76 38
76 9
76 51
76 24
76 25
77 57
77 67
77 4
77 72
77 73
77 42
77 55
77 14
77 79
77 80
77 35
77 84
77 21
77 22
77 87
77 88
77 20
77 58
78 8
78 41
78 76
78 47
78 50
78 21
78 54
78 57
78 26
78 62
78 63
79 2
79 5
79 74
79 13
79 82
79 28
79 61
79 30
80 34
80 75
80 6
80 43
80 66
80 45
80 17
80 18
81 33
81 83
81 3
81 37
81 39
81 46
81 19
81 86
82 54
82 8
82 76
82 14
82 47
82 50
82 84
82 21
82 22
82 87
82 57
82 62
82 63
83 32
83 65
83 36
83 7
83 80
83 10
83 71
83 44
83 77
83 78
83 61
83 48
83 20
83 53
83 55
83 58
83 74
83 31
84 65
84 36
84 5
84 7
84 10
84 71
84 44
84 78
84 61
84 53
84 28
84 74
84 30
84 31
85 1
85 34
85 75
85 6
85 17
85 11
85 66
85 49
85 18
85 43
86 69
86 70
86 40
86 12
86 81
86 52
86 85
86 23
86 56
86 27
86 60
87 65
87 5
87 74
87 44
87 13
87 78
87 82
87 53
87 28
87 61
87 30
88 32
88 65
88 36
88 7
88 10
88 71
88 44
88 77
88 78
88 61
88 48
88 53
88 55
88 58
88 74
88 31
