88
1 64
1 2
1 3
1 74
1 11
1 45
1 14
1 79
1 43
1 50
1 21
1 88
1 57
1 26
1 59
1 53
2 1
2 4
2 72
2 73
2 42
2 55
2 45
2 77
2 47
2 53
2 54
2 87
2 58
2 60
2 26
2 63
3 81
4 65
4 2
4 3
4 68
4 38
4 74
4 43
4 14
4 79
4 80
4 50
4 78
4 88
4 59
4 28
5 81
5 44
6 44
7 44
7 46
11 64
11 2
11 3
11 68
11 74
11 43
11 45
11 14
11 79
11 50
11 21
11 88
11 57
11 59
11 53
14 1
14 4
14 72
14 73
14 42
14 55
14 45
14 77
14 47
14 49
14 54
14 87
14 58
14 60
14 26
14 63
17 32
17 33
17 66
17 35
17 36
17 6
17 40
17 9
17 10
17 75
17 12
17 76
17 82
17 41
17 29
17 31
18 56
18 46
20 85
21 64
21 2
21 3
21 73
21 74
21 43
21 45
21 14
21 79
21 11
21 50
21 53
21 88
21 57
21 58
21 59
21 26
21 63
23 49
23 42
23 71
24 56
24 46
24 71
25 1
25 4
25 71
25 72
25 42
25 55
25 77
25 47
25 49
25 54
25 87
25 60
26 65
26 68
26 38
26 7
26 74
26 43
26 14
26 79
26 80
26 50
26 78
26 59
26 28
27 1
27 4
27 71
27 72
27 42
27 55
27 77
27 47
27 49
27 54
27 87
27 60
28 65
28 68
28 37
28 38
28 7
28 80
28 78
28 48
28 51
28 69
29 56
29 44
29 46
30 56
30 44
30 46
31 56
31 49
31 71
32 44
33 49
33 42
33 71
34 56
34 44
34 46
35 4
35 71
35 42
35 47
35 49
35 60
36 1
36 4
36 71
36 42
36 77
36 47
36 49
36 54
36 87
36 60
37 4
37 71
37 42
37 47
37 49
37 60
38 64
38 2
38 3
38 68
38 74
38 43
38 14
38 79
38 80
38 50
38 78
38 88
38 59
38 28
38 21
39 64
39 2
39 3
39 68
39 38
39 74
39 11
39 14
39 79
39 43
39 50
39 78
39 88
39 57
39 59
39 28
39 21
40 1
40 4
40 72
40 73
40 42
40 55
40 77
40 47
40 49
40 54
40 87
40 58
40 60
40 63
41 56
41 46
41 71
42 64
42 2
42 3
42 53
42 73
42 74
42 11
42 45
42 14
42 79
42 43
42 50
42 21
42 88
42 57
42 58
42 59
42 26
42 63
43 1
43 4
43 72
43 73
43 42
43 55
43 77
43 47
43 49
43 54
43 87
43 58
43 60
43 26
43 63
44 64
44 2
44 3
44 53
44 73
44 74
44 11
44 45
44 14
44 79
44 43
44 50
44 21
44 88
44 57
44 58
44 59
44 26
44 63
45 32
45 33
45 34
45 67
45 36
45 6
45 40
45 9
45 23
45 12
45 66
45 29
45 76
45 18
45 20
45 41
45 24
45 84
45 27
45 61
46 83
47 1
47 4
47 72
47 73
47 42
47 55
47 45
47 77
47 53
47 54
47 87
47 58
47 60
47 26
47 63
48 1
48 4
48 72
48 73
48 42
48 55
48 45
48 77
48 47
48 49
48 54
48 87
48 58
48 60
48 26
48 63
49 65
49 48
49 69
49 7
49 28
49 39
49 78
49 80
49 51
49 52
49 5
49 62
49 37
50 65
50 48
50 69
50 7
50 28
50 39
50 80
50 51
50 52
50 25
50 5
50 62
50 37
51 64
51 2
51 3
51 53
51 73
51 74
51 11
51 45
51 14
51 79
51 43
51 50
51 21
51 88
51 57
51 58
51 59
51 26
51 63
52 56
52 49
52 46
52 71
53 1
53 4
53 72
53 73
53 42
53 55
53 45
53 77
53 47
53 54
53 87
53 58
53 60
53 26
53 63
54 65
54 68
54 69
54 38
54 7
54 43
54 14
54 80
54 51
54 78
54 28
55 65
55 2
55 3
55 68
55 38
55 74
55 43
55 14
55 79
55 80
55 50
55 78
55 88
55 59
55 28
56 84
56 32
56 34
56 67
56 36
56 25
56 40
56 9
56 23
56 12
56 66
56 29
56 76
56 18
56 52
56 41
56 24
56 20
56 27
56 61
57 65
57 2
57 3
57 68
57 38
57 74
57 43
57 14
57 79
57 80
57 50
57 78
57 59
57 28
58 65
58 48
58 69
58 7
58 28
58 39
58 80
58 51
58 52
58 25
58 5
58 62
58 37
59 2
59 3
59 68
59 38
59 74
59 43
59 14
59 79
59 80
59 50
59 78
59 88
59 28
59 21
60 56
60 46
60 71
61 1
61 4
61 72
61 73
61 42
61 55
61 45
61 77
61 47
61 53
61 54
61 87
61 58
61 60
61 26
61 63
62 1
62 4
62 72
62 73
62 42
62 55
62 77
62 47
62 49
62 54
62 87
62 58
62 60
62 26
62 63
63 64
63 2
63 3
63 68
63 38
63 74
63 43
63 14
63 79
63 80
63 50
63 78
63 88
63 59
63 28
63 21
64 65
64 68
64 69
64 38
64 7
64 28
64 78
64 80
64 51
64 48
64 5
64 37
65 1
65 4
65 72
65 73
65 42
65 55
65 45
65 77
65 47
65 49
65 53
65 54
65 87
65 58
65 60
65 26
65 63
66 1
66 4
66 72
66 73
66 42
66 55
66 45
66 77
66 47
66 49
66 53
66 54
66 87
66 58
66 60
66 26
66 63
67 64
67 2
67 3
67 68
67 38
67 74
67 11
67 14
67 79
67 43
67 50
67 21
67 88
67 57
67 59
67 53
68 56
68 49
68 71
69 1
69 4
69 71
69 42
69 77
69 47
69 49
69 54
69 87
69 60
70 65
70 34
70 67
70 48
70 5
70 7
70 39
70 52
70 80
70 18
70 51
70 20
70 62
70 25
70 27
70 28
70 69
70 37
71 64
71 2
71 3
71 68
71 74
71 11
71 45
71 14
71 79
71 43
71 50
71 21
71 88
71 57
71 26
71 59
71 53
72 64
72 2
72 3
72 68
72 38
72 74
72 43
72 14
72 79
72 80
72 50
72 78
72 88
72 57
72 59
72 28
72 21
73 1
73 4
73 72
73 42
73 11
73 45
73 77
73 47
73 53
73 54
73 87
73 55
73 58
73 60
73 26
73 63
74 64
74 2
74 3
74 68
74 38
74 43
74 14
74 79
74 80
74 50
74 78
74 88
74 59
74 28
74 21
75 64
75 2
75 3
75 53
75 73
75 74
75 11
75 45
75 14
75 79
75 43
75 50
75 21
75 88
75 57
75 58
75 59
75 26
75 63
76 49
76 42
76 71
77 64
77 2
77 3
77 53
77 73
77 74
77 11
77 45
77 14
77 79
77 43
77 50
77 21
77 88
77 57
77 58
77 59
77 26
77 63
78 1
78 4
78 72
78 73
78 42
78 55
78 45
78 77
78 47
78 49
78 54
78 87
78 58
78 60
78 26
78 63
79 64
79 2
79 3
79 68
79 74
79 11
79 45
79 14
79 43
79 50
79 21
79 88
79 57
79 26
79 59
79 53
80 56
80 46
80 71
81 5
81 9
81 12
81 18
81 20
81 23
81 24
81 25
81 27
81 32
81 34
81 36
81 39
81 41
81 48
81 52
81 61
81 62
81 66
81 67
81 76
81 84
82 44
83 56
83 49
83 46
83 71
84 44
85 1
85 4
85 72
85 73
85 42
85 55
85 77
85 47
85 49
85 54
85 87
85 58
85 60
85 26
85 63
87 65
87 34
87 67
87 5
87 7
87 39
87 61
87 48
87 18
87 51
87 84
87 23
87 24
87 20
87 25
87 27
87 52
87 37
87 62
87 69
88 64
88 2
88 3
88 68
88 38
88 74
88 11
88 45
88 14
88 79
88 43
88 50
88 21
88 57
88 59
88 53
