88
1 11
1 32
1 3
2 11
2 20
3 66
3 41
3 78
3 47
3 80
3 21
3 58
3 26
4 1
4 66
4 69
4 65
4 41
4 78
4 47
4 80
4 21
4 58
5 64
5 2
5 35
5 36
5 37
5 76
5 77
5 45
5 88
5 24
5 55
5 56
5 68
5 59
5 60
7 64
7 2
7 35
7 36
7 38
7 76
7 77
7 45
7 48
7 24
7 84
7 55
7 56
7 59
7 60
9 34
9 4
9 37
9 7
9 76
9 46
9 79
9 49
9 51
9 56
9 55
9 88
9 68
9 59
10 72
10 42
10 52
10 62
10 54
11 1
11 66
11 69
11 65
11 78
11 47
11 80
11 21
11 58
12 6
13 75
13 5
13 9
13 43
13 44
13 14
13 85
13 61
13 63
14 34
14 4
14 37
14 7
14 76
14 46
14 79
14 49
14 51
14 56
14 55
14 88
14 68
14 59
15 18
18 19
18 33
18 67
18 39
18 40
18 50
18 3
18 27
18 31
19 10
20 72
20 42
20 52
20 62
20 54
21 75
21 5
21 9
21 43
21 13
21 14
21 85
21 61
21 63
22 72
22 74
22 81
22 53
22 57
22 30
23 34
23 35
23 68
23 37
23 7
23 76
23 46
23 79
23 49
23 51
23 56
23 55
23 88
23 4
23 59
23 36
24 32
24 67
24 39
24 40
24 50
24 3
24 27
24 31
25 34
25 4
25 7
25 9
25 13
25 14
25 79
25 49
25 51
25 46
25 85
26 34
26 4
26 37
26 7
26 76
26 46
26 79
26 49
26 51
26 85
26 88
26 68
27 34
27 4
27 37
27 7
27 46
27 79
27 49
27 51
27 85
27 88
27 68
28 11
28 20
29 42
29 52
29 62
29 54
31 1
31 48
31 69
31 38
31 71
31 73
31 87
31 78
31 80
31 82
31 83
31 86
31 23
31 25
31 16
31 65
32 1
32 69
32 65
32 80
32 78
32 47
32 16
32 21
32 58
33 1
33 69
33 65
33 71
33 80
33 73
33 78
33 47
33 16
33 21
33 86
33 23
34 75
34 7
34 9
34 43
34 13
34 14
34 85
34 61
35 64
35 2
35 36
35 38
35 71
35 73
35 87
35 77
35 45
35 48
35 82
35 83
35 84
35 86
35 23
35 24
35 25
35 60
36 34
36 4
36 37
36 7
36 46
36 79
36 49
36 51
36 85
36 88
36 68
37 1
37 69
37 65
37 80
37 78
37 47
37 16
37 21
37 86
37 58
38 33
38 67
38 5
38 39
38 40
38 31
38 43
38 44
38 50
38 19
38 27
38 61
38 63
39 34
39 4
39 37
39 7
39 76
39 46
39 79
39 49
39 51
39 56
39 55
39 88
39 68
39 59
40 34
40 4
40 37
40 7
40 76
40 46
40 79
40 49
40 51
40 85
40 56
40 68
40 88
41 33
41 67
41 39
41 40
41 31
41 44
41 50
41 19
41 27
41 63
42 34
42 4
42 7
42 9
42 13
42 14
42 49
42 51
42 46
42 85
43 34
43 4
43 7
43 9
43 13
43 14
43 49
43 51
43 85
44 75
44 5
44 9
44 43
44 13
44 14
44 85
44 61
45 34
45 4
45 37
45 7
45 76
45 46
45 79
45 49
45 51
45 56
45 55
45 88
45 68
45 59
46 75
46 7
46 9
46 43
46 13
46 14
46 85
46 61
47 2
47 35
47 36
47 37
47 76
47 77
47 46
47 79
47 88
47 24
47 55
47 56
47 68
47 59
47 60
48 64
48 2
48 35
48 36
48 37
48 76
48 77
48 45
48 88
48 24
48 55
48 56
48 68
48 59
48 60
49 1
49 66
49 69
49 41
49 78
49 47
49 80
49 21
49 58
49 26
50 66
50 41
50 78
50 47
50 21
50 58
50 26
51 72
51 52
51 62
51 54
52 19
52 33
52 67
52 32
52 39
52 40
52 50
52 3
52 27
52 31
53 4
53 7
53 9
53 13
53 14
53 49
53 85
54 34
54 4
54 37
54 7
54 76
54 46
54 79
54 49
54 51
54 56
54 55
54 88
54 68
54 59
55 33
55 75
55 5
55 9
55 43
55 44
55 13
55 14
55 19
55 61
55 63
56 34
56 4
56 37
56 7
56 76
56 46
56 79
56 49
56 51
56 55
56 88
56 68
56 59
57 11
57 20
58 33
58 75
58 5
58 40
58 31
58 43
58 44
58 50
58 19
58 27
58 61
58 63
59 33
59 67
59 5
59 39
59 40
59 31
59 43
59 44
59 50
59 19
59 27
59 61
59 63
60 33
60 67
60 5
60 39
60 40
60 31
60 44
60 50
60 19
60 27
60 63
61 64
61 1
61 2
61 48
61 69
61 38
61 71
61 73
61 87
61 77
61 45
61 16
61 82
61 83
61 84
61 86
61 23
61 25
61 65
62 33
62 67
62 5
62 39
62 40
62 75
62 43
62 44
62 31
62 50
62 19
62 27
62 61
62 63
63 34
63 4
63 7
63 9
63 13
63 14
63 49
63 51
63 46
63 85
64 2
64 35
64 36
64 38
64 76
64 77
64 45
64 48
64 24
64 84
64 55
64 56
64 59
64 60
65 64
65 1
65 48
65 69
65 38
65 71
65 73
65 87
65 45
65 16
65 82
65 83
65 84
65 86
65 23
65 25
66 34
66 4
66 37
66 7
66 46
66 79
66 49
66 51
66 85
66 68
67 64
67 1
67 48
67 69
67 38
67 71
67 73
67 87
67 45
67 80
67 82
67 83
67 84
67 86
67 23
67 25
67 16
67 65
68 34
68 35
68 36
68 37
68 76
68 46
68 79
68 56
68 51
68 55
68 88
68 59
69 34
69 4
69 7
69 9
69 13
69 14
69 79
69 49
69 51
69 46
69 85
70 34
70 4
70 37
70 7
70 46
70 79
70 49
70 51
70 85
70 88
70 68
71 75
71 5
71 9
71 43
71 44
71 13
71 14
71 85
71 61
71 63
72 33
72 67
72 5
72 39
72 40
72 75
72 43
72 44
72 31
72 50
72 19
72 27
72 61
72 63
73 33
73 75
73 5
73 9
73 43
73 44
73 13
73 14
73 19
73 61
73 63
74 33
74 75
74 5
74 9
74 43
74 44
74 13
74 14
74 19
74 61
74 63
75 64
75 2
75 35
75 36
75 38
75 71
75 73
75 87
75 77
75 45
75 48
75 82
75 83
75 84
75 86
75 23
75 24
75 25
75 60
76 64
76 2
76 35
76 36
76 38
76 87
76 77
76 45
76 48
76 82
76 83
76 84
76 55
76 24
76 25
76 60
77 34
77 4
77 37
77 7
77 76
77 46
77 79
77 49
77 51
77 85
77 56
77 88
77 68
77 59
78 34
78 4
78 7
78 9
78 13
78 14
78 79
78 49
78 51
78 46
78 85
79 1
79 48
79 69
79 65
79 71
79 73
79 23
79 78
79 80
79 82
79 83
79 86
79 87
79 25
79 16
80 34
80 35
80 36
80 37
80 76
80 46
80 79
80 56
80 51
80 55
80 88
80 68
80 59
81 1
81 48
81 69
81 38
81 71
81 73
81 87
81 78
81 80
81 82
81 83
81 84
81 86
81 23
81 25
81 16
81 65
82 72
82 74
82 81
82 53
82 57
82 30
83 72
83 74
83 81
83 53
83 57
83 30
84 34
84 4
84 37
84 7
84 76
84 46
84 79
84 49
84 51
84 56
84 55
84 88
84 68
84 59
85 75
85 5
85 9
85 43
85 13
85 14
85 61
86 20
87 64
87 1
87 2
87 48
87 69
87 38
87 71
87 73
87 77
87 45
87 16
87 82
87 83
87 84
87 86
87 23
87 24
87 25
87 60
87 65
88 34
88 4
88 37
88 7
88 76
88 46
88 79
88 49
88 51
88 85
88 56
88 68
88 59
