88
1 5
1 38
1 71
1 72
1 42
1 14
1 79
1 48
1 50
1 83
1 78
1 54
1 56
1 25
1 53
1 37
1 21
2 5
2 38
2 71
2 72
2 53
2 42
2 14
2 79
2 48
2 50
2 83
2 78
2 54
2 56
2 25
2 31
2 37
2 21
3 32
3 34
3 35
3 28
3 41
3 74
3 43
3 77
3 46
3 81
3 50
3 84
3 88
3 58
3 27
3 60
3 31
4 75
4 6
5 2
5 68
5 7
5 76
5 52
5 59
5 62
6 64
6 33
6 69
6 70
6 65
6 40
6 55
6 47
6 87
6 57
6 61
7 33
7 5
7 38
7 39
7 40
7 14
7 79
7 48
7 24
7 53
7 83
7 78
7 56
7 25
7 70
7 37
7 72
7 21
8 19
10 64
10 65
10 69
10 6
10 87
10 85
10 22
10 55
11 1
11 36
11 44
11 13
11 80
11 82
11 20
11 86
11 30
12 23
13 62
13 15
14 1
14 66
14 3
14 4
14 73
14 11
14 44
14 45
14 80
14 49
14 82
14 51
14 20
14 86
14 63
16 18
17 19
18 2
18 68
18 7
18 76
18 52
18 59
19 2
19 68
19 7
19 76
19 52
19 36
19 59
20 2
20 68
20 7
20 76
20 52
20 59
21 5
21 38
21 71
21 72
21 42
21 14
21 79
21 48
21 50
21 83
21 78
21 54
21 56
21 25
21 31
21 53
22 1
22 36
22 44
22 13
22 80
22 82
22 20
22 86
22 30
24 18
24 67
25 32
25 34
25 35
25 28
25 41
25 74
25 43
25 77
25 46
25 81
25 84
25 88
25 58
25 27
25 60
26 16
26 9
26 8
27 1
27 3
27 36
27 11
27 44
27 13
27 80
27 82
27 20
27 86
27 4
27 30
27 63
28 1
28 66
28 3
28 4
28 73
28 11
28 44
28 45
28 80
28 49
28 51
28 20
28 63
29 1
29 36
29 44
29 13
29 80
29 82
29 20
29 86
29 30
30 33
30 5
30 70
30 39
30 40
30 61
30 14
30 79
30 48
30 24
30 78
30 25
30 56
30 57
30 37
30 21
31 62
31 15
32 34
32 35
32 28
32 41
32 74
32 43
32 77
32 46
32 81
32 84
32 88
32 58
32 27
32 60
32 31
33 76
33 62
34 32
34 35
34 71
34 41
34 42
34 43
34 77
34 46
34 50
34 84
34 54
34 88
34 27
34 28
34 31
35 34
35 28
35 41
35 74
35 43
35 77
35 46
35 81
35 84
35 88
35 58
35 27
35 60
36 22
36 85
36 6
36 87
37 32
37 35
37 38
37 71
37 72
37 41
37 42
37 43
37 46
37 79
37 48
37 50
37 83
37 84
37 53
37 54
37 88
37 27
37 31
38 1
38 66
38 3
38 4
38 73
38 11
38 44
38 45
38 80
38 49
38 82
38 51
38 20
38 86
38 63
39 2
39 68
39 7
39 13
39 36
39 59
39 30
40 76
40 62
41 33
41 5
41 70
41 39
41 40
41 61
41 14
41 47
41 25
41 78
41 55
41 24
41 57
41 21
41 37
41 65
42 34
42 35
42 77
42 49
42 73
42 74
42 43
42 66
42 46
42 45
42 81
42 51
42 28
42 58
42 27
42 60
43 76
43 62
44 32
44 38
44 71
44 72
44 41
44 42
44 79
44 48
44 56
44 50
44 83
44 84
44 53
44 54
44 88
44 31
45 18
46 34
46 35
46 28
46 49
46 73
46 74
46 43
46 66
46 77
46 45
46 81
46 51
46 58
46 27
46 60
47 1
47 3
47 36
47 11
47 44
47 13
47 80
47 82
47 20
47 86
47 4
47 30
47 63
48 34
48 3
48 4
48 73
48 74
48 11
48 66
48 45
48 49
48 51
48 58
48 60
48 63
49 1
49 3
49 36
49 11
49 44
49 13
49 80
49 82
49 20
49 86
49 4
49 30
49 63
50 37
50 38
50 39
50 72
50 71
50 70
50 14
50 79
50 48
50 24
50 83
50 78
50 56
50 25
50 5
50 53
50 21
51 62
52 34
52 35
52 28
52 49
52 41
52 74
52 43
52 45
52 46
52 77
52 81
52 51
52 73
52 58
52 27
52 60
53 32
53 34
53 35
53 28
53 41
53 74
53 43
53 77
53 46
53 81
53 50
53 84
53 88
53 58
53 27
53 60
53 31
54 33
54 5
54 70
54 39
54 40
54 61
54 14
54 79
54 48
54 24
54 78
54 25
54 56
54 57
54 37
54 21
55 33
55 5
55 70
55 39
55 40
55 14
55 61
55 24
55 78
55 25
55 56
55 57
55 37
55 21
56 33
56 5
56 38
56 39
56 40
56 14
56 79
56 48
56 72
56 53
56 83
56 78
56 24
56 25
56 70
56 37
56 21
57 64
57 65
57 69
57 55
57 47
57 85
57 22
57 87
58 33
58 5
58 38
58 39
58 72
58 71
58 14
58 79
58 48
58 24
58 53
58 83
58 78
58 56
58 25
58 70
58 37
58 21
59 64
59 65
59 69
59 40
59 87
59 47
59 55
59 57
59 61
60 75
60 6
61 62
61 15
62 33
62 5
62 70
62 39
62 40
62 61
62 14
62 47
62 25
62 78
62 55
62 24
62 57
62 21
62 37
62 65
63 2
63 68
63 7
63 76
63 52
63 59
64 2
64 68
64 7
64 76
64 52
64 59
65 34
65 3
65 4
65 73
65 74
65 11
65 66
65 45
65 49
65 51
65 58
65 60
65 63
66 32
66 35
66 38
66 71
66 72
66 41
66 42
66 79
66 48
66 56
66 50
66 83
66 84
66 53
66 54
66 88
66 31
67 33
67 5
67 38
67 39
67 40
67 14
67 79
67 48
67 24
67 53
67 83
67 78
67 56
67 25
67 70
67 37
67 72
67 21
68 1
68 66
68 3
68 4
68 11
68 44
68 13
68 80
68 82
68 20
68 86
68 63
69 2
69 68
69 7
69 13
69 82
69 86
69 36
69 59
69 30
70 18
71 32
71 35
71 38
71 72
71 41
71 42
71 79
71 48
71 56
71 50
71 83
71 84
71 53
71 54
71 88
71 31
72 2
72 68
72 7
72 13
72 82
72 86
72 36
72 59
72 30
73 32
73 5
73 38
73 71
73 72
73 42
73 79
73 48
73 56
73 50
73 83
73 84
73 53
73 54
73 88
73 25
73 31
74 1
74 36
74 44
74 13
74 80
74 82
74 20
74 86
74 30
75 32
75 34
75 35
75 28
75 41
75 74
75 43
75 77
75 46
75 81
75 84
75 88
75 58
75 27
75 60
75 31
76 34
76 35
76 28
76 41
76 74
76 43
76 45
76 46
76 77
76 81
76 73
76 58
76 27
76 60
77 33
77 5
77 38
77 39
77 72
77 71
77 14
77 79
77 48
77 24
77 53
77 83
77 78
77 56
77 25
77 70
77 37
77 21
78 32
78 5
78 38
78 71
78 72
78 41
78 42
78 79
78 48
78 56
78 50
78 83
78 84
78 53
78 54
78 88
78 25
78 31
79 1
79 66
79 3
79 4
79 73
79 11
79 44
79 45
79 80
79 49
79 82
79 51
79 20
79 86
79 63
80 75
81 62
82 1
82 66
82 3
82 4
82 73
82 11
82 44
82 45
82 80
82 49
82 51
82 20
82 63
83 62
84 32
84 35
84 38
84 71
84 72
84 41
84 42
84 43
84 46
84 79
84 48
84 50
84 83
84 53
84 54
84 88
84 27
84 31
85 64
85 65
85 69
85 6
85 55
85 22
85 87
86 34
86 77
86 49
86 73
86 74
86 43
86 66
86 46
86 45
86 81
86 51
86 28
86 58
86 27
86 60
87 1
87 36
87 44
87 13
87 80
87 82
87 20
87 86
87 4
87 30
87 63
88 22
88 85
88 6
88 87
