88
1 2
1 3
1 4
1 6
1 8
1 10
1 20
1 25
1 26
1 27
1 28
1 29
1 31
1 32
1 37
1 38
1 39
1 43
1 44
1 48
1 49
1 73
1 81
1 87
1 88
3 71
3 45
3 19
3 53
3 57
3 62
4 5
5 16
5 3
5 4
5 37
5 6
5 39
5 8
5 73
5 43
5 14
5 48
5 81
5 19
5 24
5 25
5 49
5 27
5 28
5 31
6 1
6 71
6 45
6 53
6 57
6 62
7 45
7 14
7 19
7 53
7 57
7 62
8 45
8 14
8 16
8 19
8 53
8 57
8 62
9 1
9 71
10 45
10 14
10 16
10 19
10 53
10 57
10 62
12 5
12 7
13 5
13 7
14 2
14 3
14 4
14 6
14 8
14 10
14 16
14 24
14 25
14 27
14 28
14 29
14 31
14 32
14 37
14 39
14 43
14 44
14 48
14 49
14 73
14 81
16 66
16 69
16 12
16 46
16 51
16 84
16 54
16 22
17 1
17 71
17 53
17 57
18 2
18 3
18 4
18 6
18 8
18 10
18 24
18 25
18 26
18 27
18 28
18 29
18 31
18 32
18 37
18 38
18 39
18 43
18 44
18 48
18 49
18 73
18 81
18 88
19 51
19 66
19 41
19 42
19 12
19 77
19 46
19 79
19 17
19 82
19 83
19 84
19 54
19 58
20 32
20 2
20 37
20 6
20 39
20 8
20 73
20 10
20 44
20 48
20 40
20 50
20 87
20 88
20 26
20 38
20 28
20 29
23 5
23 7
24 64
24 34
24 75
24 36
24 74
24 11
24 76
24 13
24 78
24 47
24 80
24 18
24 85
24 68
24 59
24 61
24 30
24 63
25 56
25 70
26 64
26 33
26 35
26 36
26 65
26 40
26 75
26 11
26 18
26 78
26 80
26 50
26 20
26 85
26 87
26 59
28 32
28 33
28 2
28 35
28 38
28 65
28 40
28 10
28 44
28 50
28 20
28 87
28 88
28 26
28 29
29 4
29 45
29 14
29 16
29 81
29 19
29 24
29 62
30 5
30 7
31 3
31 4
31 49
31 45
31 14
31 16
31 81
31 19
31 24
31 25
31 62
32 33
32 35
32 38
32 65
32 40
32 75
32 50
32 78
32 18
32 20
32 87
32 88
32 26
33 2
33 3
33 6
33 8
33 10
33 20
33 25
33 26
33 27
33 28
33 29
33 31
33 32
33 37
33 38
33 39
33 40
33 43
33 44
33 48
33 49
33 73
33 87
33 88
34 2
34 3
34 4
34 6
34 8
34 10
34 16
34 24
34 25
34 27
34 28
34 29
34 31
34 32
34 37
34 38
34 39
34 43
34 44
34 48
34 49
34 73
34 81
34 88
35 32
35 2
35 37
35 6
35 39
35 8
35 73
35 10
35 44
35 48
35 40
35 50
35 20
35 87
35 88
35 26
35 38
35 28
35 29
36 32
36 33
36 2
36 37
36 38
36 65
36 40
36 10
36 44
36 50
36 20
36 87
36 88
36 26
36 29
37 32
37 2
37 38
37 6
37 39
37 8
37 73
37 10
37 43
37 44
37 48
37 40
37 20
37 87
37 88
37 26
37 27
37 28
37 29
38 34
38 67
38 68
38 72
38 9
38 42
38 61
38 76
38 13
38 77
38 47
38 17
38 82
38 83
38 52
38 21
38 58
38 74
38 30
38 63
39 48
39 3
39 4
39 6
39 49
39 8
39 73
39 43
39 14
39 16
39 81
39 19
39 24
39 25
39 27
39 31
40 2
40 3
40 4
40 6
40 8
40 10
40 16
40 24
40 25
40 27
40 28
40 29
40 31
40 32
40 37
40 39
40 43
40 44
40 48
40 49
40 73
40 81
41 45
41 14
41 19
41 53
41 57
41 62
42 16
42 2
42 3
42 4
42 37
42 6
42 39
42 8
42 73
42 10
42 43
42 14
42 48
42 49
42 19
42 31
42 24
42 25
42 27
42 28
42 81
43 3
43 4
43 49
43 45
43 14
43 16
43 81
43 19
43 24
43 25
43 27
43 62
43 31
44 45
44 14
44 19
44 53
44 57
44 62
45 5
45 7
48 2
48 3
48 4
48 6
48 8
48 10
48 24
48 25
48 26
48 27
48 28
48 29
48 31
48 32
48 37
48 38
48 39
48 43
48 44
48 49
48 73
48 81
48 88
49 16
49 3
49 4
49 37
49 6
49 39
49 8
49 73
49 43
49 14
49 48
49 81
49 19
49 24
49 25
49 27
49 28
49 31
50 3
50 4
50 49
50 45
50 14
50 16
50 81
50 19
50 24
50 25
50 62
50 31
52 32
52 33
52 2
52 35
52 38
52 65
52 40
52 44
52 50
52 20
52 87
52 88
52 26
52 29
53 1
53 71
54 45
54 14
54 19
54 53
54 57
54 62
55 16
55 3
55 4
55 37
55 6
55 39
55 8
55 73
55 10
55 43
55 14
55 48
55 81
55 19
55 24
55 25
55 49
55 27
55 28
55 31
56 1
57 66
57 69
57 12
57 46
57 79
57 51
57 84
57 54
57 22
58 32
58 33
58 2
58 37
58 38
58 65
58 40
58 10
58 44
58 50
58 20
58 87
58 88
58 26
58 28
58 29
59 5
60 15
61 1
61 71
61 45
61 53
61 57
61 62
63 16
63 3
63 4
63 37
63 6
63 39
63 8
63 73
63 10
63 43
63 14
63 48
63 81
63 19
63 24
63 25
63 49
63 27
63 28
63 31
64 34
64 67
64 68
64 72
64 9
64 42
64 61
64 13
64 77
64 47
64 17
64 82
64 83
64 52
64 21
64 41
64 58
64 79
64 74
64 30
64 63
65 64
65 34
65 35
65 36
65 74
65 11
65 76
65 13
65 78
65 47
65 80
65 59
65 18
65 85
65 68
65 75
65 61
65 30
65 63
66 32
66 2
66 37
66 6
66 39
66 8
66 73
66 10
66 43
66 44
66 38
66 48
66 40
66 20
66 87
66 88
66 26
66 27
66 28
66 29
67 16
67 2
67 3
67 4
67 37
67 6
67 39
67 8
67 73
67 10
67 43
67 14
67 48
67 49
67 31
67 24
67 25
67 27
67 28
67 81
68 9
68 12
68 17
68 21
68 30
68 41
68 42
68 46
68 51
68 52
68 54
68 58
68 61
68 63
68 66
68 67
68 72
68 77
68 79
68 82
68 83
68 84
70 5
70 7
71 64
71 33
71 35
71 36
71 65
71 40
71 75
71 11
71 76
71 18
71 78
71 80
71 50
71 20
71 85
71 87
71 59
73 2
73 3
73 4
73 6
73 8
73 10
73 24
73 25
73 26
73 27
73 28
73 29
73 31
73 32
73 37
73 38
73 39
73 43
73 44
73 48
73 49
73 81
73 88
74 45
74 14
74 19
74 53
74 57
74 62
75 16
75 3
75 4
75 49
75 6
75 39
75 8
75 73
75 43
75 14
75 48
75 81
75 19
75 24
75 25
75 27
75 28
75 31
76 2
76 3
76 4
76 6
76 8
76 10
76 16
76 24
76 25
76 27
76 28
76 29
76 31
76 32
76 37
76 39
76 43
76 44
76 48
76 49
76 73
76 81
77 7
78 1
78 71
78 45
78 53
78 57
78 62
79 3
79 4
79 49
79 45
79 14
79 16
79 81
79 19
79 24
79 25
79 62
79 31
80 64
80 33
80 35
80 36
80 65
80 40
80 75
80 11
80 18
80 78
80 50
80 20
80 85
80 87
80 26
80 59
81 23
81 55
83 16
83 3
83 4
83 37
83 6
83 39
83 8
83 73
83 10
83 43
83 14
83 48
83 81
83 19
83 24
83 25
83 49
83 27
83 28
83 31
84 7
85 45
85 14
85 19
85 53
85 57
85 62
87 57
87 71
87 53
87 62
87 45
88 57
88 19
88 53
88 62
88 45
