88
1 19
1 2
1 3
1 7
1 9
1 10
1 39
1 44
1 34
1 12
1 77
1 11
1 43
1 51
1 14
1 86
1 73
1 25
1 59
1 74
1 63
2 50
2 4
2 30
3 1
3 2
3 7
3 9
3 10
3 39
3 44
3 34
3 12
3 19
3 14
3 25
3 59
3 74
4 1
4 2
4 3
4 7
4 9
4 10
4 39
4 44
4 34
4 12
4 11
4 19
4 14
4 86
4 25
4 59
4 74
4 63
5 64
5 16
5 36
5 40
5 13
5 48
5 83
5 84
5 24
5 28
7 1
7 2
7 3
7 39
7 9
7 10
7 44
7 34
7 12
7 19
7 14
7 25
7 59
7 74
7 63
8 64
8 16
8 76
8 13
8 48
8 84
8 21
8 87
8 29
9 19
9 1
9 2
9 3
9 7
9 73
9 10
9 39
9 44
9 34
9 12
9 77
9 11
9 43
9 51
9 14
9 86
9 25
9 59
9 74
9 63
10 19
10 1
10 2
10 3
10 7
10 9
10 74
10 39
10 44
10 34
10 12
10 11
10 51
10 14
10 86
10 25
10 59
10 63
11 32
11 87
11 76
11 29
11 21
12 64
12 16
12 36
12 40
12 13
12 48
12 83
12 84
12 24
12 28
13 64
13 48
13 36
13 40
13 16
13 83
13 84
13 24
13 28
14 19
14 1
14 2
14 3
14 7
14 9
14 10
14 39
14 44
14 34
14 12
14 11
14 51
14 86
14 25
14 59
14 74
14 63
15 56
15 58
15 45
15 55
16 64
16 76
16 13
16 48
16 84
16 87
16 29
17 32
17 2
17 76
17 14
17 21
17 87
17 29
19 65
19 38
19 72
19 31
19 75
19 46
19 15
19 49
19 18
19 78
19 54
19 57
19 27
19 53
20 67
20 68
20 69
20 6
20 71
20 8
20 73
20 43
20 77
20 47
20 17
20 52
20 88
20 26
20 79
20 70
20 62
20 37
21 66
21 68
21 69
21 70
21 71
21 8
21 41
21 47
21 17
21 52
21 23
21 88
21 20
21 79
21 61
21 62
23 66
23 68
23 69
23 70
23 71
23 15
23 41
23 79
23 17
23 18
23 52
23 20
23 47
23 61
23 62
24 51
24 3
24 68
24 37
24 6
24 71
24 8
24 9
24 11
24 77
24 43
24 67
24 52
24 86
24 73
24 88
24 26
24 70
24 62
24 63
25 1
25 2
25 7
25 9
25 10
25 39
25 44
25 34
25 12
25 19
25 14
25 59
25 74
25 63
26 4
26 50
26 28
26 30
27 33
27 35
27 5
27 42
27 80
27 22
27 54
27 60
28 65
28 66
28 41
28 75
28 78
28 15
28 17
28 18
28 53
28 23
28 57
28 61
28 31
30 66
30 67
30 68
30 69
30 70
30 71
30 8
30 41
30 47
30 17
30 52
30 88
30 20
30 26
30 79
30 61
30 62
30 37
32 67
32 68
32 69
32 6
32 71
32 8
32 73
32 43
32 77
32 47
32 51
32 52
32 88
32 20
32 26
32 79
32 70
32 62
32 37
33 32
33 87
33 76
33 29
33 21
34 67
34 68
34 69
34 6
34 71
34 8
34 47
34 17
34 52
34 88
34 20
34 26
34 79
34 70
34 62
34 37
35 4
35 50
35 28
35 30
36 65
36 66
36 38
36 72
36 41
36 75
36 78
36 15
36 18
36 53
36 23
36 57
36 61
36 31
37 33
37 35
37 5
37 42
37 80
37 22
37 54
37 60
38 66
38 68
38 69
38 70
38 71
38 41
38 47
38 79
38 17
38 18
38 52
38 23
38 20
38 15
38 61
38 62
39 32
39 87
39 76
39 29
39 21
40 56
40 45
41 1
41 2
41 7
41 12
41 10
41 39
41 44
41 34
41 14
41 19
41 25
41 59
41 74
42 50
42 4
42 30
43 66
43 68
43 69
43 70
43 71
43 8
43 41
43 47
43 17
43 52
43 23
43 88
43 20
43 26
43 79
43 61
43 62
43 37
44 66
44 67
44 68
44 69
44 70
44 71
44 8
44 41
44 47
44 17
44 52
44 88
44 20
44 26
44 79
44 61
44 62
44 37
45 4
45 50
45 28
45 30
46 32
46 2
46 76
46 14
46 21
46 87
46 59
46 29
47 64
47 16
47 36
47 40
47 13
47 48
47 83
47 84
47 24
47 28
48 66
48 67
48 68
48 69
48 70
48 71
48 8
48 47
48 17
48 52
48 88
48 20
48 26
48 79
48 61
48 62
48 37
49 64
49 48
49 4
49 40
49 16
49 83
49 84
49 24
49 36
49 28
50 33
50 35
50 5
50 42
50 80
50 22
50 54
50 60
51 33
51 35
51 5
51 42
51 80
51 22
51 55
51 58
51 60
52 32
52 87
52 76
52 29
52 21
53 64
53 16
53 40
53 76
53 13
53 48
53 83
53 84
53 24
55 1
55 2
55 3
55 7
55 9
55 10
55 39
55 44
55 34
55 12
55 11
55 19
55 14
55 86
55 25
55 59
55 74
55 63
56 4
56 50
56 28
56 30
57 50
57 4
57 30
59 64
59 16
59 40
59 76
59 13
59 48
59 84
59 87
59 24
59 29
60 1
60 3
60 6
60 7
60 9
60 10
60 11
60 12
60 19
60 25
60 34
60 37
60 39
60 43
60 44
60 51
60 63
60 67
60 73
60 74
60 77
60 86
61 19
61 1
61 2
61 3
61 7
61 9
61 10
61 39
61 44
61 34
61 12
61 11
61 51
61 14
61 86
61 25
61 59
61 74
61 63
62 30
63 19
63 1
63 2
63 3
63 7
63 9
63 10
63 39
63 44
63 34
63 12
63 77
63 11
63 43
63 51
63 14
63 86
63 73
63 25
63 59
63 74
64 51
64 3
64 68
64 37
64 6
64 39
64 8
64 9
64 11
64 77
64 71
64 43
64 67
64 86
64 73
64 88
64 26
64 70
64 62
64 63
65 4
65 50
65 28
65 30
67 32
67 87
67 76
67 29
67 21
68 66
68 67
68 69
68 70
68 71
68 8
68 47
68 17
68 52
68 88
68 20
68 26
68 79
68 62
68 37
69 19
69 1
69 34
69 3
69 6
69 7
69 9
69 10
69 11
69 44
69 77
69 12
69 43
69 51
69 86
69 73
69 25
69 59
69 74
69 39
69 63
70 67
70 68
70 69
70 6
70 71
70 8
70 77
70 47
70 17
70 52
70 88
70 20
70 26
70 79
70 62
70 37
71 64
71 16
71 36
71 40
71 13
71 48
71 83
71 84
71 24
72 64
72 16
72 36
72 40
72 13
72 48
72 83
72 84
72 24
73 19
73 1
73 2
73 3
73 7
73 9
73 10
73 39
73 44
73 34
73 12
73 77
73 11
73 43
73 51
73 14
73 86
73 25
73 59
73 74
73 63
74 32
74 1
74 2
74 10
74 44
74 14
74 19
74 21
74 87
74 59
74 29
75 51
75 3
75 68
75 37
75 6
75 71
75 8
75 9
75 11
75 77
75 43
75 67
75 52
75 86
75 73
75 88
75 26
75 70
75 62
75 63
76 65
76 66
76 38
76 41
76 75
76 78
76 15
76 18
76 53
76 23
76 57
76 61
76 31
77 32
77 2
77 76
77 14
77 21
77 87
77 59
77 29
78 4
78 50
78 28
78 30
79 66
79 69
79 41
79 57
79 78
79 15
79 17
79 18
79 52
79 53
79 23
79 20
79 47
79 61
79 31
83 36
83 40
83 50
83 84
83 24
83 4
83 28
84 56
84 85
84 45
86 1
86 2
86 7
86 12
86 10
86 39
86 44
86 34
86 14
86 19
86 25
86 59
86 74
87 64
87 16
87 36
87 40
87 13
87 48
87 83
87 84
87 24
88 64
88 16
88 36
88 40
88 13
88 48
88 83
88 84
88 24
