88
1 51
1 2
1 67
1 68
1 40
1 43
1 34
1 19
2 60
2 21
3 70
3 42
3 11
3 86
3 58
3 74
4 60
5 64
5 65
5 36
5 71
5 8
5 73
5 75
5 45
5 78
5 48
5 84
5 87
5 57
5 61
5 62
5 31
6 88
6 81
6 10
6 66
6 38
7 70
7 42
7 11
7 86
7 58
7 74
8 3
8 4
8 5
8 7
8 9
8 12
8 14
8 25
8 26
8 27
8 29
8 32
8 33
8 35
8 37
8 39
8 41
8 44
8 54
8 63
8 69
8 72
8 76
8 77
8 85
9 1
9 2
9 75
9 36
9 40
9 43
9 34
9 8
9 84
9 68
9 61
10 50
10 83
10 46
11 70
11 42
11 86
11 55
11 58
11 74
12 64
12 33
12 36
12 6
12 71
12 80
12 73
12 44
12 45
12 78
12 47
12 48
12 87
12 57
12 31
12 62
12 65
13 15
14 35
14 5
14 39
14 9
14 42
14 76
14 13
14 49
14 82
14 54
14 55
14 58
14 27
15 88
15 81
15 66
15 86
15 38
16 60
17 5
17 70
17 9
17 42
17 11
17 13
17 49
17 82
17 55
17 58
17 74
18 83
18 46
19 60
19 21
20 19
20 34
20 67
20 40
20 43
20 51
20 23
20 28
21 66
21 38
21 10
21 81
21 83
21 88
22 74
22 11
22 86
22 70
23 88
23 81
23 10
23 66
23 38
24 64
24 33
24 36
24 6
24 71
24 80
24 73
24 44
24 45
24 78
24 47
24 48
24 87
24 57
24 31
24 62
24 65
25 64
25 33
25 6
25 80
25 73
25 44
25 45
25 78
25 77
25 48
25 57
25 26
25 47
25 29
25 62
26 64
26 33
26 4
26 37
26 6
26 7
26 73
26 32
26 44
26 77
26 63
26 45
26 80
26 48
26 25
26 47
26 29
26 62
26 69
27 83
27 46
28 50
28 46
29 64
29 33
29 4
29 69
29 6
29 7
29 73
29 32
29 62
29 12
29 77
29 63
29 45
29 80
29 48
29 25
29 26
29 47
29 44
29 85
29 37
31 3
31 4
31 6
31 7
31 12
31 25
31 26
31 29
31 32
31 33
31 35
31 37
31 41
31 44
31 45
31 47
31 62
31 63
31 64
31 69
31 72
31 77
31 80
31 85
32 3
32 4
32 6
32 7
32 12
32 14
32 25
32 26
32 27
32 29
32 33
32 35
32 37
32 39
32 41
32 44
32 47
32 54
32 63
32 69
32 72
32 76
32 77
32 80
32 85
33 74
33 11
33 86
33 70
34 88
34 81
34 10
34 66
34 38
35 1
35 2
35 36
35 8
35 75
35 34
35 40
35 84
35 87
35 68
35 61
35 31
36 66
36 38
36 10
36 46
36 81
36 83
37 1
37 2
37 67
37 68
37 40
37 43
37 34
37 8
37 75
37 84
37 61
38 19
38 34
38 67
38 40
38 43
38 51
38 23
38 28
39 5
39 70
39 9
39 42
39 76
39 13
39 14
39 49
39 82
39 55
39 58
39 27
40 88
40 81
40 10
40 66
40 38
41 1
41 2
41 36
41 65
41 71
41 8
41 75
41 78
41 84
41 57
41 87
41 68
41 61
41 31
42 3
42 4
42 6
42 7
42 12
42 14
42 25
42 26
42 29
42 32
42 33
42 35
42 37
42 39
42 41
42 44
42 47
42 54
42 63
42 69
42 72
42 76
42 77
42 80
42 85
43 10
43 83
43 46
44 50
45 35
45 5
45 39
45 9
45 42
45 76
45 13
45 14
45 49
45 82
45 54
45 55
45 58
45 27
46 24
46 18
46 23
46 30
46 79
47 35
47 5
47 39
47 72
47 9
47 42
47 55
47 12
47 13
47 14
47 76
47 49
47 82
47 3
47 85
47 54
47 41
47 58
47 27
48 1
48 2
48 36
48 65
48 8
48 75
48 34
48 84
48 87
48 68
48 61
48 31
49 59
49 60
49 53
49 22
50 24
50 23
50 28
50 79
51 1
51 2
51 75
51 36
51 40
51 43
51 34
51 8
51 84
51 68
51 61
52 83
52 46
53 35
53 5
53 39
53 72
53 9
53 42
53 55
53 76
53 13
53 14
53 49
53 82
53 3
53 85
53 54
53 41
53 58
53 27
54 64
54 65
54 36
54 71
54 8
54 73
54 75
54 45
54 78
54 48
54 84
54 87
54 57
54 61
54 62
54 31
55 1
55 2
55 36
55 65
55 71
55 8
55 73
55 75
55 78
55 48
55 84
55 57
55 87
55 68
55 61
55 31
56 64
56 65
56 36
56 71
56 8
56 73
56 75
56 78
56 48
56 84
56 57
56 87
56 68
56 61
56 31
57 70
57 42
57 11
57 82
57 86
57 55
57 58
57 74
58 1
58 2
58 36
58 65
58 71
58 8
58 75
58 34
58 84
58 87
58 68
58 61
58 31
59 56
60 83
60 46
61 64
61 33
61 4
61 69
61 6
61 7
61 73
61 32
61 12
61 77
61 63
61 45
61 80
61 29
61 48
61 25
61 26
61 47
61 44
61 62
61 37
62 1
62 2
62 75
62 36
62 8
62 43
62 34
62 40
62 84
62 68
62 61
62 31
63 5
63 39
63 9
63 42
63 76
63 13
63 14
63 49
63 82
63 55
63 58
63 27
64 3
64 4
64 5
64 7
64 9
64 12
64 13
64 14
64 25
64 27
64 32
64 35
64 37
64 39
64 41
64 49
64 54
64 63
64 69
64 72
64 76
64 82
64 85
65 19
65 67
65 40
65 43
65 79
65 51
65 23
65 28
66 59
66 52
66 53
66 22
67 5
67 70
67 9
67 42
67 13
67 49
67 82
67 55
67 58
67 27
67 74
68 70
68 42
68 11
68 86
68 55
68 58
68 74
69 35
69 5
69 39
69 9
69 42
69 76
69 13
69 14
69 49
69 82
69 54
69 55
69 58
69 27
70 64
70 33
70 6
70 71
70 80
70 73
70 44
70 77
70 78
70 45
70 48
70 57
70 26
70 47
70 29
70 62
71 3
71 4
71 5
71 7
71 9
71 12
71 13
71 14
71 25
71 27
71 32
71 35
71 37
71 39
71 41
71 49
71 54
71 63
71 69
71 72
71 76
71 77
71 85
72 64
72 65
72 36
72 71
72 8
72 73
72 75
72 45
72 78
72 48
72 84
72 87
72 57
72 61
72 62
72 31
73 3
73 4
73 6
73 7
73 12
73 14
73 25
73 26
73 29
73 32
73 33
73 35
73 37
73 39
73 41
73 44
73 47
73 54
73 63
73 69
73 72
73 77
73 80
73 85
74 1
74 2
74 36
74 65
74 71
74 8
74 73
74 75
74 78
74 48
74 84
74 57
74 87
74 68
74 61
74 31
75 1
75 2
75 36
75 65
75 71
75 8
75 78
75 84
75 57
75 87
75 68
75 61
75 31
76 19
76 1
76 2
76 67
76 68
76 40
76 43
76 34
76 51
77 5
77 70
77 9
77 42
77 13
77 49
77 82
77 55
77 58
77 27
77 74
78 70
78 42
78 11
78 13
78 49
78 82
78 55
78 58
78 74
79 5
79 70
79 9
79 42
79 13
79 49
79 82
79 55
79 58
79 27
79 74
80 1
80 2
80 67
80 68
80 40
80 43
80 34
80 8
80 75
80 84
81 88
81 66
81 38
82 74
82 11
82 86
82 70
83 19
83 34
83 67
83 40
83 43
83 51
83 23
83 28
84 66
84 38
84 10
84 81
84 83
84 88
85 58
85 11
85 74
85 86
85 70
86 1
86 2
86 36
86 65
86 71
86 8
86 75
86 34
86 84
86 87
86 68
86 61
86 31
87 74
87 11
87 86
87 70
88 1
88 2
88 36
88 65
88 8
88 75
88 34
88 84
88 87
88 68
88 61
88 31
