88
1 2
1 4
1 6
1 8
1 22
1 27
1 33
1 34
1 36
1 40
1 41
1 43
1 44
1 46
1 48
1 59
1 62
1 63
1 64
1 66
1 74
1 75
1 76
1 78
1 79
1 80
2 13
3 17
3 38
3 7
4 17
4 7
4 38
4 23
5 57
5 58
5 85
5 54
5 15
6 1
6 83
6 68
6 37
6 70
6 28
6 9
6 12
6 14
6 47
6 50
6 51
6 60
6 29
7 17
7 38
8 61
8 13
9 32
9 69
9 39
9 73
9 11
9 16
9 49
9 84
9 86
9 87
9 56
9 26
9 30
9 5
10 1
10 34
10 67
10 68
10 70
10 65
10 9
10 66
10 14
10 79
10 51
10 28
10 24
10 25
10 60
10 62
11 64
11 33
11 34
11 67
11 4
11 6
11 40
11 41
11 10
11 76
11 66
11 78
11 79
11 59
11 24
11 25
11 27
11 62
11 63
13 32
13 35
13 69
13 39
13 73
13 11
13 77
13 16
13 49
13 84
13 86
13 56
13 26
13 31
13 30
13 5
14 64
14 33
14 34
14 67
14 4
14 70
14 65
14 9
14 10
14 66
14 28
14 79
14 51
14 41
14 24
14 25
14 27
14 60
14 62
17 1
17 68
17 37
17 12
17 47
17 50
17 83
17 23
17 29
19 20
21 80
21 2
21 75
21 36
21 6
21 81
21 40
21 76
21 42
21 43
21 44
21 46
21 48
21 8
21 78
21 22
21 88
21 59
21 74
21 63
23 1
23 68
23 37
23 12
23 47
23 50
23 83
23 29
24 1
24 68
24 37
24 12
24 47
24 50
24 83
24 23
24 29
25 38
25 7
26 1
26 83
26 68
26 37
26 70
26 65
26 9
26 12
26 14
26 47
26 50
26 51
26 28
26 60
26 29
27 80
27 2
27 75
27 36
27 6
27 81
27 40
27 76
27 42
27 43
27 44
27 46
27 48
27 8
27 78
27 22
27 88
27 59
27 74
27 63
28 61
28 7
29 2
29 8
29 11
29 16
29 22
29 26
29 30
29 31
29 35
29 36
29 39
29 42
29 44
29 46
29 48
29 49
29 69
29 73
29 74
29 77
29 80
29 81
29 84
29 88
30 80
30 2
30 75
30 36
30 6
30 81
30 40
30 76
30 42
30 43
30 44
30 46
30 48
30 8
30 78
30 22
30 88
30 59
30 74
30 63
31 1
31 34
31 67
31 68
31 70
31 65
31 9
31 10
31 66
31 14
31 79
31 51
31 28
31 24
31 25
31 60
31 62
32 1
32 68
32 37
32 12
32 47
32 50
32 83
32 23
32 29
33 61
33 13
34 1
34 83
34 67
34 68
34 37
34 70
34 65
34 9
34 14
34 47
34 51
34 28
34 60
35 17
35 7
35 38
35 23
36 37
36 38
36 12
36 17
36 50
36 23
36 29
37 1
37 67
37 68
37 70
37 65
37 9
37 10
37 14
37 47
37 83
37 28
37 60
37 51
38 3
38 71
38 72
38 45
38 82
38 52
38 21
38 53
39 17
39 38
39 7
40 1
40 83
40 68
40 37
40 70
40 65
40 9
40 12
40 14
40 47
40 50
40 51
40 28
40 60
40 29
41 3
41 71
41 72
41 45
41 52
41 21
41 87
41 53
42 1
42 67
42 68
42 70
42 65
42 9
42 10
42 14
42 83
42 28
42 24
42 25
42 60
42 51
43 64
43 33
43 34
43 67
43 4
43 6
43 65
43 9
43 10
43 76
43 66
43 14
43 79
43 59
43 41
43 24
43 25
43 27
43 60
43 62
44 4
44 6
44 8
44 22
44 27
44 33
44 34
44 36
44 40
44 41
44 43
44 46
44 48
44 59
44 62
44 63
44 64
44 66
44 74
44 75
44 76
44 78
44 79
44 80
45 1
45 37
45 12
45 47
45 17
45 50
45 83
45 23
45 29
46 80
46 2
46 75
46 36
46 6
46 81
46 40
46 76
46 42
46 43
46 44
46 78
46 48
46 8
46 22
46 88
46 59
46 74
46 63
47 1
47 83
47 68
47 37
47 70
47 65
47 9
47 12
47 14
47 51
47 28
47 60
48 64
48 33
48 34
48 67
48 4
48 70
48 65
48 9
48 10
48 66
48 14
48 79
48 51
48 28
48 41
48 24
48 25
48 27
48 60
48 62
49 38
49 7
50 1
50 68
50 37
50 12
50 47
50 83
50 23
50 29
51 64
51 33
51 34
51 67
51 4
51 70
51 65
51 9
51 10
51 66
51 14
51 79
51 28
51 41
51 24
51 25
51 27
51 60
51 62
53 2
53 4
53 6
53 8
53 22
53 27
53 33
53 34
53 36
53 40
53 41
53 43
53 44
53 46
53 48
53 59
53 62
53 63
53 64
53 66
53 74
53 75
53 76
53 78
53 79
53 80
54 38
54 7
55 2
55 8
55 16
55 22
55 30
55 31
55 35
55 36
55 39
55 40
55 42
55 43
55 44
55 46
55 48
55 69
55 73
55 74
55 75
55 77
55 80
55 81
55 88
56 37
56 38
56 12
56 17
56 50
56 23
56 29
57 17
57 38
57 7
59 1
59 83
59 68
59 37
59 70
59 65
59 9
59 14
59 47
59 51
59 28
59 60
60 1
60 68
60 37
60 12
60 47
60 17
60 50
60 83
60 23
60 29
61 64
61 33
61 34
61 67
61 4
61 70
61 65
61 9
61 10
61 66
61 14
61 79
61 51
61 28
61 41
61 24
61 25
61 27
61 60
61 62
62 1
62 68
62 37
62 12
62 47
62 50
62 83
62 23
62 29
63 61
63 13
64 17
64 38
64 7
65 61
65 38
65 7
66 2
66 8
66 11
66 16
66 22
66 26
66 30
66 31
66 35
66 36
66 39
66 42
66 43
66 44
66 46
66 48
66 69
66 73
66 74
66 75
66 77
66 80
66 81
66 84
66 88
67 61
67 13
68 38
68 7
68 12
68 17
68 50
68 23
68 29
69 17
69 38
69 7
70 15
70 82
70 85
70 54
70 57
70 58
71 64
71 33
71 34
71 67
71 4
71 6
71 65
71 41
71 10
71 76
71 66
71 78
71 79
71 59
71 24
71 25
71 27
71 62
71 63
72 64
72 33
72 34
72 67
72 4
72 6
72 40
72 41
72 10
72 76
72 66
72 78
72 79
72 59
72 24
72 25
72 27
72 62
72 63
73 37
73 12
73 47
73 17
73 50
73 83
73 23
73 29
74 37
74 12
74 47
74 17
74 50
74 83
74 23
74 29
76 13
77 64
77 33
77 34
77 67
77 4
77 70
77 65
77 9
77 10
77 66
77 14
77 79
77 51
77 28
77 41
77 24
77 25
77 27
77 60
77 62
78 1
78 83
78 67
78 68
78 37
78 70
78 65
78 9
78 14
78 47
78 51
78 28
78 60
79 61
79 13
80 38
80 12
80 17
80 50
80 23
80 29
81 38
81 7
81 12
81 17
81 50
81 23
81 29
82 64
82 33
82 34
82 67
82 4
82 6
82 65
82 9
82 10
82 76
82 66
82 79
82 59
82 41
82 24
82 25
82 27
82 60
82 62
82 63
83 2
83 11
83 16
83 22
83 26
83 30
83 31
83 35
83 36
83 39
83 42
83 44
83 48
83 49
83 69
83 73
83 74
83 77
83 80
83 81
83 84
83 86
83 88
84 61
84 38
84 7
85 13
86 1
86 68
86 37
86 12
86 47
86 17
86 50
86 83
86 23
86 29
87 64
87 33
87 34
87 67
87 4
87 6
87 65
87 41
87 10
87 76
87 66
87 78
87 79
87 59
87 24
87 25
87 27
87 62
87 63
88 64
88 33
88 34
88 67
88 4
88 70
88 6
88 65
88 9
88 10
88 66
88 14
88 79
88 51
88 28
88 41
88 24
88 25
88 27
88 60
88 62
