88
1 2
1 6
2 1
3 65
3 5
3 38
3 83
3 84
3 53
3 20
3 51
4 2
4 6
4 79
4 19
4 85
4 59
5 33
5 38
5 9
5 79
5 83
5 84
5 53
5 59
6 32
6 34
6 4
6 37
6 72
6 41
6 74
6 77
6 46
6 47
6 49
6 78
6 54
6 73
6 36
6 31
6 28
6 29
6 63
7 33
7 38
7 9
7 79
7 19
7 85
7 59
8 66
8 35
8 39
8 76
8 42
8 11
8 12
8 13
8 14
8 48
8 17
8 3
8 21
8 87
8 88
8 25
8 26
8 61
8 30
9 4
9 7
9 10
9 13
9 18
9 22
9 40
9 44
9 46
9 47
9 49
9 50
9 56
9 57
9 60
9 62
9 67
9 68
9 69
9 70
9 72
9 76
9 78
9 80
9 86
10 33
10 38
10 9
10 79
10 19
10 85
10 59
11 65
11 5
11 38
11 8
11 75
11 83
11 84
11 53
11 20
11 51
12 4
12 7
12 10
12 18
12 22
12 29
12 32
12 34
12 37
12 40
12 41
12 46
12 47
12 49
12 50
12 56
12 57
12 60
12 62
12 69
12 72
12 77
12 78
12 80
12 86
13 66
13 3
13 68
13 70
13 76
13 42
13 11
13 44
13 17
13 18
13 67
13 21
13 22
13 25
13 26
13 61
14 33
14 5
14 38
14 65
14 9
14 83
14 84
14 53
14 20
14 51
15 2
15 6
16 2
16 6
17 58
17 27
17 52
17 23
19 4
19 7
19 10
19 18
19 22
19 32
19 40
19 41
19 44
19 46
19 47
19 49
19 50
19 56
19 57
19 60
19 62
19 69
19 72
19 77
19 78
19 80
19 86
20 35
20 66
20 67
20 68
20 70
20 39
20 42
20 11
20 76
20 13
20 17
20 3
20 21
20 87
20 88
20 25
20 26
20 61
21 33
21 38
21 9
21 79
21 19
21 85
21 59
22 4
22 7
22 29
22 31
22 32
22 34
22 37
22 40
22 41
22 46
22 47
22 49
22 50
22 56
22 57
22 60
22 62
22 63
22 69
22 72
22 74
22 77
22 78
22 80
22 86
25 2
25 6
25 79
25 19
25 85
25 59
26 4
26 7
26 10
26 18
26 22
26 40
26 44
26 46
26 47
26 49
26 50
26 56
26 57
26 60
26 62
26 67
26 68
26 69
26 70
26 72
26 76
26 78
26 80
26 86
27 1
28 1
29 2
29 6
29 79
29 19
29 85
29 59
30 1
31 2
31 19
31 6
32 2
32 6
33 38
33 9
33 79
33 83
33 84
33 53
33 20
34 65
34 35
34 5
34 8
34 75
34 12
34 14
34 48
34 51
34 20
34 53
34 88
34 84
34 30
35 33
35 38
35 9
35 79
35 19
35 85
35 59
36 35
36 39
36 8
36 75
36 12
36 14
36 48
36 17
36 3
36 87
36 88
36 25
36 26
36 61
36 30
37 1
38 35
38 39
38 8
38 75
38 12
38 14
38 48
38 17
38 3
38 87
38 88
38 25
38 26
38 61
38 30
39 33
39 38
39 9
39 79
39 19
39 85
39 59
40 2
40 19
40 85
40 6
41 65
41 3
41 5
41 51
41 39
41 8
41 75
41 12
41 14
41 48
41 35
41 20
41 87
41 88
41 26
41 30
42 65
42 35
42 5
42 39
42 8
42 75
42 12
42 14
42 48
42 51
42 20
42 87
42 88
42 30
43 1
44 33
44 38
44 9
44 79
44 83
44 85
44 59
46 33
46 5
46 38
46 65
46 9
46 83
46 84
46 53
46 20
46 51
47 2
47 19
47 6
48 66
48 67
48 68
48 69
48 70
48 7
48 76
48 10
48 11
48 44
48 13
48 61
48 80
48 17
48 50
48 21
48 22
48 18
48 25
48 42
50 33
50 38
50 9
50 79
50 19
50 85
50 59
51 65
51 5
51 8
51 75
51 14
51 48
51 83
51 84
51 53
51 20
53 65
53 3
53 5
53 51
53 39
53 8
53 75
53 12
53 14
53 48
53 35
53 87
53 88
53 26
53 61
53 30
54 66
54 35
54 39
54 8
54 75
54 12
54 14
54 48
54 17
54 3
54 87
54 88
54 25
54 26
54 61
54 30
55 33
55 38
55 9
55 79
55 83
55 84
55 53
55 59
56 35
56 66
56 67
56 68
56 70
56 39
56 42
56 11
56 76
56 13
56 17
56 3
56 21
56 87
56 88
56 25
56 26
56 61
57 1
58 65
58 83
58 35
58 5
58 8
58 75
58 12
58 14
58 48
58 51
58 20
58 53
58 88
58 84
58 30
59 4
59 7
59 10
59 18
59 22
59 40
59 44
59 46
59 47
59 49
59 50
59 56
59 57
59 60
59 62
59 67
59 68
59 69
59 70
59 72
59 76
59 78
59 80
59 86
60 2
60 19
60 85
60 6
61 33
61 5
61 38
61 9
61 83
61 84
61 53
61 20
62 66
62 35
62 39
62 76
62 42
62 11
62 12
62 13
62 14
62 17
62 3
62 21
62 87
62 88
62 25
62 26
62 61
62 30
63 2
63 19
63 85
63 6
64 65
64 35
64 5
64 39
64 8
64 75
64 12
64 14
64 48
64 51
64 20
64 87
64 88
64 30
65 33
65 5
65 38
65 9
65 83
65 84
65 53
65 20
65 51
66 4
66 7
66 10
66 18
66 22
66 32
66 40
66 41
66 44
66 46
66 47
66 49
66 50
66 56
66 57
66 60
66 62
66 67
66 68
66 69
66 70
66 72
66 77
66 78
66 80
66 86
68 2
68 19
68 85
68 6
69 66
69 3
69 68
69 70
69 76
69 42
69 11
69 44
69 13
69 17
69 18
69 67
69 21
69 22
69 25
69 26
69 61
70 4
70 7
70 10
70 18
70 22
70 29
70 32
70 34
70 37
70 40
70 41
70 46
70 47
70 49
70 50
70 56
70 57
70 60
70 62
70 69
70 72
70 77
70 78
70 80
70 86
71 1
72 66
72 3
72 68
72 70
72 39
72 76
72 42
72 11
72 44
72 13
72 17
72 18
72 67
72 21
72 22
72 87
72 25
72 26
72 61
73 33
73 38
73 9
73 79
73 19
73 85
73 59
74 33
74 38
74 9
74 79
74 85
74 59
75 65
75 5
75 51
75 8
75 83
75 84
75 53
75 20
76 65
76 3
76 5
76 51
76 39
76 8
76 75
76 12
76 14
76 48
76 35
76 20
76 87
76 88
76 26
76 30
77 33
77 38
77 9
77 79
77 19
77 85
77 59
78 66
78 35
78 39
78 76
78 42
78 11
78 12
78 13
78 14
78 48
78 17
78 3
78 21
78 87
78 88
78 25
78 26
78 61
78 30
79 65
79 83
79 5
79 8
79 75
79 12
79 14
79 48
79 51
79 84
79 53
79 88
79 20
79 30
80 64
80 34
80 36
80 73
80 74
80 43
80 16
80 54
80 55
80 31
80 28
80 63
82 2
82 6
83 65
83 5
83 8
83 75
83 14
83 48
83 51
83 84
83 53
83 20
83 30
84 35
84 66
84 67
84 68
84 70
84 39
84 76
84 42
84 11
84 44
84 13
84 17
84 18
84 3
84 21
84 22
84 87
84 25
84 26
84 61
85 65
85 3
85 5
85 51
85 39
85 8
85 75
85 12
85 14
85 48
85 35
85 20
85 87
85 88
85 26
85 30
86 32
86 34
86 4
86 37
86 40
86 41
86 74
86 62
86 77
86 46
86 47
86 49
86 78
86 54
86 56
86 57
86 31
86 60
86 29
86 72
86 63
87 33
87 5
87 38
87 65
87 9
87 83
87 84
87 53
87 20
87 51
88 66
88 35
88 39
88 76
88 42
88 11
88 12
88 13
88 14
88 48
88 17
88 3
88 21
88 87
88 25
88 26
88 61
88 30
