88
1 4
1 6
1 7
1 8
1 9
1 14
1 15
1 19
1 21
1 23
1 31
1 33
1 35
1 36
1 41
1 47
1 49
1 51
1 52
1 53
1 58
1 61
1 63
1 64
1 65
1 68
1 71
1 72
1 75
1 77
1 79
1 81
1 82
1 84
2 70
2 73
2 57
2 56
2 25
2 29
3 1
3 66
3 50
3 37
3 38
3 39
3 40
3 80
3 10
3 87
3 12
3 13
3 46
3 48
3 24
3 18
3 78
3 55
3 88
4 1
4 3
4 10
4 11
4 12
4 13
4 19
4 23
4 24
4 26
4 32
4 33
4 39
4 42
4 48
4 50
4 55
4 58
4 61
4 63
4 64
4 66
4 72
4 75
4 78
4 80
4 87
4 88
5 3
5 4
5 6
5 7
5 8
5 9
5 11
5 12
5 13
5 15
5 19
5 21
5 23
5 24
5 26
5 32
5 33
5 36
5 39
5 41
5 42
5 47
5 48
5 53
5 58
5 61
5 63
5 64
5 72
5 75
5 77
5 79
5 81
5 82
6 1
6 3
6 4
6 7
6 9
6 10
6 11
6 12
6 13
6 15
6 19
6 21
6 23
6 24
6 26
6 32
6 33
6 36
6 39
6 42
6 47
6 48
6 53
6 58
6 61
6 63
6 64
6 72
6 75
6 77
6 79
6 80
6 81
6 82
6 87
6 88
7 25
7 83
7 70
8 4
8 6
8 7
8 9
8 14
8 15
8 19
8 21
8 31
8 35
8 36
8 41
8 47
8 49
8 51
8 52
8 53
8 65
8 68
8 71
8 77
8 79
8 81
8 82
8 84
9 56
9 25
9 29
9 70
9 73
10 51
10 35
10 68
10 69
10 71
10 73
10 74
10 45
10 67
10 20
10 57
10 60
10 31
11 67
11 69
11 73
11 74
11 45
11 35
11 20
11 56
11 57
11 60
11 29
11 31
12 51
12 67
12 69
12 73
12 74
12 45
12 35
12 20
12 56
12 57
12 60
12 29
12 31
13 67
13 69
13 73
13 74
13 45
13 20
13 56
13 57
13 60
13 29
14 4
14 6
14 7
14 8
14 9
14 15
14 19
14 21
14 31
14 33
14 35
14 36
14 41
14 47
14 49
14 51
14 52
14 53
14 61
14 63
14 64
14 65
14 68
14 71
14 72
14 77
14 79
14 81
14 82
14 84
15 83
15 30
16 4
16 7
16 8
16 14
16 15
16 20
16 31
16 35
16 36
16 41
16 45
16 47
16 49
16 51
16 52
16 53
16 60
16 65
16 68
16 71
16 79
16 81
16 84
17 67
17 69
17 73
17 74
17 45
17 20
17 56
17 57
17 29
18 4
18 6
18 7
18 8
18 9
18 11
18 14
18 15
18 19
18 21
18 23
18 31
18 33
18 35
18 36
18 41
18 47
18 49
18 51
18 52
18 53
18 58
18 61
18 63
18 64
18 65
18 68
18 71
18 72
18 75
18 77
18 79
18 81
18 82
18 84
19 70
19 73
19 57
19 56
19 25
19 29
20 65
20 67
20 68
20 69
20 51
20 71
20 8
20 74
20 45
20 14
20 49
20 35
20 84
20 52
20 60
20 31
21 56
21 25
21 29
21 70
22 67
22 69
22 73
22 74
22 45
22 35
22 20
22 56
22 57
22 60
22 29
22 31
23 51
23 35
23 68
23 69
23 71
23 74
23 45
23 49
23 67
23 52
23 57
23 84
23 60
23 20
23 31
24 56
24 25
24 29
24 70
25 4
25 7
25 8
25 14
25 15
25 21
25 31
25 35
25 36
25 41
25 45
25 47
25 49
25 51
25 52
25 53
25 60
25 65
25 68
25 71
25 79
25 81
25 82
25 84
27 56
27 25
27 29
27 70
27 73
29 4
29 6
29 7
29 8
29 9
29 14
29 15
29 21
29 31
29 35
29 36
29 41
29 47
29 49
29 51
29 52
29 53
29 65
29 68
29 71
29 77
29 79
29 81
29 82
29 84
30 34
30 37
30 38
30 54
30 40
30 44
30 43
30 76
30 66
30 46
30 16
30 18
30 22
30 55
30 27
30 28
30 62
31 56
31 25
31 29
31 70
32 83
32 30
33 70
33 73
33 57
33 56
33 25
33 29
34 30
35 83
35 30
36 56
36 25
36 29
36 70
36 73
37 56
37 25
37 29
37 70
38 4
38 6
38 7
38 8
38 14
38 15
38 21
38 31
38 35
38 36
38 41
38 45
38 47
38 49
38 51
38 52
38 53
38 60
38 65
38 68
38 71
38 79
38 81
38 82
38 84
39 30
40 56
40 25
40 29
40 70
41 25
41 83
41 70
42 70
42 73
42 57
42 56
42 25
42 29
43 30
45 30
46 25
46 83
46 70
48 51
48 35
48 68
48 69
48 71
48 73
48 74
48 45
48 67
48 20
48 57
48 52
48 60
48 31
49 1
49 3
49 4
49 6
49 7
49 9
49 10
49 11
49 12
49 13
49 15
49 19
49 21
49 23
49 24
49 26
49 32
49 33
49 36
49 39
49 42
49 47
49 48
49 53
49 58
49 61
49 63
49 64
49 72
49 75
49 77
49 79
49 80
49 81
49 82
49 87
49 88
50 56
50 25
50 29
50 70
50 73
51 69
51 70
51 73
51 57
51 56
51 25
51 29
52 51
52 35
52 68
52 69
52 71
52 73
52 74
52 45
52 67
52 20
52 57
52 60
52 31
53 67
53 69
53 73
53 74
53 20
53 56
53 57
53 29
55 83
55 30
56 25
56 83
56 70
56 30
57 51
57 67
57 69
57 73
57 74
57 45
57 35
57 20
57 60
57 31
60 56
60 25
60 29
60 70
61 51
61 35
61 68
61 69
61 71
61 73
61 74
61 45
61 67
61 20
61 57
61 52
61 60
61 31
63 4
63 6
63 7
63 8
63 9
63 14
63 15
63 19
63 21
63 31
63 35
63 36
63 41
63 47
63 49
63 51
63 52
63 53
63 65
63 68
63 71
63 77
63 79
63 81
63 82
63 84
64 3
64 4
64 6
64 7
64 8
64 9
64 11
64 14
64 15
64 19
64 21
64 23
64 24
64 26
64 32
64 33
64 36
64 41
64 42
64 47
64 48
64 49
64 52
64 53
64 58
64 61
64 63
64 65
64 72
64 75
64 77
64 79
64 81
64 82
64 84
65 56
65 25
65 29
65 70
67 83
67 30
69 56
69 25
69 83
69 29
69 70
70 67
70 69
70 73
70 74
70 45
70 35
70 20
70 56
70 57
70 60
70 29
70 31
71 56
71 25
71 29
71 70
73 56
73 57
73 74
73 69
73 29
74 56
74 57
74 69
74 73
74 29
75 56
75 25
75 29
75 70
77 25
77 83
77 70
78 51
78 35
78 68
78 69
78 71
78 73
78 74
78 45
78 67
78 20
78 57
78 52
78 60
78 31
79 67
79 69
79 73
79 74
79 20
79 56
79 57
79 29
80 30
81 51
81 67
81 69
81 73
81 74
81 45
81 35
81 20
81 57
81 60
81 29
81 31
82 51
82 35
82 68
82 69
82 71
82 73
82 74
82 45
82 67
82 20
82 57
82 52
82 60
82 31
83 30
84 56
84 25
84 29
84 70
85 4
85 6
85 7
85 8
85 14
85 15
85 21
85 31
85 35
85 36
85 41
85 45
85 47
85 49
85 51
85 52
85 53
85 60
85 65
85 68
85 71
85 77
85 79
85 81
85 82
85 84
86 1
86 3
86 6
86 9
86 10
86 11
86 12
86 13
86 19
86 23
86 24
86 26
86 32
86 33
86 39
86 42
86 48
86 50
86 58
86 61
86 63
86 64
86 72
86 75
86 77
86 78
86 80
86 87
86 88
87 70
87 73
87 57
87 56
87 25
87 29
88 67
88 69
88 73
88 74
88 45
88 20
88 56
88 57
88 29
