88
1 36
1 5
1 7
1 43
1 78
1 18
1 28
2 42
2 86
2 30
3 42
3 86
4 64
4 56
4 23
4 24
4 58
4 60
5 48
5 35
5 6
5 72
5 73
5 57
5 11
5 44
5 16
5 82
5 19
5 52
5 85
5 87
5 84
5 26
5 27
5 62
5 63
6 56
6 64
6 58
6 60
6 24
7 48
7 35
7 6
7 39
7 72
7 73
7 57
7 87
7 44
7 16
7 82
7 19
7 52
7 85
7 55
7 84
7 26
7 62
7 63
8 33
8 34
8 71
8 41
8 75
8 29
8 13
8 45
8 50
8 83
8 54
8 61
9 34
9 41
9 29
9 45
9 79
9 17
9 50
9 51
9 21
9 61
10 35
10 37
10 38
10 72
10 11
10 77
10 48
10 82
10 84
10 87
10 52
10 27
10 70
12 2
12 68
12 10
12 76
12 80
12 53
14 4
14 37
14 12
14 77
14 46
14 47
14 49
14 88
14 31
14 69
19 80
19 65
19 53
21 1
21 33
21 71
21 40
21 74
21 39
21 13
21 14
21 81
21 22
21 55
21 25
21 54
21 63
22 48
22 35
22 70
22 6
22 72
22 73
22 11
22 38
22 16
22 82
22 84
22 85
22 87
22 52
22 26
22 27
22 62
23 36
23 5
23 7
23 43
23 78
23 18
23 28
24 33
24 34
24 71
24 75
24 29
24 13
24 45
24 50
24 83
24 54
24 61
26 80
26 65
26 68
26 53
27 1
27 54
27 6
27 39
27 40
27 74
27 71
27 44
27 14
27 16
27 81
27 19
27 25
27 85
27 22
27 55
27 57
27 26
27 62
27 63
28 67
29 64
29 7
29 78
29 56
29 24
29 58
29 60
30 48
30 35
30 6
30 72
30 73
30 57
30 11
30 44
30 16
30 82
30 19
30 52
30 85
30 87
30 84
30 26
30 27
30 62
30 63
31 1
31 48
31 25
31 6
31 39
31 40
31 73
31 44
31 16
31 72
31 82
31 19
31 52
31 85
31 22
31 55
31 57
31 26
31 62
31 63
32 35
32 4
32 37
32 38
32 31
32 11
32 12
32 77
32 87
32 27
32 70
32 69
33 80
33 65
33 53
34 1
34 33
34 71
34 40
34 74
34 39
34 13
34 14
34 81
34 22
34 55
34 25
34 54
35 4
35 37
35 38
35 31
35 11
35 12
35 77
35 46
35 27
35 70
35 69
36 48
36 35
36 6
36 72
36 73
36 57
36 87
36 44
36 16
36 82
36 19
36 52
36 85
36 55
36 84
36 26
36 62
36 63
37 34
37 41
37 29
37 45
37 79
37 17
37 50
37 51
37 21
37 61
38 34
38 41
38 75
38 29
38 45
38 79
38 17
38 50
38 83
38 61
39 8
39 66
39 67
40 8
40 66
40 67
41 32
41 4
41 69
41 9
41 12
41 77
41 46
41 47
41 49
41 20
41 88
41 31
42 35
42 4
42 37
42 38
42 72
42 11
42 77
42 48
42 82
42 84
42 87
42 52
42 27
42 70
42 69
43 34
43 3
43 41
43 79
43 17
43 51
43 21
43 61
44 1
44 33
44 71
44 40
44 74
44 75
44 45
44 14
44 13
44 81
44 50
44 83
44 22
44 25
44 54
45 64
45 56
45 20
45 23
45 24
45 58
45 60
46 35
46 4
46 37
46 38
46 31
46 11
46 12
46 77
46 87
46 27
46 70
46 69
47 1
47 6
47 39
47 40
47 73
47 74
47 44
47 14
47 16
47 81
47 19
47 25
47 85
47 22
47 55
47 57
47 26
47 62
47 63
48 35
48 4
48 37
48 38
48 31
48 11
48 12
48 77
48 87
48 27
48 70
48 69
49 34
49 41
49 75
49 29
49 45
49 79
49 17
49 50
49 83
49 61
50 35
50 4
50 37
50 38
50 31
50 11
50 12
50 77
50 84
50 87
50 27
50 70
50 69
51 34
51 3
51 41
51 79
51 17
51 21
52 80
52 65
52 68
52 53
53 4
53 37
53 70
53 12
53 77
53 46
53 47
53 49
53 88
53 31
53 69
54 4
54 37
54 38
54 12
54 77
54 46
54 49
54 31
54 70
54 69
55 64
55 36
55 5
55 7
55 43
55 78
55 24
55 28
56 48
56 35
56 38
56 6
56 72
56 73
56 57
56 11
56 16
56 82
56 19
56 84
56 85
56 87
56 52
56 26
56 27
56 62
57 1
57 33
57 71
57 40
57 74
57 39
57 44
57 13
57 14
57 16
57 81
57 19
57 85
57 22
57 55
57 25
57 26
57 54
57 63
58 48
58 35
58 6
58 72
58 73
58 57
58 11
58 44
58 16
58 82
58 19
58 52
58 85
58 87
58 84
58 26
58 27
58 62
58 63
59 1
59 33
59 71
59 40
59 74
59 75
59 13
59 14
59 81
59 83
59 22
59 25
59 54
61 33
61 34
61 71
61 41
61 75
61 13
61 45
61 50
61 83
61 54
61 29
62 1
62 33
62 71
62 40
62 74
62 39
62 44
62 13
62 14
62 81
62 22
62 55
62 25
62 54
62 63
63 64
63 32
63 9
63 24
63 20
63 23
63 56
63 88
63 58
63 60
64 1
64 6
64 39
64 40
64 73
64 74
64 44
64 14
64 16
64 81
64 19
64 25
64 85
64 22
64 55
64 57
64 26
64 62
64 63
65 35
65 4
65 37
65 38
65 31
65 11
65 12
65 77
65 46
65 87
65 27
65 70
65 69
66 17
66 3
66 21
66 51
66 79
67 34
67 3
67 41
67 29
67 79
67 17
67 51
67 21
67 61
68 65
68 3
68 79
68 17
68 51
68 21
69 4
69 37
69 70
69 12
69 77
69 46
69 47
69 49
69 88
69 31
70 48
70 35
70 6
70 39
70 72
70 73
70 57
70 87
70 44
70 16
70 82
70 19
70 52
70 85
70 55
70 84
70 26
70 62
70 63
71 4
71 37
71 38
71 31
71 11
71 12
71 77
71 46
71 27
71 70
71 69
72 48
72 35
72 70
72 38
72 73
72 11
72 16
72 82
72 84
72 87
72 52
72 6
72 27
72 62
73 48
73 35
73 38
73 6
73 72
73 57
73 11
73 44
73 16
73 82
73 19
73 52
73 85
73 87
73 84
73 26
73 27
73 62
73 63
74 1
74 33
74 71
74 40
74 39
74 44
74 13
74 14
74 81
74 19
74 25
74 22
74 55
74 57
74 54
74 63
75 80
75 65
75 10
75 68
75 53
76 1
76 6
76 39
76 40
76 73
76 74
76 44
76 14
76 16
76 81
76 82
76 19
76 25
76 85
76 22
76 55
76 57
76 26
76 62
76 63
77 35
77 4
77 37
77 38
77 72
77 31
77 11
77 48
77 84
77 87
77 52
77 27
77 70
77 69
78 1
78 33
78 71
78 40
78 74
78 39
78 13
78 14
78 81
78 22
78 55
78 25
78 54
79 80
79 65
79 53
80 48
80 6
80 39
80 72
80 73
80 57
80 44
80 16
80 82
80 19
80 84
80 85
80 55
80 52
80 26
80 62
80 63
81 64
81 36
81 5
81 7
81 43
81 78
81 24
81 60
82 35
82 4
82 37
82 38
82 72
82 11
82 77
82 48
82 84
82 87
82 52
82 27
82 70
82 69
83 4
83 37
83 38
83 12
83 77
83 46
83 47
83 49
83 31
83 70
83 69
84 64
84 32
84 9
84 24
84 20
84 23
84 56
84 58
84 60
85 36
85 5
85 7
85 43
85 78
85 24
85 28
86 64
86 7
86 78
86 24
86 58
86 60
87 35
87 4
87 37
87 38
87 31
87 11
87 12
87 77
87 84
87 27
87 70
87 69
88 35
88 4
88 37
88 38
88 72
88 11
88 77
88 48
88 82
88 84
88 87
88 52
88 27
88 70
88 69
