88
1 2
1 9
1 11
1 19
1 21
1 28
1 30
1 32
1 34
1 36
1 37
1 39
1 40
1 42
1 44
1 50
1 54
1 64
1 74
1 76
1 78
1 83
2 1
2 9
2 11
2 14
2 19
2 21
2 28
2 30
2 32
2 34
2 36
2 37
2 39
2 40
2 42
2 44
2 50
2 62
2 64
2 66
2 72
2 74
2 76
2 78
2 83
3 1
3 4
3 5
3 7
3 13
3 14
3 18
3 22
3 27
3 29
3 30
3 31
3 41
3 43
3 46
3 48
3 51
3 57
3 58
3 59
3 62
3 63
3 66
3 68
3 71
3 72
3 73
3 77
3 86
3 87
3 88
4 1
4 2
4 9
4 11
4 14
4 19
4 21
4 28
4 30
4 36
4 37
4 39
4 40
4 41
4 42
4 44
4 50
4 62
4 64
4 66
4 68
4 72
4 74
4 76
4 78
4 83
5 1
5 4
5 9
5 14
5 19
5 21
5 27
5 29
5 30
5 36
5 37
5 39
5 40
5 41
5 43
5 46
5 48
5 50
5 51
5 57
5 58
5 62
5 66
5 68
5 71
5 72
5 78
5 83
5 86
5 88
6 12
6 10
6 84
6 26
7 3
7 10
7 12
7 80
7 81
7 26
10 5
10 6
10 7
10 8
10 13
10 15
10 18
10 22
10 24
10 25
10 47
10 49
10 52
10 53
10 55
10 56
10 59
10 60
10 69
10 70
10 77
10 82
10 85
10 87
11 3
11 10
11 12
11 80
11 81
11 26
12 64
12 32
12 2
12 3
12 10
12 44
12 34
12 80
12 81
12 54
12 28
14 80
14 12
14 10
14 84
14 26
17 4
17 5
17 7
17 13
17 14
17 18
17 22
17 27
17 29
17 31
17 41
17 43
17 46
17 47
17 48
17 51
17 56
17 57
17 58
17 59
17 63
17 66
17 68
17 71
17 73
17 77
17 86
17 87
17 88
18 1
18 2
18 9
18 11
18 14
18 19
18 21
18 28
18 30
18 32
18 34
18 36
18 37
18 39
18 40
18 42
18 44
18 50
18 62
18 64
18 66
18 72
18 74
18 76
18 78
18 83
19 12
19 26
19 84
20 17
20 38
21 84
22 17
22 84
23 17
23 84
24 84
25 64
25 42
25 2
25 3
25 32
25 44
25 10
25 11
25 76
25 34
25 80
25 81
25 19
25 54
25 28
25 74
26 1
26 4
26 9
26 11
26 14
26 19
26 21
26 30
26 36
26 37
26 39
26 40
26 41
26 42
26 43
26 48
26 50
26 51
26 62
26 66
26 68
26 71
26 72
26 74
26 76
26 78
26 83
27 17
27 38
28 1
28 2
28 9
28 11
28 14
28 19
28 21
28 30
28 34
28 36
28 37
28 39
28 40
28 42
28 44
28 50
28 62
28 64
28 66
28 68
28 72
28 74
28 76
28 78
28 83
29 32
29 34
29 3
29 10
29 12
29 80
29 81
29 54
29 26
29 28
30 1
30 4
30 9
30 14
30 19
30 21
30 27
30 29
30 36
30 37
30 39
30 40
30 41
30 43
30 46
30 48
30 50
30 51
30 57
30 58
30 62
30 66
30 68
30 71
30 72
30 78
30 83
30 86
30 88
31 17
31 38
32 64
32 34
32 3
32 36
32 37
32 39
32 9
32 42
32 11
32 44
32 2
32 78
32 76
32 50
32 19
32 21
32 54
32 83
32 28
32 74
33 12
33 26
33 84
34 64
34 19
34 2
34 3
34 36
34 37
34 32
34 39
34 9
34 42
34 11
34 76
34 44
34 50
34 83
34 21
34 54
34 28
34 74
35 84
36 1
36 2
36 9
36 11
36 14
36 19
36 21
36 28
36 30
36 32
36 34
36 37
36 39
36 40
36 42
36 44
36 50
36 62
36 64
36 72
36 74
36 76
36 78
36 83
37 3
37 10
37 12
37 80
37 81
37 54
37 26
38 5
38 7
38 8
38 13
38 15
38 18
38 22
38 24
38 25
38 27
38 29
38 31
38 43
38 46
38 47
38 53
38 56
38 57
38 58
38 59
38 60
38 63
38 73
38 77
38 85
38 86
38 87
38 88
39 12
39 26
39 84
40 32
40 34
40 3
40 10
40 12
40 80
40 81
40 54
40 26
40 28
41 17
41 84
42 64
42 32
42 2
42 3
42 10
42 11
42 44
42 34
42 80
42 81
42 54
42 28
42 74
43 32
43 3
43 10
43 12
43 80
43 81
43 54
43 26
44 1
44 2
44 9
44 11
44 14
44 19
44 21
44 30
44 36
44 37
44 39
44 40
44 41
44 42
44 50
44 62
44 64
44 66
44 68
44 72
44 74
44 76
44 78
44 83
45 84
46 12
46 10
46 84
46 26
47 17
47 84
48 3
48 10
48 12
48 80
48 81
48 26
49 17
49 38
50 1
50 4
50 9
50 11
50 14
50 19
50 21
50 30
50 36
50 37
50 39
50 40
50 41
50 42
50 48
50 51
50 62
50 64
50 66
50 68
50 71
50 72
50 74
50 76
50 78
50 83
51 64
51 19
51 2
51 36
51 37
51 32
51 39
51 40
51 9
51 42
51 11
51 44
51 34
51 78
51 76
51 50
51 83
51 21
51 54
51 28
51 74
52 64
52 32
52 2
52 3
52 10
52 44
52 34
52 80
52 81
52 54
52 28
53 3
53 10
53 12
53 80
53 81
53 26
54 12
54 26
54 84
55 12
55 26
55 84
56 1
56 2
56 9
56 11
56 19
56 21
56 28
56 30
56 32
56 34
56 36
56 37
56 39
56 40
56 42
56 44
56 50
56 54
56 62
56 64
56 72
56 74
56 76
56 78
56 83
57 17
57 84
58 84
59 17
60 3
60 10
60 12
60 80
60 81
60 26
61 80
61 12
61 10
61 84
61 26
62 1
62 4
62 9
62 11
62 14
62 19
62 21
62 30
62 36
62 37
62 39
62 40
62 41
62 42
62 43
62 48
62 50
62 51
62 66
62 68
62 71
62 72
62 74
62 76
62 78
62 83
63 64
63 19
63 34
63 3
63 36
63 37
63 32
63 39
63 44
63 42
63 11
63 76
63 2
63 81
63 50
63 83
63 21
63 54
63 28
63 74
64 1
64 4
64 9
64 13
64 14
64 22
64 27
64 29
64 30
64 31
64 40
64 41
64 43
64 46
64 48
64 51
64 57
64 58
64 62
64 63
64 66
64 68
64 71
64 72
64 73
64 78
64 86
64 87
64 88
65 12
65 10
65 84
65 26
66 1
66 4
66 9
66 11
66 14
66 19
66 21
66 30
66 36
66 37
66 39
66 40
66 41
66 42
66 44
66 48
66 50
66 51
66 62
66 64
66 68
66 71
66 72
66 74
66 76
66 78
66 83
67 12
67 10
67 84
67 26
68 64
68 19
68 2
68 3
68 42
68 32
68 44
68 10
68 11
68 76
68 34
68 80
68 81
68 83
68 54
68 28
68 74
70 38
71 12
71 26
71 84
72 32
72 34
72 3
72 10
72 12
72 80
72 81
72 54
72 26
73 3
73 10
73 12
73 80
73 81
73 26
74 12
74 26
74 84
75 17
75 84
76 32
76 2
76 3
76 10
76 12
76 34
76 80
76 81
76 54
76 26
76 28
77 17
77 84
78 3
78 10
78 12
78 80
78 81
78 26
79 12
79 26
79 84
80 1
80 2
80 9
80 11
80 14
80 19
80 21
80 28
80 30
80 34
80 36
80 37
80 39
80 40
80 42
80 44
80 50
80 62
80 64
80 66
80 72
80 74
80 76
80 78
80 83
83 17
83 38
84 26
84 12
87 12
87 26
87 84
88 64
88 19
88 2
88 3
88 36
88 37
88 32
88 39
88 9
88 42
88 11
88 44
88 34
88 78
88 76
88 50
88 83
88 21
88 54
88 28
88 74
