88
1 64
1 33
1 3
1 7
1 9
1 10
1 77
1 15
1 50
1 84
1 79
1 60
1 42
2 1
2 4
2 6
2 7
2 9
2 10
2 11
2 13
2 14
2 17
2 23
2 24
2 25
2 29
2 31
2 33
2 41
2 42
2 45
2 47
2 56
2 61
2 64
2 77
2 79
3 1
3 10
3 44
3 77
3 15
3 50
3 84
3 85
3 55
3 20
3 79
3 60
4 5
4 44
4 18
4 15
4 50
4 20
4 21
4 55
4 85
5 64
5 1
5 3
5 33
5 7
5 9
5 10
5 77
5 15
5 50
5 84
5 79
5 60
5 42
6 64
6 1
6 3
6 33
6 7
6 9
6 10
6 77
6 15
6 50
6 84
6 79
6 60
6 42
7 2
7 4
7 6
7 11
7 12
7 13
7 14
7 17
7 19
7 23
7 24
7 25
7 29
7 31
7 32
7 35
7 36
7 38
7 41
7 43
7 45
7 46
7 47
7 53
7 56
7 61
7 75
7 82
7 87
8 2
8 4
8 6
8 9
8 11
8 12
8 13
8 14
8 17
8 19
8 23
8 24
8 25
8 29
8 31
8 32
8 35
8 38
8 41
8 43
8 45
8 46
8 47
8 53
8 56
8 61
8 75
8 82
8 87
9 3
9 10
9 44
9 15
9 50
9 20
9 85
9 55
9 84
9 79
9 60
10 64
10 1
10 45
10 3
10 77
10 33
10 7
10 9
10 42
10 11
10 13
10 14
10 47
10 17
10 41
10 56
10 79
10 60
10 29
11 44
11 18
11 15
11 50
11 84
11 21
11 55
11 20
11 85
12 2
12 6
12 19
12 23
12 25
12 30
12 31
12 32
12 35
12 36
12 38
12 39
12 40
12 43
12 46
12 49
12 53
12 57
12 61
12 71
12 73
12 75
12 82
12 87
12 88
13 2
13 4
13 6
13 7
13 9
13 11
13 14
13 17
13 23
13 24
13 25
13 29
13 31
13 32
13 33
13 35
13 38
13 41
13 42
13 43
13 45
13 46
13 47
13 56
13 61
13 64
14 64
14 1
14 45
14 3
14 33
14 7
14 9
14 10
14 29
14 13
14 77
14 47
14 17
14 41
14 56
14 79
14 60
14 42
15 67
15 35
15 36
15 37
15 70
15 39
15 40
15 73
15 75
15 12
15 46
15 49
15 82
15 19
15 53
15 87
15 88
15 57
15 71
15 30
15 63
16 64
16 1
16 3
16 33
16 7
16 10
16 44
16 77
16 15
16 50
16 84
16 55
16 79
16 60
16 42
17 65
17 68
17 70
17 81
17 8
17 74
17 78
17 48
17 72
17 83
17 58
17 27
17 28
17 26
18 64
18 1
18 3
18 33
18 7
18 10
18 44
18 77
18 15
18 50
18 84
18 55
18 79
18 60
18 42
19 3
19 44
19 15
19 50
19 20
19 21
19 55
19 84
19 60
19 85
20 18
20 5
21 2
21 4
21 6
21 7
21 9
21 11
21 13
21 14
21 17
21 23
21 24
21 25
21 29
21 31
21 32
21 33
21 35
21 38
21 41
21 42
21 43
21 45
21 46
21 47
21 56
21 61
21 64
22 1
22 3
22 33
22 10
22 44
22 77
22 15
22 50
22 84
22 85
22 55
22 79
22 60
23 1
23 4
23 6
23 7
23 9
23 10
23 11
23 13
23 14
23 17
23 24
23 25
23 29
23 31
23 33
23 41
23 42
23 45
23 47
23 56
23 61
23 64
23 77
23 79
24 1
24 4
24 6
24 7
24 9
24 10
24 11
24 13
24 14
24 17
24 23
24 25
24 29
24 31
24 33
24 41
24 42
24 45
24 47
24 56
24 61
24 64
24 77
24 79
25 59
26 59
28 18
28 21
28 20
28 85
28 5
29 64
29 1
29 3
29 33
29 7
29 9
29 10
29 77
29 47
29 50
29 84
29 79
29 60
29 42
30 5
30 44
30 18
30 15
30 50
30 84
30 21
30 55
30 20
30 85
31 1
31 3
31 10
31 44
31 77
31 15
31 50
31 20
31 85
31 55
31 84
31 79
31 60
32 18
32 21
32 20
32 85
32 5
33 5
33 44
33 18
33 15
33 50
33 20
33 21
33 55
33 85
34 18
34 21
34 20
34 85
34 5
35 1
35 3
35 33
35 10
35 44
35 77
35 15
35 50
35 20
35 85
35 55
35 84
35 79
35 60
36 5
36 44
36 18
36 15
36 50
36 20
36 21
36 55
36 85
37 5
37 44
37 18
37 15
37 50
37 20
37 21
37 55
37 85
38 64
38 1
38 3
38 33
38 7
38 9
38 10
38 13
38 77
38 47
38 84
38 79
38 60
38 42
39 64
39 1
39 3
39 33
39 7
39 9
39 10
39 77
39 15
39 50
39 84
39 79
39 60
39 42
40 1
40 3
40 10
40 44
40 77
40 15
40 50
40 20
40 85
40 55
40 84
40 79
40 60
43 44
43 18
43 15
43 50
43 84
43 21
43 55
43 20
43 85
44 64
44 1
44 3
44 33
44 7
44 10
44 77
44 15
44 50
44 84
44 55
44 79
44 60
44 42
45 2
45 4
45 6
45 11
45 12
45 19
45 23
45 24
45 25
45 30
45 31
45 32
45 35
45 36
45 38
45 40
45 43
45 46
45 49
45 53
45 57
45 61
45 71
45 73
45 75
45 82
45 87
47 3
47 44
47 15
47 50
47 20
47 21
47 55
47 84
47 60
47 85
48 5
48 18
48 20
48 21
48 55
48 85
49 1
49 3
49 10
49 44
49 77
49 15
49 50
49 20
49 85
49 55
49 84
49 79
49 60
51 64
51 1
51 3
51 33
51 7
51 10
51 44
51 77
51 15
51 50
51 84
51 85
51 55
51 79
51 60
51 42
52 18
52 21
52 20
52 85
52 5
53 59
54 18
54 5
55 5
55 44
55 18
55 20
55 21
55 85
59 69
59 72
59 81
59 83
59 58
59 27
59 28
59 26
60 64
60 1
60 45
60 3
60 77
60 33
60 7
60 9
60 10
60 29
60 13
60 14
60 47
60 17
60 41
60 56
60 79
60 42
62 18
62 5
62 21
63 3
63 10
63 44
63 15
63 50
63 20
63 85
63 55
63 84
63 79
63 60
64 2
64 4
64 6
64 9
64 11
64 12
64 13
64 14
64 17
64 19
64 23
64 24
64 25
64 29
64 31
64 32
64 35
64 38
64 41
64 43
64 45
64 46
64 47
64 56
64 61
64 75
64 82
64 87
65 59
67 5
68 5
68 44
68 18
68 15
68 50
68 20
68 21
68 55
68 85
69 64
69 1
69 3
69 33
69 7
69 9
69 10
69 77
69 15
69 50
69 84
69 79
69 60
69 42
70 5
70 44
70 18
70 15
70 50
70 20
70 21
70 55
70 85
73 5
77 64
77 1
77 45
77 4
77 33
77 7
77 9
77 10
77 11
77 29
77 13
77 14
77 47
77 17
77 24
77 41
77 56
77 23
77 79
77 42
79 5
80 5
82 1
82 3
82 10
82 44
82 77
82 15
82 50
82 20
82 85
82 55
82 84
82 79
82 60
83 5
83 44
83 18
83 15
83 50
83 84
83 21
83 55
83 20
83 85
84 44
84 18
84 15
84 50
84 20
84 21
84 55
84 85
85 67
85 36
85 37
85 70
85 39
85 40
85 73
85 75
85 12
85 49
85 82
85 19
85 53
85 87
85 88
85 57
85 71
85 30
85 63
86 2
86 4
86 6
86 11
86 12
86 19
86 23
86 24
86 25
86 30
86 31
86 32
86 35
86 36
86 38
86 40
86 43
86 46
86 49
86 53
86 57
86 61
86 71
86 73
86 75
86 82
86 87
87 18
87 21
87 20
87 85
87 5
88 5
88 44
88 18
88 15
88 50
88 84
88 21
88 55
88 20
88 85
