88
1 64
1 32
1 66
1 68
1 71
1 40
1 11
1 44
1 77
1 78
1 47
1 17
1 82
1 83
1 84
1 21
1 72
1 58
1 28
1 61
2 24
2 1
2 20
2 31
3 2
3 6
3 11
3 17
3 26
3 28
3 29
3 32
3 33
3 38
3 41
3 43
3 45
3 47
3 52
3 53
3 55
3 58
3 59
3 61
3 62
3 64
3 65
3 66
3 68
3 71
3 72
3 73
3 75
3 77
3 78
3 79
3 80
3 82
3 83
3 84
3 88
4 1
4 67
4 5
4 35
4 7
4 31
4 60
4 39
4 3
4 20
4 54
4 23
4 24
4 57
4 87
4 27
4 51
4 63
5 86
5 15
6 15
7 2
7 11
7 17
7 21
7 28
7 32
7 41
7 44
7 47
7 58
7 61
7 64
7 66
7 68
7 71
7 72
7 77
7 78
7 82
7 83
7 84
7 88
8 35
8 3
8 4
8 5
8 51
8 7
8 39
8 76
8 70
8 14
8 49
8 67
8 25
8 85
8 54
8 23
8 57
8 87
8 27
8 60
8 63
10 1
10 67
10 5
10 35
10 7
10 31
10 23
10 3
10 20
10 54
10 87
10 24
10 57
10 27
10 60
10 63
11 4
11 5
11 6
11 7
11 14
11 25
11 27
11 35
11 39
11 45
11 49
11 51
11 52
11 54
11 55
11 57
11 59
11 60
11 62
11 63
11 67
11 70
11 73
11 74
11 75
11 76
11 80
11 85
11 87
12 86
13 19
14 24
14 1
14 31
15 18
17 34
17 68
17 37
17 40
17 42
17 11
17 44
17 46
17 48
17 81
17 21
17 22
20 15
21 4
21 5
21 6
21 7
21 14
21 25
21 27
21 33
21 35
21 39
21 45
21 49
21 51
21 52
21 54
21 55
21 57
21 59
21 60
21 62
21 63
21 67
21 70
21 73
21 74
21 75
21 76
21 80
21 85
21 87
22 86
22 15
23 34
23 36
23 37
23 8
23 12
23 46
23 50
23 22
23 56
23 69
24 15
25 1
25 67
25 5
25 35
25 7
25 31
25 23
25 3
25 20
25 54
25 87
25 24
25 57
25 27
25 60
25 63
26 24
26 31
27 24
27 31
28 86
28 15
29 15
30 86
31 24
31 1
31 20
31 23
32 2
32 4
32 5
32 6
32 14
32 25
32 26
32 29
32 33
32 38
32 39
32 41
32 43
32 45
32 49
32 51
32 52
32 53
32 55
32 57
32 59
32 62
32 65
32 66
32 70
32 73
32 74
32 75
32 76
32 79
32 80
32 85
32 88
33 86
33 15
34 15
35 2
35 4
35 6
35 14
35 25
35 26
35 29
35 32
35 33
35 38
35 41
35 43
35 45
35 49
35 52
35 53
35 55
35 59
35 61
35 62
35 64
35 65
35 66
35 70
35 71
35 72
35 73
35 74
35 75
35 76
35 78
35 79
35 80
35 82
35 83
35 85
35 88
36 15
37 1
37 3
37 20
37 23
37 24
37 31
38 35
38 3
38 4
38 5
38 51
38 7
38 39
38 76
38 14
38 87
38 49
38 67
38 20
38 85
38 54
38 23
38 57
38 25
38 27
38 60
38 63
39 1
39 67
39 5
39 35
39 7
39 31
39 60
39 23
39 3
39 20
39 54
39 87
39 24
39 57
39 27
39 51
39 63
41 1
41 3
41 4
41 5
41 35
41 7
41 63
41 39
41 76
41 87
41 49
41 67
41 20
41 85
41 54
41 23
41 57
41 25
41 27
41 60
41 51
42 2
42 4
42 5
42 6
42 14
42 25
42 26
42 29
42 33
42 38
42 39
42 41
42 43
42 45
42 49
42 51
42 52
42 53
42 54
42 55
42 57
42 59
42 62
42 65
42 70
42 73
42 74
42 75
42 76
42 79
42 80
42 85
42 88
43 1
43 3
43 7
43 20
43 23
43 24
43 27
43 31
44 3
44 4
44 5
44 7
44 14
44 23
44 25
44 27
44 35
44 39
44 49
44 51
44 54
44 57
44 60
44 63
44 67
44 70
44 74
44 76
44 85
44 87
47 3
47 4
47 5
47 6
47 7
47 14
47 25
47 27
47 35
47 39
47 49
47 51
47 54
47 55
47 57
47 59
47 60
47 63
47 67
47 70
47 73
47 74
47 76
47 80
47 85
47 87
48 15
49 1
49 67
49 35
49 7
49 31
49 23
49 3
49 20
49 54
49 87
49 24
49 27
49 60
49 63
50 1
50 3
50 7
50 31
50 20
50 23
50 24
50 27
50 63
51 1
51 3
51 4
51 5
51 35
51 7
51 39
51 76
51 87
51 49
51 67
51 20
51 54
51 23
51 57
51 25
51 27
51 60
51 63
52 15
53 24
53 1
53 20
53 31
54 1
54 67
54 5
54 35
54 7
54 31
54 39
54 76
54 27
54 49
54 3
54 20
54 87
54 23
54 57
54 25
54 63
54 60
54 51
55 2
55 4
55 6
55 14
55 25
55 26
55 29
55 32
55 33
55 38
55 41
55 43
55 45
55 49
55 52
55 53
55 59
55 61
55 62
55 64
55 65
55 66
55 70
55 71
55 72
55 73
55 74
55 75
55 76
55 79
55 80
55 82
55 83
55 85
55 88
56 2
56 4
56 5
56 6
56 14
56 25
56 26
56 29
56 33
56 38
56 39
56 43
56 45
56 49
56 51
56 52
56 53
56 54
56 55
56 57
56 59
56 60
56 62
56 65
56 67
56 70
56 73
56 74
56 75
56 76
56 79
56 80
56 85
56 88
57 19
58 1
58 3
58 7
58 20
58 23
58 24
58 27
58 31
59 24
59 1
59 20
59 31
60 86
61 15
62 1
62 3
62 5
62 35
62 7
62 31
62 60
62 39
62 76
62 67
62 20
62 54
62 23
62 24
62 57
62 87
62 27
62 51
62 63
63 34
63 36
63 69
63 8
63 12
63 46
63 50
63 56
64 15
65 1
65 3
65 7
65 31
65 23
65 35
65 20
65 87
65 24
65 27
65 63
67 2
67 4
67 5
67 6
67 14
67 25
67 26
67 29
67 33
67 38
67 39
67 43
67 45
67 49
67 51
67 52
67 53
67 54
67 55
67 57
67 59
67 60
67 62
67 65
67 70
67 73
67 74
67 75
67 76
67 79
67 80
67 85
67 88
68 15
69 1
69 3
69 20
69 23
69 24
69 31
70 1
70 67
70 5
70 35
70 7
70 31
70 60
70 23
70 3
70 20
70 54
70 87
70 24
70 57
70 27
70 51
70 63
71 1
71 67
71 5
71 35
71 7
71 31
71 60
71 39
71 3
71 20
71 54
71 23
71 24
71 57
71 87
71 27
71 51
71 63
72 1
72 3
72 7
72 31
72 35
72 20
72 23
72 24
72 27
72 63
73 1
73 67
73 5
73 35
73 7
73 31
73 23
73 3
73 20
73 54
73 87
73 24
73 57
73 27
73 60
73 63
74 2
74 4
74 5
74 6
74 14
74 25
74 26
74 29
74 33
74 38
74 39
74 41
74 43
74 45
74 49
74 51
74 52
74 53
74 54
74 55
74 57
74 59
74 62
74 65
74 70
74 73
74 75
74 76
74 79
74 80
74 85
74 88
75 86
76 86
77 24
77 1
77 20
77 31
78 24
78 1
78 20
78 31
80 86
80 15
82 1
82 67
82 35
82 7
82 31
82 23
82 3
82 20
82 87
82 24
82 27
82 60
82 63
83 24
83 31
84 24
84 1
84 23
84 20
84 31
86 24
86 1
86 20
86 31
87 3
87 4
87 5
87 7
87 14
87 23
87 25
87 27
87 35
87 39
87 49
87 51
87 54
87 57
87 60
87 63
87 67
87 70
87 73
87 74
87 76
87 85
88 1
88 3
88 7
88 31
88 23
88 35
88 20
88 87
88 24
88 27
88 63
