88
1 49
1 22
2 64
2 3
2 4
2 38
2 7
2 9
2 10
2 39
2 44
2 15
2 48
2 35
2 85
2 25
2 88
2 57
2 47
2 31
3 81
3 27
3 60
3 52
5 64
5 3
5 4
5 38
5 7
5 9
5 10
5 39
5 44
5 15
5 48
5 35
5 85
5 25
5 88
5 57
5 47
5 31
7 65
7 67
7 36
7 35
7 42
7 43
7 15
7 3
7 86
7 24
7 68
7 79
8 65
8 3
8 36
8 38
8 39
8 9
8 43
8 15
8 35
8 86
8 24
8 68
8 79
9 49
10 18
10 50
10 76
10 5
11 33
11 50
11 5
12 17
12 75
12 70
12 46
12 33
13 17
13 75
13 70
13 46
13 33
14 65
14 3
14 36
14 42
14 43
14 15
14 35
14 86
14 24
14 68
14 79
16 32
16 67
16 6
16 42
16 76
16 18
16 54
16 63
17 41
17 13
17 81
17 52
17 58
17 27
18 30
19 68
19 3
19 4
19 38
19 7
19 9
19 10
19 43
19 44
19 15
19 48
19 35
19 85
19 25
19 88
19 57
19 47
19 39
19 31
20 64
20 2
20 3
20 4
20 38
20 7
20 9
20 10
20 39
20 44
20 15
20 48
20 35
20 85
20 25
20 88
20 57
20 47
20 31
22 32
22 67
22 6
22 42
22 76
22 18
22 54
22 63
23 51
23 34
23 80
23 71
23 8
23 73
23 11
23 12
23 45
23 78
23 16
23 83
23 84
23 53
23 87
23 56
23 26
23 59
23 28
24 80
24 69
24 71
24 8
24 73
24 74
24 11
24 12
24 14
24 16
24 56
24 83
24 78
24 87
24 23
24 26
24 59
24 28
24 53
25 1
25 37
25 72
25 82
25 20
25 62
26 32
26 67
26 36
26 6
26 42
26 54
26 24
26 63
27 32
27 67
27 6
27 76
27 18
27 54
27 63
28 68
28 3
28 4
28 38
28 7
28 9
28 10
28 43
28 44
28 15
28 48
28 35
28 85
28 25
28 88
28 57
28 47
28 39
28 31
29 49
30 41
30 13
30 81
30 52
30 58
30 27
31 32
31 65
31 67
31 36
31 54
31 42
31 43
31 79
31 86
31 24
31 63
32 64
32 3
32 4
32 38
32 7
32 9
32 10
32 39
32 44
32 15
32 48
32 35
32 85
32 25
32 88
32 57
32 47
32 31
33 20
33 37
33 55
34 50
34 76
34 5
35 64
35 3
35 4
35 38
35 7
35 9
35 10
35 39
35 44
35 15
35 48
35 85
35 25
35 88
35 57
35 47
35 31
36 64
36 2
36 10
36 45
36 44
36 34
36 77
36 51
36 84
36 28
37 64
37 2
37 4
37 10
37 44
37 34
37 77
37 45
37 48
37 51
37 84
37 88
37 57
37 47
37 31
38 51
38 80
38 71
38 8
38 73
38 74
38 11
38 12
38 45
38 78
38 16
38 56
38 83
38 84
38 53
38 87
38 23
38 26
38 59
38 28
39 68
39 65
39 3
39 4
39 38
39 7
39 9
39 10
39 43
39 44
39 15
39 48
39 35
39 85
39 25
39 88
39 57
39 47
39 31
40 18
40 50
40 76
40 5
41 68
41 65
41 3
41 4
41 38
41 7
41 9
41 43
41 47
41 79
41 48
41 35
41 85
41 86
41 25
41 88
41 57
41 15
41 39
41 31
42 68
42 65
42 3
42 4
42 38
42 7
42 9
42 10
42 43
42 44
42 15
42 48
42 35
42 85
42 25
42 88
42 57
42 47
42 39
42 31
43 32
43 6
43 76
43 18
43 54
43 63
44 32
44 67
44 36
44 6
44 42
44 79
44 54
44 24
44 63
45 72
45 1
45 82
45 60
45 62
46 40
46 41
46 13
46 29
46 81
46 52
46 21
46 58
46 27
46 61
47 64
47 2
47 4
47 7
47 10
47 44
47 34
47 77
47 48
47 85
47 25
47 88
47 57
47 31
48 65
48 3
48 36
48 38
48 39
48 9
48 43
48 15
48 35
48 86
48 25
48 24
48 68
48 79
49 80
49 83
49 69
49 71
49 8
49 73
49 74
49 11
49 12
49 14
49 16
49 56
49 19
49 78
49 87
49 23
49 26
49 59
49 53
50 64
50 16
50 2
50 8
50 73
50 45
50 34
50 78
50 77
50 80
50 51
50 84
50 53
50 87
50 56
50 28
51 55
52 80
52 69
52 71
52 8
52 73
52 74
52 11
52 12
52 14
52 16
52 56
52 83
52 78
52 87
52 23
52 26
52 59
52 28
52 53
53 66
53 69
53 40
53 41
53 74
53 13
53 14
53 29
53 19
53 52
53 21
53 58
53 61
54 16
54 2
54 8
54 73
54 45
54 34
54 78
54 77
54 80
54 51
54 84
54 53
54 87
54 56
54 28
55 32
55 67
55 36
55 6
55 42
55 54
55 24
55 63
56 50
56 76
56 5
57 66
57 69
57 71
57 40
57 41
57 74
57 11
57 12
57 13
57 14
57 29
57 19
57 21
57 23
57 83
57 58
57 61
58 32
58 67
58 36
58 86
58 42
58 79
58 54
58 24
58 63
59 66
59 40
59 41
59 13
59 14
59 29
59 19
59 52
59 21
59 58
59 61
60 32
60 67
60 36
60 6
60 42
60 54
60 24
60 63
61 13
61 81
61 52
61 58
61 27
61 60
62 65
62 67
62 36
62 35
62 42
62 43
62 15
62 3
62 86
62 24
62 68
62 79
63 68
63 65
63 3
63 4
63 38
63 7
63 9
63 43
63 47
63 79
63 48
63 35
63 85
63 86
63 25
63 88
63 57
63 15
63 39
63 31
64 51
64 80
64 71
64 8
64 73
64 74
64 11
64 12
64 45
64 78
64 16
64 56
64 83
64 84
64 53
64 87
64 23
64 26
64 59
64 28
66 64
66 2
66 4
66 38
66 7
66 9
66 10
66 39
66 44
66 77
66 47
66 48
66 85
66 25
66 88
66 57
66 31
67 72
67 1
67 82
67 60
67 62
68 66
68 69
68 71
68 40
68 41
68 74
68 11
68 12
68 13
68 14
68 29
68 19
68 52
68 21
68 23
68 58
68 61
69 32
69 65
69 67
69 36
69 54
69 42
69 79
69 86
69 24
69 63
70 40
70 41
70 13
70 81
70 52
70 58
70 27
71 64
71 2
71 3
71 4
71 38
71 7
71 9
71 10
71 39
71 44
71 77
71 47
71 48
71 35
71 85
71 25
71 88
71 57
71 31
72 32
72 67
72 6
72 42
72 76
72 18
72 54
72 63
73 64
73 16
73 2
73 34
73 8
73 45
73 78
73 77
73 80
73 51
73 84
73 53
73 87
73 56
73 28
74 64
74 3
74 4
74 38
74 7
74 9
74 10
74 39
74 44
74 15
74 48
74 35
74 85
74 25
74 88
74 57
74 47
74 31
76 64
76 2
76 8
76 10
76 45
76 44
76 34
76 77
76 51
76 84
76 87
76 56
76 28
77 32
77 65
77 67
77 36
77 54
77 42
77 43
77 79
77 86
77 24
77 63
78 18
78 76
78 5
78 6
79 1
79 37
79 72
79 82
79 20
79 60
79 62
80 32
80 65
80 67
80 36
80 42
80 43
80 79
80 86
80 24
80 68
81 17
81 75
81 70
81 46
81 33
82 18
82 50
82 76
82 5
83 5
83 6
83 76
83 18
83 54
83 63
84 32
84 67
84 6
84 76
84 18
84 54
84 63
85 50
85 76
85 5
86 18
86 50
86 76
86 5
87 68
87 3
87 4
87 38
87 7
87 9
87 10
87 43
87 44
87 15
87 48
87 35
87 85
87 25
87 88
87 57
87 47
87 39
87 31
88 64
88 2
88 4
88 7
88 10
88 44
88 34
88 77
88 48
88 85
88 25
88 57
88 47
88 31
