88
1 32
1 4
1 7
1 8
1 73
1 49
1 83
1 22
1 87
1 72
1 58
1 31
2 36
2 69
2 6
2 71
2 75
2 44
2 77
2 46
2 47
2 48
2 17
2 57
2 5
2 62
2 37
3 19
3 32
3 4
3 7
3 8
3 73
3 12
3 49
3 83
3 22
3 87
3 72
3 58
3 63
4 36
4 69
4 72
4 44
4 47
4 49
4 83
4 57
4 58
4 31
4 62
4 37
5 1
5 7
5 8
5 10
5 11
5 12
5 79
5 19
5 23
5 39
5 74
5 63
6 1
6 7
6 10
6 11
6 12
6 79
6 19
6 23
6 39
6 74
6 63
7 1
7 2
7 3
7 39
7 10
7 11
7 79
7 21
7 55
7 60
7 42
7 53
8 34
8 5
8 6
8 71
8 9
8 24
8 82
8 78
8 15
8 48
8 17
8 50
8 52
8 46
8 54
8 88
8 28
9 34
9 5
9 6
9 71
9 75
9 77
9 78
9 15
9 48
9 17
9 82
9 52
9 46
9 24
9 88
9 57
9 37
10 32
10 4
10 69
10 72
10 73
10 47
10 49
10 83
10 22
10 87
10 58
10 62
10 31
11 19
11 32
11 4
11 7
11 8
11 73
11 12
11 49
11 83
11 22
11 87
11 72
11 58
11 63
12 19
12 32
12 7
12 8
12 73
12 74
12 23
12 49
12 83
12 22
12 87
12 63
13 1
13 39
13 10
13 11
13 12
13 79
13 19
13 53
13 23
13 74
13 63
14 32
14 4
14 7
14 8
14 73
14 49
14 83
14 22
14 87
14 72
14 58
14 31
16 36
16 69
16 6
16 71
16 75
16 44
16 77
16 46
16 47
16 48
16 17
16 57
16 5
16 62
16 37
17 32
17 36
17 69
17 72
17 44
17 47
17 49
17 83
17 87
17 4
17 58
17 31
17 62
17 37
18 35
18 70
18 41
18 43
18 81
18 84
18 20
18 27
18 29
19 1
19 39
19 10
19 11
19 12
19 79
19 53
19 23
19 74
21 36
21 69
21 72
21 75
21 44
21 77
21 47
21 49
21 57
21 4
21 58
21 31
21 62
21 37
22 32
22 4
22 7
22 8
22 73
22 49
22 83
22 87
22 72
22 58
22 63
23 36
23 69
23 72
23 75
23 44
23 77
23 47
23 49
23 57
23 4
23 58
23 31
23 62
23 37
24 25
24 18
24 51
24 59
25 1
25 2
25 3
25 33
25 10
25 11
25 21
25 55
25 60
25 42
25 53
26 25
26 86
27 1
27 39
27 10
27 11
27 12
27 79
27 19
27 53
27 23
27 74
27 63
28 33
28 2
28 3
28 42
28 13
28 21
28 55
28 60
29 1
29 7
29 10
29 11
29 12
29 79
29 19
29 53
29 23
29 39
29 74
29 63
30 32
30 36
30 69
30 72
30 44
30 47
30 49
30 83
30 87
30 4
30 58
30 62
30 31
31 19
31 32
31 4
31 7
31 8
31 73
31 12
31 49
31 83
31 22
31 87
31 72
31 58
31 63
32 1
32 7
32 10
32 11
32 12
32 79
32 19
32 53
32 23
32 39
32 74
32 63
33 36
33 69
33 6
33 75
33 44
33 77
33 46
33 47
33 48
33 57
33 31
33 5
33 62
33 37
34 1
34 2
34 3
34 33
34 10
34 11
34 13
34 21
34 55
34 60
34 42
34 53
35 1
35 3
35 39
35 10
35 11
35 79
35 53
35 23
35 60
35 74
36 64
36 33
36 2
36 38
36 65
36 42
36 13
36 21
36 55
37 32
37 36
37 69
37 72
37 44
37 47
37 49
37 83
37 57
37 87
37 4
37 58
37 62
37 31
38 36
38 69
38 6
38 71
38 75
38 44
38 77
38 46
38 47
38 48
38 17
38 57
38 5
38 62
38 37
39 1
39 7
39 10
39 11
39 12
39 79
39 19
39 53
39 23
39 74
39 63
40 25
40 18
40 51
40 30
40 59
41 64
41 33
41 2
41 3
41 42
41 13
41 21
41 55
41 60
42 1
42 2
42 3
42 33
42 10
42 11
42 13
42 21
42 55
42 60
42 53
43 64
43 33
43 2
43 38
43 65
43 42
43 13
43 21
43 55
44 64
44 33
44 2
44 3
44 42
44 13
44 21
44 55
44 60
45 25
45 86
47 32
47 7
47 8
47 73
47 74
47 39
47 12
47 19
47 22
47 23
47 87
47 63
48 1
48 3
48 39
48 10
48 11
48 79
48 53
48 55
48 60
48 74
49 34
49 71
49 9
49 24
49 50
49 78
49 15
49 48
49 17
49 82
49 52
49 54
49 88
49 28
50 1
50 3
50 39
50 10
50 11
50 79
50 53
50 55
50 60
51 33
51 2
51 3
51 42
51 13
51 21
51 55
51 60
53 1
53 2
53 3
53 39
53 10
53 11
53 79
53 21
53 55
53 60
53 42
54 64
54 65
54 67
54 38
54 14
54 61
54 30
55 25
55 86
56 59
56 18
56 51
56 30
57 30
57 18
57 67
57 61
57 14
58 32
58 7
58 8
58 73
58 74
58 39
58 12
58 79
58 19
58 22
58 23
58 87
58 63
59 35
59 68
59 70
59 41
59 43
59 76
59 20
59 56
59 84
59 27
59 29
60 7
60 8
60 73
60 10
60 39
60 12
60 79
60 19
60 22
60 23
60 74
60 63
61 1
61 3
61 39
61 10
61 11
61 79
61 53
61 55
61 60
62 64
62 65
62 67
62 38
62 14
62 61
63 19
63 32
63 7
63 8
63 73
63 74
63 23
63 12
63 49
63 83
63 22
63 87
64 1
64 2
64 3
64 33
64 42
64 13
64 21
64 55
64 60
64 53
65 34
65 71
65 9
65 24
65 50
65 78
65 15
65 17
65 82
65 52
65 54
65 88
65 28
66 86
67 34
67 68
67 71
67 9
67 76
67 50
67 78
67 15
67 17
67 82
67 52
67 54
67 24
67 88
67 28
68 1
68 39
68 10
68 11
68 12
68 79
68 19
68 53
68 23
68 74
68 63
69 33
69 2
69 3
69 42
69 13
69 21
69 55
69 60
70 64
70 65
70 67
70 38
70 14
70 61
71 1
71 2
71 3
71 33
71 10
71 11
71 79
71 21
71 55
71 60
71 42
71 53
72 64
72 33
72 2
72 3
72 42
72 13
72 21
72 55
72 60
73 64
73 65
73 67
73 38
73 14
73 61
74 64
74 65
74 67
74 38
74 14
74 61
74 30
75 7
75 8
75 73
75 10
75 39
75 12
75 79
75 19
75 22
75 23
75 74
75 63
76 65
76 67
76 38
76 14
76 61
76 30
77 1
77 3
77 39
77 10
77 11
77 79
77 53
77 23
77 60
77 74
78 7
78 8
78 73
78 10
78 11
78 12
78 79
78 19
78 22
78 23
78 39
78 74
78 63
79 33
79 2
79 3
79 42
79 13
79 21
79 55
79 60
80 59
80 18
80 51
80 30
81 32
81 36
81 69
81 72
81 44
81 47
81 49
81 83
81 57
81 87
81 4
81 58
81 31
81 62
81 37
82 1
82 3
82 39
82 10
82 11
82 79
82 53
82 55
82 60
83 32
83 4
83 7
83 8
83 73
83 49
83 22
83 87
83 72
83 58
83 63
85 34
85 36
85 5
85 6
85 71
85 75
85 44
85 77
85 46
85 48
85 17
85 78
85 24
85 57
85 88
85 37
86 34
86 5
86 6
86 71
86 9
86 75
86 24
86 77
86 78
86 15
86 48
86 17
86 82
86 52
86 46
86 54
86 88
87 36
87 69
87 72
87 75
87 44
87 77
87 47
87 49
87 83
87 57
87 4
87 58
87 31
87 62
87 37
88 32
88 36
88 69
88 72
88 44
88 47
88 49
88 83
88 22
88 87
88 4
88 58
88 62
88 31
