88
1 33
1 2
1 37
1 38
1 73
1 74
1 75
1 44
1 66
1 12
1 48
1 76
1 18
1 78
1 55
1 88
1 70
1 69
2 6
2 39
2 49
2 56
2 60
2 63
3 32
3 67
3 4
3 7
3 9
3 57
3 43
3 17
3 21
3 86
3 41
3 23
3 68
3 27
3 30
4 34
4 35
4 9
4 11
4 82
4 85
4 26
4 31
4 62
4 21
5 25
5 54
5 22
6 65
6 58
6 75
6 81
6 71
7 33
7 2
7 75
7 38
7 65
7 73
7 74
7 71
7 12
7 66
7 78
7 48
7 18
7 55
9 1
9 3
9 4
9 7
9 40
9 42
9 77
9 14
9 50
9 19
9 87
9 36
10 34
10 35
10 9
10 11
10 82
10 85
10 26
10 31
10 62
10 21
11 64
11 33
11 2
11 37
11 38
11 73
11 74
11 44
11 45
11 12
11 47
11 48
11 76
11 78
11 24
11 55
11 88
11 59
11 70
11 69
12 25
12 54
12 22
13 83
13 28
13 29
14 64
14 33
14 2
14 37
14 38
14 73
14 74
14 44
14 45
14 12
14 47
14 48
14 76
14 78
14 24
14 55
14 88
14 59
14 70
14 69
15 20
16 79
16 61
16 53
17 65
17 71
17 75
17 81
17 18
17 58
18 5
18 6
18 39
18 49
18 56
18 60
19 25
19 54
19 22
21 19
21 1
21 67
21 4
21 7
21 40
21 42
21 43
21 77
21 14
21 50
21 3
21 57
21 86
21 87
21 23
21 36
21 27
21 30
22 51
23 19
23 1
23 67
23 4
23 7
23 40
23 42
23 77
23 14
23 50
23 3
23 57
23 86
23 87
23 36
23 30
24 32
24 1
24 3
24 4
24 7
24 40
24 41
24 43
24 17
24 50
24 67
24 57
24 86
24 87
24 23
24 68
24 27
24 30
24 36
26 82
26 85
26 56
26 31
26 60
26 63
27 32
27 67
27 4
27 7
27 41
27 43
27 17
27 50
27 57
27 86
27 23
27 68
27 30
28 80
28 72
28 61
28 46
28 79
29 65
29 58
29 75
29 81
29 71
30 32
30 67
30 4
30 7
30 41
30 43
30 17
30 50
30 57
30 86
30 23
30 68
30 27
31 32
31 34
31 67
31 68
31 9
31 30
31 43
31 17
31 21
31 86
31 41
31 23
31 57
31 27
31 62
32 1
32 3
32 4
32 7
32 40
32 41
32 43
32 17
32 50
32 67
32 57
32 86
32 87
32 23
32 68
32 27
32 30
33 56
33 49
33 60
33 85
33 63
34 32
34 35
34 9
34 11
34 17
34 82
34 21
34 41
34 26
34 62
35 32
35 34
35 68
35 9
35 43
35 17
35 21
35 86
35 41
35 23
35 27
35 62
36 34
36 35
36 9
36 11
36 82
36 85
36 26
36 31
36 62
36 21
37 34
37 35
37 9
37 11
37 82
37 85
37 26
37 31
37 62
37 21
38 11
38 82
38 85
38 56
38 26
38 63
38 60
38 31
39 33
39 2
39 37
39 38
39 73
39 74
39 75
39 44
39 66
39 12
39 48
39 18
39 78
39 55
39 88
39 69
40 19
40 1
40 67
40 4
40 7
40 42
40 43
40 77
40 14
40 50
40 3
40 57
40 86
40 87
40 23
40 36
40 30
41 34
41 35
41 9
41 11
41 82
41 85
41 26
41 31
41 62
41 21
42 34
42 35
42 9
42 11
42 17
42 82
42 21
42 26
42 62
43 32
43 1
43 3
43 4
43 7
43 40
43 41
43 23
43 17
43 50
43 67
43 57
43 86
43 87
43 68
43 27
43 30
44 32
44 1
44 3
44 4
44 7
44 40
44 41
44 43
44 17
44 50
44 67
44 57
44 86
44 87
44 23
44 68
44 27
44 30
45 56
45 31
45 60
45 85
45 63
46 32
46 34
46 35
46 9
46 11
46 17
46 82
46 21
46 41
46 26
46 62
47 34
47 35
47 9
47 11
47 82
47 85
47 26
47 31
47 62
47 21
48 56
48 49
48 60
48 85
48 63
49 19
49 1
49 67
49 4
49 7
49 40
49 42
49 23
49 77
49 14
49 50
49 3
49 57
49 86
49 87
49 36
49 30
50 2
50 12
50 18
50 24
50 33
50 37
50 38
50 44
50 45
50 47
50 48
50 55
50 59
50 64
50 66
50 69
50 70
50 73
50 74
50 76
50 78
50 88
51 33
51 2
51 37
51 38
51 73
51 74
51 75
51 44
51 66
51 12
51 48
51 76
51 18
51 78
51 55
51 88
51 70
51 69
52 25
52 54
52 53
52 22
53 28
53 29
54 51
55 1
55 3
55 4
55 7
55 40
55 42
55 77
55 14
55 50
55 19
55 57
55 87
55 36
55 30
56 32
56 1
56 3
56 4
56 7
56 40
56 41
56 43
56 50
56 67
56 57
56 86
56 87
56 23
56 68
56 27
56 30
56 36
57 34
57 35
57 9
57 11
57 82
57 21
57 26
57 62
57 31
58 84
59 64
59 33
59 2
59 37
59 38
59 73
59 74
59 44
59 66
59 12
59 45
59 48
59 76
59 78
59 55
59 24
59 88
59 47
59 70
59 69
60 1
60 3
60 4
60 7
60 40
60 42
60 77
60 14
60 50
60 19
60 87
60 36
60 59
61 5
61 6
61 39
61 83
61 28
61 29
62 32
62 1
62 3
62 4
62 7
62 40
62 41
62 43
62 17
62 50
62 67
62 57
62 86
62 87
62 23
62 68
62 27
62 30
63 64
63 33
63 2
63 37
63 38
63 73
63 74
63 44
63 45
63 12
63 47
63 48
63 76
63 78
63 24
63 55
63 88
63 59
63 70
63 69
64 34
64 35
64 9
64 11
64 82
64 85
64 26
64 31
64 62
64 21
65 84
65 29
66 83
66 28
66 29
67 1
67 3
67 4
67 7
67 40
67 42
67 23
67 77
67 14
67 50
67 19
67 57
67 86
67 87
67 36
67 30
68 64
68 1
68 3
68 36
68 70
68 77
68 40
68 42
68 76
68 45
68 14
68 47
68 19
68 24
68 59
69 64
69 36
69 70
69 77
69 76
69 42
69 44
69 45
69 14
69 47
69 24
69 19
69 88
69 59
70 19
70 1
70 67
70 4
70 7
70 40
70 42
70 23
70 77
70 14
70 50
70 3
70 57
70 86
70 87
70 36
70 30
71 5
71 6
71 39
71 49
71 56
71 60
71 63
72 83
72 28
72 29
73 35
73 11
73 82
73 85
73 56
73 26
73 31
73 60
73 63
74 5
74 6
74 39
74 49
74 56
74 60
74 63
75 5
75 6
75 39
75 83
75 28
75 29
76 34
76 35
76 9
76 11
76 82
76 85
76 26
76 31
76 62
76 21
77 32
77 1
77 3
77 4
77 7
77 40
77 41
77 43
77 17
77 50
77 67
77 57
77 86
77 87
77 23
77 68
77 27
77 30
78 35
78 11
78 82
78 85
78 56
78 26
78 31
78 60
78 63
79 84
79 29
81 11
81 82
81 85
81 56
81 26
81 63
81 60
81 31
82 19
82 1
82 67
82 4
82 7
82 40
82 43
82 77
82 14
82 50
82 3
82 57
82 86
82 87
82 23
82 68
82 27
82 30
82 36
83 33
83 66
83 65
83 75
83 81
83 18
83 71
83 58
84 80
84 81
84 72
84 46
84 79
85 64
85 1
85 3
85 36
85 70
85 77
85 40
85 42
85 76
85 45
85 14
85 47
85 19
85 24
85 59
86 83
86 28
86 29
87 19
87 1
87 67
87 4
87 7
87 40
87 42
87 77
87 14
87 50
87 3
87 57
87 86
87 23
87 36
87 30
88 32
88 67
88 4
88 7
88 41
88 43
88 17
88 50
88 57
88 86
88 87
88 23
88 68
88 27
88 30
