88
1 19
1 32
1 34
1 68
1 37
1 70
1 76
1 43
1 44
1 14
1 15
1 51
1 21
1 79
2 64
2 48
2 4
2 40
2 16
2 50
2 84
2 24
2 36
2 28
2 30
3 64
3 1
3 34
3 68
3 37
3 70
3 48
3 40
3 44
3 32
3 43
3 76
3 14
3 79
3 16
3 51
3 84
3 21
3 24
3 19
4 64
4 1
4 34
4 68
4 37
4 70
4 48
4 40
4 44
4 32
4 43
4 76
4 14
4 79
4 16
4 51
4 84
4 21
4 24
4 19
5 64
5 1
5 4
5 16
5 32
5 40
5 44
5 76
5 14
5 48
5 50
5 19
5 84
5 21
5 24
5 36
5 28
5 30
6 36
6 50
6 28
6 30
6 4
7 64
7 1
7 34
7 68
7 37
7 70
7 48
7 40
7 44
7 32
7 43
7 76
7 14
7 79
7 16
7 51
7 84
7 21
7 24
7 19
8 64
8 1
8 34
8 4
8 16
8 32
8 40
8 44
8 76
8 14
8 48
8 50
8 51
8 84
8 21
8 24
8 36
8 28
8 30
8 19
9 19
9 1
9 34
9 68
9 37
9 70
9 32
9 76
9 43
9 44
9 14
9 15
9 51
9 21
9 79
10 64
10 1
10 34
10 68
10 37
10 70
10 48
10 44
10 32
10 43
10 76
10 14
10 79
10 16
10 51
10 84
10 21
10 19
11 64
11 1
11 34
11 4
11 37
11 16
11 32
11 40
11 44
11 43
11 76
11 14
11 48
11 50
11 51
11 84
11 21
11 24
11 36
11 28
11 19
12 64
12 16
12 4
12 32
12 40
12 76
12 14
12 48
12 50
12 84
12 21
12 24
12 36
12 28
12 30
13 64
13 16
13 4
13 32
13 40
13 76
13 14
13 48
13 50
13 84
13 21
13 24
13 36
13 28
13 30
14 64
14 1
14 34
14 68
14 37
14 70
14 48
14 44
14 32
14 43
14 76
14 79
14 16
14 51
14 21
14 19
16 64
16 1
16 34
16 4
16 19
16 32
16 40
16 44
16 76
16 14
16 48
16 50
16 51
16 84
16 21
16 24
16 36
16 28
16 30
17 64
17 1
17 34
17 36
17 37
17 70
17 28
17 40
17 44
17 32
17 43
17 76
17 14
17 48
17 51
17 84
17 21
17 24
17 68
17 19
17 16
22 50
22 4
22 30
25 64
25 1
25 34
25 68
25 37
25 70
25 48
25 40
25 44
25 32
25 43
25 76
25 14
25 79
25 16
25 51
25 84
25 21
25 24
25 19
26 64
26 48
26 4
26 40
26 76
26 16
26 50
26 84
26 21
26 24
26 36
26 28
26 30
31 4
31 50
31 28
31 30
33 64
33 1
33 34
33 4
33 16
33 32
33 40
33 44
33 43
33 76
33 14
33 48
33 50
33 51
33 84
33 21
33 24
33 36
33 28
33 19
35 64
35 16
35 4
35 32
35 40
35 76
35 48
35 50
35 84
35 21
35 24
35 36
35 28
35 30
39 64
39 1
39 34
39 4
39 16
39 32
39 40
39 44
39 43
39 76
39 14
39 48
39 50
39 51
39 84
39 21
39 24
39 36
39 28
39 19
41 64
41 1
41 34
41 36
41 37
41 70
41 48
41 40
41 44
41 32
41 43
41 76
41 14
41 79
41 16
41 51
41 84
41 21
41 24
41 68
41 19
42 64
42 48
42 4
42 40
42 16
42 50
42 84
42 24
42 36
42 28
42 30
45 64
45 16
45 4
45 32
45 40
45 76
45 48
45 50
45 84
45 21
45 24
45 36
45 28
45 30
46 1
46 14
46 16
46 19
46 21
46 24
46 28
46 32
46 34
46 36
46 37
46 40
46 43
46 44
46 48
46 51
46 64
46 68
46 70
46 76
46 79
46 84
47 64
47 16
47 4
47 32
47 40
47 76
47 14
47 48
47 50
47 84
47 21
47 24
47 36
47 28
47 30
49 64
49 16
49 4
49 32
49 40
49 76
49 48
49 50
49 84
49 21
49 24
49 36
49 28
49 30
52 64
52 1
52 34
52 4
52 16
52 32
52 40
52 44
52 43
52 76
52 14
52 48
52 50
52 51
52 84
52 21
52 24
52 36
52 28
52 19
53 64
53 1
53 34
53 4
53 16
53 32
53 40
53 44
53 76
53 14
53 48
53 50
53 19
53 84
53 21
53 24
53 36
53 28
53 30
54 30
55 64
55 1
55 34
55 68
55 37
55 70
55 48
55 40
55 44
55 32
55 43
55 76
55 14
55 79
55 16
55 51
55 84
55 21
55 24
55 19
56 64
56 48
56 4
56 40
56 76
56 16
56 50
56 84
56 24
56 36
56 28
56 30
57 64
57 48
57 4
57 40
57 16
57 50
57 84
57 24
57 36
57 28
57 30
58 30
59 64
59 1
59 34
59 4
59 16
59 32
59 40
59 44
59 76
59 14
59 48
59 50
59 19
59 84
59 21
59 24
59 36
59 28
59 30
60 19
60 1
60 34
60 68
60 37
60 70
60 32
60 76
60 43
60 44
60 14
60 15
60 51
60 21
60 79
61 64
61 1
61 34
61 68
61 37
61 70
61 48
61 40
61 44
61 32
61 43
61 76
61 14
61 79
61 16
61 51
61 84
61 21
61 19
62 64
62 48
62 4
62 40
62 16
62 50
62 84
62 24
62 36
62 28
62 30
63 19
63 1
63 34
63 68
63 37
63 70
63 32
63 64
63 44
63 43
63 76
63 14
63 15
63 16
63 51
63 21
63 79
64 19
64 1
64 34
64 68
64 37
64 70
64 32
64 76
64 43
64 44
64 14
64 15
64 51
64 21
64 79
65 64
65 48
65 4
65 40
65 76
65 16
65 50
65 84
65 21
65 24
65 36
65 28
65 30
66 50
66 4
66 30
67 64
67 1
67 34
67 4
67 37
67 16
67 32
67 40
67 44
67 43
67 76
67 14
67 48
67 50
67 51
67 84
67 21
67 24
67 36
67 28
67 19
69 19
69 1
69 34
69 68
69 37
69 70
69 32
69 76
69 43
69 44
69 14
69 15
69 51
69 21
69 79
71 64
71 1
71 34
71 4
71 16
71 32
71 40
71 44
71 76
71 14
71 48
71 50
71 19
71 84
71 21
71 24
71 36
71 28
71 30
72 64
72 1
72 34
72 4
72 16
72 32
72 40
72 44
72 76
72 14
72 48
72 50
72 19
72 84
72 21
72 24
72 36
72 28
72 30
73 19
73 1
73 34
73 68
73 37
73 70
73 32
73 76
73 43
73 44
73 14
73 15
73 51
73 21
73 79
74 64
74 1
74 34
74 36
74 37
74 70
74 48
74 40
74 44
74 32
74 43
74 76
74 14
74 79
74 16
74 51
74 84
74 21
74 24
74 68
74 19
77 64
77 1
77 34
77 36
77 37
77 70
77 28
77 40
77 44
77 32
77 43
77 76
77 14
77 48
77 51
77 84
77 21
77 24
77 68
77 19
77 16
78 64
78 16
78 4
78 32
78 40
78 76
78 48
78 50
78 84
78 21
78 24
78 36
78 28
78 30
80 4
80 50
80 28
80 30
83 64
83 16
83 4
83 32
83 40
83 76
83 48
83 50
83 84
83 21
83 24
83 36
83 28
83 30
85 50
85 4
85 30
86 64
86 1
86 34
86 36
86 37
86 70
86 48
86 40
86 44
86 32
86 43
86 76
86 14
86 79
86 16
86 51
86 84
86 21
86 24
86 68
86 19
87 64
87 1
87 34
87 4
87 16
87 32
87 40
87 44
87 76
87 14
87 48
87 50
87 19
87 84
87 21
87 24
87 36
87 28
87 30
88 64
88 1
88 34
88 4
88 16
88 32
88 40
88 44
88 76
88 14
88 48
88 50
88 19
88 84
88 21
88 24
88 36
88 28
88 30
