88
1 84
1 32
1 3
1 44
1 74
1 75
1 76
1 45
1 14
1 77
1 49
1 52
1 55
1 24
1 20
1 26
1 60
1 88
1 63
2 32
2 3
2 76
2 74
2 75
2 44
2 45
2 14
2 77
2 49
2 52
2 55
2 24
2 84
2 26
2 60
2 88
2 63
4 83
4 16
4 50
4 59
5 64
5 59
5 16
5 50
5 83
5 27
6 64
6 49
6 84
6 88
6 20
6 27
6 60
6 52
7 64
7 16
7 49
7 20
7 52
7 27
7 60
8 32
8 3
8 76
8 74
8 75
8 44
8 45
8 14
8 77
8 49
8 52
8 55
8 24
8 84
8 26
8 60
8 88
8 63
9 83
9 59
9 50
9 27
9 16
10 64
10 84
10 3
10 32
10 44
10 74
10 76
10 45
10 14
10 77
10 49
10 52
10 55
10 24
10 20
10 26
10 60
10 88
10 63
11 32
11 3
11 76
11 74
11 75
11 44
11 45
11 14
11 77
11 88
11 84
11 55
11 24
11 26
11 60
11 63
12 64
12 16
12 49
12 20
12 52
12 27
12 60
13 64
13 45
13 14
13 49
13 84
13 24
13 55
13 88
13 52
13 27
13 60
13 20
16 64
16 59
16 50
16 83
16 20
16 27
17 64
17 16
17 49
17 20
17 52
17 27
17 60
18 32
18 3
18 76
18 74
18 75
18 44
18 45
18 14
18 77
18 49
18 52
18 55
18 24
18 84
18 26
18 60
18 88
18 63
19 83
19 59
19 50
19 27
19 16
21 83
21 16
21 50
21 59
22 83
22 59
22 50
22 27
22 16
23 64
23 84
23 3
23 32
23 44
23 74
23 76
23 45
23 14
23 77
23 49
23 52
23 55
23 24
23 20
23 26
23 60
23 88
24 32
24 3
24 76
24 74
24 75
24 44
24 45
24 14
24 77
24 49
24 52
24 55
24 88
24 84
24 26
24 60
24 63
25 64
25 45
25 14
25 49
25 84
25 24
25 55
25 88
25 52
25 27
25 60
25 20
27 64
27 3
27 88
27 77
27 14
27 45
27 49
27 84
27 55
27 24
27 52
27 60
27 20
28 64
28 84
28 3
28 32
28 44
28 74
28 76
28 45
28 14
28 77
28 49
28 52
28 55
28 24
28 20
28 26
28 27
28 60
28 88
29 83
29 16
29 50
29 59
30 64
30 16
30 49
30 20
30 52
30 27
30 60
31 64
31 84
31 3
31 32
31 44
31 74
31 76
31 45
31 14
31 77
31 49
31 52
31 55
31 24
31 20
31 26
31 27
31 60
31 88
33 64
33 84
33 3
33 32
33 44
33 74
33 76
33 45
33 14
33 77
33 49
33 52
33 55
33 24
33 20
33 26
33 60
33 88
35 64
35 3
35 77
35 14
35 45
35 49
35 84
35 24
35 55
35 88
35 52
35 26
35 27
35 60
35 20
36 64
36 3
36 45
36 14
36 49
36 84
36 24
36 55
36 88
36 52
36 27
36 60
36 20
37 32
37 3
37 76
37 74
37 75
37 44
37 45
37 14
37 77
37 49
37 52
37 55
37 24
37 84
37 26
37 60
37 88
37 63
38 64
38 84
38 3
38 32
38 44
38 74
38 76
38 45
38 14
38 77
38 49
38 52
38 55
38 24
38 20
38 26
38 60
38 88
39 64
39 14
39 49
39 84
39 88
39 20
39 27
39 60
39 52
40 64
40 84
40 3
40 32
40 44
40 74
40 76
40 45
40 14
40 77
40 49
40 52
40 55
40 24
40 20
40 26
40 60
40 88
41 64
41 3
41 74
41 45
41 14
41 77
41 49
41 84
41 24
41 55
41 88
41 52
41 26
41 27
41 60
41 20
42 64
42 3
42 77
42 14
42 45
42 49
42 84
42 24
42 55
42 88
42 52
42 26
42 27
42 60
42 20
43 64
43 59
43 16
43 50
43 83
43 20
43 27
45 32
45 3
45 76
45 74
45 75
45 44
45 77
45 14
45 88
45 84
45 55
45 24
45 26
45 60
45 63
46 32
46 3
46 76
46 74
46 75
46 44
46 45
46 14
46 77
46 88
46 84
46 55
46 24
46 26
46 60
46 63
47 64
47 27
47 16
47 50
47 20
47 59
48 64
48 3
48 77
48 14
48 45
48 49
48 84
48 24
48 55
48 88
48 52
48 26
48 27
48 60
48 20
49 64
49 84
49 3
49 32
49 44
49 74
49 76
49 45
49 14
49 77
49 88
49 52
49 55
49 24
49 20
49 26
49 60
50 32
50 3
50 76
50 74
50 75
50 44
50 45
50 14
50 77
50 49
50 52
50 55
50 24
50 84
50 26
50 60
50 88
50 63
51 64
51 84
51 3
51 32
51 44
51 74
51 75
51 76
51 45
51 14
51 77
51 49
51 52
51 55
51 24
51 20
51 26
51 60
51 88
51 63
52 32
52 3
52 76
52 74
52 75
52 44
52 45
52 14
52 77
52 49
52 84
52 55
52 24
52 88
52 26
52 60
52 63
53 64
53 59
53 16
53 50
53 83
53 20
53 27
54 83
54 16
54 50
54 59
55 32
55 3
55 76
55 74
55 75
55 44
55 45
55 14
55 77
55 49
55 52
55 24
55 84
55 26
55 60
55 88
55 63
56 64
56 84
56 3
56 32
56 44
56 74
56 76
56 45
56 14
56 77
56 49
56 52
56 55
56 24
56 20
56 26
56 27
56 60
56 88
57 64
57 59
57 16
57 50
57 83
57 20
57 27
58 64
58 14
58 49
58 84
58 88
58 20
58 27
58 60
58 52
60 32
60 3
60 76
60 74
60 75
60 44
60 45
60 14
60 77
60 49
60 52
60 55
60 24
60 84
60 26
60 88
60 63
61 64
61 45
61 14
61 49
61 84
61 24
61 88
61 52
61 27
61 60
61 20
62 64
62 84
62 3
62 32
62 44
62 74
62 76
62 45
62 14
62 77
62 49
62 52
62 55
62 24
62 20
62 26
62 27
62 60
62 88
65 64
65 59
65 16
65 50
65 83
65 20
65 27
66 64
66 3
66 77
66 14
66 45
66 49
66 84
66 24
66 55
66 88
66 52
66 27
66 60
66 20
68 64
68 84
68 3
68 32
68 44
68 74
68 76
68 45
68 14
68 77
68 49
68 52
68 55
68 24
68 20
68 26
68 60
68 88
68 63
69 83
69 16
69 50
69 59
70 64
70 3
70 74
70 45
70 14
70 77
70 49
70 84
70 24
70 55
70 88
70 52
70 26
70 27
70 60
70 20
71 64
71 49
71 84
71 20
71 27
71 60
71 52
72 64
72 84
72 3
72 32
72 44
72 74
72 76
72 45
72 14
72 77
72 49
72 52
72 55
72 24
72 20
72 26
72 60
72 88
73 32
73 3
73 76
73 74
73 75
73 44
73 45
73 14
73 77
73 49
73 52
73 55
73 24
73 84
73 26
73 60
73 88
73 63
77 32
77 3
77 76
77 74
77 75
77 44
77 45
77 14
77 49
77 52
77 55
77 24
77 84
77 26
77 60
77 88
77 63
78 64
78 3
78 45
78 14
78 49
78 84
78 24
78 55
78 88
78 52
78 27
78 60
78 20
79 83
79 59
79 50
79 27
79 16
80 64
80 84
80 3
80 32
80 44
80 74
80 76
80 45
80 14
80 77
80 49
80 52
80 55
80 24
80 20
80 26
80 27
80 60
80 88
81 64
81 59
81 16
81 49
81 50
81 52
81 20
81 27
82 64
82 45
82 14
82 49
82 84
82 24
82 55
82 88
82 52
82 27
82 60
82 20
85 64
85 59
85 16
85 49
85 50
85 52
85 20
85 27
86 64
86 16
86 49
86 20
86 52
86 27
86 60
87 64
87 3
87 77
87 14
87 45
87 49
87 84
87 24
87 55
87 88
87 52
87 27
87 60
87 20
