88
4 3
4 5
4 71
4 76
4 74
4 12
4 13
4 14
4 15
4 80
4 18
4 67
4 78
4 87
4 24
4 62
6 85
7 1
7 2
7 3
7 33
7 71
7 80
7 74
7 75
7 66
7 78
7 77
7 34
7 59
7 19
7 47
7 61
7 62
7 63
9 2
9 3
9 5
9 12
9 13
9 14
9 15
9 19
9 24
9 33
9 47
9 59
9 62
9 66
9 67
9 71
9 74
9 75
9 76
9 77
9 78
9 80
10 19
10 33
10 2
10 3
10 5
10 71
10 12
10 74
10 75
10 76
10 13
10 14
10 15
10 80
10 59
10 67
10 78
10 24
10 47
10 62
11 67
11 5
11 71
11 76
11 74
11 12
11 13
11 14
11 15
11 80
11 18
11 87
11 24
11 62
14 67
14 5
14 71
14 76
14 74
14 12
14 13
14 15
14 18
14 87
14 24
14 62
17 64
17 4
17 85
17 86
17 23
17 25
20 2
20 3
20 5
20 12
20 13
20 14
20 15
20 19
20 24
20 33
20 47
20 59
20 62
20 66
20 67
20 71
20 74
20 75
20 76
20 77
20 78
20 80
21 64
21 65
21 4
21 79
21 51
21 52
21 53
21 86
21 23
21 25
22 67
22 5
22 71
22 76
22 74
22 12
22 13
22 14
22 15
22 80
22 18
22 87
22 24
22 62
26 1
26 34
26 3
26 66
26 65
26 33
26 79
26 75
26 2
26 78
26 77
26 59
26 19
26 52
26 53
26 47
26 61
26 63
27 1
27 2
27 3
27 33
27 71
27 80
27 74
27 75
27 66
27 78
27 77
27 34
27 59
27 19
27 47
27 61
27 62
27 63
28 1
28 2
28 3
28 33
28 71
28 80
28 75
28 66
28 78
28 77
28 34
28 59
28 19
28 52
28 47
28 61
28 62
28 63
29 33
29 2
29 3
29 71
29 80
29 12
29 74
29 75
29 76
29 66
29 14
29 77
29 34
29 59
29 19
29 78
29 47
29 61
29 62
29 63
31 64
31 65
31 4
31 79
31 51
31 52
31 53
31 86
31 23
31 25
33 67
33 5
33 71
33 76
33 74
33 12
33 13
33 14
33 15
33 18
33 87
33 24
33 62
34 33
34 2
34 3
34 5
34 71
34 12
34 74
34 75
34 76
34 13
34 14
34 15
34 80
34 24
34 19
34 78
34 67
34 59
34 62
35 19
35 1
35 2
35 59
35 66
35 33
35 65
35 79
35 75
35 34
35 77
35 51
35 52
35 53
35 47
35 61
35 63
36 1
36 2
36 3
36 33
36 71
36 80
36 74
36 75
36 66
36 78
36 77
36 34
36 59
36 19
36 47
36 61
36 62
36 63
37 3
37 5
37 71
37 76
37 74
37 12
37 13
37 14
37 15
37 80
37 18
37 67
37 78
37 87
37 24
37 62
38 2
38 3
38 5
38 71
38 12
38 74
38 75
38 76
38 13
38 14
38 15
38 80
38 18
38 67
38 78
38 87
38 24
38 59
38 62
39 1
39 2
39 3
39 33
39 71
39 80
39 74
39 75
39 66
39 78
39 77
39 34
39 59
39 19
39 47
39 61
39 62
39 63
40 64
40 1
40 34
40 65
40 79
40 51
40 52
40 53
40 86
40 25
40 61
41 64
41 1
41 4
41 65
41 79
41 51
41 52
41 53
41 86
41 25
42 1
42 2
42 3
42 33
42 71
42 80
42 74
42 75
42 66
42 78
42 77
42 34
42 59
42 19
42 47
42 61
42 62
42 63
43 1
43 2
43 3
43 33
43 80
43 74
43 75
43 66
43 14
43 77
43 34
43 59
43 19
43 78
43 71
43 47
43 61
43 62
43 63
44 3
44 5
44 71
44 76
44 74
44 12
44 13
44 14
44 15
44 80
44 18
44 67
44 78
44 87
44 24
44 62
45 64
45 1
45 34
45 65
45 79
45 51
45 52
45 53
45 86
45 61
45 63
46 33
46 2
46 3
46 5
46 71
46 80
46 12
46 74
46 75
46 76
46 66
46 14
46 77
46 34
46 59
46 19
46 78
46 47
46 61
46 62
46 63
47 3
47 5
47 71
47 76
47 74
47 12
47 13
47 14
47 15
47 80
47 18
47 67
47 78
47 87
47 24
47 62
48 33
48 2
48 3
48 5
48 71
48 12
48 74
48 75
48 76
48 13
48 14
48 15
48 80
48 24
48 19
48 78
48 67
48 59
48 62
49 1
49 2
49 3
49 33
49 65
49 71
49 80
49 75
49 66
49 78
49 77
49 34
49 59
49 19
49 52
49 47
49 61
49 62
49 63
50 67
50 5
50 76
50 74
50 12
50 13
50 14
50 15
50 18
50 87
50 24
53 3
53 5
53 71
53 76
53 74
53 12
53 13
53 14
53 15
53 80
53 18
53 67
53 87
53 24
53 62
54 33
54 2
54 3
54 5
54 71
54 12
54 74
54 75
54 76
54 13
54 14
54 15
54 80
54 24
54 19
54 78
54 67
54 59
54 62
55 19
55 1
55 66
55 34
55 33
55 65
55 77
55 47
55 51
55 52
55 53
55 79
55 61
55 63
56 2
56 3
56 5
56 12
56 13
56 14
56 15
56 19
56 24
56 33
56 47
56 59
56 62
56 66
56 67
56 71
56 74
56 75
56 76
56 77
56 78
56 80
57 1
57 2
57 3
57 33
57 65
57 71
57 80
57 75
57 66
57 78
57 77
57 34
57 59
57 19
57 52
57 47
57 61
57 62
57 63
58 1
58 2
58 3
58 33
58 71
58 80
58 74
58 75
58 66
58 78
58 77
58 34
58 59
58 19
58 47
58 61
58 62
58 63
59 67
59 5
59 76
59 74
59 12
59 13
59 14
59 15
59 18
59 87
59 24
60 3
60 5
60 71
60 76
60 74
60 12
60 13
60 14
60 15
60 80
60 18
60 67
60 87
60 24
60 62
63 33
63 2
63 3
63 77
63 5
63 71
63 80
63 12
63 74
63 75
63 76
63 66
63 14
63 13
63 34
63 59
63 19
63 78
63 67
63 47
63 62
65 3
65 5
65 71
65 76
65 74
65 12
65 13
65 14
65 15
65 80
65 18
65 67
65 78
65 87
65 24
65 62
66 2
66 3
66 5
66 71
66 12
66 74
66 75
66 76
66 13
66 14
66 15
66 80
66 18
66 67
66 78
66 87
66 24
66 59
66 62
68 67
68 5
68 76
68 74
68 12
68 13
68 14
68 15
68 18
68 87
68 24
69 19
69 1
69 66
69 33
69 65
69 79
69 75
69 34
69 77
69 51
69 52
69 53
69 47
69 61
69 63
70 1
70 2
70 59
70 66
70 33
70 65
70 79
70 75
70 34
70 78
70 77
70 19
70 52
70 53
70 47
70 61
70 63
71 33
71 2
71 3
71 5
71 12
71 74
71 75
71 76
71 13
71 14
71 15
71 80
71 24
71 19
71 78
71 67
71 59
71 62
73 2
73 3
73 5
73 71
73 12
73 74
73 76
73 13
73 14
73 15
73 80
73 18
73 67
73 78
73 87
73 24
73 59
73 62
74 67
74 5
74 71
74 76
74 12
74 13
74 14
74 15
74 18
74 87
74 24
74 62
76 67
76 5
76 71
76 74
76 12
76 13
76 14
76 15
76 80
76 18
76 87
76 24
76 62
81 64
81 1
81 34
81 65
81 66
81 77
81 47
81 51
81 52
81 53
81 86
81 79
81 61
81 63
82 19
82 1
82 66
82 34
82 33
82 65
82 64
82 77
82 47
82 51
82 52
82 53
82 86
82 79
82 61
82 63
83 64
83 65
83 4
83 79
83 51
83 52
83 53
83 86
83 23
83 25
84 1
84 2
84 3
84 33
84 71
84 80
84 75
84 66
84 78
84 77
84 34
84 59
84 19
84 47
84 61
84 62
84 63
