88
1 64
1 32
1 34
1 3
1 68
1 70
1 74
1 43
1 44
1 66
1 78
1 77
1 50
1 22
1 87
1 25
1 26
1 75
1 60
1 62
4 5
4 7
4 13
4 22
4 23
4 24
4 25
4 26
4 32
4 34
4 36
4 38
4 39
4 40
4 41
4 42
4 43
4 45
4 47
4 50
4 58
4 60
4 64
4 65
4 67
4 68
4 70
4 72
4 74
4 75
4 77
4 78
4 81
4 87
4 88
6 33
6 36
6 49
6 65
6 7
6 41
6 39
6 46
6 47
6 81
6 21
6 54
6 23
6 57
6 71
6 55
7 5
7 13
7 22
7 23
7 24
7 25
7 32
7 34
7 36
7 38
7 39
7 40
7 41
7 42
7 43
7 45
7 47
7 49
7 55
7 58
7 60
7 64
7 65
7 67
7 68
7 70
7 72
7 74
7 75
7 77
7 78
7 81
7 87
7 88
8 33
8 65
8 7
8 71
8 46
8 49
8 21
8 54
8 55
8 57
9 5
9 22
9 25
9 26
9 32
9 34
9 38
9 40
9 43
9 44
9 50
9 60
9 62
9 64
9 66
9 67
9 68
9 70
9 72
9 74
9 75
9 77
9 78
9 87
12 64
12 32
12 34
12 3
12 68
12 70
12 74
12 43
12 44
12 66
12 78
12 77
12 50
12 22
12 87
12 25
12 26
12 75
12 60
12 62
16 15
17 5
17 22
17 25
17 26
17 32
17 34
17 38
17 40
17 43
17 44
17 50
17 60
17 62
17 64
17 66
17 67
17 68
17 70
17 72
17 74
17 75
17 77
17 78
17 87
18 80
18 15
21 5
21 13
21 22
21 24
21 25
21 26
21 32
21 34
21 38
21 40
21 42
21 43
21 45
21 47
21 50
21 58
21 60
21 64
21 67
21 68
21 70
21 72
21 74
21 75
21 77
21 78
21 87
21 88
25 64
25 32
25 34
25 3
25 68
25 70
25 74
25 43
25 44
25 66
25 77
25 50
25 22
25 26
25 75
25 62
26 64
26 32
26 34
26 3
26 68
26 70
26 74
26 43
26 44
26 66
26 77
26 50
26 22
26 25
26 75
26 62
27 5
27 7
27 13
27 21
27 23
27 24
27 25
27 32
27 34
27 36
27 38
27 39
27 40
27 41
27 42
27 45
27 47
27 49
27 54
27 55
27 57
27 58
27 60
27 65
27 67
27 70
27 72
27 75
27 78
27 81
27 87
27 88
28 5
28 7
28 13
28 21
28 23
28 24
28 36
28 38
28 39
28 40
28 41
28 42
28 45
28 47
28 49
28 54
28 55
28 57
28 58
28 60
28 65
28 67
28 71
28 72
28 78
28 81
28 87
28 88
29 33
29 49
29 65
29 7
29 41
29 71
29 46
29 81
29 21
29 54
29 55
29 57
30 5
30 7
30 13
30 22
30 23
30 24
30 25
30 32
30 34
30 36
30 38
30 39
30 40
30 41
30 42
30 43
30 45
30 47
30 49
30 50
30 58
30 60
30 64
30 65
30 67
30 68
30 70
30 72
30 74
30 75
30 77
30 78
30 81
30 87
30 88
31 33
31 69
31 71
31 46
31 79
31 21
31 54
31 55
31 57
31 61
31 85
35 5
35 7
35 13
35 22
35 23
35 24
35 25
35 26
35 32
35 34
35 36
35 38
35 39
35 40
35 41
35 42
35 43
35 45
35 47
35 49
35 50
35 58
35 60
35 64
35 65
35 67
35 68
35 70
35 72
35 74
35 75
35 77
35 78
35 81
35 87
35 88
37 5
37 7
37 13
37 21
37 22
37 23
37 24
37 25
37 32
37 34
37 36
37 38
37 39
37 40
37 41
37 42
37 45
37 47
37 49
37 55
37 58
37 60
37 65
37 67
37 70
37 72
37 75
37 77
37 78
37 81
37 87
37 88
41 5
41 7
41 13
41 21
41 22
41 23
41 24
41 25
41 32
41 34
41 36
41 38
41 39
41 40
41 42
41 43
41 45
41 47
41 49
41 55
41 58
41 60
41 64
41 65
41 67
41 68
41 70
41 72
41 74
41 75
41 77
41 78
41 81
41 87
41 88
42 5
42 22
42 25
42 26
42 32
42 34
42 40
42 43
42 44
42 50
42 60
42 62
42 64
42 66
42 67
42 68
42 70
42 74
42 75
42 77
42 78
42 87
43 64
43 32
43 34
43 3
43 68
43 70
43 74
43 75
43 44
43 66
43 77
43 50
43 22
43 25
43 26
43 62
46 5
46 7
46 13
46 21
46 22
46 23
46 24
46 25
46 32
46 34
46 36
46 38
46 39
46 40
46 41
46 42
46 45
46 47
46 49
46 55
46 58
46 60
46 65
46 67
46 70
46 72
46 74
46 75
46 77
46 78
46 81
46 87
46 88
48 64
48 32
48 34
48 3
48 68
48 70
48 74
48 43
48 44
48 66
48 77
48 50
48 22
48 25
48 26
48 75
48 60
48 62
51 5
51 7
51 13
51 21
51 23
51 24
51 36
51 38
51 39
51 40
51 41
51 42
51 45
51 47
51 49
51 54
51 55
51 57
51 58
51 65
51 71
51 72
51 81
51 88
52 5
52 7
52 13
52 21
52 22
52 23
52 24
52 25
52 32
52 34
52 36
52 38
52 39
52 40
52 41
52 42
52 45
52 47
52 49
52 55
52 58
52 60
52 65
52 67
52 70
52 72
52 75
52 77
52 78
52 81
52 87
52 88
56 33
56 36
56 49
56 65
56 7
56 41
56 23
56 46
56 81
56 21
56 54
56 55
56 57
56 71
57 5
57 7
57 13
57 21
57 22
57 23
57 24
57 25
57 32
57 34
57 36
57 38
57 39
57 40
57 41
57 42
57 45
57 47
57 49
57 55
57 58
57 60
57 65
57 67
57 70
57 72
57 75
57 77
57 78
57 81
57 87
57 88
59 5
59 13
59 22
59 24
59 25
59 26
59 32
59 34
59 38
59 40
59 42
59 43
59 45
59 50
59 58
59 60
59 64
59 66
59 67
59 68
59 70
59 72
59 74
59 75
59 77
59 78
59 87
61 64
61 32
61 34
61 3
61 68
61 70
61 74
61 43
61 44
61 66
61 77
61 50
61 22
61 25
61 26
61 75
61 60
61 62
65 64
65 32
65 34
65 3
65 68
65 70
65 74
65 43
65 44
65 66
65 78
65 77
65 50
65 67
65 22
65 87
65 25
65 26
65 75
65 60
65 62
67 5
67 7
67 13
67 22
67 23
67 24
67 25
67 26
67 32
67 34
67 36
67 38
67 39
67 40
67 41
67 42
67 43
67 45
67 47
67 50
67 58
67 60
67 64
67 65
67 68
67 70
67 72
67 74
67 75
67 77
67 78
67 81
67 87
67 88
69 5
69 22
69 25
69 26
69 32
69 34
69 38
69 40
69 43
69 44
69 50
69 60
69 62
69 64
69 66
69 67
69 68
69 70
69 72
69 74
69 75
69 77
69 78
69 87
70 64
70 32
70 34
70 3
70 68
70 74
70 43
70 44
70 66
70 77
70 50
70 22
70 25
70 26
70 75
70 62
76 5
76 22
76 25
76 26
76 32
76 34
76 38
76 40
76 43
76 44
76 50
76 60
76 62
76 64
76 66
76 67
76 68
76 70
76 74
76 75
76 77
76 78
76 87
79 5
79 22
79 25
79 26
79 32
79 34
79 38
79 40
79 43
79 50
79 58
79 60
79 62
79 64
79 66
79 67
79 68
79 70
79 72
79 74
79 75
79 77
79 78
79 87
83 80
83 15
84 5
84 7
84 13
84 21
84 22
84 23
84 24
84 25
84 32
84 34
84 36
84 38
84 39
84 40
84 41
84 42
84 45
84 47
84 49
84 55
84 58
84 60
84 65
84 67
84 70
84 72
84 75
84 77
84 78
84 81
84 87
84 88
86 15
