88
1 3
1 19
1 35
1 68
1 8
1 9
1 11
1 14
1 49
1 83
1 52
1 41
1 28
2 1
2 3
2 8
2 9
2 11
2 28
2 30
2 31
2 32
2 34
2 35
2 43
2 47
2 49
2 50
2 52
2 60
2 63
2 64
2 68
2 75
2 76
2 83
4 1
4 3
4 8
4 9
4 11
4 14
4 19
4 28
4 31
4 32
4 34
4 35
4 43
4 49
4 50
4 52
4 60
4 63
4 64
4 68
4 75
4 76
4 83
5 18
5 12
5 13
5 37
6 75
6 37
6 76
6 10
6 43
6 12
6 13
6 47
6 18
6 60
6 30
7 1
7 3
7 8
7 9
7 10
7 11
7 13
7 18
7 28
7 30
7 31
7 32
7 34
7 35
7 43
7 47
7 49
7 50
7 52
7 60
7 63
7 64
7 75
7 76
7 83
8 64
8 1
8 34
8 3
8 68
8 35
8 32
8 31
8 9
8 11
8 14
8 49
8 50
8 83
8 52
8 41
8 63
8 28
8 19
10 64
10 1
10 34
10 3
10 68
10 35
10 32
10 8
10 9
10 11
10 14
10 49
10 83
10 52
10 41
10 28
10 19
15 64
15 1
15 34
15 3
15 68
15 35
15 31
15 8
15 9
15 11
15 14
15 49
15 50
15 83
15 52
15 32
15 43
15 41
15 63
15 28
15 19
16 12
16 37
17 1
17 3
17 9
17 10
17 11
17 13
17 18
17 28
17 30
17 31
17 32
17 34
17 43
17 47
17 49
17 50
17 60
17 63
17 64
17 75
17 76
17 83
21 32
21 34
21 75
21 37
21 12
21 10
21 43
21 76
21 13
21 47
21 50
21 18
21 31
21 60
21 30
21 63
22 1
22 3
22 8
22 9
22 10
22 11
22 13
22 18
22 28
22 30
22 31
22 32
22 34
22 35
22 43
22 47
22 49
22 50
22 52
22 60
22 63
22 64
22 68
22 75
22 76
22 83
24 19
24 1
24 3
24 68
24 35
24 8
24 9
24 11
24 14
24 49
24 83
24 52
24 41
24 28
26 75
26 37
26 76
26 10
26 43
26 12
26 13
26 47
26 18
26 60
26 30
27 1
27 3
27 8
27 9
27 10
27 11
27 13
27 18
27 28
27 30
27 31
27 32
27 34
27 35
27 43
27 47
27 49
27 50
27 52
27 60
27 63
27 64
27 68
27 75
27 76
27 83
29 1
29 3
29 8
29 9
29 11
29 14
29 19
29 28
29 31
29 32
29 34
29 35
29 41
29 43
29 49
29 50
29 52
29 63
29 64
29 68
29 76
29 83
30 64
30 1
30 34
30 3
30 68
30 35
30 32
30 8
30 9
30 11
30 14
30 49
30 83
30 52
30 41
30 28
30 19
33 1
33 3
33 8
33 9
33 11
33 14
33 19
33 28
33 30
33 31
33 32
33 34
33 35
33 43
33 49
33 50
33 52
33 60
33 63
33 64
33 68
33 75
33 76
33 83
35 64
35 1
35 34
35 3
35 68
35 19
35 32
35 8
35 9
35 11
35 14
35 49
35 83
35 52
35 41
35 28
36 1
36 3
36 8
36 9
36 11
36 14
36 28
36 30
36 31
36 32
36 34
36 35
36 43
36 49
36 50
36 52
36 60
36 63
36 64
36 68
36 75
36 76
36 83
39 1
39 3
39 8
39 9
39 10
39 11
39 28
39 30
39 31
39 32
39 34
39 35
39 43
39 47
39 49
39 50
39 52
39 60
39 63
39 64
39 68
39 75
39 76
39 83
40 1
40 3
40 8
40 9
40 11
40 14
40 19
40 28
40 31
40 32
40 34
40 35
40 43
40 49
40 50
40 52
40 63
40 64
40 68
40 75
40 76
40 83
42 32
42 18
42 75
42 37
42 12
42 10
42 43
42 76
42 13
42 47
42 50
42 31
42 60
42 30
42 63
44 1
44 3
44 8
44 9
44 11
44 14
44 19
44 28
44 30
44 31
44 32
44 34
44 35
44 43
44 49
44 50
44 52
44 60
44 63
44 64
44 68
44 75
44 76
44 83
45 64
45 1
45 34
45 3
45 68
45 35
45 31
45 8
45 9
45 11
45 14
45 49
45 50
45 83
45 52
45 32
45 41
45 63
45 28
45 19
46 1
46 3
46 8
46 9
46 11
46 14
46 19
46 28
46 31
46 32
46 34
46 35
46 43
46 49
46 50
46 52
46 63
46 64
46 68
46 75
46 76
46 83
48 1
48 3
48 8
48 9
48 11
48 14
48 19
48 28
48 30
48 31
48 32
48 34
48 35
48 43
48 49
48 50
48 52
48 60
48 63
48 64
48 68
48 75
48 76
48 83
51 1
51 3
51 9
51 10
51 11
51 13
51 18
51 28
51 30
51 31
51 32
51 34
51 43
51 47
51 49
51 50
51 60
51 63
51 64
51 75
51 76
51 83
53 12
53 37
55 32
55 18
55 75
55 37
55 12
55 10
55 43
55 76
55 13
55 47
55 50
55 31
55 60
55 30
55 63
56 37
56 10
56 12
56 13
56 47
56 18
56 60
56 30
57 16
59 18
59 75
59 37
59 12
59 10
59 43
59 76
59 13
59 47
59 50
59 31
59 60
59 30
59 63
60 1
60 3
60 8
60 9
60 11
60 14
60 19
60 28
60 30
60 31
60 32
60 34
60 35
60 43
60 49
60 50
60 52
60 63
60 64
60 68
60 75
60 76
60 83
62 64
62 1
62 34
62 3
62 37
62 32
62 31
62 9
62 10
62 43
62 76
62 13
62 47
62 50
62 83
62 18
62 75
62 60
62 30
62 63
66 64
66 1
66 34
66 3
66 68
66 35
66 32
66 8
66 9
66 11
66 14
66 49
66 50
66 83
66 52
66 41
66 28
66 19
67 1
67 3
67 8
67 9
67 11
67 14
67 19
67 28
67 30
67 31
67 32
67 34
67 35
67 43
67 49
67 50
67 52
67 60
67 63
67 64
67 68
67 75
67 76
67 83
69 3
69 19
69 35
69 68
69 8
69 9
69 11
69 14
69 49
69 83
69 52
69 41
69 28
70 12
71 12
71 37
72 12
72 37
73 1
73 3
73 8
73 9
73 10
73 11
73 13
73 18
73 28
73 30
73 31
73 32
73 34
73 35
73 43
73 47
73 49
73 50
73 52
73 60
73 63
73 64
73 68
73 75
73 76
73 83
74 1
74 3
74 8
74 9
74 10
74 11
74 13
74 18
74 28
74 30
74 31
74 32
74 34
74 35
74 43
74 47
74 49
74 50
74 52
74 60
74 63
74 64
74 68
74 75
74 76
74 83
75 19
75 35
75 68
75 8
75 9
75 11
75 14
75 49
75 83
75 52
75 41
75 28
77 1
77 3
77 8
77 9
77 11
77 14
77 28
77 30
77 31
77 32
77 34
77 35
77 43
77 49
77 50
77 52
77 60
77 63
77 64
77 68
77 75
77 76
77 83
78 12
78 37
79 37
79 10
79 12
79 13
79 47
79 18
79 60
79 30
80 1
80 3
80 8
80 9
80 11
80 14
80 19
80 28
80 31
80 32
80 34
80 35
80 43
80 49
80 50
80 52
80 63
80 64
80 68
80 75
80 76
80 83
82 12
84 1
84 3
84 8
84 9
84 10
84 11
84 13
84 18
84 28
84 30
84 31
84 32
84 34
84 35
84 43
84 47
84 49
84 50
84 52
84 60
84 63
84 64
84 68
84 75
84 76
84 83
85 37
85 10
85 12
85 13
85 47
85 18
85 60
85 30
86 75
86 37
86 76
86 10
86 43
86 12
86 13
86 47
86 18
86 31
86 60
86 30
86 63
87 1
87 3
87 8
87 9
87 11
87 14
87 19
87 28
87 31
87 32
87 34
87 35
87 41
87 43
87 49
87 50
87 52
87 63
87 64
87 68
87 76
87 83
