88
5 1
5 35
5 4
5 69
5 6
5 72
5 73
5 74
5 87
5 14
5 48
5 81
5 82
5 84
5 85
5 22
5 55
5 63
7 1
7 35
7 4
7 69
7 6
7 71
7 72
7 73
7 74
7 87
7 14
7 48
7 81
7 82
7 84
7 85
7 22
7 55
7 54
7 63
8 1
8 34
8 17
8 54
8 71
8 41
8 74
8 45
8 14
8 29
8 81
8 50
8 83
8 21
8 22
8 61
9 65
9 34
9 3
9 71
9 41
9 45
9 29
9 17
9 50
9 83
9 21
9 54
9 61
10 35
10 4
10 69
10 6
10 72
10 73
10 87
10 48
10 82
10 84
10 85
10 55
10 63
12 65
12 2
12 68
12 8
12 10
12 76
12 80
12 53
14 35
14 4
14 69
14 23
14 84
14 87
19 65
19 2
19 3
19 68
19 10
19 76
19 80
19 17
19 21
19 53
21 1
21 50
21 54
21 6
21 71
21 72
21 73
21 74
21 45
21 14
21 29
21 48
21 81
21 82
21 83
21 85
21 22
21 55
21 61
21 63
22 1
22 35
22 4
22 69
22 6
22 72
22 73
22 87
22 48
22 82
22 84
22 85
22 55
22 63
24 1
24 34
24 17
24 54
24 71
24 41
24 74
24 45
24 14
24 29
24 81
24 50
24 83
24 21
24 22
24 55
24 61
26 65
26 2
26 3
26 68
26 10
26 76
26 80
26 21
26 53
27 1
27 6
27 14
27 22
27 29
27 35
27 45
27 48
27 50
27 54
27 55
27 63
27 71
27 72
27 73
27 74
27 81
27 82
27 83
27 84
27 85
27 87
28 8
28 66
28 67
30 1
30 35
30 4
30 69
30 6
30 72
30 73
30 74
30 87
30 14
30 48
30 81
30 82
30 84
30 85
30 22
30 55
30 63
31 1
31 35
31 54
31 6
31 71
31 72
31 73
31 74
31 87
31 14
31 48
31 81
31 82
31 84
31 85
31 22
31 55
31 63
32 35
32 4
32 69
32 6
32 72
32 73
32 87
32 48
32 82
32 84
32 23
33 65
33 2
33 3
33 68
33 10
33 76
33 80
33 21
33 53
34 1
34 50
34 54
34 6
34 71
34 72
34 73
34 74
34 45
34 14
34 29
34 48
34 81
34 82
34 83
34 85
34 22
34 55
34 61
34 63
35 4
35 69
35 72
35 73
35 23
35 48
35 82
35 84
35 87
36 1
36 35
36 4
36 69
36 6
36 72
36 73
36 74
36 87
36 14
36 48
36 81
36 82
36 84
36 85
36 22
36 55
36 63
37 65
37 34
37 3
37 71
37 41
37 45
37 29
37 17
37 50
37 83
37 21
37 54
37 61
38 1
38 34
38 3
38 17
38 54
38 71
38 41
38 74
38 45
38 14
38 29
38 81
38 50
38 83
38 21
38 22
38 61
39 2
39 67
39 68
39 8
39 10
39 76
39 66
40 2
40 67
40 68
40 8
40 10
40 76
40 66
40 80
41 35
41 4
41 69
41 23
41 84
41 87
42 35
42 4
42 69
42 6
42 72
42 73
42 87
42 48
42 82
42 84
42 85
42 55
42 63
43 65
43 34
43 3
43 41
43 45
43 29
43 17
43 50
43 83
43 21
43 61
44 1
44 34
44 54
44 6
44 71
44 41
44 74
44 45
44 14
44 29
44 81
44 50
44 83
44 85
44 22
44 55
44 61
44 63
46 35
46 4
46 69
46 6
46 72
46 73
46 87
46 48
46 82
46 84
46 23
47 1
47 35
47 54
47 6
47 71
47 72
47 73
47 74
47 87
47 14
47 48
47 81
47 82
47 83
47 84
47 85
47 22
47 55
47 63
48 35
48 4
48 69
48 6
48 72
48 73
48 87
48 82
48 84
48 23
49 1
49 34
49 3
49 17
49 54
49 71
49 41
49 74
49 45
49 14
49 29
49 81
49 50
49 83
49 21
49 22
49 61
50 35
50 4
50 69
50 6
50 72
50 73
50 48
50 82
50 84
50 85
50 87
50 63
51 65
51 34
51 3
51 41
51 45
51 29
51 17
51 50
51 83
51 21
51 61
52 65
52 2
52 3
52 68
52 10
52 76
52 80
52 21
52 53
53 35
53 4
53 69
53 23
53 84
53 87
54 35
54 4
54 69
54 72
54 23
54 48
54 82
54 84
54 87
56 1
56 35
56 4
56 69
56 6
56 72
56 73
56 87
56 48
56 81
56 82
56 84
56 85
56 22
56 55
56 63
57 1
57 50
57 54
57 6
57 71
57 72
57 73
57 74
57 45
57 14
57 29
57 48
57 81
57 82
57 83
57 84
57 85
57 22
57 55
57 61
57 63
58 1
58 35
58 4
58 69
58 6
58 72
58 73
58 74
58 87
58 14
58 48
58 81
58 82
58 84
58 85
58 22
58 55
58 63
59 1
59 34
59 54
59 6
59 71
59 41
59 74
59 29
59 45
59 14
59 73
59 81
59 50
59 83
59 85
59 22
59 55
59 61
59 63
61 1
61 34
61 17
61 54
61 71
61 41
61 74
61 45
61 14
61 81
61 50
61 83
61 21
61 22
61 55
61 29
62 1
62 50
62 54
62 6
62 71
62 72
62 73
62 74
62 45
62 14
62 29
62 48
62 81
62 82
62 83
62 85
62 22
62 55
62 61
62 63
64 1
64 35
64 54
64 6
64 71
64 72
64 73
64 74
64 87
64 14
64 48
64 81
64 82
64 83
64 84
64 85
64 22
64 55
64 63
65 35
65 4
65 69
65 72
65 73
65 23
65 48
65 82
65 84
65 87
66 65
66 34
66 3
66 41
66 45
66 29
66 17
66 50
66 21
66 61
66 53
67 65
67 34
67 3
67 41
67 45
67 29
67 17
67 50
67 83
67 21
67 61
68 65
68 34
68 3
68 41
68 45
68 29
68 80
68 17
68 50
68 21
68 61
68 53
69 23
69 4
69 35
69 84
69 87
70 1
70 35
70 4
70 69
70 6
70 71
70 72
70 73
70 74
70 87
70 14
70 48
70 81
70 82
70 84
70 85
70 22
70 55
70 54
70 63
71 35
71 4
71 69
71 72
71 73
71 23
71 48
71 82
71 84
71 87
72 35
72 4
72 69
72 6
72 73
72 87
72 48
72 82
72 84
72 85
72 22
72 55
72 63
73 1
73 35
73 4
73 69
73 6
73 72
73 74
73 87
73 14
73 48
73 81
73 82
73 84
73 85
73 22
73 55
73 63
74 1
74 50
74 54
74 6
74 71
74 72
74 73
74 45
74 14
74 29
74 48
74 81
74 82
74 83
74 84
74 85
74 22
74 55
74 61
74 63
75 65
75 2
75 3
75 68
75 10
75 76
75 80
75 21
75 53
76 1
76 35
76 54
76 6
76 71
76 72
76 73
76 74
76 87
76 14
76 48
76 81
76 82
76 83
76 84
76 85
76 22
76 55
76 63
77 35
77 4
77 69
77 6
77 72
77 73
77 87
77 48
77 82
77 84
77 85
77 55
77 63
78 1
78 50
78 54
78 6
78 71
78 72
78 73
78 74
78 45
78 14
78 29
78 48
78 81
78 82
78 83
78 85
78 22
78 55
78 61
78 63
79 65
79 2
79 3
79 68
79 10
79 76
79 80
79 21
79 53
80 1
80 35
80 54
80 6
80 71
80 72
80 73
80 74
80 87
80 14
80 48
80 81
80 82
80 84
80 85
80 22
80 55
80 63
82 35
82 4
82 69
82 6
82 72
82 73
82 87
82 48
82 84
82 85
82 55
82 63
83 35
83 4
83 69
83 72
83 23
83 48
83 82
83 84
83 87
87 35
87 4
87 69
87 6
87 72
87 73
87 48
87 82
87 84
87 85
87 63
88 35
88 4
88 69
88 6
88 72
88 73
88 87
88 48
88 82
88 84
88 85
88 55
88 63
