88
1 17
1 75
1 46
1 49
1 22
1 30
2 68
2 65
2 3
2 36
2 38
2 39
2 64
2 79
2 45
2 15
2 24
2 35
2 53
2 25
2 88
2 57
2 47
2 51
5 68
5 65
5 3
5 36
5 38
5 39
5 64
5 42
5 45
5 15
5 24
5 35
5 53
5 25
5 88
5 57
5 47
5 79
5 51
7 3
7 6
7 15
7 24
7 25
7 32
7 35
7 36
7 38
7 39
7 42
7 47
7 54
7 57
7 63
7 64
7 65
7 67
7 68
7 76
7 79
7 88
8 68
8 65
8 67
8 36
8 38
8 6
8 39
8 64
8 47
8 42
8 63
8 79
8 24
8 3
8 32
8 54
8 25
8 88
8 57
8 15
8 35
9 70
9 17
9 75
9 46
9 49
9 22
9 30
10 32
10 33
10 67
10 5
10 6
10 42
10 76
10 50
10 54
10 70
10 63
11 33
11 5
11 6
11 75
11 76
11 46
11 17
11 50
11 70
12 33
12 5
12 70
12 75
12 46
12 17
12 50
13 33
13 5
13 70
13 75
13 46
13 17
13 50
14 68
14 65
14 67
14 36
14 38
14 6
14 39
14 64
14 47
14 42
14 63
14 79
14 24
14 3
14 32
14 54
14 25
14 88
14 57
14 15
14 35
16 32
16 65
16 67
16 36
16 5
16 6
16 42
16 76
16 79
16 50
16 54
16 24
16 68
16 63
18 49
18 30
18 22
19 68
19 65
19 79
19 67
19 36
19 38
19 39
19 64
19 42
19 45
19 15
19 24
19 3
19 32
19 25
19 88
19 57
19 47
19 51
19 35
20 68
20 65
20 3
20 36
20 38
20 39
20 64
20 79
20 45
20 15
20 24
20 35
20 53
20 25
20 88
20 57
20 47
20 51
22 32
22 65
22 3
22 36
22 5
22 6
22 63
22 42
22 76
22 79
22 50
22 67
22 54
22 24
22 68
22 15
22 35
26 32
26 65
26 3
26 36
26 5
26 6
26 39
26 38
26 63
26 42
26 76
26 79
26 67
26 54
26 25
26 24
26 68
26 15
26 35
27 32
27 65
27 67
27 36
27 5
27 6
27 42
27 76
27 79
27 50
27 54
27 24
27 68
27 63
28 68
28 65
28 79
28 67
28 36
28 38
28 39
28 64
28 42
28 45
28 15
28 24
28 3
28 32
28 25
28 88
28 57
28 47
28 51
28 35
29 70
29 17
29 75
29 46
29 49
29 22
29 30
31 3
31 5
31 6
31 15
31 24
31 25
31 32
31 35
31 36
31 38
31 39
31 42
31 47
31 54
31 57
31 63
31 65
31 67
31 68
31 76
31 79
31 88
32 68
32 65
32 79
32 67
32 36
32 38
32 39
32 64
32 42
32 45
32 15
32 24
32 3
32 53
32 25
32 88
32 57
32 47
32 51
32 35
34 32
34 33
34 67
34 5
34 6
34 42
34 76
34 46
34 17
34 50
34 54
34 70
34 63
35 68
35 65
35 3
35 36
35 38
35 39
35 64
35 42
35 45
35 15
35 24
35 67
35 53
35 25
35 88
35 57
35 47
35 79
35 51
37 64
37 65
37 3
37 68
37 38
37 39
37 45
37 15
37 59
37 35
37 53
37 25
37 88
37 57
37 47
37 51
39 68
39 65
39 79
39 67
39 36
39 38
39 32
39 64
39 42
39 45
39 15
39 24
39 3
39 25
39 88
39 57
39 47
39 51
39 35
40 32
40 33
40 67
40 5
40 6
40 42
40 76
40 50
40 54
40 70
40 63
41 68
41 65
41 67
41 36
41 38
41 39
41 64
41 47
41 42
41 63
41 79
41 24
41 3
41 32
41 54
41 25
41 88
41 57
41 15
41 35
42 68
42 65
42 67
42 36
42 38
42 39
42 64
42 79
42 45
42 15
42 24
42 3
42 32
42 25
42 88
42 57
42 47
42 51
42 35
43 32
43 65
43 67
43 36
43 5
43 6
43 42
43 76
43 79
43 50
43 54
43 24
43 68
43 63
44 32
44 65
44 3
44 36
44 5
44 6
44 39
44 38
44 63
44 42
44 76
44 79
44 67
44 54
44 25
44 24
44 68
44 15
44 35
47 68
47 65
47 3
47 36
47 38
47 39
47 64
47 45
47 15
47 24
47 35
47 53
47 59
47 25
47 88
47 57
47 79
47 51
48 68
48 65
48 67
48 36
48 38
48 6
48 39
48 64
48 47
48 42
48 63
48 79
48 24
48 3
48 32
48 54
48 25
48 88
48 57
48 15
48 35
55 32
55 65
55 3
55 36
55 5
55 6
55 39
55 38
55 63
55 42
55 76
55 79
55 67
55 54
55 25
55 24
55 68
55 15
55 35
56 32
56 33
56 67
56 5
56 6
56 42
56 76
56 46
56 17
56 50
56 54
56 70
56 63
58 3
58 5
58 6
58 15
58 24
58 25
58 32
58 35
58 36
58 38
58 39
58 42
58 47
58 54
58 57
58 63
58 65
58 67
58 68
58 76
58 79
58 88
60 32
60 65
60 3
60 36
60 5
60 6
60 39
60 38
60 63
60 42
60 76
60 79
60 67
60 54
60 25
60 24
60 68
60 15
60 35
62 3
62 6
62 15
62 24
62 25
62 32
62 35
62 36
62 38
62 39
62 42
62 47
62 54
62 57
62 63
62 64
62 65
62 67
62 68
62 76
62 79
62 88
63 68
63 65
63 67
63 36
63 38
63 39
63 64
63 47
63 42
63 79
63 24
63 3
63 32
63 54
63 25
63 88
63 57
63 15
63 35
66 68
66 65
66 3
66 36
66 38
66 39
66 64
66 79
66 45
66 15
66 24
66 35
66 53
66 25
66 88
66 57
66 47
66 51
69 3
69 5
69 6
69 15
69 24
69 25
69 32
69 35
69 36
69 38
69 39
69 42
69 47
69 54
69 57
69 63
69 65
69 67
69 68
69 76
69 79
69 88
71 68
71 65
71 3
71 36
71 38
71 39
71 64
71 79
71 45
71 15
71 24
71 35
71 53
71 25
71 88
71 57
71 47
71 51
72 32
72 65
72 67
72 36
72 5
72 6
72 42
72 76
72 79
72 50
72 54
72 24
72 68
72 63
74 68
74 65
74 79
74 67
74 36
74 38
74 39
74 64
74 42
74 45
74 15
74 24
74 3
74 53
74 25
74 88
74 57
74 47
74 51
74 35
77 3
77 5
77 6
77 15
77 24
77 25
77 32
77 35
77 36
77 38
77 39
77 42
77 47
77 54
77 57
77 63
77 65
77 67
77 68
77 76
77 79
77 88
78 32
78 33
78 67
78 36
78 5
78 6
78 42
78 76
78 50
78 54
78 24
78 63
80 68
80 65
80 67
80 36
80 38
80 6
80 39
80 47
80 42
80 76
80 63
80 79
80 88
80 3
80 32
80 54
80 25
80 24
80 57
80 15
80 35
81 33
81 5
81 70
81 75
81 46
81 17
81 50
82 32
82 33
82 67
82 5
82 6
82 42
82 76
82 46
82 50
82 54
82 70
82 63
83 32
83 65
83 67
83 36
83 5
83 6
83 42
83 76
83 79
83 50
83 54
83 24
83 63
84 32
84 65
84 67
84 36
84 5
84 6
84 42
84 76
84 79
84 50
84 54
84 24
84 68
84 63
85 32
85 33
85 67
85 5
85 6
85 42
85 76
85 46
85 17
85 50
85 54
85 70
85 63
86 32
86 33
86 67
86 5
86 6
86 42
86 76
86 50
86 54
86 70
86 63
87 68
87 65
87 79
87 67
87 36
87 38
87 39
87 64
87 42
87 45
87 15
87 24
87 3
87 32
87 25
87 88
87 57
87 47
87 51
87 35
88 68
88 65
88 3
88 36
88 38
88 39
88 64
88 79
88 45
88 15
88 59
88 35
88 53
88 25
88 24
88 57
88 47
88 51
