88
1 33
1 2
1 35
1 5
1 63
1 11
1 66
1 24
1 16
1 49
1 54
1 88
1 59
1 37
2 33
2 66
2 35
2 4
2 5
2 11
2 24
2 80
2 49
2 54
2 88
2 63
2 30
2 37
3 33
3 2
3 4
3 5
3 6
3 11
3 66
3 80
3 49
3 54
3 24
3 63
3 30
3 37
4 33
4 2
4 35
4 5
4 11
4 66
4 24
4 16
4 49
4 54
4 88
4 59
4 63
7 33
7 2
7 4
7 5
7 6
7 11
7 66
7 80
7 49
7 54
7 63
7 30
7 37
8 33
8 66
8 35
8 4
8 5
8 11
8 2
8 24
8 80
8 49
8 54
8 88
8 63
8 30
8 37
9 2
9 4
9 37
9 6
9 66
9 80
9 49
9 30
9 5
10 33
10 2
10 4
10 5
10 6
10 11
10 66
10 80
10 49
10 54
10 63
10 30
10 37
12 2
12 4
12 37
12 6
12 80
12 30
12 5
14 33
14 2
14 4
14 5
14 6
14 11
14 66
14 80
14 49
14 54
14 24
14 63
14 30
14 37
15 33
15 66
15 35
15 4
15 5
15 80
15 11
15 2
15 24
15 16
15 49
15 54
15 88
15 63
15 37
17 33
17 66
17 35
17 4
17 5
17 80
17 11
17 2
17 24
17 16
17 49
17 54
17 88
17 63
17 37
18 2
18 4
18 37
18 6
18 66
18 80
18 49
18 30
18 5
20 2
20 4
20 37
20 6
20 66
20 80
20 49
20 30
20 5
21 33
21 2
21 4
21 5
21 6
21 11
21 66
21 80
21 49
21 54
21 63
21 30
21 37
22 4
22 37
22 6
22 80
22 30
22 5
25 2
25 4
25 37
25 6
25 66
25 80
25 49
25 30
25 5
26 30
26 6
27 33
27 2
27 35
27 5
27 63
27 11
27 66
27 24
27 16
27 49
27 54
27 88
27 59
27 37
28 33
28 2
28 35
28 4
28 5
28 6
28 11
28 66
28 24
28 80
28 49
28 54
28 88
28 63
28 30
28 37
29 33
29 2
29 35
29 5
29 11
29 66
29 24
29 16
29 49
29 54
29 88
29 59
29 63
31 33
31 35
31 11
31 16
31 24
31 54
31 88
31 59
31 63
32 33
32 2
32 4
32 5
32 6
32 11
32 66
32 80
32 49
32 54
32 63
32 30
32 37
34 33
34 66
34 35
34 4
34 5
34 80
34 11
34 2
34 24
34 16
34 49
34 54
34 88
34 63
34 37
35 33
35 11
35 16
35 24
35 54
35 88
35 59
35 63
36 33
36 66
36 35
36 4
36 5
36 80
36 11
36 2
36 24
36 16
36 49
36 54
36 88
36 63
36 37
37 33
37 35
37 11
37 16
37 24
37 54
37 88
37 59
37 63
38 33
38 66
38 35
38 4
38 5
38 80
38 11
38 2
38 24
38 16
38 49
38 54
38 88
38 63
38 37
39 33
39 2
39 4
39 5
39 6
39 11
39 66
39 80
39 49
39 54
39 63
39 30
39 37
40 33
40 2
40 4
40 5
40 6
40 11
40 66
40 80
40 49
40 54
40 63
40 30
40 37
41 33
41 66
41 35
41 4
41 5
41 80
41 63
41 11
41 2
41 24
41 16
41 49
41 54
41 88
41 59
41 37
43 33
43 2
43 35
43 4
43 5
43 6
43 11
43 66
43 80
43 49
43 54
43 24
43 63
43 30
43 37
44 33
44 35
44 11
44 16
44 24
44 54
44 88
44 59
44 63
45 33
45 2
45 4
45 5
45 6
45 11
45 66
45 80
45 49
45 54
45 63
45 30
45 37
46 33
46 66
46 35
46 4
46 5
46 80
46 63
46 11
46 2
46 24
46 16
46 49
46 54
46 88
46 59
46 37
47 33
47 66
47 35
47 4
47 5
47 80
47 63
47 11
47 2
47 24
47 16
47 49
47 54
47 88
47 59
47 37
48 33
48 2
48 4
48 5
48 6
48 11
48 66
48 80
48 49
48 54
48 63
48 30
48 37
50 2
50 4
50 37
50 6
50 80
50 30
50 5
51 33
51 66
51 35
51 4
51 5
51 11
51 2
51 24
51 80
51 49
51 54
51 88
51 63
51 30
51 37
52 33
52 2
52 4
52 5
52 6
52 11
52 66
52 80
52 49
52 54
52 63
52 30
52 37
53 2
53 4
53 37
53 6
53 66
53 80
53 49
53 54
53 63
53 30
53 5
54 33
54 2
54 35
54 5
54 11
54 66
54 16
54 49
54 24
54 88
54 59
54 63
55 33
55 2
55 4
55 5
55 6
55 11
55 66
55 80
55 49
55 54
55 63
55 30
55 37
56 33
56 66
56 35
56 4
56 5
56 80
56 11
56 2
56 24
56 16
56 49
56 54
56 88
56 63
56 37
57 33
57 2
57 4
57 5
57 6
57 11
57 66
57 80
57 49
57 54
57 63
57 30
57 37
58 2
58 4
58 37
58 6
58 66
58 80
58 49
58 30
58 5
60 33
60 66
60 35
60 4
60 5
60 80
60 63
60 11
60 2
60 24
60 16
60 49
60 54
60 88
60 59
60 37
61 33
61 2
61 35
61 4
61 5
61 6
61 11
61 66
61 80
61 49
61 54
61 24
61 63
61 30
61 37
62 33
62 66
62 35
62 4
62 5
62 11
62 2
62 24
62 80
62 49
62 54
62 88
62 63
62 37
63 33
63 66
63 35
63 4
63 5
63 80
63 11
63 2
63 24
63 16
63 49
63 54
63 88
63 37
64 2
64 4
64 37
64 6
64 80
64 49
64 30
64 5
65 33
65 2
65 4
65 5
65 6
65 11
65 66
65 80
65 49
65 54
65 63
65 30
65 37
66 33
66 35
66 11
66 16
66 24
66 54
66 88
66 59
66 63
67 33
67 66
67 35
67 4
67 5
67 80
67 63
67 11
67 2
67 24
67 16
67 49
67 54
67 88
67 59
67 37
68 2
68 4
68 37
68 6
68 66
68 80
68 49
68 54
68 30
68 5
69 17
69 30
69 6
70 2
70 4
70 37
70 6
70 80
70 49
70 30
70 5
71 33
71 2
71 4
71 5
71 6
71 11
71 66
71 80
71 49
71 54
71 63
71 30
71 37
72 2
72 4
72 37
72 6
72 66
72 80
72 49
72 30
72 5
73 33
73 2
73 4
73 5
73 6
73 11
73 66
73 80
73 49
73 54
73 63
73 30
73 37
74 33
74 66
74 35
74 4
74 5
74 80
74 11
74 2
74 24
74 16
74 49
74 54
74 88
74 63
74 37
75 33
75 2
75 4
75 5
75 6
75 11
75 66
75 80
75 49
75 54
75 24
75 63
75 30
75 37
76 2
76 4
76 37
76 6
76 80
76 30
76 5
77 33
77 66
77 35
77 4
77 5
77 80
77 11
77 2
77 24
77 16
77 49
77 54
77 88
77 63
77 37
78 33
78 66
78 35
78 4
78 5
78 80
78 11
78 2
78 24
78 16
78 49
78 54
78 88
78 63
78 37
79 33
79 2
79 35
79 4
79 5
79 6
79 11
79 66
79 24
79 80
79 49
79 54
79 88
79 63
79 30
79 37
80 33
80 66
80 35
80 11
80 24
80 16
80 49
80 54
80 88
80 59
80 63
82 4
82 37
82 6
82 80
82 30
82 5
83 33
83 2
83 4
83 5
83 6
83 11
83 66
83 80
83 49
83 54
83 63
83 30
83 37
84 33
84 2
84 4
84 5
84 6
84 11
84 66
84 80
84 49
84 54
84 63
84 30
84 37
85 2
85 4
85 37
85 6
85 80
85 30
85 5
86 33
86 66
86 35
86 4
86 5
86 80
86 11
86 2
86 24
86 16
86 49
86 54
86 88
86 63
86 37
87 33
87 35
87 11
87 16
87 24
87 54
87 88
87 59
87 63
