88
1 3
1 7
1 11
1 14
1 27
1 32
1 35
1 36
1 37
1 39
1 40
1 41
1 44
1 47
1 55
1 60
1 63
1 67
1 77
1 82
1 83
1 84
1 87
2 3
2 4
2 7
2 11
2 14
2 27
2 28
2 31
2 32
2 35
2 36
2 37
2 39
2 40
2 41
2 43
2 55
2 60
2 67
2 77
2 82
2 83
2 84
2 87
2 88
3 32
3 83
3 67
3 36
3 41
3 11
3 44
3 77
3 14
3 47
3 82
3 35
3 84
3 60
3 63
6 3
6 32
6 83
6 67
6 36
6 41
6 11
6 44
6 77
6 14
6 47
6 82
6 35
6 84
6 60
6 63
8 25
8 29
9 25
9 29
11 32
11 41
11 10
11 44
11 77
11 47
11 84
11 63
13 25
13 29
17 32
17 3
17 36
17 41
17 10
17 11
17 44
17 77
17 47
17 84
17 63
18 3
18 4
18 7
18 11
18 14
18 27
18 28
18 31
18 32
18 35
18 36
18 37
18 39
18 40
18 41
18 43
18 55
18 60
18 67
18 77
18 82
18 83
18 84
18 87
18 88
20 1
20 5
20 12
20 30
20 33
20 34
20 42
20 45
20 46
20 51
20 52
20 53
20 54
20 56
20 58
20 59
20 61
20 62
20 68
20 69
20 70
20 71
20 72
20 73
20 74
20 76
20 79
20 80
20 81
22 1
22 4
22 5
22 12
22 28
22 30
22 31
22 33
22 34
22 42
22 43
22 45
22 46
22 51
22 52
22 53
22 54
22 56
22 58
22 59
22 61
22 62
22 68
22 69
22 70
22 71
22 72
22 73
22 74
22 76
22 80
22 81
22 88
23 3
23 4
23 7
23 11
23 14
23 27
23 28
23 31
23 32
23 35
23 36
23 37
23 39
23 40
23 41
23 43
23 55
23 60
23 67
23 77
23 82
23 83
23 84
23 87
23 88
24 3
24 7
24 11
24 14
24 27
24 32
24 35
24 36
24 37
24 39
24 40
24 41
24 44
24 47
24 55
24 60
24 63
24 67
24 77
24 82
24 83
24 84
24 87
26 32
26 41
26 10
26 11
26 44
26 77
26 47
26 84
26 63
27 32
27 41
27 10
27 11
27 44
27 77
27 47
27 84
27 63
28 3
28 4
28 7
28 11
28 14
28 27
28 31
28 32
28 35
28 36
28 37
28 39
28 40
28 41
28 43
28 44
28 47
28 55
28 60
28 67
28 77
28 82
28 83
28 84
28 87
30 3
30 32
30 83
30 67
30 36
30 40
30 41
30 11
30 44
30 77
30 14
30 47
30 82
30 35
30 84
30 55
30 27
30 60
30 63
31 32
31 3
31 36
31 41
31 10
31 11
31 44
31 77
31 47
31 84
31 63
32 41
32 10
32 11
32 44
32 77
32 47
32 84
32 63
33 32
33 41
33 10
33 11
33 44
33 77
33 47
33 84
33 63
34 32
34 10
34 11
34 44
34 77
34 47
34 63
35 32
35 41
35 10
35 11
35 44
35 77
35 47
35 84
35 63
36 32
36 41
36 10
36 11
36 44
36 77
36 47
36 84
36 63
37 32
37 67
37 36
37 41
37 10
37 11
37 44
37 77
37 14
37 47
37 3
37 84
37 60
37 63
38 3
38 7
38 11
38 14
38 27
38 32
38 35
38 36
38 37
38 39
38 40
38 41
38 44
38 47
38 55
38 60
38 63
38 67
38 77
38 82
38 83
38 84
38 87
39 32
39 83
39 35
39 36
39 37
39 7
39 40
39 41
39 11
39 44
39 77
39 14
39 47
39 82
39 3
39 84
39 55
39 67
39 27
39 60
39 63
40 3
40 4
40 7
40 11
40 14
40 27
40 28
40 31
40 32
40 35
40 36
40 37
40 39
40 41
40 43
40 55
40 60
40 67
40 77
40 82
40 83
40 84
40 87
40 88
41 32
41 10
41 11
41 44
41 77
41 47
41 84
41 63
45 3
45 32
45 83
45 67
45 36
45 41
45 10
45 11
45 44
45 77
45 14
45 47
45 82
45 35
45 84
45 60
45 63
46 32
46 10
46 11
46 44
46 77
46 47
46 63
47 32
47 41
47 10
47 11
47 44
47 77
47 84
47 63
48 1
48 3
48 4
48 5
48 7
48 14
48 27
48 28
48 30
48 31
48 35
48 36
48 37
48 39
48 40
48 42
48 43
48 46
48 54
48 55
48 60
48 67
48 73
48 80
48 82
48 83
48 87
48 88
49 1
49 4
49 5
49 7
49 27
49 28
49 30
49 31
49 34
49 37
49 39
49 42
49 43
49 45
49 46
49 51
49 54
49 56
49 59
49 62
49 68
49 69
49 70
49 73
49 80
49 81
49 87
49 88
50 1
50 3
50 4
50 5
50 7
50 14
50 27
50 28
50 30
50 31
50 35
50 36
50 37
50 39
50 40
50 42
50 43
50 46
50 54
50 55
50 56
50 60
50 67
50 69
50 70
50 73
50 80
50 82
50 83
50 87
50 88
52 32
52 41
52 10
52 11
52 44
52 77
52 47
52 84
52 63
53 32
53 41
53 10
53 11
53 44
53 77
53 47
53 84
53 63
55 3
55 7
55 11
55 14
55 27
55 32
55 35
55 36
55 37
55 39
55 40
55 41
55 44
55 47
55 60
55 63
55 67
55 77
55 82
55 83
55 84
55 87
56 3
56 32
56 83
56 67
56 36
56 41
56 11
56 44
56 77
56 14
56 47
56 82
56 35
56 84
56 60
56 63
60 3
60 32
60 83
60 67
60 36
60 41
60 11
60 44
60 77
60 14
60 47
60 82
60 35
60 84
60 63
61 32
61 41
61 10
61 11
61 44
61 77
61 47
61 84
61 63
62 32
62 3
62 36
62 41
62 10
62 11
62 44
62 77
62 47
62 84
62 63
63 32
63 41
63 10
63 11
63 44
63 77
63 47
63 84
67 3
67 4
67 7
67 11
67 14
67 27
67 32
67 35
67 36
67 37
67 39
67 40
67 41
67 44
67 47
67 55
67 60
67 63
67 77
67 82
67 83
67 84
67 87
68 32
68 67
68 36
68 41
68 10
68 11
68 44
68 77
68 14
68 47
68 3
68 84
68 60
68 63
70 1
70 3
70 4
70 5
70 7
70 14
70 27
70 28
70 30
70 31
70 35
70 36
70 37
70 39
70 40
70 42
70 43
70 46
70 55
70 60
70 67
70 73
70 80
70 82
70 83
70 87
70 88
71 32
71 41
71 10
71 11
71 44
71 77
71 47
71 84
71 63
72 3
72 32
72 83
72 67
72 36
72 40
72 41
72 11
72 44
72 77
72 14
72 47
72 82
72 35
72 84
72 55
72 27
72 60
72 63
74 32
74 41
74 10
74 11
74 44
74 77
74 47
74 84
74 63
75 32
75 67
75 36
75 41
75 10
75 11
75 44
75 77
75 14
75 47
75 3
75 84
75 60
75 63
76 32
76 83
76 35
76 36
76 37
76 7
76 40
76 41
76 11
76 44
76 77
76 14
76 47
76 82
76 3
76 84
76 55
76 67
76 27
76 60
76 63
78 1
78 3
78 4
78 5
78 7
78 14
78 27
78 28
78 30
78 31
78 35
78 36
78 37
78 39
78 40
78 42
78 43
78 46
78 54
78 55
78 60
78 67
78 73
78 80
78 82
78 83
78 87
78 88
80 3
80 32
80 83
80 67
80 36
80 40
80 41
80 11
80 44
80 77
80 14
80 47
80 82
80 35
80 84
80 55
80 27
80 60
80 63
84 32
84 41
84 10
84 11
84 44
84 77
84 47
84 63
86 64
86 65
86 66
86 75
86 85
86 57
86 26
86 21
87 32
87 41
87 10
87 11
87 44
87 77
87 47
87 84
87 63
88 32
88 36
88 41
88 10
88 11
88 44
88 77
88 47
88 84
88 63
