88
1 32
1 4
1 81
1 40
1 42
1 43
1 16
1 72
1 82
1 51
1 52
1 28
1 74
6 3
6 4
6 5
6 10
6 11
6 16
6 23
6 27
6 28
6 32
6 34
6 38
6 46
6 48
6 53
6 54
6 56
6 62
6 63
6 72
6 73
6 76
6 81
6 82
6 83
6 86
6 87
6 88
7 24
7 8
7 2
7 58
7 37
9 2
9 37
9 7
9 8
9 11
9 48
9 86
9 24
9 58
9 29
9 62
12 3
12 5
12 10
12 11
12 16
12 23
12 27
12 28
12 29
12 34
12 38
12 46
12 48
12 53
12 54
12 56
12 62
12 63
12 72
12 73
12 76
12 81
12 82
12 83
12 86
12 87
12 88
13 3
13 5
13 7
13 8
13 10
13 11
13 23
13 24
13 27
13 29
13 34
13 38
13 46
13 48
13 53
13 54
13 56
13 62
13 63
13 73
13 76
13 83
13 86
13 87
13 88
14 34
14 3
14 5
14 7
14 8
14 11
14 2
14 48
14 24
14 83
14 86
14 88
14 58
14 27
14 29
14 62
17 6
17 55
18 32
18 4
18 40
18 42
18 43
18 16
18 72
18 82
18 51
18 52
18 28
18 74
21 19
25 2
25 3
25 5
25 7
25 8
25 10
25 11
25 24
25 27
25 29
25 34
25 38
25 48
25 53
25 54
25 58
25 62
25 63
25 76
25 83
25 86
25 87
25 88
26 34
26 3
26 5
26 7
26 8
26 11
26 2
26 48
26 24
26 83
26 86
26 88
26 58
26 27
26 29
26 62
28 34
28 3
28 5
28 38
28 7
28 8
28 10
28 11
28 2
28 48
28 24
28 83
28 86
28 88
28 58
28 27
28 29
28 62
30 3
30 5
30 10
30 11
30 16
30 23
30 27
30 28
30 34
30 38
30 46
30 48
30 53
30 54
30 56
30 62
30 63
30 72
30 73
30 76
30 81
30 82
30 83
30 86
30 87
30 88
31 3
31 5
31 10
31 11
31 16
31 23
31 24
31 27
31 28
31 29
31 34
31 38
31 46
31 48
31 53
31 54
31 56
31 62
31 63
31 72
31 73
31 76
31 81
31 83
31 86
31 87
31 88
32 34
32 3
32 5
32 38
32 7
32 8
32 11
32 2
32 48
32 24
32 83
32 86
32 88
32 58
32 27
32 29
32 62
33 6
33 42
33 52
33 22
33 55
33 59
34 2
34 37
34 7
34 8
34 24
34 58
34 29
35 3
35 5
35 10
35 11
35 16
35 23
35 27
35 28
35 32
35 34
35 38
35 46
35 48
35 53
35 54
35 56
35 62
35 63
35 72
35 73
35 76
35 81
35 82
35 83
35 86
35 87
35 88
36 32
36 4
36 38
36 81
36 40
36 73
36 10
36 43
36 76
36 46
36 16
36 72
36 82
36 53
36 54
36 23
36 56
36 87
36 28
36 74
36 63
38 2
38 37
38 7
38 8
38 24
38 58
38 29
39 3
39 5
39 10
39 11
39 16
39 23
39 27
39 28
39 29
39 34
39 38
39 46
39 48
39 53
39 54
39 56
39 62
39 63
39 72
39 73
39 76
39 81
39 83
39 86
39 87
39 88
41 3
41 4
41 10
41 16
41 23
41 27
41 28
41 32
41 38
41 43
41 46
41 53
41 54
41 56
41 63
41 72
41 73
41 74
41 76
41 81
41 82
41 83
41 87
41 88
45 32
45 4
45 81
45 40
45 42
45 43
45 16
45 72
45 82
45 51
45 52
45 28
45 74
46 2
46 5
46 7
46 8
46 11
46 34
46 48
46 83
46 86
46 24
46 58
46 27
46 29
46 62
46 37
47 32
47 4
47 40
47 42
47 43
47 51
47 52
47 22
47 59
47 74
48 2
48 5
48 7
48 8
48 11
48 34
48 83
48 86
48 24
48 58
48 27
48 29
48 62
48 37
49 3
49 5
49 10
49 11
49 16
49 23
49 27
49 28
49 29
49 34
49 38
49 46
49 48
49 53
49 54
49 56
49 62
49 63
49 72
49 73
49 76
49 81
49 82
49 83
49 86
49 87
49 88
50 32
50 4
50 81
50 40
50 74
50 43
50 46
50 16
50 72
50 82
50 51
50 56
50 28
53 3
53 5
53 7
53 10
53 11
53 16
53 23
53 24
53 27
53 28
53 29
53 34
53 38
53 46
53 48
53 54
53 56
53 62
53 63
53 72
53 73
53 76
53 81
53 83
53 86
53 87
53 88
54 3
54 5
54 10
54 11
54 16
54 23
54 24
54 27
54 28
54 29
54 34
54 38
54 46
54 48
54 53
54 56
54 62
54 63
54 72
54 73
54 76
54 81
54 83
54 86
54 87
54 88
56 3
56 4
56 5
56 10
56 11
56 16
56 23
56 27
56 28
56 32
56 34
56 38
56 46
56 48
56 53
56 54
56 62
56 63
56 72
56 73
56 76
56 81
56 82
56 83
56 86
56 87
56 88
57 32
57 4
57 81
57 40
57 42
57 43
57 16
57 72
57 82
57 51
57 52
57 56
57 28
57 74
60 34
60 3
60 5
60 7
60 8
60 11
60 2
60 48
60 24
60 83
60 86
60 88
60 58
60 27
60 29
60 62
61 34
61 3
61 5
61 7
61 8
61 11
61 2
61 48
61 24
61 83
61 86
61 88
61 58
61 27
61 29
61 62
65 32
65 4
65 81
65 40
65 74
65 43
65 16
65 72
65 82
65 51
65 56
65 28
66 2
66 5
66 7
66 8
66 11
66 34
66 48
66 83
66 86
66 24
66 58
66 27
66 29
66 62
66 37
67 3
67 5
67 7
67 8
67 10
67 11
67 23
67 24
67 27
67 29
67 34
67 38
67 46
67 48
67 53
67 54
67 62
67 63
67 73
67 76
67 83
67 86
67 87
67 88
68 3
68 4
68 10
68 16
68 23
68 27
68 28
68 32
68 38
68 40
68 43
68 46
68 53
68 54
68 56
68 63
68 72
68 73
68 74
68 76
68 81
68 82
68 83
68 87
68 88
69 32
69 4
69 40
69 42
69 43
69 82
69 51
69 52
69 22
69 59
69 74
70 3
70 5
70 7
70 8
70 10
70 11
70 23
70 24
70 27
70 29
70 34
70 38
70 46
70 48
70 53
70 54
70 62
70 63
70 73
70 76
70 83
70 86
70 87
70 88
71 32
71 4
71 81
71 40
71 73
71 74
71 43
71 46
71 16
71 72
71 82
71 56
71 53
71 87
71 23
71 28
75 2
75 3
75 5
75 7
75 8
75 10
75 11
75 24
75 27
75 29
75 34
75 38
75 48
75 53
75 54
75 58
75 62
75 63
75 73
75 76
75 83
75 86
75 87
75 88
76 2
76 5
76 7
76 8
76 11
76 34
76 48
76 86
76 24
76 58
76 29
76 62
76 37
77 2
77 5
77 7
77 8
77 11
77 34
77 48
77 86
77 24
77 58
77 29
77 62
77 37
78 3
78 5
78 7
78 10
78 11
78 16
78 23
78 24
78 27
78 28
78 29
78 34
78 38
78 46
78 48
78 53
78 54
78 56
78 62
78 63
78 72
78 73
78 76
78 81
78 83
78 86
78 87
78 88
79 59
79 22
79 6
79 55
80 3
80 5
80 7
80 8
80 10
80 11
80 23
80 24
80 27
80 29
80 34
80 38
80 46
80 48
80 53
80 54
80 62
80 63
80 73
80 76
80 83
80 86
80 87
80 88
82 32
82 4
82 38
82 81
82 40
82 73
82 10
82 43
82 76
82 46
82 16
82 72
82 53
82 54
82 23
82 56
82 87
82 28
82 74
82 63
83 34
83 3
83 5
83 7
83 8
83 11
83 2
83 48
83 24
83 86
83 88
83 58
83 27
83 29
83 62
84 6
84 55
85 6
85 42
85 51
85 52
85 22
85 55
85 59
