88
1 33
1 34
1 68
1 38
1 65
1 73
1 10
1 11
1 29
1 13
1 79
1 81
1 50
1 52
1 57
1 26
1 74
2 34
2 67
2 36
2 72
2 41
2 74
2 11
2 77
2 78
2 80
2 50
2 20
2 54
2 87
2 29
9 34
9 67
9 36
9 37
9 72
9 41
9 74
9 11
9 77
9 78
9 80
9 50
9 20
9 54
9 87
11 67
11 37
11 41
11 43
11 77
11 78
11 20
11 21
11 54
11 87
11 27
11 60
12 59
12 37
12 43
12 21
12 27
12 60
14 67
14 37
14 41
14 43
14 77
14 78
14 80
14 20
14 21
14 54
14 87
14 60
15 67
15 37
15 41
15 43
15 77
15 78
15 80
15 20
15 21
15 54
15 87
15 27
15 60
18 33
18 34
18 36
18 38
18 65
18 72
18 73
18 10
18 11
18 29
18 79
18 80
18 81
18 50
18 57
18 68
18 74
22 33
22 68
22 70
22 65
22 73
22 10
22 13
22 79
22 81
22 52
22 17
22 25
22 57
22 26
22 61
22 53
23 34
23 67
23 36
23 38
23 72
23 41
23 74
23 11
23 77
23 78
23 79
23 80
23 50
23 20
23 54
23 87
23 29
24 34
24 67
24 36
24 38
24 72
24 41
24 74
24 11
24 77
24 78
24 80
24 50
24 20
24 54
24 87
24 29
25 33
25 34
25 36
25 38
25 65
25 72
25 73
25 10
25 11
25 29
25 79
25 80
25 81
25 50
25 57
25 68
25 74
26 67
26 36
26 37
26 72
26 41
26 43
26 77
26 78
26 80
26 20
26 21
26 54
26 87
26 60
28 34
28 67
28 36
28 37
28 72
28 41
28 74
28 11
28 77
28 78
28 80
28 50
28 20
28 54
28 87
31 33
31 34
31 67
31 36
31 38
31 65
31 72
31 73
31 74
31 11
31 77
31 78
31 79
31 80
31 50
31 20
31 54
31 87
31 29
32 70
32 71
32 8
32 9
32 12
32 13
32 17
32 52
32 53
32 25
32 61
33 37
33 41
33 43
33 21
33 87
33 27
33 60
34 67
34 36
34 38
34 72
34 41
34 74
34 11
34 77
34 78
34 79
34 80
34 50
34 20
34 54
34 87
34 29
35 34
35 67
35 36
35 37
35 72
35 41
35 74
35 11
35 77
35 78
35 80
35 50
35 20
35 54
35 87
36 67
36 37
36 72
36 41
36 77
36 78
36 80
36 50
36 20
36 54
36 87
37 59
37 27
37 60
37 21
37 43
39 34
39 67
39 36
39 38
39 72
39 41
39 74
39 11
39 77
39 78
39 80
39 50
39 20
39 54
39 87
39 29
40 33
40 34
40 68
40 74
40 38
40 65
40 73
40 10
40 11
40 29
40 13
40 79
40 81
40 52
40 57
40 26
40 61
41 43
41 27
41 60
41 37
41 21
42 34
42 67
42 36
42 37
42 72
42 41
42 74
42 11
42 77
42 78
42 80
42 50
42 20
42 54
42 87
42 29
43 59
43 27
43 60
43 37
43 21
44 33
44 34
44 67
44 36
44 38
44 72
44 73
44 74
44 11
44 77
44 78
44 79
44 80
44 50
44 20
44 54
44 87
44 29
45 33
45 68
45 70
45 65
45 73
45 10
45 13
45 79
45 81
45 52
45 17
45 25
45 57
45 26
45 61
45 53
46 33
46 34
46 68
46 38
46 65
46 72
46 73
46 10
46 11
46 29
46 77
46 78
46 79
46 80
46 81
46 50
46 20
46 54
46 57
46 36
46 74
47 33
47 34
47 67
47 36
47 38
47 65
47 72
47 73
47 74
47 11
47 77
47 78
47 79
47 80
47 50
47 20
47 54
47 87
47 29
48 34
48 67
48 36
48 38
48 72
48 41
48 74
48 11
48 77
48 78
48 80
48 50
48 20
48 54
48 87
48 29
49 33
49 34
49 68
49 38
49 65
49 72
49 73
49 10
49 11
49 29
49 79
49 80
49 81
49 50
49 20
49 54
49 57
49 36
49 74
50 67
50 36
50 37
50 72
50 41
50 43
50 77
50 78
50 80
50 20
50 21
50 54
50 87
50 60
51 67
51 37
51 41
51 43
51 77
51 78
51 80
51 20
51 21
51 54
51 87
51 60
54 59
54 37
54 43
54 21
54 27
54 60
55 33
55 34
55 68
55 38
55 65
55 73
55 10
55 11
55 29
55 13
55 79
55 81
55 50
55 52
55 57
55 26
55 74
56 33
56 68
56 70
56 65
56 73
56 10
56 13
56 81
56 52
56 17
56 25
56 57
56 26
56 61
56 53
57 33
57 34
57 67
57 36
57 38
57 65
57 72
57 73
57 74
57 11
57 77
57 78
57 79
57 80
57 50
57 20
57 54
57 29
58 34
58 67
58 36
58 38
58 72
58 41
58 74
58 11
58 77
58 78
58 80
58 50
58 20
58 54
58 87
58 29
61 37
61 41
61 43
61 21
61 27
61 60
62 33
62 34
62 67
62 36
62 38
62 65
62 72
62 73
62 74
62 11
62 77
62 78
62 79
62 80
62 50
62 20
62 54
62 29
63 37
63 41
63 43
63 21
63 27
63 60
64 43
64 27
64 60
64 37
64 21
65 67
65 36
65 37
65 72
65 41
65 43
65 77
65 78
65 80
65 20
65 21
65 54
65 87
65 60
66 33
66 34
66 68
66 38
66 65
66 73
66 10
66 11
66 29
66 13
66 79
66 81
66 50
66 52
66 57
66 26
66 74
67 59
67 37
67 43
67 21
67 27
67 60
68 67
68 37
68 41
68 43
68 77
68 78
68 20
68 21
68 54
68 87
68 27
68 60
69 34
69 67
69 36
69 37
69 72
69 41
69 74
69 11
69 77
69 78
69 80
69 50
69 20
69 54
69 87
70 67
70 37
70 41
70 43
70 78
70 21
70 87
70 27
70 60
71 67
71 36
71 37
71 72
71 41
71 77
71 78
71 80
71 20
71 21
71 54
71 87
71 60
72 67
72 36
72 37
72 41
72 77
72 78
72 80
72 20
72 21
72 54
72 87
72 60
73 34
73 67
73 36
73 37
73 72
73 41
73 74
73 11
73 77
73 78
73 80
73 50
73 20
73 54
73 87
74 34
74 67
74 36
74 72
74 41
74 11
74 77
74 78
74 80
74 50
74 20
74 54
74 87
74 29
75 33
75 34
75 68
75 38
75 65
75 73
75 10
75 11
75 29
75 13
75 79
75 81
75 50
75 52
75 57
75 26
75 74
76 70
76 71
76 8
76 9
76 12
76 13
76 17
76 52
76 53
76 25
76 61
77 67
77 37
77 41
77 43
77 21
77 87
77 27
77 60
78 67
78 36
78 37
78 72
78 41
78 43
78 77
78 80
78 20
78 21
78 54
78 87
78 60
79 67
79 37
79 41
79 43
79 77
79 78
79 80
79 20
79 21
79 54
79 87
79 60
80 67
80 37
80 41
80 43
80 77
80 78
80 20
80 21
80 54
80 87
80 60
81 34
81 67
81 36
81 38
81 72
81 41
81 74
81 11
81 77
81 78
81 79
81 80
81 50
81 20
81 54
81 87
81 29
82 33
82 34
82 36
82 38
82 65
82 72
82 73
82 10
82 11
82 29
82 79
82 80
82 81
82 50
82 57
82 68
82 74
83 33
83 34
83 67
83 36
83 38
83 72
83 73
83 74
83 11
83 77
83 78
83 79
83 80
83 50
83 20
83 54
83 87
83 29
84 30
86 33
86 68
86 70
86 65
86 73
86 10
86 13
86 81
86 52
86 17
86 25
86 57
86 26
86 61
86 53
87 67
87 37
87 41
87 43
87 77
87 78
87 20
87 21
87 54
87 27
87 60
88 34
88 67
88 36
88 72
88 41
88 74
88 11
88 77
88 78
88 80
88 50
88 20
88 54
88 87
88 29
