88
3 1
3 2
3 5
3 17
3 51
3 20
3 26
3 61
5 33
5 75
5 37
5 7
5 9
5 39
5 28
5 47
5 19
5 21
5 25
5 57
5 59
5 60
6 1
6 2
6 7
6 17
6 51
6 20
6 25
6 26
6 61
6 62
6 63
7 33
7 37
7 39
7 9
7 75
7 12
7 28
7 47
7 19
7 21
7 57
7 59
7 60
10 1
10 2
10 7
10 17
10 51
10 20
10 25
10 26
10 61
10 62
10 63
13 1
13 33
13 7
13 39
13 17
13 51
13 20
13 25
13 57
13 26
13 28
13 61
13 62
13 63
14 33
14 37
14 39
14 28
14 75
14 47
14 25
14 7
14 57
14 60
14 61
14 62
14 63
15 33
15 37
15 7
15 28
15 75
15 47
15 19
15 25
15 57
15 39
15 60
15 61
15 62
15 63
20 1
20 2
20 7
20 17
20 51
20 25
20 26
20 61
20 62
20 63
22 33
22 37
22 7
22 28
22 75
22 51
22 25
22 57
22 39
22 26
22 60
22 61
22 62
22 63
23 33
23 37
23 39
23 9
23 75
23 12
23 28
23 47
23 19
23 21
23 57
23 59
23 60
24 33
24 75
24 37
24 7
24 9
24 39
24 28
24 47
24 19
24 21
24 25
24 57
24 60
24 62
24 63
26 33
26 37
26 39
26 9
26 75
26 28
26 47
26 19
26 21
26 25
26 57
26 59
26 60
27 33
27 37
27 39
27 9
27 75
27 12
27 28
27 47
27 19
27 21
27 57
27 59
27 60
28 33
28 37
28 7
28 9
28 75
28 47
28 19
28 25
28 21
28 57
28 39
28 59
28 60
29 1
29 33
29 7
29 17
29 51
29 20
29 25
29 57
29 26
29 28
29 61
29 62
29 63
30 33
30 75
30 37
30 7
30 9
30 39
30 28
30 47
30 19
30 21
30 25
30 57
30 60
30 61
30 62
30 63
31 33
31 75
31 37
31 7
31 9
31 39
31 28
31 47
31 19
31 21
31 25
31 57
31 59
31 60
31 63
32 1
32 33
32 7
32 17
32 51
32 20
32 25
32 57
32 26
32 28
32 61
32 62
32 63
33 37
33 7
33 9
33 75
33 28
33 47
33 19
33 25
33 21
33 57
33 39
33 60
33 62
33 63
34 33
34 37
34 39
34 28
34 75
34 47
34 25
34 7
34 57
34 60
34 61
34 62
34 63
35 33
35 75
35 37
35 7
35 9
35 39
35 28
35 47
35 19
35 21
35 25
35 57
35 60
35 62
35 63
36 33
36 75
36 37
36 7
36 9
36 39
36 28
36 47
36 19
36 21
36 25
36 57
36 59
36 60
38 33
38 75
38 37
38 7
38 9
38 39
38 28
38 47
38 19
38 21
38 25
38 57
38 59
38 60
39 33
39 37
39 7
39 9
39 75
39 28
39 47
39 19
39 21
39 25
39 57
39 60
39 62
39 63
40 1
40 33
40 7
40 39
40 17
40 51
40 20
40 25
40 57
40 26
40 28
40 61
40 62
40 63
41 33
41 75
41 37
41 7
41 9
41 39
41 28
41 47
41 19
41 21
41 25
41 57
41 59
41 60
42 33
42 37
42 7
42 28
42 75
42 47
42 19
42 25
42 21
42 57
42 39
42 60
42 61
42 62
42 63
43 1
43 33
43 7
43 39
43 17
43 51
43 20
43 25
43 57
43 26
43 28
43 61
43 62
43 63
44 33
44 75
44 37
44 7
44 9
44 39
44 28
44 47
44 19
44 21
44 25
44 57
44 60
44 62
44 63
45 1
45 2
45 5
45 17
45 51
45 20
45 26
45 61
46 33
46 37
46 7
46 28
46 75
46 47
46 19
46 25
46 57
46 39
46 60
46 61
46 62
46 63
48 33
48 75
48 37
48 7
48 9
48 39
48 28
48 47
48 19
48 21
48 25
48 57
48 59
48 60
48 62
48 63
49 1
49 2
49 7
49 17
49 51
49 20
49 25
49 26
49 61
49 62
49 63
50 1
50 2
50 17
50 51
50 20
50 26
50 61
50 62
50 63
52 1
52 2
52 5
52 17
52 51
52 20
52 26
52 61
52 62
53 33
53 75
53 37
53 7
53 9
53 39
53 28
53 47
53 19
53 21
53 25
53 57
53 59
53 60
54 33
54 75
54 37
54 7
54 9
54 39
54 28
54 47
54 19
54 21
54 25
54 57
54 60
54 61
54 62
54 63
56 33
56 37
56 7
56 28
56 75
56 47
56 19
56 25
56 21
56 57
56 39
56 60
56 61
56 62
56 63
57 33
57 75
57 37
57 7
57 9
57 39
57 28
57 47
57 19
57 21
57 25
57 59
57 60
57 63
58 33
58 75
58 37
58 7
58 9
58 39
58 28
58 47
58 19
58 21
58 25
58 57
58 60
58 61
58 62
58 63
64 33
64 75
64 37
64 7
64 9
64 39
64 28
64 47
64 19
64 21
64 25
64 57
64 60
64 62
64 63
65 1
65 2
65 5
65 17
65 51
65 20
65 26
66 1
66 33
66 7
66 17
66 51
66 20
66 25
66 57
66 26
66 28
66 61
66 62
66 63
67 33
67 37
67 7
67 28
67 75
67 51
67 25
67 57
67 39
67 26
67 60
67 61
67 62
67 63
68 33
68 37
68 39
68 28
68 75
68 47
68 25
68 7
68 57
68 60
68 61
68 62
68 63
69 33
69 75
69 37
69 7
69 9
69 39
69 28
69 47
69 19
69 21
69 25
69 57
69 60
69 62
69 63
70 33
70 37
70 7
70 28
70 75
70 47
70 19
70 25
70 57
70 39
70 60
70 61
70 62
70 63
71 33
71 75
71 37
71 7
71 9
71 39
71 28
71 47
71 19
71 21
71 25
71 57
71 59
71 60
71 62
71 63
72 33
72 75
72 37
72 7
72 9
72 39
72 28
72 47
72 19
72 21
72 25
72 57
72 60
72 61
72 62
72 63
73 33
73 37
73 39
73 28
73 75
73 47
73 25
73 7
73 57
73 60
73 61
73 62
73 63
74 33
74 75
74 37
74 7
74 9
74 39
74 28
74 47
74 19
74 21
74 25
74 57
74 59
74 60
75 33
75 37
75 7
75 9
75 39
75 28
75 47
75 19
75 21
75 25
75 57
75 59
75 60
75 63
76 1
76 7
76 17
76 51
76 20
76 25
76 26
76 28
76 61
76 62
76 63
77 33
77 37
77 39
77 9
77 75
77 12
77 28
77 47
77 19
77 21
77 57
77 59
77 60
78 1
78 25
78 37
78 7
78 75
78 61
78 17
78 51
78 20
78 57
78 39
78 33
78 28
78 26
78 62
78 63
79 33
79 75
79 37
79 7
79 9
79 39
79 28
79 47
79 19
79 21
79 25
79 57
79 60
79 62
79 63
80 33
80 75
80 37
80 7
80 9
80 39
80 28
80 47
80 19
80 21
80 25
80 57
80 60
80 62
80 63
81 1
81 7
81 17
81 51
81 20
81 25
81 57
81 26
81 28
81 61
81 62
81 63
82 33
82 75
82 37
82 7
82 9
82 39
82 28
82 47
82 19
82 21
82 25
82 57
82 60
82 61
82 62
82 63
83 1
83 2
83 5
83 17
83 51
83 20
83 26
83 61
83 62
84 33
84 37
84 39
84 9
84 75
84 12
84 28
84 47
84 19
84 21
84 57
84 59
84 60
85 1
85 2
85 5
85 17
85 51
85 20
85 26
86 33
86 75
86 37
86 7
86 9
86 39
86 28
86 47
86 19
86 21
86 25
86 57
86 59
86 60
86 62
86 63
87 33
87 75
87 37
87 7
87 9
87 39
87 28
87 47
87 19
87 21
87 25
87 57
87 59
87 60
87 63
88 33
88 37
88 7
88 28
88 75
88 51
88 25
88 57
88 39
88 26
88 60
88 61
88 62
88 63
