88
1 86
1 70
1 39
1 40
1 43
1 82
1 18
1 19
1 22
1 7
2 7
2 8
2 11
2 18
2 20
2 22
2 24
2 32
2 34
2 39
2 40
2 42
2 43
2 45
2 48
2 51
2 56
2 58
2 59
2 60
2 68
2 76
2 80
2 85
2 86
2 87
4 2
4 7
4 8
4 11
4 18
4 20
4 22
4 24
4 32
4 34
4 39
4 40
4 42
4 43
4 45
4 48
4 56
4 59
4 60
4 70
4 80
4 82
4 85
4 86
4 87
5 2
5 7
5 8
5 11
5 18
5 20
5 22
5 24
5 32
5 34
5 39
5 40
5 42
5 43
5 45
5 48
5 51
5 56
5 58
5 59
5 60
5 68
5 76
5 80
5 85
5 86
5 87
9 2
9 7
9 8
9 11
9 18
9 20
9 22
9 24
9 32
9 34
9 39
9 40
9 42
9 43
9 45
9 48
9 56
9 59
9 60
9 76
9 80
9 82
9 85
9 86
9 87
10 32
10 2
10 22
10 70
10 7
10 40
10 43
10 82
10 18
10 19
10 86
10 24
10 39
12 2
12 7
12 8
12 11
12 18
12 20
12 22
12 24
12 32
12 34
12 39
12 40
12 42
12 43
12 48
12 56
12 59
12 60
12 70
12 82
12 86
12 87
13 2
13 7
13 8
13 11
13 18
13 20
13 22
13 24
13 32
13 34
13 39
13 40
13 42
13 43
13 45
13 48
13 51
13 56
13 59
13 60
13 76
13 80
13 82
13 85
13 86
13 87
14 2
14 7
14 8
14 11
14 18
14 20
14 22
14 24
14 32
14 34
14 39
14 40
14 42
14 43
14 45
14 48
14 51
14 56
14 58
14 59
14 60
14 68
14 76
14 80
14 82
14 85
14 86
14 87
16 84
19 32
19 2
19 22
19 70
19 7
19 8
19 42
19 43
19 82
19 48
19 40
19 18
19 20
19 86
19 87
19 24
19 39
19 56
19 59
19 60
23 19
26 2
26 7
26 8
26 11
26 18
26 20
26 22
26 24
26 32
26 34
26 39
26 40
26 42
26 43
26 45
26 48
26 51
26 56
26 58
26 59
26 60
26 68
26 76
26 80
26 82
26 85
26 86
26 87
27 32
27 2
27 22
27 70
27 7
27 40
27 43
27 82
27 18
27 86
27 24
27 39
27 60
28 32
28 2
28 22
28 70
28 7
28 40
28 42
28 43
28 82
28 48
28 24
28 18
28 86
28 87
28 56
28 39
28 59
28 60
29 2
29 7
29 8
29 11
29 18
29 20
29 22
29 24
29 32
29 34
29 39
29 40
29 42
29 43
29 45
29 48
29 51
29 56
29 58
29 59
29 60
29 68
29 76
29 80
29 85
29 86
29 87
30 32
30 2
30 22
30 70
30 7
30 8
30 42
30 43
30 82
30 48
30 40
30 18
30 20
30 86
30 87
30 24
30 39
30 56
30 59
30 60
31 32
31 2
31 22
31 70
31 7
31 8
31 42
31 43
31 82
31 48
31 40
31 18
31 20
31 86
31 87
31 24
31 39
31 56
31 59
31 60
32 2
32 6
32 8
32 11
32 20
32 24
32 34
32 39
32 40
32 42
32 45
32 48
32 51
32 56
32 58
32 59
32 60
32 68
32 76
32 80
32 85
32 86
32 87
36 2
36 6
36 8
36 11
36 20
36 24
36 32
36 34
36 39
36 40
36 42
36 45
36 48
36 51
36 56
36 58
36 59
36 60
36 68
36 76
36 80
36 85
36 86
36 87
37 2
37 7
37 8
37 11
37 18
37 20
37 22
37 24
37 32
37 34
37 39
37 40
37 42
37 43
37 45
37 48
37 56
37 59
37 60
37 70
37 82
37 86
37 87
38 2
38 7
38 8
38 11
38 18
38 20
38 22
38 24
38 32
38 34
38 39
38 40
38 42
38 43
38 45
38 48
38 51
38 56
38 58
38 59
38 60
38 68
38 76
38 80
38 82
38 85
38 86
38 87
43 2
43 7
43 8
43 11
43 18
43 20
43 22
43 24
43 32
43 34
43 39
43 40
43 42
43 45
43 48
43 51
43 56
43 58
43 59
43 60
43 68
43 76
43 80
43 85
43 86
43 87
44 2
44 7
44 8
44 11
44 18
44 20
44 22
44 24
44 32
44 34
44 39
44 40
44 42
44 43
44 45
44 48
44 56
44 59
44 60
44 70
44 80
44 82
44 86
44 87
46 2
46 6
46 8
46 11
46 20
46 24
46 32
46 34
46 39
46 42
46 45
46 48
46 51
46 56
46 58
46 59
46 60
46 68
46 76
46 80
46 85
46 87
50 2
50 7
50 8
50 11
50 18
50 20
50 22
50 24
50 32
50 34
50 39
50 40
50 42
50 43
50 45
50 48
50 56
50 59
50 60
50 70
50 80
50 82
50 86
50 87
54 2
54 7
54 8
54 11
54 18
54 20
54 22
54 24
54 32
54 34
54 39
54 40
54 42
54 43
54 45
54 48
54 51
54 56
54 58
54 59
54 60
54 68
54 76
54 80
54 82
54 85
54 86
54 87
55 2
55 6
55 8
55 11
55 20
55 24
55 32
55 34
55 39
55 40
55 42
55 45
55 48
55 51
55 56
55 58
55 59
55 60
55 68
55 76
55 80
55 85
55 86
55 87
62 2
62 7
62 8
62 11
62 18
62 20
62 22
62 24
62 32
62 34
62 39
62 40
62 42
62 43
62 45
62 48
62 51
62 56
62 58
62 59
62 60
62 68
62 76
62 80
62 82
62 85
62 86
62 87
63 2
63 7
63 8
63 11
63 20
63 24
63 32
63 34
63 39
63 40
63 42
63 43
63 45
63 48
63 51
63 56
63 58
63 59
63 60
63 68
63 76
63 80
63 85
63 86
63 87
64 2
64 7
64 8
64 11
64 18
64 20
64 22
64 24
64 32
64 34
64 39
64 40
64 42
64 43
64 45
64 48
64 51
64 56
64 58
64 59
64 60
64 68
64 76
64 80
64 85
64 86
64 87
67 2
67 6
67 8
67 11
67 20
67 24
67 32
67 34
67 39
67 40
67 42
67 45
67 48
67 51
67 56
67 58
67 59
67 60
67 68
67 76
67 80
67 85
67 87
71 2
71 6
71 8
71 11
71 20
71 24
71 32
71 34
71 39
71 40
71 42
71 45
71 48
71 51
71 56
71 58
71 59
71 60
71 68
71 76
71 80
71 85
71 86
71 87
72 2
72 7
72 8
72 11
72 18
72 20
72 22
72 24
72 32
72 34
72 39
72 40
72 42
72 43
72 45
72 48
72 56
72 59
72 60
72 70
72 80
72 82
72 86
72 87
74 2
74 6
74 8
74 11
74 20
74 24
74 32
74 34
74 39
74 42
74 45
74 48
74 51
74 56
74 58
74 59
74 60
74 68
74 76
74 80
74 85
74 87
77 2
77 6
77 7
77 8
77 11
77 20
77 24
77 32
77 34
77 39
77 40
77 42
77 43
77 45
77 48
77 51
77 56
77 58
77 59
77 60
77 68
77 76
77 80
77 85
77 86
77 87
81 32
81 2
81 22
81 70
81 7
81 40
81 43
81 82
81 24
81 18
81 86
81 87
81 56
81 39
81 59
81 60
83 32
83 2
83 22
83 70
83 7
83 40
83 43
83 82
83 48
83 24
83 18
83 86
83 87
83 56
83 39
83 59
83 60
86 2
86 7
86 8
86 11
86 18
86 20
86 22
86 24
86 32
86 34
86 39
86 40
86 42
86 43
86 45
86 48
86 51
86 56
86 59
86 60
86 76
86 80
86 82
86 85
86 87
88 2
88 7
88 8
88 11
88 18
88 20
88 22
88 24
88 32
88 34
88 39
88 40
88 42
88 43
88 45
88 48
88 51
88 56
88 58
88 59
88 60
88 68
88 76
88 80
88 85
88 86
88 87
