88
1 2
1 3
1 4
1 21
1 26
1 28
1 32
1 33
1 36
1 38
1 39
1 40
1 41
1 42
1 44
1 48
1 50
1 51
1 53
1 64
1 65
1 68
1 71
1 73
1 74
1 75
1 78
4 1
4 2
4 3
4 21
4 26
4 28
4 32
4 33
4 34
4 36
4 37
4 38
4 39
4 40
4 41
4 42
4 44
4 48
4 50
4 51
4 53
4 64
4 65
4 68
4 71
4 73
4 74
4 75
4 78
7 35
7 5
7 17
7 82
7 54
7 30
8 6
8 18
8 24
8 25
8 27
8 31
8 34
8 37
8 39
8 43
8 45
8 46
8 47
8 49
8 52
8 56
8 58
8 60
8 62
8 66
8 67
8 72
8 76
8 77
8 80
8 81
8 84
8 85
8 87
8 88
9 6
9 18
9 24
9 25
9 26
9 27
9 31
9 34
9 37
9 39
9 43
9 45
9 46
9 47
9 49
9 52
9 56
9 58
9 60
9 62
9 66
9 67
9 72
9 76
9 77
9 80
9 81
9 84
9 85
9 87
9 88
10 1
10 2
10 3
10 4
10 21
10 24
10 26
10 28
10 32
10 33
10 34
10 36
10 37
10 38
10 39
10 40
10 41
10 42
10 43
10 44
10 45
10 48
10 50
10 51
10 53
10 64
10 65
10 68
10 71
10 72
10 73
10 75
10 77
10 78
10 80
10 87
11 6
11 18
11 24
11 25
11 27
11 31
11 34
11 37
11 39
11 43
11 45
11 46
11 47
11 49
11 52
11 56
11 58
11 60
11 62
11 66
11 67
11 72
11 76
11 77
11 80
11 81
11 84
11 85
11 87
11 88
12 6
12 18
12 24
12 25
12 26
12 27
12 31
12 34
12 37
12 39
12 43
12 45
12 46
12 47
12 49
12 52
12 56
12 58
12 60
12 62
12 66
12 67
12 72
12 76
12 77
12 80
12 81
12 84
12 85
12 87
12 88
13 1
13 2
13 3
13 4
13 21
13 24
13 26
13 28
13 32
13 33
13 34
13 36
13 37
13 38
13 39
13 40
13 41
13 42
13 43
13 44
13 48
13 50
13 51
13 53
13 64
13 65
13 68
13 71
13 73
13 74
13 75
13 78
13 80
14 1
14 2
14 3
14 4
14 21
14 24
14 26
14 28
14 32
14 33
14 34
14 36
14 37
14 38
14 39
14 40
14 41
14 42
14 43
14 44
14 48
14 50
14 51
14 53
14 64
14 65
14 68
14 71
14 73
14 74
14 75
14 78
14 80
16 1
16 2
16 3
16 4
16 21
16 24
16 26
16 28
16 32
16 33
16 34
16 36
16 37
16 38
16 39
16 40
16 41
16 42
16 43
16 44
16 45
16 48
16 50
16 51
16 53
16 64
16 65
16 68
16 71
16 72
16 73
16 75
16 77
16 78
16 80
16 87
17 1
17 2
17 3
17 4
17 21
17 24
17 26
17 28
17 32
17 33
17 34
17 36
17 37
17 38
17 39
17 40
17 41
17 42
17 43
17 44
17 48
17 50
17 51
17 53
17 64
17 65
17 68
17 71
17 73
17 74
17 75
17 78
19 1
19 2
19 3
19 4
19 21
19 24
19 26
19 28
19 32
19 33
19 34
19 36
19 37
19 38
19 39
19 40
19 41
19 42
19 43
19 44
19 48
19 50
19 51
19 53
19 64
19 65
19 68
19 71
19 73
19 74
19 75
19 78
20 2
20 3
20 6
20 21
20 24
20 26
20 27
20 34
20 37
20 39
20 41
20 43
20 45
20 46
20 47
20 49
20 50
20 53
20 56
20 60
20 65
20 66
20 67
20 72
20 76
20 77
20 78
20 80
20 81
20 84
20 85
20 87
20 88
22 1
22 4
22 23
22 28
22 32
22 33
22 36
22 38
22 40
22 42
22 44
22 48
22 50
22 51
22 64
22 65
22 68
22 71
22 73
22 74
22 75
22 78
25 64
25 1
25 4
25 38
25 33
25 42
25 75
25 44
25 48
25 32
25 23
25 36
25 74
29 66
29 35
29 5
29 6
29 17
29 76
29 49
29 18
29 52
29 30
29 54
29 25
29 88
29 84
29 58
29 62
29 31
51 64
51 1
51 68
51 33
51 38
51 71
51 40
51 73
51 42
51 75
51 44
51 78
51 48
51 32
51 23
51 4
51 28
51 74
51 36
57 1
57 2
57 3
57 4
57 21
57 24
57 26
57 28
57 32
57 33
57 34
57 36
57 37
57 38
57 39
57 40
57 41
57 42
57 43
57 44
57 45
57 48
57 50
57 51
57 53
57 64
57 65
57 68
57 71
57 72
57 73
57 74
57 75
57 77
57 78
57 80
57 87
59 1
59 2
59 3
59 4
59 21
59 24
59 26
59 28
59 32
59 34
59 36
59 37
59 38
59 39
59 40
59 41
59 42
59 43
59 44
59 45
59 46
59 48
59 50
59 51
59 53
59 64
59 65
59 67
59 68
59 71
59 72
59 73
59 75
59 77
59 78
59 80
59 81
59 85
59 87
60 1
60 2
60 3
60 4
60 21
60 24
60 26
60 28
60 32
60 33
60 34
60 36
60 37
60 38
60 39
60 40
60 41
60 42
60 44
60 48
60 50
60 51
60 53
60 64
60 65
60 68
60 71
60 73
60 74
60 75
60 78
61 1
61 2
61 3
61 4
61 21
61 26
61 28
61 32
61 33
61 34
61 36
61 37
61 38
61 39
61 40
61 41
61 42
61 44
61 48
61 50
61 51
61 53
61 64
61 65
61 68
61 71
61 73
61 74
61 75
61 78
63 1
63 2
63 3
63 4
63 21
63 26
63 28
63 32
63 33
63 36
63 38
63 39
63 40
63 41
63 42
63 44
63 48
63 50
63 51
63 53
63 64
63 65
63 68
63 71
63 73
63 74
63 75
63 78
65 1
65 2
65 3
65 4
65 21
65 24
65 26
65 28
65 32
65 33
65 34
65 36
65 37
65 38
65 39
65 40
65 41
65 42
65 44
65 48
65 50
65 51
65 53
65 64
65 68
65 71
65 73
65 74
65 75
65 78
66 64
66 1
66 4
66 38
66 33
66 42
66 75
66 44
66 48
66 32
66 23
66 36
66 74
68 1
68 2
68 3
68 4
68 21
68 23
68 28
68 32
68 33
68 36
68 38
68 40
68 41
68 42
68 44
68 48
68 50
68 51
68 53
68 64
68 65
68 71
68 73
68 74
68 75
68 78
69 1
69 2
69 3
69 4
69 21
69 24
69 26
69 28
69 32
69 34
69 36
69 37
69 38
69 39
69 40
69 41
69 42
69 43
69 44
69 45
69 46
69 48
69 50
69 51
69 53
69 64
69 65
69 67
69 68
69 71
69 72
69 73
69 75
69 77
69 78
69 80
69 85
69 87
79 1
79 2
79 3
79 4
79 21
79 24
79 26
79 28
79 32
79 34
79 36
79 37
79 38
79 39
79 40
79 41
79 42
79 43
79 44
79 45
79 48
79 50
79 51
79 53
79 64
79 65
79 68
79 71
79 72
79 73
79 75
79 77
79 78
79 80
79 85
79 87
83 2
83 3
83 4
83 6
83 21
83 24
83 26
83 27
83 28
83 32
83 34
83 37
83 38
83 39
83 40
83 41
83 43
83 45
83 46
83 47
83 48
83 50
83 51
83 53
83 56
83 60
83 65
83 67
83 68
83 71
83 72
83 73
83 75
83 77
83 78
83 80
83 81
83 84
83 85
83 87
83 88
86 2
86 3
86 6
86 21
86 24
86 26
86 27
86 28
86 34
86 37
86 38
86 39
86 40
86 41
86 43
86 45
86 46
86 47
86 48
86 50
86 51
86 53
86 56
86 60
86 65
86 66
86 67
86 68
86 71
86 72
86 73
86 75
86 76
86 77
86 78
86 80
86 81
86 84
86 85
86 87
86 88
