88
4 1
4 3
4 5
4 12
4 14
4 21
4 22
4 38
4 41
4 47
4 48
4 58
4 66
4 67
4 68
4 73
4 74
4 78
4 79
4 83
4 86
4 88
6 51
6 13
8 32
8 35
8 4
8 86
8 38
8 7
8 9
8 87
8 73
8 83
8 84
8 21
8 54
8 41
8 88
8 36
8 30
10 1
10 66
10 3
10 68
10 5
10 73
10 74
10 12
10 78
10 79
10 48
10 67
10 14
10 22
10 58
10 47
11 1
11 3
11 5
11 12
11 21
11 22
11 36
11 38
11 41
11 47
11 48
11 54
11 66
11 67
11 68
11 73
11 74
11 78
11 83
11 84
11 86
11 87
11 88
16 1
16 66
16 3
16 68
16 5
16 74
16 12
16 78
16 79
16 48
16 67
16 14
16 22
16 58
16 47
17 1
17 3
17 4
17 86
17 38
17 7
17 9
17 74
17 87
17 78
17 73
17 48
17 83
17 84
17 21
17 54
17 41
17 88
17 36
17 30
19 32
19 35
19 4
19 86
19 38
19 7
19 9
19 87
19 49
19 83
19 84
19 21
19 54
19 41
19 88
19 36
19 59
19 30
20 32
20 35
20 37
20 7
20 43
20 27
20 49
20 18
20 59
20 30
21 66
21 67
21 68
21 5
21 76
21 12
21 14
21 79
21 22
21 58
21 47
22 1
22 66
22 3
22 68
22 5
22 38
22 41
22 74
22 67
22 12
22 78
22 79
22 48
22 83
22 14
22 86
22 73
22 58
22 47
22 21
25 1
25 3
25 5
25 12
25 14
25 21
25 22
25 38
25 41
25 47
25 48
25 54
25 58
25 66
25 67
25 68
25 73
25 74
25 78
25 83
25 86
25 87
25 88
26 32
26 35
26 37
26 7
26 43
26 49
26 18
26 59
26 27
28 24
28 50
28 51
28 29
28 13
30 1
30 3
30 4
30 5
30 12
30 21
30 22
30 36
30 38
30 41
30 47
30 48
30 54
30 66
30 67
30 68
30 73
30 74
30 78
30 83
30 84
30 86
30 87
30 88
31 1
31 3
31 4
31 86
31 38
31 7
31 9
31 74
31 87
31 78
31 73
31 48
31 83
31 84
31 21
31 54
31 41
31 88
31 36
31 30
33 1
33 3
33 5
33 12
33 21
33 22
33 38
33 41
33 47
33 48
33 54
33 66
33 67
33 68
33 73
33 74
33 78
33 83
33 84
33 86
33 87
33 88
34 1
34 66
34 3
34 68
34 5
34 73
34 74
34 12
34 78
34 79
34 48
34 67
34 14
34 22
34 58
34 47
35 66
35 67
35 68
35 5
35 12
35 14
35 79
35 22
35 58
35 47
36 1
36 66
36 3
36 68
36 5
36 38
36 41
36 74
36 83
36 12
36 78
36 79
36 48
36 67
36 14
36 22
36 73
36 58
36 47
36 86
36 21
37 1
37 3
37 5
37 12
37 21
37 22
37 38
37 41
37 47
37 48
37 54
37 58
37 66
37 67
37 68
37 73
37 74
37 78
37 83
37 86
37 87
37 88
38 66
38 67
38 68
38 5
38 74
38 12
38 14
38 79
38 48
38 22
38 58
38 47
39 1
39 3
39 4
39 86
39 38
39 7
39 9
39 74
39 87
39 78
39 73
39 48
39 83
39 84
39 21
39 54
39 41
39 88
39 36
39 30
40 59
40 37
40 43
40 49
40 18
40 23
40 27
41 1
41 3
41 5
41 12
41 21
41 22
41 36
41 38
41 47
41 48
41 54
41 66
41 67
41 68
41 73
41 74
41 78
41 83
41 84
41 86
41 87
41 88
42 1
42 3
42 4
42 86
42 38
42 7
42 9
42 74
42 87
42 73
42 78
42 47
42 48
42 83
42 84
42 21
42 54
42 41
42 88
42 36
42 30
44 2
44 18
44 23
44 24
44 27
44 29
45 32
45 35
45 4
45 86
45 38
45 7
45 9
45 87
45 73
45 83
45 84
45 21
45 54
45 41
45 88
45 36
45 59
45 30
46 2
46 37
46 43
46 18
46 23
46 27
46 29
47 66
47 67
47 68
47 5
47 76
47 12
47 14
47 79
47 22
47 58
48 1
48 66
48 3
48 68
48 5
48 74
48 12
48 14
48 79
48 67
48 78
48 22
48 58
48 47
49 1
49 3
49 4
49 5
49 12
49 21
49 22
49 36
49 38
49 41
49 47
49 48
49 54
49 66
49 67
49 68
49 73
49 74
49 78
49 83
49 84
49 86
49 87
49 88
50 1
50 66
50 3
50 68
50 5
50 41
50 74
50 83
50 12
50 78
50 79
50 48
50 67
50 14
50 22
50 73
50 58
50 47
50 86
50 21
52 1
52 66
52 3
52 68
52 5
52 73
52 74
52 83
52 12
52 78
52 79
52 48
52 67
52 14
52 22
52 58
52 47
53 32
53 35
53 4
53 86
53 38
53 7
53 9
53 87
53 73
53 83
53 84
53 21
53 54
53 41
53 88
53 36
53 30
54 66
54 67
54 68
54 5
54 76
54 12
54 14
54 79
54 22
54 58
54 47
55 59
55 37
55 43
55 49
55 18
55 23
55 27
56 1
56 3
56 4
56 5
56 9
56 12
56 21
56 22
56 36
56 38
56 41
56 47
56 48
56 54
56 66
56 67
56 68
56 73
56 74
56 78
56 83
56 84
56 86
56 87
56 88
57 59
57 37
57 43
57 49
57 18
57 23
57 27
62 66
62 67
62 68
62 5
62 12
62 14
62 79
62 22
62 58
62 47
63 66
63 67
63 68
63 5
63 74
63 12
63 78
63 79
63 48
63 14
63 22
63 58
63 47
64 32
64 35
64 4
64 7
64 9
64 43
64 49
64 84
64 54
64 87
64 88
64 36
64 59
64 30
65 1
65 3
65 4
65 86
65 38
65 7
65 9
65 74
65 87
65 78
65 73
65 48
65 83
65 84
65 21
65 54
65 41
65 88
65 36
65 30
68 66
68 67
68 5
68 12
68 14
68 79
68 22
68 58
68 47
69 32
69 35
69 4
69 37
69 7
69 9
69 43
69 27
69 49
69 18
69 59
69 30
70 1
70 3
70 5
70 12
70 14
70 21
70 22
70 38
70 41
70 47
70 48
70 54
70 58
70 66
70 67
70 68
70 73
70 74
70 78
70 83
70 86
70 87
70 88
71 1
71 3
71 4
71 7
71 9
71 21
71 30
71 36
71 38
71 41
71 47
71 48
71 54
71 68
71 73
71 74
71 78
71 83
71 84
71 86
71 87
71 88
72 1
72 3
72 5
72 12
72 21
72 22
72 36
72 38
72 41
72 47
72 48
72 54
72 66
72 67
72 68
72 73
72 74
72 78
72 83
72 84
72 86
72 87
72 88
75 1
75 3
75 5
75 12
75 14
75 21
75 22
75 38
75 41
75 47
75 48
75 54
75 58
75 66
75 67
75 68
75 73
75 74
75 78
75 83
75 86
75 88
77 1
77 3
77 4
77 86
77 38
77 7
77 9
77 74
77 87
77 78
77 73
77 48
77 83
77 84
77 21
77 54
77 41
77 88
77 36
77 30
78 66
78 67
78 68
78 5
78 76
78 12
78 14
78 79
78 22
78 58
78 47
79 66
79 67
79 68
79 5
79 76
79 12
79 14
79 47
79 22
79 58
80 1
80 66
80 3
80 68
80 5
80 73
80 74
80 12
80 78
80 79
80 48
80 67
80 14
80 22
80 58
80 47
81 1
81 3
81 4
81 86
81 38
81 7
81 9
81 74
81 87
81 78
81 73
81 48
81 83
81 84
81 21
81 54
81 41
81 88
81 36
81 30
82 2
82 50
82 18
82 23
82 24
82 27
82 29
84 66
84 67
84 68
84 5
84 74
84 12
84 14
84 79
84 48
84 22
84 58
84 47
85 24
85 2
85 50
85 29
85 23
