88
2 1
2 3
2 4
2 7
2 9
2 10
2 13
2 14
2 19
2 21
2 22
2 24
2 28
2 32
2 35
2 36
2 38
2 39
2 40
2 42
2 43
2 47
2 52
2 55
2 56
2 57
2 58
2 79
2 80
2 84
2 88
3 1
3 2
3 4
3 7
3 9
3 10
3 13
3 14
3 19
3 21
3 22
3 24
3 28
3 32
3 35
3 36
3 38
3 39
3 40
3 42
3 43
3 47
3 52
3 55
3 56
3 57
3 58
3 79
3 80
3 83
3 84
3 88
5 1
5 2
5 3
5 4
5 7
5 9
5 10
5 13
5 14
5 19
5 21
5 22
5 24
5 28
5 32
5 35
5 36
5 38
5 39
5 40
5 42
5 43
5 47
5 52
5 55
5 56
5 57
5 58
5 79
5 80
5 83
5 84
5 88
6 43
6 71
6 8
6 41
6 10
6 11
6 12
6 13
6 83
6 52
6 56
6 25
6 27
6 61
6 30
6 31
17 71
17 8
17 11
17 12
17 25
17 61
18 2
18 3
18 8
18 10
18 11
18 12
18 13
18 19
18 22
18 24
18 27
18 30
18 31
18 35
18 39
18 41
18 43
18 52
18 55
18 56
18 58
18 61
18 71
18 83
18 88
19 1
19 2
19 3
19 4
19 7
19 9
19 10
19 13
19 14
19 21
19 22
19 24
19 28
19 32
19 35
19 36
19 38
19 39
19 40
19 42
19 43
19 47
19 52
19 55
19 56
19 57
19 58
19 79
19 80
19 84
19 88
24 1
24 2
24 3
24 4
24 7
24 9
24 13
24 14
24 19
24 21
24 22
24 28
24 32
24 35
24 36
24 38
24 39
24 40
24 42
24 43
24 47
24 52
24 55
24 56
24 57
24 58
24 79
24 80
24 84
24 88
26 1
26 2
26 3
26 4
26 7
26 9
26 10
26 13
26 14
26 19
26 21
26 22
26 24
26 27
26 28
26 30
26 32
26 35
26 36
26 38
26 39
26 40
26 41
26 42
26 43
26 47
26 52
26 55
26 56
26 57
26 58
26 79
26 80
26 83
26 88
29 1
29 2
29 3
29 4
29 7
29 9
29 10
29 13
29 14
29 19
29 21
29 22
29 24
29 28
29 32
29 35
29 36
29 38
29 39
29 40
29 42
29 43
29 47
29 52
29 55
29 56
29 57
29 58
29 79
29 80
29 84
29 88
37 2
37 3
37 4
37 8
37 9
37 10
37 11
37 12
37 13
37 14
37 19
37 22
37 24
37 27
37 30
37 31
37 35
37 39
37 40
37 41
37 42
37 43
37 52
37 55
37 56
37 58
37 61
37 71
37 83
37 88
44 2
44 3
44 4
44 7
44 9
44 10
44 13
44 14
44 19
44 21
44 22
44 24
44 27
44 30
44 31
44 32
44 35
44 36
44 38
44 39
44 40
44 41
44 42
44 43
44 47
44 52
44 55
44 56
44 57
44 58
44 79
44 83
44 88
46 19
46 11
46 39
46 8
46 41
46 10
46 71
46 12
46 13
46 43
46 83
46 52
46 22
46 56
46 24
46 25
46 27
46 61
46 30
46 31
49 1
49 2
49 3
49 4
49 7
49 9
49 10
49 13
49 14
49 19
49 21
49 22
49 24
49 27
49 28
49 30
49 31
49 32
49 35
49 36
49 38
49 39
49 40
49 41
49 42
49 43
49 47
49 52
49 55
49 56
49 57
49 58
49 79
49 83
49 88
51 19
51 11
51 39
51 8
51 41
51 10
51 71
51 12
51 13
51 43
51 83
51 52
51 22
51 56
51 24
51 25
51 27
51 61
51 30
51 31
54 1
54 2
54 3
54 4
54 7
54 9
54 10
54 13
54 14
54 19
54 21
54 22
54 24
54 28
54 32
54 35
54 36
54 38
54 39
54 40
54 42
54 43
54 47
54 52
54 55
54 56
54 57
54 58
54 79
54 80
54 83
54 84
54 88
59 2
59 3
59 4
59 8
59 9
59 10
59 11
59 12
59 13
59 14
59 19
59 22
59 24
59 27
59 30
59 31
59 35
59 39
59 41
59 43
59 52
59 55
59 56
59 58
59 61
59 71
59 83
59 88
60 43
60 71
60 8
60 41
60 10
60 11
60 12
60 13
60 83
60 52
60 25
60 27
60 61
60 30
60 31
62 1
62 2
62 3
62 4
62 7
62 9
62 10
62 13
62 14
62 19
62 21
62 22
62 24
62 27
62 28
62 32
62 35
62 36
62 38
62 39
62 40
62 42
62 43
62 47
62 52
62 55
62 56
62 57
62 58
62 79
62 80
62 83
62 84
62 88
65 2
65 3
65 8
65 10
65 11
65 12
65 13
65 14
65 19
65 22
65 24
65 27
65 30
65 31
65 35
65 39
65 41
65 43
65 52
65 55
65 56
65 58
65 61
65 71
65 83
65 88
66 43
66 71
66 8
66 41
66 10
66 11
66 12
66 83
66 52
66 25
66 27
66 61
66 30
66 31
67 2
67 3
67 4
67 7
67 8
67 9
67 10
67 11
67 13
67 14
67 19
67 22
67 24
67 27
67 30
67 31
67 32
67 35
67 36
67 38
67 39
67 40
67 41
67 42
67 43
67 47
67 52
67 55
67 56
67 57
67 58
67 79
67 83
67 88
68 2
68 3
68 4
68 7
68 8
68 9
68 10
68 11
68 13
68 14
68 19
68 22
68 24
68 27
68 30
68 31
68 32
68 35
68 36
68 38
68 39
68 40
68 41
68 42
68 43
68 47
68 52
68 55
68 56
68 57
68 58
68 79
68 83
68 88
70 2
70 3
70 8
70 10
70 11
70 12
70 13
70 14
70 19
70 22
70 24
70 27
70 30
70 31
70 35
70 39
70 41
70 43
70 52
70 55
70 56
70 58
70 61
70 71
70 83
70 88
72 2
72 3
72 4
72 7
72 8
72 9
72 10
72 11
72 13
72 14
72 19
72 21
72 22
72 24
72 27
72 30
72 31
72 32
72 35
72 36
72 38
72 39
72 40
72 41
72 42
72 43
72 47
72 52
72 55
72 56
72 57
72 58
72 79
72 83
72 88
74 1
74 2
74 3
74 4
74 7
74 9
74 10
74 13
74 14
74 19
74 21
74 22
74 24
74 27
74 28
74 30
74 32
74 35
74 36
74 38
74 39
74 40
74 41
74 42
74 43
74 47
74 52
74 55
74 56
74 57
74 58
74 79
74 80
74 83
74 88
76 1
76 2
76 3
76 4
76 7
76 9
76 10
76 13
76 14
76 19
76 21
76 22
76 24
76 27
76 28
76 30
76 32
76 35
76 36
76 38
76 39
76 40
76 41
76 42
76 43
76 47
76 52
76 55
76 56
76 57
76 58
76 79
76 80
76 83
76 84
76 88
81 71
81 8
81 11
81 12
81 25
81 61
82 1
82 2
82 3
82 4
82 7
82 9
82 10
82 13
82 14
82 19
82 21
82 22
82 24
82 28
82 32
82 35
82 36
82 38
82 39
82 40
82 42
82 43
82 47
82 52
82 55
82 56
82 57
82 58
82 79
82 80
82 83
82 84
82 88
83 1
83 2
83 3
83 4
83 7
83 9
83 10
83 13
83 14
83 19
83 21
83 22
83 24
83 27
83 28
83 30
83 32
83 35
83 36
83 38
83 39
83 40
83 41
83 42
83 43
83 47
83 52
83 55
83 56
83 57
83 58
83 79
83 80
83 88
85 43
85 71
85 8
85 41
85 10
85 11
85 12
85 83
85 52
85 25
85 27
85 61
85 30
85 31
88 1
88 2
88 3
88 4
88 7
88 9
88 10
88 13
88 14
88 19
88 21
88 22
88 24
88 27
88 28
88 32
88 35
88 36
88 38
88 39
88 40
88 41
88 42
88 43
88 47
88 52
88 55
88 56
88 57
88 58
88 79
88 80
88 83
88 84
