88
2 1
2 70
2 39
2 8
2 9
2 12
2 81
2 53
2 23
2 72
2 26
2 61
2 85
2 65
3 1
3 70
3 39
3 8
3 12
3 81
3 82
3 53
3 23
3 26
5 70
5 39
5 8
5 12
5 17
5 82
5 53
5 23
5 26
6 1
6 70
6 39
6 8
6 9
6 12
6 81
6 82
6 53
6 23
6 72
6 26
6 61
10 1
10 70
10 39
10 8
10 12
10 81
10 82
10 53
10 23
10 26
11 1
11 4
11 33
11 70
11 39
11 8
11 9
11 44
11 13
11 78
11 15
11 81
11 19
11 20
11 85
11 23
11 24
11 25
11 61
11 72
11 65
14 1
14 4
14 8
14 9
14 13
14 15
14 19
14 20
14 23
14 25
14 26
14 33
14 39
14 44
14 53
14 61
14 65
14 70
14 72
14 78
14 81
14 85
18 12
18 17
18 82
18 53
18 23
18 26
26 1
26 4
26 70
26 39
26 8
26 9
26 12
26 13
26 15
26 81
26 19
26 53
26 23
26 72
26 25
26 61
26 85
26 65
27 1
27 70
27 39
27 8
27 9
27 12
27 81
27 82
27 53
27 23
27 72
27 26
27 61
28 1
28 4
28 8
28 9
28 12
28 13
28 15
28 19
28 20
28 23
28 25
28 26
28 33
28 39
28 53
28 61
28 65
28 70
28 72
28 78
28 81
28 85
29 12
29 16
29 17
29 82
29 53
29 26
30 1
30 70
30 39
30 8
30 12
30 81
30 82
30 53
30 23
30 26
31 1
31 70
31 39
31 8
31 12
31 81
31 82
31 53
31 23
31 26
32 1
32 70
32 39
32 8
32 12
32 81
32 82
32 53
32 23
32 26
34 1
34 4
34 70
34 39
34 8
34 9
34 12
34 13
34 15
34 81
34 53
34 23
34 72
34 25
34 26
34 61
34 85
34 65
35 1
35 70
35 39
35 8
35 9
35 12
35 81
35 82
35 53
35 23
35 72
35 26
36 1
36 70
36 39
36 8
36 9
36 12
36 13
36 15
36 81
36 53
36 23
36 72
36 25
36 26
36 61
36 85
36 65
37 1
37 70
37 39
37 8
37 9
37 12
37 81
37 82
37 53
37 23
37 72
37 26
37 61
38 12
38 17
38 82
38 53
38 23
38 26
39 1
39 4
39 72
39 70
39 33
39 8
39 9
39 44
39 13
39 78
39 15
39 81
39 19
39 20
39 53
39 23
39 24
39 25
39 61
39 85
39 65
40 17
40 26
40 82
40 12
40 53
41 1
41 70
41 39
41 8
41 9
41 12
41 81
41 82
41 53
41 23
41 72
41 26
41 61
42 1
42 4
42 8
42 9
42 13
42 15
42 19
42 20
42 23
42 25
42 26
42 33
42 39
42 44
42 53
42 61
42 65
42 70
42 72
42 78
42 81
42 85
43 1
43 4
43 8
43 9
43 12
43 13
43 15
43 19
43 20
43 23
43 25
43 26
43 33
43 39
43 53
43 61
43 65
43 70
43 72
43 78
43 81
43 85
45 1
45 70
45 39
45 8
45 9
45 12
45 81
45 82
45 53
45 23
45 72
45 26
45 61
46 1
46 4
46 8
46 9
46 13
46 15
46 19
46 20
46 23
46 24
46 25
46 33
46 39
46 44
46 61
46 65
46 70
46 72
46 78
46 81
46 84
46 85
47 1
47 4
47 33
47 70
47 39
47 8
47 9
47 12
47 13
47 15
47 81
47 19
47 53
47 23
47 72
47 25
47 26
47 61
47 85
47 65
48 1
48 4
48 8
48 9
48 12
48 13
48 15
48 19
48 20
48 23
48 25
48 26
48 33
48 39
48 44
48 53
48 61
48 65
48 70
48 72
48 78
48 81
48 85
49 1
49 4
49 8
49 9
49 13
49 15
49 19
49 20
49 23
49 25
49 26
49 33
49 39
49 44
49 53
49 61
49 65
49 70
49 72
49 78
49 81
49 85
50 12
50 17
50 82
50 53
50 23
50 26
51 1
51 4
51 33
51 70
51 39
51 8
51 9
51 12
51 13
51 78
51 15
51 81
51 19
51 53
51 23
51 72
51 25
51 26
51 61
51 85
51 65
52 1
52 4
52 33
52 70
52 39
52 8
52 9
52 12
52 13
52 15
52 81
52 19
52 53
52 23
52 72
52 25
52 26
52 61
52 85
52 65
54 16
54 17
54 82
55 12
55 16
55 17
55 82
55 53
55 26
56 70
56 39
56 8
56 12
56 82
56 53
56 23
56 26
57 1
57 4
57 70
57 39
57 8
57 9
57 12
57 13
57 15
57 81
57 53
57 23
57 72
57 25
57 26
57 61
57 85
57 65
58 1
58 70
58 39
58 8
58 9
58 12
58 81
58 82
58 53
58 23
58 72
58 26
58 61
59 12
59 17
59 82
59 53
59 23
59 26
60 1
60 4
60 33
60 70
60 39
60 8
60 9
60 12
60 13
60 15
60 81
60 19
60 53
60 23
60 72
60 25
60 26
60 61
60 85
60 65
62 1
62 4
62 8
62 9
62 13
62 15
62 19
62 20
62 23
62 25
62 26
62 33
62 39
62 44
62 53
62 61
62 65
62 70
62 72
62 78
62 81
62 85
63 1
63 4
63 33
63 70
63 39
63 8
63 9
63 12
63 13
63 15
63 81
63 19
63 53
63 23
63 72
63 25
63 26
63 61
63 85
63 65
64 1
64 4
64 33
64 70
64 39
64 8
64 9
64 44
64 13
64 78
64 15
64 81
64 19
64 20
64 85
64 23
64 24
64 25
64 61
64 72
64 65
66 8
66 12
66 17
66 82
66 53
66 23
66 26
69 1
69 4
69 8
69 9
69 13
69 15
69 19
69 20
69 23
69 25
69 26
69 33
69 39
69 44
69 53
69 61
69 65
69 70
69 72
69 78
69 81
69 85
71 1
71 4
71 8
71 9
71 13
71 15
71 19
71 20
71 23
71 24
71 25
71 33
71 39
71 44
71 61
71 65
71 70
71 72
71 78
71 81
71 84
71 85
73 1
73 4
73 8
73 9
73 13
73 15
73 19
73 20
73 23
73 25
73 26
73 33
73 39
73 44
73 53
73 61
73 65
73 70
73 72
73 78
73 81
73 85
74 1
74 4
74 8
74 9
74 13
74 15
74 19
74 20
74 23
74 24
74 25
74 33
74 39
74 44
74 61
74 65
74 70
74 72
74 78
74 81
74 84
74 85
75 1
75 4
75 33
75 70
75 39
75 8
75 9
75 44
75 13
75 78
75 15
75 81
75 19
75 20
75 85
75 23
75 24
75 25
75 61
75 72
75 65
76 1
76 70
76 39
76 8
76 9
76 12
76 81
76 82
76 53
76 23
76 72
76 26
76 61
77 1
77 70
77 39
77 8
77 9
77 12
77 81
77 82
77 53
77 23
77 72
77 26
77 61
77 65
79 1
79 4
79 8
79 9
79 12
79 13
79 15
79 19
79 20
79 23
79 25
79 26
79 33
79 39
79 53
79 61
79 65
79 70
79 72
79 78
79 81
79 85
80 1
80 4
80 8
80 9
80 13
80 15
80 19
80 20
80 23
80 25
80 26
80 33
80 39
80 44
80 53
80 61
80 65
80 70
80 72
80 78
80 81
80 85
83 1
83 4
83 8
83 9
83 13
83 15
83 19
83 20
83 23
83 25
83 26
83 33
83 39
83 44
83 53
83 61
83 65
83 70
83 72
83 78
83 81
83 85
87 1
87 4
87 33
87 70
87 39
87 8
87 9
87 44
87 13
87 78
87 15
87 81
87 19
87 20
87 85
87 23
87 24
87 25
87 61
87 72
87 65
88 1
88 4
88 8
88 9
88 13
88 15
88 19
88 20
88 23
88 24
88 25
88 26
88 33
88 39
88 44
88 53
88 61
88 65
88 70
88 72
88 78
88 81
88 85
