88
1 64
1 4
1 31
1 72
1 41
1 43
1 14
1 49
1 19
1 56
1 88
1 68
1 58
1 27
1 62
1 63
2 4
2 21
2 26
2 27
2 28
2 31
2 33
2 42
2 45
2 46
2 47
2 56
2 58
2 59
2 66
2 67
2 68
2 70
2 71
2 72
2 73
2 74
2 75
2 79
2 88
3 4
3 21
3 26
3 27
3 28
3 31
3 33
3 41
3 42
3 45
3 46
3 47
3 56
3 58
3 59
3 66
3 67
3 68
3 71
3 72
3 73
3 74
3 75
3 79
3 88
5 61
5 30
5 53
6 65
6 16
6 81
6 25
6 60
6 30
8 64
8 4
8 41
8 43
8 14
8 49
8 19
8 56
8 88
8 68
8 58
8 27
8 62
8 63
9 21
9 26
9 28
9 31
9 33
9 37
9 39
9 42
9 44
9 45
9 46
9 47
9 51
9 59
9 66
9 67
9 70
9 71
9 73
9 74
9 75
9 76
9 79
9 85
10 37
10 70
10 39
10 44
10 74
10 76
10 51
10 52
10 85
10 61
10 69
10 53
11 4
11 14
11 21
11 26
11 27
11 28
11 31
11 33
11 41
11 42
11 45
11 46
11 47
11 56
11 58
11 59
11 63
11 66
11 67
11 68
11 71
11 72
11 73
11 74
11 75
11 79
11 88
12 64
12 4
12 31
12 72
12 41
12 43
12 14
12 49
12 19
12 56
12 88
12 68
12 58
12 27
12 62
12 63
13 64
13 4
13 31
13 72
13 41
13 43
13 14
13 49
13 19
13 56
13 88
13 68
13 58
13 27
13 62
13 63
15 21
15 26
15 28
15 31
15 33
15 42
15 45
15 46
15 47
15 56
15 58
15 59
15 66
15 67
15 70
15 71
15 72
15 73
15 74
15 75
15 76
15 79
18 33
18 66
18 67
18 37
18 70
18 39
18 73
18 42
18 75
18 76
18 45
18 44
18 59
18 51
18 52
18 21
18 26
18 79
18 74
18 85
20 21
20 26
20 28
20 31
20 33
20 37
20 39
20 42
20 44
20 45
20 46
20 47
20 59
20 66
20 67
20 70
20 71
20 73
20 74
20 75
20 76
20 79
20 85
22 21
22 26
22 28
22 31
22 33
22 37
22 39
22 42
22 44
22 45
22 46
22 47
22 51
22 52
22 59
22 66
22 67
22 70
22 71
22 73
22 74
22 75
22 76
22 79
22 85
23 79
23 33
23 66
23 67
23 37
23 70
23 39
23 73
23 42
23 75
23 76
23 45
23 44
23 59
23 51
23 52
23 21
23 26
23 47
23 74
23 85
24 64
24 4
24 31
24 72
24 41
24 43
24 14
24 49
24 19
24 56
24 88
24 68
24 58
24 27
24 62
24 63
27 64
27 4
27 71
27 72
27 41
27 43
27 14
27 47
27 56
27 46
27 88
27 68
27 58
27 31
27 28
27 62
27 63
29 37
29 70
29 39
29 76
29 74
29 44
29 51
29 52
29 85
29 61
29 69
34 21
34 26
34 28
34 31
34 33
34 37
34 39
34 42
34 44
34 45
34 46
34 47
34 59
34 66
34 67
34 70
34 71
34 72
34 73
34 74
34 75
34 76
34 79
34 85
35 4
35 14
35 21
35 26
35 27
35 28
35 31
35 33
35 41
35 42
35 45
35 46
35 47
35 56
35 58
35 59
35 63
35 64
35 66
35 67
35 68
35 71
35 72
35 73
35 74
35 75
35 79
35 88
36 4
36 14
36 21
36 26
36 27
36 28
36 31
36 33
36 41
36 42
36 45
36 46
36 47
36 56
36 58
36 59
36 63
36 66
36 67
36 68
36 71
36 72
36 73
36 74
36 75
36 79
36 88
38 21
38 26
38 28
38 33
38 37
38 39
38 42
38 44
38 45
38 46
38 47
38 51
38 52
38 59
38 66
38 67
38 70
38 71
38 73
38 74
38 75
38 76
38 79
38 85
40 4
40 14
40 26
40 27
40 28
40 31
40 33
40 41
40 42
40 45
40 46
40 47
40 56
40 58
40 62
40 63
40 64
40 66
40 67
40 68
40 71
40 72
40 79
40 88
44 64
44 4
44 17
44 41
44 43
44 14
44 49
44 19
44 56
44 88
44 68
44 58
44 27
44 62
44 63
47 64
47 4
47 71
47 72
47 41
47 31
47 43
47 14
47 56
47 46
47 88
47 68
47 58
47 27
47 28
47 62
47 63
48 64
48 4
48 41
48 43
48 14
48 49
48 19
48 56
48 88
48 68
48 58
48 27
48 62
48 63
50 33
50 66
50 67
50 37
50 70
50 39
50 73
50 42
50 75
50 76
50 45
50 44
50 59
50 51
50 52
50 21
50 26
50 79
50 74
50 85
53 64
53 4
53 17
53 41
53 43
53 14
53 49
53 19
53 88
53 68
53 27
53 62
53 63
54 21
54 26
54 28
54 31
54 33
54 37
54 39
54 42
54 44
54 45
54 46
54 47
54 59
54 66
54 67
54 70
54 71
54 72
54 73
54 74
54 75
54 76
54 79
54 85
55 4
55 14
55 21
55 26
55 27
55 28
55 31
55 33
55 41
55 42
55 45
55 46
55 47
55 56
55 58
55 59
55 63
55 64
55 66
55 67
55 68
55 71
55 72
55 73
55 75
55 79
55 88
56 64
56 4
56 31
56 72
56 41
56 43
56 14
56 49
56 19
56 88
56 68
56 58
56 27
56 62
56 63
57 4
57 14
57 21
57 26
57 27
57 28
57 31
57 33
57 41
57 42
57 45
57 46
57 47
57 56
57 58
57 59
57 63
57 64
57 66
57 67
57 68
57 71
57 72
57 73
57 74
57 75
57 79
57 88
58 64
58 4
58 31
58 72
58 41
58 43
58 14
58 56
58 19
58 88
58 68
58 27
58 28
58 62
58 63
62 64
62 4
62 41
62 43
62 14
62 49
62 19
62 56
62 88
62 68
62 58
62 27
62 63
63 64
63 4
63 41
63 43
63 14
63 49
63 19
63 56
63 88
63 68
63 58
63 27
63 62
64 4
64 72
64 41
64 43
64 14
64 49
64 19
64 56
64 88
64 68
64 58
64 27
64 62
64 63
67 64
67 4
67 17
67 41
67 43
67 14
67 49
67 19
67 56
67 88
67 68
67 58
67 27
67 62
67 63
72 64
72 4
72 31
72 41
72 43
72 14
72 49
72 19
72 56
72 88
72 68
72 58
72 27
72 62
72 63
77 64
77 4
77 41
77 43
77 14
77 49
77 19
77 56
77 88
77 68
77 58
77 27
77 62
77 63
78 64
78 4
78 71
78 72
78 41
78 31
78 43
78 14
78 47
78 56
78 46
78 88
78 68
78 58
78 27
78 28
78 62
78 63
79 64
79 4
79 31
79 72
79 41
79 43
79 14
79 49
79 19
79 56
79 88
79 68
79 58
79 27
79 62
79 63
80 21
80 26
80 28
80 31
80 33
80 42
80 45
80 46
80 47
80 56
80 58
80 59
80 66
80 67
80 70
80 71
80 72
80 73
80 74
80 75
80 76
80 79
82 21
82 26
82 28
82 31
82 33
82 42
82 45
82 46
82 47
82 56
82 59
82 66
82 67
82 70
82 71
82 72
82 73
82 74
82 75
82 76
82 79
82 85
83 4
83 14
83 26
83 27
83 28
83 31
83 33
83 41
83 42
83 46
83 47
83 56
83 58
83 62
83 63
83 64
83 67
83 68
83 71
83 72
83 79
83 88
84 16
84 25
84 60
84 81
84 65
86 65
86 53
86 30
87 64
87 4
87 31
87 72
87 41
87 43
87 14
87 56
87 19
87 88
87 68
87 58
87 27
87 28
87 62
87 63
88 64
88 67
88 4
88 71
88 72
88 41
88 31
88 43
88 14
88 47
88 46
88 56
88 68
88 58
88 27
88 28
88 62
88 63
