88
1 2
1 7
1 12
1 21
1 28
1 35
1 37
1 40
1 42
1 43
1 44
1 47
1 48
1 49
1 54
1 56
1 57
1 61
1 63
1 78
1 79
1 80
1 87
1 88
3 1
3 2
3 7
3 12
3 20
3 21
3 28
3 35
3 37
3 40
3 42
3 43
3 44
3 47
3 48
3 49
3 54
3 56
3 57
3 63
3 69
3 78
3 79
3 80
3 84
3 87
5 32
5 36
5 69
5 70
5 41
5 77
5 50
5 19
5 84
5 53
5 22
5 55
5 4
5 29
5 20
5 85
6 15
8 1
8 2
8 9
8 12
8 21
8 28
8 33
8 35
8 37
8 40
8 42
8 43
8 47
8 48
8 49
8 54
8 56
8 57
8 61
8 63
8 79
8 87
8 88
10 84
10 32
10 35
10 4
10 37
10 7
10 41
10 44
10 78
10 80
10 50
10 19
10 20
10 85
10 22
10 55
10 36
10 54
10 69
10 53
11 1
11 2
11 7
11 12
11 20
11 21
11 28
11 35
11 37
11 40
11 42
11 43
11 44
11 47
11 48
11 49
11 54
11 56
11 57
11 63
11 69
11 78
11 79
11 80
11 84
11 87
13 1
13 2
13 7
13 12
13 21
13 28
13 35
13 37
13 40
13 42
13 43
13 44
13 47
13 48
13 49
13 54
13 56
13 57
13 63
13 69
13 78
13 79
13 80
13 87
14 1
14 2
14 33
14 40
14 9
14 42
14 43
14 12
14 47
14 48
14 49
14 21
14 87
14 56
14 57
14 79
14 28
14 61
14 88
14 63
17 84
17 32
17 35
17 4
17 37
17 7
17 41
17 44
17 78
17 80
17 50
17 19
17 20
17 85
17 22
17 55
17 36
17 54
17 69
17 53
18 1
18 2
18 7
18 12
18 20
18 21
18 28
18 35
18 37
18 40
18 42
18 43
18 44
18 47
18 48
18 49
18 53
18 54
18 56
18 57
18 63
18 69
18 78
18 79
18 80
18 84
18 87
24 1
24 2
24 7
24 12
24 21
24 28
24 35
24 37
24 40
24 42
24 43
24 44
24 47
24 48
24 49
24 54
24 56
24 57
24 61
24 63
24 78
24 79
24 80
24 87
24 88
25 1
25 7
25 19
25 20
25 28
25 32
25 35
25 36
25 37
25 41
25 42
25 44
25 48
25 50
25 53
25 54
25 55
25 57
25 69
25 78
25 79
25 80
25 84
25 87
26 4
26 70
26 77
26 85
26 22
26 55
26 29
31 70
31 86
31 30
34 1
34 7
34 19
34 20
34 28
34 32
34 35
34 36
34 37
34 41
34 42
34 43
34 44
34 47
34 48
34 49
34 50
34 53
34 54
34 55
34 57
34 69
34 78
34 79
34 80
34 84
34 87
35 1
35 2
35 7
35 12
35 21
35 28
35 37
35 40
35 42
35 43
35 44
35 47
35 48
35 49
35 54
35 56
35 57
35 63
35 69
35 78
35 79
35 80
35 87
35 88
38 1
38 7
38 19
38 20
38 28
38 32
38 35
38 36
38 37
38 41
38 42
38 44
38 48
38 50
38 53
38 54
38 55
38 57
38 69
38 78
38 80
38 84
38 85
39 1
39 2
39 7
39 12
39 21
39 28
39 35
39 37
39 40
39 42
39 43
39 44
39 47
39 48
39 49
39 54
39 56
39 57
39 63
39 69
39 78
39 79
39 80
39 87
41 1
41 2
41 9
41 12
41 21
41 28
41 33
41 35
41 37
41 40
41 42
41 43
41 44
41 47
41 48
41 49
41 54
41 56
41 57
41 61
41 63
41 78
41 79
41 80
41 87
41 88
43 1
43 2
43 33
43 40
43 9
43 42
43 12
43 47
43 48
43 49
43 21
43 87
43 56
43 57
43 79
43 28
43 61
43 88
43 63
45 1
45 2
45 33
45 40
45 9
45 42
45 43
45 12
45 47
45 48
45 49
45 21
45 87
45 56
45 57
45 79
45 28
45 61
45 88
45 63
46 1
46 2
46 7
46 12
46 21
46 28
46 35
46 37
46 40
46 42
46 43
46 44
46 47
46 48
46 49
46 54
46 56
46 57
46 63
46 69
46 78
46 79
46 80
46 87
46 88
51 1
51 2
51 9
51 12
51 21
51 28
51 33
51 35
51 37
51 40
51 42
51 43
51 44
51 47
51 48
51 49
51 54
51 56
51 57
51 61
51 63
51 78
51 79
51 80
51 87
51 88
52 1
52 2
52 33
52 40
52 9
52 42
52 43
52 12
52 47
52 48
52 49
52 21
52 87
52 56
52 57
52 79
52 28
52 61
52 88
52 63
54 1
54 2
54 7
54 12
54 21
54 28
54 35
54 37
54 40
54 42
54 43
54 44
54 47
54 48
54 49
54 56
54 57
54 61
54 63
54 78
54 79
54 80
54 87
54 88
59 1
59 7
59 19
59 20
59 28
59 32
59 35
59 36
59 37
59 41
59 42
59 44
59 48
59 50
59 53
59 54
59 55
59 57
59 69
59 78
59 79
59 80
59 84
59 87
60 1
60 2
60 7
60 12
60 20
60 21
60 28
60 35
60 37
60 40
60 42
60 43
60 44
60 47
60 48
60 49
60 53
60 54
60 56
60 57
60 63
60 69
60 78
60 79
60 80
60 84
60 87
62 1
62 2
62 7
62 12
62 21
62 28
62 35
62 37
62 40
62 42
62 43
62 44
62 47
62 48
62 49
62 54
62 56
62 57
62 63
62 69
62 78
62 79
62 80
62 87
64 1
64 2
64 9
64 12
64 21
64 28
64 33
64 35
64 37
64 40
64 42
64 43
64 47
64 48
64 49
64 54
64 56
64 57
64 61
64 63
64 79
64 87
64 88
66 4
66 70
66 77
66 85
66 22
66 55
66 36
66 29
71 1
71 2
71 7
71 12
71 19
71 20
71 28
71 32
71 35
71 37
71 41
71 42
71 43
71 44
71 47
71 48
71 49
71 50
71 53
71 54
71 56
71 57
71 69
71 78
71 79
71 80
71 84
71 87
72 1
72 2
72 33
72 40
72 9
72 42
72 43
72 12
72 47
72 48
72 49
72 21
72 87
72 56
72 57
72 79
72 28
72 61
72 88
72 63
73 1
73 7
73 19
73 20
73 28
73 32
73 35
73 36
73 37
73 41
73 42
73 43
73 44
73 47
73 48
73 49
73 50
73 53
73 54
73 55
73 57
73 69
73 78
73 79
73 80
73 84
73 87
74 1
74 2
74 7
74 12
74 19
74 20
74 28
74 35
74 37
74 40
74 41
74 42
74 43
74 44
74 47
74 48
74 49
74 53
74 54
74 56
74 57
74 63
74 69
74 78
74 79
74 80
74 84
74 87
75 1
75 2
75 9
75 12
75 21
75 28
75 33
75 35
75 37
75 40
75 42
75 43
75 47
75 48
75 49
75 54
75 56
75 57
75 61
75 63
75 79
75 87
75 88
76 1
76 2
76 7
76 12
76 19
76 20
76 28
76 32
76 35
76 37
76 40
76 41
76 42
76 43
76 44
76 47
76 48
76 49
76 50
76 53
76 54
76 56
76 57
76 63
76 69
76 78
76 79
76 80
76 84
76 87
81 32
81 36
81 69
81 7
81 41
81 44
81 77
81 80
81 50
81 19
81 84
81 53
81 22
81 55
81 4
81 29
81 20
81 85
82 1
82 2
82 7
82 12
82 19
82 20
82 28
82 32
82 35
82 37
82 41
82 42
82 43
82 44
82 47
82 48
82 49
82 50
82 53
82 54
82 56
82 57
82 69
82 78
82 79
82 80
82 84
82 87
83 1
83 2
83 7
83 12
83 19
83 20
83 21
83 28
83 35
83 37
83 40
83 42
83 43
83 44
83 47
83 48
83 49
83 53
83 54
83 56
83 57
83 63
83 69
83 78
83 79
83 80
83 84
83 87
