88
2 32
2 1
2 37
2 6
2 7
2 8
2 9
2 43
2 12
2 45
2 46
2 18
2 83
2 54
2 23
2 56
2 38
2 29
2 63
3 32
3 1
3 6
3 7
3 8
3 9
3 43
3 12
3 13
3 46
3 54
3 23
3 56
3 29
3 63
4 32
4 1
4 37
4 6
4 7
4 9
4 43
4 45
4 46
4 18
4 83
4 54
4 23
4 38
4 29
4 63
5 32
5 1
5 37
5 6
5 7
5 8
5 9
5 43
5 45
5 46
5 18
5 83
5 54
5 23
5 38
5 29
5 63
7 32
7 1
7 6
7 8
7 9
7 43
7 12
7 13
7 46
7 54
7 23
7 56
7 29
7 63
10 32
10 1
10 6
10 7
10 8
10 9
10 43
10 12
10 13
10 46
10 83
10 54
10 23
10 56
10 29
10 63
14 32
14 1
14 6
14 7
14 8
14 9
14 43
14 12
14 13
14 46
14 54
14 23
14 56
14 29
14 63
16 18
16 83
16 37
16 38
16 45
17 32
17 1
17 6
17 7
17 8
17 9
17 43
17 12
17 13
17 46
17 54
17 23
17 56
17 29
17 63
19 32
19 1
19 6
19 7
19 8
19 9
19 43
19 12
19 13
19 46
19 83
19 54
19 23
19 56
19 29
19 63
20 32
20 1
20 37
20 6
20 7
20 8
20 9
20 43
20 45
20 46
20 18
20 83
20 54
20 23
20 38
20 29
20 63
21 32
21 37
21 38
21 43
21 45
21 18
21 83
22 32
22 1
22 37
22 6
22 7
22 8
22 9
22 43
22 45
22 46
22 18
22 83
22 54
22 23
22 38
22 29
22 63
24 32
24 1
24 37
24 6
24 7
24 8
24 9
24 43
24 12
24 45
24 46
24 13
24 18
24 83
24 54
24 23
24 56
24 38
24 29
24 63
26 32
26 37
26 38
26 9
26 43
26 45
26 46
26 18
26 83
26 6
26 63
27 32
27 1
27 37
27 6
27 7
27 8
27 9
27 43
27 12
27 45
27 46
27 18
27 83
27 54
27 23
27 56
27 38
27 29
27 63
28 32
28 37
28 6
28 7
28 9
28 43
28 45
28 46
28 18
28 83
28 54
28 23
28 38
28 63
30 32
30 1
30 37
30 6
30 7
30 9
30 43
30 45
30 46
30 18
30 83
30 54
30 23
30 38
30 29
30 63
31 32
31 1
31 37
31 6
31 7
31 8
31 9
31 43
31 45
31 46
31 18
31 83
31 54
31 23
31 38
31 29
31 63
32 1
32 6
32 7
32 8
32 9
32 43
32 12
32 13
32 46
32 54
32 23
32 56
32 29
32 63
33 32
33 1
33 37
33 6
33 7
33 8
33 9
33 43
33 45
33 46
33 18
33 83
33 54
33 23
33 38
33 29
33 63
34 32
34 37
34 38
34 43
34 45
34 46
34 18
34 83
35 32
35 37
35 38
35 9
35 43
35 45
35 46
35 18
35 83
35 6
35 63
36 32
36 1
36 37
36 6
36 7
36 8
36 9
36 43
36 45
36 46
36 18
36 83
36 54
36 23
36 38
36 29
36 63
39 32
39 37
39 6
39 7
39 9
39 43
39 45
39 46
39 18
39 83
39 54
39 23
39 38
39 29
39 63
40 32
40 37
40 6
40 7
40 9
40 43
40 45
40 46
40 18
40 83
40 54
40 23
40 38
40 29
40 63
41 32
41 1
41 37
41 6
41 7
41 8
41 9
41 43
41 45
41 46
41 18
41 83
41 54
41 23
41 38
41 29
41 63
42 32
42 1
42 38
42 6
42 7
42 8
42 9
42 43
42 12
42 13
42 46
42 83
42 54
42 23
42 56
42 29
42 63
43 32
43 1
43 6
43 7
43 8
43 9
43 12
43 13
43 46
43 54
43 23
43 56
43 29
43 63
44 32
44 1
44 37
44 6
44 7
44 8
44 9
44 43
44 45
44 46
44 18
44 83
44 54
44 23
44 38
44 29
44 63
45 32
45 1
45 6
45 7
45 8
45 9
45 43
45 12
45 13
45 46
45 54
45 23
45 56
45 29
45 63
47 32
47 37
47 38
47 9
47 43
47 45
47 46
47 18
47 83
47 6
47 63
48 32
48 1
48 38
48 6
48 7
48 8
48 9
48 43
48 12
48 13
48 46
48 83
48 54
48 23
48 56
48 29
48 63
49 18
49 83
49 37
49 38
49 45
50 18
50 37
50 45
51 32
51 37
51 38
51 9
51 43
51 45
51 46
51 18
51 83
51 54
51 6
51 63
53 32
53 37
53 38
53 43
53 45
53 46
53 18
53 83
53 63
55 32
55 37
55 38
55 43
55 45
55 18
55 83
57 18
57 37
57 38
57 45
58 32
58 1
58 38
58 6
58 7
58 8
58 9
58 43
58 12
58 45
58 46
58 13
58 83
58 54
58 23
58 56
58 29
58 63
59 32
59 37
59 38
59 43
59 45
59 18
59 83
60 18
60 37
60 38
60 45
62 32
62 1
62 37
62 6
62 7
62 8
62 9
62 43
62 12
62 45
62 46
62 18
62 83
62 54
62 23
62 56
62 38
62 29
62 63
63 32
63 1
63 6
63 7
63 8
63 9
63 43
63 12
63 13
63 46
63 83
63 54
63 23
63 56
63 29
64 32
64 1
64 37
64 6
64 7
64 8
64 9
64 43
64 45
64 46
64 18
64 83
64 54
64 23
64 38
64 29
64 63
66 32
66 37
66 6
66 7
66 9
66 43
66 45
66 46
66 18
66 83
66 54
66 23
66 38
66 63
67 32
67 37
67 6
67 7
67 9
67 43
67 45
67 46
67 18
67 83
67 54
67 23
67 38
67 29
67 63
68 32
68 1
68 37
68 6
68 7
68 8
68 9
68 43
68 12
68 45
68 46
68 13
68 18
68 83
68 54
68 23
68 56
68 38
68 29
68 63
69 18
69 83
69 37
69 38
69 45
70 18
70 83
70 37
70 38
70 45
72 32
72 1
72 37
72 6
72 7
72 8
72 9
72 43
72 12
72 45
72 46
72 13
72 18
72 83
72 54
72 23
72 56
72 38
72 29
72 63
73 32
73 37
73 38
73 43
73 45
73 46
73 18
73 83
73 63
74 32
74 37
74 38
74 9
74 43
74 45
74 46
74 18
74 83
74 54
74 6
74 63
75 18
75 83
75 37
75 38
75 45
76 32
76 37
76 38
76 43
76 45
76 46
76 18
76 83
76 63
77 32
77 1
77 37
77 6
77 7
77 8
77 9
77 43
77 12
77 45
77 46
77 13
77 18
77 83
77 54
77 23
77 56
77 38
77 29
77 63
78 32
78 1
78 37
78 6
78 7
78 8
78 9
78 43
78 12
78 45
78 46
78 13
78 18
78 83
78 54
78 23
78 56
78 38
78 29
78 63
79 32
79 37
79 38
79 9
79 43
79 45
79 46
79 18
79 83
79 63
80 32
80 1
80 37
80 6
80 7
80 8
80 9
80 43
80 12
80 45
80 46
80 13
80 18
80 83
80 54
80 23
80 56
80 38
80 29
80 63
81 18
81 83
81 37
81 38
81 45
82 18
82 83
82 37
82 38
82 45
83 32
83 1
83 37
83 6
83 7
83 8
83 9
83 43
83 12
83 45
83 46
83 13
83 18
83 54
83 23
83 56
83 38
83 29
83 63
84 32
84 1
84 37
84 6
84 7
84 8
84 9
84 43
84 12
84 45
84 46
84 13
84 18
84 83
84 54
84 23
84 56
84 38
84 29
84 63
86 32
86 1
86 6
86 7
86 8
86 9
86 43
86 12
86 13
86 46
86 83
86 54
86 23
86 56
86 29
86 63
88 32
88 1
88 37
88 6
88 7
88 8
88 9
88 43
88 12
88 45
88 46
88 13
88 18
88 83
88 54
88 23
88 56
88 38
88 29
88 63
