88
1 39
1 8
1 9
1 10
1 7
1 77
1 53
1 88
1 60
1 74
2 64
2 1
2 67
2 32
2 71
2 40
2 12
2 74
2 43
2 44
2 77
2 47
2 17
2 21
2 22
2 87
2 56
2 25
2 59
2 28
2 61
3 64
3 1
3 2
3 67
3 68
3 71
3 73
3 75
3 44
3 66
3 12
3 47
3 17
3 21
3 59
3 27
3 28
3 61
5 64
5 2
5 67
5 68
5 73
5 75
5 12
5 66
5 47
5 59
5 27
5 28
5 61
6 65
6 85
6 62
7 39
7 8
7 9
7 10
7 77
7 53
7 88
7 60
7 74
14 32
14 17
14 7
14 8
14 74
14 43
14 77
14 40
14 53
14 22
14 87
14 56
14 25
14 60
17 39
17 8
17 9
17 10
17 7
17 77
17 40
17 53
17 88
17 25
17 60
17 74
18 64
18 2
18 67
18 68
18 73
18 75
18 66
18 27
18 28
18 61
19 32
19 7
19 40
19 74
19 77
19 8
19 53
19 22
19 87
19 56
19 25
19 60
19 88
20 88
20 9
20 10
20 8
20 39
21 64
21 1
21 67
21 32
21 71
21 40
21 12
21 74
21 43
21 44
21 77
21 47
21 17
21 22
21 87
21 56
21 25
21 59
21 28
21 61
22 32
22 7
22 40
22 74
22 43
22 77
22 8
22 53
22 87
22 56
22 25
22 60
23 32
23 39
23 8
23 74
23 7
23 77
23 40
23 53
23 22
23 56
23 25
23 60
23 88
24 39
24 8
24 9
24 74
24 7
24 77
24 40
24 53
24 22
24 56
24 25
24 60
24 88
25 39
25 8
25 9
25 10
25 7
25 53
25 88
25 60
26 65
26 85
26 62
29 64
29 1
29 32
29 71
29 40
29 12
29 74
29 43
29 44
29 77
29 47
29 17
29 21
29 22
29 87
29 56
29 25
29 59
29 61
30 26
30 85
30 62
30 5
31 32
31 1
31 7
31 40
31 74
31 43
31 44
31 77
31 17
31 21
31 22
31 87
31 56
31 25
31 71
31 60
31 53
32 1
32 7
32 40
32 74
32 43
32 44
32 77
32 17
32 21
32 22
32 87
32 56
32 25
32 71
32 60
32 53
33 32
33 17
33 7
33 8
33 74
33 43
33 77
33 40
33 53
33 22
33 87
33 56
33 25
33 60
34 65
34 26
34 85
34 62
35 64
35 1
35 2
35 67
35 68
35 71
35 73
35 75
35 12
35 66
35 47
35 59
35 21
35 27
35 28
35 61
36 64
36 1
36 2
36 67
36 68
36 71
36 73
36 75
36 12
36 66
36 47
36 59
36 21
36 27
36 28
36 61
37 39
37 40
37 9
37 10
37 7
37 77
37 8
37 53
37 88
37 60
37 74
38 64
38 1
38 66
38 67
38 32
38 71
38 12
38 43
38 44
38 47
38 17
38 59
38 21
38 22
38 87
38 56
38 25
38 27
38 28
38 61
39 88
39 9
39 10
39 8
40 39
40 8
40 9
40 10
40 7
40 53
40 88
40 60
41 64
41 1
41 2
41 67
41 68
41 71
41 12
41 32
41 43
41 44
41 66
41 47
41 17
41 59
41 21
41 22
41 87
41 56
41 27
41 28
41 61
42 64
42 1
42 2
42 67
42 17
42 71
42 73
42 75
42 44
42 66
42 12
42 47
42 43
42 21
42 59
42 68
42 27
42 28
42 61
43 32
43 1
43 7
43 40
43 12
43 74
43 71
43 44
43 77
43 47
43 17
43 21
43 22
43 87
43 56
43 25
43 59
43 60
43 53
44 32
44 7
44 40
44 74
44 77
44 8
44 53
44 22
44 87
44 56
44 25
44 60
44 88
45 32
45 17
45 7
45 8
45 74
45 43
45 77
45 40
45 53
45 22
45 87
45 56
45 25
45 60
46 64
46 1
46 2
46 67
46 17
46 71
46 73
46 75
46 44
46 66
46 12
46 47
46 43
46 21
46 59
46 87
46 68
46 27
46 28
46 61
47 39
47 8
47 9
47 10
47 7
47 53
47 88
47 60
48 64
48 1
48 66
48 67
48 32
48 71
48 12
48 43
48 44
48 47
48 17
48 59
48 21
48 22
48 87
48 56
48 25
48 27
48 28
48 61
49 32
49 7
49 8
49 9
49 74
49 39
49 77
49 40
49 53
49 22
49 56
49 25
49 60
49 88
50 64
50 1
50 2
50 67
50 17
50 71
50 73
50 75
50 44
50 66
50 12
50 47
50 43
50 21
50 59
50 87
50 68
50 27
50 28
50 61
51 65
51 2
51 75
51 68
51 73
53 88
53 9
53 10
53 8
53 39
54 64
54 1
54 66
54 67
54 32
54 71
54 40
54 12
54 43
54 44
54 47
54 17
54 59
54 21
54 22
54 87
54 56
54 25
54 27
54 28
54 61
55 32
55 7
55 40
55 74
55 77
55 8
55 53
55 22
55 87
55 56
55 25
55 60
55 88
56 39
56 8
56 9
56 10
56 7
56 77
56 40
56 53
56 88
56 25
56 60
56 74
57 32
57 7
57 40
57 74
57 43
57 77
57 8
57 53
57 22
57 87
57 56
57 25
57 60
58 32
58 39
58 8
58 74
58 7
58 77
58 40
58 53
58 22
58 56
58 25
58 60
58 88
61 39
61 8
61 9
61 10
61 7
61 77
61 53
61 88
61 60
61 74
62 88
62 9
62 10
62 8
62 39
63 32
63 7
63 8
63 9
63 74
63 39
63 77
63 40
63 53
63 22
63 56
63 25
63 60
63 88
66 64
66 1
66 2
66 67
66 68
66 71
66 12
66 32
66 43
66 44
66 47
66 17
66 21
66 59
66 87
66 56
66 27
66 28
66 61
67 88
67 9
67 10
67 8
67 39
68 64
68 1
68 67
68 32
68 71
68 40
68 12
68 43
68 44
68 47
68 17
68 21
68 22
68 87
68 56
68 25
68 59
68 28
68 61
70 7
70 8
70 9
70 10
70 39
70 77
70 40
70 53
70 22
70 88
70 25
70 60
70 74
71 32
71 1
71 7
71 40
71 74
71 43
71 44
71 77
71 17
71 21
71 22
71 87
71 56
71 25
71 60
71 53
72 64
72 1
72 2
72 67
72 68
72 71
72 73
72 75
72 44
72 66
72 12
72 47
72 59
72 21
72 27
72 28
72 61
73 39
73 8
73 9
73 10
73 7
73 77
73 40
73 53
73 88
73 25
73 60
73 74
74 39
74 8
74 9
74 10
74 7
74 77
74 40
74 53
74 88
74 25
74 60
75 39
75 40
75 9
75 10
75 7
75 77
75 8
75 53
75 88
75 60
75 74
76 65
76 85
76 62
77 32
77 39
77 8
77 74
77 7
77 40
77 53
77 22
77 56
77 25
77 60
77 88
78 64
78 1
78 2
78 67
78 17
78 71
78 73
78 75
78 44
78 66
78 12
78 47
78 43
78 21
78 59
78 87
78 68
78 27
78 28
78 61
79 65
79 2
79 75
79 68
79 73
80 64
80 1
80 66
80 67
80 32
80 71
80 12
80 43
80 44
80 47
80 17
80 59
80 21
80 22
80 87
80 56
80 25
80 27
80 28
80 61
81 64
81 1
81 67
81 32
81 71
81 40
81 12
81 74
81 43
81 44
81 77
81 47
81 17
81 21
81 22
81 87
81 56
81 25
81 59
81 61
82 64
82 1
82 67
82 32
82 71
82 40
82 12
82 74
82 43
82 44
82 77
82 47
82 17
82 21
82 22
82 87
82 56
82 25
82 59
82 61
83 65
83 26
83 85
83 62
84 2
84 67
84 68
84 73
84 75
84 66
84 27
84 28
86 64
86 2
86 67
86 68
86 73
86 75
86 12
86 66
86 47
86 59
86 27
86 28
86 61
88 39
88 8
88 9
88 10
88 7
88 53
88 60
