88
1 3
1 5
1 6
1 7
1 10
1 11
1 14
1 21
1 22
1 24
1 25
1 26
1 27
1 28
1 29
1 32
1 34
1 35
1 37
1 38
1 39
1 43
1 45
1 47
1 48
1 52
1 53
1 55
1 57
1 58
1 61
1 64
1 68
1 72
1 73
1 74
1 75
1 76
1 77
1 78
1 79
1 80
1 83
1 84
1 87
1 88
2 3
2 5
2 10
2 11
2 14
2 21
2 22
2 24
2 28
2 29
2 32
2 33
2 34
2 37
2 39
2 45
2 54
2 57
2 61
2 62
2 64
2 65
2 73
2 75
2 77
2 79
2 80
2 81
2 87
2 88
9 1
9 5
9 6
9 7
9 11
9 14
9 20
9 21
9 22
9 24
9 25
9 26
9 27
9 28
9 29
9 32
9 34
9 35
9 37
9 38
9 41
9 43
9 45
9 47
9 48
9 52
9 53
9 55
9 57
9 58
9 59
9 61
9 63
9 64
9 66
9 67
9 68
9 71
9 72
9 73
9 74
9 75
9 76
9 77
9 78
9 79
9 80
9 83
9 84
9 87
9 88
13 1
13 2
13 4
13 6
13 7
13 20
13 25
13 26
13 27
13 35
13 36
13 38
13 41
13 42
13 43
13 47
13 48
13 52
13 53
13 55
13 58
13 59
13 63
13 66
13 67
13 68
13 70
13 71
13 72
13 74
13 76
13 78
13 82
13 83
13 84
13 86
14 3
14 5
14 10
14 11
14 21
14 22
14 24
14 27
14 28
14 29
14 32
14 33
14 34
14 37
14 39
14 45
14 53
14 54
14 57
14 61
14 62
14 64
14 65
14 68
14 73
14 75
14 77
14 79
14 80
14 81
14 87
14 88
18 3
18 5
18 10
18 11
18 14
18 21
18 22
18 24
18 28
18 29
18 32
18 33
18 34
18 37
18 39
18 45
18 54
18 57
18 61
18 62
18 64
18 65
18 73
18 75
18 77
18 79
18 80
18 81
18 87
18 88
19 1
19 3
19 5
19 7
19 10
19 11
19 14
19 21
19 22
19 24
19 25
19 27
19 28
19 29
19 32
19 33
19 34
19 35
19 37
19 38
19 39
19 45
19 47
19 53
19 54
19 57
19 58
19 61
19 62
19 64
19 65
19 68
19 72
19 73
19 74
19 75
19 76
19 77
19 78
19 79
19 80
19 81
19 87
19 88
22 3
22 5
22 10
22 11
22 14
22 21
22 24
22 28
22 29
22 32
22 33
22 34
22 37
22 39
22 45
22 54
22 57
22 61
22 62
22 64
22 65
22 73
22 75
22 77
22 79
22 80
22 81
22 87
22 88
23 1
23 3
23 5
23 7
23 10
23 11
23 14
23 21
23 22
23 24
23 25
23 27
23 28
23 29
23 32
23 33
23 34
23 35
23 37
23 38
23 39
23 45
23 47
23 53
23 54
23 57
23 58
23 61
23 62
23 64
23 65
23 68
23 72
23 73
23 74
23 75
23 76
23 77
23 78
23 79
23 80
23 81
23 87
23 88
24 3
24 5
24 10
24 11
24 14
24 21
24 22
24 27
24 28
24 29
24 32
24 33
24 34
24 37
24 39
24 45
24 53
24 54
24 57
24 61
24 62
24 64
24 65
24 73
24 75
24 77
24 79
24 80
24 81
24 87
24 88
28 3
28 5
28 10
28 11
28 14
28 21
28 22
28 24
28 29
28 32
28 33
28 34
28 37
28 39
28 45
28 54
28 57
28 61
28 62
28 64
28 65
28 73
28 75
28 77
28 79
28 80
28 81
28 87
28 88
29 1
29 3
29 5
29 7
29 10
29 11
29 14
29 21
29 22
29 24
29 27
29 28
29 32
29 33
29 34
29 37
29 38
29 39
29 45
29 47
29 53
29 54
29 57
29 58
29 61
29 62
29 64
29 65
29 68
29 73
29 75
29 77
29 78
29 79
29 80
29 81
29 87
29 88
30 1
30 2
30 4
30 6
30 7
30 20
30 24
30 25
30 26
30 27
30 29
30 35
30 38
30 41
30 42
30 43
30 45
30 47
30 48
30 52
30 53
30 55
30 58
30 59
30 63
30 66
30 67
30 68
30 71
30 72
30 74
30 76
30 78
30 82
30 83
30 84
30 86
31 1
31 3
31 5
31 6
31 7
31 10
31 11
31 14
31 21
31 22
31 24
31 25
31 26
31 27
31 28
31 29
31 32
31 34
31 35
31 37
31 38
31 39
31 41
31 43
31 45
31 47
31 48
31 52
31 53
31 55
31 57
31 58
31 61
31 64
31 66
31 68
31 71
31 72
31 73
31 74
31 75
31 76
31 77
31 78
31 79
31 80
31 83
31 84
31 87
31 88
42 1
42 3
42 5
42 7
42 10
42 11
42 14
42 21
42 22
42 24
42 27
42 28
42 29
42 32
42 33
42 34
42 37
42 38
42 39
42 45
42 47
42 53
42 54
42 57
42 58
42 61
42 62
42 64
42 65
42 68
42 72
42 73
42 74
42 75
42 76
42 77
42 78
42 79
42 80
42 81
42 87
42 88
44 3
44 5
44 10
44 11
44 14
44 21
44 22
44 24
44 27
44 28
44 29
44 32
44 33
44 34
44 37
44 39
44 45
44 53
44 54
44 57
44 61
44 62
44 64
44 65
44 68
44 73
44 75
44 77
44 79
44 80
44 81
44 87
44 88
46 3
46 5
46 10
46 11
46 14
46 21
46 22
46 24
46 28
46 29
46 32
46 33
46 34
46 37
46 39
46 45
46 54
46 57
46 61
46 62
46 64
46 65
46 73
46 75
46 77
46 79
46 80
46 81
46 87
46 88
49 1
49 2
49 4
49 6
49 7
49 20
49 25
49 26
49 27
49 35
49 36
49 38
49 41
49 42
49 43
49 47
49 48
49 52
49 53
49 55
49 58
49 59
49 63
49 66
49 67
49 68
49 71
49 72
49 74
49 76
49 78
49 82
49 83
49 84
49 86
50 1
50 4
50 5
50 6
50 7
50 11
50 14
50 20
50 21
50 22
50 24
50 25
50 26
50 27
50 28
50 29
50 32
50 34
50 35
50 37
50 38
50 41
50 43
50 45
50 47
50 48
50 52
50 53
50 55
50 57
50 58
50 59
50 61
50 63
50 64
50 66
50 67
50 68
50 71
50 72
50 73
50 74
50 75
50 76
50 77
50 78
50 79
50 80
50 83
50 84
50 87
56 1
56 3
56 5
56 6
56 7
56 11
56 14
56 20
56 21
56 22
56 24
56 25
56 26
56 27
56 28
56 29
56 32
56 34
56 35
56 37
56 38
56 41
56 43
56 45
56 47
56 48
56 52
56 53
56 55
56 57
56 58
56 59
56 61
56 63
56 64
56 66
56 68
56 71
56 72
56 73
56 74
56 75
56 76
56 77
56 78
56 79
56 80
56 83
56 84
56 87
56 88
69 3
69 5
69 10
69 11
69 14
69 21
69 22
69 24
69 27
69 28
69 29
69 32
69 33
69 34
69 37
69 39
69 45
69 53
69 54
69 57
69 61
69 62
69 64
69 65
69 68
69 73
69 75
69 77
69 79
69 80
69 81
69 87
69 88
78 3
78 5
78 10
78 11
78 14
78 21
78 22
78 24
78 28
78 29
78 32
78 33
78 34
78 37
78 39
78 45
78 54
78 57
78 61
78 62
78 64
78 65
78 73
78 75
78 77
78 79
78 80
78 81
78 87
78 88
83 1
83 3
83 5
83 6
83 7
83 11
83 14
83 21
83 22
83 24
83 25
83 26
83 27
83 28
83 29
83 32
83 34
83 35
83 37
83 38
83 41
83 43
83 45
83 47
83 48
83 52
83 53
83 55
83 57
83 58
83 59
83 61
83 64
83 66
83 68
83 71
83 72
83 73
83 74
83 75
83 76
83 77
83 78
83 79
83 80
83 84
83 87
83 88
