88
1 27
1 7
1 11
1 49
1 18
1 19
1 21
1 56
1 88
1 59
1 61
1 30
1 85
2 27
2 7
2 11
2 49
2 18
2 19
2 21
2 22
2 56
2 88
2 59
2 61
2 30
2 85
3 27
3 7
3 11
3 49
3 18
3 19
3 21
3 22
3 56
3 88
3 59
3 61
3 30
3 85
5 27
5 7
5 11
5 49
5 19
5 21
5 22
5 56
5 88
5 59
5 61
5 30
5 85
6 27
6 37
6 11
6 15
6 19
6 21
6 22
6 88
6 79
6 61
6 30
7 27
7 11
7 49
7 18
7 19
7 21
7 56
7 88
7 59
7 61
7 30
7 85
9 27
9 7
9 11
9 79
9 49
9 19
9 21
9 22
9 56
9 88
9 59
9 61
9 30
9 85
10 27
10 7
10 11
10 79
10 49
10 19
10 21
10 22
10 56
10 88
10 59
10 61
10 30
10 85
11 27
11 7
11 49
11 19
11 21
11 22
11 56
11 88
11 59
11 61
11 30
11 85
12 4
12 37
12 11
12 15
12 22
12 79
12 30
13 4
13 15
13 60
13 37
13 79
14 27
14 7
14 11
14 49
14 18
14 19
14 21
14 22
14 56
14 88
14 59
14 61
14 30
14 85
16 4
16 37
16 79
16 22
16 15
16 60
17 59
17 37
17 11
17 15
17 27
17 56
17 19
17 21
17 22
17 88
17 79
17 61
17 30
19 27
19 7
19 11
19 49
19 18
19 21
19 56
19 88
19 59
19 61
19 30
19 85
20 4
20 15
20 60
20 37
20 79
21 27
21 7
21 11
21 49
21 18
21 19
21 85
21 22
21 56
21 88
21 59
21 61
21 30
22 27
22 7
22 11
22 79
22 49
22 19
22 21
22 56
22 88
22 59
22 61
22 30
22 85
23 4
23 15
23 60
23 37
23 79
24 27
24 7
24 11
24 49
24 19
24 21
24 22
24 56
24 88
24 59
24 61
24 30
24 85
25 37
25 11
25 15
25 22
25 79
25 61
25 30
26 37
26 11
26 15
26 22
26 79
26 61
26 30
27 7
27 11
27 49
27 18
27 19
27 21
27 56
27 88
27 59
27 61
27 30
27 85
28 27
28 7
28 11
28 49
28 18
28 19
28 21
28 22
28 56
28 88
28 59
28 61
28 30
28 85
29 59
29 37
29 11
29 15
29 27
29 49
29 19
29 21
29 22
29 56
29 88
29 79
29 61
29 30
30 59
30 7
30 11
30 49
30 18
30 19
30 21
30 56
30 88
30 27
30 61
30 85
31 27
31 7
31 11
31 79
31 49
31 19
31 21
31 22
31 56
31 88
31 59
31 61
31 30
31 85
32 27
32 7
32 11
32 49
32 19
32 21
32 22
32 56
32 88
32 59
32 61
32 30
32 85
33 59
33 37
33 7
33 11
33 15
33 27
33 49
33 19
33 21
33 22
33 56
33 88
33 79
33 61
33 30
33 85
34 27
34 37
34 11
34 15
34 19
34 21
34 22
34 88
34 79
34 61
34 30
35 59
35 37
35 7
35 11
35 15
35 27
35 49
35 19
35 21
35 22
35 56
35 88
35 79
35 61
35 30
35 85
36 37
36 79
36 11
36 15
36 22
36 27
36 61
36 30
37 27
37 7
37 11
37 49
37 18
37 19
37 21
37 22
37 56
37 88
37 59
37 61
37 30
37 85
38 4
38 37
38 15
38 22
38 79
38 60
38 30
39 59
39 37
39 7
39 11
39 15
39 27
39 49
39 19
39 21
39 22
39 56
39 88
39 79
39 61
39 30
39 85
40 4
40 37
40 15
40 22
40 79
40 60
40 30
41 4
41 37
41 79
41 22
41 15
41 60
42 27
42 7
42 11
42 49
42 19
42 21
42 22
42 56
42 88
42 59
42 61
42 30
42 85
43 59
43 37
43 7
43 11
43 15
43 27
43 49
43 19
43 21
43 22
43 56
43 88
43 79
43 61
43 30
43 85
44 59
44 37
44 7
44 11
44 15
44 27
44 49
44 19
44 21
44 22
44 56
44 88
44 79
44 61
44 30
44 85
45 4
45 15
45 60
45 37
45 79
46 27
46 37
46 11
46 15
46 19
46 21
46 22
46 79
46 61
46 30
47 59
47 37
47 7
47 11
47 15
47 27
47 49
47 19
47 21
47 22
47 56
47 88
47 79
47 61
47 30
47 85
48 27
48 7
48 11
48 79
48 49
48 19
48 21
48 22
48 56
48 88
48 59
48 61
48 30
48 85
50 59
50 37
50 7
50 11
50 15
50 27
50 49
50 19
50 21
50 22
50 56
50 88
50 79
50 61
50 30
50 85
51 4
51 37
51 15
51 22
51 79
51 60
51 30
52 27
52 37
52 11
52 15
52 19
52 21
52 22
52 79
52 61
52 30
53 37
53 11
53 15
53 22
53 79
53 61
53 30
54 37
54 11
54 15
54 22
54 79
54 61
54 30
55 4
55 15
55 60
55 37
55 79
56 27
56 7
56 11
56 49
56 18
56 19
56 21
56 88
56 59
56 61
56 30
56 85
57 59
57 37
57 7
57 11
57 15
57 27
57 49
57 19
57 21
57 22
57 56
57 88
57 79
57 61
57 30
57 85
58 27
58 37
58 79
58 11
58 15
58 19
58 21
58 22
58 88
58 59
58 61
58 30
62 37
62 11
62 15
62 22
62 79
62 61
62 30
63 59
63 37
63 7
63 11
63 15
63 27
63 49
63 19
63 21
63 22
63 56
63 88
63 79
63 61
63 30
63 85
64 27
64 7
64 11
64 49
64 19
64 21
64 22
64 56
64 88
64 59
64 61
64 30
64 85
65 27
65 7
65 11
65 49
65 19
65 21
65 22
65 56
65 88
65 59
65 61
65 30
65 85
66 37
66 79
66 11
66 15
66 22
66 27
66 61
66 30
67 27
67 7
67 11
67 49
67 19
67 21
67 22
67 56
67 88
67 59
67 61
67 30
67 85
68 4
68 37
68 79
68 22
68 15
68 60
69 37
69 11
69 15
69 22
69 79
69 61
69 30
70 27
70 37
70 11
70 15
70 19
70 21
70 22
70 88
70 79
70 61
70 30
71 4
71 15
71 60
71 37
71 79
72 4
72 37
72 15
72 22
72 79
72 60
72 30
73 27
73 37
73 79
73 11
73 15
73 19
73 21
73 22
73 88
73 59
73 61
73 30
74 37
74 79
74 11
74 15
74 22
74 27
74 61
74 30
75 59
75 37
75 11
75 15
75 27
75 49
75 19
75 21
75 22
75 56
75 88
75 79
75 61
75 30
75 85
76 4
76 15
76 60
76 37
76 79
77 27
77 7
77 11
77 49
77 18
77 19
77 21
77 22
77 56
77 88
77 59
77 61
77 30
77 85
78 59
78 37
78 7
78 11
78 15
78 27
78 49
78 19
78 21
78 22
78 56
78 88
78 79
78 61
78 30
78 85
79 27
79 7
79 11
79 49
79 18
79 19
79 21
79 56
79 88
79 59
79 61
79 30
79 85
80 4
80 15
80 60
80 37
80 79
81 4
81 37
81 15
81 22
81 79
81 60
81 30
82 27
82 7
82 11
82 49
82 18
82 19
82 21
82 22
82 56
82 88
82 59
82 61
82 30
82 85
83 27
83 7
83 11
83 79
83 49
83 19
83 21
83 22
83 56
83 88
83 59
83 61
83 30
83 85
84 27
84 37
84 11
84 15
84 19
84 21
84 22
84 88
84 79
84 61
84 30
85 27
85 7
85 11
85 49
85 18
85 19
85 21
85 22
85 56
85 88
85 59
85 61
85 30
87 59
87 37
87 7
87 11
87 15
87 27
87 49
87 19
87 21
87 22
87 56
87 88
87 79
87 61
87 30
87 85
88 27
88 7
88 11
88 49
88 18
88 19
88 21
88 56
88 59
88 61
88 30
88 85
