88
1 14
1 18
1 21
1 24
1 29
1 31
1 33
1 35
1 36
1 37
1 39
1 43
1 45
1 47
1 49
1 55
1 64
1 67
1 69
1 72
1 83
1 84
2 1
2 10
2 3
2 62
2 30
5 1
5 3
5 36
5 37
5 10
5 11
5 45
5 14
5 47
5 49
5 18
5 30
5 84
5 21
5 43
5 55
5 31
5 62
5 69
6 1
6 3
6 36
6 37
6 33
6 10
6 11
6 45
6 14
6 47
6 49
6 18
6 35
6 84
6 21
6 43
6 55
6 31
6 62
6 69
8 1
8 3
8 10
8 11
8 18
8 30
8 62
9 1
9 3
9 36
9 37
9 10
9 11
9 45
9 49
9 18
9 30
9 84
9 21
9 43
9 55
9 62
9 69
10 14
10 21
10 24
10 27
10 29
10 31
10 33
10 35
10 36
10 37
10 39
10 43
10 45
10 47
10 49
10 55
10 63
10 64
10 67
10 69
10 72
10 79
10 83
10 84
12 1
12 3
12 10
12 11
12 14
12 18
12 21
12 31
12 33
12 35
12 36
12 37
12 39
12 43
12 45
12 47
12 49
12 55
12 62
12 67
12 69
12 72
12 84
13 1
13 3
13 10
13 11
13 30
13 62
16 15
17 3
17 10
17 11
17 14
17 18
17 21
17 24
17 31
17 33
17 35
17 36
17 37
17 39
17 43
17 45
17 47
17 49
17 55
17 62
17 67
17 69
17 72
17 84
18 14
18 21
18 24
18 27
18 29
18 31
18 33
18 35
18 36
18 37
18 39
18 43
18 45
18 47
18 49
18 55
18 63
18 64
18 67
18 69
18 72
18 79
18 83
18 84
20 64
20 33
20 83
20 67
20 36
20 69
20 39
20 72
20 31
20 79
20 45
20 14
20 47
20 35
20 24
20 27
20 29
20 63
23 64
23 33
23 83
23 67
23 36
23 69
23 39
23 72
23 31
23 79
23 45
23 14
23 47
23 35
23 24
23 27
23 29
23 63
24 64
24 33
24 83
24 67
24 39
24 72
24 79
24 35
24 27
24 29
24 63
25 1
25 3
25 37
25 10
25 11
25 49
25 18
25 30
25 84
25 21
25 43
25 55
25 62
28 64
28 33
28 83
28 67
28 39
28 72
28 31
28 14
28 79
28 27
28 35
28 24
28 47
28 29
28 63
31 14
31 21
31 24
31 27
31 29
31 33
31 35
31 36
31 37
31 39
31 43
31 45
31 47
31 49
31 55
31 63
31 64
31 67
31 69
31 72
31 79
31 83
31 84
32 1
32 10
32 3
32 62
32 30
33 64
33 83
33 67
33 69
33 39
33 72
33 31
33 14
33 79
33 27
33 35
33 24
33 47
33 29
33 63
34 1
34 30
36 64
36 33
36 35
36 37
36 39
36 72
36 11
36 45
36 14
36 47
36 49
36 18
36 67
36 84
36 21
36 43
36 55
36 24
36 31
36 69
37 14
37 21
37 24
37 27
37 29
37 31
37 33
37 35
37 36
37 39
37 43
37 45
37 47
37 49
37 55
37 63
37 64
37 67
37 69
37 72
37 79
37 83
37 84
38 14
38 21
38 24
38 27
38 29
38 31
38 33
38 35
38 36
38 39
38 43
38 45
38 47
38 49
38 63
38 64
38 67
38 69
38 72
38 79
38 83
38 84
39 64
39 33
39 83
39 67
39 36
39 69
39 72
39 31
39 79
39 45
39 14
39 47
39 35
39 21
39 24
39 27
39 29
39 63
40 1
40 3
40 10
40 11
40 30
40 62
42 10
42 11
42 14
42 18
42 21
42 24
42 31
42 33
42 35
42 36
42 37
42 39
42 43
42 45
42 47
42 49
42 55
42 62
42 67
42 69
42 72
42 84
44 11
44 14
44 18
44 21
44 24
44 29
44 31
44 33
44 35
44 36
44 37
44 39
44 43
44 45
44 47
44 49
44 55
44 64
44 67
44 69
44 72
44 83
44 84
46 14
46 21
46 24
46 27
46 29
46 31
46 33
46 35
46 36
46 37
46 39
46 43
46 45
46 47
46 49
46 55
46 63
46 64
46 67
46 69
46 72
46 79
46 83
46 84
48 1
48 3
48 37
48 10
48 11
48 49
48 18
48 30
48 84
48 21
48 43
48 55
48 62
50 7
50 15
51 33
51 35
51 36
51 37
51 39
51 72
51 11
51 45
51 14
51 47
51 49
51 18
51 67
51 84
51 21
51 43
51 55
51 24
51 31
51 69
52 14
52 18
52 21
52 24
52 27
52 29
52 31
52 33
52 35
52 36
52 37
52 39
52 43
52 45
52 47
52 49
52 55
52 63
52 64
52 67
52 69
52 72
52 83
52 84
54 7
54 15
56 1
56 3
56 37
56 10
56 11
56 18
56 30
56 62
58 15
59 1
59 30
60 14
60 21
60 24
60 27
60 29
60 31
60 33
60 35
60 36
60 37
60 39
60 43
60 45
60 47
60 49
60 55
60 63
60 64
60 67
60 69
60 72
60 79
60 83
60 84
62 1
62 67
62 3
62 36
62 37
62 33
62 72
62 10
62 11
62 45
62 14
62 47
62 49
62 18
62 35
62 84
62 21
62 43
62 55
62 31
62 69
65 14
65 21
65 24
65 27
65 29
65 31
65 33
65 35
65 36
65 39
65 43
65 45
65 47
65 49
65 55
65 63
65 64
65 67
65 69
65 72
65 79
65 83
65 84
66 3
66 10
66 11
66 14
66 18
66 21
66 24
66 31
66 33
66 35
66 36
66 37
66 39
66 43
66 45
66 47
66 49
66 55
66 62
66 67
66 69
66 72
66 84
67 64
67 33
67 35
67 36
67 69
67 39
67 72
67 31
67 79
67 45
67 14
67 47
67 83
67 21
67 24
67 27
67 29
67 63
68 64
68 33
68 35
68 36
68 37
68 39
68 72
68 11
68 45
68 14
68 47
68 49
68 18
68 67
68 84
68 21
68 43
68 55
68 24
68 31
68 69
70 14
70 21
70 24
70 27
70 29
70 31
70 33
70 35
70 36
70 37
70 39
70 43
70 45
70 47
70 49
70 55
70 63
70 64
70 67
70 69
70 72
70 79
70 83
70 84
72 64
72 33
72 83
72 67
72 36
72 69
72 39
72 31
72 79
72 45
72 14
72 47
72 35
72 24
72 27
72 29
72 63
73 33
73 35
73 36
73 37
73 39
73 72
73 11
73 45
73 14
73 47
73 49
73 18
73 67
73 84
73 21
73 43
73 55
73 24
73 31
73 69
74 14
74 21
74 24
74 27
74 29
74 31
74 33
74 35
74 36
74 37
74 39
74 43
74 45
74 47
74 49
74 55
74 63
74 64
74 67
74 69
74 72
74 79
74 83
74 84
75 33
75 35
75 36
75 37
75 39
75 72
75 11
75 45
75 14
75 47
75 49
75 18
75 67
75 84
75 21
75 43
75 55
75 24
75 31
75 69
76 1
76 3
76 37
76 10
76 11
76 49
76 18
76 84
76 30
76 43
76 55
76 62
78 1
78 3
78 36
78 37
78 10
78 11
78 45
78 14
78 47
78 49
78 18
78 30
78 84
78 21
78 43
78 55
78 31
78 62
78 69
80 15
81 7
84 64
84 33
84 83
84 67
84 36
84 69
84 39
84 72
84 31
84 79
84 45
84 14
84 47
84 35
84 24
84 27
84 29
84 63
85 3
85 10
85 11
85 14
85 18
85 21
85 24
85 31
85 33
85 35
85 36
85 37
85 39
85 43
85 45
85 47
85 49
85 55
85 62
85 67
85 69
85 72
85 84
86 15
87 64
87 33
87 83
87 67
87 36
87 69
87 39
87 72
87 31
87 79
87 45
87 14
87 47
87 35
87 24
87 27
87 29
87 63
88 1
88 3
88 37
88 10
88 11
88 49
88 18
88 84
88 30
88 43
88 55
88 62
