88
3 8
3 10
3 12
3 13
3 15
3 26
3 27
3 28
3 29
3 30
3 33
3 34
3 37
3 38
3 39
3 40
3 43
3 44
3 47
3 48
3 49
3 50
3 51
3 52
3 55
3 58
3 62
3 63
3 64
3 66
3 67
3 68
3 71
3 76
3 78
3 79
3 80
3 81
3 82
3 86
11 1
11 2
11 7
11 10
11 12
11 13
11 15
11 18
11 23
11 26
11 27
11 28
11 29
11 30
11 31
11 32
11 33
11 34
11 35
11 37
11 38
11 39
11 40
11 43
11 44
11 45
11 46
11 47
11 48
11 49
11 50
11 51
11 52
11 55
11 57
11 58
11 61
11 62
11 63
11 64
11 65
11 66
11 67
11 68
11 69
11 71
11 72
11 75
11 76
11 77
11 78
11 79
11 80
11 81
11 82
11 88
14 1
14 2
14 5
14 7
14 9
14 12
14 13
14 15
14 17
14 18
14 22
14 23
14 24
14 29
14 30
14 31
14 32
14 33
14 34
14 35
14 41
14 42
14 45
14 46
14 47
14 48
14 49
14 50
14 54
14 55
14 57
14 60
14 61
14 63
14 65
14 67
14 69
14 71
14 72
14 74
14 75
14 77
14 78
14 79
14 81
14 82
14 88
19 2
19 7
19 8
19 10
19 12
19 13
19 15
19 18
19 26
19 27
19 28
19 29
19 30
19 33
19 34
19 35
19 37
19 38
19 39
19 40
19 43
19 44
19 47
19 48
19 49
19 50
19 51
19 52
19 55
19 58
19 61
19 62
19 63
19 64
19 65
19 66
19 67
19 68
19 71
19 76
19 77
19 78
19 79
19 80
19 81
19 82
19 86
19 88
20 1
20 2
20 5
20 7
20 9
20 12
20 13
20 17
20 18
20 22
20 23
20 24
20 29
20 30
20 31
20 32
20 34
20 35
20 41
20 42
20 45
20 46
20 47
20 48
20 49
20 50
20 54
20 55
20 57
20 60
20 61
20 63
20 65
20 67
20 69
20 71
20 72
20 74
20 75
20 77
20 79
20 82
20 88
25 1
25 2
25 5
25 7
25 9
25 10
25 12
25 13
25 15
25 17
25 18
25 22
25 23
25 24
25 29
25 30
25 31
25 32
25 33
25 34
25 35
25 41
25 42
25 45
25 46
25 47
25 48
25 49
25 50
25 54
25 55
25 57
25 60
25 61
25 63
25 65
25 66
25 67
25 69
25 71
25 72
25 74
25 75
25 77
25 78
25 79
25 81
25 82
25 88
30 1
30 2
30 5
30 7
30 9
30 10
30 12
30 13
30 15
30 17
30 18
30 22
30 23
30 24
30 29
30 31
30 32
30 33
30 34
30 35
30 41
30 42
30 45
30 46
30 47
30 48
30 49
30 50
30 54
30 55
30 57
30 58
30 60
30 61
30 62
30 63
30 64
30 65
30 66
30 67
30 69
30 71
30 72
30 74
30 75
30 76
30 77
30 78
30 79
30 81
30 82
30 88
36 1
36 2
36 5
36 7
36 9
36 10
36 12
36 13
36 15
36 17
36 18
36 22
36 23
36 24
36 29
36 30
36 31
36 32
36 33
36 34
36 35
36 41
36 42
36 45
36 46
36 47
36 48
36 49
36 50
36 54
36 55
36 57
36 58
36 60
36 61
36 63
36 65
36 66
36 67
36 69
36 71
36 72
36 74
36 75
36 76
36 77
36 78
36 79
36 81
36 82
36 88
51 1
51 2
51 5
51 7
51 9
51 10
51 12
51 13
51 15
51 17
51 18
51 22
51 23
51 24
51 28
51 29
51 30
51 31
51 32
51 33
51 34
51 35
51 37
51 38
51 41
51 42
51 45
51 46
51 47
51 48
51 49
51 50
51 54
51 55
51 57
51 58
51 60
51 61
51 62
51 63
51 64
51 65
51 66
51 67
51 69
51 71
51 72
51 74
51 75
51 76
51 77
51 78
51 79
51 80
51 81
51 82
51 88
53 1
53 2
53 5
53 7
53 9
53 10
53 12
53 13
53 15
53 17
53 18
53 22
53 23
53 24
53 28
53 29
53 30
53 31
53 32
53 33
53 34
53 35
53 37
53 38
53 41
53 42
53 45
53 46
53 47
53 48
53 49
53 50
53 51
53 54
53 55
53 57
53 58
53 60
53 61
53 62
53 63
53 64
53 65
53 66
53 67
53 69
53 71
53 72
53 74
53 75
53 76
53 77
53 78
53 79
53 80
53 81
53 82
53 88
59 8
59 10
59 12
59 13
59 15
59 26
59 27
59 28
59 29
59 30
59 33
59 34
59 37
59 38
59 39
59 40
59 43
59 44
59 47
59 48
59 49
59 50
59 51
59 52
59 55
59 58
59 62
59 63
59 64
59 66
59 67
59 68
59 71
59 76
59 78
59 79
59 80
59 81
59 82
59 86
65 1
65 2
65 5
65 7
65 9
65 12
65 13
65 17
65 18
65 22
65 23
65 24
65 29
65 30
65 31
65 32
65 33
65 34
65 35
65 41
65 42
65 45
65 46
65 47
65 48
65 49
65 50
65 54
65 55
65 57
65 60
65 61
65 63
65 67
65 69
65 71
65 72
65 74
65 75
65 77
65 78
65 79
65 81
65 82
65 88
73 1
73 2
73 5
73 7
73 9
73 10
73 12
73 13
73 15
73 17
73 18
73 22
73 23
73 24
73 29
73 30
73 31
73 32
73 33
73 34
73 35
73 41
73 42
73 45
73 46
73 47
73 48
73 49
73 50
73 54
73 55
73 57
73 60
73 61
73 63
73 65
73 66
73 67
73 69
73 71
73 72
73 74
73 75
73 77
73 78
73 79
73 81
73 82
73 88
81 1
81 2
81 5
81 7
81 9
81 10
81 12
81 13
81 15
81 17
81 18
81 22
81 23
81 24
81 29
81 30
81 31
81 32
81 33
81 34
81 35
81 41
81 42
81 45
81 46
81 47
81 48
81 49
81 50
81 54
81 55
81 57
81 60
81 61
81 63
81 65
81 66
81 67
81 69
81 71
81 72
81 74
81 75
81 76
81 77
81 78
81 79
81 82
81 88
83 1
83 2
83 5
83 7
83 9
83 12
83 13
83 15
83 17
83 18
83 22
83 23
83 24
83 29
83 30
83 31
83 32
83 33
83 34
83 35
83 41
83 42
83 45
83 46
83 47
83 48
83 49
83 50
83 54
83 55
83 57
83 60
83 61
83 63
83 65
83 67
83 69
83 71
83 72
83 74
83 75
83 77
83 78
83 79
83 81
83 82
83 88
84 1
84 2
84 5
84 7
84 9
84 10
84 12
84 13
84 15
84 17
84 18
84 22
84 23
84 24
84 29
84 30
84 31
84 32
84 33
84 34
84 35
84 41
84 42
84 45
84 46
84 47
84 48
84 49
84 50
84 54
84 55
84 57
84 60
84 61
84 63
84 65
84 66
84 67
84 69
84 71
84 72
84 74
84 75
84 77
84 78
84 79
84 81
84 82
84 88
85 2
85 8
85 10
85 12
85 13
85 15
85 26
85 27
85 28
85 29
85 30
85 33
85 34
85 35
85 37
85 38
85 39
85 40
85 43
85 44
85 47
85 48
85 49
85 50
85 51
85 52
85 55
85 58
85 62
85 63
85 64
85 66
85 67
85 68
85 71
85 76
85 77
85 78
85 79
85 80
85 81
85 82
85 86
85 88
87 1
87 2
87 5
87 7
87 9
87 10
87 12
87 13
87 15
87 17
87 18
87 22
87 23
87 24
87 28
87 29
87 30
87 31
87 32
87 33
87 34
87 35
87 38
87 41
87 42
87 45
87 46
87 47
87 48
87 49
87 50
87 51
87 54
87 55
87 57
87 58
87 60
87 61
87 62
87 63
87 64
87 65
87 66
87 67
87 69
87 71
87 72
87 74
87 75
87 76
87 77
87 78
87 79
87 81
87 82
87 88
