88
2 4
2 38
2 72
2 41
2 74
2 13
2 16
2 81
2 25
2 55
2 56
2 57
2 59
2 28
2 63
4 1
4 3
4 11
4 14
4 15
4 18
4 34
4 39
4 40
4 43
4 46
4 47
4 49
4 64
4 66
4 67
4 69
4 70
4 76
4 78
4 79
4 88
5 4
5 11
5 12
5 13
5 16
5 19
5 21
5 22
5 25
5 26
5 30
5 42
5 43
5 44
5 45
5 48
5 54
5 55
5 56
5 58
5 59
5 65
5 71
5 73
5 74
5 81
6 38
6 72
6 41
6 16
6 57
6 25
6 28
6 63
8 1
8 11
8 12
8 14
8 15
8 18
8 34
8 39
8 40
8 43
8 44
8 46
8 47
8 49
8 64
8 66
8 67
8 69
8 70
8 76
8 78
8 79
8 88
9 1
9 11
9 12
9 14
9 15
9 18
9 26
9 30
9 34
9 40
9 42
9 43
9 44
9 45
9 46
9 48
9 54
9 58
9 64
9 65
9 66
9 67
9 69
9 70
9 73
9 78
10 32
10 34
10 3
10 36
10 39
10 76
10 78
10 47
10 49
10 20
10 88
10 79
11 64
11 1
11 34
11 67
11 69
11 70
11 39
11 40
11 47
11 43
11 76
11 66
11 14
11 79
11 49
11 18
11 46
11 88
11 15
11 78
13 32
13 34
13 3
13 36
13 39
13 76
13 78
13 47
13 49
13 18
13 20
13 88
13 79
17 1
17 4
17 5
17 11
17 12
17 14
17 15
17 19
17 21
17 22
17 26
17 30
17 40
17 42
17 43
17 44
17 45
17 46
17 48
17 54
17 55
17 56
17 58
17 59
17 64
17 65
17 66
17 67
17 69
17 70
17 71
17 73
17 81
23 1
23 11
23 12
23 14
23 15
23 18
23 26
23 30
23 34
23 40
23 42
23 43
23 44
23 45
23 46
23 48
23 54
23 58
23 64
23 65
23 66
23 67
23 69
23 70
23 73
23 76
23 78
24 1
24 4
24 5
24 11
24 12
24 13
24 15
24 19
24 21
24 22
24 26
24 30
24 40
24 42
24 43
24 44
24 45
24 46
24 48
24 54
24 55
24 56
24 58
24 59
24 64
24 65
24 66
24 69
24 70
24 71
24 73
24 74
24 81
25 32
25 34
25 3
25 36
25 39
25 76
25 78
25 47
25 49
25 18
25 88
25 79
27 4
27 5
27 11
27 12
27 13
27 19
27 21
27 22
27 25
27 26
27 30
27 42
27 43
27 44
27 45
27 48
27 54
27 55
27 56
27 58
27 59
27 65
27 70
27 71
27 73
27 74
27 81
29 4
29 5
29 13
29 16
29 19
29 21
29 22
29 25
29 26
29 30
29 42
29 45
29 48
29 54
29 55
29 56
29 58
29 59
29 65
29 71
29 73
29 74
29 81
31 1
31 11
31 12
31 14
31 15
31 18
31 19
31 26
31 30
31 34
31 40
31 42
31 43
31 44
31 45
31 46
31 48
31 54
31 58
31 64
31 65
31 66
31 67
31 69
31 70
31 73
31 78
33 1
33 4
33 5
33 11
33 12
33 13
33 15
33 19
33 21
33 22
33 26
33 30
33 40
33 42
33 43
33 44
33 45
33 46
33 48
33 54
33 55
33 56
33 58
33 59
33 64
33 65
33 66
33 69
33 70
33 71
33 73
33 74
33 81
35 1
35 11
35 12
35 14
35 15
35 18
35 34
35 40
35 43
35 44
35 45
35 46
35 47
35 48
35 58
35 64
35 65
35 66
35 67
35 69
35 70
35 76
35 78
37 1
37 11
37 12
37 14
37 15
37 18
37 26
37 30
37 34
37 40
37 42
37 43
37 44
37 45
37 46
37 48
37 54
37 58
37 64
37 65
37 66
37 67
37 69
37 70
37 73
37 78
39 32
39 34
39 3
39 36
39 76
39 78
39 47
39 49
39 20
39 88
39 79
47 32
47 34
47 3
47 36
47 39
47 76
47 78
47 79
47 49
47 18
47 88
49 32
49 34
49 3
49 36
49 39
49 76
49 78
49 47
49 20
49 88
49 79
51 1
51 11
51 12
51 14
51 15
51 18
51 19
51 26
51 30
51 34
51 40
51 42
51 43
51 44
51 45
51 46
51 48
51 54
51 58
51 64
51 65
51 66
51 67
51 69
51 70
51 73
51 78
52 1
52 11
52 12
52 14
52 15
52 18
52 30
52 34
52 40
52 42
52 43
52 44
52 45
52 46
52 47
52 48
52 58
52 64
52 65
52 66
52 67
52 69
52 70
52 73
52 76
52 78
53 1
53 11
53 12
53 14
53 15
53 18
53 19
53 21
53 26
53 30
53 40
53 42
53 43
53 44
53 45
53 46
53 48
53 54
53 58
53 64
53 65
53 66
53 67
53 69
53 70
53 73
60 1
60 11
60 12
60 14
60 15
60 18
60 19
60 21
60 26
60 30
60 40
60 42
60 43
60 44
60 45
60 46
60 48
60 54
60 58
60 64
60 65
60 66
60 67
60 69
60 70
60 73
61 1
61 11
61 12
61 14
61 15
61 18
61 34
61 39
61 40
61 43
61 44
61 46
61 47
61 49
61 64
61 66
61 67
61 69
61 70
61 76
61 78
61 79
61 88
62 32
62 34
62 3
62 36
62 39
62 76
62 78
62 47
62 49
62 18
62 88
62 79
64 1
64 11
64 12
64 14
64 15
64 18
64 34
64 39
64 40
64 43
64 44
64 46
64 47
64 49
64 66
64 67
64 69
64 70
64 76
64 78
64 79
64 88
65 32
65 34
65 3
65 36
65 39
65 76
65 78
65 47
65 49
65 18
65 88
65 79
66 64
66 1
66 34
66 67
66 69
66 70
66 39
66 40
66 47
66 11
66 76
66 14
66 79
66 49
66 18
66 46
66 43
66 88
66 15
66 78
67 64
67 34
67 3
67 69
67 39
67 40
67 47
67 46
67 76
67 78
67 79
67 49
67 18
67 14
67 88
67 15
68 1
68 11
68 12
68 14
68 15
68 18
68 34
68 39
68 40
68 43
68 44
68 46
68 47
68 49
68 64
68 66
68 67
68 69
68 70
68 76
68 78
68 79
68 88
75 1
75 11
75 12
75 14
75 15
75 18
75 34
75 40
75 43
75 44
75 45
75 46
75 47
75 48
75 58
75 64
75 65
75 66
75 67
75 69
75 70
75 73
75 76
75 78
76 64
76 34
76 67
76 36
76 69
76 39
76 40
76 78
76 14
76 79
76 49
76 18
76 3
76 46
76 88
76 47
77 64
77 1
77 34
77 67
77 69
77 70
77 39
77 40
77 47
77 46
77 76
77 66
77 78
77 79
77 49
77 18
77 3
77 14
77 88
77 15
80 64
80 34
80 67
80 36
80 69
80 39
80 40
80 76
80 14
80 47
80 49
80 18
80 3
80 78
80 88
80 79
83 1
83 5
83 11
83 12
83 14
83 15
83 18
83 19
83 21
83 26
83 30
83 40
83 42
83 43
83 44
83 45
83 46
83 48
83 54
83 58
83 64
83 65
83 66
83 67
83 69
83 70
83 73
84 1
84 11
84 12
84 14
84 15
84 18
84 19
84 26
84 30
84 34
84 40
84 42
84 43
84 44
84 45
84 46
84 48
84 54
84 58
84 64
84 65
84 66
84 67
84 69
84 70
84 73
84 78
85 1
85 11
85 12
85 14
85 15
85 18
85 34
85 39
85 40
85 43
85 44
85 46
85 47
85 49
85 64
85 65
85 66
85 67
85 69
85 70
85 76
85 78
85 79
85 88
87 1
87 4
87 5
87 11
87 12
87 14
87 15
87 18
87 19
87 21
87 22
87 26
87 30
87 40
87 42
87 43
87 44
87 45
87 46
87 48
87 54
87 56
87 58
87 64
87 65
87 66
87 67
87 69
87 70
87 71
87 73
