88
1 32
1 65
1 35
1 8
1 42
1 45
1 46
1 85
1 22
1 87
1 24
1 57
1 58
1 29
2 1
2 34
2 68
2 37
2 6
2 65
2 42
2 43
2 76
2 77
2 52
2 57
2 36
2 31
4 67
4 36
4 38
4 28
4 43
4 44
4 14
4 47
4 21
4 55
4 68
4 60
4 61
4 31
6 72
6 56
6 30
7 23
7 25
7 3
7 84
7 71
8 1
8 34
8 68
8 37
8 6
8 43
8 76
8 77
8 14
8 52
8 4
8 31
8 28
8 36
9 82
9 54
10 1
10 34
10 68
10 37
10 6
10 65
10 8
10 42
10 43
10 76
10 77
10 52
10 57
10 36
14 1
14 34
14 68
14 6
14 43
14 76
14 77
14 52
14 4
14 31
14 28
14 36
17 1
17 34
17 68
17 37
17 6
17 43
17 76
17 77
17 52
17 36
17 28
17 31
19 64
19 80
19 2
19 41
19 74
19 66
19 48
19 50
19 58
19 62
19 63
21 26
21 78
22 64
22 32
22 35
22 41
22 45
22 46
22 85
22 87
22 24
22 58
22 29
22 63
23 32
23 65
23 35
23 8
23 42
23 45
23 46
23 85
23 22
23 87
23 24
23 57
23 58
23 29
24 1
24 34
24 68
24 37
24 6
24 43
24 76
24 77
24 52
24 36
24 28
24 31
25 32
25 1
25 34
25 35
25 37
25 6
25 65
25 8
25 42
25 76
25 77
25 46
25 52
25 85
25 87
25 57
25 29
26 32
26 65
26 35
26 8
26 42
26 45
26 46
26 85
26 22
26 87
26 24
26 57
26 58
26 29
27 67
27 4
27 38
27 28
27 43
27 44
27 14
27 47
27 75
27 21
27 55
27 68
27 60
27 61
27 31
28 32
28 65
28 35
28 37
28 8
28 42
28 45
28 46
28 85
28 22
28 87
28 24
28 57
28 29
29 1
29 34
29 68
29 37
29 6
29 43
29 76
29 77
29 52
29 36
29 28
29 31
30 64
30 80
30 2
30 41
30 74
30 66
30 48
30 50
30 24
30 58
30 62
30 63
31 32
31 1
31 35
31 37
31 6
31 65
31 8
31 42
31 76
31 77
31 46
31 52
31 85
31 22
31 87
31 57
31 29
32 64
32 80
32 2
32 41
32 74
32 66
32 48
32 24
32 58
32 63
33 25
33 3
33 84
33 71
34 72
34 25
34 56
34 71
35 32
35 1
35 34
35 36
35 37
35 6
35 65
35 8
35 42
35 76
35 77
35 46
35 52
35 85
35 87
35 57
35 29
36 64
36 2
36 41
36 66
36 45
36 22
36 24
36 58
36 63
38 3
38 73
38 81
38 84
38 23
38 25
39 64
39 32
39 35
39 8
39 41
39 45
39 46
39 85
39 22
39 87
39 24
39 58
39 29
39 63
40 80
40 3
40 69
40 49
40 73
40 74
40 48
40 81
40 50
40 84
40 53
40 23
40 62
41 32
41 65
41 35
41 37
41 8
41 42
41 76
41 45
41 46
41 52
41 85
41 22
41 87
41 57
41 29
42 64
42 32
42 35
42 8
42 45
42 46
42 85
42 22
42 87
42 24
42 57
42 58
42 29
44 32
44 65
44 35
44 37
44 8
44 42
44 45
44 46
44 85
44 22
44 87
44 24
44 57
44 29
45 64
45 35
45 41
45 46
45 85
45 22
45 87
45 24
45 58
45 29
45 63
46 64
46 35
46 41
46 45
46 85
46 22
46 87
46 24
46 58
46 29
46 63
47 64
47 80
47 2
47 41
47 74
47 66
47 48
47 50
47 62
47 63
48 32
48 1
48 35
48 37
48 65
48 8
48 42
48 76
48 45
48 46
48 52
48 85
48 22
48 87
48 57
48 29
50 32
50 1
50 34
50 36
50 37
50 6
50 65
50 8
50 42
50 43
50 76
50 77
50 46
50 52
50 85
50 87
50 57
50 29
51 80
51 2
51 69
51 49
51 73
51 74
51 66
51 48
51 81
51 50
51 53
51 23
51 62
52 80
52 2
52 69
52 49
52 73
52 74
52 66
52 48
52 81
52 50
52 53
52 23
52 62
53 72
53 25
53 56
53 30
53 71
54 32
54 65
54 35
54 37
54 8
54 42
54 76
54 45
54 46
54 85
54 22
54 87
54 57
54 29
55 64
55 80
55 2
55 41
55 74
55 66
55 48
55 50
55 62
55 63
56 64
56 2
56 41
56 66
56 45
56 80
56 22
56 24
56 58
56 63
57 80
57 3
57 69
57 49
57 73
57 74
57 48
57 81
57 50
57 84
57 53
57 23
57 62
58 32
58 1
58 34
58 35
58 37
58 6
58 65
58 8
58 42
58 76
58 77
58 46
58 52
58 85
58 87
58 57
58 29
59 64
59 80
59 2
59 41
59 74
59 66
59 48
59 50
59 58
59 62
59 63
61 3
61 69
61 49
61 73
61 81
61 50
61 84
61 53
61 23
61 62
62 3
62 69
62 49
62 73
62 48
62 81
62 50
62 84
62 53
62 23
63 1
63 34
63 68
63 37
63 6
63 43
63 76
63 77
63 14
63 52
63 4
63 31
63 28
63 36
64 3
64 69
64 49
64 73
64 48
64 81
64 50
64 84
64 53
64 23
64 62
65 26
65 78
66 64
66 35
66 41
66 45
66 46
66 85
66 22
66 87
66 24
66 58
66 29
66 63
67 64
67 80
67 2
67 41
67 74
67 66
67 48
67 50
67 53
67 62
67 63
68 64
68 80
68 2
68 41
68 74
68 66
68 48
68 50
68 24
68 58
68 62
68 63
69 32
69 65
69 35
69 37
69 8
69 42
69 45
69 46
69 85
69 22
69 87
69 24
69 57
69 58
69 29
70 1
70 34
70 68
70 37
70 6
70 65
70 8
70 42
70 43
70 76
70 77
70 52
70 57
70 36
71 64
71 32
71 35
71 8
71 41
71 45
71 46
71 85
71 22
71 87
71 24
71 57
71 58
71 29
71 63
72 32
72 1
72 35
72 37
72 6
72 65
72 8
72 42
72 76
72 77
72 46
72 52
72 85
72 22
72 87
72 57
72 29
73 32
73 1
73 35
73 37
73 6
73 65
73 8
73 42
73 76
73 77
73 46
73 52
73 85
73 22
73 87
73 57
73 29
74 64
74 2
74 35
74 41
74 45
74 22
74 24
74 58
74 63
75 64
75 80
75 2
75 41
75 74
75 66
75 48
75 50
75 24
75 58
75 62
75 63
76 64
76 2
76 35
76 41
76 66
76 45
76 22
76 24
76 58
76 63
77 64
77 80
77 2
77 41
77 74
77 66
77 48
77 50
77 24
77 58
77 62
77 63
78 32
78 1
78 35
78 37
78 6
78 65
78 8
78 42
78 76
78 77
78 46
78 52
78 85
78 87
78 57
78 29
79 64
79 80
79 2
79 41
79 74
79 66
79 48
79 24
79 58
79 63
80 66
80 69
80 49
80 73
80 74
80 48
80 81
80 50
80 53
80 23
80 62
81 1
81 34
81 68
81 38
81 6
81 43
81 77
81 14
81 52
81 4
81 31
81 28
81 61
81 36
82 80
82 2
82 69
82 74
82 66
82 48
82 49
82 50
82 53
82 62
83 32
83 1
83 35
83 37
83 6
83 65
83 8
83 42
83 76
83 77
83 46
83 52
83 85
83 87
83 57
83 29
84 72
84 25
84 56
84 30
84 71
85 32
85 65
85 35
85 37
85 8
85 42
85 76
85 45
85 46
85 22
85 87
85 57
85 29
86 32
86 65
86 35
86 37
86 8
86 42
86 76
86 45
86 46
86 85
86 22
86 87
86 57
86 29
87 64
87 2
87 35
87 41
87 66
87 45
87 22
87 24
87 58
87 63
88 64
88 80
88 2
88 41
88 74
88 66
88 48
88 50
88 24
88 58
88 63
