88
1 19
1 25
1 26
1 32
1 33
1 34
1 35
1 36
1 37
1 38
1 41
1 50
1 54
1 55
1 56
1 58
1 61
1 63
1 67
1 71
1 74
1 79
1 85
1 86
2 80
2 35
2 37
2 71
2 31
2 73
2 74
2 61
2 79
2 48
2 85
2 86
2 56
2 25
2 58
2 47
2 26
2 63
3 4
5 65
5 82
5 69
5 70
5 45
9 19
9 25
9 26
9 32
9 33
9 34
9 35
9 36
9 37
9 38
9 41
9 50
9 54
9 55
9 56
9 58
9 61
9 63
9 67
9 71
9 74
9 79
9 85
9 86
10 34
10 43
10 36
10 39
10 40
10 42
10 11
10 66
10 46
10 15
10 16
10 18
10 84
10 57
10 22
10 87
10 88
10 68
10 27
10 29
10 62
11 64
11 66
11 6
11 7
11 8
11 9
11 44
11 14
11 88
11 27
11 62
12 19
12 25
12 26
12 32
12 33
12 35
12 37
12 38
12 41
12 50
12 54
12 55
12 56
12 58
12 61
12 63
12 67
12 71
12 74
12 79
12 85
12 86
13 6
13 7
13 10
13 11
13 15
13 16
13 18
13 27
13 29
13 39
13 40
13 42
13 43
13 44
13 46
13 57
13 62
13 66
13 68
13 84
13 87
13 88
14 64
14 66
14 6
14 39
14 40
14 10
14 7
14 44
14 16
14 88
14 57
14 27
14 62
17 80
17 35
17 37
17 71
17 31
17 73
17 74
17 61
17 79
17 48
17 19
17 85
17 86
17 56
17 25
17 58
17 47
17 26
17 63
24 10
24 11
24 15
24 16
24 18
24 22
24 29
24 32
24 33
24 34
24 36
24 38
24 39
24 40
24 41
24 42
24 43
24 46
24 50
24 54
24 55
24 57
24 66
24 68
24 84
24 87
25 10
25 11
25 15
25 16
25 18
25 22
25 29
25 32
25 33
25 34
25 36
25 38
25 39
25 40
25 41
25 42
25 43
25 46
25 50
25 55
25 57
25 62
25 66
25 68
25 84
25 87
25 88
26 6
26 7
26 10
26 11
26 15
26 16
26 18
26 27
26 29
26 39
26 40
26 42
26 43
26 44
26 46
26 57
26 62
26 66
26 68
26 84
26 87
26 88
27 10
27 11
27 15
27 16
27 18
27 22
27 29
27 32
27 33
27 34
27 36
27 38
27 39
27 40
27 42
27 43
27 46
27 57
27 62
27 66
27 68
27 84
27 87
27 88
28 10
28 11
28 15
28 16
28 18
28 22
28 29
28 32
28 33
28 34
28 36
28 38
28 39
28 40
28 42
28 43
28 46
28 57
28 62
28 66
28 68
28 84
28 87
28 88
33 10
33 11
33 15
33 16
33 18
33 22
33 29
33 32
33 34
33 36
33 38
33 39
33 40
33 41
33 42
33 43
33 46
33 50
33 54
33 55
33 57
33 66
33 68
33 84
33 87
37 64
37 66
37 6
37 7
37 8
37 9
37 44
37 14
37 88
37 27
37 62
38 64
38 66
38 6
38 7
38 8
38 9
38 44
38 14
38 16
38 88
38 27
38 62
39 66
39 43
39 68
39 40
39 10
39 11
39 29
39 46
39 15
39 16
39 18
39 84
39 22
39 87
39 88
39 57
39 27
39 42
39 62
40 64
40 66
40 6
40 7
40 10
40 43
40 44
40 46
40 16
40 62
40 14
40 87
40 88
40 57
40 27
40 39
43 66
43 68
43 39
43 40
43 10
43 11
43 29
43 46
43 15
43 16
43 18
43 84
43 22
43 87
43 88
43 57
43 27
43 42
43 62
46 19
46 80
46 35
46 37
46 71
46 31
46 73
46 74
46 61
46 79
46 48
46 67
46 85
46 86
46 56
46 25
46 58
46 47
46 26
46 63
51 65
51 69
52 80
52 37
52 71
52 31
52 73
52 74
52 79
52 48
52 81
52 85
52 86
52 56
52 25
52 58
52 47
52 26
52 63
53 64
53 66
53 6
53 7
53 8
53 9
53 44
53 14
53 16
53 40
53 88
53 57
53 27
53 62
56 66
56 43
56 68
56 39
56 40
56 10
56 11
56 29
56 46
56 15
56 16
56 18
56 84
56 22
56 87
56 88
56 57
56 27
56 42
56 62
57 19
57 22
57 25
57 26
57 32
57 33
57 34
57 35
57 36
57 37
57 38
57 41
57 50
57 54
57 55
57 56
57 58
57 61
57 63
57 67
57 79
57 85
57 86
58 64
58 66
58 43
58 6
58 7
58 40
58 10
58 11
58 44
58 46
58 16
58 39
58 14
58 87
58 88
58 57
58 27
58 62
59 10
59 11
59 15
59 18
59 22
59 29
59 32
59 33
59 34
59 36
59 38
59 39
59 40
59 41
59 42
59 43
59 46
59 50
59 54
59 55
59 57
59 67
59 68
59 84
59 87
60 15
60 18
60 19
60 22
60 29
60 32
60 33
60 34
60 35
60 36
60 38
60 41
60 42
60 50
60 54
60 55
60 61
60 63
60 67
60 68
60 79
60 84
60 85
60 86
61 80
61 71
61 73
61 74
61 78
61 47
61 48
61 81
61 58
61 26
61 31
62 80
62 37
62 71
62 73
62 74
62 78
62 79
62 48
62 81
62 56
62 25
62 58
62 47
62 26
62 31
63 64
63 66
63 6
63 7
63 40
63 10
63 39
63 44
63 14
63 16
63 88
63 57
63 27
63 62
64 66
64 11
64 68
64 7
64 40
64 29
64 10
64 39
64 44
64 46
64 15
64 16
64 43
64 18
64 84
64 87
64 88
64 57
64 27
64 42
64 62
65 15
65 18
65 19
65 22
65 25
65 29
65 32
65 33
65 34
65 35
65 36
65 38
65 41
65 42
65 50
65 54
65 55
65 61
65 63
65 67
65 68
65 79
65 84
65 85
65 86
66 80
66 72
66 73
66 77
66 78
66 47
66 48
66 81
66 83
66 53
66 24
66 31
66 21
67 66
67 43
67 68
67 39
67 40
67 29
67 10
67 11
67 44
67 46
67 15
67 16
67 18
67 84
67 22
67 87
67 88
67 57
67 27
67 42
67 62
68 34
68 43
68 36
68 39
68 40
68 10
68 11
68 29
68 66
68 46
68 15
68 16
68 18
68 84
68 22
68 87
68 88
68 57
68 27
68 42
68 62
71 64
71 66
71 6
71 7
71 40
71 10
71 43
71 44
71 46
71 16
71 62
71 14
71 87
71 88
71 57
71 27
71 39
72 6
72 7
72 10
72 11
72 15
72 16
72 18
72 27
72 29
72 39
72 40
72 42
72 43
72 44
72 46
72 57
72 62
72 66
72 68
72 84
72 87
72 88
73 10
73 11
73 15
73 16
73 18
73 22
73 27
73 29
73 34
73 36
73 39
73 40
73 42
73 43
73 46
73 57
73 62
73 66
73 68
73 84
73 87
73 88
75 19
75 80
75 35
75 37
75 71
75 31
75 74
75 61
75 79
75 48
75 67
75 85
75 54
75 56
75 25
75 58
75 47
75 86
75 26
75 63
76 80
76 35
76 37
76 71
76 31
76 73
76 74
76 61
76 79
76 48
76 19
76 85
76 86
76 56
76 25
76 58
76 47
76 26
76 63
79 66
79 43
79 68
79 39
79 6
79 7
79 40
79 10
79 11
79 44
79 46
79 15
79 16
79 18
79 84
79 87
79 88
79 57
79 27
79 42
79 62
81 72
81 73
81 77
81 78
81 47
81 83
81 53
81 24
81 21
82 10
82 11
82 15
82 16
82 18
82 22
82 29
82 32
82 33
82 34
82 36
82 38
82 39
82 40
82 41
82 42
82 43
82 46
82 50
82 57
82 62
82 66
82 68
82 84
82 87
82 88
85 80
85 37
85 71
85 73
85 74
85 78
85 79
85 48
85 81
85 56
85 25
85 58
85 47
85 26
85 31
