88
1 34
1 67
1 68
1 72
1 41
1 42
1 11
1 46
1 19
1 85
1 54
1 58
1 59
1 30
2 64
2 68
2 37
2 40
2 76
2 74
2 75
2 12
2 80
2 81
2 54
2 55
2 72
2 30
3 32
3 1
3 66
3 36
3 38
3 65
3 10
3 23
3 77
3 47
3 49
3 82
3 51
3 86
3 87
3 24
3 25
3 26
3 79
3 61
3 62
5 2
5 7
5 12
5 14
5 29
5 33
5 35
5 37
5 39
5 43
5 44
5 52
5 53
5 55
5 57
5 64
5 69
5 71
5 73
5 74
5 78
5 88
6 56
7 32
7 1
7 66
7 3
7 36
7 38
7 65
7 10
7 77
7 47
7 49
7 82
7 51
7 86
7 87
7 24
7 25
7 79
7 61
7 62
12 2
12 68
12 81
12 40
12 41
12 42
12 75
12 76
12 34
12 80
12 72
12 19
12 54
12 58
12 30
13 5
13 7
13 14
13 23
13 26
13 29
13 31
13 33
13 35
13 37
13 39
13 43
13 44
13 48
13 52
13 53
13 55
13 57
13 64
13 69
13 71
13 73
13 74
13 78
13 88
14 5
14 7
14 29
14 31
14 33
14 35
14 37
14 39
14 43
14 44
14 48
14 52
14 53
14 55
14 57
14 64
14 69
14 71
14 73
14 74
14 78
14 88
24 2
24 5
24 7
24 12
24 14
24 29
24 33
24 35
24 37
24 39
24 43
24 44
24 52
24 53
24 55
24 57
24 64
24 69
24 71
24 73
24 74
24 78
24 88
25 32
25 65
25 66
25 35
25 36
25 5
25 38
25 10
25 77
25 47
25 48
25 82
25 51
25 52
25 23
25 24
25 57
25 26
25 61
25 62
25 31
26 5
26 7
26 14
26 23
26 24
26 29
26 31
26 32
26 35
26 43
26 44
26 48
26 52
26 57
26 61
26 62
26 65
26 66
26 71
26 73
26 78
26 82
26 88
27 5
27 7
27 12
27 14
27 29
27 31
27 33
27 35
27 37
27 39
27 43
27 44
27 52
27 53
27 55
27 57
27 64
27 69
27 71
27 73
27 74
27 78
27 88
29 2
29 5
29 7
29 12
29 14
29 33
29 35
29 37
29 39
29 43
29 44
29 52
29 53
29 55
29 57
29 64
29 69
29 71
29 73
29 74
29 78
29 88
30 64
30 33
30 2
30 37
30 39
30 40
30 12
30 74
30 75
30 76
30 80
30 81
30 53
30 55
30 69
31 5
31 7
31 14
31 23
31 26
31 29
31 33
31 35
31 39
31 43
31 44
31 48
31 52
31 53
31 55
31 57
31 64
31 69
31 71
31 73
31 78
31 88
32 1
32 66
32 36
32 38
32 65
32 10
32 23
32 77
32 47
32 48
32 49
32 82
32 51
32 87
32 24
32 25
32 26
32 79
32 61
32 62
32 31
33 32
33 1
33 66
33 3
33 36
33 38
33 10
33 77
33 47
33 49
33 82
33 51
33 21
33 86
33 87
33 24
33 25
33 79
33 28
33 61
33 62
35 1
35 10
35 23
35 24
35 25
35 26
35 31
35 32
35 36
35 38
35 47
35 48
35 49
35 51
35 57
35 61
35 62
35 65
35 66
35 77
35 82
35 87
36 5
36 7
36 12
36 14
36 29
36 31
36 33
36 35
36 37
36 39
36 43
36 44
36 48
36 52
36 53
36 55
36 57
36 64
36 69
36 71
36 73
36 74
36 78
36 88
38 32
38 65
38 66
38 35
38 36
38 5
38 10
38 61
38 77
38 47
38 48
38 82
38 51
38 52
38 23
38 24
38 57
38 25
38 26
38 62
38 31
39 32
39 1
39 66
39 3
39 36
39 38
39 65
39 10
39 77
39 47
39 49
39 82
39 51
39 21
39 86
39 87
39 24
39 25
39 79
39 61
39 62
40 5
40 7
40 14
40 23
40 26
40 29
40 31
40 33
40 35
40 39
40 43
40 44
40 48
40 52
40 53
40 57
40 64
40 69
40 71
40 73
40 78
40 88
41 1
41 5
41 10
41 23
41 24
41 25
41 26
41 31
41 32
41 35
41 36
41 38
41 47
41 48
41 51
41 57
41 61
41 62
41 65
41 66
41 77
41 82
45 32
45 1
45 66
45 3
45 36
45 38
45 65
45 10
45 77
45 47
45 49
45 82
45 51
45 21
45 86
45 87
45 24
45 25
45 79
45 61
45 62
46 32
46 1
46 66
46 3
46 36
46 38
46 10
46 77
46 47
46 49
46 82
46 51
46 21
46 86
46 87
46 24
46 25
46 79
46 61
46 62
47 32
47 65
47 66
47 35
47 36
47 5
47 38
47 10
47 77
47 61
47 48
47 82
47 51
47 52
47 23
47 24
47 57
47 25
47 26
47 62
47 31
48 32
48 65
48 66
48 35
48 36
48 5
48 38
48 10
48 61
48 77
48 47
48 82
48 51
48 52
48 23
48 24
48 57
48 25
48 26
48 62
48 31
49 2
49 5
49 7
49 12
49 14
49 29
49 33
49 35
49 37
49 39
49 43
49 44
49 52
49 53
49 55
49 64
49 69
49 71
49 73
49 74
49 78
49 88
50 2
50 68
50 81
50 40
50 41
50 42
50 75
50 76
50 34
50 46
50 80
50 72
50 19
50 54
50 58
50 59
50 30
52 5
52 10
52 14
52 23
52 24
52 25
52 26
52 29
52 31
52 32
52 35
52 36
52 38
52 48
52 51
52 57
52 61
52 62
52 65
52 66
52 73
52 77
52 78
52 82
63 5
63 7
63 12
63 14
63 29
63 31
63 33
63 35
63 37
63 39
63 43
63 44
63 52
63 53
63 55
63 57
63 64
63 69
63 71
63 73
63 74
63 78
63 88
64 32
64 1
64 66
64 3
64 36
64 38
64 10
64 77
64 47
64 49
64 82
64 51
64 21
64 86
64 87
64 24
64 25
64 79
64 28
64 61
64 62
69 32
69 1
69 66
69 3
69 36
69 38
69 65
69 10
69 77
69 47
69 49
69 82
69 51
69 21
69 86
69 87
69 24
69 25
69 79
69 61
69 62
77 5
77 7
77 12
77 14
77 29
77 31
77 33
77 35
77 37
77 39
77 43
77 44
77 48
77 52
77 53
77 55
77 57
77 64
77 69
77 71
77 73
77 74
77 78
77 88
78 32
78 1
78 66
78 3
78 36
78 38
78 10
78 77
78 47
78 49
78 82
78 51
78 21
78 86
78 87
78 24
78 25
78 79
78 61
78 62
79 32
79 1
79 66
79 36
79 38
79 65
79 10
79 23
79 77
79 47
79 48
79 82
79 51
79 25
79 87
79 24
79 57
79 26
79 61
79 62
79 31
82 34
82 68
82 81
82 40
82 41
82 42
82 75
82 76
82 46
82 80
82 72
82 19
82 54
82 58
82 59
82 30
83 5
83 7
83 12
83 14
83 29
83 33
83 35
83 37
83 39
83 43
83 44
83 52
83 53
83 55
83 57
83 64
83 69
83 71
83 73
83 74
83 78
83 88
84 2
84 68
84 81
84 40
84 41
84 42
84 75
84 76
84 34
84 46
84 80
84 72
84 19
84 54
84 58
84 59
84 30
85 5
85 10
85 14
85 23
85 24
85 25
85 26
85 29
85 31
85 32
85 35
85 36
85 38
85 48
85 51
85 52
85 57
85 61
85 62
85 65
85 66
85 73
85 77
85 78
85 82
87 5
87 14
87 23
87 24
87 26
87 29
87 31
87 32
87 35
87 36
87 38
87 43
87 48
87 51
87 52
87 57
87 61
87 62
87 65
87 66
87 73
87 77
87 78
87 82
87 88
88 1
88 10
88 23
88 24
88 25
88 26
88 31
88 32
88 36
88 38
88 47
88 48
88 49
88 51
88 61
88 62
88 65
88 66
88 77
88 79
88 82
88 87
