88
1 2
1 3
1 11
1 14
1 21
1 26
1 28
1 38
1 43
1 45
1 50
1 53
1 54
1 55
1 57
1 58
1 59
1 63
1 64
1 68
1 72
1 73
1 74
1 77
1 78
1 79
1 87
1 88
2 1
2 4
2 11
2 21
2 26
2 42
2 45
2 47
2 49
2 53
2 54
2 55
2 57
2 58
2 60
2 63
2 64
2 72
2 73
2 77
2 87
2 88
3 81
3 44
5 81
5 44
5 46
6 56
6 81
6 44
6 46
7 56
7 81
7 44
7 46
11 2
11 3
11 14
11 21
11 26
11 28
11 38
11 43
11 45
11 50
11 53
11 55
11 57
11 58
11 59
11 63
11 64
11 68
11 72
11 73
11 74
11 78
11 79
11 80
11 88
14 1
14 4
14 71
14 72
14 73
14 42
14 11
14 45
14 77
14 47
14 49
14 57
14 53
14 54
14 87
14 55
14 58
14 60
14 26
14 63
18 56
18 49
18 44
18 46
18 71
19 85
20 85
21 1
21 2
21 3
21 4
21 11
21 14
21 26
21 38
21 43
21 45
21 47
21 50
21 53
21 54
21 55
21 57
21 58
21 59
21 60
21 63
21 64
21 68
21 72
21 73
21 74
21 77
21 78
21 79
21 87
21 88
22 81
23 1
23 4
23 71
23 72
23 42
23 55
23 77
23 46
23 47
23 49
23 54
23 87
23 56
23 60
24 4
24 71
24 42
24 44
24 46
24 49
24 56
25 1
25 4
25 71
25 72
25 73
25 42
25 55
25 45
25 77
25 47
25 49
25 53
25 54
25 87
25 56
25 58
25 60
25 26
25 63
27 1
27 4
27 71
27 72
27 73
27 42
27 55
27 45
27 77
27 47
27 49
27 54
27 87
27 56
27 58
27 60
27 26
27 63
29 56
29 44
29 46
29 71
30 56
30 44
30 46
30 71
31 1
31 4
31 71
31 42
31 55
31 77
31 46
31 47
31 49
31 54
31 87
31 56
31 60
32 56
32 81
32 44
32 46
33 1
33 4
33 71
33 72
33 42
33 55
33 77
33 46
33 47
33 49
33 54
33 87
33 56
33 60
34 56
34 44
34 46
34 71
35 1
35 4
35 71
35 72
35 73
35 42
35 55
35 77
35 46
35 47
35 49
35 54
35 87
35 56
35 58
35 60
35 63
36 1
36 4
36 71
36 72
36 73
36 42
36 55
36 77
36 46
36 47
36 49
36 54
36 87
36 56
36 58
36 60
36 26
36 63
37 1
37 4
37 71
37 72
37 73
37 42
37 55
37 77
37 46
37 47
37 49
37 54
37 87
37 56
37 58
37 60
37 63
40 1
40 4
40 71
40 72
40 73
40 42
40 55
40 45
40 77
40 47
40 49
40 53
40 54
40 87
40 58
40 60
40 26
40 63
41 4
41 71
41 42
41 44
41 46
41 47
41 49
41 56
41 60
42 1
42 2
42 3
42 4
42 11
42 14
42 21
42 26
42 38
42 43
42 45
42 47
42 50
42 53
42 54
42 55
42 57
42 58
42 59
42 60
42 63
42 64
42 68
42 72
42 73
42 74
42 77
42 79
42 87
42 88
43 1
43 4
43 71
43 72
43 73
43 42
43 55
43 45
43 77
43 47
43 49
43 53
43 54
43 87
43 58
43 60
43 26
43 63
44 1
44 2
44 3
44 4
44 11
44 14
44 21
44 26
44 38
44 43
44 45
44 47
44 50
44 53
44 54
44 55
44 57
44 58
44 59
44 60
44 63
44 64
44 68
44 72
44 73
44 74
44 77
44 78
44 79
44 87
44 88
47 1
47 2
47 3
47 4
47 11
47 21
47 26
47 42
47 45
47 49
47 50
47 53
47 54
47 55
47 57
47 58
47 59
47 60
47 63
47 64
47 72
47 73
47 77
47 79
47 87
47 88
48 1
48 4
48 71
48 72
48 73
48 42
48 11
48 45
48 77
48 47
48 49
48 57
48 53
48 54
48 87
48 55
48 58
48 60
48 26
48 63
51 1
51 2
51 3
51 4
51 11
51 14
51 21
51 26
51 38
51 43
51 45
51 47
51 50
51 53
51 54
51 55
51 57
51 58
51 59
51 60
51 63
51 64
51 68
51 72
51 73
51 74
51 77
51 78
51 79
51 87
51 88
52 1
52 4
52 71
52 42
52 77
52 46
52 47
52 49
52 87
52 56
52 60
53 1
53 3
53 4
53 11
53 21
53 26
53 42
53 45
53 47
53 49
53 54
53 55
53 57
53 58
53 60
53 63
53 64
53 72
53 73
53 77
53 87
53 88
60 56
60 49
60 44
60 46
60 71
61 1
61 4
61 11
61 21
61 26
61 42
61 45
61 47
61 49
61 53
61 54
61 55
61 57
61 58
61 60
61 63
61 64
61 72
61 73
61 77
61 87
61 88
62 1
62 4
62 71
62 72
62 73
62 42
62 55
62 45
62 77
62 47
62 49
62 53
62 54
62 87
62 58
62 60
62 26
62 63
65 1
65 4
65 11
65 21
65 26
65 42
65 45
65 47
65 49
65 53
65 54
65 55
65 57
65 58
65 60
65 63
65 64
65 71
65 72
65 73
65 77
65 87
66 1
66 4
66 71
66 72
66 73
66 42
66 11
66 45
66 77
66 47
66 49
66 57
66 53
66 54
66 87
66 55
66 58
66 60
66 26
66 63
68 1
68 4
68 71
68 72
68 42
68 55
68 77
68 46
68 47
68 49
68 54
68 87
68 56
68 60
69 1
69 4
69 71
69 72
69 73
69 42
69 55
69 77
69 46
69 47
69 49
69 54
69 87
69 56
69 58
69 60
69 26
69 63
71 1
71 2
71 3
71 11
71 14
71 21
71 26
71 28
71 38
71 43
71 45
71 50
71 53
71 54
71 55
71 57
71 58
71 59
71 63
71 64
71 68
71 72
71 73
71 74
71 78
71 79
71 88
73 1
73 2
73 3
73 4
73 11
73 14
73 21
73 26
73 42
73 43
73 45
73 47
73 49
73 50
73 53
73 54
73 55
73 57
73 58
73 59
73 60
73 63
73 64
73 72
73 74
73 77
73 79
73 87
73 88
75 1
75 2
75 3
75 4
75 11
75 14
75 21
75 26
75 38
75 42
75 43
75 45
75 47
75 50
75 53
75 54
75 55
75 57
75 58
75 59
75 60
75 63
75 64
75 68
75 72
75 73
75 74
75 77
75 78
75 79
75 87
75 88
76 1
76 4
76 71
76 72
76 42
76 55
76 77
76 46
76 47
76 49
76 54
76 87
76 56
76 60
77 1
77 2
77 3
77 4
77 11
77 14
77 21
77 26
77 38
77 43
77 45
77 47
77 50
77 53
77 54
77 55
77 57
77 58
77 59
77 60
77 63
77 64
77 68
77 72
77 73
77 74
77 78
77 79
77 87
77 88
78 1
78 4
78 71
78 72
78 73
78 42
78 11
78 45
78 77
78 47
78 49
78 57
78 53
78 54
78 87
78 55
78 58
78 60
78 26
78 63
79 2
79 3
79 11
79 14
79 21
79 26
79 28
79 38
79 43
79 45
79 50
79 53
79 54
79 55
79 57
79 58
79 59
79 63
79 64
79 68
79 72
79 73
79 74
79 78
79 88
80 71
80 42
80 44
80 46
80 49
80 56
82 56
82 81
82 44
82 46
83 1
83 4
83 71
83 42
83 77
83 46
83 47
83 49
83 87
83 56
83 60
84 56
84 81
84 44
84 46
85 1
85 4
85 71
85 72
85 73
85 42
85 11
85 45
85 77
85 47
85 49
85 53
85 54
85 87
85 55
85 58
85 60
85 26
85 63
86 85
88 2
88 3
88 11
88 14
88 21
88 26
88 28
88 38
88 43
88 45
88 50
88 53
88 57
88 58
88 59
88 63
88 64
88 68
88 72
88 73
88 74
88 78
88 79
88 80
