88
1 64
1 34
1 4
1 5
1 70
1 74
1 18
1 45
1 46
1 48
1 49
1 82
1 51
1 84
1 24
1 83
1 86
1 30
1 69
6 4
6 5
6 7
6 12
6 13
6 23
6 24
6 28
6 30
6 34
6 42
6 43
6 45
6 46
6 49
6 58
6 63
6 64
6 66
6 69
6 70
6 74
6 82
6 83
6 84
6 86
7 6
7 9
7 10
7 11
7 12
7 13
7 14
7 15
7 16
7 19
7 20
7 21
7 22
7 23
7 28
7 31
7 35
7 36
7 37
7 38
7 39
7 40
7 41
7 42
7 43
7 44
7 52
7 55
7 58
7 60
7 62
7 63
7 66
7 67
7 68
7 76
7 80
7 81
7 87
7 88
10 6
10 7
10 11
10 12
10 13
10 14
10 15
10 16
10 20
10 21
10 22
10 23
10 28
10 31
10 34
10 36
10 37
10 38
10 39
10 41
10 42
10 43
10 44
10 46
10 52
10 55
10 58
10 62
10 63
10 66
10 68
10 74
10 76
10 80
10 81
10 84
10 87
10 88
11 2
11 6
11 7
11 9
11 10
11 12
11 13
11 14
11 15
11 16
11 19
11 20
11 21
11 22
11 23
11 28
11 31
11 35
11 36
11 37
11 38
11 39
11 40
11 41
11 43
11 44
11 52
11 54
11 55
11 60
11 62
11 66
11 67
11 68
11 73
11 76
11 79
11 80
11 81
11 87
11 88
15 6
15 7
15 10
15 11
15 12
15 13
15 14
15 16
15 20
15 21
15 22
15 23
15 24
15 28
15 30
15 31
15 34
15 36
15 37
15 38
15 39
15 41
15 42
15 43
15 45
15 46
15 52
15 55
15 58
15 62
15 63
15 66
15 68
15 69
15 74
15 80
15 81
15 84
15 87
15 88
17 18
17 3
17 4
17 72
17 50
17 78
17 48
17 49
17 82
17 51
17 86
17 26
17 27
19 6
19 7
19 9
19 10
19 11
19 12
19 13
19 14
19 15
19 16
19 20
19 21
19 22
19 23
19 28
19 31
19 35
19 36
19 37
19 38
19 39
19 40
19 41
19 42
19 43
19 44
19 52
19 55
19 58
19 60
19 62
19 63
19 66
19 67
19 68
19 76
19 80
19 81
19 87
19 88
20 2
20 6
20 7
20 9
20 10
20 11
20 12
20 13
20 14
20 15
20 16
20 19
20 21
20 22
20 23
20 28
20 31
20 35
20 36
20 37
20 38
20 39
20 40
20 41
20 42
20 43
20 44
20 52
20 54
20 55
20 60
20 62
20 63
20 66
20 67
20 68
20 76
20 80
20 81
20 87
20 88
22 7
22 11
22 12
22 13
22 14
22 16
22 21
22 23
22 24
22 28
22 30
22 31
22 34
22 37
22 39
22 41
22 42
22 43
22 45
22 46
22 52
22 58
22 63
22 64
22 66
22 68
22 69
22 74
22 83
22 84
23 6
23 7
23 9
23 10
23 11
23 12
23 13
23 14
23 15
23 16
23 19
23 20
23 21
23 22
23 28
23 31
23 35
23 36
23 37
23 38
23 39
23 40
23 41
23 42
23 43
23 44
23 52
23 54
23 55
23 58
23 60
23 62
23 63
23 66
23 67
23 68
23 76
23 80
23 81
23 87
23 88
25 4
25 5
25 7
25 12
25 13
25 16
25 21
25 23
25 24
25 28
25 30
25 34
25 37
25 42
25 43
25 45
25 46
25 49
25 58
25 63
25 64
25 66
25 68
25 69
25 70
25 74
25 83
25 84
25 86
29 64
29 34
29 4
29 69
29 70
29 74
29 18
29 45
29 46
29 49
29 82
29 51
29 84
29 24
29 83
29 58
29 86
29 30
29 5
31 2
31 6
31 7
31 9
31 10
31 11
31 12
31 13
31 14
31 15
31 16
31 19
31 20
31 21
31 22
31 23
31 28
31 35
31 36
31 37
31 38
31 39
31 40
31 41
31 43
31 44
31 52
31 54
31 55
31 60
31 62
31 66
31 67
31 68
31 73
31 76
31 79
31 80
31 81
31 87
31 88
38 6
38 7
38 10
38 11
38 12
38 13
38 14
38 15
38 16
38 21
38 23
38 24
38 28
38 30
38 31
38 34
38 37
38 39
38 41
38 42
38 43
38 45
38 46
38 52
38 55
38 58
38 63
38 64
38 66
38 68
38 69
38 74
38 80
38 83
38 84
38 88
39 6
39 7
39 10
39 11
39 12
39 13
39 14
39 15
39 16
39 20
39 21
39 22
39 23
39 28
39 30
39 31
39 34
39 36
39 37
39 38
39 41
39 42
39 43
39 46
39 52
39 55
39 58
39 62
39 63
39 66
39 68
39 74
39 80
39 81
39 84
39 87
39 88
41 2
41 6
41 7
41 9
41 10
41 11
41 12
41 13
41 14
41 15
41 16
41 19
41 20
41 21
41 22
41 23
41 28
41 31
41 35
41 36
41 37
41 38
41 39
41 40
41 42
41 43
41 44
41 52
41 54
41 55
41 60
41 62
41 63
41 66
41 67
41 68
41 73
41 76
41 79
41 80
41 81
41 87
41 88
51 6
51 7
51 9
51 10
51 11
51 12
51 13
51 14
51 15
51 16
51 19
51 20
51 21
51 22
51 23
51 28
51 31
51 36
51 37
51 38
51 39
51 40
51 41
51 42
51 43
51 44
51 52
51 55
51 58
51 60
51 62
51 63
51 66
51 67
51 68
51 76
51 80
51 81
51 87
51 88
54 6
54 7
54 10
54 11
54 12
54 13
54 14
54 15
54 16
54 20
54 21
54 22
54 23
54 24
54 28
54 30
54 31
54 34
54 36
54 37
54 38
54 39
54 41
54 42
54 43
54 45
54 46
54 52
54 55
54 58
54 62
54 63
54 66
54 68
54 69
54 74
54 80
54 81
54 84
54 88
55 6
55 7
55 10
55 11
55 12
55 13
55 14
55 15
55 16
55 20
55 21
55 22
55 23
55 28
55 30
55 31
55 34
55 36
55 37
55 38
55 39
55 41
55 42
55 43
55 46
55 52
55 58
55 62
55 63
55 66
55 68
55 74
55 80
55 81
55 84
55 87
55 88
63 2
63 6
63 7
63 9
63 10
63 11
63 12
63 13
63 14
63 15
63 16
63 19
63 20
63 21
63 22
63 23
63 28
63 31
63 35
63 36
63 37
63 38
63 39
63 40
63 41
63 42
63 43
63 44
63 52
63 54
63 55
63 58
63 60
63 62
63 66
63 67
63 68
63 76
63 80
63 81
63 87
63 88
65 6
65 7
65 10
65 11
65 12
65 13
65 14
65 15
65 16
65 19
65 20
65 21
65 22
65 23
65 28
65 31
65 34
65 36
65 37
65 38
65 39
65 40
65 41
65 42
65 43
65 44
65 46
65 52
65 55
65 58
65 60
65 62
65 63
65 66
65 67
65 68
65 76
65 80
65 81
65 87
65 88
66 6
66 7
66 10
66 11
66 12
66 13
66 14
66 15
66 16
66 19
66 20
66 21
66 22
66 23
66 28
66 31
66 34
66 36
66 37
66 38
66 39
66 40
66 41
66 42
66 43
66 44
66 46
66 52
66 55
66 58
66 60
66 62
66 63
66 67
66 68
66 76
66 80
66 81
66 84
66 87
66 88
85 4
85 5
85 7
85 12
85 13
85 21
85 23
85 24
85 28
85 30
85 34
85 42
85 43
85 45
85 46
85 49
85 58
85 63
85 64
85 66
85 68
85 69
85 70
85 74
85 83
85 84
85 86
88 2
88 6
88 9
88 10
88 11
88 12
88 13
88 14
88 15
88 16
88 19
88 20
88 21
88 22
88 31
88 35
88 36
88 37
88 38
88 39
88 40
88 41
88 44
88 52
88 54
88 55
88 56
88 60
88 62
88 66
88 67
88 68
88 73
88 76
88 79
88 80
88 81
88 87
