88
1 33
1 66
1 3
1 6
1 10
1 11
1 13
1 46
1 45
1 16
1 17
1 20
1 14
1 56
1 59
1 85
6 64
6 1
6 2
6 67
6 36
6 37
6 70
6 8
6 41
6 75
6 77
6 47
6 81
6 83
6 52
6 54
6 79
6 61
6 30
6 31
7 1
7 2
7 67
7 36
7 37
7 70
7 8
7 41
7 75
7 47
7 27
7 81
7 83
7 52
7 79
7 31
8 9
8 21
8 24
8 30
8 35
8 38
8 40
8 42
8 48
8 49
8 54
8 64
8 69
8 71
8 72
8 74
8 76
8 77
8 78
8 80
8 82
8 84
8 88
9 1
9 75
9 37
9 70
9 8
9 10
9 11
9 45
9 14
9 79
9 17
9 83
9 85
9 56
9 27
9 31
10 1
10 2
10 67
10 37
10 70
10 8
10 41
10 75
10 47
10 27
10 83
10 52
10 79
10 31
11 80
11 35
11 69
11 38
11 71
11 72
11 9
11 42
11 76
11 78
11 48
11 49
11 82
11 84
11 21
11 24
11 88
11 74
12 80
12 35
12 69
12 38
12 71
12 72
12 9
12 74
12 76
12 78
12 48
12 49
12 82
12 84
12 21
12 24
12 88
13 64
13 2
13 67
13 36
13 69
13 71
13 40
13 41
13 42
13 61
13 77
13 47
13 81
13 52
13 21
13 54
13 24
13 49
13 74
13 30
17 1
17 2
17 67
17 36
17 37
17 70
17 8
17 41
17 79
17 75
17 77
17 47
17 81
17 83
17 52
17 54
17 27
17 61
17 31
18 32
18 65
18 4
18 73
18 15
18 50
18 58
18 26
18 62
21 33
21 66
21 3
21 6
21 10
21 11
21 13
21 46
21 45
21 16
21 17
21 20
21 14
21 56
21 59
21 85
22 66
22 3
22 6
22 10
22 11
22 13
22 46
22 45
22 16
22 17
22 20
22 14
22 56
22 59
22 85
24 66
24 3
24 6
24 10
24 11
24 13
24 46
24 45
24 16
24 17
24 20
24 14
24 56
24 59
24 85
26 64
26 2
26 67
26 36
26 69
26 71
26 40
26 41
26 42
26 61
26 77
26 47
26 81
26 21
26 54
26 24
26 49
26 74
26 30
27 64
27 36
27 69
27 38
27 71
27 40
27 42
27 76
27 77
27 78
27 61
27 80
27 81
27 21
27 54
27 24
27 49
27 74
27 30
28 64
28 2
28 67
28 36
28 69
28 71
28 40
28 41
28 42
28 61
28 77
28 47
28 81
28 21
28 54
28 24
28 49
28 74
28 30
31 66
31 3
31 6
31 10
31 11
31 13
31 46
31 45
31 16
31 17
31 20
31 14
31 56
31 59
31 85
32 1
32 67
32 37
32 70
32 8
32 75
32 45
32 14
32 79
32 83
32 52
32 85
32 27
32 31
33 32
33 35
33 4
33 72
33 9
33 50
33 15
33 48
33 82
33 84
33 88
33 58
33 26
34 2
34 21
34 24
34 30
34 36
34 38
34 40
34 41
34 42
34 47
34 49
34 54
34 61
34 64
34 69
34 71
34 74
34 76
34 77
34 78
34 80
34 81
36 33
36 66
36 3
36 6
36 10
36 11
36 13
36 46
36 45
36 16
36 17
36 51
36 20
36 14
36 56
36 59
36 60
36 85
37 66
37 3
37 6
37 10
37 11
37 13
37 46
37 45
37 16
37 17
37 20
37 14
37 56
37 59
37 85
38 64
38 2
38 67
38 36
38 37
38 71
38 40
38 41
38 42
38 61
38 77
38 47
38 81
38 52
38 21
38 54
38 24
38 74
38 30
38 69
39 32
39 65
39 4
39 73
39 15
39 50
39 58
39 26
39 62
40 1
40 75
40 70
40 8
40 10
40 11
40 45
40 14
40 79
40 17
40 83
40 85
40 56
40 27
40 31
42 66
42 3
42 6
42 10
42 11
42 13
42 46
42 45
42 16
42 17
42 20
42 14
42 56
42 59
42 85
43 32
43 65
43 4
43 73
43 15
43 50
43 58
43 26
43 62
45 1
45 67
45 37
45 70
45 8
45 75
45 14
45 79
45 83
45 52
45 85
45 27
45 31
47 9
47 21
47 24
47 30
47 35
47 38
47 40
47 42
47 48
47 49
47 54
47 64
47 69
47 71
47 72
47 74
47 76
47 77
47 78
47 80
47 82
47 84
47 88
50 1
50 2
50 67
50 37
50 70
50 8
50 41
50 75
50 47
50 27
50 83
50 52
50 79
50 31
51 34
51 44
51 29
51 22
51 63
52 64
52 36
52 69
52 38
52 71
52 40
52 42
52 76
52 77
52 78
52 61
52 80
52 81
52 82
52 21
52 54
52 24
52 49
52 74
52 30
55 64
55 80
55 69
55 38
55 71
55 40
55 42
55 76
55 77
55 78
55 61
55 48
55 49
55 82
55 84
55 21
55 54
55 24
55 74
55 30
56 32
56 35
56 4
56 72
56 9
56 50
56 15
56 48
56 82
56 84
56 88
56 58
56 26
58 64
58 2
58 36
58 69
58 71
58 40
58 41
58 42
58 61
58 77
58 47
58 80
58 81
58 21
58 54
58 24
58 49
58 74
58 30
59 64
59 80
59 36
59 69
59 38
59 71
59 40
59 42
59 76
59 77
59 78
59 61
59 48
59 81
59 82
59 21
59 54
59 24
59 49
59 74
59 30
60 32
60 80
60 35
60 4
60 38
60 71
60 72
60 9
60 74
60 76
60 82
60 78
60 48
60 49
60 50
60 84
60 88
61 66
61 3
61 6
61 10
61 11
61 13
61 46
61 45
61 16
61 17
61 20
61 14
61 56
61 59
61 85
64 2
64 67
64 36
64 37
64 40
64 41
64 42
64 75
64 77
64 47
64 81
64 52
64 54
64 24
64 61
64 30
64 69
66 1
66 75
66 70
66 8
66 10
66 11
66 45
66 14
66 79
66 17
66 83
66 85
66 56
66 27
66 31
67 65
67 34
67 73
67 44
67 53
67 26
67 62
67 63
68 64
68 2
68 67
68 36
68 69
68 71
68 40
68 41
68 42
68 61
68 77
68 47
68 81
68 21
68 54
68 24
68 49
68 74
68 30
69 66
69 3
69 6
69 10
69 11
69 13
69 46
69 45
69 16
69 17
69 20
69 14
69 56
69 59
69 85
71 1
71 37
71 70
71 8
71 10
71 75
71 45
71 14
71 79
71 83
71 85
71 56
71 27
71 31
75 64
75 2
75 36
75 69
75 71
75 40
75 41
75 42
75 61
75 76
75 77
75 78
75 47
75 80
75 81
75 21
75 54
75 24
75 49
75 74
75 30
76 1
76 37
76 70
76 8
76 10
76 75
76 45
76 14
76 79
76 83
76 85
76 56
76 27
76 31
78 66
78 6
78 8
78 10
78 11
78 45
78 14
78 16
78 17
78 85
78 56
78 27
79 1
79 2
79 67
79 36
79 37
79 70
79 8
79 41
79 75
79 47
79 83
79 52
79 27
79 31
80 1
80 75
80 70
80 8
80 10
80 11
80 45
80 14
80 79
80 17
80 83
80 85
80 56
80 27
80 31
83 1
83 2
83 67
83 37
83 70
83 8
83 41
83 75
83 79
83 52
83 85
83 27
83 31
84 2
84 21
84 24
84 30
84 36
84 38
84 40
84 41
84 42
84 47
84 49
84 54
84 61
84 64
84 69
84 71
84 74
84 76
84 77
84 78
84 80
84 81
85 1
85 2
85 67
85 36
85 37
85 70
85 8
85 41
85 75
85 79
85 27
85 81
85 83
85 52
85 54
85 47
85 61
85 31
86 32
86 35
86 4
86 72
86 9
86 15
86 50
86 84
86 88
86 58
86 26
86 62
88 66
88 3
88 6
88 10
88 11
88 13
88 46
88 45
88 16
88 17
88 20
88 14
88 56
88 59
88 85
