88
2 4
2 84
2 85
2 52
2 61
2 20
5 1
5 3
5 11
5 19
5 27
5 28
5 33
5 34
5 44
5 46
5 47
5 56
5 57
5 58
5 71
5 72
5 73
5 77
5 78
5 79
5 82
5 87
6 4
6 84
6 85
6 52
6 61
6 20
7 1
7 34
7 3
7 5
7 71
7 77
7 79
7 82
7 51
7 84
7 85
7 56
7 61
9 1
9 34
9 3
9 5
9 71
9 77
9 79
9 82
9 51
9 85
9 56
9 28
9 61
10 19
10 1
10 34
10 3
10 5
10 71
10 72
10 73
10 44
10 77
10 78
10 47
10 82
10 51
10 56
10 57
10 33
10 79
10 28
10 58
11 4
11 18
11 84
11 85
11 52
11 61
11 20
14 1
14 3
14 5
14 19
14 27
14 28
14 33
14 34
14 44
14 47
14 51
14 56
14 57
14 58
14 71
14 72
14 73
14 77
14 78
14 79
14 82
14 87
18 3
18 10
18 11
18 19
18 21
18 27
18 28
18 29
18 30
18 33
18 34
18 36
18 39
18 44
18 46
18 47
18 50
18 56
18 57
18 58
18 67
18 71
18 72
18 73
18 75
18 78
18 79
18 83
18 86
18 87
21 1
21 34
21 3
21 5
21 71
21 77
21 79
21 82
21 51
21 84
21 85
21 56
21 61
22 81
22 18
22 59
23 4
23 18
23 84
23 85
23 52
23 61
23 20
24 1
24 34
24 3
24 5
24 71
24 73
24 61
24 77
24 79
24 82
24 51
24 56
24 33
24 28
24 58
25 4
25 18
25 84
25 85
25 52
25 61
25 20
26 19
26 1
26 34
26 3
26 5
26 71
26 73
26 77
26 79
26 82
26 51
26 56
26 57
26 33
26 28
26 58
27 81
27 18
27 59
27 20
27 52
28 4
28 18
28 84
28 85
28 52
28 59
28 20
29 1
29 4
29 51
29 84
29 85
29 20
29 61
30 1
30 34
30 3
30 5
30 71
30 77
30 79
30 82
30 51
30 85
30 56
30 28
30 61
31 19
31 1
31 34
31 3
31 5
31 71
31 73
31 77
31 78
31 79
31 82
31 51
31 56
31 57
31 33
31 28
31 58
32 1
32 34
32 3
32 5
32 71
32 73
32 77
32 79
32 82
32 51
32 56
32 57
32 33
32 28
32 58
33 1
33 34
33 3
33 5
33 71
33 73
33 77
33 79
33 82
33 51
33 56
33 28
33 61
34 19
34 1
34 3
34 5
34 71
34 72
34 73
34 44
34 77
34 78
34 47
34 82
34 51
34 56
34 57
34 33
34 79
34 28
34 58
35 4
35 18
35 84
35 85
35 52
35 59
35 61
35 20
36 1
36 34
36 4
36 5
36 77
36 82
36 51
36 84
36 85
36 20
36 61
37 81
37 18
37 59
37 20
37 52
38 19
38 1
38 34
38 3
38 5
38 71
38 73
38 77
38 78
38 79
38 82
38 51
38 56
38 57
38 33
38 28
38 58
39 1
39 34
39 3
39 4
39 5
39 77
39 79
39 82
39 51
39 84
39 85
39 61
40 4
40 84
40 85
40 52
40 61
40 20
41 4
41 51
41 84
41 85
41 20
41 61
42 4
42 18
42 84
42 85
42 52
42 59
42 61
42 20
43 4
43 84
43 85
43 52
43 61
43 20
44 10
44 11
44 14
44 19
44 21
44 27
44 28
44 29
44 30
44 33
44 36
44 39
44 40
44 46
44 47
44 48
44 49
44 50
44 56
44 57
44 58
44 67
44 71
44 72
44 73
44 75
44 78
44 83
44 86
44 87
45 4
45 84
45 85
45 52
45 61
45 20
46 19
46 1
46 34
46 3
46 5
46 71
46 73
46 77
46 79
46 82
46 51
46 56
46 57
46 33
46 28
46 58
47 19
47 1
47 34
47 3
47 5
47 71
47 73
47 77
47 79
47 82
47 51
47 56
47 57
47 33
47 28
47 58
48 1
48 34
48 3
48 4
48 5
48 77
48 79
48 82
48 51
48 84
48 85
48 61
49 1
49 34
49 3
49 5
49 71
49 77
49 79
49 82
49 51
49 85
49 56
49 28
49 61
50 3
50 5
50 10
50 11
50 19
50 21
50 27
50 28
50 29
50 30
50 33
50 34
50 44
50 46
50 47
50 56
50 57
50 58
50 71
50 72
50 73
50 77
50 78
50 79
50 82
50 87
53 81
53 18
53 59
53 52
54 4
54 18
54 84
54 85
54 52
54 61
54 20
55 1
55 34
55 3
55 4
55 5
55 77
55 79
55 82
55 51
55 84
55 85
55 61
57 19
57 1
57 34
57 3
57 5
57 71
57 72
57 73
57 44
57 77
57 78
57 47
57 27
57 82
57 51
57 87
57 56
57 33
57 79
57 28
57 58
58 1
58 34
58 4
58 5
58 77
58 82
58 51
58 84
58 85
58 61
59 1
59 34
59 4
59 5
59 77
59 82
59 51
59 84
59 85
59 61
60 4
60 84
60 85
60 52
60 61
60 20
61 3
61 5
61 10
61 11
61 19
61 21
61 27
61 28
61 29
61 30
61 33
61 34
61 44
61 46
61 47
61 56
61 57
61 58
61 71
61 72
61 73
61 77
61 78
61 79
61 82
61 87
62 1
62 4
62 82
62 51
62 84
62 85
62 20
62 61
63 4
63 84
63 85
63 52
63 61
63 20
64 4
64 18
64 84
64 85
64 52
64 59
64 61
64 20
65 1
65 4
65 82
65 51
65 84
65 85
65 20
65 61
66 4
66 84
66 85
66 52
66 61
66 20
67 1
67 34
67 3
67 4
67 5
67 77
67 79
67 82
67 51
67 84
67 85
67 61
68 4
68 84
68 85
68 52
68 61
68 20
69 3
69 10
69 11
69 19
69 21
69 27
69 28
69 29
69 30
69 33
69 36
69 39
69 44
69 46
69 47
69 48
69 49
69 50
69 56
69 57
69 58
69 67
69 71
69 72
69 73
69 75
69 78
69 79
69 83
69 86
69 87
70 4
70 84
70 85
70 52
70 61
70 20
71 19
71 1
71 34
71 3
71 5
71 33
71 73
71 77
71 78
71 47
71 82
71 51
71 56
71 57
71 58
71 79
71 28
72 19
72 1
72 34
72 3
72 5
72 71
72 73
72 77
72 78
72 79
72 82
72 51
72 56
72 57
72 33
72 28
72 58
73 3
73 5
73 10
73 11
73 19
73 21
73 27
73 28
73 29
73 30
73 33
73 34
73 39
73 44
73 46
73 47
73 50
73 56
73 57
73 58
73 71
73 72
73 77
73 78
73 79
73 83
73 86
73 87
74 4
74 18
74 84
74 85
74 52
74 61
74 20
75 1
75 4
75 5
75 77
75 82
75 51
75 84
75 85
75 20
75 61
76 4
76 81
76 18
76 84
76 52
76 59
76 20
77 1
77 3
77 5
77 19
77 27
77 28
77 33
77 34
77 44
77 46
77 47
77 51
77 56
77 57
77 58
77 71
77 72
77 73
77 78
77 79
77 82
77 87
78 19
78 1
78 34
78 3
78 5
78 71
78 73
78 77
78 79
78 82
78 51
78 56
78 57
78 33
78 28
78 58
79 1
79 34
79 3
79 4
79 5
79 77
79 82
79 51
79 84
79 85
79 61
80 19
80 1
80 34
80 3
80 5
80 71
80 73
80 77
80 78
80 79
80 82
80 51
80 56
80 57
80 33
80 28
80 58
83 19
83 1
83 34
83 3
83 5
83 71
83 72
83 73
83 44
83 77
83 78
83 47
83 27
83 82
83 51
83 56
83 57
83 33
83 79
83 28
83 58
85 17
86 1
86 4
86 77
86 82
86 51
86 84
86 85
86 20
86 61
87 1
87 4
87 82
87 51
87 84
87 85
87 20
87 61
88 4
88 18
88 84
88 85
88 52
88 59
88 61
88 20
