88
1 2
1 3
1 5
1 7
1 9
1 11
1 12
1 14
1 19
1 22
1 24
1 25
1 31
1 32
1 33
1 34
1 36
1 38
1 40
1 41
1 44
1 47
1 48
1 49
1 52
1 55
1 57
1 61
1 62
1 63
1 68
1 77
1 78
1 79
1 82
1 87
1 88
3 1
3 2
3 5
3 7
3 9
3 14
3 19
3 22
3 25
3 31
3 32
3 34
3 36
3 38
3 40
3 41
3 44
3 48
3 53
3 55
3 61
3 77
3 78
3 82
3 83
3 85
3 88
4 83
4 6
4 17
4 50
4 19
4 20
4 53
4 85
6 1
6 2
6 3
6 5
6 7
6 9
6 11
6 12
6 14
6 19
6 22
6 24
6 25
6 31
6 32
6 34
6 36
6 38
6 40
6 41
6 44
6 48
6 49
6 55
6 61
6 68
6 77
6 78
6 79
6 82
6 87
6 88
10 1
10 2
10 3
10 5
10 7
10 8
10 9
10 11
10 12
10 14
10 22
10 24
10 25
10 31
10 32
10 33
10 34
10 36
10 38
10 40
10 41
10 44
10 46
10 47
10 48
10 49
10 52
10 55
10 57
10 61
10 62
10 63
10 67
10 68
10 71
10 75
10 77
10 78
10 79
10 80
10 82
10 87
10 88
14 1
14 2
14 3
14 5
14 7
14 8
14 9
14 10
14 11
14 12
14 13
14 22
14 24
14 25
14 27
14 31
14 32
14 33
14 34
14 35
14 36
14 38
14 40
14 41
14 44
14 46
14 47
14 48
14 49
14 52
14 55
14 57
14 61
14 62
14 63
14 67
14 68
14 70
14 71
14 75
14 77
14 78
14 79
14 80
14 82
14 87
14 88
15 1
15 2
15 3
15 5
15 7
15 8
15 9
15 11
15 12
15 13
15 14
15 22
15 24
15 25
15 31
15 32
15 33
15 34
15 35
15 36
15 38
15 40
15 41
15 44
15 46
15 47
15 48
15 49
15 52
15 55
15 57
15 61
15 62
15 63
15 67
15 68
15 71
15 75
15 77
15 78
15 79
15 80
15 82
15 87
15 88
16 86
18 17
18 50
18 20
18 86
18 6
26 1
26 2
26 3
26 5
26 7
26 9
26 14
26 19
26 22
26 25
26 31
26 32
26 34
26 36
26 38
26 40
26 41
26 44
26 48
26 53
26 55
26 61
26 77
26 78
26 82
26 83
26 85
26 88
28 1
28 2
28 3
28 5
28 7
28 8
28 9
28 11
28 12
28 14
28 22
28 24
28 25
28 31
28 32
28 33
28 34
28 36
28 38
28 40
28 41
28 44
28 46
28 47
28 48
28 49
28 52
28 55
28 57
28 61
28 62
28 63
28 67
28 68
28 75
28 77
28 78
28 79
28 80
28 82
28 87
28 88
30 1
30 2
30 3
30 5
30 7
30 9
30 14
30 19
30 22
30 25
30 31
30 32
30 36
30 38
30 40
30 41
30 44
30 48
30 53
30 55
30 61
30 77
30 78
30 82
30 83
30 85
30 88
35 1
35 2
35 3
35 5
35 7
35 8
35 9
35 10
35 11
35 12
35 13
35 14
35 22
35 24
35 25
35 27
35 31
35 32
35 33
35 34
35 36
35 38
35 40
35 41
35 44
35 46
35 47
35 48
35 49
35 52
35 55
35 57
35 61
35 62
35 63
35 67
35 68
35 70
35 71
35 75
35 77
35 78
35 79
35 80
35 82
35 87
35 88
47 1
47 2
47 3
47 5
47 7
47 8
47 9
47 10
47 11
47 12
47 13
47 14
47 22
47 24
47 25
47 27
47 28
47 31
47 33
47 34
47 35
47 36
47 38
47 39
47 40
47 41
47 44
47 45
47 46
47 48
47 49
47 52
47 57
47 58
47 61
47 62
47 63
47 66
47 67
47 68
47 70
47 71
47 74
47 75
47 77
47 78
47 79
47 80
47 82
47 87
47 88
51 1
51 2
51 3
51 5
51 7
51 9
51 14
51 19
51 22
51 25
51 31
51 32
51 34
51 36
51 38
51 40
51 41
51 44
51 48
51 49
51 53
51 55
51 61
51 77
51 78
51 82
51 85
51 87
51 88
54 1
54 2
54 3
54 5
54 7
54 8
54 9
54 11
54 12
54 14
54 22
54 24
54 25
54 31
54 32
54 33
54 34
54 36
54 38
54 40
54 41
54 44
54 46
54 47
54 48
54 49
54 52
54 55
54 57
54 61
54 62
54 63
54 67
54 68
54 75
54 77
54 78
54 79
54 80
54 82
54 87
54 88
56 1
56 2
56 3
56 5
56 7
56 9
56 14
56 19
56 22
56 25
56 31
56 32
56 34
56 36
56 38
56 40
56 41
56 44
56 48
56 53
56 55
56 61
56 77
56 78
56 82
56 83
56 85
56 88
58 1
58 2
58 3
58 5
58 7
58 8
58 9
58 11
58 12
58 14
58 19
58 22
58 24
58 25
58 31
58 32
58 33
58 34
58 36
58 38
58 40
58 41
58 44
58 46
58 47
58 48
58 49
58 52
58 55
58 57
58 61
58 62
58 63
58 67
58 68
58 75
58 77
58 78
58 79
58 80
58 82
58 87
58 88
59 1
59 2
59 3
59 5
59 7
59 9
59 11
59 12
59 14
59 19
59 22
59 24
59 25
59 31
59 32
59 34
59 36
59 38
59 40
59 41
59 44
59 48
59 49
59 55
59 57
59 61
59 68
59 77
59 78
59 79
59 82
59 87
59 88
60 6
60 17
60 50
60 83
60 20
60 53
60 86
60 85
65 1
65 2
65 3
65 5
65 7
65 9
65 11
65 12
65 14
65 19
65 22
65 24
65 25
65 31
65 32
65 34
65 36
65 38
65 40
65 41
65 44
65 48
65 49
65 55
65 57
65 61
65 68
65 77
65 78
65 79
65 82
65 87
65 88
66 1
66 5
66 7
66 9
66 14
66 19
66 22
66 25
66 31
66 32
66 36
66 40
66 41
66 44
66 48
66 50
66 53
66 55
66 77
66 78
66 82
66 83
66 85
66 88
69 1
69 2
69 3
69 5
69 7
69 9
69 14
69 19
69 22
69 25
69 31
69 32
69 36
69 38
69 40
69 41
69 44
69 48
69 53
69 55
69 77
69 78
69 82
69 83
69 85
69 88
70 1
70 2
70 3
70 5
70 7
70 9
70 14
70 19
70 22
70 25
70 31
70 32
70 34
70 36
70 38
70 40
70 41
70 44
70 48
70 49
70 53
70 55
70 61
70 77
70 78
70 82
70 83
70 85
70 87
70 88
72 1
72 2
72 3
72 5
72 7
72 9
72 14
72 19
72 22
72 25
72 31
72 32
72 34
72 36
72 38
72 40
72 41
72 44
72 48
72 49
72 55
72 61
72 77
72 78
72 82
72 85
72 87
72 88
73 1
73 2
73 3
73 5
73 7
73 8
73 9
73 10
73 11
73 12
73 13
73 14
73 22
73 24
73 25
73 31
73 32
73 33
73 34
73 35
73 36
73 38
73 40
73 41
73 44
73 46
73 47
73 48
73 49
73 52
73 55
73 57
73 61
73 62
73 63
73 67
73 68
73 70
73 71
73 75
73 77
73 78
73 79
73 80
73 82
73 87
73 88
76 1
76 2
76 3
76 5
76 7
76 8
76 9
76 10
76 11
76 12
76 13
76 14
76 22
76 24
76 25
76 27
76 28
76 31
76 33
76 34
76 35
76 36
76 38
76 39
76 40
76 41
76 44
76 45
76 46
76 47
76 48
76 49
76 52
76 57
76 58
76 61
76 62
76 63
76 66
76 67
76 68
76 70
76 71
76 74
76 75
76 77
76 78
76 79
76 80
76 82
76 87
76 88
84 19
84 1
84 82
84 7
84 9
84 32
84 55
84 44
84 77
84 78
84 50
84 83
84 53
84 22
84 41
84 88
84 85
