88
4 14
4 17
4 25
4 33
4 36
4 40
4 41
4 42
4 43
4 46
4 47
4 48
4 52
4 61
4 62
4 64
4 66
4 73
4 74
4 75
4 78
4 86
5 14
5 17
5 25
5 33
5 36
5 40
5 41
5 42
5 43
5 46
5 47
5 48
5 52
5 61
5 62
5 64
5 66
5 73
5 74
5 75
5 78
5 86
6 64
6 1
6 35
6 65
6 7
6 73
6 10
6 71
6 76
6 45
6 77
6 88
6 19
6 55
6 24
6 57
7 2
7 4
7 5
7 11
7 12
7 29
10 64
10 1
10 35
10 65
10 7
10 73
10 71
10 76
10 77
10 45
10 88
10 19
10 55
10 24
10 57
12 64
12 33
12 66
12 75
12 36
12 40
12 41
12 42
12 43
12 14
12 61
12 17
12 52
12 78
12 86
12 73
12 46
12 25
12 74
12 62
14 64
14 33
14 66
14 75
14 36
14 40
14 41
14 42
14 43
14 61
14 78
14 47
14 48
14 17
14 52
14 46
14 86
14 73
14 25
14 74
14 62
15 64
15 65
15 66
15 7
15 40
15 73
15 10
15 71
15 76
15 77
15 88
15 19
15 55
15 24
15 42
15 62
16 20
17 1
17 35
17 4
17 70
17 39
17 12
17 45
17 87
17 57
21 8
21 9
21 83
22 64
22 1
22 66
22 35
22 65
22 7
22 73
22 10
22 71
22 76
22 77
22 88
22 19
22 55
22 24
24 64
24 1
24 66
24 35
24 65
24 7
24 73
24 10
24 71
24 76
24 77
24 19
24 55
24 88
25 5
25 8
25 11
25 16
25 84
25 29
26 2
26 4
26 70
26 39
26 12
26 45
26 87
26 57
28 1
28 35
28 4
28 70
28 39
28 76
28 10
28 12
28 45
28 77
28 88
28 87
28 24
28 57
29 64
29 65
29 66
29 75
29 36
29 7
29 40
29 73
29 42
29 71
29 14
29 19
29 78
29 86
29 55
29 46
29 25
29 62
30 1
30 35
30 4
30 70
30 65
30 7
30 10
30 39
30 76
30 45
30 77
30 88
30 87
30 24
30 57
30 71
31 2
31 5
31 11
31 12
31 16
31 84
31 29
32 1
32 35
32 4
32 70
32 39
32 76
32 12
32 77
32 45
32 88
32 87
32 24
32 57
33 64
33 1
33 66
33 65
33 7
33 40
33 73
33 10
33 71
33 76
33 77
33 88
33 19
33 55
33 24
33 42
33 62
34 1
34 35
34 4
34 70
34 39
34 76
34 12
34 45
34 87
34 57
35 64
35 65
35 66
35 7
35 40
35 73
35 10
35 71
35 76
35 77
35 88
35 19
35 55
35 24
35 42
35 62
36 64
36 65
36 66
36 7
36 40
36 73
36 10
36 71
36 76
36 77
36 88
36 19
36 55
36 24
36 42
36 62
37 64
37 66
37 75
37 36
37 7
37 40
37 73
37 42
37 71
37 14
37 19
37 78
37 86
37 55
37 46
37 25
37 61
37 62
38 64
38 1
38 35
38 65
38 7
38 73
38 10
38 71
38 76
38 45
38 77
38 88
38 19
38 55
38 24
38 57
39 64
39 65
39 66
39 75
39 36
39 7
39 40
39 73
39 10
39 71
39 76
39 77
39 14
39 88
39 19
39 86
39 55
39 24
39 42
39 62
40 64
40 66
40 75
40 36
40 73
40 42
40 43
40 14
40 61
40 19
40 78
40 86
40 55
40 46
40 25
40 74
40 62
41 64
41 1
41 66
41 65
41 7
41 40
41 73
41 10
41 71
41 76
41 77
41 88
41 19
41 55
41 24
41 42
41 62
42 64
42 65
42 66
42 75
42 36
42 7
42 40
42 73
42 10
42 71
42 77
42 14
42 24
42 19
42 78
42 86
42 55
42 88
42 62
43 64
43 66
43 36
43 7
43 40
43 73
43 42
43 75
43 14
43 19
43 78
43 86
43 55
43 46
43 25
43 61
43 62
44 2
44 4
44 5
44 70
44 39
44 11
44 12
44 87
44 29
46 64
46 1
46 35
46 65
46 7
46 73
46 10
46 71
46 76
46 45
46 77
46 88
46 19
46 55
46 24
46 57
47 64
47 66
47 36
47 7
47 40
47 73
47 42
47 75
47 14
47 19
47 78
47 86
47 55
47 46
47 25
47 61
47 62
48 1
48 35
48 4
48 70
48 65
48 7
48 10
48 39
48 76
48 45
48 77
48 88
48 87
48 24
48 57
48 71
49 1
49 35
49 70
49 65
49 7
49 10
49 39
49 76
49 45
49 77
49 88
49 19
49 57
49 87
49 24
49 55
49 71
50 64
50 1
50 66
50 35
50 65
50 7
50 40
50 73
50 10
50 71
50 76
50 77
50 88
50 19
50 55
50 24
50 42
50 62
51 64
51 65
51 66
51 75
51 36
51 7
51 40
51 73
51 10
51 71
51 14
51 19
51 78
51 86
51 55
51 46
51 25
51 42
51 62
53 16
53 8
53 83
53 84
54 64
54 1
54 35
54 65
54 7
54 73
54 10
54 71
54 76
54 45
54 77
54 88
54 19
54 55
54 24
54 57
55 1
55 35
55 4
55 70
55 39
55 76
55 12
55 77
55 45
55 88
55 87
55 24
55 57
56 1
56 35
56 4
56 70
56 65
56 7
56 10
56 39
56 76
56 45
56 77
56 88
56 87
56 24
56 57
56 71
57 64
57 1
57 35
57 65
57 7
57 73
57 10
57 71
57 76
57 45
57 77
57 88
57 19
57 55
57 24
58 4
58 70
58 39
58 12
58 45
58 87
58 57
60 16
60 8
60 83
60 84
61 1
61 35
61 4
61 70
61 39
61 12
61 45
61 87
61 57
62 64
62 65
62 66
62 75
62 36
62 7
62 40
62 73
62 10
62 71
62 14
62 19
62 78
62 86
62 55
62 46
62 25
62 42
63 2
63 4
63 5
63 11
63 12
63 29
65 2
65 5
65 11
65 16
65 84
65 29
67 64
67 1
67 66
67 35
67 65
67 7
67 40
67 73
67 10
67 71
67 76
67 77
67 88
67 19
67 55
67 24
67 42
67 62
68 4
68 70
68 39
68 12
68 45
68 87
68 57
70 64
70 65
70 66
70 75
70 36
70 7
70 40
70 73
70 42
70 71
70 14
70 19
70 78
70 86
70 55
70 46
70 25
70 62
71 64
71 1
71 66
71 35
71 65
71 7
71 73
71 10
71 76
71 77
71 88
71 19
71 55
71 24
72 64
72 1
72 35
72 65
72 7
72 73
72 10
72 71
72 76
72 77
72 88
72 19
72 55
72 24
72 57
73 64
73 66
73 75
73 36
73 7
73 40
73 42
73 71
73 14
73 19
73 78
73 86
73 55
73 46
73 25
73 61
73 62
74 64
74 65
74 66
74 75
74 36
74 7
74 40
74 73
74 42
74 71
74 14
74 19
74 78
74 86
74 55
74 46
74 25
74 62
75 64
75 65
75 66
75 36
75 7
75 40
75 73
75 42
75 71
75 14
75 19
75 78
75 86
75 55
75 46
75 25
75 62
77 14
77 17
77 25
77 31
77 33
77 36
77 40
77 41
77 42
77 43
77 46
77 47
77 48
77 52
77 61
77 62
77 66
77 73
77 74
77 75
77 78
77 86
78 64
78 66
78 75
78 36
78 40
78 73
78 42
78 43
78 14
78 61
78 17
78 19
78 46
78 86
78 55
78 25
78 74
78 62
79 8
79 9
79 83
80 16
80 8
80 83
80 84
85 2
85 5
85 11
85 16
85 84
85 29
86 2
86 4
86 5
86 70
86 39
86 11
86 12
86 87
86 29
87 14
87 17
87 25
87 31
87 32
87 33
87 36
87 40
87 41
87 42
87 43
87 46
87 47
87 48
87 52
87 56
87 61
87 62
87 66
87 74
87 75
87 78
87 86
