88
2 5
2 6
2 39
2 49
2 85
2 56
2 31
2 60
2 63
3 1
3 4
3 7
3 9
3 11
3 17
3 21
3 23
3 27
3 30
3 32
3 34
3 35
3 40
3 41
3 43
3 50
3 57
3 62
3 67
3 68
3 86
3 87
4 32
4 34
4 35
4 68
4 31
4 9
4 11
4 17
4 82
4 85
4 41
4 26
4 27
4 62
4 21
10 34
10 35
10 31
10 9
10 11
10 82
10 85
10 56
10 26
10 63
10 60
10 62
10 21
13 5
13 6
13 39
13 83
13 28
13 29
18 5
18 6
18 39
18 28
18 49
18 83
18 56
18 60
18 63
20 16
21 1
21 3
21 4
21 7
21 14
21 17
21 19
21 23
21 27
21 30
21 32
21 36
21 40
21 41
21 42
21 43
21 50
21 57
21 67
21 68
21 77
21 86
21 87
22 51
23 1
23 3
23 4
23 7
23 14
23 17
23 19
23 27
23 30
23 32
23 36
23 40
23 41
23 42
23 43
23 47
23 50
23 57
23 59
23 67
23 68
23 77
23 86
23 87
24 1
24 3
24 4
24 7
24 14
24 17
24 19
24 23
24 27
24 30
24 32
24 36
24 40
24 41
24 42
24 43
24 50
24 57
24 67
24 68
24 77
24 86
24 87
26 34
26 35
26 11
26 49
26 82
26 21
26 56
26 62
26 31
26 60
26 85
26 63
27 1
27 3
27 4
27 7
27 9
27 17
27 21
27 23
27 30
27 32
27 34
27 35
27 40
27 41
27 43
27 50
27 57
27 62
27 67
27 68
27 86
27 87
30 1
30 3
30 4
30 7
30 9
30 17
30 21
30 23
30 27
30 32
30 34
30 35
30 40
30 41
30 43
30 50
30 57
30 62
30 67
30 68
30 86
30 87
31 4
31 7
31 9
31 11
31 17
31 21
31 23
31 26
31 27
31 30
31 32
31 34
31 35
31 41
31 43
31 50
31 57
31 62
31 67
31 68
31 86
31 87
32 1
32 3
32 4
32 7
32 14
32 17
32 19
32 23
32 27
32 30
32 36
32 40
32 41
32 42
32 43
32 50
32 57
32 67
32 68
32 77
32 86
32 87
33 5
33 6
33 39
33 49
33 82
33 85
33 56
33 26
33 31
33 60
33 63
34 32
34 35
34 68
34 86
34 31
34 9
34 30
34 11
34 17
34 82
34 67
34 85
34 43
34 41
34 23
34 26
34 27
34 62
34 21
35 32
35 34
35 67
35 4
35 86
35 7
35 9
35 57
35 11
35 82
35 17
35 50
35 30
35 21
35 43
35 41
35 23
35 68
35 26
35 27
35 62
36 34
36 35
36 31
36 9
36 11
36 82
36 85
36 56
36 26
36 63
36 60
36 62
36 21
37 32
37 34
37 35
37 68
37 9
37 11
37 17
37 82
37 85
37 41
37 26
37 31
37 62
37 21
38 34
38 35
38 31
38 9
38 11
38 82
38 85
38 56
38 26
38 63
38 60
38 62
38 21
40 1
40 3
40 4
40 7
40 14
40 17
40 19
40 23
40 27
40 30
40 32
40 36
40 41
40 42
40 43
40 50
40 57
40 59
40 67
40 68
40 77
40 86
40 87
41 34
41 35
41 31
41 9
41 11
41 82
41 85
41 56
41 26
41 63
41 60
41 62
41 21
42 32
42 34
42 35
42 68
42 31
42 9
42 11
42 43
42 17
42 82
42 85
42 86
42 41
42 23
42 26
42 27
42 62
42 21
43 1
43 3
43 4
43 7
43 14
43 17
43 19
43 23
43 27
43 30
43 32
43 36
43 40
43 41
43 42
43 50
43 57
43 67
43 68
43 77
43 86
43 87
44 1
44 3
44 4
44 7
44 14
44 17
44 19
44 23
44 27
44 30
44 32
44 36
44 40
44 41
44 42
44 43
44 50
44 57
44 67
44 68
44 77
44 86
44 87
45 5
45 6
45 39
45 11
45 49
45 82
45 85
45 56
45 26
45 31
45 60
45 63
46 32
46 34
46 35
46 68
46 31
46 9
46 11
46 43
46 17
46 82
46 67
46 85
46 86
46 41
46 23
46 26
46 27
46 62
46 21
47 34
47 35
47 31
47 9
47 11
47 82
47 85
47 56
47 26
47 63
47 60
47 62
47 21
48 5
48 6
48 39
48 49
48 82
48 85
48 56
48 26
48 31
48 60
48 63
49 1
49 3
49 4
49 7
49 14
49 17
49 19
49 23
49 27
49 30
49 32
49 36
49 40
49 41
49 42
49 43
49 47
49 50
49 57
49 59
49 64
49 67
49 68
49 77
49 86
49 87
53 28
53 83
53 84
53 29
54 51
54 52
55 1
55 3
55 4
55 7
55 14
55 19
55 23
55 24
55 27
55 30
55 36
55 40
55 42
55 43
55 45
55 47
55 50
55 57
55 59
55 64
55 67
55 68
55 70
55 76
55 77
55 86
55 87
56 1
56 3
56 4
56 7
56 14
56 17
56 19
56 23
56 27
56 30
56 32
56 36
56 40
56 41
56 42
56 43
56 50
56 57
56 67
56 68
56 77
56 86
56 87
57 32
57 34
57 35
57 68
57 31
57 9
57 11
57 17
57 82
57 85
57 41
57 26
57 27
57 62
57 21
58 84
58 29
61 5
61 6
61 39
61 49
61 83
61 28
61 29
62 1
62 3
62 4
62 7
62 14
62 17
62 19
62 23
62 27
62 30
62 32
62 36
62 40
62 41
62 42
62 43
62 50
62 57
62 67
62 68
62 77
62 86
62 87
64 34
64 35
64 31
64 9
64 11
64 17
64 82
64 85
64 56
64 26
64 63
64 60
64 62
64 21
65 28
65 84
65 29
66 83
66 28
66 29
67 1
67 3
67 4
67 7
67 14
67 17
67 19
67 23
67 24
67 27
67 30
67 32
67 36
67 40
67 41
67 42
67 43
67 45
67 47
67 50
67 57
67 59
67 64
67 68
67 77
67 86
67 87
70 1
70 3
70 4
70 7
70 14
70 17
70 19
70 23
70 27
70 30
70 32
70 36
70 40
70 41
70 42
70 43
70 47
70 50
70 57
70 59
70 64
70 67
70 68
70 77
70 86
70 87
71 5
71 6
71 39
71 49
71 85
71 56
71 31
71 60
71 63
72 5
72 6
72 39
72 83
72 28
72 29
73 34
73 35
73 31
73 9
73 11
73 82
73 85
73 56
73 26
73 63
73 60
73 62
73 21
74 5
74 6
74 39
74 28
74 49
74 83
74 56
74 60
74 63
75 5
75 6
75 39
75 49
75 83
75 28
75 29
76 32
76 34
76 35
76 9
76 11
76 17
76 82
76 85
76 41
76 26
76 31
76 62
76 21
77 1
77 3
77 4
77 7
77 9
77 14
77 17
77 19
77 23
77 27
77 30
77 32
77 36
77 40
77 41
77 43
77 50
77 57
77 67
77 68
77 86
77 87
78 34
78 35
78 31
78 9
78 11
78 82
78 85
78 56
78 26
78 63
78 60
78 62
78 21
79 28
79 83
79 84
79 29
80 84
81 34
81 35
81 31
81 9
81 11
81 82
81 85
81 56
81 26
81 63
81 60
81 62
81 21
82 1
82 3
82 4
82 7
82 14
82 17
82 19
82 23
82 27
82 30
82 32
82 36
82 40
82 41
82 42
82 43
82 50
82 57
82 67
82 68
82 77
82 86
82 87
86 5
86 6
86 39
86 49
86 83
86 28
86 29
87 1
87 3
87 4
87 7
87 14
87 17
87 19
87 23
87 27
87 30
87 32
87 36
87 40
87 41
87 42
87 43
87 47
87 50
87 57
87 59
87 67
87 68
87 77
87 86
88 1
88 3
88 4
88 7
88 9
88 17
88 21
88 23
88 27
88 30
88 32
88 34
88 40
88 41
88 43
88 50
88 57
88 62
88 67
88 68
88 86
88 87
