88
1 81
1 18
1 70
1 82
1 22
2 1
2 4
2 5
2 8
2 9
2 11
2 13
2 14
2 20
2 24
2 29
2 30
2 31
2 32
2 34
2 36
2 42
2 44
2 45
2 48
2 49
2 50
2 54
2 56
2 59
2 60
2 64
2 78
2 80
2 83
2 85
2 87
4 32
4 2
4 49
4 7
4 40
4 43
4 86
4 24
4 48
4 81
4 18
4 22
4 87
4 56
4 39
4 59
4 60
4 29
5 1
5 2
5 4
5 8
5 9
5 11
5 13
5 14
5 20
5 24
5 29
5 30
5 31
5 32
5 34
5 36
5 39
5 42
5 44
5 45
5 48
5 49
5 50
5 54
5 56
5 59
5 60
5 64
5 78
5 80
5 85
5 87
9 2
9 4
9 5
9 7
9 14
9 20
9 22
9 24
9 29
9 32
9 39
9 40
9 42
9 43
9 48
9 49
9 56
9 59
9 60
9 81
9 86
9 87
10 86
10 70
10 7
10 43
10 18
10 81
10 82
10 22
12 32
12 2
12 43
12 4
12 49
12 7
12 40
12 39
12 82
12 81
12 18
12 22
12 24
12 86
12 60
13 32
13 2
13 43
13 4
13 5
13 7
13 8
13 42
13 39
13 14
13 56
13 48
13 40
13 20
13 86
13 87
13 24
13 49
13 59
13 60
13 29
14 1
14 2
14 4
14 5
14 8
14 11
14 20
14 24
14 29
14 32
14 34
14 39
14 40
14 42
14 45
14 48
14 49
14 54
14 56
14 59
14 60
14 86
14 87
19 32
19 2
19 43
19 4
19 49
19 7
19 40
19 39
19 82
19 81
19 18
19 22
19 24
19 86
23 19
26 2
26 4
26 5
26 7
26 8
26 11
26 14
26 20
26 24
26 29
26 32
26 34
26 39
26 40
26 42
26 48
26 49
26 56
26 59
26 60
26 86
26 87
27 86
27 70
27 39
27 40
27 43
27 82
27 81
27 18
27 22
27 7
28 86
28 70
28 39
28 40
28 43
28 82
28 81
28 18
28 22
28 7
29 1
29 2
29 4
29 5
29 8
29 9
29 11
29 14
29 20
29 24
29 30
29 31
29 32
29 34
29 36
29 39
29 40
29 42
29 45
29 48
29 49
29 50
29 54
29 56
29 59
29 60
29 80
29 85
29 87
30 2
30 49
30 39
30 40
30 43
30 82
30 24
30 81
30 18
30 22
30 7
30 86
31 32
31 2
31 43
31 4
31 49
31 7
31 40
31 39
31 82
31 81
31 18
31 22
31 24
31 86
32 1
32 2
32 4
32 5
32 8
32 9
32 11
32 13
32 14
32 20
32 24
32 29
32 30
32 31
32 34
32 36
32 42
32 44
32 45
32 48
32 49
32 50
32 51
32 54
32 56
32 58
32 59
32 60
32 64
32 68
32 76
32 78
32 80
32 83
32 85
32 87
36 1
36 2
36 4
36 5
36 8
36 9
36 11
36 13
36 14
36 20
36 24
36 29
36 30
36 31
36 32
36 34
36 42
36 44
36 45
36 48
36 49
36 50
36 51
36 54
36 56
36 58
36 59
36 60
36 64
36 68
36 76
36 78
36 80
36 83
36 85
36 87
37 32
37 2
37 43
37 4
37 49
37 7
37 40
37 39
37 82
37 81
37 18
37 22
37 24
37 86
37 60
38 2
38 4
38 5
38 8
38 11
38 14
38 20
38 24
38 29
38 32
38 34
38 39
38 40
38 42
38 48
38 49
38 54
38 56
38 59
38 60
38 86
38 87
43 1
43 2
43 4
43 5
43 8
43 9
43 11
43 14
43 20
43 24
43 29
43 30
43 31
43 32
43 34
43 36
43 39
43 40
43 42
43 45
43 48
43 49
43 50
43 54
43 56
43 59
43 60
43 80
43 85
43 87
44 32
44 2
44 43
44 4
44 49
44 7
44 40
44 39
44 18
44 24
44 81
44 82
44 22
44 56
44 86
44 60
44 29
46 1
46 5
46 8
46 9
46 11
46 13
46 14
46 20
46 29
46 30
46 31
46 34
46 36
46 37
46 42
46 44
46 45
46 48
46 50
46 51
46 54
46 56
46 58
46 59
46 60
46 63
46 64
46 66
46 68
46 76
46 78
46 80
46 83
46 85
46 87
50 32
50 2
50 43
50 4
50 49
50 7
50 40
50 39
50 18
50 24
50 81
50 82
50 22
50 56
50 86
50 60
50 29
54 1
54 2
54 4
54 5
54 8
54 9
54 11
54 14
54 20
54 24
54 29
54 31
54 32
54 34
54 36
54 39
54 40
54 42
54 45
54 48
54 49
54 50
54 56
54 59
54 60
54 80
54 87
55 1
55 2
55 4
55 5
55 8
55 9
55 11
55 13
55 14
55 20
55 24
55 29
55 30
55 31
55 32
55 34
55 36
55 42
55 44
55 45
55 48
55 49
55 50
55 51
55 54
55 56
55 58
55 59
55 60
55 64
55 68
55 76
55 78
55 80
55 83
55 85
55 87
62 1
62 2
62 4
62 5
62 8
62 11
62 14
62 20
62 24
62 29
62 32
62 34
62 39
62 40
62 42
62 45
62 48
62 49
62 54
62 56
62 59
62 60
62 86
62 87
63 1
63 2
63 4
63 5
63 8
63 9
63 11
63 13
63 14
63 20
63 24
63 29
63 30
63 31
63 32
63 34
63 36
63 42
63 44
63 45
63 48
63 49
63 50
63 51
63 54
63 56
63 59
63 60
63 64
63 76
63 78
63 80
63 83
63 85
63 87
64 1
64 2
64 4
64 5
64 8
64 9
64 11
64 13
64 14
64 20
64 24
64 29
64 30
64 31
64 32
64 34
64 36
64 39
64 42
64 44
64 45
64 48
64 49
64 50
64 54
64 56
64 59
64 60
64 78
64 80
64 85
64 87
67 1
67 4
67 5
67 8
67 9
67 11
67 13
67 14
67 20
67 29
67 30
67 31
67 32
67 34
67 36
67 37
67 42
67 44
67 45
67 48
67 50
67 51
67 54
67 56
67 58
67 59
67 60
67 64
67 66
67 68
67 76
67 78
67 80
67 83
67 85
67 87
71 1
71 2
71 4
71 5
71 8
71 9
71 11
71 13
71 14
71 20
71 24
71 29
71 30
71 31
71 32
71 34
71 36
71 42
71 44
71 45
71 48
71 49
71 50
71 51
71 54
71 56
71 58
71 59
71 60
71 64
71 68
71 76
71 78
71 80
71 83
71 85
71 87
72 32
72 2
72 43
72 4
72 49
72 7
72 40
72 39
72 82
72 24
72 81
72 18
72 22
72 56
72 86
72 60
74 1
74 5
74 8
74 9
74 11
74 13
74 14
74 20
74 29
74 30
74 31
74 34
74 36
74 37
74 42
74 44
74 45
74 48
74 50
74 51
74 54
74 56
74 58
74 59
74 60
74 63
74 64
74 66
74 68
74 76
74 78
74 80
74 83
74 85
74 87
77 1
77 2
77 4
77 5
77 8
77 9
77 11
77 13
77 14
77 20
77 24
77 29
77 30
77 31
77 32
77 34
77 36
77 42
77 44
77 45
77 48
77 49
77 50
77 51
77 54
77 56
77 59
77 60
77 64
77 76
77 78
77 80
77 83
77 85
77 87
81 86
81 70
81 39
81 40
81 43
81 82
81 18
81 22
81 7
83 86
83 70
83 39
83 40
83 43
83 82
83 81
83 18
83 22
83 7
86 32
86 2
86 43
86 4
86 5
86 7
86 8
86 42
86 39
86 14
86 56
86 48
86 81
86 20
86 87
86 40
86 24
86 49
86 59
86 60
86 29
88 1
88 2
88 4
88 5
88 8
88 9
88 11
88 14
88 20
88 24
88 29
88 30
88 31
88 32
88 34
88 36
88 39
88 40
88 42
88 45
88 48
88 49
88 50
88 54
88 56
88 59
88 60
88 80
88 85
88 87
