88
1 3
1 5
1 6
1 7
1 9
1 11
1 14
1 21
1 22
1 23
1 24
1 25
1 27
1 28
1 29
1 32
1 34
1 35
1 37
1 38
1 43
1 45
1 47
1 50
1 53
1 55
1 57
1 58
1 61
1 64
1 68
1 72
1 73
1 74
1 75
1 76
1 77
1 78
1 79
1 80
1 83
1 87
1 88
2 3
2 5
2 9
2 10
2 11
2 14
2 18
2 19
2 21
2 22
2 23
2 28
2 29
2 31
2 32
2 33
2 34
2 37
2 39
2 45
2 46
2 54
2 56
2 57
2 61
2 62
2 64
2 65
2 69
2 73
2 75
2 77
2 79
2 80
2 81
2 87
2 88
9 1
9 5
9 6
9 7
9 11
9 21
9 22
9 23
9 24
9 25
9 26
9 27
9 28
9 29
9 32
9 34
9 35
9 37
9 38
9 41
9 43
9 45
9 47
9 48
9 50
9 52
9 53
9 55
9 57
9 58
9 59
9 64
9 66
9 68
9 71
9 72
9 73
9 74
9 75
9 76
9 77
9 78
9 79
9 80
9 83
9 84
9 87
13 2
13 4
13 6
13 20
13 25
13 26
13 35
13 41
13 42
13 43
13 48
13 52
13 55
13 59
13 63
13 66
13 67
13 71
13 72
13 74
13 76
13 82
13 83
13 84
13 86
14 3
14 5
14 9
14 10
14 11
14 18
14 19
14 21
14 22
14 23
14 28
14 29
14 31
14 32
14 33
14 34
14 37
14 39
14 45
14 46
14 54
14 56
14 57
14 61
14 62
14 64
14 65
14 69
14 73
14 75
14 77
14 79
14 80
14 81
14 87
14 88
18 3
18 5
18 8
18 9
18 10
18 11
18 14
18 19
18 21
18 22
18 23
18 28
18 31
18 33
18 34
18 37
18 39
18 46
18 49
18 54
18 56
18 57
18 60
18 61
18 62
18 64
18 65
18 69
18 73
18 75
18 77
18 79
18 80
18 81
18 87
18 88
19 3
19 5
19 7
19 9
19 10
19 11
19 14
19 21
19 22
19 23
19 24
19 27
19 28
19 29
19 31
19 32
19 33
19 34
19 37
19 38
19 39
19 45
19 50
19 53
19 54
19 56
19 57
19 61
19 64
19 65
19 68
19 69
19 73
19 75
19 77
19 79
19 80
19 81
19 87
19 88
22 3
22 5
22 8
22 9
22 10
22 11
22 14
22 18
22 19
22 21
22 23
22 28
22 31
22 33
22 34
22 37
22 39
22 44
22 46
22 49
22 54
22 56
22 57
22 60
22 61
22 62
22 64
22 65
22 69
22 73
22 75
22 77
22 79
22 80
22 81
22 87
22 88
23 3
23 5
23 7
23 9
23 10
23 11
23 14
23 19
23 21
23 22
23 24
23 27
23 28
23 29
23 31
23 32
23 33
23 34
23 37
23 38
23 39
23 45
23 50
23 53
23 56
23 57
23 61
23 64
23 65
23 68
23 69
23 73
23 75
23 77
23 79
23 80
23 81
23 87
23 88
24 3
24 5
24 9
24 10
24 11
24 14
24 18
24 19
24 21
24 22
24 23
24 28
24 29
24 31
24 32
24 33
24 34
24 37
24 39
24 45
24 46
24 54
24 56
24 57
24 61
24 62
24 64
24 65
24 69
24 73
24 75
24 77
24 79
24 80
24 81
24 87
24 88
28 3
28 5
28 9
28 10
28 11
28 14
28 18
28 19
28 21
28 22
28 23
28 31
28 32
28 33
28 34
28 37
28 39
28 46
28 49
28 54
28 56
28 57
28 61
28 62
28 64
28 65
28 69
28 73
28 75
28 77
28 79
28 80
28 81
28 87
28 88
29 3
29 5
29 9
29 10
29 11
29 14
29 19
29 21
29 22
29 23
29 24
29 28
29 31
29 32
29 33
29 34
29 37
29 39
29 45
29 46
29 50
29 54
29 56
29 57
29 61
29 62
29 64
29 65
29 69
29 73
29 75
29 77
29 79
29 80
29 81
29 87
29 88
30 1
30 2
30 4
30 6
30 7
30 20
30 25
30 26
30 27
30 35
30 38
30 41
30 42
30 43
30 47
30 48
30 52
30 53
30 55
30 58
30 59
30 63
30 66
30 67
30 68
30 71
30 72
30 74
30 76
30 78
30 83
30 84
30 86
31 1
31 3
31 5
31 6
31 7
31 9
31 11
31 14
31 21
31 22
31 23
31 24
31 25
31 26
31 27
31 28
31 29
31 32
31 34
31 35
31 37
31 38
31 43
31 45
31 47
31 48
31 50
31 53
31 55
31 57
31 58
31 61
31 64
31 68
31 72
31 73
31 74
31 75
31 76
31 77
31 78
31 79
31 80
31 83
31 84
31 87
31 88
42 3
42 5
42 9
42 10
42 11
42 14
42 19
42 21
42 22
42 23
42 24
42 27
42 28
42 29
42 31
42 32
42 33
42 34
42 37
42 39
42 45
42 50
42 53
42 54
42 56
42 57
42 61
42 64
42 65
42 68
42 69
42 73
42 75
42 77
42 79
42 80
42 81
42 87
42 88
44 3
44 5
44 9
44 10
44 11
44 14
44 18
44 19
44 21
44 22
44 23
44 28
44 29
44 31
44 32
44 33
44 34
44 37
44 39
44 45
44 46
44 54
44 56
44 57
44 61
44 62
44 64
44 65
44 69
44 73
44 75
44 77
44 79
44 80
44 81
44 87
44 88
46 3
46 5
46 9
46 10
46 11
46 14
46 18
46 19
46 21
46 22
46 23
46 28
46 31
46 32
46 33
46 34
46 37
46 39
46 49
46 54
46 56
46 57
46 61
46 62
46 64
46 65
46 69
46 73
46 75
46 77
46 79
46 80
46 81
46 87
46 88
49 1
49 2
49 4
49 6
49 7
49 20
49 25
49 26
49 35
49 38
49 41
49 42
49 43
49 47
49 48
49 52
49 55
49 58
49 59
49 63
49 66
49 67
49 71
49 72
49 74
49 76
49 78
49 82
49 83
49 84
49 86
50 1
50 5
50 6
50 7
50 11
50 20
50 21
50 24
50 25
50 26
50 27
50 29
50 32
50 34
50 35
50 37
50 38
50 41
50 43
50 45
50 47
50 48
50 52
50 53
50 55
50 58
50 59
50 63
50 64
50 66
50 68
50 71
50 72
50 73
50 74
50 75
50 76
50 77
50 78
50 79
50 80
50 83
50 84
56 1
56 5
56 6
56 7
56 11
56 14
56 21
56 22
56 23
56 24
56 25
56 26
56 27
56 28
56 29
56 32
56 34
56 35
56 37
56 38
56 41
56 43
56 45
56 47
56 48
56 50
56 52
56 53
56 55
56 57
56 58
56 61
56 64
56 66
56 68
56 72
56 73
56 74
56 75
56 76
56 77
56 78
56 79
56 80
56 83
56 84
56 87
56 88
69 3
69 5
69 9
69 10
69 11
69 14
69 18
69 19
69 21
69 22
69 23
69 28
69 29
69 31
69 32
69 33
69 34
69 37
69 39
69 45
69 46
69 54
69 56
69 57
69 61
69 62
69 64
69 65
69 73
69 75
69 77
69 79
69 80
69 81
69 87
69 88
78 3
78 5
78 8
78 9
78 10
78 11
78 14
78 18
78 19
78 21
78 22
78 23
78 28
78 31
78 33
78 34
78 37
78 39
78 46
78 49
78 54
78 56
78 57
78 60
78 61
78 62
78 64
78 65
78 69
78 73
78 75
78 77
78 79
78 80
78 81
78 87
78 88
83 1
83 5
83 6
83 7
83 11
83 14
83 21
83 22
83 23
83 24
83 25
83 26
83 27
83 28
83 29
83 32
83 34
83 35
83 37
83 38
83 43
83 45
83 47
83 48
83 50
83 52
83 53
83 55
83 57
83 58
83 61
83 64
83 68
83 72
83 73
83 74
83 75
83 76
83 77
83 78
83 79
83 80
83 84
83 87
83 88
