88
1 34
1 67
1 70
1 49
1 40
1 9
1 10
1 45
1 14
1 81
1 51
1 22
1 73
1 59
1 74
1 31
2 4
2 5
2 72
2 42
2 50
2 15
2 82
2 20
2 57
3 24
3 33
3 18
3 38
5 34
5 67
5 70
5 49
5 9
5 10
5 45
5 14
5 81
5 51
5 22
5 73
5 56
5 57
5 59
5 74
5 31
6 64
6 1
6 34
6 67
6 49
6 70
6 7
6 40
6 9
6 10
6 45
6 14
6 81
6 51
6 22
6 73
6 59
6 74
6 31
7 33
7 38
9 1
9 2
9 6
9 7
9 11
9 13
9 19
9 21
9 23
9 26
9 29
9 54
9 58
9 63
9 64
9 75
9 76
9 77
9 78
9 79
9 83
9 87
9 88
10 34
10 67
10 70
10 49
10 40
10 9
10 74
10 45
10 14
10 81
10 51
10 22
10 73
10 59
10 31
15 4
15 5
15 72
15 42
15 82
15 50
15 20
15 56
15 57
18 64
18 1
18 34
18 67
18 31
18 49
18 70
18 7
18 40
18 9
18 10
18 45
18 14
18 77
18 81
18 51
18 22
18 73
18 59
18 74
18 63
19 64
19 1
19 34
19 67
19 49
19 70
19 7
19 40
19 9
19 10
19 45
19 14
19 81
19 51
19 22
19 73
19 59
19 74
19 31
20 1
20 2
20 6
20 7
20 11
20 13
20 19
20 21
20 23
20 26
20 29
20 54
20 58
20 63
20 64
20 75
20 76
20 77
20 78
20 79
20 83
20 87
20 88
21 1
21 6
21 7
21 9
21 10
21 14
21 22
21 31
21 34
21 40
21 45
21 51
21 54
21 59
21 63
21 64
21 73
21 74
21 75
21 77
21 81
21 83
21 88
22 4
22 5
22 18
22 15
22 82
22 20
22 24
23 42
23 34
23 67
23 70
23 49
23 9
23 10
23 45
23 14
23 81
23 50
23 51
23 22
23 73
23 56
23 57
23 59
23 74
23 31
24 34
24 67
24 70
24 72
24 9
24 10
24 14
24 49
24 50
24 42
24 73
24 56
24 57
24 59
24 74
25 5
25 70
25 72
25 42
25 50
25 15
25 49
25 82
25 20
25 56
25 57
26 4
26 5
26 18
26 15
26 82
26 20
26 24
28 24
28 4
28 18
28 20
28 5
30 16
30 84
31 1
31 6
31 7
31 9
31 10
31 14
31 21
31 22
31 34
31 40
31 45
31 51
31 54
31 59
31 63
31 64
31 74
31 75
31 77
31 81
31 83
31 88
32 42
32 34
32 67
32 70
32 49
32 9
32 10
32 45
32 14
32 81
32 51
32 22
32 73
32 56
32 57
32 59
32 74
32 31
33 64
33 1
33 54
33 6
33 7
33 40
33 10
33 75
33 45
33 14
33 77
33 81
33 83
33 21
33 22
33 88
33 31
33 51
33 63
34 64
34 1
34 54
34 6
34 7
34 40
34 10
34 75
34 45
34 77
34 81
34 83
34 21
34 22
34 88
34 31
34 51
34 63
35 24
35 18
35 4
35 38
36 4
36 5
36 72
36 42
36 50
36 15
36 82
36 20
36 56
36 57
37 33
37 38
38 42
38 34
38 67
38 70
38 72
38 9
38 10
38 14
38 49
38 50
38 51
38 73
38 56
38 57
38 59
38 74
39 42
39 34
39 67
39 70
39 49
39 72
39 9
39 10
39 14
39 81
39 50
39 51
39 73
39 56
39 57
39 59
39 74
40 67
40 5
40 70
40 72
40 42
40 50
40 15
40 49
40 82
40 20
40 56
40 57
41 5
41 70
41 72
41 42
41 50
41 15
41 49
41 82
41 20
41 56
41 57
42 34
42 67
42 70
42 72
42 9
42 74
42 50
42 49
42 82
42 73
42 56
42 57
42 59
43 19
43 1
43 75
43 6
43 7
43 40
43 64
43 11
43 76
43 77
43 79
43 88
43 83
43 21
43 54
43 87
43 23
43 58
43 29
43 63
44 64
44 1
44 34
44 54
44 6
44 7
44 40
44 9
44 10
44 75
44 45
44 14
44 77
44 81
44 83
44 21
44 22
44 88
44 31
44 51
44 63
45 64
45 34
45 67
45 49
45 70
45 7
45 40
45 9
45 10
45 14
45 81
45 51
45 22
45 73
45 59
45 74
45 31
46 4
46 5
46 72
46 42
46 50
46 15
46 82
46 20
46 57
47 4
47 5
47 72
47 42
47 50
47 15
47 82
47 20
47 56
47 57
48 24
48 18
48 4
48 5
48 38
49 67
49 70
49 72
49 73
49 42
49 50
49 15
49 82
49 20
49 56
49 57
50 34
50 67
50 70
50 49
50 40
50 9
50 10
50 45
50 14
50 81
50 51
50 22
50 73
50 59
50 74
50 31
52 4
52 5
52 72
52 15
52 82
52 20
52 24
53 4
53 5
53 70
53 72
53 42
53 50
53 15
53 49
53 82
53 20
53 56
53 57
54 64
54 1
54 6
54 7
54 40
54 10
54 75
54 45
54 14
54 77
54 81
54 83
54 21
54 22
54 88
54 31
54 51
54 63
55 33
56 4
56 5
56 72
56 42
56 50
56 15
56 82
56 20
56 57
57 33
57 18
57 38
58 1
58 6
58 7
58 9
58 10
58 14
58 21
58 22
58 31
58 34
58 40
58 45
58 51
58 54
58 63
58 64
58 74
58 75
58 77
58 81
58 83
58 88
60 64
60 1
60 75
60 54
60 6
60 7
60 40
60 31
60 11
60 76
60 77
60 45
60 83
60 21
60 22
60 87
60 88
60 79
60 63
61 24
61 18
61 4
61 38
62 34
62 67
62 70
62 72
62 9
62 42
62 50
62 49
62 82
62 73
62 56
62 57
62 59
62 74
64 24
64 18
64 4
64 38
65 33
66 19
66 1
66 75
66 54
66 6
66 7
66 40
66 64
66 11
66 76
66 77
66 31
66 45
66 83
66 21
66 22
66 87
66 88
66 79
66 63
67 4
67 5
67 72
67 42
67 50
67 15
67 82
67 20
67 56
67 57
68 4
68 5
68 72
68 42
68 50
68 15
68 82
68 20
68 56
68 57
69 33
69 18
69 38
70 33
71 4
71 5
71 18
71 15
71 82
71 20
71 24
72 4
72 5
72 42
72 82
72 15
72 50
72 20
72 56
72 57
73 42
73 34
73 67
73 70
73 72
73 9
73 10
73 14
73 49
73 50
73 51
73 56
73 57
73 59
73 74
74 34
74 67
74 70
74 49
74 9
74 10
74 45
74 14
74 81
74 50
74 51
74 22
74 73
74 56
74 57
74 59
74 42
74 31
75 19
75 1
75 2
75 6
75 63
75 11
75 76
75 77
75 46
75 13
75 88
75 29
75 83
75 78
75 54
75 87
75 23
75 58
75 79
75 26
75 21
76 19
76 1
76 75
76 6
76 7
76 40
76 64
76 11
76 77
76 13
76 88
76 83
76 21
76 54
76 87
76 23
76 58
76 79
76 29
76 63
77 67
77 70
77 72
77 42
77 50
77 15
77 49
77 82
77 20
77 56
77 57
78 4
78 5
78 18
78 15
78 82
78 20
78 24
79 64
79 1
79 54
79 6
79 7
79 40
79 10
79 75
79 45
79 14
79 77
79 81
79 83
79 21
79 22
79 88
79 31
79 51
79 63
80 4
80 5
80 72
80 42
80 50
80 15
80 82
80 20
80 57
81 4
81 5
81 72
81 42
81 50
81 15
81 82
81 20
81 56
81 57
82 24
82 18
82 38
83 42
83 34
83 67
83 70
83 49
83 9
83 10
83 45
83 14
83 81
83 50
83 51
83 22
83 73
83 56
83 57
83 59
83 74
83 31
87 24
87 18
87 38
88 34
88 67
88 70
88 72
88 9
88 42
88 50
88 49
88 82
88 73
88 56
88 57
88 59
88 74
