88
1 3
1 4
1 6
1 13
1 14
1 24
1 25
1 26
1 35
1 37
1 45
1 49
1 52
1 55
1 60
1 70
1 74
1 77
1 78
1 81
1 84
1 88
2 1
2 3
2 4
2 6
2 13
2 14
2 24
2 25
2 26
2 32
2 35
2 37
2 45
2 49
2 52
2 55
2 60
2 70
2 74
2 77
2 78
2 81
2 84
2 88
4 83
4 16
4 50
4 59
5 83
5 16
5 50
5 59
6 64
6 20
6 27
6 36
7 64
7 27
7 20
8 1
8 3
8 4
8 10
8 13
8 14
8 24
8 25
8 26
8 28
8 30
8 31
8 32
8 35
8 37
8 39
8 44
8 45
8 46
8 47
8 48
8 55
8 63
8 67
8 68
8 70
8 73
8 74
8 75
8 76
8 77
8 78
8 81
9 83
9 16
9 50
9 59
10 1
10 3
10 4
10 6
10 13
10 14
10 24
10 25
10 26
10 35
10 36
10 37
10 45
10 49
10 52
10 55
10 60
10 70
10 74
10 77
10 78
10 84
10 88
11 1
11 3
11 4
11 5
11 10
11 13
11 25
11 26
11 28
11 30
11 31
11 32
11 37
11 39
11 44
11 46
11 47
11 48
11 63
11 67
11 68
11 73
11 74
11 75
11 76
11 77
11 78
11 81
12 64
12 27
12 20
13 64
13 36
13 49
13 52
13 20
13 27
13 60
16 50
16 59
17 64
17 27
17 20
18 1
18 3
18 4
18 6
18 13
18 14
18 24
18 25
18 26
18 28
18 31
18 32
18 35
18 37
18 44
18 45
18 55
18 60
18 68
18 70
18 74
18 76
18 77
18 78
18 81
18 84
18 88
19 83
19 16
19 50
19 59
21 83
21 16
21 50
21 59
22 83
22 16
22 50
22 59
23 70
23 3
23 4
23 25
23 6
23 77
23 14
23 45
23 49
23 35
23 52
23 55
23 24
23 84
23 60
23 88
23 36
24 1
24 3
24 4
24 10
24 13
24 14
24 25
24 26
24 28
24 30
24 31
24 32
24 35
24 37
24 39
24 44
24 45
24 46
24 47
24 48
24 55
24 63
24 67
24 68
24 70
24 74
24 75
24 76
24 77
24 78
24 81
25 64
25 36
25 49
25 52
25 20
25 27
25 60
27 64
27 36
27 49
27 84
27 52
27 60
27 20
28 70
28 3
28 4
28 25
28 6
28 45
28 14
28 49
28 35
28 84
28 55
28 24
28 52
28 60
28 88
28 36
29 83
29 16
29 50
29 59
30 64
30 27
30 20
31 70
31 3
31 36
31 25
31 6
31 45
31 14
31 49
31 35
31 84
31 55
31 24
31 52
31 60
31 88
33 70
33 3
33 4
33 25
33 6
33 77
33 14
33 45
33 49
33 35
33 52
33 55
33 24
33 84
33 60
33 88
33 36
35 64
35 36
35 70
35 6
35 14
35 49
35 84
35 88
35 52
35 60
35 20
36 64
36 49
36 20
36 52
36 27
36 60
37 1
37 3
37 4
37 6
37 13
37 14
37 24
37 25
37 26
37 32
37 35
37 45
37 49
37 52
37 55
37 60
37 70
37 74
37 77
37 78
37 81
37 84
37 88
38 70
38 3
38 4
38 25
38 6
38 77
38 14
38 45
38 49
38 35
38 52
38 55
38 24
38 84
38 60
38 88
38 36
39 64
39 20
39 27
39 36
39 52
40 70
40 3
40 4
40 25
40 6
40 77
40 14
40 45
40 49
40 35
40 52
40 55
40 24
40 84
40 60
40 88
40 36
41 64
41 35
41 36
41 70
41 6
41 14
41 49
41 84
41 88
41 52
41 60
41 20
42 64
42 36
42 6
42 49
42 84
42 88
42 20
42 60
42 52
43 16
43 27
45 1
45 3
45 4
45 5
45 10
45 13
45 25
45 26
45 28
45 30
45 31
45 32
45 37
45 39
45 44
45 46
45 47
45 48
45 55
45 63
45 67
45 68
45 73
45 74
45 75
45 76
45 77
45 78
45 81
46 1
46 3
46 4
46 5
46 10
46 13
46 25
46 26
46 28
46 30
46 31
46 32
46 37
46 39
46 44
46 45
46 47
46 48
46 55
46 63
46 67
46 68
46 73
46 74
46 75
46 76
46 77
46 78
46 81
47 64
47 27
47 20
48 64
48 35
48 36
48 70
48 6
48 49
48 84
48 88
48 52
48 60
48 20
49 70
49 3
49 4
49 25
49 6
49 77
49 14
49 45
49 88
49 35
49 84
49 55
49 24
49 52
49 60
49 36
50 1
50 3
50 4
50 10
50 13
50 14
50 24
50 25
50 26
50 28
50 30
50 31
50 32
50 35
50 37
50 39
50 44
50 45
50 46
50 47
50 48
50 55
50 63
50 67
50 68
50 70
50 74
50 75
50 76
50 77
50 78
50 81
51 1
51 3
51 4
51 6
51 13
51 14
51 24
51 25
51 26
51 35
51 36
51 37
51 45
51 49
51 52
51 55
51 60
51 70
51 74
51 77
51 78
51 84
51 88
52 1
52 3
52 4
52 5
52 10
52 13
52 25
52 26
52 28
52 30
52 31
52 32
52 37
52 39
52 44
52 45
52 46
52 47
52 48
52 55
52 63
52 67
52 68
52 73
52 74
52 75
52 76
52 77
52 78
52 81
53 64
53 27
54 83
54 16
54 50
54 59
55 1
55 3
55 4
55 10
55 13
55 14
55 24
55 25
55 26
55 28
55 30
55 31
55 32
55 37
55 39
55 44
55 45
55 46
55 47
55 48
55 63
55 67
55 68
55 73
55 74
55 75
55 76
55 77
55 78
55 81
56 35
56 36
56 70
56 6
56 45
56 14
56 49
56 84
56 55
56 24
56 52
56 60
56 88
57 16
57 50
57 59
58 64
58 20
58 27
58 36
58 52
60 1
60 3
60 4
60 6
60 13
60 14
60 24
60 25
60 26
60 28
60 31
60 32
60 35
60 37
60 45
60 49
60 55
60 70
60 74
60 76
60 77
60 78
60 81
60 84
60 88
61 64
61 36
61 49
61 52
61 20
61 27
62 70
62 3
62 4
62 25
62 6
62 77
62 14
62 45
62 49
62 35
62 52
62 55
62 24
62 84
62 60
62 88
62 36
65 16
65 50
66 64
66 36
66 49
66 52
66 20
66 27
66 60
68 1
68 3
68 4
68 6
68 13
68 14
68 24
68 25
68 26
68 35
68 36
68 37
68 45
68 49
68 52
68 55
68 60
68 70
68 74
68 77
68 78
68 84
68 88
69 83
69 16
69 50
69 59
70 64
70 35
70 36
70 6
70 14
70 49
70 84
70 88
70 24
70 52
70 60
70 20
71 64
71 20
71 27
71 36
72 70
72 3
72 4
72 25
72 6
72 77
72 14
72 45
72 49
72 35
72 52
72 78
72 55
72 24
72 84
72 26
72 60
72 88
72 36
73 1
73 3
73 4
73 6
73 10
73 13
73 14
73 24
73 25
73 26
73 28
73 30
73 31
73 32
73 35
73 37
73 39
73 44
73 45
73 55
73 68
73 70
73 74
73 76
73 77
73 78
73 81
73 84
73 88
77 1
77 3
77 4
77 6
77 10
77 13
77 14
77 24
77 25
77 26
77 28
77 30
77 31
77 32
77 35
77 37
77 39
77 44
77 45
77 55
77 63
77 68
77 70
77 74
77 76
77 78
77 81
77 84
77 88
78 64
78 36
78 49
78 52
78 20
78 27
78 60
79 83
79 16
79 50
79 59
80 70
80 3
80 4
80 25
80 6
80 45
80 14
80 49
80 35
80 84
80 55
80 24
80 52
80 60
80 88
80 36
81 64
81 27
81 20
82 64
82 36
82 49
82 52
82 20
82 27
85 64
85 27
85 20
86 64
86 27
86 20
87 64
87 36
87 6
87 49
87 84
87 88
87 20
87 60
87 52
