88
1 33
1 2
1 6
1 9
1 79
1 19
1 85
1 59
2 1
2 6
3 5
3 8
3 9
3 12
3 14
3 19
3 20
3 26
3 30
3 33
3 35
3 38
3 39
3 48
3 51
3 53
3 59
3 61
3 65
3 75
3 79
3 83
3 84
3 85
3 87
3 88
4 19
4 33
4 2
4 38
4 6
4 9
4 79
4 83
4 84
4 53
4 20
4 59
4 85
5 19
5 33
5 2
5 38
5 6
5 51
5 65
5 8
5 9
5 75
5 14
5 79
5 48
5 83
5 84
5 53
5 20
5 59
5 30
5 85
7 19
7 33
7 2
7 5
7 6
7 65
7 38
7 9
7 83
7 79
7 51
7 84
7 53
7 20
7 59
7 85
10 19
10 33
10 2
10 5
10 6
10 38
10 9
10 79
10 83
10 84
10 53
10 20
10 59
10 85
11 3
11 5
11 8
11 9
11 12
11 14
11 20
11 26
11 30
11 33
11 35
11 38
11 39
11 48
11 51
11 53
11 59
11 61
11 65
11 75
11 79
11 83
11 84
11 85
11 87
11 88
14 3
14 5
14 8
14 9
14 12
14 19
14 20
14 26
14 30
14 33
14 35
14 38
14 39
14 48
14 51
14 53
14 59
14 65
14 75
14 79
14 83
14 84
14 85
14 87
14 88
15 1
15 2
15 6
15 79
15 19
15 85
15 59
16 1
16 2
16 6
16 33
16 9
16 79
16 19
16 85
16 59
21 19
21 33
21 2
21 5
21 6
21 65
21 38
21 9
21 83
21 79
21 51
21 84
21 53
21 20
21 59
21 85
23 1
24 1
25 19
25 33
25 2
25 6
25 38
25 9
25 79
25 83
25 84
25 53
25 59
25 85
27 1
27 2
27 19
27 85
27 6
28 1
28 2
28 19
28 6
29 19
29 33
29 2
29 6
29 38
29 9
29 79
29 83
29 84
29 53
29 59
29 85
30 1
30 2
30 19
30 85
30 6
31 1
31 2
31 38
31 6
31 33
31 9
31 79
31 19
31 85
31 59
32 1
32 2
32 6
32 19
32 85
32 59
33 5
33 8
33 9
33 12
33 14
33 19
33 20
33 30
33 35
33 38
33 39
33 48
33 51
33 53
33 59
33 65
33 75
33 79
33 83
33 84
33 85
33 87
33 88
34 3
34 5
34 8
34 9
34 11
34 12
34 13
34 14
34 17
34 20
34 21
34 25
34 26
34 30
34 33
34 35
34 38
34 39
34 42
34 48
34 51
34 53
34 59
34 61
34 65
34 66
34 75
34 79
34 83
34 84
34 87
34 88
35 19
35 33
35 2
35 5
35 6
35 65
35 38
35 9
35 83
35 79
35 51
35 84
35 53
35 20
35 59
35 85
37 1
39 19
39 33
39 2
39 38
39 6
39 9
39 79
39 83
39 84
39 53
39 20
39 59
39 85
40 1
40 2
40 38
40 6
40 33
40 9
40 79
40 19
40 85
40 59
42 3
42 5
42 8
42 9
42 11
42 12
42 13
42 14
42 17
42 20
42 21
42 25
42 26
42 30
42 33
42 35
42 38
42 39
42 48
42 51
42 53
42 61
42 65
42 66
42 67
42 68
42 70
42 75
42 76
42 79
42 83
42 84
42 87
42 88
43 1
43 2
43 6
44 19
44 33
44 2
44 5
44 6
44 65
44 8
44 9
44 75
44 38
44 79
44 51
44 84
44 53
44 83
44 20
44 59
44 85
46 3
46 5
46 8
46 9
46 12
46 14
46 19
46 20
46 26
46 30
46 33
46 35
46 38
46 39
46 48
46 51
46 53
46 59
46 65
46 75
46 79
46 83
46 84
46 85
46 87
46 88
47 1
47 2
47 38
47 6
47 33
47 9
47 79
47 19
47 85
47 59
50 19
50 33
50 2
50 5
50 6
50 65
50 38
50 9
50 83
50 79
50 51
50 84
50 53
50 20
50 59
50 85
51 3
51 5
51 8
51 9
51 12
51 14
51 17
51 20
51 25
51 26
51 30
51 33
51 35
51 38
51 39
51 48
51 53
51 59
51 61
51 65
51 75
51 79
51 83
51 84
51 87
51 88
52 1
55 19
55 33
55 2
55 38
55 5
55 6
55 65
55 8
55 9
55 75
55 14
55 79
55 48
55 51
55 84
55 53
55 83
55 20
55 59
55 30
55 85
57 1
57 2
57 6
58 3
58 5
58 8
58 9
58 11
58 12
58 13
58 14
58 17
58 20
58 21
58 25
58 26
58 30
58 33
58 35
58 38
58 39
58 42
58 48
58 51
58 53
58 59
58 61
58 65
58 66
58 75
58 79
58 83
58 84
58 87
58 88
60 19
60 33
60 2
60 6
60 38
60 9
60 79
60 83
60 84
60 53
60 59
60 85
61 5
61 8
61 9
61 12
61 14
61 19
61 20
61 30
61 33
61 35
61 38
61 39
61 48
61 51
61 53
61 59
61 65
61 75
61 79
61 83
61 84
61 85
61 87
61 88
63 1
63 2
63 38
63 6
63 33
63 9
63 79
63 19
63 85
63 59
64 3
64 5
64 8
64 9
64 11
64 12
64 13
64 14
64 17
64 20
64 21
64 25
64 26
64 30
64 33
64 35
64 38
64 39
64 42
64 48
64 51
64 53
64 61
64 65
64 66
64 67
64 68
64 70
64 75
64 76
64 83
64 84
64 87
64 88
65 3
65 5
65 8
65 9
65 12
65 14
65 19
65 20
65 26
65 30
65 33
65 35
65 38
65 39
65 48
65 51
65 53
65 59
65 75
65 79
65 83
65 84
65 85
65 87
65 88
67 1
67 2
67 19
67 85
67 6
68 1
68 2
68 38
68 6
68 33
68 9
68 79
68 19
68 85
68 59
71 1
71 2
71 6
73 19
73 33
73 2
73 5
73 6
73 38
73 9
73 79
73 83
73 84
73 53
73 20
73 59
73 85
74 19
74 33
74 2
74 5
74 6
74 65
74 8
74 9
74 75
74 38
74 79
74 51
74 84
74 53
74 83
74 20
74 59
74 85
75 3
75 5
75 8
75 9
75 12
75 14
75 20
75 25
75 26
75 30
75 33
75 35
75 38
75 39
75 48
75 51
75 53
75 59
75 61
75 65
75 79
75 83
75 84
75 85
75 87
75 88
76 3
76 5
76 8
76 9
76 11
76 12
76 13
76 14
76 17
76 18
76 20
76 21
76 22
76 25
76 26
76 30
76 33
76 35
76 38
76 39
76 42
76 44
76 48
76 51
76 53
76 61
76 65
76 66
76 67
76 68
76 70
76 75
76 83
76 84
76 87
76 88
77 19
77 33
77 2
77 5
77 6
77 38
77 9
77 79
77 83
77 84
77 53
77 20
77 59
77 85
79 3
79 5
79 8
79 9
79 11
79 12
79 13
79 14
79 17
79 20
79 21
79 25
79 26
79 30
79 33
79 35
79 38
79 39
79 42
79 48
79 51
79 53
79 59
79 61
79 65
79 66
79 75
79 83
79 84
79 87
79 88
82 1
82 2
82 6
82 79
82 19
82 85
82 59
83 3
83 5
83 8
83 9
83 12
83 14
83 17
83 20
83 25
83 26
83 30
83 33
83 35
83 38
83 39
83 48
83 51
83 53
83 59
83 61
83 65
83 75
83 79
83 84
83 87
83 88
85 3
85 5
85 8
85 9
85 11
85 12
85 13
85 14
85 17
85 18
85 20
85 21
85 22
85 25
85 26
85 30
85 33
85 35
85 38
85 39
85 42
85 44
85 48
85 51
85 53
85 61
85 65
85 66
85 67
85 68
85 70
85 75
85 76
85 83
85 84
85 87
85 88
87 3
87 5
87 8
87 9
87 12
87 14
87 19
87 20
87 26
87 30
87 33
87 35
87 38
87 39
87 48
87 51
87 53
87 59
87 65
87 75
87 79
87 83
87 84
87 85
87 88
