88
1 64
1 35
1 4
1 5
1 38
1 40
1 41
1 43
1 77
1 14
1 80
1 56
1 54
1 55
1 88
1 68
1 58
1 27
1 29
1 62
1 63
2 3
2 9
2 21
2 26
2 28
2 31
2 33
2 40
2 42
2 45
2 46
2 47
2 55
2 56
2 57
2 59
2 66
2 67
2 71
2 72
2 73
2 74
2 75
2 79
2 80
3 9
3 21
3 26
3 28
3 31
3 33
3 40
3 42
3 45
3 46
3 47
3 55
3 56
3 57
3 59
3 66
3 67
3 71
3 72
3 73
3 75
3 79
3 80
5 53
6 16
6 25
6 60
6 81
6 65
8 64
8 1
8 4
8 38
8 41
8 43
8 77
8 14
8 48
8 19
8 54
8 88
8 68
8 27
8 29
8 62
8 63
9 33
9 66
9 67
9 70
9 73
9 42
9 75
9 76
9 45
9 79
9 21
9 26
9 59
9 74
10 69
10 70
10 39
10 76
10 44
10 51
10 52
10 85
10 37
11 3
11 5
11 9
11 26
11 28
11 31
11 33
11 35
11 40
11 42
11 45
11 46
11 47
11 55
11 56
11 57
11 58
11 66
11 67
11 71
11 72
11 73
11 79
11 80
12 1
12 4
12 5
12 14
12 27
12 29
12 35
12 38
12 40
12 41
12 43
12 54
12 55
12 56
12 58
12 62
12 63
12 64
12 68
12 77
12 80
12 88
13 1
13 4
13 5
13 14
13 27
13 29
13 35
13 38
13 40
13 41
13 43
13 48
13 54
13 55
13 56
13 58
13 62
13 63
13 64
13 68
13 77
13 80
13 88
15 33
15 66
15 67
15 71
15 72
15 9
15 42
15 75
15 45
15 46
15 47
15 59
15 3
15 21
15 73
15 57
15 26
15 79
15 28
15 74
15 31
18 66
18 37
18 70
18 39
18 73
18 74
18 75
18 76
18 44
18 51
18 52
18 21
18 59
18 85
20 33
20 66
20 67
20 70
20 71
20 73
20 42
20 75
20 76
20 45
20 47
20 59
20 21
20 26
20 79
20 74
22 33
22 66
22 67
22 37
22 70
22 73
22 42
22 75
22 76
22 45
22 79
22 85
22 26
22 59
22 74
22 21
23 66
23 59
23 37
23 70
23 39
23 73
23 42
23 75
23 76
23 45
23 44
23 21
23 79
23 74
23 85
24 1
24 4
24 5
24 14
24 27
24 29
24 35
24 38
24 40
24 41
24 43
24 48
24 54
24 55
24 56
24 58
24 62
24 63
24 64
24 68
24 77
24 88
27 1
27 3
27 4
27 5
27 9
27 14
27 31
27 35
27 40
27 41
27 54
27 55
27 56
27 57
27 58
27 62
27 63
27 64
27 68
27 72
27 77
27 80
27 88
29 69
29 70
29 39
29 76
29 44
29 51
29 52
29 85
29 37
34 33
34 66
34 67
34 70
34 71
34 73
34 42
34 75
34 76
34 45
34 46
34 47
34 59
34 21
34 26
34 79
34 28
34 74
35 3
35 4
35 5
35 9
35 26
35 27
35 28
35 31
35 33
35 40
35 42
35 45
35 46
35 47
35 55
35 56
35 57
35 58
35 67
35 68
35 71
35 72
35 79
35 80
35 88
36 3
36 5
36 9
36 26
36 28
36 31
36 33
36 35
36 40
36 42
36 45
36 46
36 47
36 55
36 56
36 57
36 58
36 66
36 67
36 71
36 72
36 73
36 79
36 80
38 33
38 66
38 67
38 37
38 70
38 39
38 73
38 42
38 75
38 76
38 45
38 44
38 59
38 21
38 26
38 79
38 74
38 85
40 3
40 4
40 5
40 9
40 14
40 27
40 28
40 31
40 35
40 41
40 46
40 47
40 54
40 55
40 56
40 57
40 58
40 63
40 64
40 67
40 68
40 71
40 72
40 80
40 88
44 64
44 1
44 38
44 41
44 43
44 77
44 14
44 48
44 49
44 19
44 54
44 29
44 62
44 63
47 1
47 3
47 4
47 5
47 9
47 14
47 27
47 31
47 35
47 40
47 41
47 54
47 55
47 56
47 57
47 58
47 62
47 63
47 64
47 68
47 72
47 77
47 80
47 88
48 64
48 1
48 4
48 38
48 41
48 43
48 77
48 14
48 19
48 54
48 88
48 68
48 27
48 29
48 62
48 63
50 66
50 37
50 70
50 39
50 73
50 74
50 75
50 76
50 45
50 44
50 51
50 52
50 21
50 59
50 85
53 64
53 1
53 2
53 86
53 38
53 43
53 77
53 48
53 49
53 19
53 54
53 87
53 29
53 62
54 33
54 66
54 67
54 70
54 71
54 73
54 42
54 75
54 76
54 45
54 46
54 47
54 59
54 21
54 26
54 79
54 28
54 74
55 3
55 4
55 5
55 9
55 26
55 27
55 28
55 31
55 33
55 35
55 40
55 41
55 42
55 46
55 47
55 56
55 57
55 58
55 67
55 68
55 71
55 72
55 79
55 80
55 88
56 64
56 1
56 35
56 4
56 5
56 38
56 40
56 41
56 43
56 77
56 14
56 80
56 54
56 55
56 88
56 68
56 58
56 27
56 29
56 62
56 63
57 3
57 4
57 5
57 9
57 26
57 27
57 28
57 31
57 33
57 35
57 40
57 42
57 45
57 46
57 47
57 55
57 56
57 58
57 66
57 67
57 68
57 71
57 72
57 79
57 80
57 88
58 64
58 1
58 35
58 4
58 5
58 40
58 41
58 43
58 77
58 14
58 80
58 56
58 54
58 55
58 88
58 68
58 27
58 29
58 62
58 63
62 64
62 1
62 4
62 38
62 41
62 43
62 77
62 14
62 48
62 19
62 54
62 88
62 68
62 27
62 29
62 63
63 64
63 1
63 4
63 38
63 41
63 43
63 77
63 14
63 48
63 19
63 54
63 88
63 68
63 27
63 29
63 62
64 1
64 35
64 4
64 5
64 38
64 41
64 43
64 77
64 14
64 48
64 19
64 54
64 88
64 68
64 58
64 27
64 29
64 62
64 63
67 64
67 1
67 38
67 41
67 43
67 77
67 14
67 48
67 49
67 19
67 54
67 29
67 62
67 63
72 64
72 1
72 35
72 4
72 5
72 38
72 41
72 43
72 77
72 14
72 48
72 19
72 54
72 88
72 68
72 58
72 27
72 29
72 62
72 63
77 64
77 1
77 4
77 38
77 41
77 43
77 14
77 48
77 19
77 54
77 88
77 68
77 27
77 29
77 62
77 63
78 1
78 3
78 4
78 5
78 9
78 14
78 27
78 31
78 35
78 40
78 41
78 54
78 55
78 56
78 57
78 58
78 62
78 63
78 64
78 68
78 72
78 80
78 88
79 1
79 4
79 5
79 14
79 27
79 29
79 35
79 38
79 40
79 41
79 43
79 54
79 55
79 56
79 58
79 62
79 63
79 64
79 68
79 77
79 80
79 88
80 33
80 66
80 67
80 71
80 9
80 42
80 75
80 45
80 46
80 47
80 59
80 21
80 73
80 57
80 26
80 79
80 28
80 74
80 31
82 33
82 66
82 67
82 71
82 73
82 42
82 75
82 45
82 46
82 47
82 59
82 21
82 26
82 79
82 28
82 74
82 31
83 1
83 3
83 4
83 5
83 9
83 14
83 27
83 28
83 31
83 35
83 40
83 41
83 46
83 47
83 54
83 55
83 56
83 57
83 58
83 62
83 63
83 64
83 68
83 71
83 72
83 80
83 88
84 16
84 81
84 60
86 30
87 64
87 1
87 35
87 4
87 5
87 40
87 41
87 43
87 77
87 14
87 80
87 56
87 54
87 55
87 88
87 68
87 58
87 27
87 29
87 62
87 63
88 1
88 3
88 4
88 5
88 9
88 14
88 27
88 28
88 31
88 35
88 40
88 41
88 54
88 55
88 56
88 57
88 58
88 62
88 63
88 64
88 68
88 72
88 80
