88
1 5
1 14
1 21
1 31
1 33
1 35
1 36
1 39
1 42
1 43
1 45
1 47
1 48
1 51
1 52
1 66
1 67
1 68
1 69
1 72
1 75
1 76
1 78
1 84
1 85
2 80
2 30
5 32
5 1
5 34
5 3
5 37
5 10
5 11
5 2
5 43
5 49
5 18
5 22
5 55
5 62
6 32
6 34
6 3
6 36
6 37
6 10
6 11
6 2
6 45
6 48
6 49
6 18
6 84
6 21
6 43
6 55
6 62
8 80
8 1
8 30
8 22
9 32
9 1
9 34
9 3
9 37
9 10
9 11
9 2
9 18
9 22
9 55
9 62
10 5
10 12
10 14
10 24
10 31
10 33
10 35
10 36
10 39
10 42
10 45
10 47
10 51
10 52
10 66
10 67
10 68
10 69
10 72
10 74
10 75
10 76
10 78
10 85
12 32
12 34
12 43
12 66
12 37
12 11
12 2
12 14
12 45
12 48
12 49
12 18
12 84
12 21
12 55
12 36
12 31
12 69
13 80
13 1
13 30
13 22
16 15
17 32
17 34
17 36
17 69
17 31
17 43
17 78
17 66
17 14
17 45
17 48
17 49
17 18
17 84
17 21
17 55
17 47
17 37
17 5
18 5
18 12
18 14
18 24
18 31
18 33
18 35
18 36
18 39
18 42
18 45
18 47
18 51
18 52
18 66
18 67
18 68
18 69
18 72
18 74
18 75
18 76
18 78
18 85
20 12
20 24
20 27
20 29
20 33
20 35
20 39
20 40
20 42
20 51
20 52
20 60
20 63
20 64
20 67
20 68
20 72
20 74
20 75
20 76
20 79
20 83
20 85
20 87
23 12
23 24
23 27
23 29
23 33
23 35
23 39
23 40
23 42
23 51
23 52
23 60
23 63
23 64
23 67
23 68
23 72
23 74
23 75
23 76
23 79
23 83
23 85
23 87
24 64
24 6
24 40
24 44
24 74
24 12
24 77
24 79
24 83
24 20
24 85
24 87
24 88
24 27
24 60
24 29
24 63
25 1
25 2
25 3
25 10
25 11
25 80
25 30
25 22
25 62
28 6
28 12
28 20
28 24
28 27
28 29
28 39
28 40
28 44
28 52
28 60
28 63
28 64
28 67
28 68
28 74
28 75
28 76
28 79
28 83
28 85
28 87
28 88
31 5
31 12
31 14
31 24
31 33
31 35
31 36
31 39
31 42
31 45
31 47
31 51
31 52
31 66
31 67
31 68
31 69
31 72
31 74
31 75
31 76
31 78
31 85
32 80
32 30
33 6
33 12
33 20
33 24
33 27
33 29
33 39
33 40
33 44
33 51
33 52
33 60
33 63
33 64
33 67
33 68
33 74
33 75
33 76
33 79
33 83
33 85
33 87
36 5
36 14
36 21
36 31
36 33
36 35
36 39
36 42
36 43
36 45
36 47
36 48
36 49
36 51
36 52
36 66
36 67
36 68
36 69
36 72
36 75
36 76
36 78
36 84
37 5
37 12
37 14
37 24
37 31
37 33
37 35
37 36
37 39
37 42
37 45
37 47
37 51
37 52
37 66
37 67
37 68
37 69
37 72
37 74
37 75
37 76
37 78
37 85
38 64
38 33
38 67
38 35
38 68
38 5
38 39
38 72
38 76
38 42
38 75
38 12
38 14
38 47
38 51
38 52
38 78
38 24
38 31
38 74
38 85
39 5
39 12
39 24
39 27
39 29
39 33
39 35
39 42
39 51
39 52
39 60
39 63
39 64
39 67
39 68
39 72
39 74
39 75
39 76
39 78
39 83
39 85
40 80
40 1
40 30
40 22
42 32
42 33
42 34
42 35
42 36
42 5
42 72
42 31
42 43
42 78
42 66
42 14
42 45
42 48
42 49
42 84
42 21
42 55
42 47
42 37
42 69
44 5
44 14
44 21
44 31
44 33
44 35
44 36
44 39
44 42
44 43
44 45
44 47
44 48
44 51
44 52
44 66
44 67
44 68
44 69
44 72
44 75
44 76
44 78
44 84
46 5
46 12
46 14
46 24
46 31
46 33
46 35
46 36
46 39
46 42
46 45
46 47
46 51
46 52
46 66
46 67
46 68
46 69
46 72
46 74
46 75
46 76
46 78
46 85
48 1
48 2
48 3
48 10
48 11
48 80
48 18
48 30
48 22
48 62
50 15
51 5
51 14
51 21
51 31
51 32
51 33
51 34
51 35
51 36
51 37
51 42
51 43
51 45
51 47
51 48
51 49
51 55
51 66
51 69
51 72
51 75
51 78
51 84
52 33
52 66
52 35
52 36
52 5
52 39
52 72
52 42
52 75
52 76
52 45
52 14
52 47
52 24
52 51
52 78
52 67
52 68
52 31
52 69
52 85
54 7
56 1
56 3
56 10
56 80
56 62
56 22
56 30
58 15
60 5
60 12
60 14
60 24
60 31
60 33
60 35
60 36
60 39
60 42
60 45
60 47
60 51
60 52
60 66
60 67
60 68
60 69
60 72
60 74
60 75
60 76
60 78
60 85
62 32
62 34
62 43
62 66
62 37
62 11
62 2
62 14
62 45
62 48
62 49
62 18
62 84
62 21
62 55
62 36
62 69
65 5
65 12
65 14
65 24
65 31
65 33
65 35
65 39
65 42
65 47
65 51
65 52
65 64
65 67
65 68
65 69
65 72
65 74
65 75
65 76
65 78
65 85
66 32
66 34
66 36
66 69
66 43
66 45
66 78
66 47
66 48
66 49
66 18
66 84
66 14
66 55
66 31
66 21
66 37
66 5
67 5
67 12
67 24
67 27
67 29
67 33
67 35
67 39
67 42
67 51
67 52
67 60
67 63
67 64
67 68
67 72
67 74
67 75
67 76
67 78
67 83
67 85
68 5
68 14
68 21
68 31
68 33
68 35
68 36
68 39
68 42
68 43
68 45
68 47
68 48
68 51
68 52
68 66
68 67
68 69
68 72
68 75
68 76
68 78
68 84
70 5
70 14
70 24
70 31
70 33
70 35
70 36
70 39
70 42
70 45
70 47
70 51
70 52
70 66
70 67
70 68
70 69
70 72
70 74
70 75
70 76
70 78
70 85
72 12
72 24
72 27
72 29
72 33
72 35
72 39
72 40
72 42
72 51
72 52
72 60
72 63
72 64
72 67
72 68
72 74
72 75
72 76
72 79
72 83
72 85
72 87
73 5
73 14
73 21
73 31
73 32
73 33
73 34
73 35
73 36
73 37
73 42
73 43
73 45
73 47
73 48
73 49
73 51
73 55
73 66
73 67
73 69
73 72
73 75
73 78
73 84
74 5
74 14
74 24
74 31
74 33
74 35
74 36
74 39
74 42
74 45
74 47
74 51
74 52
74 66
74 67
74 68
74 69
74 72
74 75
74 76
74 78
74 85
75 5
75 14
75 21
75 31
75 32
75 33
75 34
75 35
75 36
75 37
75 42
75 43
75 45
75 47
75 48
75 49
75 51
75 55
75 66
75 67
75 69
75 72
75 78
75 84
76 1
76 2
76 3
76 10
76 11
76 80
76 30
76 22
76 62
78 32
78 34
78 3
78 37
78 10
78 11
78 2
78 48
78 49
78 18
78 84
78 21
78 43
78 55
78 62
80 15
81 7
84 12
84 24
84 27
84 29
84 33
84 35
84 39
84 40
84 42
84 51
84 52
84 60
84 63
84 64
84 67
84 68
84 72
84 74
84 75
84 76
84 79
84 83
84 85
84 87
85 32
85 34
85 36
85 69
85 31
85 43
85 78
85 66
85 14
85 45
85 48
85 49
85 18
85 84
85 21
85 55
85 47
85 37
85 5
87 12
87 24
87 27
87 29
87 33
87 39
87 40
87 42
87 51
87 52
87 60
87 63
87 64
87 67
87 68
87 72
87 74
87 75
87 76
87 79
87 83
87 85
88 1
88 2
88 3
88 10
88 11
88 80
88 30
88 22
88 62
