88
1 32
1 3
1 4
1 38
1 7
1 42
1 18
1 78
1 48
1 49
1 50
1 84
1 85
1 59
1 60
1 30
5 3
5 4
5 7
5 18
5 49
5 50
5 84
5 85
5 55
5 59
5 60
6 60
6 18
6 59
6 84
6 55
8 7
8 18
8 84
8 55
8 59
8 60
9 3
9 4
9 5
9 6
9 13
9 23
9 28
9 30
9 32
9 35
9 36
9 38
9 41
9 42
9 44
9 48
9 49
9 50
9 53
9 54
9 56
9 57
9 63
9 77
9 78
9 85
9 88
10 3
10 4
10 7
10 18
10 49
10 50
10 84
10 85
10 55
10 59
10 60
11 32
11 3
11 4
11 38
11 6
11 7
11 42
11 78
11 48
11 49
11 50
11 84
11 85
11 56
11 36
11 30
14 3
14 5
14 6
14 13
14 23
14 28
14 30
14 32
14 35
14 36
14 38
14 41
14 42
14 44
14 48
14 49
14 50
14 53
14 54
14 56
14 57
14 63
14 77
14 78
14 85
14 86
14 88
21 32
21 3
21 4
21 7
21 42
21 18
21 48
21 49
21 50
21 84
21 85
21 55
21 59
21 60
22 3
22 4
22 7
22 18
22 49
22 50
22 84
22 85
22 55
22 59
22 60
23 3
23 4
23 6
23 7
23 13
23 28
23 30
23 32
23 35
23 36
23 38
23 41
23 42
23 44
23 48
23 49
23 50
23 53
23 54
23 56
23 57
23 77
23 78
23 85
23 88
24 3
24 4
24 6
24 7
24 13
24 23
24 28
24 30
24 32
24 35
24 36
24 38
24 41
24 42
24 44
24 48
24 49
24 50
24 53
24 56
24 57
24 77
24 78
24 85
24 88
27 3
27 4
27 7
27 18
27 49
27 50
27 84
27 85
27 55
27 59
27 60
28 32
28 3
28 4
28 38
28 6
28 7
28 42
28 44
28 13
28 78
28 48
28 49
28 50
28 53
28 56
28 36
28 30
28 85
29 3
29 5
29 6
29 13
29 23
29 24
29 28
29 30
29 32
29 35
29 36
29 38
29 41
29 42
29 44
29 48
29 49
29 50
29 53
29 54
29 56
29 57
29 63
29 77
29 78
29 86
29 88
30 1
30 2
30 5
30 6
30 13
30 14
30 17
30 21
30 23
30 24
30 28
30 29
30 35
30 36
30 37
30 38
30 41
30 43
30 44
30 46
30 47
30 53
30 54
30 56
30 57
30 63
30 70
30 71
30 77
30 78
30 83
30 86
30 87
30 88
32 3
32 5
32 6
32 13
32 14
32 21
32 23
32 24
32 28
32 30
32 35
32 36
32 38
32 41
32 42
32 43
32 44
32 48
32 50
32 53
32 54
32 56
32 57
32 63
32 77
32 78
32 86
32 88
33 59
33 60
33 55
34 59
34 60
34 55
35 3
35 4
35 7
35 18
35 49
35 50
35 84
35 85
35 55
35 59
35 60
36 3
36 4
36 5
36 6
36 13
36 23
36 28
36 30
36 32
36 35
36 38
36 41
36 42
36 44
36 48
36 49
36 50
36 53
36 54
36 56
36 57
36 77
36 78
36 85
36 88
37 32
37 3
37 4
37 38
37 6
37 7
37 42
37 44
37 78
37 48
37 49
37 50
37 84
37 53
37 56
37 36
37 30
37 85
39 4
39 7
39 18
39 84
39 55
39 59
39 60
40 3
40 4
40 7
40 18
40 49
40 50
40 84
40 85
40 55
40 59
40 60
41 3
41 4
41 6
41 7
41 13
41 23
41 28
41 30
41 32
41 35
41 36
41 38
41 42
41 44
41 48
41 49
41 50
41 53
41 56
41 57
41 77
41 78
41 85
41 88
42 3
42 5
42 6
42 13
42 23
42 24
42 28
42 30
42 32
42 35
42 36
42 38
42 41
42 44
42 48
42 49
42 50
42 53
42 54
42 56
42 57
42 63
42 77
42 78
42 85
42 86
42 88
43 32
43 3
43 4
43 38
43 7
43 42
43 18
43 78
43 48
43 49
43 50
43 84
43 85
43 56
43 36
43 30
44 3
44 4
44 6
44 7
44 13
44 23
44 28
44 30
44 32
44 35
44 36
44 38
44 41
44 42
44 48
44 49
44 50
44 53
44 56
44 57
44 77
44 78
44 85
45 55
46 59
46 60
46 55
47 32
47 3
47 4
47 38
47 7
47 42
47 18
47 78
47 48
47 49
47 50
47 84
47 85
47 56
47 59
47 30
48 3
48 5
48 6
48 13
48 14
48 21
48 23
48 24
48 28
48 30
48 32
48 35
48 36
48 38
48 41
48 42
48 44
48 50
48 53
48 54
48 56
48 57
48 63
48 77
48 78
48 86
48 88
49 32
49 3
49 4
49 38
49 6
49 7
49 41
49 42
49 44
49 13
49 78
49 48
49 50
49 57
49 53
49 23
49 56
49 36
49 30
49 85
50 3
50 4
50 7
50 49
50 18
50 84
50 85
50 55
50 59
50 60
52 18
52 59
52 60
52 55
53 3
53 4
53 6
53 7
53 13
53 23
53 28
53 30
53 32
53 35
53 36
53 38
53 41
53 42
53 44
53 48
53 49
53 50
53 56
53 57
53 77
53 78
53 85
53 88
54 7
54 18
54 84
54 55
54 59
54 60
56 3
56 4
56 7
56 18
56 49
56 50
56 84
56 85
56 55
56 59
56 60
57 60
57 18
57 59
57 84
57 55
58 60
58 18
58 59
58 84
58 55
61 60
61 18
61 59
61 84
61 55
63 1
63 2
63 5
63 6
63 13
63 14
63 17
63 21
63 23
63 24
63 28
63 29
63 30
63 32
63 35
63 36
63 37
63 38
63 41
63 42
63 43
63 44
63 46
63 47
63 48
63 53
63 54
63 56
63 57
63 70
63 71
63 77
63 78
63 86
63 87
63 88
64 32
64 3
64 4
64 38
64 7
64 42
64 18
64 78
64 48
64 49
64 50
64 84
64 85
64 56
64 36
64 30
68 55
69 59
69 60
69 55
70 4
70 7
70 18
70 84
70 55
70 59
70 60
71 32
71 3
71 4
71 38
71 7
71 42
71 18
71 78
71 48
71 49
71 50
71 84
71 85
71 56
71 59
71 60
71 30
75 60
75 18
75 59
75 84
75 55
77 32
77 3
77 4
77 38
77 6
77 7
77 41
77 42
77 44
77 13
77 78
77 48
77 49
77 50
77 57
77 53
77 23
77 56
77 36
77 30
77 85
78 3
78 4
78 6
78 7
78 13
78 23
78 28
78 30
78 32
78 35
78 36
78 38
78 41
78 42
78 44
78 48
78 49
78 50
78 53
78 56
78 57
78 77
78 85
78 88
79 32
79 3
79 4
79 38
79 7
79 42
79 18
79 48
79 49
79 50
79 84
79 85
79 59
79 60
79 30
80 59
80 60
80 55
81 1
81 2
81 5
81 6
81 13
81 14
81 17
81 21
81 23
81 24
81 28
81 29
81 30
81 32
81 35
81 36
81 38
81 41
81 42
81 43
81 44
81 46
81 47
81 48
81 53
81 54
81 56
81 57
81 63
81 70
81 71
81 77
81 78
81 86
81 87
81 88
82 60
82 18
82 59
82 84
82 55
85 3
85 4
85 7
85 18
85 49
85 50
85 84
85 55
85 59
85 60
86 3
86 4
86 6
86 7
86 13
86 23
86 28
86 30
86 32
86 35
86 36
86 38
86 41
86 42
86 44
86 48
86 49
86 50
86 53
86 56
86 57
86 77
86 78
86 85
86 88
87 32
87 3
87 4
87 38
87 6
87 7
87 42
87 78
87 48
87 49
87 50
87 84
87 53
87 56
87 36
87 30
87 85
88 3
88 4
88 6
88 7
88 13
88 23
88 28
88 30
88 32
88 36
88 38
88 41
88 42
88 44
88 48
88 49
88 50
88 53
88 56
88 57
88 78
88 85
