88
2 1
2 7
2 9
2 11
2 14
2 24
2 25
2 33
2 34
2 35
2 41
2 43
2 46
2 53
2 54
2 56
2 58
2 61
2 66
2 67
2 72
2 75
2 77
2 80
2 82
2 83
2 84
2 87
2 88
5 1
5 2
5 7
5 9
5 14
5 20
5 24
5 25
5 33
5 34
5 35
5 39
5 41
5 43
5 46
5 53
5 54
5 56
5 61
5 67
5 72
5 75
5 77
5 80
5 82
5 83
5 84
5 87
5 88
8 2
8 7
8 10
8 14
8 20
8 21
8 30
8 31
8 33
8 34
8 37
8 39
8 43
8 44
8 46
8 49
8 52
8 59
8 63
8 69
8 77
8 78
8 83
8 84
8 88
9 2
9 7
9 14
9 20
9 21
9 24
9 33
9 34
9 35
9 37
9 39
9 41
9 43
9 44
9 46
9 53
9 61
9 67
9 72
9 75
9 77
9 78
9 83
9 84
9 87
9 88
10 1
10 2
10 7
10 9
10 14
10 24
10 25
10 33
10 34
10 35
10 39
10 41
10 43
10 46
10 53
10 54
10 56
10 58
10 61
10 67
10 72
10 75
10 77
10 80
10 82
10 83
10 84
10 87
10 88
12 1
12 5
12 11
12 19
12 25
12 26
12 27
12 28
12 40
12 47
12 54
12 55
12 56
12 57
12 58
12 65
12 66
12 71
12 73
12 74
12 80
12 85
12 86
13 1
13 2
13 7
13 9
13 14
13 20
13 24
13 25
13 33
13 34
13 35
13 37
13 39
13 41
13 43
13 46
13 53
13 54
13 56
13 61
13 67
13 72
13 75
13 77
13 82
13 83
13 84
13 87
13 88
14 2
14 3
14 7
14 10
14 20
14 21
14 30
14 31
14 33
14 34
14 37
14 38
14 39
14 42
14 44
14 46
14 49
14 52
14 59
14 63
14 68
14 69
14 78
16 51
16 4
18 1
18 9
18 11
18 24
18 25
18 27
18 35
18 40
18 41
18 47
18 53
18 54
18 56
18 57
18 58
18 61
18 66
18 67
18 72
18 73
18 74
18 80
18 82
18 85
18 86
18 87
20 2
20 3
20 7
20 10
20 14
20 21
20 30
20 31
20 33
20 34
20 37
20 38
20 39
20 42
20 44
20 46
20 49
20 52
20 59
20 63
20 69
20 78
20 84
20 88
22 2
22 7
22 14
22 20
22 21
22 24
22 33
22 34
22 35
22 37
22 39
22 41
22 43
22 44
22 46
22 53
22 61
22 67
22 72
22 75
22 77
22 78
22 82
22 83
22 84
22 87
22 88
29 1
29 2
29 7
29 9
29 14
29 20
29 24
29 25
29 33
29 34
29 35
29 39
29 41
29 43
29 46
29 53
29 54
29 56
29 61
29 67
29 72
29 75
29 77
29 80
29 82
29 83
29 84
29 87
29 88
30 1
30 2
30 7
30 9
30 14
30 24
30 25
30 33
30 34
30 35
30 39
30 41
30 43
30 46
30 53
30 54
30 56
30 58
30 61
30 67
30 72
30 75
30 77
30 80
30 82
30 83
30 84
30 87
30 88
31 3
31 6
31 10
31 14
31 20
31 21
31 29
31 30
31 34
31 37
31 38
31 39
31 42
31 44
31 45
31 46
31 49
31 52
31 59
31 63
31 64
31 68
31 69
31 78
34 64
34 3
34 68
34 37
34 6
34 31
34 38
34 10
34 44
34 45
34 78
34 29
34 49
34 18
34 30
34 52
34 21
34 59
34 42
34 69
34 63
38 2
38 7
38 14
38 20
38 21
38 24
38 33
38 34
38 35
38 37
38 39
38 41
38 43
38 44
38 46
38 53
38 67
38 72
38 75
38 77
38 78
38 83
38 84
38 87
38 88
39 2
39 3
39 7
39 10
39 14
39 20
39 21
39 30
39 31
39 33
39 34
39 37
39 38
39 42
39 44
39 46
39 49
39 52
39 59
39 63
39 68
39 69
39 78
39 84
41 1
41 9
41 11
41 25
41 26
41 27
41 35
41 40
41 47
41 53
41 54
41 56
41 57
41 58
41 61
41 66
41 67
41 71
41 72
41 73
41 74
41 80
41 82
41 85
41 86
41 87
42 2
42 7
42 9
42 14
42 20
42 21
42 24
42 33
42 34
42 35
42 37
42 39
42 41
42 43
42 44
42 46
42 53
42 61
42 67
42 72
42 75
42 77
42 78
42 82
42 83
42 84
42 87
42 88
43 2
43 7
43 14
43 20
43 21
43 24
43 33
43 34
43 35
43 37
43 39
43 41
43 44
43 46
43 53
43 59
43 67
43 75
43 77
43 78
43 83
43 84
43 87
43 88
44 1
44 2
44 7
44 9
44 14
44 20
44 24
44 33
44 34
44 35
44 37
44 39
44 41
44 43
44 46
44 53
44 54
44 56
44 61
44 67
44 72
44 75
44 77
44 82
44 83
44 84
44 87
44 88
45 1
45 9
45 11
45 24
45 25
45 35
45 40
45 41
45 47
45 53
45 54
45 56
45 57
45 58
45 61
45 66
45 67
45 72
45 73
45 74
45 75
45 77
45 80
45 82
45 83
45 85
45 87
46 2
46 7
46 10
46 14
46 20
46 21
46 24
46 31
46 33
46 34
46 35
46 37
46 39
46 41
46 43
46 44
46 49
46 59
46 63
46 69
46 75
46 77
46 78
46 83
46 84
46 87
46 88
48 2
48 3
48 7
48 10
48 14
48 20
48 21
48 30
48 31
48 33
48 34
48 37
48 38
48 39
48 42
48 44
48 46
48 49
48 52
48 59
48 63
48 68
48 69
48 78
48 84
48 88
51 2
51 7
51 10
51 14
51 20
51 21
51 30
51 31
51 33
51 34
51 37
51 39
51 43
51 44
51 46
51 49
51 52
51 59
51 63
51 69
51 77
51 78
51 83
51 84
51 88
52 2
52 7
52 10
52 14
52 20
52 21
52 24
52 31
52 33
52 34
52 35
52 37
52 39
52 41
52 43
52 44
52 46
52 49
52 59
52 69
52 75
52 77
52 78
52 83
52 84
52 87
52 88
55 81
55 51
55 60
55 62
55 4
57 2
57 7
57 14
57 20
57 21
57 24
57 33
57 34
57 35
57 37
57 39
57 41
57 43
57 44
57 46
57 53
57 61
57 67
57 72
57 75
57 77
57 78
57 83
57 84
57 87
57 88
59 1
59 2
59 7
59 9
59 14
59 24
59 25
59 33
59 34
59 35
59 41
59 43
59 46
59 53
59 54
59 56
59 58
59 61
59 66
59 67
59 72
59 75
59 77
59 80
59 82
59 83
59 84
59 87
59 88
64 2
64 7
64 10
64 14
64 20
64 21
64 24
64 30
64 31
64 33
64 34
64 37
64 39
64 41
64 43
64 44
64 46
64 49
64 59
64 63
64 69
64 75
64 77
64 78
64 83
64 84
64 88
67 2
67 3
67 7
67 10
67 14
67 20
67 21
67 30
67 31
67 33
67 34
67 37
67 38
67 39
67 42
67 43
67 44
67 46
67 49
67 52
67 59
67 63
67 69
67 78
67 84
67 88
68 1
68 7
68 9
68 11
68 24
68 25
68 33
68 35
68 40
68 41
68 43
68 47
68 53
68 54
68 56
68 58
68 61
68 66
68 67
68 72
68 75
68 77
68 80
68 82
68 83
68 84
68 87
68 88
70 2
70 7
70 9
70 14
70 20
70 21
70 24
70 33
70 34
70 35
70 37
70 39
70 41
70 43
70 44
70 46
70 53
70 61
70 67
70 72
70 75
70 77
70 78
70 82
70 83
70 84
70 87
70 88
82 1
82 2
82 7
82 9
82 14
82 24
82 25
82 33
82 34
82 35
82 39
82 41
82 43
82 46
82 53
82 54
82 56
82 58
82 61
82 66
82 67
82 72
82 75
82 77
82 80
82 83
82 84
82 87
82 88
