88
1 76
1 42
1 12
1 13
1 29
1 19
1 52
1 53
1 55
1 61
1 85
3 1
3 5
3 8
3 9
3 11
3 14
3 15
3 20
3 34
3 41
3 46
3 56
3 58
3 59
3 62
3 66
3 68
3 71
3 75
3 77
3 78
3 79
3 80
3 87
3 88
4 1
4 66
4 8
4 12
4 42
4 75
4 76
4 13
4 14
4 15
4 52
4 46
4 55
4 56
4 61
5 2
5 3
5 16
5 17
5 21
5 22
5 27
5 28
5 30
5 33
5 37
5 38
5 39
5 40
5 43
5 44
5 45
5 48
5 49
5 60
5 69
5 83
7 1
7 5
7 8
7 9
7 11
7 14
7 15
7 18
7 20
7 34
7 41
7 46
7 56
7 58
7 59
7 62
7 66
7 68
7 71
7 75
7 77
7 78
7 79
7 80
7 86
7 87
7 88
14 1
14 66
14 68
14 5
14 71
14 8
14 41
14 42
14 75
14 12
14 77
14 46
14 15
14 80
14 52
14 56
14 59
14 61
19 1
19 66
19 68
19 77
19 8
19 42
19 75
19 12
19 13
19 14
19 15
19 52
19 46
19 56
19 61
20 1
20 66
20 68
20 71
20 8
20 42
20 75
20 12
20 77
20 14
20 15
20 52
20 46
20 56
20 61
23 1
23 66
23 68
23 5
23 71
23 8
23 41
23 42
23 75
23 12
23 77
23 14
23 15
23 80
23 52
23 46
23 56
23 59
23 61
24 1
24 5
24 8
24 9
24 11
24 14
24 15
24 34
24 41
24 46
24 56
24 58
24 59
24 61
24 62
24 66
24 68
24 71
24 75
24 77
24 79
24 80
24 88
25 2
25 5
25 9
25 11
25 17
25 18
25 20
25 21
25 34
25 37
25 41
25 45
25 48
25 49
25 54
25 58
25 59
25 60
25 62
25 69
25 78
25 79
25 80
25 83
25 86
25 87
25 88
26 2
26 3
26 16
26 17
26 18
26 20
26 21
26 22
26 28
26 30
26 33
26 37
26 38
26 40
26 43
26 44
26 45
26 48
26 49
26 54
26 60
26 69
26 78
26 83
26 86
28 1
28 66
28 68
28 71
28 8
28 42
28 75
28 12
28 77
28 14
28 15
28 52
28 46
28 56
28 61
29 2
29 3
29 16
29 17
29 18
29 20
29 21
29 22
29 28
29 30
29 33
29 37
29 38
29 40
29 43
29 44
29 45
29 48
29 49
29 54
29 60
29 69
29 78
29 83
29 86
29 87
30 66
30 8
30 76
30 42
30 12
30 13
30 15
30 19
30 52
30 53
30 55
30 56
30 61
34 66
34 8
34 76
34 42
34 12
34 13
34 19
34 52
34 53
34 55
34 56
34 61
41 66
41 76
41 42
41 12
41 13
41 19
41 52
41 53
41 55
41 61
42 1
42 2
42 5
42 9
42 11
42 14
42 18
42 20
42 34
42 41
42 46
42 54
42 58
42 59
42 62
42 68
42 71
42 75
42 77
42 78
42 79
42 80
42 86
42 87
42 88
45 1
45 5
45 8
45 9
45 11
45 14
45 15
45 34
45 41
45 46
45 52
45 56
45 58
45 59
45 61
45 62
45 66
45 68
45 71
45 75
45 77
45 79
45 80
45 88
46 32
46 35
46 4
46 39
46 47
46 84
46 22
46 27
46 31
51 33
51 3
51 4
51 37
51 38
51 39
51 40
51 28
51 43
51 44
51 48
51 49
51 21
51 22
51 27
51 60
51 30
51 16
52 2
52 5
52 9
52 11
52 17
52 18
52 20
52 21
52 34
52 41
52 45
52 48
52 54
52 58
52 59
52 62
52 68
52 69
52 71
52 77
52 78
52 79
52 80
52 83
52 86
52 87
52 88
53 1
53 66
53 68
53 5
53 71
53 8
53 41
53 42
53 75
53 12
53 77
53 14
53 15
53 80
53 52
53 46
53 56
53 59
53 61
55 2
55 5
55 9
55 11
55 17
55 18
55 20
55 34
55 41
55 45
55 54
55 58
55 59
55 62
55 68
55 69
55 71
55 77
55 78
55 79
55 80
55 83
55 86
55 87
55 88
56 66
56 8
56 76
56 42
56 12
56 13
56 15
56 19
56 52
56 53
56 55
56 61
57 2
57 3
57 16
57 17
57 18
57 20
57 21
57 22
57 28
57 30
57 33
57 37
57 38
57 40
57 43
57 44
57 45
57 48
57 49
57 54
57 60
57 69
57 78
57 83
57 86
61 1
61 34
61 75
61 68
61 5
61 71
61 8
61 41
61 42
61 11
61 66
61 14
61 77
61 80
61 59
61 79
61 52
61 46
61 56
61 15
61 62
62 33
62 3
62 4
62 37
62 38
62 39
62 40
62 28
62 43
62 44
62 48
62 49
62 21
62 22
62 27
62 60
62 30
62 16
63 1
63 66
63 68
63 71
63 8
63 42
63 75
63 12
63 77
63 14
63 15
63 52
63 46
63 56
63 61
64 66
64 8
64 76
64 42
64 75
64 12
64 13
64 14
64 15
64 19
64 52
64 53
64 55
64 56
64 61
65 2
65 3
65 16
65 17
65 21
65 22
65 27
65 28
65 30
65 33
65 37
65 38
65 39
65 40
65 43
65 44
65 45
65 48
65 49
65 60
65 69
65 83
66 2
66 3
66 16
66 17
66 21
66 22
66 28
66 30
66 33
66 37
66 38
66 39
66 40
66 43
66 44
66 45
66 48
66 49
66 54
66 60
66 69
66 83
67 2
67 3
67 16
67 17
67 21
67 22
67 27
67 28
67 30
67 33
67 37
67 38
67 39
67 40
67 43
67 44
67 45
67 48
67 49
67 60
67 69
67 83
68 66
68 8
68 76
68 42
68 12
68 13
68 19
68 52
68 53
68 55
68 56
68 61
69 2
69 9
69 11
69 17
69 18
69 20
69 21
69 34
69 37
69 41
69 45
69 48
69 49
69 54
69 58
69 59
69 60
69 62
69 78
69 79
69 80
69 83
69 86
69 87
69 88
70 2
70 3
70 9
70 16
70 17
70 18
70 20
70 21
70 28
70 30
70 33
70 37
70 38
70 40
70 43
70 45
70 48
70 49
70 54
70 60
70 69
70 78
70 83
70 86
70 87
71 66
71 8
71 76
71 42
71 75
71 12
71 13
71 14
71 15
71 19
71 52
71 53
71 55
71 56
71 61
72 2
72 3
72 9
72 16
72 17
72 18
72 20
72 21
72 28
72 30
72 33
72 37
72 40
72 43
72 45
72 48
72 49
72 54
72 58
72 60
72 69
72 78
72 79
72 83
72 86
72 87
72 88
73 2
73 9
73 11
73 17
73 18
73 20
73 21
73 33
73 34
73 37
73 43
73 45
73 48
73 49
73 54
73 58
73 60
73 69
73 78
73 79
73 83
73 86
73 87
73 88
74 32
74 35
74 4
74 39
74 10
74 47
74 84
74 27
74 31
75 2
75 5
75 9
75 11
75 17
75 18
75 20
75 21
75 34
75 37
75 41
75 45
75 48
75 49
75 54
75 58
75 59
75 60
75 62
75 69
75 71
75 78
75 79
75 80
75 83
75 86
75 87
75 88
76 32
76 35
76 4
76 39
76 44
76 47
76 84
76 22
76 27
76 31
80 1
80 5
80 9
80 11
80 14
80 15
80 18
80 20
80 34
80 41
80 46
80 54
80 58
80 59
80 62
80 68
80 71
80 75
80 77
80 78
80 79
80 86
80 87
80 88
81 32
81 35
81 4
81 10
81 47
81 84
81 27
81 31
84 76
84 42
84 12
84 13
84 19
84 52
84 53
84 55
84 29
84 85
86 1
86 66
86 68
86 71
86 8
86 42
86 75
86 12
86 77
86 14
86 15
86 52
86 46
86 56
86 61
88 76
88 42
88 12
88 13
88 29
88 19
88 52
88 53
88 55
88 61
88 85
