88
1 3
1 11
1 13
1 24
1 31
1 33
1 35
1 36
1 37
1 42
1 43
1 44
1 47
1 50
1 56
1 57
1 60
1 65
1 66
1 68
1 75
1 76
1 79
1 80
1 82
1 83
1 84
1 87
1 88
3 32
3 65
3 67
3 5
3 42
3 18
3 35
3 85
3 22
3 87
3 24
3 57
3 28
3 61
4 32
4 65
4 83
4 67
4 36
4 35
4 28
4 42
4 11
4 13
4 47
4 43
4 75
4 3
4 85
4 22
4 87
4 24
4 57
4 60
4 61
6 32
6 67
6 5
6 42
6 18
6 3
6 85
6 22
6 24
6 57
6 28
6 61
7 2
7 4
7 11
7 13
7 14
7 21
7 24
7 27
7 31
7 33
7 35
7 36
7 37
7 42
7 43
7 44
7 46
7 47
7 48
7 50
7 56
7 57
7 60
7 64
7 65
7 66
7 68
7 72
7 73
7 75
7 76
7 77
7 78
7 79
7 80
7 82
7 83
7 84
7 86
7 87
7 88
8 3
8 11
8 13
8 24
8 28
8 32
8 33
8 35
8 36
8 37
8 42
8 43
8 44
8 47
8 50
8 57
8 60
8 61
8 65
8 75
8 76
8 79
8 80
8 82
8 83
8 84
8 87
11 2
11 4
11 7
11 8
11 10
11 12
11 13
11 14
11 21
11 25
11 26
11 27
11 31
11 33
11 34
11 35
11 36
11 37
11 42
11 43
11 44
11 46
11 47
11 48
11 50
11 56
11 60
11 63
11 64
11 65
11 66
11 68
11 72
11 73
11 75
11 76
11 77
11 78
11 79
11 80
11 81
11 82
11 83
11 84
11 86
11 87
11 88
13 2
13 4
13 7
13 8
13 11
13 12
13 14
13 21
13 25
13 26
13 27
13 31
13 33
13 35
13 36
13 37
13 42
13 43
13 44
13 46
13 47
13 48
13 50
13 56
13 60
13 64
13 65
13 66
13 68
13 72
13 73
13 75
13 76
13 77
13 78
13 79
13 80
13 81
13 82
13 83
13 84
13 86
13 87
13 88
14 3
14 11
14 13
14 24
14 31
14 32
14 33
14 35
14 36
14 37
14 42
14 43
14 44
14 47
14 50
14 57
14 60
14 61
14 65
14 66
14 68
14 75
14 76
14 79
14 80
14 82
14 83
14 84
14 87
16 32
16 65
16 67
16 3
16 5
16 28
16 42
16 43
16 18
16 35
16 85
16 22
16 87
16 24
16 57
16 75
16 60
16 61
18 2
18 3
18 4
18 7
18 11
18 13
18 14
18 21
18 24
18 27
18 31
18 33
18 35
18 36
18 37
18 42
18 43
18 44
18 47
18 50
18 56
18 57
18 60
18 65
18 66
18 68
18 75
18 76
18 77
18 78
18 79
18 80
18 82
18 83
18 84
18 86
18 87
18 88
23 9
23 30
23 6
27 3
27 11
27 13
27 24
27 31
27 32
27 33
27 35
27 36
27 37
27 42
27 43
27 44
27 47
27 50
27 57
27 60
27 61
27 65
27 66
27 68
27 75
27 76
27 79
27 80
27 82
27 83
27 84
27 87
27 88
28 9
28 30
30 9
30 18
30 5
30 6
31 3
31 11
31 13
31 24
31 33
31 35
31 36
31 37
31 42
31 43
31 44
31 47
31 50
31 56
31 57
31 60
31 65
31 66
31 68
31 75
31 76
31 79
31 80
31 82
31 83
31 84
31 87
31 88
38 32
38 67
38 5
38 42
38 18
38 3
38 85
38 22
38 24
38 57
38 28
38 61
39 32
39 65
39 67
39 3
39 5
39 42
39 43
39 18
39 35
39 85
39 22
39 87
39 24
39 57
39 75
39 28
39 61
40 3
40 11
40 13
40 24
40 31
40 32
40 33
40 35
40 36
40 37
40 42
40 43
40 44
40 47
40 50
40 57
40 60
40 61
40 65
40 66
40 68
40 75
40 76
40 79
40 80
40 82
40 83
40 84
40 87
41 3
41 11
41 13
41 24
41 28
41 32
41 33
41 35
41 36
41 42
41 43
41 47
41 50
41 57
41 60
41 61
41 65
41 75
41 76
41 80
41 83
41 87
42 2
42 4
42 7
42 11
42 12
42 13
42 14
42 21
42 26
42 27
42 31
42 33
42 35
42 36
42 37
42 43
42 44
42 46
42 47
42 48
42 50
42 56
42 57
42 60
42 64
42 65
42 66
42 68
42 72
42 73
42 75
42 76
42 77
42 78
42 79
42 80
42 81
42 82
42 83
42 84
42 86
42 87
42 88
43 2
43 3
43 4
43 7
43 11
43 13
43 14
43 21
43 24
43 27
43 31
43 33
43 35
43 36
43 37
43 42
43 44
43 47
43 50
43 56
43 57
43 60
43 65
43 66
43 68
43 75
43 76
43 77
43 78
43 79
43 80
43 82
43 83
43 84
43 86
43 87
43 88
45 2
45 4
45 7
45 8
45 10
45 11
45 12
45 13
45 14
45 21
45 25
45 26
45 27
45 31
45 33
45 34
45 35
45 36
45 37
45 42
45 43
45 44
45 46
45 47
45 48
45 50
45 53
45 56
45 60
45 63
45 64
45 65
45 66
45 68
45 72
45 73
45 75
45 76
45 77
45 78
45 79
45 80
45 81
45 82
45 83
45 84
45 86
45 87
45 88
52 32
52 65
52 83
52 67
52 36
52 35
52 28
52 42
52 11
52 13
52 47
52 43
52 75
52 3
52 85
52 22
52 87
52 24
52 57
52 60
52 61
53 3
53 11
53 13
53 24
53 28
53 32
53 33
53 35
53 36
53 37
53 42
53 43
53 44
53 47
53 50
53 57
53 60
53 61
53 65
53 75
53 76
53 79
53 80
53 82
53 83
53 84
53 87
57 2
57 4
57 7
57 8
57 10
57 11
57 12
57 13
57 14
57 21
57 25
57 26
57 27
57 31
57 33
57 34
57 35
57 36
57 37
57 42
57 43
57 44
57 46
57 47
57 48
57 50
57 53
57 56
57 60
57 63
57 64
57 65
57 66
57 68
57 72
57 73
57 75
57 76
57 77
57 78
57 79
57 80
57 81
57 82
57 83
57 84
57 86
57 87
57 88
59 32
59 65
59 67
59 5
59 42
59 18
59 3
59 85
59 22
59 87
59 24
59 57
59 28
59 61
63 32
63 65
63 67
63 3
63 5
63 28
63 42
63 43
63 18
63 35
63 85
63 22
63 87
63 24
63 57
63 75
63 60
63 61
65 32
65 35
65 83
65 67
65 36
65 28
65 42
65 11
65 13
65 47
65 43
65 75
65 3
65 85
65 22
65 87
65 24
65 57
65 60
65 61
69 32
69 67
69 5
69 6
69 18
69 85
69 22
69 28
69 61
71 32
71 65
71 83
71 67
71 36
71 35
71 28
71 42
71 11
71 13
71 47
71 43
71 75
71 3
71 85
71 22
71 87
71 24
71 57
71 60
71 61
72 3
72 11
72 13
72 24
72 31
72 33
72 35
72 36
72 37
72 42
72 43
72 44
72 47
72 50
72 56
72 57
72 60
72 65
72 66
72 68
72 75
72 76
72 79
72 80
72 82
72 83
72 84
72 87
72 88
79 3
79 11
79 13
79 24
79 31
79 32
79 33
79 35
79 36
79 37
79 42
79 43
79 44
79 47
79 50
79 57
79 60
79 61
79 65
79 66
79 68
79 75
79 76
79 80
79 82
79 83
79 84
79 87
79 88
84 32
84 65
84 67
84 3
84 5
84 42
84 43
84 18
84 35
84 85
84 22
84 87
84 24
84 57
84 75
84 28
84 61
86 3
86 11
86 13
86 24
86 31
86 33
86 35
86 36
86 37
86 42
86 43
86 44
86 47
86 50
86 56
86 57
86 60
86 61
86 65
86 66
86 68
86 75
86 76
86 79
86 80
86 82
86 83
86 84
86 87
86 88
