88
1 68
1 69
1 79
1 81
1 53
1 26
1 60
1 31
2 68
2 69
2 79
2 81
2 53
2 26
2 60
2 31
5 58
5 18
5 59
5 82
6 68
6 69
6 79
6 21
6 26
6 60
6 53
8 68
8 69
8 79
8 83
8 21
8 26
8 60
8 53
9 83
9 59
9 68
9 21
10 33
10 69
10 79
10 81
10 53
10 26
10 60
10 31
11 68
11 69
11 79
11 81
11 21
11 26
11 60
11 53
11 31
13 60
13 83
13 68
13 21
14 1
14 2
14 10
14 11
14 17
14 19
14 20
14 22
14 24
14 25
14 38
14 40
14 44
14 45
14 47
14 48
14 49
14 52
14 55
14 64
14 66
14 67
14 71
14 73
14 74
14 75
14 85
14 87
14 88
16 33
16 3
16 7
16 72
16 42
16 43
16 77
16 81
16 54
16 23
16 56
16 28
16 61
17 64
17 65
17 34
17 3
17 38
17 39
17 72
17 73
17 42
17 43
17 44
17 2
17 14
17 80
17 76
17 35
17 54
17 56
17 24
17 28
17 61
21 33
21 34
21 3
21 65
21 7
21 72
21 42
21 39
21 76
21 77
21 14
21 80
21 43
21 35
21 54
21 23
21 56
21 28
21 61
23 64
23 65
23 2
23 35
23 38
23 39
23 72
23 73
23 43
23 76
23 34
23 14
23 44
23 80
23 49
23 24
23 25
23 47
24 68
24 69
24 79
24 21
24 26
24 60
24 53
25 33
25 34
25 3
25 7
25 72
25 42
25 39
25 76
25 77
25 80
25 43
25 35
25 54
25 23
25 56
25 28
25 61
27 83
27 59
27 68
27 21
28 2
28 14
28 17
28 24
28 25
28 34
28 35
28 38
28 39
28 44
28 47
28 49
28 52
28 64
28 65
28 71
28 72
28 73
28 74
28 75
28 76
28 80
29 18
29 58
29 82
30 33
30 34
30 3
30 81
30 7
30 72
30 42
30 39
30 76
30 77
30 80
30 43
30 35
30 54
30 23
30 56
30 28
30 61
31 33
31 3
31 69
31 7
31 77
31 79
31 81
31 53
31 23
31 26
32 83
32 58
32 18
32 59
32 21
33 3
33 7
33 72
33 42
33 43
33 77
33 81
33 54
33 23
33 56
33 28
33 61
34 2
34 14
34 17
34 24
34 25
34 35
34 38
34 39
34 44
34 45
34 47
34 49
34 52
34 64
34 65
34 71
34 72
34 73
34 74
34 75
34 76
34 80
35 68
35 69
35 79
35 81
35 53
35 26
35 60
35 31
36 83
36 68
36 21
37 68
37 69
37 79
37 83
37 21
37 26
37 60
37 53
38 68
38 69
38 79
38 21
38 26
38 60
38 53
39 33
39 34
39 3
39 7
39 72
39 42
39 43
39 76
39 77
39 80
39 35
39 54
39 23
39 56
39 28
39 61
40 33
40 3
40 7
40 42
40 43
40 77
40 81
40 54
40 23
40 56
40 28
40 61
40 31
41 83
41 58
41 59
41 21
42 65
42 34
42 35
42 38
42 39
42 72
42 44
42 43
42 76
42 14
42 80
42 56
42 3
42 54
42 24
42 28
42 61
43 68
43 69
43 79
43 21
43 26
43 60
43 53
43 31
44 65
44 34
44 3
44 7
44 72
44 42
44 39
44 76
44 77
44 14
44 24
44 80
44 43
44 35
44 54
44 23
44 56
44 28
44 61
45 60
45 83
45 68
45 21
46 68
46 69
46 79
46 21
46 26
46 60
46 53
47 65
47 34
47 3
47 39
47 72
47 42
47 43
47 76
47 77
47 14
47 80
47 24
47 35
47 54
47 23
47 56
47 28
47 61
48 68
48 69
48 79
48 21
48 26
48 60
48 53
48 31
49 82
50 68
50 69
50 79
50 81
50 53
50 26
50 60
50 31
51 33
51 69
51 7
51 79
51 81
51 53
51 23
51 26
51 60
51 31
52 33
52 34
52 3
52 7
52 72
52 42
52 39
52 76
52 77
52 80
52 43
52 35
52 54
52 23
52 56
52 28
52 61
53 33
53 69
53 7
53 77
53 79
53 81
53 23
53 26
53 60
53 31
55 65
55 34
55 35
55 38
55 39
55 72
55 42
55 43
55 76
55 14
55 80
55 24
55 3
55 54
55 56
55 28
55 61
57 64
57 65
57 2
57 35
57 17
57 38
57 39
57 72
57 73
57 75
57 76
57 34
57 14
57 44
57 80
57 49
57 52
57 24
57 25
57 71
57 47
60 2
60 10
60 11
60 14
60 17
60 22
60 24
60 25
60 38
60 44
60 45
60 47
60 48
60 49
60 52
60 64
60 65
60 66
60 71
60 73
60 74
60 75
60 88
62 83
62 68
62 21
63 83
63 59
63 68
63 21
64 68
64 69
64 79
64 81
64 53
64 26
64 60
64 31
65 68
65 69
65 79
65 81
65 53
65 26
65 60
65 31
66 33
66 69
66 7
66 77
66 79
66 81
66 53
66 23
66 26
66 31
67 68
67 69
67 79
67 21
67 26
67 60
67 53
67 31
68 2
68 10
68 11
68 14
68 17
68 19
68 22
68 24
68 25
68 38
68 44
68 45
68 47
68 48
68 49
68 52
68 55
68 64
68 65
68 66
68 67
68 71
68 73
68 74
68 75
68 88
69 64
69 65
69 2
69 17
69 38
69 71
69 73
69 10
69 75
69 44
69 45
69 14
69 47
69 48
69 49
69 52
69 22
69 24
69 25
69 74
69 88
70 64
70 65
70 2
70 35
70 17
70 38
70 39
70 72
70 73
70 43
70 76
70 34
70 14
70 44
70 80
70 49
70 52
70 24
70 25
70 71
70 47
71 33
71 69
71 7
71 79
71 81
71 53
71 26
71 60
71 31
72 33
72 68
72 69
72 79
72 81
72 53
72 26
72 60
72 31
73 64
73 65
73 34
73 3
73 38
73 39
73 72
73 76
73 42
73 43
73 44
73 2
73 14
73 80
73 56
73 35
73 54
73 24
73 28
73 61
74 64
74 65
74 34
74 3
74 38
74 39
74 72
74 73
74 42
74 43
74 44
74 2
74 14
74 80
74 76
74 35
74 54
74 56
74 24
74 28
74 61
75 33
75 34
75 3
75 7
75 72
75 42
75 39
75 76
75 77
75 80
75 43
75 35
75 54
75 23
75 56
75 28
75 61
77 64
77 65
77 2
77 35
77 17
77 38
77 71
77 73
77 74
77 75
77 76
77 45
77 14
77 44
77 48
77 49
77 52
77 22
77 24
77 25
77 47
78 33
78 3
78 69
78 7
78 77
78 79
78 81
78 53
78 23
78 26
78 31
79 2
79 14
79 17
79 24
79 25
79 34
79 35
79 38
79 39
79 44
79 45
79 47
79 49
79 52
79 64
79 65
79 71
79 72
79 73
79 74
79 75
79 76
79 80
80 2
80 14
80 17
80 24
80 25
80 34
80 35
80 38
80 39
80 44
80 45
80 47
80 48
80 49
80 52
80 64
80 65
80 71
80 73
80 74
80 75
80 76
81 33
81 34
81 3
81 7
81 72
81 42
81 39
81 76
81 77
81 80
81 43
81 35
81 54
81 23
81 56
81 28
81 61
83 68
83 21
84 64
84 65
84 2
84 35
84 38
84 39
84 72
84 73
84 42
84 43
84 76
84 34
84 14
84 44
84 80
84 49
84 24
84 61
85 60
85 83
85 68
85 21
86 33
86 34
86 3
86 7
86 72
86 42
86 39
86 76
86 77
86 80
86 43
86 35
86 54
86 23
86 56
86 28
86 61
87 33
87 34
87 3
87 81
87 7
87 72
87 42
87 39
87 77
87 80
87 43
87 54
87 23
87 56
87 28
87 61
88 33
88 34
88 3
88 7
88 72
88 42
88 39
88 76
88 77
88 80
88 43
88 35
88 54
88 23
88 56
88 28
88 61
