88
1 33
1 34
1 4
1 65
1 72
1 73
1 75
1 45
1 80
1 48
1 82
1 19
1 85
1 86
1 26
1 61
2 33
2 18
2 71
2 75
2 44
2 45
2 47
2 80
2 82
2 29
2 61
3 33
3 4
3 65
3 72
3 75
3 45
3 47
3 80
3 82
3 61
4 33
4 71
4 75
4 44
4 45
4 47
4 80
4 18
4 29
4 62
5 66
5 69
5 6
5 79
5 52
5 21
5 25
5 62
6 1
6 2
6 8
6 10
6 14
6 20
6 28
6 31
6 32
6 35
6 36
6 39
6 42
6 46
6 49
6 51
6 53
6 59
6 63
6 64
6 67
6 68
6 70
6 74
6 76
6 78
6 83
6 87
10 1
10 2
10 8
10 14
10 20
10 28
10 31
10 32
10 35
10 36
10 39
10 41
10 42
10 46
10 49
10 51
10 53
10 59
10 63
10 64
10 67
10 68
10 70
10 74
10 76
10 78
10 83
10 87
12 1
12 2
12 8
12 9
12 10
12 11
12 19
12 20
12 28
12 31
12 32
12 34
12 36
12 38
12 39
12 46
12 53
12 63
12 64
12 67
12 68
12 70
12 73
12 74
12 76
12 86
13 1
13 2
13 4
13 9
13 11
13 19
13 26
13 28
13 32
13 34
13 38
13 39
13 46
13 48
13 63
13 64
13 65
13 68
13 70
13 72
13 73
13 74
13 76
13 85
13 86
14 1
14 2
14 4
14 9
14 11
14 19
14 26
14 28
14 32
14 34
14 38
14 39
14 46
14 48
14 63
14 64
14 65
14 68
14 70
14 72
14 73
14 74
14 76
14 85
14 86
16 66
16 69
16 6
16 71
16 79
16 18
16 52
16 25
16 29
16 62
18 1
18 2
18 4
18 8
18 9
18 11
18 19
18 26
18 28
18 32
18 34
18 36
18 38
18 39
18 46
18 48
18 63
18 64
18 68
18 70
18 73
18 74
18 76
18 85
18 86
20 1
20 2
20 8
20 9
20 11
20 19
20 28
20 31
20 32
20 34
20 36
20 38
20 39
20 46
20 48
20 53
20 63
20 64
20 67
20 68
20 70
20 73
20 74
20 76
20 86
22 1
22 2
22 8
22 9
22 11
22 19
22 26
22 28
22 31
22 32
22 34
22 36
22 38
22 39
22 46
22 48
22 63
22 64
22 68
22 70
22 73
22 74
22 76
22 85
22 86
23 64
23 1
23 34
23 4
23 70
23 38
23 65
23 72
23 9
23 11
23 76
23 48
23 19
23 85
23 86
23 73
23 68
23 26
23 28
23 61
23 63
24 33
24 4
24 65
24 72
24 80
24 75
24 45
24 48
24 82
24 85
24 26
24 61
25 33
25 71
25 75
25 44
25 45
25 47
25 80
25 18
25 29
25 62
26 64
26 1
26 2
26 4
26 70
26 38
26 65
26 72
26 9
26 11
26 76
26 34
26 48
26 19
26 85
26 86
26 73
26 68
26 28
26 63
30 33
30 34
30 4
30 65
30 72
30 73
30 75
30 45
30 80
30 48
30 82
30 85
30 86
30 26
30 61
32 69
32 71
32 44
32 47
32 80
32 18
32 29
32 62
33 69
33 71
33 44
33 45
33 47
33 80
33 18
33 29
33 62
34 64
34 1
34 4
34 70
34 38
34 65
34 72
34 9
34 11
34 76
34 48
34 82
34 19
34 85
34 86
34 73
34 26
34 28
34 61
34 63
36 69
36 71
36 44
36 45
36 47
36 80
36 18
36 29
36 62
37 1
37 2
37 8
37 9
37 10
37 11
37 19
37 20
37 28
37 31
37 32
37 34
37 36
37 38
37 39
37 46
37 53
37 63
37 64
37 67
37 68
37 70
37 73
37 74
37 76
37 86
40 69
40 71
40 44
40 47
40 80
40 18
40 29
40 62
42 64
42 1
42 34
42 4
42 70
42 38
42 65
42 72
42 9
42 11
42 76
42 48
42 82
42 19
42 85
42 86
42 73
42 26
42 28
42 61
42 63
43 33
43 4
43 65
43 72
43 73
43 75
43 45
43 80
43 48
43 82
43 85
43 86
43 26
43 61
44 1
44 2
44 8
44 9
44 10
44 11
44 19
44 20
44 28
44 31
44 32
44 34
44 35
44 36
44 38
44 39
44 46
44 49
44 53
44 59
44 63
44 64
44 67
44 68
44 70
44 74
44 76
44 78
44 87
46 33
46 34
46 75
46 4
46 65
46 72
46 9
46 11
46 45
46 80
46 48
46 82
46 19
46 85
46 86
46 73
46 26
46 61
48 33
48 4
48 65
48 72
48 75
48 44
48 45
48 47
48 80
48 82
48 61
49 1
49 2
49 8
49 10
49 14
49 20
49 24
49 28
49 31
49 32
49 35
49 36
49 39
49 41
49 42
49 46
49 51
49 53
49 59
49 63
49 64
49 67
49 68
49 70
49 74
49 76
49 78
49 83
49 87
50 69
50 71
50 44
50 45
50 47
50 80
50 18
50 29
50 62
53 33
53 34
53 4
53 65
53 72
53 73
53 75
53 45
53 80
53 48
53 82
53 19
53 85
53 86
53 26
53 61
56 66
56 69
56 6
56 71
56 79
56 18
56 52
56 25
56 29
56 62
57 56
57 58
57 60
57 54
57 22
59 66
59 69
59 6
59 79
59 52
59 21
59 25
61 64
61 1
61 34
61 4
61 70
61 38
61 65
61 72
61 9
61 11
61 76
61 48
61 82
61 19
61 85
61 86
61 73
61 68
61 26
61 28
61 63
67 33
67 34
67 4
67 65
67 72
67 73
67 75
67 45
67 80
67 48
67 82
67 85
67 86
67 26
67 61
68 1
68 2
68 8
68 9
68 11
68 19
68 26
68 28
68 31
68 32
68 34
68 36
68 38
68 39
68 46
68 48
68 63
68 64
68 67
68 70
68 73
68 74
68 76
68 85
68 86
70 66
70 69
70 6
70 71
70 79
70 18
70 52
70 25
70 29
70 62
71 1
71 2
71 4
71 8
71 9
71 11
71 19
71 26
71 28
71 32
71 34
71 38
71 39
71 46
71 48
71 63
71 64
71 68
71 70
71 72
71 73
71 74
71 76
71 85
71 86
72 64
72 1
72 34
72 4
72 70
72 38
72 65
72 9
72 11
72 76
72 48
72 82
72 19
72 85
72 86
72 73
72 26
72 28
72 61
72 63
73 33
73 4
73 65
73 72
73 80
73 75
73 45
73 48
73 82
73 85
73 86
73 26
73 61
74 1
74 2
74 8
74 9
74 10
74 11
74 19
74 20
74 28
74 31
74 32
74 34
74 36
74 38
74 39
74 46
74 49
74 53
74 63
74 64
74 67
74 68
74 70
74 73
74 76
74 78
74 86
74 87
75 33
75 65
75 72
75 44
75 45
75 47
75 80
75 82
75 61
77 1
77 2
77 8
77 10
77 14
77 20
77 24
77 28
77 31
77 32
77 35
77 36
77 39
77 41
77 42
77 46
77 49
77 51
77 53
77 59
77 64
77 67
77 68
77 70
77 74
77 76
77 78
77 83
77 87
78 1
78 2
78 8
78 9
78 11
78 19
78 26
78 28
78 31
78 32
78 34
78 36
78 38
78 39
78 46
78 48
78 63
78 64
78 68
78 70
78 73
78 74
78 76
78 85
78 86
84 60
84 54
84 22
85 33
85 71
85 75
85 44
85 45
85 47
85 80
85 18
85 29
85 62
87 1
87 2
87 8
87 10
87 20
87 28
87 31
87 32
87 35
87 36
87 38
87 39
87 42
87 46
87 49
87 51
87 53
87 59
87 63
87 64
87 67
87 68
87 70
87 74
87 76
87 78
87 83
88 64
88 1
88 34
88 4
88 70
88 38
88 65
88 72
88 9
88 11
88 76
88 48
88 82
88 19
88 85
88 86
88 73
88 26
88 28
88 61
88 63
