88
2 1
2 7
2 11
2 13
2 14
2 19
2 22
2 23
2 24
2 25
2 26
2 29
2 31
2 32
2 34
2 37
2 39
2 42
2 45
2 46
2 47
2 51
2 53
2 54
2 58
2 61
2 64
2 65
2 66
2 67
2 71
2 73
2 74
2 75
4 3
4 7
4 10
4 11
4 12
4 14
4 21
4 22
4 24
4 25
4 31
4 32
4 33
4 34
4 35
4 39
4 46
4 47
4 51
4 53
4 54
4 58
4 64
4 65
4 73
4 75
4 76
4 78
4 83
4 86
5 33
5 2
5 3
5 36
5 35
5 76
5 10
5 12
5 77
5 78
5 79
5 48
5 83
5 84
5 21
5 86
5 60
6 1
6 7
6 13
6 19
6 23
6 26
6 29
6 31
6 37
6 42
6 45
6 54
6 56
6 61
6 62
6 64
6 66
6 67
6 71
6 72
6 73
6 74
6 88
7 32
7 33
7 2
7 3
7 36
7 35
7 76
7 10
7 75
7 12
7 77
7 78
7 79
7 48
7 83
7 84
7 21
7 86
7 25
7 60
8 1
8 7
8 11
8 13
8 14
8 19
8 22
8 23
8 24
8 25
8 26
8 29
8 31
8 32
8 34
8 37
8 39
8 42
8 45
8 46
8 47
8 51
8 53
8 54
8 58
8 61
8 64
8 65
8 66
8 67
8 71
8 73
8 74
8 75
9 1
9 13
9 23
9 26
9 29
9 37
9 41
9 42
9 43
9 45
9 56
9 61
9 62
9 66
9 67
9 68
9 71
9 72
9 74
9 80
9 82
9 88
10 1
10 7
10 11
10 12
10 13
10 14
10 19
10 21
10 22
10 24
10 25
10 26
10 31
10 32
10 33
10 34
10 35
10 37
10 39
10 46
10 47
10 51
10 53
10 54
10 58
10 64
10 65
10 66
10 67
10 73
10 75
10 86
11 1
11 7
11 13
11 19
11 22
11 23
11 26
11 29
11 31
11 37
11 42
11 45
11 46
11 53
11 54
11 56
11 58
11 61
11 62
11 64
11 65
11 66
11 67
11 71
11 72
11 73
11 74
11 88
12 1
12 7
12 11
12 13
12 14
12 19
12 22
12 23
12 24
12 26
12 29
12 31
12 34
12 37
12 39
12 42
12 45
12 46
12 47
12 51
12 53
12 54
12 58
12 61
12 64
12 65
12 66
12 67
12 71
12 73
12 74
17 35
17 2
17 3
17 36
17 76
17 10
17 12
17 77
17 78
17 79
17 48
17 83
17 84
17 21
17 86
17 60
18 59
18 30
18 15
20 2
20 3
20 10
20 11
20 12
20 14
20 21
20 24
20 25
20 32
20 33
20 34
20 35
20 39
20 46
20 47
20 51
20 58
20 60
20 65
20 75
20 76
20 78
20 79
20 83
20 84
20 86
22 1
22 7
22 13
22 19
22 23
22 26
22 29
22 31
22 37
22 42
22 45
22 54
22 56
22 61
22 62
22 64
22 66
22 67
22 71
22 72
22 74
22 82
22 88
27 3
27 7
27 10
27 11
27 12
27 14
27 21
27 22
27 24
27 25
27 31
27 32
27 33
27 34
27 35
27 39
27 46
27 47
27 51
27 53
27 54
27 58
27 64
27 65
27 73
27 75
27 76
27 78
27 83
27 84
27 86
28 40
28 15
28 50
28 52
28 85
28 55
28 57
28 63
30 5
30 40
30 49
30 50
30 52
30 85
30 57
30 20
30 63
31 1
31 66
31 67
31 68
31 37
31 71
31 72
31 42
31 43
31 29
31 13
31 45
31 56
31 82
31 19
31 23
31 88
31 61
31 26
31 74
31 62
32 2
32 3
32 10
32 12
32 14
32 21
32 24
32 25
32 33
32 34
32 35
32 36
32 39
32 47
32 48
32 60
32 75
32 76
32 78
32 79
32 83
32 84
32 86
36 1
36 7
36 13
36 19
36 23
36 26
36 29
36 31
36 37
36 42
36 45
36 54
36 56
36 61
36 62
36 64
36 66
36 67
36 71
36 72
36 74
36 82
36 88
37 1
37 7
37 11
37 12
37 14
37 19
37 21
37 22
37 24
37 25
37 31
37 32
37 33
37 34
37 35
37 39
37 46
37 47
37 51
37 53
37 54
37 58
37 64
37 65
37 66
37 73
37 75
37 76
37 83
37 86
38 1
38 3
38 7
38 11
38 12
38 14
38 19
38 21
38 22
38 24
38 25
38 31
38 32
38 33
38 34
38 35
38 39
38 46
38 47
38 51
38 53
38 54
38 58
38 64
38 65
38 66
38 73
38 75
38 76
38 83
38 86
39 1
39 7
39 11
39 12
39 13
39 14
39 19
39 22
39 24
39 25
39 26
39 31
39 32
39 33
39 34
39 37
39 42
39 45
39 46
39 47
39 51
39 53
39 54
39 58
39 64
39 65
39 66
39 67
39 73
39 75
39 86
40 1
40 7
40 13
40 19
40 22
40 23
40 26
40 29
40 31
40 37
40 42
40 45
40 53
40 54
40 56
40 58
40 61
40 62
40 64
40 65
40 66
40 67
40 71
40 72
40 73
40 74
40 88
41 1
41 7
41 11
41 12
41 13
41 14
41 19
41 22
41 23
41 24
41 25
41 26
41 29
41 31
41 32
41 33
41 34
41 37
41 39
41 42
41 45
41 46
41 47
41 51
41 53
41 54
41 58
41 64
41 65
41 66
41 67
41 71
41 73
41 75
41 86
42 1
42 66
42 67
42 68
42 37
42 71
42 72
42 41
42 74
42 43
42 29
42 45
42 13
42 80
42 56
42 82
42 23
42 88
42 26
42 61
42 62
44 2
44 3
44 10
44 12
44 14
44 21
44 24
44 25
44 32
44 33
44 34
44 35
44 36
44 39
44 47
44 48
44 60
44 75
44 76
44 78
44 79
44 83
44 84
44 86
48 1
48 13
48 19
48 23
48 26
48 29
48 31
48 37
48 42
48 43
48 45
48 56
48 61
48 62
48 64
48 66
48 67
48 71
48 72
48 74
48 82
48 88
50 3
50 7
50 10
50 11
50 12
50 14
50 21
50 22
50 24
50 25
50 31
50 32
50 33
50 34
50 35
50 39
50 46
50 47
50 51
50 53
50 54
50 58
50 64
50 65
50 73
50 75
50 76
50 78
50 83
50 86
51 1
51 13
51 19
51 23
51 26
51 29
51 31
51 37
51 42
51 43
51 45
51 56
51 61
51 62
51 64
51 66
51 67
51 71
51 72
51 74
51 82
51 88
54 1
54 7
54 11
54 12
54 13
54 14
54 19
54 21
54 22
54 24
54 25
54 26
54 31
54 32
54 33
54 34
54 35
54 37
54 39
54 46
54 47
54 51
54 53
54 58
54 64
54 65
54 66
54 67
54 73
54 75
54 86
56 61
56 67
56 68
56 71
56 72
56 41
56 42
56 43
56 44
56 13
56 29
56 45
56 80
56 82
56 23
56 88
56 26
56 27
56 74
56 62
64 1
64 7
64 11
64 13
64 19
64 22
64 23
64 26
64 29
64 31
64 37
64 42
64 45
64 46
64 51
64 53
64 54
64 56
64 58
64 61
64 65
64 66
64 67
64 71
64 73
64 74
64 88
70 1
70 13
70 19
70 23
70 26
70 29
70 37
70 41
70 42
70 43
70 45
70 56
70 61
70 62
70 66
70 67
70 68
70 71
70 72
70 74
70 82
70 88
84 3
84 7
84 10
84 11
84 12
84 14
84 19
84 21
84 22
84 24
84 25
84 31
84 32
84 33
84 34
84 35
84 39
84 46
84 47
84 51
84 53
84 54
84 58
84 64
84 65
84 73
84 75
84 76
84 78
84 83
84 86
87 1
87 66
87 67
87 68
87 37
87 71
87 72
87 42
87 43
87 29
87 13
87 45
87 56
87 82
87 19
87 23
87 88
87 61
87 26
87 74
87 62
