88
3 43
3 69
3 38
3 17
3 10
3 11
3 12
3 45
3 14
3 29
3 49
3 51
3 52
3 86
3 88
3 20
3 27
3 70
3 61
3 31
4 1
4 2
4 3
4 9
4 21
4 30
4 35
4 37
4 39
4 40
4 44
4 46
4 47
4 56
4 58
4 59
4 60
4 62
4 64
4 68
4 77
4 78
4 79
4 84
4 85
6 10
6 11
6 12
6 14
6 17
6 20
6 27
6 29
6 30
6 31
6 38
6 43
6 45
6 49
6 51
6 52
6 60
6 61
6 69
6 70
6 86
6 88
11 1
11 2
11 3
11 9
11 10
11 27
11 30
11 35
11 37
11 39
11 40
11 44
11 45
11 46
11 47
11 58
11 60
11 62
11 64
11 68
11 69
11 77
11 78
11 79
11 84
11 88
14 43
14 69
14 38
14 17
14 11
14 12
14 29
14 49
14 51
14 52
14 86
14 87
14 24
14 20
14 70
14 61
14 88
14 31
19 1
19 3
19 9
19 10
19 11
19 17
19 20
19 27
19 29
19 30
19 35
19 39
19 44
19 45
19 51
19 52
19 60
19 61
19 62
19 64
19 68
19 69
19 70
19 78
19 79
19 88
20 7
20 8
20 21
20 28
20 33
20 36
20 40
20 41
20 42
20 46
20 48
20 53
20 56
20 59
20 63
20 67
20 76
20 77
20 80
20 83
20 84
20 85
21 70
21 38
21 17
21 43
21 12
21 14
21 24
21 49
21 29
21 51
21 52
21 86
21 87
21 23
21 20
21 61
21 31
23 3
23 10
23 11
23 17
23 20
23 27
23 29
23 30
23 38
23 43
23 44
23 45
23 49
23 51
23 52
23 60
23 61
23 62
23 69
23 70
23 86
23 88
24 7
24 8
24 21
24 28
24 33
24 36
24 40
24 41
24 42
24 46
24 48
24 50
24 53
24 54
24 56
24 59
24 63
24 67
24 75
24 76
24 80
24 83
24 84
24 85
29 1
29 2
29 3
29 9
29 21
29 28
29 35
29 37
29 39
29 40
29 44
29 46
29 47
29 48
29 53
29 56
29 58
29 59
29 62
29 63
29 64
29 68
29 77
29 78
29 79
29 83
29 84
29 85
31 1
31 2
31 3
31 9
31 21
31 30
31 35
31 37
31 39
31 40
31 44
31 46
31 47
31 56
31 58
31 59
31 60
31 62
31 64
31 68
31 77
31 78
31 79
31 84
31 85
32 69
32 38
32 17
32 43
32 12
32 14
32 29
32 49
32 51
32 52
32 86
32 87
32 24
32 20
32 70
32 61
32 88
32 31
34 3
34 9
34 10
34 11
34 17
34 20
34 27
34 29
34 30
34 39
34 43
34 44
34 45
34 49
34 51
34 52
34 60
34 61
34 62
34 64
34 68
34 69
34 70
34 78
34 88
35 43
35 69
35 38
35 17
35 11
35 12
35 14
35 29
35 49
35 51
35 52
35 86
35 87
35 24
35 20
35 70
35 61
35 88
35 31
36 1
36 3
36 9
36 10
36 11
36 17
36 20
36 27
36 29
36 30
36 35
36 37
36 39
36 44
36 45
36 51
36 52
36 58
36 60
36 61
36 62
36 64
36 68
36 69
36 70
36 78
36 79
36 88
37 1
37 2
37 3
37 9
37 21
37 28
37 35
37 39
37 40
37 46
37 47
37 48
37 53
37 56
37 58
37 59
37 62
37 63
37 64
37 68
37 77
37 78
37 79
37 83
37 84
37 85
38 1
38 3
38 9
38 10
38 11
38 17
38 20
38 27
38 29
38 30
38 35
38 37
38 39
38 44
38 45
38 47
38 51
38 52
38 58
38 60
38 61
38 62
38 64
38 68
38 69
38 70
38 78
38 79
38 88
43 1
43 2
43 3
43 9
43 21
43 28
43 35
43 37
43 39
43 40
43 46
43 47
43 48
43 53
43 56
43 58
43 59
43 62
43 63
43 64
43 68
43 77
43 78
43 79
43 83
43 84
43 85
45 1
45 2
45 3
45 9
45 10
45 11
45 27
45 30
45 35
45 37
45 39
45 44
45 47
45 51
45 52
45 58
45 60
45 61
45 62
45 64
45 68
45 69
45 70
45 77
45 78
45 79
45 88
47 43
47 69
47 38
47 17
47 10
47 11
47 12
47 14
47 24
47 49
47 29
47 51
47 52
47 86
47 87
47 88
47 20
47 27
47 70
47 61
47 31
48 38
48 17
48 43
48 12
48 14
48 24
48 49
48 51
48 20
48 86
48 87
48 23
48 29
48 31
49 5
49 7
49 8
49 21
49 28
49 32
49 33
49 34
49 36
49 41
49 42
49 48
49 50
49 53
49 54
49 55
49 59
49 63
49 67
49 75
49 76
49 80
49 83
49 85
52 32
52 33
52 34
52 67
52 5
52 6
52 71
52 41
52 42
52 75
52 76
52 73
52 80
52 50
52 54
52 55
53 1
53 2
53 3
53 9
53 21
53 28
53 35
53 37
53 39
53 40
53 46
53 47
53 48
53 56
53 58
53 59
53 62
53 63
53 64
53 68
53 77
53 78
53 79
53 83
53 84
53 85
56 1
56 2
56 3
56 9
56 10
56 11
56 17
56 20
56 27
56 29
56 30
56 35
56 37
56 39
56 44
56 45
56 47
56 51
56 52
56 58
56 60
56 61
56 62
56 64
56 68
56 69
56 70
56 78
56 79
56 88
57 38
57 17
57 43
57 12
57 14
57 24
57 49
57 51
57 20
57 86
57 87
57 23
57 29
57 31
58 1
58 2
58 3
58 9
58 21
58 35
58 37
58 39
58 40
58 44
58 46
58 47
58 48
58 53
58 56
58 59
58 62
58 63
58 64
58 68
58 77
58 78
58 79
58 83
58 84
58 85
63 38
63 17
63 43
63 12
63 14
63 24
63 49
63 51
63 20
63 86
63 87
63 23
63 29
63 31
67 3
67 9
67 10
67 11
67 17
67 20
67 27
67 29
67 30
67 39
67 43
67 44
67 45
67 49
67 51
67 52
67 60
67 61
67 62
67 68
67 69
67 70
67 78
67 88
68 3
68 9
68 10
68 11
68 17
68 20
68 27
68 29
68 30
68 39
68 43
68 44
68 45
68 49
68 51
68 52
68 60
68 61
68 62
68 64
68 69
68 70
68 78
68 88
70 1
70 2
70 3
70 9
70 10
70 11
70 27
70 30
70 35
70 37
70 39
70 40
70 44
70 45
70 46
70 47
70 52
70 58
70 60
70 61
70 62
70 64
70 68
70 69
70 77
70 78
70 79
70 88
72 38
72 17
72 43
72 12
72 14
72 24
72 49
72 51
72 20
72 86
72 87
72 23
72 29
72 31
76 1
76 2
76 3
76 9
76 10
76 11
76 27
76 30
76 35
76 37
76 39
76 40
76 44
76 45
76 46
76 47
76 52
76 58
76 60
76 61
76 62
76 64
76 68
76 69
76 70
76 77
76 78
76 79
76 88
80 10
80 11
80 12
80 14
80 17
80 20
80 27
80 29
80 30
80 31
80 38
80 43
80 44
80 45
80 49
80 51
80 52
80 60
80 61
80 69
80 70
80 86
80 88
81 65
81 82
81 6
81 71
81 72
81 73
81 74
81 13
81 18
81 22
81 26
83 1
83 2
83 3
83 9
83 21
83 30
83 35
83 37
83 39
83 40
83 44
83 46
83 47
83 48
83 56
83 58
83 59
83 60
83 62
83 64
83 68
83 77
83 78
83 79
83 84
83 85
84 2
84 7
84 8
84 21
84 28
84 33
84 35
84 36
84 37
84 40
84 41
84 42
84 46
84 47
84 48
84 53
84 56
84 58
84 59
84 63
84 67
84 77
84 83
84 85
87 43
87 69
87 38
87 17
87 11
87 12
87 14
87 29
87 49
87 51
87 52
87 86
87 24
87 20
87 70
87 61
87 88
87 31
