88
0 0
0 11
0 18
0 52
0 85
0 23
0 55
0 26
0 27
0 28
0 58
1 0
1 11
1 17
1 18
1 52
1 85
1 23
1 55
1 26
1 27
1 28
1 58
2 0
2 11
2 16
2 17
2 18
2 52
2 85
2 23
2 55
2 26
2 28
2 58
3 0
3 11
3 16
3 17
3 18
3 52
3 85
3 23
3 55
3 58
3 27
3 28
4 0
4 11
4 17
4 52
4 85
4 23
4 55
4 58
4 27
4 28
4 26
5 0
5 7
5 11
5 17
5 18
5 52
5 85
5 23
5 55
5 26
5 27
5 28
6 0
6 11
6 16
6 17
6 18
6 52
6 85
6 55
6 26
6 27
6 28
6 58
8 0
8 11
8 17
8 18
8 52
8 85
8 55
8 23
8 26
8 27
8 28
8 58
9 0
9 11
9 17
9 52
9 85
9 23
9 55
9 58
9 27
9 28
9 26
10 0
10 11
10 18
10 52
10 85
10 23
10 55
10 26
10 27
10 28
10 58
12 0
12 11
12 17
12 18
12 52
12 85
12 23
12 55
12 26
12 27
12 28
12 58
13 11
13 16
13 17
13 18
13 52
13 85
13 23
13 55
13 26
13 27
13 28
13 58
20 0
20 7
20 11
20 17
20 52
20 85
20 23
20 55
20 26
20 27
20 28
20 58
21 0
21 11
21 16
21 17
21 52
21 85
21 23
21 55
21 26
21 27
21 28
21 58
22 0
22 11
22 52
24 0
24 7
24 11
24 17
24 18
24 52
24 85
24 23
24 55
24 26
24 27
24 28
25 0
25 7
25 11
25 17
25 52
25 85
25 23
25 55
25 26
25 27
25 28
25 58
26 0
26 11
26 17
26 18
26 52
26 23
26 55
26 58
26 27
26 28
26 26
27 0
27 11
27 17
27 52
27 85
27 23
27 55
27 26
27 27
27 28
27 58
28 0
28 11
28 17
28 52
28 85
28 23
28 55
28 26
28 27
28 28
28 58
29 0
29 11
29 17
29 18
29 52
29 85
29 23
29 55
29 26
29 27
29 28
29 58
30 0
30 11
30 17
30 52
30 85
30 23
30 55
30 26
30 27
30 28
30 58
31 0
31 11
31 17
31 18
31 52
31 85
31 23
31 55
31 26
31 27
31 28
31 58
32 0
32 11
32 17
32 18
32 52
32 85
32 23
32 55
32 26
32 27
32 28
32 58
33 0
33 11
33 17
33 52
33 85
33 23
33 55
33 26
33 27
33 28
33 58
34 0
34 11
34 17
34 18
34 52
34 85
34 55
34 23
34 26
34 27
34 28
35 0
35 11
35 17
35 18
35 52
35 85
35 23
35 55
35 26
35 27
35 28
35 58
36 0
36 11
36 17
36 18
36 52
36 85
36 23
36 55
36 26
36 27
36 28
36 58
37 0
37 11
37 16
37 17
37 52
37 85
37 23
37 55
37 26
37 27
37 28
37 58
38 0
38 11
38 16
38 17
38 18
38 52
38 85
38 23
38 55
38 58
38 27
38 28
39 0
39 11
39 17
39 18
39 52
39 85
39 23
39 55
39 26
39 27
39 28
39 58
40 0
40 11
40 17
40 18
40 52
40 85
40 23
40 55
40 26
40 27
40 28
40 58
41 0
41 11
41 16
41 17
41 18
41 52
41 85
41 23
41 26
41 27
41 28
41 58
42 0
42 7
42 11
42 18
42 52
42 85
42 23
42 55
42 26
42 27
42 28
42 58
43 0
43 11
43 16
43 18
43 52
43 85
43 23
43 55
43 26
43 27
43 28
43 58
44 11
44 17
44 52
44 85
44 26
44 28
45 0
45 11
45 16
45 17
45 52
45 85
45 23
45 55
45 26
45 27
45 28
45 58
46 0
46 11
46 16
46 17
46 52
46 85
46 23
46 55
46 26
46 27
46 28
46 58
47 0
47 11
47 16
47 18
47 52
47 85
47 23
47 55
47 26
47 27
47 28
47 58
48 0
48 11
48 17
48 18
48 52
48 85
48 23
48 55
48 26
48 27
48 28
48 58
49 0
49 11
49 16
49 17
49 52
49 85
49 23
49 55
49 26
49 27
49 28
49 58
50 0
50 11
50 16
50 17
50 52
50 85
50 23
50 26
50 27
50 28
50 58
51 27
51 58
51 11
51 52
51 85
52 0
52 11
52 17
52 18
52 52
52 85
52 23
52 55
52 26
52 28
52 58
53 0
53 11
53 16
53 17
53 52
53 85
53 23
53 55
53 26
53 27
53 28
53 58
54 0
54 11
54 17
54 18
54 52
54 85
54 23
54 55
54 26
54 27
54 28
54 58
55 0
55 7
55 11
55 17
55 18
55 52
55 85
55 55
55 26
55 27
55 28
56 11
56 16
56 17
56 18
56 52
56 85
56 23
56 55
56 26
56 27
56 28
56 58
57 0
57 11
57 17
57 52
57 85
57 55
57 23
57 26
57 27
57 28
59 0
59 11
59 17
59 18
59 52
59 85
59 23
59 55
59 26
59 27
59 28
59 58
60 0
60 11
60 16
60 17
60 52
60 85
60 23
60 55
60 26
60 27
60 28
60 58
61 0
61 7
61 11
61 18
61 52
61 85
61 55
61 26
61 27
61 28
61 58
62 0
62 7
62 11
62 17
62 52
62 85
62 23
62 55
62 26
62 27
62 28
62 58
63 0
63 11
63 17
63 18
63 52
63 85
63 23
63 55
63 26
63 27
63 28
63 58
64 0
64 11
64 16
64 17
64 52
64 85
64 23
64 55
64 26
64 27
64 28
64 58
65 0
65 11
65 18
65 52
65 85
65 23
65 55
65 26
65 27
65 28
65 58
66 0
66 11
66 16
66 17
66 52
66 85
66 23
66 55
66 26
66 27
66 28
66 58
67 0
67 11
67 17
67 18
67 52
67 85
67 23
67 55
67 26
67 27
67 28
67 58
68 0
68 11
68 17
68 52
68 85
68 23
68 55
68 26
68 27
68 28
68 58
69 0
69 11
69 17
69 18
69 52
69 85
69 23
69 55
69 26
69 28
69 58
70 0
70 11
70 18
70 52
70 85
70 23
70 55
70 26
70 27
70 28
70 58
71 0
71 11
71 17
71 18
71 52
71 85
71 23
71 55
71 26
71 27
71 28
71 58
72 0
72 11
72 17
72 52
72 85
72 55
72 23
72 26
72 27
72 28
72 58
73 0
73 11
73 52
73 85
73 23
73 55
73 26
73 28
74 0
74 7
74 11
74 16
74 52
74 85
74 23
74 55
74 26
74 27
74 28
74 58
75 0
75 11
75 17
75 18
75 52
75 85
75 23
75 55
75 26
75 27
75 28
75 58
76 0
76 11
76 17
76 18
76 52
76 85
76 23
76 55
76 26
76 27
76 28
76 58
77 0
77 11
77 17
77 18
77 52
77 85
77 23
77 55
77 26
77 27
77 28
77 58
78 0
78 7
78 11
78 17
78 52
78 85
78 23
78 55
78 26
78 27
78 28
78 58
79 0
79 11
79 16
79 17
79 52
79 85
79 23
79 55
79 26
79 27
79 28
79 58
80 0
80 11
80 17
80 18
80 85
80 23
80 55
80 26
80 27
80 28
80 58
81 0
81 11
81 23
81 58
81 27
81 28
82 0
82 11
82 17
82 18
82 52
82 85
82 23
82 55
82 26
82 27
82 28
82 58
83 0
83 11
83 17
83 18
83 52
83 85
83 23
83 55
83 26
83 27
83 28
83 58
84 0
84 11
84 17
84 52
84 85
84 23
84 55
84 26
84 27
84 28
84 58
85 11
85 16
85 17
85 52
85 85
85 23
85 55
85 26
85 27
85 28
85 58
86 0
86 11
86 17
86 18
86 52
86 85
86 23
86 55
86 26
86 27
86 28
86 58
87 0
87 11
87 16
87 17
87 18
87 52
87 85
87 23
87 55
87 26
87 27
87 28
