88
0 0
0 32
0 2
0 35
0 69
0 41
0 74
0 43
0 44
0 47
0 48
0 76
0 54
0 55
0 24
0 26
0 59
0 60
0 61
1 5
1 21
1 24
1 25
1 30
1 32
1 33
1 35
1 36
1 40
1 43
1 44
1 46
1 47
1 52
1 56
1 59
1 64
1 67
1 72
1 74
1 76
1 77
1 86
4 32
4 65
4 3
4 33
4 40
4 76
4 48
4 67
4 20
4 21
4 86
4 24
4 31
5 0
5 3
5 25
5 26
5 29
5 32
5 33
5 34
5 35
5 40
5 41
5 43
5 46
5 52
5 55
5 60
5 61
5 64
5 65
5 66
5 67
5 71
5 72
5 74
5 76
5 77
5 86
10 64
10 65
10 2
10 77
12 43
13 0
13 5
13 21
13 24
13 25
13 26
13 31
13 32
13 33
13 35
13 40
13 43
13 44
13 46
13 47
13 52
13 61
13 64
13 65
13 66
13 69
13 70
13 71
13 74
16 32
16 26
16 47
17 60
17 76
18 0
18 2
18 24
18 25
18 30
18 31
18 32
18 33
18 35
18 36
18 44
18 46
18 47
18 54
18 61
18 64
18 65
18 66
18 67
18 69
18 75
18 76
18 77
18 82
18 86
19 32
19 65
19 66
19 3
19 40
19 74
19 44
19 77
19 67
19 52
19 86
19 55
19 56
19 26
19 59
19 60
19 61
19 31
22 32
22 35
22 43
22 44
22 77
22 54
22 56
23 21
23 24
23 25
23 29
23 33
23 40
23 44
23 54
23 55
23 56
23 59
23 60
23 61
23 64
23 65
23 66
23 69
23 72
23 74
23 75
23 77
23 82
23 86
27 0
27 1
27 2
27 3
27 5
27 21
27 26
27 29
27 30
27 31
27 33
27 34
27 35
27 40
27 43
27 44
27 52
27 55
27 56
27 59
27 66
27 70
27 73
27 76
27 77
28 64
28 33
28 2
28 35
28 65
28 40
28 76
28 74
28 44
28 66
28 47
28 48
28 20
28 86
28 55
28 52
28 26
28 59
28 60
28 61
28 31
29 1
29 2
29 17
29 24
29 25
29 26
29 31
29 33
29 43
29 44
29 46
29 47
29 54
29 55
29 56
29 59
29 61
29 64
29 65
29 69
29 71
29 72
29 82
29 86
30 20
30 21
30 24
30 25
30 26
30 30
30 33
30 41
30 43
30 46
30 47
30 48
30 52
30 55
30 56
30 59
30 61
30 64
30 65
30 66
30 67
30 69
30 70
30 74
30 77
30 83
30 86
33 3
33 21
33 24
33 25
33 26
33 30
33 31
33 33
33 35
33 40
33 46
33 47
33 49
33 55
33 56
33 57
33 59
33 61
33 64
33 67
33 72
33 74
33 76
33 77
33 83
33 86
34 1
34 25
34 26
34 31
34 32
34 33
34 35
34 40
34 41
34 43
34 44
34 46
34 47
34 52
34 56
34 59
34 61
34 64
34 65
34 66
34 74
34 75
34 76
34 77
35 2
35 20
35 21
35 24
35 25
35 26
35 29
35 30
35 32
35 33
35 35
35 40
35 41
35 44
35 46
35 52
35 56
35 59
35 61
35 65
35 66
35 69
35 70
35 74
35 76
35 77
35 86
36 2
36 5
36 21
36 24
36 25
36 26
36 31
36 32
36 33
36 35
36 36
36 40
36 41
36 43
36 44
36 46
36 49
36 54
36 55
36 56
36 59
36 60
36 64
36 65
36 67
36 74
36 76
37 1
37 2
37 5
37 70
37 65
37 76
37 43
37 44
37 77
37 48
37 56
37 21
37 86
37 55
37 24
37 26
37 60
37 29
37 69
38 2
38 3
38 5
38 20
38 24
38 25
38 26
38 31
38 32
38 35
38 40
38 43
38 44
38 47
38 52
38 55
38 56
38 60
38 64
38 65
38 66
38 69
38 74
38 76
38 77
38 86
39 2
39 3
39 24
39 26
39 29
39 30
39 31
39 35
39 40
39 44
39 46
39 47
39 48
39 52
39 56
39 59
39 61
39 64
39 66
39 69
39 72
39 75
39 76
39 77
39 86
42 0
42 21
42 24
42 25
42 26
42 30
42 31
42 32
42 33
42 34
42 40
42 43
42 52
42 55
42 56
42 59
42 61
42 64
42 65
42 66
42 67
42 71
42 74
42 75
42 77
42 82
42 86
45 0
45 2
45 3
45 21
45 24
45 26
45 30
45 31
45 32
45 34
45 36
45 40
45 44
45 46
45 47
45 48
45 52
45 59
45 61
45 65
45 66
45 67
45 72
45 73
45 74
45 76
45 82
45 86
46 32
46 65
46 66
46 35
46 36
46 69
46 70
46 71
46 40
46 41
46 75
46 44
46 46
46 47
46 52
46 86
46 56
46 26
46 60
46 61
46 31
47 2
47 5
47 21
47 25
47 29
47 31
47 32
47 33
47 40
47 43
47 44
47 47
47 52
47 54
47 60
47 61
47 64
47 65
47 66
47 69
47 71
47 77
47 86
48 2
48 3
48 21
48 24
48 30
48 31
48 32
48 36
48 41
48 43
48 46
48 47
48 48
48 49
48 52
48 55
48 59
48 60
48 61
48 64
48 65
48 66
48 74
48 77
48 83
48 86
49 2
49 24
49 25
49 26
49 29
49 30
49 32
49 33
49 35
49 40
49 43
49 44
49 46
49 47
49 49
49 52
49 56
49 57
49 59
49 60
49 61
49 65
49 66
49 77
49 86
50 2
50 20
50 21
50 24
50 25
50 26
50 29
50 31
50 32
50 33
50 35
50 40
50 43
50 44
50 46
50 52
50 56
50 59
50 64
50 65
50 66
50 69
50 76
50 77
50 86
58 0
58 2
58 5
58 24
58 26
58 29
58 31
58 32
58 35
58 40
58 43
58 44
58 46
58 48
58 56
58 59
58 60
58 61
58 64
58 65
58 71
58 74
58 75
58 76
58 77
62 3
62 5
62 20
62 24
62 25
62 26
62 30
62 31
62 32
62 40
62 41
62 43
62 46
62 47
62 52
62 56
62 59
62 60
62 61
62 64
62 65
62 66
62 72
62 74
62 76
62 77
62 86
63 0
63 65
63 2
63 75
63 5
63 60
63 74
63 43
63 44
63 77
63 47
63 76
63 20
63 21
63 54
63 86
63 25
63 26
63 52
63 31
66 0
66 2
66 3
66 5
66 25
66 26
66 29
66 31
66 32
66 33
66 35
66 43
66 52
66 54
66 56
66 59
66 60
66 61
66 65
66 66
66 72
66 86
79 2
79 3
79 21
79 24
79 25
79 26
79 29
79 31
79 32
79 33
79 35
79 40
79 44
79 46
79 49
79 52
79 54
79 55
79 56
79 59
79 61
79 64
79 65
79 66
79 74
79 76
79 82
82 1
82 3
82 20
82 24
82 25
82 26
82 29
82 31
82 32
82 33
82 35
82 40
82 44
82 47
82 54
82 56
82 59
82 61
82 65
82 66
82 67
82 72
82 73
82 74
82 75
82 76
82 77
82 83
84 33
84 2
84 3
84 70
84 65
84 40
84 74
84 43
84 44
84 66
84 77
84 47
84 35
84 55
84 24
84 25
84 26
84 59
84 61
84 67
84 31
85 2
85 3
85 24
85 26
85 29
85 30
85 34
85 35
85 40
85 43
85 44
85 47
85 52
85 59
85 60
85 61
85 65
85 66
85 67
85 70
85 76
85 83
85 86
86 2
86 5
86 24
86 25
86 29
86 30
86 33
86 34
86 40
86 41
86 43
86 44
86 47
86 52
86 54
86 55
86 59
86 61
86 65
86 67
86 72
86 74
86 76
86 77
87 2
87 21
87 24
87 25
87 30
87 33
87 35
87 41
87 44
87 46
87 47
87 48
87 54
87 55
87 56
87 60
87 61
87 64
87 66
87 67
87 69
87 70
87 71
87 74
87 76
87 77
87 86
