88
0 1
0 8
0 11
0 21
0 23
0 26
0 29
0 33
0 36
0 40
0 47
0 50
0 54
0 57
0 58
0 71
0 73
0 75
0 79
0 81
0 83
0 85
2 40
2 1
2 50
2 69
2 49
3 36
3 5
3 81
3 39
3 63
3 71
3 12
3 77
3 61
3 48
3 76
3 73
3 82
3 22
3 23
3 57
3 58
3 27
3 29
3 69
3 37
4 66
4 37
4 70
4 73
4 85
4 41
4 69
5 64
5 69
5 29
7 0
7 3
7 6
7 8
7 11
7 25
7 29
7 30
7 31
7 36
7 45
7 47
7 53
7 55
7 63
7 66
7 69
7 71
7 72
7 73
7 81
7 85
11 1
11 35
11 36
11 69
11 72
11 41
11 43
11 48
11 81
11 40
11 87
11 26
11 63
13 8
13 12
13 18
13 21
13 31
13 35
13 44
13 48
13 49
13 50
13 57
13 58
13 63
13 67
13 68
13 71
13 72
13 74
13 75
13 79
13 82
13 85
13 87
18 66
18 35
18 54
18 81
18 40
18 41
18 67
18 45
18 77
18 48
18 49
18 58
18 21
18 22
18 72
18 83
18 26
18 27
18 29
18 31
19 41
19 75
19 15
19 48
19 85
19 29
19 31
20 0
20 1
20 21
20 23
20 29
20 30
20 36
20 40
20 41
20 44
20 48
20 49
20 50
20 57
20 58
20 64
20 69
20 70
20 72
20 77
20 81
20 83
20 85
21 33
21 72
21 77
21 85
21 54
21 27
23 83
23 35
23 37
23 6
23 7
23 72
23 73
23 11
23 79
23 71
23 87
23 50
23 51
23 85
23 54
23 23
23 58
23 27
23 70
23 29
24 35
24 70
24 50
24 57
24 30
24 63
25 4
25 5
25 6
25 8
25 11
25 23
25 27
25 33
25 45
25 48
25 50
25 58
25 60
25 63
25 67
25 69
25 70
25 71
25 73
25 76
25 77
25 83
25 87
27 5
27 8
27 11
27 12
27 21
27 29
27 30
27 31
27 33
27 37
27 40
27 43
27 47
27 48
27 49
27 50
27 54
27 55
27 67
27 73
27 75
27 76
29 0
29 1
29 6
29 8
29 23
29 27
29 31
29 36
29 39
29 41
29 45
29 47
29 50
29 54
29 57
29 59
29 61
29 66
29 67
29 69
29 70
29 71
29 72
29 77
30 0
30 1
30 21
30 25
30 35
30 36
30 40
30 45
30 48
30 50
30 54
30 57
30 58
30 67
30 68
30 69
30 70
30 71
30 73
30 75
30 79
30 85
31 66
31 35
31 5
31 6
31 71
31 72
31 41
31 74
31 45
31 48
31 3
31 73
31 24
31 58
31 63
31 37
32 1
32 6
32 50
32 85
32 29
32 31
33 5
33 8
33 11
33 15
33 22
33 23
33 26
33 27
33 29
33 34
33 35
33 37
33 40
33 44
33 48
33 63
33 69
33 72
33 77
33 81
33 83
33 85
34 72
34 77
34 48
34 83
34 21
34 23
35 22
35 27
35 37
35 54
35 21
36 67
36 69
36 6
36 49
36 8
36 41
36 11
36 71
36 45
36 77
36 47
36 48
36 40
36 83
36 85
36 22
36 72
36 57
36 26
36 63
36 31
37 66
37 36
37 69
37 39
37 72
37 76
37 79
37 71
37 12
37 45
37 47
37 81
37 50
37 82
37 55
37 58
37 27
37 30
37 31
38 69
38 6
38 71
38 8
38 45
38 16
38 21
38 54
38 23
38 31
39 33
39 58
39 67
39 76
39 81
40 33
40 69
40 6
40 73
40 83
40 85
40 58
41 45
41 36
41 77
41 71
42 1
42 67
42 5
42 6
42 71
42 40
42 41
42 11
42 15
42 48
42 21
42 54
42 73
42 57
42 26
42 70
42 29
42 63
43 1
43 5
43 6
43 21
43 26
43 29
43 30
43 31
43 36
43 40
43 41
43 48
43 54
43 57
43 58
43 59
43 61
43 63
43 67
43 68
43 83
43 87
44 0
44 1
44 3
44 6
44 8
44 12
44 21
44 23
44 27
44 29
44 31
44 33
44 37
44 41
44 44
44 47
44 48
44 55
44 57
44 65
44 66
44 67
44 75
44 77
44 79
44 81
45 1
45 58
45 5
45 22
46 36
46 37
46 81
46 85
46 55
46 57
46 63
47 1
47 36
47 69
47 44
47 45
47 21
47 87
47 26
47 29
47 31
50 67
50 37
50 6
50 71
50 47
50 85
52 40
52 21
52 70
52 71
53 48
53 34
53 35
53 5
53 71
53 73
53 75
53 76
53 66
53 77
53 16
53 21
53 23
53 57
53 58
53 27
53 60
53 69
53 63
55 67
55 70
55 73
55 85
55 54
55 57
56 1
56 5
56 8
56 41
56 50
56 54
57 75
57 72
57 87
57 15
57 55
57 29
57 63
59 1
59 37
59 6
59 71
59 72
59 41
59 75
59 12
59 77
59 47
59 76
59 83
59 21
59 54
59 23
59 85
59 69
60 36
60 11
60 45
60 85
60 22
60 31
61 33
61 67
61 69
61 6
61 71
61 8
61 73
61 79
61 76
61 45
61 77
61 40
61 83
61 85
61 23
61 57
61 26
61 27
61 70
63 1
63 6
63 8
63 11
63 15
63 21
63 23
63 30
63 31
63 33
63 34
63 36
63 39
63 40
63 41
63 45
63 57
63 58
63 66
63 67
63 69
63 70
63 71
63 77
63 80
63 81
63 82
63 83
64 33
64 36
64 40
64 23
64 4
64 58
64 28
66 33
66 37
66 11
66 48
66 50
66 54
66 23
66 5
67 67
67 69
67 6
67 77
67 45
67 54
67 27
67 29
67 63
69 41
69 83
69 77
69 73
70 1
70 3
70 5
70 8
70 12
70 23
70 26
70 29
70 31
70 36
70 37
70 41
70 44
70 50
70 57
70 58
70 61
70 63
70 70
70 73
70 77
70 83
70 85
71 37
71 15
71 81
71 83
71 23
71 69
72 3
72 36
72 5
72 6
72 39
72 40
72 73
72 45
72 77
72 49
72 50
72 35
72 21
72 57
72 27
72 70
72 29
72 85
72 69
73 1
73 67
73 4
73 5
73 6
73 72
73 41
73 87
73 45
73 73
73 37
73 85
73 22
73 57
73 36
73 26
73 54
73 29
73 31
74 1
74 5
74 6
74 79
74 87
74 27
74 30
75 1
75 66
75 67
75 37
75 33
75 40
75 41
75 71
75 44
75 77
75 73
75 48
75 85
75 54
75 55
75 58
75 79
75 29
76 83
76 50
76 36
76 5
76 6
76 40
76 73
76 55
76 12
76 45
76 77
76 48
76 72
76 18
76 67
76 23
76 57
76 26
76 70
77 3
77 6
77 8
77 15
77 21
77 22
77 24
77 25
77 26
77 27
77 29
77 35
77 36
77 45
77 55
77 58
77 70
77 71
77 72
77 73
77 83
77 87
78 1
78 67
78 6
78 71
78 8
78 11
78 77
78 83
79 3
79 5
79 6
79 39
79 8
79 41
79 11
79 12
79 63
79 48
79 72
79 18
79 21
79 54
79 73
79 26
79 27
79 70
79 58
79 37
80 37
80 70
80 71
80 8
80 41
80 74
80 11
80 12
80 45
80 77
80 48
80 81
80 85
80 23
80 55
80 58
80 27
80 29
80 69
81 72
81 11
81 76
81 70
82 0
82 3
82 5
82 8
82 11
82 21
82 22
82 23
82 26
82 27
82 30
82 31
82 36
82 37
82 39
82 40
82 41
82 48
82 49
82 50
82 54
82 55
82 57
82 70
82 71
82 72
82 77
82 83
82 85
83 67
83 36
83 69
83 72
83 41
83 48
83 50
83 21
83 54
83 63
83 85
83 31
86 5
86 76
86 85
86 57
86 58
86 29
87 5
87 71
87 73
87 11
87 83
87 63
