88
0 83
0 37
0 6
0 71
0 42
0 11
0 45
0 77
0 15
0 50
0 19
0 52
0 21
0 54
0 23
0 63
0 29
0 85
0 31
1 67
1 69
1 40
1 73
1 76
1 85
1 22
1 27
1 29
2 48
2 41
2 58
2 56
2 23
3 1
3 34
3 3
3 69
3 6
3 33
3 41
3 39
3 76
3 66
3 50
3 35
3 85
3 55
3 24
3 67
3 63
4 1
4 35
4 72
4 73
4 12
4 24
5 5
5 30
5 23
7 66
7 35
7 36
7 69
7 6
7 71
7 40
7 73
7 13
7 45
7 48
7 81
7 67
7 54
7 57
7 58
7 62
9 1
9 35
9 69
9 38
9 33
9 40
9 43
9 44
9 45
9 83
9 85
9 57
9 37
10 64
10 3
10 4
10 69
10 11
10 45
10 50
10 85
10 54
10 23
10 58
10 59
10 31
11 35
11 36
11 71
11 44
11 76
11 47
11 21
11 55
11 31
12 1
12 4
12 70
12 13
12 47
12 86
12 57
13 34
13 35
13 69
13 39
13 41
13 75
13 12
13 66
13 46
13 76
13 50
13 52
13 54
13 23
13 56
13 57
13 26
13 58
13 62
16 0
16 3
16 4
16 6
16 71
16 72
16 42
16 46
16 48
16 67
16 21
16 54
16 85
16 24
16 57
16 58
16 30
16 31
17 44
18 0
18 1
18 3
18 4
18 69
18 70
18 8
18 74
18 77
18 15
18 67
18 21
18 54
18 23
18 36
18 27
18 85
19 71
19 11
19 82
19 85
19 24
19 30
20 67
20 36
20 5
20 7
20 8
20 42
20 11
20 71
20 72
20 75
20 20
20 85
20 22
20 57
20 58
20 27
20 29
20 63
21 24
21 81
21 75
21 37
22 82
23 64
23 34
23 74
23 71
23 8
23 41
23 42
23 43
23 16
23 17
23 18
23 83
23 52
23 22
23 87
23 72
23 26
23 58
24 57
24 60
24 54
24 6
25 32
25 48
25 36
25 5
25 70
25 71
25 64
25 12
25 45
25 46
25 77
25 16
25 62
25 54
25 55
25 78
25 30
25 85
26 8
26 12
26 21
26 22
26 26
26 27
26 33
26 34
26 36
26 37
26 39
26 41
26 47
26 49
26 60
26 63
26 67
26 70
26 71
26 72
26 73
26 75
26 83
26 85
27 1
27 2
27 67
27 69
27 6
27 71
27 40
27 73
27 74
27 76
27 77
27 78
27 47
27 72
27 50
27 83
27 84
27 81
28 25
29 32
29 1
29 4
29 5
29 6
29 39
29 8
29 63
29 71
29 56
29 20
29 21
29 73
29 24
29 58
29 27
29 29
29 30
29 37
30 1
30 35
30 4
30 5
30 6
30 73
30 74
30 75
30 77
30 81
30 50
30 82
30 21
30 23
30 24
30 57
30 30
30 31
31 6
31 11
31 13
31 16
31 22
31 57
31 26
31 63
31 31
32 64
32 57
32 11
32 20
32 62
33 0
33 33
33 2
33 3
33 36
33 37
33 71
33 40
33 41
33 43
33 44
33 66
33 47
33 81
33 67
33 20
33 57
33 60
34 48
34 50
34 69
34 6
35 50
35 61
35 36
35 85
35 79
36 64
36 2
36 67
36 69
36 6
36 40
36 12
36 45
36 46
36 77
36 48
36 85
36 22
36 57
36 58
36 27
36 29
36 63
37 67
37 69
37 39
37 72
37 41
37 11
37 48
37 81
37 52
37 85
37 71
37 27
37 60
37 62
37 31
38 66
38 67
38 69
38 42
38 87
38 79
38 23
39 72
39 84
39 76
39 45
40 57
40 42
40 74
40 45
40 15
41 66
41 60
41 26
42 64
42 33
42 36
42 5
42 41
42 75
42 12
42 48
42 81
42 23
42 60
43 64
43 37
43 6
43 73
43 11
43 45
43 77
43 61
43 48
43 83
43 21
43 87
43 24
43 58
43 27
43 70
43 29
44 64
44 2
44 3
44 4
44 6
44 8
44 41
44 79
44 43
44 34
44 63
44 15
44 72
44 83
44 73
44 25
44 87
44 59
44 29
44 31
45 8
45 1
45 36
45 45
46 67
46 70
46 41
46 46
46 49
46 86
47 50
47 18
47 54
47 25
47 58
47 30
47 31
48 48
48 76
48 68
48 29
48 87
49 68
49 1
49 67
49 36
49 6
49 38
49 81
49 8
49 78
49 48
49 40
49 54
49 57
49 30
49 63
50 72
50 48
50 36
50 84
50 49
51 8
51 63
51 55
51 5
51 71
52 10
52 76
52 6
53 66
53 67
53 36
53 5
53 70
53 72
53 73
53 76
53 13
53 48
53 83
53 85
53 87
53 26
53 59
53 69
54 0
54 1
54 40
54 79
54 48
54 21
54 23
54 58
54 27
55 41
55 50
55 12
55 79
56 8
56 48
56 27
56 45
57 1
57 34
57 6
57 41
57 47
57 21
58 0
58 48
58 34
58 66
58 40
58 41
58 74
58 11
58 13
58 47
58 16
58 83
58 52
58 85
58 30
59 0
59 1
59 66
59 70
59 71
59 41
59 18
59 83
59 85
59 63
60 16
60 1
60 13
60 69
60 73
61 1
61 35
61 36
61 38
61 42
61 11
61 43
61 21
61 22
61 23
61 57
61 26
61 63
61 58
61 85
61 31
62 36
62 37
62 6
62 71
62 72
62 12
62 21
62 54
62 55
62 57
62 58
62 85
63 5
63 11
63 15
63 18
63 23
63 27
63 32
63 33
63 40
63 45
63 48
63 49
63 54
63 60
63 62
63 69
63 70
63 72
63 73
63 77
63 83
63 85
64 8
64 12
64 36
64 63
65 0
65 3
65 70
65 77
65 18
65 31
66 41
66 26
66 57
66 70
66 39
67 33
67 66
67 35
67 16
67 50
67 52
67 22
67 58
67 29
68 1
68 37
68 70
68 72
68 73
68 74
68 43
68 12
68 16
68 50
68 84
68 86
68 55
68 87
68 29
68 63
69 59
69 13
69 47
70 64
70 82
70 5
70 71
70 8
70 41
70 44
70 45
70 73
70 48
70 18
70 54
70 55
70 58
70 29
70 62
71 50
71 76
71 37
71 6
72 84
72 37
72 71
72 45
72 78
72 77
72 16
72 50
72 83
72 20
72 85
72 22
72 57
72 26
72 58
72 69
72 63
73 33
73 75
73 5
73 39
73 41
73 42
73 71
73 47
73 18
73 20
73 22
73 55
73 84
73 87
73 27
73 60
74 26
74 35
74 37
74 29
75 33
75 67
75 3
75 5
75 70
75 43
75 45
75 46
75 49
75 50
75 51
75 87
75 83
75 27
75 62
75 69
76 70
76 6
76 71
76 8
76 73
76 42
76 11
76 77
76 72
76 18
76 83
76 23
76 26
76 59
76 29
76 62
77 83
77 35
77 5
77 39
77 8
77 73
77 75
77 76
77 77
77 48
77 40
77 50
77 67
77 72
77 49
77 59
77 29
78 64
78 5
78 49
78 52
78 23
78 31
79 67
79 3
79 4
79 37
79 70
79 11
79 12
79 77
79 78
79 16
79 50
79 19
79 52
79 54
79 23
79 83
79 57
79 29
80 1
80 34
80 59
80 5
80 70
80 33
80 41
80 43
80 78
80 66
80 46
80 77
80 75
80 21
80 23
80 57
80 27
80 69
81 49
81 27
81 69
81 5
82 1
82 6
82 8
82 20
82 21
82 26
82 29
82 33
82 37
82 41
82 45
82 53
82 58
82 61
82 65
82 70
82 77
82 79
82 81
82 83
82 85
82 87
83 73
83 74
83 75
83 77
83 81
83 85
83 54
83 23
83 59
84 22
84 71
84 73
84 17
84 83
84 54
85 36
85 69
85 72
85 78
85 52
85 54
85 87
85 62
86 17
86 50
86 21
86 29
87 0
87 41
87 54
87 63
