88
0 2
0 5
0 8
0 9
0 10
0 18
0 20
0 25
0 30
0 32
0 34
0 37
0 38
0 39
0 43
0 53
0 55
0 56
0 57
0 59
0 64
0 68
0 74
0 79
0 80
0 86
1 0
1 32
1 2
1 43
1 4
1 37
1 38
1 64
1 76
1 10
1 11
1 44
1 80
1 17
1 18
1 51
1 22
1 55
1 59
1 30
2 32
2 64
2 39
2 44
2 48
2 17
4 54
5 64
5 33
5 76
5 12
5 56
6 7
6 45
6 15
6 80
6 60
6 61
7 32
7 1
7 2
7 4
7 39
7 10
7 43
7 76
7 66
7 77
7 48
7 17
7 18
7 84
7 86
7 27
8 2
8 6
8 8
8 10
8 12
8 13
8 17
8 18
8 22
8 30
8 32
8 38
8 45
8 48
8 57
8 60
8 63
8 64
8 68
8 72
8 73
8 74
8 76
8 80
8 83
9 64
9 2
9 59
9 68
9 7
9 8
9 45
9 80
9 49
9 82
9 84
9 53
9 87
9 27
9 60
9 30
10 0
10 32
10 2
10 59
10 4
10 9
10 74
10 76
10 79
10 20
10 22
10 36
10 27
10 60
10 30
10 31
11 64
11 48
11 68
11 38
11 74
11 12
11 15
11 80
11 18
11 19
11 53
11 27
11 30
12 48
12 68
12 38
12 9
12 10
12 13
12 45
12 80
12 56
12 24
12 36
12 61
13 8
13 9
13 10
13 13
13 17
13 18
13 21
13 30
13 46
13 48
13 52
13 53
13 55
13 57
13 59
13 64
13 68
13 71
13 74
13 75
13 77
13 80
13 86
13 87
17 64
17 80
17 2
17 4
17 38
17 8
17 9
17 10
17 61
17 12
17 13
17 45
17 48
17 52
17 21
17 55
17 36
17 26
17 53
17 31
18 0
18 2
18 7
18 8
18 9
18 13
18 17
18 24
18 32
18 34
18 36
18 39
18 44
18 49
18 53
18 55
18 56
18 59
18 62
18 63
18 66
18 79
18 80
18 86
20 53
20 70
21 32
21 64
21 68
21 38
21 39
21 8
21 75
21 12
21 45
21 15
21 17
21 18
21 52
21 21
21 87
21 72
21 58
21 28
21 61
21 30
22 2
22 8
22 9
22 10
22 13
22 17
22 22
22 28
22 30
22 31
22 38
22 39
22 43
22 44
22 45
22 53
22 55
22 60
22 61
22 64
22 78
22 80
22 86
23 7
23 9
23 13
23 21
23 30
23 36
23 38
23 43
23 45
23 48
23 53
23 55
23 56
23 60
23 64
23 65
23 68
23 74
23 79
23 80
23 86
23 87
26 32
26 64
26 2
26 68
26 6
26 65
26 8
26 74
26 43
26 80
26 18
26 52
26 53
26 55
26 87
26 30
27 33
27 68
27 70
27 38
27 8
27 9
27 43
27 60
27 13
27 46
27 45
27 18
27 53
27 55
27 56
27 25
27 59
27 28
27 61
27 30
28 2
28 9
28 13
28 17
28 18
28 21
28 22
28 27
28 28
28 32
28 33
28 37
28 38
28 45
28 53
28 59
28 63
28 71
28 73
28 77
28 78
28 80
28 86
28 87
29 32
29 64
29 43
29 49
29 39
29 8
29 9
29 11
29 76
29 45
29 17
29 18
29 20
29 21
29 86
29 55
29 56
29 63
29 28
29 53
30 2
30 5
30 8
30 9
30 13
30 17
30 20
30 22
30 30
30 33
30 36
30 42
30 43
30 45
30 46
30 53
30 55
30 56
30 57
30 59
30 60
30 61
30 72
30 78
30 80
30 87
31 32
31 2
31 38
31 6
31 39
31 9
31 55
31 13
31 17
31 18
31 22
31 23
31 59
31 61
31 30
34 2
34 67
34 36
34 86
34 8
34 43
34 13
34 45
34 17
34 51
34 53
34 22
34 68
34 58
34 59
34 61
34 30
35 32
35 2
35 67
35 38
35 9
35 45
35 79
35 17
35 18
36 64
36 21
37 27
37 55
37 71
37 36
37 7
38 8
38 45
38 48
38 17
38 55
38 61
39 33
39 68
39 38
39 7
39 8
39 11
39 77
39 78
39 15
39 17
39 19
39 21
39 55
39 56
39 72
39 79
39 30
40 18
41 4
41 7
41 15
41 18
41 20
41 27
41 33
41 37
41 38
41 39
41 40
41 41
41 53
41 55
41 59
41 61
41 68
41 71
41 72
41 73
41 77
41 78
41 80
42 38
42 7
42 44
42 79
42 80
42 17
42 18
42 19
42 20
42 23
42 47
42 61
42 31
43 0
43 2
43 3
43 6
43 8
43 11
43 15
43 18
43 22
43 27
43 30
43 34
43 38
43 40
43 42
43 45
43 56
43 64
43 67
43 68
43 72
43 73
43 78
43 79
43 82
43 87
44 30
45 32
45 33
45 68
45 37
45 6
45 7
45 9
45 43
45 44
45 45
45 80
45 17
45 18
45 53
45 55
45 87
45 65
45 61
45 30
45 63
46 43
46 7
46 9
46 39
46 12
46 78
46 15
46 80
46 18
46 20
46 22
46 55
46 26
46 75
46 61
47 2
47 68
47 70
47 7
47 8
47 9
47 11
47 44
47 48
47 49
47 18
47 53
47 76
47 61
47 63
48 32
48 3
48 68
48 38
48 43
48 76
48 45
48 87
48 59
48 54
48 55
48 25
48 58
48 27
48 61
48 31
49 9
49 17
49 18
49 21
49 22
49 27
49 28
49 31
49 32
49 38
49 41
49 44
49 45
49 48
49 52
49 55
49 56
49 59
49 60
49 64
49 73
49 84
49 86
49 87
50 67
51 64
51 80
51 67
51 36
51 37
51 39
51 42
51 43
51 45
51 48
51 18
51 62
51 87
51 68
51 27
51 60
51 30
53 38
54 84
55 4
55 5
55 6
55 8
55 9
55 13
55 22
55 23
55 25
55 26
55 30
55 33
55 45
55 48
55 53
55 57
55 60
55 61
55 64
55 68
55 74
55 78
55 79
55 80
55 84
56 39
56 9
56 7
56 18
56 87
56 61
56 62
57 8
58 83
58 45
59 64
59 48
59 38
59 39
59 43
59 80
59 17
59 18
59 53
59 27
60 60
60 55
61 66
61 8
61 74
61 45
61 47
61 80
61 72
61 53
62 53
62 87
63 32
63 38
63 11
63 76
63 48
63 17
63 53
63 22
63 23
63 56
63 31
64 33
64 43
66 13
67 26
67 43
67 15
68 2
68 4
68 8
68 9
68 18
68 28
68 30
68 32
68 36
68 39
68 43
68 45
68 47
68 53
68 55
68 59
68 60
68 61
68 63
68 64
68 68
68 75
68 78
68 86
68 87
71 80
72 32
72 75
73 60
73 7
74 13
76 32
76 1
76 4
76 33
76 7
76 40
76 64
76 18
76 83
76 21
76 54
76 55
76 56
76 59
76 30
76 53
77 32
77 64
77 3
77 68
77 86
77 38
77 7
77 72
77 80
77 10
77 82
77 48
77 17
77 53
77 21
77 54
77 87
77 42
77 30
77 31
79 64
79 8
80 32
80 68
80 74
80 11
80 46
80 48
80 23
80 56
81 32
81 27
81 23
81 86
81 87
82 0
82 2
82 7
82 15
82 20
82 22
82 24
82 26
82 28
82 32
82 39
82 45
82 46
82 48
82 49
82 52
82 55
82 59
82 60
82 61
82 63
82 64
82 68
82 74
82 76
82 80
82 82
82 84
82 86
83 51
84 38
85 64
85 2
85 43
85 39
85 9
85 7
85 78
85 79
85 48
85 56
85 67
85 55
85 24
85 26
85 61
86 32
86 64
86 2
86 59
86 36
86 7
86 8
86 9
86 12
86 80
86 48
86 17
86 21
86 76
86 27
87 32
87 33
87 2
87 68
87 38
87 39
87 64
87 9
87 10
87 44
87 34
87 21
87 86
87 24
87 30
