88
0 66
0 3
0 69
0 6
0 63
0 40
0 9
0 10
0 11
0 45
0 46
0 71
0 49
0 19
0 20
0 85
0 73
0 26
0 27
0 29
0 31
1 3
1 38
1 6
1 71
1 8
1 9
1 10
1 43
1 46
1 47
1 49
1 52
1 78
1 23
1 58
1 27
1 74
1 30
1 85
2 2
2 10
2 12
2 19
2 20
2 22
2 24
2 25
2 27
2 29
2 31
2 32
2 33
2 35
2 36
2 38
2 40
2 41
2 49
2 50
2 51
2 59
2 67
2 69
2 78
2 82
2 83
2 85
2 87
3 64
3 35
3 72
3 73
3 75
3 77
3 48
3 82
3 20
3 85
3 86
3 9
3 31
4 2
4 69
4 38
4 8
4 10
4 75
4 34
4 46
4 72
4 55
4 26
4 31
5 64
5 1
5 2
5 6
5 72
5 76
5 42
5 12
5 78
5 16
5 51
5 20
5 62
5 22
5 87
5 24
5 58
5 30
5 85
6 0
6 2
6 3
6 8
6 16
6 21
6 23
6 28
6 29
6 30
6 38
6 40
6 41
6 48
6 50
6 51
6 53
6 55
6 65
6 72
6 74
6 78
6 83
6 86
6 87
7 32
7 2
7 71
7 8
7 10
7 76
7 13
7 77
7 45
7 80
7 81
7 52
7 53
7 26
7 28
7 31
8 0
8 1
8 2
8 10
8 20
8 22
8 24
8 29
8 31
8 32
8 38
8 39
8 45
8 46
8 49
8 64
8 65
8 66
8 69
8 71
8 81
8 87
9 1
9 22
9 23
9 24
9 29
9 30
9 32
9 40
9 49
9 50
9 53
9 59
9 60
9 61
9 63
9 69
9 74
9 76
9 79
9 80
9 83
9 87
10 0
10 1
10 6
10 11
10 13
10 20
10 21
10 22
10 23
10 24
10 25
10 29
10 31
10 34
10 36
10 38
10 48
10 51
10 55
10 71
10 73
10 76
10 78
10 82
10 83
10 85
11 0
11 2
11 3
11 7
11 9
11 10
11 13
11 16
11 19
11 23
11 24
11 26
11 27
11 30
11 31
11 32
11 42
11 43
11 48
11 51
11 58
11 59
11 61
11 65
11 75
11 76
11 78
11 82
11 83
13 0
13 2
13 6
13 10
13 13
13 20
13 27
13 29
13 39
13 40
13 46
13 59
13 65
13 66
13 71
13 73
13 76
13 77
13 78
13 83
13 85
13 86
13 87
15 2
15 6
15 8
15 9
15 12
15 13
15 19
15 26
15 29
15 30
15 32
15 34
15 39
15 41
15 43
15 46
15 47
15 48
15 53
15 55
15 60
15 61
15 62
15 63
15 65
15 69
15 81
15 83
15 85
15 86
15 87
16 0
16 1
16 2
16 6
16 7
16 13
16 20
16 22
16 27
16 29
16 32
16 40
16 41
16 42
16 46
16 47
16 50
16 51
16 52
16 55
16 58
16 62
16 63
16 66
16 67
16 71
16 72
16 74
16 75
16 77
16 80
17 32
17 33
17 83
17 87
17 49
17 65
17 7
17 8
17 64
17 39
17 76
17 77
17 46
17 40
17 19
17 23
17 24
17 26
17 61
17 63
18 3
18 36
18 39
18 10
18 11
18 13
18 50
18 35
18 52
18 53
18 22
18 87
18 71
18 27
18 42
18 85
22 0
22 34
22 71
22 41
22 10
22 75
22 76
22 45
22 78
22 16
22 49
22 83
22 52
22 86
22 63
22 42
22 31
23 0
23 3
23 6
23 7
23 10
23 11
23 13
23 22
23 26
23 29
23 30
23 31
23 34
23 40
23 42
23 47
23 51
23 53
23 59
23 62
23 64
23 71
23 76
26 3
26 7
26 11
26 19
26 28
26 30
26 32
26 34
26 36
26 40
26 42
26 46
26 50
26 58
26 59
26 64
26 65
26 71
26 75
26 78
26 83
26 85
26 87
28 6
28 8
28 9
28 12
28 26
28 29
28 32
28 33
28 35
28 41
28 43
28 48
28 50
28 52
28 53
28 55
28 59
28 64
28 69
28 72
28 73
28 74
28 77
28 79
28 83
28 87
29 0
29 2
29 7
29 8
29 9
29 13
29 19
29 23
29 24
29 28
29 30
29 36
29 40
29 42
29 49
29 50
29 59
29 64
29 69
29 72
29 76
29 81
29 83
29 87
31 2
31 7
31 9
31 11
31 19
31 24
31 27
31 36
31 38
31 40
31 41
31 45
31 50
31 52
31 55
31 58
31 61
31 62
31 67
31 69
31 74
31 76
31 86
36 0
36 65
36 2
36 75
36 6
36 7
36 73
36 11
36 76
36 13
36 81
36 51
36 20
36 85
36 23
36 83
36 59
38 0
38 2
38 8
38 9
38 10
38 12
38 13
38 24
38 29
38 31
38 32
38 45
38 47
38 50
38 53
38 58
38 62
38 78
38 80
38 82
38 86
38 87
41 32
41 80
41 83
41 59
41 69
41 38
41 7
41 8
41 73
41 42
41 48
41 40
41 51
41 22
41 87
41 58
41 27
41 62
41 63
42 2
42 3
42 7
42 8
42 11
42 24
42 29
42 30
42 34
42 39
42 49
42 51
42 58
42 59
42 64
42 65
42 71
42 73
42 77
42 82
42 85
42 87
48 0
48 33
48 34
48 59
48 69
48 71
48 8
48 9
48 12
48 66
48 77
48 16
48 40
48 82
48 62
48 76
48 55
48 27
48 86
48 61
48 30
50 6
50 9
50 10
50 11
50 12
50 13
50 16
50 24
50 27
50 29
50 38
50 39
50 41
50 45
50 47
50 48
50 49
50 50
50 61
50 71
50 72
50 76
50 77
50 82
50 83
50 85
51 0
51 3
51 6
51 8
51 10
51 11
51 12
51 13
51 19
51 25
51 28
51 29
51 30
51 32
51 34
51 38
51 41
51 46
51 49
51 51
51 58
51 59
51 65
51 69
51 71
51 73
51 76
51 83
54 83
54 67
54 36
54 7
54 72
54 41
54 10
54 71
54 12
54 48
54 51
54 20
54 53
54 23
54 25
54 87
54 27
54 61
54 63
57 3
57 7
57 12
57 21
57 22
57 23
57 28
57 32
57 35
57 36
57 39
57 40
57 41
57 43
57 53
57 62
57 64
57 66
57 72
57 78
57 81
57 83
57 85
57 87
58 0
58 2
58 69
58 39
58 72
58 73
58 10
58 43
58 76
58 34
58 78
58 48
58 20
58 53
58 22
58 86
58 60
58 42
58 31
59 0
59 33
59 2
59 36
59 86
59 38
59 39
59 8
59 9
59 74
59 43
59 76
59 66
59 77
59 40
59 20
59 22
59 55
59 87
59 59
59 65
62 0
62 6
62 7
62 8
62 9
62 11
62 12
62 19
62 23
62 26
62 29
62 32
62 36
62 38
62 41
62 45
62 46
62 48
62 50
62 52
62 58
62 60
62 61
62 64
62 66
62 69
62 72
62 74
72 0
72 33
72 34
72 66
72 38
72 6
72 32
72 80
72 10
72 71
72 76
72 45
72 77
72 16
72 83
72 53
72 59
72 61
72 69
75 2
75 3
75 38
75 6
75 8
75 60
75 75
75 12
75 45
75 78
75 76
75 20
75 86
75 23
75 25
75 58
75 52
75 62
75 31
76 65
76 2
76 69
76 10
76 75
76 45
76 46
76 50
76 62
76 86
76 55
76 24
76 87
76 74
76 30
76 63
82 64
82 65
82 34
82 38
82 9
82 52
85 2
85 8
85 10
85 11
85 13
85 19
85 22
85 23
85 24
85 26
85 29
85 30
85 31
85 35
85 42
85 45
85 46
85 50
85 51
85 58
85 60
85 62
85 71
85 77
85 83
85 86
86 65
86 67
86 3
86 8
86 73
86 13
86 40
86 19
86 20
86 53
86 86
86 87
86 25
86 58
86 59
86 29
86 62
86 52
