88
0 1
0 3
0 6
0 12
0 17
0 25
0 28
0 34
0 38
0 41
0 43
0 45
0 46
0 58
0 59
0 62
0 63
0 67
0 69
0 71
0 72
0 73
0 80
0 86
0 87
2 1
2 3
2 7
2 10
2 11
2 12
2 22
2 25
2 28
2 34
2 40
2 43
2 46
2 48
2 53
2 58
2 59
2 62
2 68
2 69
2 72
2 73
2 79
2 83
2 87
3 68
3 34
3 75
3 63
3 86
3 6
3 7
3 9
3 11
3 12
3 46
3 17
3 22
3 87
3 25
3 59
3 62
3 31
4 0
4 1
4 3
4 6
4 9
4 10
4 12
4 20
4 22
4 25
4 27
4 28
4 31
4 40
4 43
4 46
4 48
4 55
4 58
4 59
4 62
4 63
4 67
4 68
4 69
4 80
4 86
4 87
5 0
5 1
5 3
5 6
5 9
5 10
5 11
5 12
5 19
5 22
5 25
5 28
5 31
5 34
5 35
5 40
5 43
5 45
5 46
5 48
5 49
5 58
5 59
5 62
5 65
5 68
5 71
5 73
5 76
5 79
5 80
5 81
5 82
5 87
7 0
7 1
7 34
7 3
7 68
7 6
7 65
7 80
7 11
7 12
7 46
7 47
7 48
7 43
7 22
7 87
7 58
7 59
7 71
7 62
8 0
8 1
8 3
8 6
8 7
8 9
8 10
8 11
8 12
8 19
8 22
8 25
8 31
8 34
8 37
8 45
8 46
8 47
8 58
8 59
8 63
8 67
8 68
8 73
8 80
8 82
8 86
9 0
9 1
9 3
9 6
9 7
9 43
9 45
9 19
9 22
9 87
9 58
9 59
9 28
9 62
10 0
10 3
10 6
10 7
10 10
10 11
10 12
10 17
10 22
10 25
10 28
10 34
10 39
10 43
10 45
10 46
10 47
10 48
10 58
10 61
10 62
10 65
10 68
10 80
10 87
18 1
18 3
18 6
18 7
18 11
18 12
18 20
18 22
18 25
18 27
18 28
18 31
18 33
18 34
18 39
18 41
18 43
18 45
18 46
18 47
18 48
18 56
18 59
18 62
18 63
18 68
18 76
18 80
18 83
18 86
18 87
21 0
21 1
21 3
21 6
21 7
21 11
21 12
21 19
21 22
21 25
21 28
21 31
21 34
21 43
21 46
21 53
21 55
21 58
21 59
21 62
21 68
21 80
21 86
21 87
22 3
22 6
22 63
22 11
22 46
22 80
22 22
22 87
22 58
22 59
22 62
22 31
23 0
23 1
23 3
23 6
23 7
23 9
23 10
23 11
23 12
23 17
23 25
23 27
23 28
23 31
23 34
23 35
23 38
23 40
23 41
23 43
23 45
23 46
23 47
23 48
23 53
23 57
23 59
23 62
23 63
23 67
23 68
23 69
23 71
23 73
23 77
23 79
23 80
23 81
23 86
23 87
25 0
25 66
25 3
25 68
25 6
25 7
25 47
25 80
25 22
25 87
25 25
25 59
25 28
25 63
26 1
26 3
26 6
26 11
26 22
26 25
26 28
26 31
26 40
26 41
26 43
26 46
26 47
26 48
26 56
26 58
26 59
26 61
26 62
26 63
26 67
26 68
26 69
26 73
26 79
26 80
26 81
26 86
26 87
29 0
29 3
29 6
29 7
29 10
29 11
29 12
29 19
29 20
29 22
29 28
29 34
29 45
29 46
29 47
29 48
29 58
29 59
29 61
29 62
29 63
29 68
29 70
29 80
29 86
29 87
30 0
30 1
30 3
30 7
30 9
30 10
30 11
30 12
30 22
30 25
30 28
30 31
30 34
30 39
30 47
30 48
30 57
30 58
30 62
30 69
30 72
30 73
30 80
30 81
30 86
30 87
34 1
34 34
34 43
34 68
34 6
34 65
34 9
34 10
34 11
34 12
34 46
34 80
34 59
34 20
34 25
34 58
34 27
34 28
34 62
34 31
36 1
36 3
36 6
36 41
36 11
36 45
36 80
36 43
36 22
36 58
36 59
36 28
36 63
41 0
41 1
41 3
41 7
41 10
41 11
41 22
41 25
41 27
41 28
41 31
41 35
41 41
41 43
41 46
41 58
41 59
41 62
41 63
41 68
41 71
41 73
41 76
41 80
41 81
41 86
42 1
42 3
42 68
42 6
42 11
42 12
42 45
42 80
42 25
42 59
42 28
42 62
42 31
43 34
43 3
43 68
43 86
43 6
43 11
43 12
43 46
43 80
43 22
43 87
43 58
43 59
43 62
43 31
44 0
44 1
44 3
44 6
44 7
44 9
44 10
44 11
44 12
44 22
44 25
44 28
44 34
44 35
44 39
44 43
44 45
44 46
44 47
44 58
44 59
44 62
44 63
44 68
44 70
44 72
44 73
44 76
44 79
44 80
44 81
44 86
44 87
45 0
45 65
45 3
45 86
45 6
45 7
45 41
45 11
45 45
45 80
45 43
45 22
45 73
45 25
45 87
45 28
45 62
45 31
46 80
46 3
46 68
46 86
46 70
46 40
46 11
46 12
46 46
46 48
46 19
46 22
46 87
46 25
46 59
46 28
46 62
50 0
50 1
50 3
50 6
50 7
50 10
50 11
50 12
50 17
50 22
50 25
50 28
50 34
50 37
50 40
50 43
50 45
50 46
50 47
50 48
50 49
50 55
50 58
50 62
50 63
50 68
50 71
50 75
50 80
50 82
50 86
50 87
51 0
51 1
51 3
51 6
51 7
51 11
51 12
51 17
51 19
51 22
51 25
51 28
51 31
51 34
51 38
51 39
51 43
51 46
51 47
51 52
51 53
51 57
51 59
51 62
51 63
51 69
51 75
51 77
51 80
51 81
51 86
51 87
52 0
52 1
52 3
52 6
52 9
52 10
52 11
52 12
52 17
52 22
52 25
52 27
52 28
52 35
52 39
52 41
52 43
52 45
52 48
52 58
52 59
52 68
52 71
52 73
52 75
52 80
52 87
54 0
54 1
54 3
54 6
54 7
54 9
54 10
54 11
54 12
54 22
54 25
54 27
54 28
54 31
54 34
54 35
54 38
54 40
54 41
54 43
54 45
54 47
54 48
54 56
54 57
54 58
54 59
54 61
54 62
54 63
54 67
54 68
54 71
54 74
54 76
54 80
54 83
54 86
54 87
58 0
58 48
58 3
58 68
58 6
58 10
58 11
58 46
58 80
58 58
58 59
58 28
58 62
59 3
59 7
59 11
59 12
59 22
59 25
59 28
59 34
59 38
59 41
59 43
59 45
59 48
59 58
59 59
59 62
59 63
59 68
59 71
59 80
59 86
59 87
68 1
68 66
68 43
68 68
68 73
68 11
68 12
68 80
68 83
68 53
68 25
68 59
68 28
68 62
69 1
69 34
69 87
69 68
69 7
69 63
69 10
69 11
69 76
69 77
69 46
69 47
69 80
69 83
69 22
69 73
69 71
69 59
69 28
69 31
70 0
70 1
70 3
70 6
70 7
70 10
70 11
70 12
70 22
70 25
70 28
70 41
70 43
70 47
70 49
70 59
70 62
70 63
70 68
70 73
70 80
70 81
70 87
72 1
72 3
72 68
72 6
72 7
72 43
72 77
72 46
72 47
72 82
72 22
72 87
72 25
72 59
72 28
72 62
72 63
73 1
73 3
73 68
73 22
73 6
73 65
73 9
73 7
73 86
73 87
73 25
73 58
73 59
73 62
80 34
80 3
80 68
80 6
80 73
80 11
80 12
80 45
80 80
80 22
80 87
80 25
80 58
80 62
84 0
84 1
84 3
84 6
84 7
84 10
84 11
84 12
84 17
84 22
84 25
84 28
84 31
84 34
84 38
84 43
84 46
84 48
84 52
84 58
84 59
84 62
84 65
84 68
84 76
84 80
84 86
85 1
85 43
85 68
85 6
85 7
85 73
85 11
85 12
85 80
85 83
85 41
85 87
85 28
