88
0 10
1 33
1 73
1 74
1 51
1 25
1 30
2 68
2 2
2 66
2 73
2 10
2 45
2 79
2 74
2 21
2 54
2 23
2 25
2 59
2 28
2 61
2 53
3 8
3 10
3 67
3 82
3 38
4 32
4 33
4 35
4 68
4 5
4 6
4 72
4 42
4 45
4 40
4 54
4 23
4 36
4 59
5 35
5 68
5 71
5 40
5 41
5 74
5 78
5 13
5 77
5 45
5 81
5 83
5 57
5 23
5 25
5 58
5 63
6 32
6 65
6 68
6 80
6 41
6 74
6 44
6 13
6 79
6 48
6 49
6 56
6 76
6 23
6 24
6 25
6 62
7 32
7 33
7 67
7 36
7 5
7 65
7 8
7 80
7 42
7 75
7 76
7 77
7 48
7 50
7 54
7 24
7 68
7 69
8 68
8 70
8 71
8 43
8 25
8 27
9 77
10 60
11 2
11 67
11 39
11 72
11 42
11 13
11 78
11 40
11 35
11 54
11 56
11 25
12 65
12 2
12 87
12 4
12 71
12 8
12 73
12 42
12 75
12 44
12 13
12 46
12 77
12 57
12 25
12 26
12 30
13 65
13 66
13 35
13 69
13 39
13 42
13 43
13 77
13 47
13 48
13 49
13 52
13 86
13 56
13 25
13 58
13 27
13 74
14 26
14 75
14 69
14 63
15 69
15 70
15 48
15 81
15 26
15 61
16 57
20 2
20 67
20 69
20 72
20 10
20 43
20 44
20 66
20 79
20 83
20 52
20 53
20 24
20 26
20 27
21 33
21 66
21 67
21 36
21 70
21 6
21 39
21 40
21 10
21 55
21 46
21 54
21 23
21 61
21 63
22 0
22 66
22 37
22 6
22 10
22 25
22 27
23 69
23 42
23 44
23 79
23 57
23 10
24 1
24 74
24 4
24 58
24 65
25 32
25 10
25 69
25 78
25 21
26 74
26 68
26 13
27 65
27 2
27 71
27 4
27 39
27 10
27 11
27 46
27 48
27 20
27 53
27 56
27 58
27 60
27 42
27 62
28 65
28 68
28 37
28 70
28 39
28 72
28 76
28 42
28 44
28 81
28 47
28 49
28 52
28 79
28 60
28 31
29 1
29 6
29 43
29 47
29 48
29 86
29 58
30 48
30 11
30 62
31 2
31 8
31 10
31 44
31 47
31 79
31 61
32 43
32 71
32 42
32 75
32 76
32 13
32 52
32 85
33 32
33 1
33 2
33 67
33 39
33 76
33 71
33 12
33 13
33 78
33 45
33 80
33 81
33 23
33 56
33 25
33 87
33 63
33 60
33 31
34 0
35 1
35 34
35 5
35 65
35 39
35 73
35 42
35 11
35 44
35 2
35 45
35 81
35 52
35 53
35 87
35 59
35 70
35 61
35 31
36 65
36 68
36 39
36 73
36 78
36 54
36 87
37 43
37 4
37 37
37 70
37 39
37 41
37 57
37 11
37 44
37 77
37 78
37 21
37 23
37 24
37 25
37 60
37 36
38 66
38 3
38 37
38 73
38 74
38 76
38 81
38 57
38 61
39 0
39 2
39 10
39 21
39 24
39 32
39 36
39 39
39 43
39 53
39 56
39 59
39 63
39 65
39 66
39 70
39 71
39 73
39 74
39 78
39 79
39 82
40 47
40 40
40 41
40 11
40 77
40 78
40 13
40 48
40 81
40 57
40 25
40 27
40 60
41 32
41 33
41 66
41 36
41 69
41 64
41 10
41 78
41 79
41 48
41 72
41 51
41 87
41 24
41 74
42 72
42 49
42 67
42 24
43 0
43 32
43 67
43 37
43 6
43 73
43 10
43 11
43 78
43 83
43 21
43 9
43 25
43 27
44 33
44 37
44 81
44 39
44 41
44 10
44 12
44 77
44 48
44 56
44 53
44 22
44 24
44 58
44 60
44 42
45 3
45 36
45 5
45 73
45 42
45 44
45 77
45 47
45 80
45 53
45 23
45 57
45 58
45 79
45 60
45 30
46 0
46 24
46 69
46 13
47 4
47 74
47 44
47 20
47 23
47 56
47 42
48 32
48 65
48 67
48 41
48 42
48 45
48 35
48 52
49 72
50 33
50 66
50 70
50 40
50 41
50 42
50 11
50 47
50 72
50 50
50 52
50 73
50 23
50 24
50 58
50 27
50 30
51 58
51 80
51 36
51 10
51 43
51 48
51 51
51 74
51 53
51 86
51 4
51 26
51 60
51 42
51 31
52 1
52 2
52 43
52 66
52 5
52 7
52 72
52 42
52 11
52 13
52 48
52 53
52 23
52 24
52 74
53 65
53 67
53 69
53 71
53 10
53 44
53 59
53 60
53 61
53 62
54 40
54 45
54 49
54 83
54 26
54 28
54 29
55 2
55 67
55 70
55 39
55 73
55 25
56 67
56 36
56 37
56 60
56 43
56 76
56 46
56 5
56 69
57 0
57 32
57 43
57 45
57 46
57 79
57 54
58 48
58 56
58 75
58 4
58 6
59 1
59 72
59 78
59 79
59 20
59 23
59 25
59 61
59 52
60 1
60 41
60 46
60 54
60 23
60 60
60 61
60 62
61 33
61 68
61 37
61 72
61 73
61 79
61 40
61 20
62 0
62 65
62 4
62 71
62 10
62 11
62 45
62 78
62 61
62 87
62 36
62 60
62 74
63 1
63 69
63 70
63 39
63 8
63 41
63 74
63 71
63 13
63 79
63 48
63 83
63 21
63 24
63 57
63 60
63 53
64 32
64 65
64 34
64 37
64 70
64 39
64 80
64 56
64 21
64 22
64 24
64 57
64 60
64 29
64 31
65 43
65 6
65 40
65 41
65 74
65 11
65 20
65 21
65 86
65 55
65 24
65 87
65 63
65 62
65 53
66 0
66 65
66 35
66 4
66 32
66 74
66 39
66 44
66 79
66 52
66 57
66 26
66 61
66 63
67 1
67 61
67 68
67 65
67 76
67 42
67 43
67 44
67 13
67 47
67 50
67 21
67 57
67 71
67 59
67 29
68 32
68 71
68 4
68 69
68 70
68 39
68 41
68 43
68 76
68 20
68 22
68 57
68 52
68 58
68 63
68 62
68 31
69 32
69 2
69 35
69 68
69 69
69 38
69 39
69 72
69 73
69 10
69 71
69 79
69 48
69 24
69 74
70 0
70 8
70 73
70 23
70 79
70 83
70 20
70 53
70 87
70 26
70 47
70 28
70 62
71 32
71 67
71 4
71 69
71 70
71 7
71 74
71 75
71 21
71 24
71 68
71 27
72 64
72 66
72 86
72 38
72 8
72 41
72 74
72 43
72 77
72 46
72 79
72 20
72 22
72 55
72 52
72 26
72 60
72 61
72 62
72 63
73 32
73 48
73 4
73 70
73 71
73 10
73 79
73 80
73 81
73 83
74 7
74 10
74 39
74 49
74 71
74 59
74 31
75 1
75 34
75 3
75 36
75 69
75 6
75 39
75 8
75 83
75 66
75 78
75 67
75 53
75 87
75 65
75 61
75 31
76 41
77 36
77 6
77 73
77 77
77 47
77 81
77 68
78 67
78 36
78 38
78 71
78 72
78 74
78 43
78 13
78 77
78 47
78 83
78 52
78 57
78 24
78 25
78 58
78 63
79 32
79 2
79 75
79 4
79 5
79 71
79 41
79 11
79 44
79 77
79 48
79 56
79 83
79 20
79 24
79 59
79 60
80 0
80 49
80 2
80 60
80 79
81 48
81 57
81 42
81 76
82 24
82 4
82 53
82 6
83 42
84 69
85 32
85 36
85 37
85 40
85 73
85 74
85 11
85 44
85 13
85 46
85 79
85 54
85 87
85 24
85 25
85 26
86 67
86 36
86 5
86 72
86 44
86 52
86 30
87 33
87 67
87 4
87 69
87 11
87 44
87 77
87 78
87 49
87 75
87 83
87 20
87 53
87 36
87 58
87 27
87 62
