88
0 1
0 2
0 3
0 6
0 9
0 10
0 13
0 19
0 20
0 21
0 24
0 25
0 28
0 29
0 30
0 31
0 32
0 33
0 34
0 35
0 37
0 38
0 39
0 40
0 41
0 42
0 45
0 46
0 47
0 48
0 49
0 52
0 53
0 55
0 56
0 57
0 60
0 62
0 63
0 68
0 69
0 70
0 71
0 72
0 73
0 74
0 76
0 77
0 78
0 79
0 80
0 81
0 82
0 84
0 85
0 86
0 87
5 1
5 2
5 3
5 6
5 9
5 10
5 19
5 21
5 22
5 23
5 24
5 25
5 26
5 28
5 29
5 30
5 31
5 32
5 33
5 34
5 35
5 37
5 38
5 40
5 41
5 42
5 45
5 46
5 47
5 48
5 49
5 51
5 52
5 53
5 55
5 56
5 57
5 60
5 63
5 64
5 68
5 69
5 70
5 72
5 73
5 74
5 76
5 77
5 79
5 80
5 81
5 84
5 86
5 87
7 56
7 41
7 25
7 86
7 81
8 1
8 3
8 6
8 10
8 19
8 20
8 22
8 25
8 28
8 32
8 37
8 40
8 41
8 42
8 45
8 47
8 52
8 53
8 55
8 57
8 60
8 63
8 64
8 70
8 73
8 74
8 76
8 77
8 78
8 79
8 84
8 87
9 1
9 2
9 6
9 9
9 10
9 13
9 19
9 20
9 21
9 22
9 24
9 25
9 28
9 29
9 31
9 32
9 33
9 35
9 37
9 38
9 39
9 40
9 41
9 45
9 46
9 47
9 48
9 49
9 51
9 52
9 53
9 55
9 56
9 57
9 62
9 63
9 64
9 68
9 69
9 70
9 71
9 72
9 73
9 74
9 76
9 77
9 78
9 79
9 80
9 81
9 82
9 84
9 87
11 64
11 34
11 35
11 6
11 41
11 74
11 55
11 77
11 78
11 47
11 19
11 84
11 57
11 73
11 23
11 56
11 25
11 28
11 29
16 1
16 2
16 3
16 6
16 9
16 10
16 13
16 19
16 20
16 24
16 25
16 28
16 29
16 30
16 31
16 32
16 33
16 34
16 35
16 37
16 39
16 40
16 41
16 46
16 47
16 48
16 49
16 51
16 52
16 55
16 56
16 57
16 60
16 62
16 64
16 69
16 70
16 71
16 72
16 73
16 74
16 76
16 77
16 78
16 79
16 81
16 84
16 85
16 86
16 87
17 64
17 84
17 37
17 70
17 41
17 45
17 77
17 47
17 81
17 20
17 78
17 73
17 56
17 57
17 63
17 31
18 1
18 2
18 3
18 9
18 10
18 13
18 19
18 20
18 25
18 28
18 31
18 32
18 33
18 35
18 37
18 38
18 39
18 40
18 41
18 42
18 45
18 46
18 47
18 49
18 52
18 55
18 56
18 57
18 60
18 63
18 70
18 72
18 73
18 74
18 76
18 77
18 78
18 80
18 81
18 84
18 85
18 86
27 1
27 2
27 3
27 6
27 9
27 13
27 19
27 20
27 22
27 24
27 25
27 26
27 28
27 29
27 30
27 31
27 32
27 33
27 34
27 35
27 37
27 39
27 40
27 41
27 42
27 45
27 46
27 47
27 48
27 49
27 51
27 52
27 53
27 56
27 57
27 60
27 62
27 63
27 64
27 68
27 69
27 70
27 72
27 73
27 74
27 76
27 77
27 78
27 79
27 80
27 81
27 82
27 84
27 85
27 86
27 87
44 2
44 3
44 6
44 9
44 10
44 13
44 19
44 20
44 21
44 22
44 25
44 26
44 28
44 29
44 30
44 31
44 32
44 33
44 34
44 35
44 37
44 38
44 41
44 42
44 45
44 46
44 48
44 49
44 51
44 52
44 53
44 55
44 56
44 57
44 60
44 62
44 63
44 64
44 69
44 70
44 71
44 72
44 73
44 76
44 77
44 78
44 79
44 80
44 81
44 82
44 84
44 85
44 86
44 87
50 1
50 2
50 6
50 10
50 13
50 19
50 20
50 21
50 22
50 23
50 24
50 25
50 28
50 29
50 30
50 31
50 32
50 33
50 34
50 35
50 38
50 39
50 40
50 41
50 42
50 45
50 46
50 47
50 48
50 49
50 51
50 52
50 53
50 55
50 56
50 57
50 60
50 63
50 64
50 68
50 69
50 70
50 72
50 73
50 74
50 76
50 77
50 78
50 79
50 80
50 81
50 82
50 84
50 85
50 86
50 87
54 2
54 6
54 9
54 13
54 19
54 20
54 21
54 22
54 24
54 25
54 26
54 28
54 29
54 30
54 31
54 32
54 34
54 35
54 37
54 38
54 39
54 40
54 41
54 42
54 45
54 46
54 47
54 48
54 49
54 51
54 52
54 53
54 55
54 56
54 57
54 60
54 62
54 63
54 64
54 72
54 73
54 74
54 76
54 77
54 78
54 79
54 80
54 81
54 82
54 84
54 85
54 86
54 87
64 1
64 2
64 6
64 9
64 10
64 13
64 19
64 20
64 23
64 24
64 25
64 26
64 28
64 29
64 30
64 31
64 32
64 34
64 35
64 37
64 38
64 39
64 41
64 42
64 45
64 46
64 47
64 48
64 49
64 51
64 52
64 53
64 55
64 56
64 57
64 62
64 63
64 64
64 68
64 70
64 71
64 72
64 73
64 74
64 76
64 77
64 78
64 79
64 80
64 81
64 82
64 84
64 85
64 86
64 87
65 2
65 3
65 6
65 9
65 10
65 13
65 19
65 20
65 22
65 23
65 24
65 25
65 29
65 30
65 31
65 32
65 34
65 35
65 37
65 38
65 39
65 40
65 41
65 42
65 45
65 46
65 47
65 48
65 49
65 51
65 52
65 53
65 55
65 56
65 57
65 60
65 62
65 63
65 64
65 68
65 69
65 70
65 71
65 72
65 73
65 74
65 76
65 77
65 78
65 79
65 80
65 81
65 82
65 84
65 85
65 86
65 87
67 1
67 2
67 3
67 6
67 9
67 10
67 13
67 19
67 22
67 23
67 24
67 25
67 26
67 28
67 30
67 31
67 32
67 33
67 34
67 35
67 37
67 38
67 39
67 40
67 42
67 45
67 46
67 47
67 48
67 49
67 51
67 52
67 53
67 55
67 56
67 57
67 60
67 63
67 64
67 70
67 72
67 73
67 74
67 76
67 77
67 78
67 79
67 80
67 81
67 84
67 85
67 86
67 87
75 1
75 2
75 3
75 6
75 9
75 10
75 13
75 19
75 20
75 22
75 23
75 24
75 25
75 28
75 29
75 31
75 32
75 33
75 34
75 35
75 37
75 38
75 39
75 40
75 41
75 42
75 45
75 46
75 47
75 48
75 49
75 51
75 52
75 55
75 56
75 57
75 60
75 62
75 63
75 64
75 68
75 69
75 70
75 72
75 73
75 74
75 76
75 77
75 78
75 79
75 80
75 81
75 82
75 84
75 85
75 86
75 87
83 1
83 2
83 3
83 6
83 9
83 10
83 13
83 20
83 21
83 22
83 23
83 25
83 28
83 29
83 30
83 31
83 32
83 33
83 34
83 35
83 37
83 38
83 39
83 40
83 41
83 42
83 45
83 46
83 47
83 48
83 49
83 51
83 52
83 53
83 55
83 56
83 57
83 60
83 62
83 63
83 64
83 69
83 70
83 72
83 73
83 74
83 76
83 77
83 78
83 79
83 80
83 81
83 82
83 84
83 85
83 86
83 87
87 1
87 2
87 3
87 6
87 9
87 10
87 13
87 19
87 20
87 22
87 24
87 25
87 26
87 28
87 29
87 30
87 31
87 33
87 34
87 35
87 37
87 38
87 39
87 40
87 41
87 42
87 45
87 46
87 47
87 49
87 51
87 52
87 53
87 55
87 56
87 57
87 60
87 62
87 63
87 64
87 70
87 71
87 72
87 73
87 74
87 77
87 78
87 79
87 80
87 82
87 84
87 85
87 86
87 87
