88
1 33
1 34
1 38
1 8
1 10
1 49
1 18
1 51
1 20
1 62
1 86
1 55
1 59
1 28
1 42
1 30
1 31
2 0
2 33
2 34
2 59
2 4
2 5
2 38
2 81
2 10
2 66
2 16
2 49
2 18
2 20
2 62
2 22
2 55
2 58
2 27
2 28
2 30
3 0
3 33
3 34
3 59
3 66
3 86
3 6
3 48
3 10
3 13
3 16
3 49
3 18
3 67
3 84
3 22
3 58
3 27
3 42
3 62
9 0
9 34
9 67
9 5
9 10
9 13
9 61
9 16
9 81
9 18
9 20
9 22
9 55
9 84
9 28
9 42
9 30
9 31
12 33
12 5
12 49
12 8
12 81
12 18
12 28
12 61
17 66
17 4
17 5
17 8
17 16
17 81
17 20
17 84
17 59
17 28
17 61
17 62
17 31
19 20
19 38
20 0
20 33
20 59
20 5
20 6
20 48
20 10
20 16
20 20
20 22
20 58
20 27
20 86
20 61
20 31
21 61
21 55
22 66
22 67
22 4
22 38
22 6
22 8
22 10
22 13
22 34
22 49
22 27
22 62
22 31
23 0
23 33
23 4
23 8
23 10
23 13
23 61
23 16
23 49
23 82
23 83
23 20
23 22
23 55
23 58
23 42
23 62
23 31
24 8
25 0
25 33
25 34
25 67
25 5
25 10
25 66
25 16
25 49
25 51
25 20
25 84
25 59
25 28
25 42
25 31
26 33
26 34
26 59
26 5
26 6
26 8
26 38
26 10
26 66
26 16
26 81
26 67
26 84
26 62
26 86
26 55
26 27
26 28
26 30
26 31
29 0
29 33
29 34
29 59
29 66
29 48
29 10
29 13
29 61
29 16
29 82
29 67
29 20
29 86
29 84
29 58
29 27
29 28
29 42
29 31
30 33
30 34
30 67
30 4
30 38
30 6
30 8
30 10
30 66
30 48
30 49
30 18
30 83
30 84
30 82
30 55
30 59
30 28
30 42
30 31
31 33
31 34
31 59
31 38
31 6
31 81
31 42
31 13
31 16
31 49
31 20
31 62
31 22
31 84
31 27
31 86
31 30
31 31
32 0
32 33
32 34
32 67
32 4
32 38
32 8
32 10
32 66
32 61
32 48
32 83
32 20
32 58
32 59
32 42
32 30
32 31
33 33
33 66
33 67
33 38
33 6
33 81
33 10
33 61
33 16
33 49
33 18
33 83
33 84
33 62
33 22
33 55
33 27
33 86
33 42
33 30
33 31
34 0
34 33
34 34
34 67
34 5
34 6
34 81
34 8
34 42
34 48
34 49
34 82
34 20
34 22
34 55
34 84
34 61
34 31
35 0
35 33
35 34
35 67
35 5
35 6
35 81
35 8
35 10
35 66
35 48
35 49
35 82
35 83
35 22
35 38
35 86
35 61
36 0
36 33
36 34
36 67
36 4
36 81
36 8
36 66
36 13
36 48
36 49
36 82
36 20
36 62
36 86
36 55
36 84
36 58
36 59
36 30
37 0
37 34
37 67
37 4
37 8
37 42
37 13
37 16
37 83
37 20
37 62
37 55
37 84
37 58
37 59
37 61
37 30
39 33
39 66
39 4
39 8
39 10
39 48
39 81
39 18
39 83
39 20
39 55
39 84
39 61
39 30
39 31
40 34
40 4
40 38
40 6
40 81
40 10
40 13
40 61
40 16
40 49
40 82
40 84
40 66
40 86
40 27
40 42
40 30
40 31
41 0
41 48
41 59
41 4
41 5
41 6
41 81
41 8
41 38
41 16
41 49
41 82
41 67
41 20
41 22
41 55
41 58
41 27
41 86
41 61
41 31
42 33
42 66
42 67
42 4
42 6
42 81
42 8
42 10
42 13
42 48
42 49
42 20
42 22
42 84
42 59
42 61
42 62
42 31
43 48
43 34
43 59
43 86
43 6
43 8
43 10
43 66
43 61
43 16
43 81
43 82
43 20
43 22
43 55
43 27
43 42
43 62
43 31
44 0
44 48
44 34
44 67
44 66
44 5
44 6
44 8
44 10
44 13
44 61
44 16
44 49
44 20
44 86
44 42
44 30
45 0
45 4
45 6
45 8
45 10
45 16
45 18
45 22
45 28
45 31
45 33
45 34
45 38
45 42
45 48
45 49
45 55
45 62
45 67
45 83
45 84
45 86
46 33
46 34
46 59
46 81
46 10
46 66
46 15
46 16
46 49
46 18
46 67
46 20
46 86
46 27
46 28
46 42
46 30
46 31
47 0
47 33
47 66
47 67
47 4
47 6
47 81
47 10
47 13
47 61
47 49
47 18
47 83
47 82
47 55
47 59
47 42
47 30
48 33
48 34
48 6
48 8
48 42
48 13
48 48
48 81
48 20
48 22
48 84
48 59
48 62
52 34
52 67
52 16
52 49
52 22
52 55
52 30
52 31
53 8
53 22
54 48
54 67
54 6
54 42
54 16
54 81
54 20
54 59
54 55
54 84
54 58
54 27
54 61
54 62
55 0
55 33
55 66
55 67
55 86
55 6
55 10
55 13
55 61
55 16
55 81
55 82
55 20
55 22
55 84
55 58
55 59
55 42
56 33
56 34
56 5
56 6
56 81
56 8
56 10
56 66
56 61
56 16
56 49
56 82
56 84
56 62
56 22
56 55
56 59
56 42
56 30
56 31
57 16
57 18
60 48
60 34
60 38
60 6
60 8
60 16
60 81
60 20
60 22
60 84
60 61
61 0
61 33
61 34
61 67
61 86
61 8
61 10
61 61
61 16
61 18
61 83
61 20
61 22
61 55
61 59
61 42
61 62
61 31
63 0
63 33
63 34
63 67
63 4
63 5
63 6
63 8
63 42
63 13
63 16
63 81
63 18
63 20
63 66
63 22
63 38
63 61
64 16
64 67
64 84
64 30
65 67
65 5
65 8
65 16
65 62
65 61
65 30
65 31
66 33
66 34
66 4
66 22
66 42
66 13
66 16
66 49
66 20
66 86
66 55
66 31
69 66
69 86
69 6
69 8
69 10
69 48
69 84
69 22
69 20
69 59
69 61
69 30
69 31
70 33
70 66
70 67
70 8
70 42
70 34
70 16
70 49
70 20
70 22
70 58
70 61
70 30
70 31
71 0
71 10
71 16
71 81
71 84
71 61
71 30
71 31
72 33
72 34
72 67
72 82
72 5
72 6
72 8
72 10
72 66
72 81
72 18
72 84
72 62
72 22
72 38
72 61
72 30
72 31
73 0
73 38
73 8
73 10
73 11
73 18
73 82
73 20
73 62
73 27
73 28
73 30
73 31
74 33
74 86
74 48
74 8
74 42
74 16
74 81
74 20
74 22
74 61
74 62
75 0
75 48
75 34
75 67
75 66
75 6
75 81
75 83
75 13
75 16
75 49
75 18
75 51
75 20
75 22
75 55
75 84
75 59
76 0
76 34
76 67
76 82
76 5
76 6
76 81
76 10
76 66
76 61
76 16
76 49
76 18
76 22
76 58
76 27
76 86
76 42
76 30
76 31
77 33
77 34
77 4
77 86
77 8
77 42
77 13
77 81
77 18
77 83
77 20
77 66
77 22
77 55
77 84
77 58
77 61
77 30
78 8
78 66
78 67
78 42
78 13
79 8
80 33
80 34
80 4
80 86
80 8
80 10
80 13
80 61
80 48
80 81
80 18
80 20
80 62
80 22
80 42
80 30
81 33
81 67
81 4
81 5
81 6
81 48
81 8
81 13
81 16
81 49
81 22
81 55
81 38
81 81
81 61
81 62
81 31
85 34
85 42
85 16
85 49
85 20
85 22
85 55
85 31
86 0
86 67
86 5
86 6
86 8
86 10
86 16
86 50
86 62
86 86
86 58
86 38
86 30
87 33
87 66
87 67
87 4
87 5
87 8
87 10
87 50
87 18
87 82
87 20
87 62
87 22
87 55
87 58
87 59
87 42
87 30
87 31
