88
0 41
0 36
0 79
1 1
1 4
1 5
1 71
1 72
1 9
1 39
1 12
1 46
1 81
1 27
1 60
2 2
2 3
2 38
2 71
2 9
2 43
2 79
2 81
2 54
2 24
2 58
3 0
3 67
3 39
3 41
3 42
3 77
3 17
3 19
3 55
3 57
3 62
3 63
4 68
4 5
4 12
4 76
4 17
4 84
4 85
4 25
4 61
4 36
5 58
5 18
5 3
5 76
5 77
6 0
6 41
6 37
6 6
7 1
7 3
7 5
7 73
7 75
7 13
7 45
7 80
7 49
7 67
7 58
7 37
8 11
9 41
9 85
10 32
10 1
10 68
10 37
10 38
10 41
10 44
10 78
10 82
10 84
10 21
10 25
10 26
10 53
11 32
11 3
11 5
11 6
11 7
11 72
11 12
11 79
11 80
11 67
11 58
11 61
12 36
12 6
12 71
12 41
12 42
12 12
12 22
12 60
12 62
12 63
13 0
13 32
13 68
13 69
13 33
13 41
13 39
13 76
13 47
13 50
13 23
13 55
16 0
16 2
16 68
16 37
16 9
16 55
16 12
16 46
16 85
16 86
16 87
16 26
16 63
17 65
17 2
17 68
17 5
17 33
17 9
17 43
17 12
17 84
17 41
17 73
17 55
19 67
19 8
19 73
19 74
19 43
19 45
19 49
19 52
19 53
19 86
19 57
19 27
19 62
20 8
20 75
20 77
20 38
21 36
21 5
21 70
21 9
21 74
21 76
21 77
21 80
21 10
21 26
21 38
21 60
21 42
21 37
22 7
22 72
22 9
22 42
22 46
22 16
22 81
22 51
22 84
22 8
22 55
22 58
23 1
23 75
23 38
23 7
23 8
23 74
23 11
23 12
23 16
23 43
23 19
23 20
24 64
24 67
24 71
24 81
24 19
24 22
24 23
24 63
25 64
25 32
25 3
25 68
25 33
25 55
25 45
25 78
25 80
25 19
25 21
25 87
25 58
26 64
26 2
26 85
26 38
27 64
27 49
27 26
27 46
28 33
28 2
28 3
28 36
28 5
28 38
28 72
28 11
28 76
28 77
28 79
28 87
28 51
28 52
28 53
28 55
28 67
28 26
28 85
28 69
29 52
29 74
29 19
29 84
29 53
30 80
30 81
30 10
30 55
31 64
31 34
31 67
31 72
31 75
31 45
31 40
31 50
31 19
31 8
31 62
32 66
32 4
32 37
32 81
32 8
32 10
32 11
32 76
32 13
32 78
32 77
32 80
32 49
32 86
32 72
32 57
32 58
32 79
32 42
33 2
33 68
33 22
33 70
33 9
33 43
33 46
33 49
33 86
33 38
33 61
34 65
34 3
34 5
34 71
34 72
34 12
34 77
34 46
34 81
34 53
34 86
34 59
35 4
35 72
35 74
35 44
35 77
35 45
36 0
36 32
36 2
36 68
36 5
36 6
36 10
36 43
36 34
36 78
36 45
36 82
36 52
36 62
36 63
37 64
37 43
37 71
37 73
37 74
37 7
37 45
37 81
37 52
37 22
37 41
38 33
38 34
38 38
38 76
38 19
38 53
39 0
39 41
39 36
39 13
39 80
40 32
40 43
40 4
40 70
40 8
40 73
40 42
40 11
40 44
40 78
40 47
40 16
40 40
40 51
40 52
40 86
40 57
40 26
40 79
40 62
41 75
41 4
41 54
41 72
41 9
41 10
41 43
41 12
41 86
41 81
41 50
41 52
41 21
41 22
41 41
41 25
41 87
41 60
41 74
42 67
42 49
42 72
42 75
42 76
42 80
42 17
42 3
42 53
42 26
42 60
43 68
43 37
43 72
43 17
43 51
43 85
43 57
43 4
43 58
44 65
44 6
44 73
44 10
44 75
44 76
44 81
44 82
44 9
44 58
44 61
45 2
45 6
45 45
45 47
45 18
45 54
45 28
46 0
46 65
46 66
46 3
46 5
46 38
46 71
46 8
46 10
46 77
46 45
46 53
46 27
47 32
47 65
47 37
47 80
47 8
47 73
47 42
47 11
47 12
47 45
47 14
47 79
47 76
47 17
47 51
47 21
47 58
47 27
47 74
47 63
48 36
48 8
48 9
48 11
48 77
48 86
49 33
49 3
49 4
49 40
49 73
49 75
49 76
49 78
49 72
49 51
49 84
49 58
49 60
49 61
49 62
52 32
52 2
52 68
52 49
52 8
52 10
52 77
52 47
52 17
52 22
52 25
52 27
52 60
52 36
53 51
53 2
53 67
53 5
53 71
53 72
53 44
53 76
53 48
53 19
53 57
53 26
53 63
54 76
54 12
54 79
54 51
54 20
54 63
55 33
55 6
55 81
55 10
55 46
55 17
55 85
55 86
55 58
55 28
55 63
56 43
56 78
56 55
57 39
57 73
57 11
57 53
57 55
57 24
57 30
58 42
58 67
58 46
58 39
59 2
59 8
59 45
59 85
59 60
59 63
60 37
60 70
60 8
60 9
60 10
60 75
60 79
60 84
60 21
60 58
60 27
61 40
61 80
61 11
61 5
62 32
62 69
62 38
62 39
62 10
62 45
62 47
62 51
62 6
62 60
62 74
62 5
63 64
63 51
63 66
63 4
63 54
63 6
63 7
63 40
63 41
63 71
63 73
63 50
63 19
63 20
63 21
63 22
63 55
63 60
63 85
64 0
64 33
64 67
64 36
64 70
64 7
64 8
64 10
64 43
64 44
64 13
64 78
64 72
64 84
64 53
64 86
64 87
64 25
64 60
64 62
65 3
65 6
65 7
65 10
65 55
65 50
65 19
65 20
65 53
65 87
65 25
65 63
66 32
66 33
66 66
66 40
66 73
66 42
66 12
66 2
66 49
66 85
66 72
66 62
67 64
67 65
67 67
67 0
67 1
67 42
67 71
67 12
67 79
67 87
67 26
68 32
68 36
68 10
68 75
68 19
68 84
68 53
68 55
68 26
69 2
69 3
69 4
69 37
69 6
69 7
69 9
69 87
69 13
69 77
69 45
69 17
69 51
69 53
69 73
69 79
70 65
70 36
70 38
70 8
70 43
70 12
70 79
70 80
70 54
70 62
71 16
71 2
71 68
71 5
71 70
71 9
71 13
71 80
71 17
71 85
71 86
71 22
71 62
72 71
72 72
72 80
72 17
72 19
72 62
73 37
73 6
73 11
73 76
73 77
73 78
73 16
73 51
73 57
73 26
73 70
74 0
74 68
74 5
74 71
74 40
74 74
74 76
74 77
74 78
74 16
74 50
74 19
74 26
75 33
75 3
75 4
75 10
75 75
75 79
75 84
75 53
75 55
75 62
76 65
76 67
76 36
76 37
76 38
76 40
76 42
76 12
76 78
76 51
76 22
76 25
76 28
77 0
77 64
77 66
77 67
77 4
77 71
77 41
77 11
77 12
77 77
77 78
77 79
77 81
77 84
77 85
77 54
77 73
77 36
77 59
77 61
78 4
78 6
78 38
78 42
78 55
78 45
78 51
78 23
78 26
79 32
79 64
79 66
79 75
79 4
79 65
79 7
79 8
79 9
79 11
79 44
79 13
79 77
79 49
79 52
79 53
79 25
79 58
79 63
80 0
80 36
80 5
80 11
80 45
80 19
80 85
80 21
81 51
81 2
81 4
81 37
81 6
81 8
81 75
81 78
81 80
81 19
81 59
82 68
82 38
82 41
82 42
82 78
82 51
82 84
82 21
82 55
82 27
82 74
82 53
83 41
83 43
83 55
83 71
84 3
84 70
84 6
84 71
84 74
84 43
84 18
84 84
84 86
84 7
84 60
85 0
85 9
85 27
85 45
86 0
86 33
86 34
86 4
86 37
86 6
86 73
86 10
86 11
86 66
86 79
86 81
86 84
86 38
86 74
87 65
87 39
87 74
87 71
87 13
87 47
87 81
87 18
87 19
87 52
87 87
87 84
87 26
87 27
87 61
87 63
