88
0 40
0 70
0 79
1 33
1 34
1 36
1 38
1 49
1 10
1 43
1 13
1 45
1 17
1 51
1 53
1 86
1 81
1 28
1 61
1 31
2 34
2 3
2 37
2 81
2 40
2 9
2 46
2 49
2 50
2 84
2 53
2 86
2 55
2 24
2 25
2 60
2 30
3 32
3 65
3 66
3 67
3 6
3 38
3 40
3 74
3 70
3 13
3 47
3 17
3 82
3 84
3 57
3 79
3 60
3 37
4 49
4 42
5 0
5 67
5 9
5 10
5 35
5 52
5 54
5 31
6 64
6 2
6 67
6 36
6 37
6 70
6 71
6 72
6 73
6 43
6 77
6 16
6 49
6 18
6 20
6 82
6 56
6 60
6 61
10 32
10 27
10 46
10 78
13 64
13 33
13 4
13 69
13 6
13 40
13 43
13 78
13 79
13 80
13 49
13 50
13 52
13 87
13 60
13 62
16 42
16 35
18 59
20 66
20 35
20 68
20 38
20 41
20 42
20 87
20 77
20 50
20 67
20 84
20 85
20 86
20 55
20 56
20 25
20 58
20 27
20 61
21 34
21 4
21 70
21 71
21 74
21 13
21 78
21 77
21 80
21 50
21 82
21 21
21 25
21 26
21 59
21 53
21 36
22 69
22 86
22 13
23 64
23 69
24 36
24 39
24 72
24 43
24 47
24 80
24 53
24 26
25 0
25 6
25 40
25 74
25 46
25 80
25 85
25 55
25 25
25 59
26 32
26 56
26 84
26 39
27 49
27 38
28 64
28 35
28 36
28 37
28 39
28 76
28 77
28 50
28 59
28 30
30 40
30 33
30 78
31 33
31 59
31 68
31 69
31 39
31 74
31 79
31 48
31 51
31 84
31 53
31 20
31 47
31 28
32 33
32 34
32 71
32 65
32 49
32 10
32 43
32 13
32 61
32 16
32 17
32 82
32 21
32 87
32 26
32 79
32 58
32 31
33 35
33 68
33 37
33 38
33 71
33 40
33 9
33 10
33 43
33 13
33 46
33 75
33 41
33 25
33 59
33 74
33 30
34 34
34 36
34 39
34 72
34 9
34 74
34 78
34 47
34 51
34 62
34 54
34 24
34 25
34 26
34 79
34 30
34 85
35 24
35 59
35 4
35 47
36 24
36 33
36 3
36 41
37 32
37 1
37 74
37 4
37 69
37 38
37 33
37 41
37 10
37 76
37 45
37 48
37 82
37 52
37 56
37 58
37 60
37 61
37 30
38 32
38 35
38 69
38 38
38 49
38 40
38 42
38 45
38 77
38 17
38 50
38 84
38 53
38 87
38 26
38 27
38 31
39 9
39 34
39 61
40 0
40 1
40 3
40 69
40 32
40 64
40 73
40 10
40 79
40 52
40 86
40 87
40 56
40 84
40 59
40 61
40 63
41 0
41 32
41 3
41 4
41 69
41 70
41 65
41 72
41 9
41 87
41 13
41 78
41 80
41 82
41 35
41 55
41 25
41 58
41 61
42 41
42 10
42 13
43 66
43 37
43 41
43 76
43 13
43 44
43 80
43 49
43 87
43 24
43 63
43 60
43 62
43 31
44 33
44 58
44 39
44 71
45 64
45 80
45 36
45 37
45 84
45 41
45 75
45 77
45 47
45 16
45 20
45 53
45 73
45 56
45 68
45 61
45 62
45 31
46 76
46 60
47 87
48 17
48 69
49 58
49 20
50 67
50 68
50 70
50 38
50 41
50 43
50 82
50 79
50 80
50 49
50 50
50 52
50 21
50 23
50 24
50 26
50 27
50 30
50 53
51 32
51 1
51 69
51 33
51 72
51 73
51 10
51 43
51 44
51 76
51 82
51 51
51 55
51 28
51 42
51 31
52 64
52 1
52 35
52 70
52 33
52 76
52 44
52 47
52 48
52 56
52 84
52 55
52 24
52 58
52 61
52 31
53 32
53 1
53 70
53 65
53 41
53 10
53 77
53 78
53 79
53 16
53 81
53 19
53 55
53 56
53 26
53 59
53 61
54 80
54 73
54 31
54 79
55 64
55 33
55 34
55 37
55 6
55 72
55 43
55 77
55 78
55 48
55 81
55 52
55 53
55 55
55 25
55 26
55 62
56 2
56 3
56 69
56 38
56 9
56 10
56 75
56 76
56 46
56 78
56 41
56 21
56 23
56 26
56 60
56 61
56 53
57 25
58 0
58 68
58 70
58 40
58 13
58 84
58 53
58 86
58 24
58 57
58 63
59 0
59 68
59 73
59 43
59 46
59 83
59 20
59 85
60 0
60 33
60 66
60 3
60 68
60 81
60 40
60 64
60 57
60 47
60 80
60 72
60 35
60 20
60 53
60 55
60 24
60 52
60 74
61 0
61 32
61 4
61 37
61 77
61 46
61 80
61 84
61 85
61 55
62 68
62 2
62 35
62 4
62 72
62 41
62 75
62 78
62 13
62 77
62 45
62 80
62 20
62 21
62 86
62 23
62 36
62 52
63 40
63 74
63 36
63 26
64 32
64 33
64 66
64 69
64 40
64 73
64 75
64 79
64 82
64 52
64 54
64 47
64 60
64 31
65 73
65 52
66 66
66 35
66 6
66 38
66 49
66 72
66 9
66 43
66 76
66 86
66 79
66 17
66 82
66 52
66 54
66 56
66 24
66 87
66 70
66 63
67 32
67 35
67 36
67 86
67 39
67 73
67 87
67 44
67 13
67 47
67 16
67 22
67 55
67 56
67 25
67 26
67 30
68 64
68 1
68 68
68 69
68 84
68 40
68 41
68 43
68 78
68 77
68 46
68 47
68 49
68 20
68 21
68 72
68 52
68 58
68 79
68 62
69 80
69 2
69 36
69 37
69 9
69 75
69 78
69 34
69 46
69 13
69 48
69 83
69 85
69 53
69 54
69 55
69 86
69 30
69 31
70 0
70 80
70 66
70 35
70 4
70 37
70 6
70 39
70 60
70 48
70 49
70 53
70 86
70 25
70 28
70 61
70 30
70 81
71 64
71 35
71 72
71 78
71 48
71 83
71 55
71 24
71 26
71 60
71 62
72 4
72 73
72 10
72 75
72 13
72 61
72 81
72 53
72 9
72 68
72 26
72 42
72 30
72 31
73 3
73 37
73 72
73 35
73 86
73 24
73 26
73 63
73 31
74 34
74 37
74 6
74 17
74 10
74 76
74 77
74 81
74 82
74 38
74 29
74 30
75 33
76 64
76 34
76 3
76 71
76 72
76 9
76 10
76 79
76 73
76 25
76 59
76 61
77 32
77 33
77 3
77 5
77 6
77 39
77 73
77 10
77 43
77 47
77 82
77 52
77 86
77 56
77 25
77 74
77 62
77 69
78 0
78 80
78 3
78 69
78 70
78 41
78 74
78 87
78 44
78 45
78 48
78 52
78 85
78 22
78 73
78 56
78 26
78 60
78 61
79 32
79 84
79 35
79 38
79 6
79 72
79 10
79 51
79 20
79 53
79 86
79 52
79 58
79 27
79 60
79 85
80 30
80 70
80 31
81 0
81 1
81 35
81 68
81 37
81 64
81 41
81 43
81 44
81 45
81 60
81 20
81 55
81 56
81 25
81 26
81 28
81 52
82 64
82 3
82 37
82 6
82 39
82 9
82 43
82 77
82 47
82 17
82 51
82 21
82 25
82 58
82 27
82 62
82 53
83 64
83 33
83 67
83 3
83 37
83 40
83 73
83 43
83 76
83 77
83 79
83 49
83 82
83 51
83 23
83 56
83 25
83 63
84 81
84 4
84 21
84 17
85 82
85 59
86 0
86 32
86 66
86 3
86 82
86 69
86 70
86 81
86 72
86 73
86 43
86 13
86 78
86 79
86 17
86 50
86 51
86 84
86 23
86 55
86 30
87 66
87 68
87 49
87 39
87 40
87 9
87 55
87 45
87 47
87 16
87 17
87 20
87 86
87 23
87 56
87 60
87 30
87 31
