88
1 12
1 82
1 59
1 76
1 38
3 69
3 70
3 49
3 8
3 10
3 43
3 40
3 82
3 62
3 54
3 57
3 26
3 30
4 32
4 57
4 82
4 69
4 54
5 0
5 3
5 4
5 7
5 8
5 9
5 15
5 16
5 22
5 24
5 25
5 35
5 42
5 43
5 44
5 49
5 54
5 56
5 59
5 61
5 68
5 69
5 87
6 32
6 34
6 69
6 38
6 12
6 76
6 15
6 48
6 82
6 9
6 41
6 24
6 44
8 32
8 35
8 38
8 49
8 8
8 76
8 10
8 11
8 44
8 45
8 40
8 86
8 87
8 24
8 59
10 4
10 86
10 9
10 76
10 12
10 44
10 49
10 18
10 84
10 22
10 26
11 54
11 70
11 41
11 42
11 45
11 84
11 86
11 24
11 25
13 70
13 41
13 83
13 22
13 58
13 59
17 0
17 32
17 34
17 3
17 38
17 7
17 8
17 41
17 42
17 87
17 48
17 56
17 82
17 35
17 84
17 72
17 24
17 57
17 58
17 61
17 30
19 34
19 35
19 7
19 9
19 42
19 82
19 22
19 59
19 60
20 0
20 48
20 3
20 4
20 8
20 9
20 42
20 44
20 45
20 15
20 16
20 40
20 84
20 86
20 36
20 58
20 28
20 61
20 31
21 0
21 32
21 34
21 35
21 70
21 38
21 7
21 9
21 42
21 11
21 86
21 15
21 48
21 84
21 54
21 87
21 24
21 59
21 60
21 62
23 0
23 48
23 34
23 3
23 4
23 38
23 7
23 40
23 41
23 42
23 11
23 50
23 16
23 71
23 18
23 84
23 87
23 26
23 59
24 35
24 49
24 8
24 42
24 18
24 47
24 16
24 40
24 82
24 84
24 57
24 25
24 58
25 0
25 8
25 10
25 15
25 16
25 18
25 22
25 31
25 32
25 38
25 40
25 41
25 42
25 44
25 45
25 48
25 49
25 57
25 58
25 59
25 62
25 69
25 71
25 76
27 0
27 9
27 10
27 15
27 18
27 22
27 26
27 31
27 32
27 34
27 41
27 42
27 44
27 57
27 58
27 59
27 61
27 72
27 76
27 77
27 82
27 86
30 0
30 3
30 4
30 10
30 15
30 18
30 22
30 26
30 38
30 41
30 42
30 43
30 44
30 45
30 48
30 50
30 56
30 69
30 73
30 77
30 82
30 83
30 84
31 0
31 3
31 4
31 9
31 16
31 24
31 32
31 35
31 36
31 38
31 40
31 41
31 42
31 43
31 50
31 54
31 58
31 76
31 78
31 82
31 86
31 87
32 3
32 4
32 8
32 9
32 24
32 25
32 34
32 35
32 38
32 41
32 43
32 44
32 49
32 54
32 56
32 57
32 58
32 59
32 73
32 82
32 84
32 87
33 3
33 4
33 11
33 16
33 18
33 22
33 35
33 38
33 40
33 45
33 46
33 48
33 49
33 50
33 54
33 56
33 58
33 69
33 70
33 72
33 78
33 86
33 87
34 3
34 76
34 45
34 48
34 26
34 58
35 3
35 4
35 8
35 15
35 16
35 32
35 34
35 38
35 40
35 41
35 42
35 44
35 45
35 48
35 54
35 56
35 58
35 59
35 73
35 77
35 82
35 84
35 87
36 4
36 8
36 9
36 11
36 12
36 15
36 16
36 26
36 32
36 41
36 44
36 45
36 48
36 56
36 57
36 62
36 68
36 69
36 72
36 73
36 76
36 77
36 83
36 84
37 8
37 9
37 10
37 15
37 16
37 22
37 26
37 36
37 38
37 41
37 44
37 49
37 54
37 56
37 58
37 59
37 61
37 62
37 68
37 71
37 76
37 84
37 86
39 0
39 4
39 7
39 8
39 24
39 34
39 35
39 36
39 38
39 41
39 44
39 45
39 48
39 49
39 50
39 57
39 59
39 60
39 62
39 69
39 70
39 73
39 76
43 0
43 3
43 4
43 54
43 38
43 7
43 40
43 9
43 42
43 78
43 15
43 49
43 82
43 83
43 22
43 87
43 57
43 59
43 28
43 69
46 32
46 4
46 69
46 77
46 15
46 22
46 57
46 26
47 3
47 4
47 8
47 9
47 12
47 22
47 24
47 25
47 32
47 34
47 35
47 36
47 42
47 44
47 45
47 59
47 65
47 69
47 76
47 78
47 82
47 87
48 32
48 69
48 38
48 9
48 76
48 16
48 41
48 24
48 62
49 35
49 9
49 10
49 44
49 22
49 42
52 0
52 9
52 10
52 11
52 12
52 24
52 26
52 34
52 35
52 38
52 42
52 44
52 45
52 48
52 49
52 58
52 59
52 62
52 71
52 73
52 76
52 82
52 84
52 87
53 86
53 4
53 69
53 40
53 9
53 42
53 45
53 15
53 48
53 49
53 83
53 22
53 56
53 59
53 60
54 4
54 7
54 11
54 15
54 18
54 22
54 26
54 36
54 38
54 42
54 48
54 57
54 58
54 59
54 61
54 62
54 65
54 69
54 70
54 76
54 82
54 84
55 0
55 4
55 8
55 10
55 11
55 15
55 18
55 22
55 26
55 31
55 34
55 38
55 41
55 44
55 48
55 49
55 54
55 58
55 68
55 70
55 76
55 84
55 87
57 34
57 4
57 38
57 60
57 10
57 87
57 44
57 45
57 48
57 82
57 54
57 73
57 57
57 58
57 59
57 28
58 35
58 36
58 54
58 7
58 8
58 43
58 44
58 82
58 18
58 86
58 56
58 58
59 8
59 48
59 42
59 59
59 76
60 0
60 4
60 8
60 41
60 45
60 48
60 18
60 58
60 59
60 60
60 62
60 31
61 0
61 3
61 4
61 7
61 8
61 9
61 11
61 12
61 15
61 18
61 25
61 26
61 32
61 35
61 38
61 40
61 43
61 44
61 45
61 56
61 58
61 62
61 68
61 83
61 87
62 0
62 69
62 70
62 9
62 10
62 24
62 38
63 0
63 4
63 7
63 15
63 22
63 31
63 35
63 38
63 40
63 41
63 42
63 43
63 44
63 45
63 46
63 48
63 49
63 56
63 69
63 72
63 76
63 83
63 84
65 34
65 7
65 9
65 42
65 71
65 45
65 48
65 84
65 54
65 24
65 25
65 26
65 59
65 30
65 31
66 3
66 4
66 38
66 7
66 8
66 10
66 50
66 61
66 16
66 40
66 18
66 82
66 54
66 24
66 57
66 26
66 59
66 60
66 42
67 68
67 3
67 4
67 86
67 71
67 9
67 10
67 87
67 44
67 45
67 48
67 49
67 35
67 84
67 76
67 41
67 36
67 26
67 62
70 3
70 68
70 54
70 38
70 71
70 8
70 9
70 42
70 72
70 50
70 84
70 22
70 56
70 26
70 58
71 0
71 4
71 38
71 49
71 72
71 42
71 77
71 40
71 54
71 68
71 60
73 49
73 34
73 58
73 57
73 25
74 0
74 32
74 3
74 86
74 70
74 8
74 9
74 10
74 76
74 15
74 48
74 59
74 22
74 87
74 56
74 26
74 47
74 58
74 31
75 0
75 34
75 35
75 4
75 7
75 8
75 9
75 42
75 44
75 76
75 82
75 87
75 57
75 58
75 28
75 62
76 3
76 69
76 7
76 8
76 76
76 11
76 12
76 78
76 15
76 48
76 40
76 84
76 41
76 24
78 0
78 48
78 4
78 8
78 9
78 42
78 76
78 77
78 16
78 40
78 84
78 57
78 56
78 36
78 26
78 59
78 28
78 58
79 0
79 7
79 8
79 9
79 15
79 22
79 24
79 26
79 32
79 34
79 36
79 40
79 41
79 46
79 48
79 49
79 56
79 57
79 58
79 59
79 65
79 69
85 0
85 73
85 77
85 48
85 83
85 22
86 71
86 8
86 10
86 11
86 44
86 40
86 84
86 86
86 56
86 59
87 32
87 41
87 10
87 50
87 26
87 61
