88
0 66
0 36
0 9
0 49
0 22
0 26
0 28
0 62
1 55
2 2
2 68
2 37
2 6
2 71
2 40
2 44
2 77
2 47
2 16
2 84
2 62
2 55
2 26
2 38
2 28
2 29
2 30
3 64
3 2
3 4
3 38
3 40
3 9
3 62
3 77
3 46
3 72
3 83
3 41
3 23
3 56
3 68
3 26
3 30
3 31
4 38
4 74
4 44
4 78
4 47
4 80
4 17
4 20
4 28
5 0
5 70
5 40
5 9
5 42
5 75
5 44
5 45
5 47
5 16
5 82
5 62
5 28
5 30
5 63
6 0
6 1
6 2
6 3
6 6
6 9
6 11
6 16
6 22
6 24
6 28
6 32
6 33
6 36
6 38
6 45
6 46
6 47
6 48
6 55
6 56
6 57
6 78
6 79
9 1
9 66
9 5
9 43
9 85
9 29
9 62
10 2
10 69
10 9
10 76
10 13
10 47
13 0
13 1
13 2
13 4
13 38
13 7
13 39
13 86
13 36
13 26
13 28
13 62
13 31
16 72
16 9
16 3
16 22
16 6
17 1
17 10
17 43
17 62
17 17
20 1
20 2
20 33
20 13
20 49
20 26
20 30
22 0
22 1
22 2
22 36
22 40
22 41
22 43
22 45
22 16
22 21
22 30
23 64
23 1
23 66
23 4
23 70
23 9
23 34
23 78
23 46
23 36
24 4
24 37
24 44
24 76
24 13
24 49
24 83
25 64
25 1
25 66
25 36
25 41
25 74
25 87
25 45
25 49
25 84
25 62
25 73
25 55
25 56
25 26
25 60
25 30
26 32
26 1
26 2
26 4
26 6
26 72
26 9
26 10
26 44
26 77
26 47
26 85
26 86
26 26
26 28
26 42
26 31
27 33
27 36
27 73
27 43
27 77
27 54
27 28
27 62
28 33
28 34
28 35
28 5
28 6
28 72
28 9
28 82
28 54
28 58
28 38
28 30
29 42
30 64
30 32
30 69
30 6
30 9
30 13
30 62
31 0
31 72
31 42
31 24
32 0
32 32
32 36
32 5
32 6
32 73
32 78
32 48
32 46
32 9
32 27
32 29
33 49
33 34
33 76
33 29
33 31
34 0
34 1
34 36
34 39
34 74
34 44
34 13
34 22
34 31
35 1
35 4
35 54
35 42
35 45
35 49
35 22
35 56
35 29
35 31
36 0
36 1
36 37
36 70
36 72
36 9
36 44
36 13
36 77
36 48
36 22
36 24
36 27
36 29
36 69
37 68
37 38
37 73
37 11
37 76
37 41
37 56
37 25
37 27
37 29
37 30
38 34
38 35
38 68
38 37
38 43
38 76
38 46
38 48
38 49
38 82
38 83
38 54
38 25
38 26
38 27
38 86
38 29
38 30
39 0
39 5
39 22
39 24
39 30
39 31
39 34
39 41
39 43
39 47
39 49
39 55
39 56
39 62
39 63
39 66
39 72
39 74
39 77
39 80
39 82
39 83
39 87
40 0
40 1
40 2
40 4
40 5
40 38
40 9
40 42
40 43
40 44
40 34
40 46
40 45
40 76
40 22
40 55
40 24
40 36
40 26
40 31
41 0
41 64
41 5
41 38
41 33
41 78
41 80
41 22
41 26
41 54
42 1
42 34
42 69
42 42
42 45
42 16
42 49
42 83
42 84
42 30
42 63
43 32
43 1
43 66
43 4
43 49
43 9
43 42
43 44
43 13
43 78
43 47
43 48
43 17
43 82
43 83
43 76
43 36
43 29
43 62
44 64
44 33
44 2
44 5
44 6
44 9
44 42
44 46
44 47
44 83
44 22
44 60
44 30
45 1
45 6
45 33
45 9
45 45
45 83
45 22
46 32
46 48
46 34
46 5
46 6
46 7
46 77
46 16
46 26
46 63
47 0
47 2
47 36
47 38
47 7
47 9
47 11
47 34
47 48
47 17
47 23
47 30
48 32
48 6
48 72
48 76
48 45
48 48
48 21
49 0
49 4
49 20
49 22
49 26
49 28
49 31
49 36
49 38
49 39
49 41
49 42
49 45
49 48
49 49
49 62
49 68
49 76
49 77
49 79
49 80
49 83
49 87
50 0
50 1
50 2
50 69
50 40
50 42
50 77
50 17
50 23
50 63
51 2
51 4
51 10
51 16
51 22
51 26
51 28
51 34
51 36
51 38
51 43
51 44
51 49
51 54
51 56
51 58
51 62
51 70
51 72
51 74
51 76
51 86
52 32
52 43
52 68
52 38
52 70
52 11
52 52
52 62
52 36
52 28
52 30
52 63
53 44
53 77
54 32
54 3
54 5
54 38
54 10
54 45
54 80
54 82
54 85
54 28
54 30
55 0
55 1
55 70
55 72
55 9
55 43
55 45
55 49
55 87
55 26
55 62
55 63
56 34
56 54
56 6
56 72
56 55
56 13
56 77
56 49
56 22
56 87
56 25
56 62
57 0
57 4
57 70
57 6
57 41
57 42
57 43
57 46
57 83
57 22
58 0
58 2
58 9
58 10
58 11
58 26
58 28
58 30
58 31
58 36
58 38
58 43
58 44
58 45
58 46
58 47
58 48
58 55
58 62
58 63
58 78
58 80
58 82
58 85
59 1
59 3
59 6
59 39
59 42
59 76
59 22
59 24
59 27
59 29
59 30
60 1
60 38
60 6
60 72
60 77
60 85
60 30
61 1
61 4
61 37
61 6
61 39
61 9
61 77
61 49
61 84
61 22
62 1
62 3
62 4
62 5
62 6
62 11
62 20
62 26
62 38
62 39
62 41
62 42
62 45
62 47
62 49
62 58
62 66
62 69
62 70
62 74
62 77
62 78
62 79
62 84
63 1
63 36
63 6
63 40
63 74
63 45
63 46
63 49
63 86
63 55
63 25
63 62
64 4
64 37
64 70
64 9
64 42
64 20
64 22
64 41
64 54
65 0
65 9
65 43
65 13
65 48
65 82
65 83
65 52
65 62
65 31
66 69
66 38
66 41
66 43
66 13
66 46
66 48
66 49
66 6
66 30
66 5
67 64
67 77
68 0
68 33
68 34
68 36
68 5
68 6
68 72
68 9
68 42
68 44
68 77
68 22
68 55
68 28
69 0
69 2
69 4
69 6
69 9
69 42
69 43
69 76
69 77
69 47
69 83
69 86
69 87
69 36
70 2
70 5
70 38
70 48
70 49
70 52
70 56
70 6
70 28
70 37
71 34
71 36
71 37
71 71
71 43
71 77
71 47
71 83
71 22
71 23
71 56
71 26
71 28
72 2
72 68
72 38
72 40
72 43
72 47
72 49
72 83
72 84
72 22
72 62
73 38
73 9
73 42
73 45
73 47
73 49
73 27
74 0
74 33
74 34
74 5
74 10
74 13
74 45
74 80
74 83
74 26
74 27
74 28
74 74
74 30
74 63
75 1
75 3
75 36
75 38
75 39
75 47
75 16
75 84
75 86
75 27
75 30
76 0
76 4
76 6
76 41
76 43
76 47
76 80
76 82
76 83
76 20
76 26
76 63
77 0
77 2
77 36
77 5
77 38
77 45
77 79
77 16
77 47
78 1
78 34
78 68
78 42
78 43
78 13
78 45
78 21
78 55
78 36
78 30
79 32
79 65
79 69
79 42
79 55
79 16
79 23
79 26
79 62
79 37
80 0
80 6
80 45
80 78
80 22
80 24
80 28
81 87
82 82
82 26
82 6
82 55
83 33
83 34
83 27
83 4
83 62
84 64
84 34
84 4
84 9
84 87
84 76
84 66
84 77
84 83
84 73
84 55
84 24
84 36
84 27
84 30
85 3
85 36
85 38
85 6
85 42
85 43
85 44
85 13
85 45
85 83
85 22
85 87
85 55
86 0
86 4
86 38
86 49
86 72
86 77
86 47
86 80
86 40
86 26
86 62
87 0
87 1
87 2
87 36
87 32
87 40
87 74
87 34
87 45
87 86
87 27
