88
0 67
0 4
0 5
0 71
0 72
0 73
0 17
0 52
0 85
0 54
0 55
0 27
0 60
0 62
1 0
1 2
1 9
1 10
1 12
1 17
1 21
1 26
1 27
1 30
1 36
1 37
1 39
1 41
1 42
1 43
1 46
1 53
1 54
1 56
1 57
1 72
1 73
1 85
3 2
3 4
3 5
3 7
3 26
3 27
3 33
3 35
3 37
3 39
3 42
3 43
3 53
3 54
3 55
3 67
3 68
3 71
3 72
3 73
3 76
3 77
3 79
3 85
3 87
4 33
4 63
4 54
4 38
4 39
6 33
6 2
6 4
6 5
6 38
6 9
6 43
6 79
6 17
6 21
6 86
6 73
6 68
6 27
6 85
12 0
12 67
12 4
12 5
12 72
12 81
12 84
12 56
12 63
12 37
13 4
13 86
13 63
14 2
14 67
14 4
14 72
14 9
14 10
14 43
14 49
14 35
14 57
15 2
15 67
15 4
15 73
15 42
15 79
15 52
15 53
15 56
15 57
15 63
17 43
17 4
17 5
17 39
17 72
17 73
17 42
17 11
17 77
17 79
17 16
17 81
17 67
17 52
17 53
17 54
17 85
17 57
17 63
17 62
17 31
18 8
18 71
19 79
19 2
19 35
19 4
19 37
19 71
19 40
19 63
19 10
19 43
19 73
19 16
19 67
19 21
19 54
19 55
19 36
19 26
19 27
19 53
20 33
20 37
20 73
20 10
20 43
20 85
20 26
20 63
21 33
21 67
21 4
21 38
21 73
21 10
21 79
21 16
21 52
21 21
21 54
21 55
21 56
21 57
21 63
22 33
22 4
22 42
22 79
22 85
22 57
23 67
23 37
23 71
23 72
23 9
23 42
23 11
23 79
23 57
23 27
23 31
24 4
24 37
24 39
24 8
24 9
24 10
24 43
24 77
24 47
24 17
24 53
24 54
24 55
24 27
24 42
24 85
25 33
25 2
25 4
25 16
25 85
25 86
28 2
28 67
28 68
28 37
28 63
28 9
28 79
28 87
28 46
28 47
28 85
28 73
28 41
28 57
28 26
28 27
28 31
29 67
29 4
29 5
29 39
29 72
29 43
29 16
29 17
30 4
30 12
30 26
30 27
30 37
30 39
30 41
30 42
30 43
30 46
30 53
30 54
30 55
30 57
30 63
30 67
30 68
30 72
30 73
30 84
30 85
30 86
31 4
31 5
31 42
31 43
31 52
31 53
31 63
31 21
31 37
32 33
32 2
32 67
32 72
32 43
32 21
32 79
32 85
32 57
32 27
32 60
32 63
33 33
33 35
33 9
33 42
33 43
33 47
33 87
33 49
33 67
33 52
33 53
33 55
33 57
33 26
33 27
33 85
34 0
34 33
34 2
34 5
34 39
34 43
34 12
34 79
34 53
34 56
34 26
34 27
35 0
35 4
35 5
35 8
35 9
35 12
35 21
35 26
35 27
35 33
35 42
35 46
35 47
35 53
35 54
35 55
35 56
35 57
35 63
35 67
35 68
35 77
35 80
40 52
40 43
40 4
41 33
41 11
41 63
41 43
41 39
42 33
42 4
42 39
42 8
42 73
42 10
42 43
42 79
42 21
42 26
42 63
42 42
42 85
42 53
46 68
46 72
46 42
46 11
46 21
46 54
46 4
46 26
46 27
46 60
47 68
47 33
47 87
47 36
47 5
47 38
47 39
47 40
47 73
47 11
47 79
47 16
47 72
47 52
47 53
47 85
47 56
47 57
47 26
47 30
47 63
50 2
50 4
50 5
50 9
50 12
50 17
50 21
50 26
50 27
50 39
50 47
50 49
50 52
50 53
50 54
50 55
50 56
50 57
50 60
50 76
50 85
50 86
50 87
51 72
51 16
51 84
51 85
51 38
52 0
52 2
52 4
52 9
52 21
52 27
52 36
52 38
52 39
52 43
52 44
52 52
52 54
52 57
52 60
52 63
52 67
52 72
52 73
52 79
52 86
52 87
54 0
54 43
54 49
54 71
54 9
54 10
54 39
54 76
54 46
54 81
54 87
55 33
55 2
55 67
55 4
55 5
55 39
55 73
55 10
55 43
55 79
55 49
55 52
55 53
55 54
55 55
55 57
55 85
55 63
55 62
55 37
56 2
56 4
56 8
56 10
56 16
56 26
56 27
56 36
56 37
56 39
56 42
56 43
56 55
56 56
56 63
56 67
56 68
56 76
56 77
56 79
56 85
56 86
56 87
57 35
57 71
57 8
57 41
57 43
57 85
57 57
57 27
57 53
58 2
58 4
58 37
58 40
58 9
58 76
58 84
58 85
58 55
58 27
58 53
59 2
59 4
59 5
59 7
59 9
59 16
59 26
59 33
59 36
59 41
59 42
59 43
59 46
59 47
59 49
59 57
59 63
59 71
59 72
59 73
59 79
59 85
59 87
61 72
61 63
63 33
63 27
63 85
63 46
63 39
64 5
64 8
64 10
64 21
64 26
64 27
64 33
64 35
64 40
64 41
64 42
64 43
64 44
64 52
64 53
64 57
64 62
64 63
64 68
64 72
64 81
64 86
64 87
65 2
65 4
65 73
65 11
65 57
65 60
66 67
66 4
66 39
66 9
66 11
66 79
66 52
66 86
66 55
66 63
67 33
67 2
67 67
67 4
67 9
67 77
67 53
67 54
68 2
68 9
68 10
68 12
68 21
68 33
68 35
68 36
68 37
68 38
68 39
68 43
68 47
68 52
68 53
68 63
68 67
68 72
68 73
68 79
68 81
68 85
68 86
69 33
69 2
69 67
69 37
69 40
69 41
69 42
69 12
69 63
69 79
69 76
69 17
69 21
69 54
69 73
69 72
69 26
69 27
69 86
69 85
69 53
70 37
70 39
70 9
70 42
70 43
70 44
70 77
70 63
70 79
70 52
70 21
70 54
70 41
70 55
70 27
70 86
70 85
70 53
71 2
71 5
71 7
71 9
71 12
71 16
71 21
71 26
71 30
71 31
71 39
71 42
71 43
71 47
71 49
71 52
71 54
71 57
71 67
71 72
71 76
71 85
71 86
72 2
72 67
72 4
72 38
72 71
72 40
72 9
72 10
72 43
72 77
72 79
72 49
72 53
72 54
72 41
72 72
72 27
73 67
73 63
74 0
74 67
74 72
74 42
74 11
74 79
74 35
74 52
74 85
74 54
74 27
74 63
75 4
75 5
75 10
75 11
75 12
75 17
75 26
75 27
75 33
75 36
75 37
75 43
75 53
75 54
75 55
75 57
75 60
75 62
75 63
75 68
75 72
75 81
75 84
76 0
76 4
76 5
76 7
76 8
76 10
76 11
76 16
76 17
76 26
76 27
76 33
76 37
76 39
76 42
76 43
76 52
76 54
76 57
76 63
76 72
76 79
76 84
76 85
77 33
77 37
77 39
77 10
77 7
77 84
77 85
77 63
77 21
78 33
78 2
78 67
78 5
78 39
78 43
78 53
78 84
78 21
78 54
78 60
78 37
78 85
78 31
80 33
80 2
80 67
80 4
80 39
80 72
80 42
80 43
80 12
80 52
80 55
80 57
80 26
80 30
81 2
81 4
81 9
81 10
81 21
81 26
81 27
81 31
81 33
81 40
81 42
81 43
81 53
81 54
81 55
81 57
81 60
81 67
81 73
81 81
81 85
81 86
82 72
82 73
82 52
82 85
82 57
82 30
82 21
83 71
83 72
83 9
83 10
83 11
83 86
83 57
83 26
83 62
83 63
84 33
84 2
84 4
84 37
84 38
84 72
84 9
84 42
84 43
84 77
84 79
84 16
84 17
84 21
84 86
84 41
84 55
84 26
84 27
84 60
84 63
85 57
85 10
85 79
86 0
86 2
86 4
86 5
86 7
86 9
86 10
86 17
86 33
86 39
86 42
86 43
86 46
86 47
86 53
86 54
86 56
86 63
86 68
86 72
86 73
86 85
