88
0 68
0 57
0 76
0 13
0 78
0 79
0 20
0 53
0 55
0 25
0 59
0 60
0 52
1 33
1 67
1 68
1 41
1 76
1 78
1 79
1 20
1 53
1 55
1 57
1 58
1 60
3 33
4 32
4 60
4 76
4 78
4 55
5 6
5 41
5 75
5 78
5 82
5 52
5 22
5 25
5 59
5 30
7 18
7 6
7 75
7 76
7 13
7 80
7 82
7 19
7 53
7 58
7 60
8 2
8 67
8 6
8 75
8 79
8 20
8 53
8 52
8 27
8 60
9 32
9 59
9 68
9 6
9 41
9 75
9 76
9 79
9 80
9 82
9 22
9 55
9 25
9 27
9 60
10 32
10 2
10 67
10 68
10 6
10 41
10 75
10 13
10 80
10 22
10 59
10 60
12 32
12 2
12 68
12 6
12 76
12 80
12 53
12 22
12 55
12 25
12 27
13 32
13 59
13 68
13 30
15 32
15 33
15 2
15 59
15 68
15 6
15 75
15 76
15 13
15 78
15 80
15 67
15 20
15 53
15 22
15 25
15 27
15 60
15 52
16 32
16 59
16 68
16 6
16 41
16 76
16 78
16 79
16 80
16 53
16 22
16 57
16 27
16 30
20 33
20 2
20 67
20 68
20 41
20 57
20 76
20 79
20 17
20 52
20 53
20 55
20 25
20 59
20 30
22 32
22 2
22 68
22 41
22 75
22 76
22 78
22 81
22 53
22 55
22 59
23 32
23 33
23 67
23 76
23 13
23 79
23 80
23 22
23 57
23 25
24 33
24 2
24 59
24 68
24 41
24 75
24 78
24 80
24 82
24 20
24 57
24 55
24 52
24 27
24 30
26 32
26 68
26 13
26 79
26 80
26 17
26 18
26 53
26 55
26 59
27 33
27 75
27 76
27 13
27 80
27 82
27 52
27 22
27 59
27 60
27 30
28 67
28 52
28 53
28 6
29 32
29 33
29 2
29 59
29 68
29 6
29 41
29 75
29 78
29 80
29 81
29 82
29 67
29 20
29 57
29 22
29 55
29 25
29 27
29 60
30 32
30 33
30 59
30 6
30 41
30 75
30 13
30 80
30 82
30 20
30 53
30 22
30 57
30 25
30 27
30 60
30 30
30 52
31 2
31 6
31 75
31 22
31 25
31 60
31 30
32 32
32 2
32 68
32 6
32 41
32 82
32 75
32 76
32 13
32 78
32 80
32 18
32 20
32 53
32 22
32 55
32 25
32 59
32 60
33 33
33 2
33 67
33 41
33 75
33 80
33 53
33 22
33 59
33 30
34 33
34 2
34 68
34 41
34 76
34 78
34 17
34 52
34 57
34 55
34 25
34 58
34 30
35 32
35 2
35 6
35 41
35 80
35 18
35 20
35 22
35 52
35 27
36 33
36 68
36 41
36 75
36 76
36 79
36 80
36 53
36 55
36 25
36 60
37 32
37 2
37 68
37 79
37 80
37 52
37 22
37 25
37 60
37 30
38 32
38 33
38 2
38 6
38 75
38 76
38 78
38 80
38 19
38 52
38 53
38 22
38 55
38 59
38 60
39 33
39 2
39 59
39 68
39 6
39 75
39 76
39 13
39 79
39 80
39 82
39 19
39 20
39 53
39 55
39 25
39 27
39 60
39 30
39 52
40 6
40 41
40 79
40 20
40 55
40 52
40 59
41 67
41 68
41 13
41 78
41 59
41 82
41 20
41 53
41 55
41 25
41 27
41 30
41 52
42 32
42 33
42 68
42 76
42 78
42 82
42 52
42 22
42 27
42 60
42 30
43 32
43 2
43 67
43 76
43 13
43 78
43 79
43 82
43 52
43 53
43 55
43 58
43 27
43 60
43 30
44 2
44 67
44 41
44 76
44 13
44 80
44 20
44 53
44 55
44 52
44 27
45 32
45 2
45 67
45 6
45 76
45 53
45 22
45 55
45 25
45 60
46 32
46 33
46 67
46 68
46 41
46 75
46 13
46 79
46 80
46 81
46 82
46 53
46 60
46 30
47 32
47 67
47 68
47 41
47 75
47 78
47 59
47 82
47 20
47 53
47 27
48 27
48 67
49 67
49 68
49 75
49 13
49 78
49 82
49 20
49 57
49 55
49 25
49 27
49 30
49 52
50 59
50 68
50 6
50 41
50 76
50 13
50 78
50 79
50 67
50 20
50 53
50 55
50 25
50 58
50 27
50 60
50 30
50 52
51 32
51 33
51 2
51 67
51 68
51 41
51 76
51 78
51 20
51 53
51 22
51 55
51 25
51 59
51 30
52 32
52 2
52 59
52 6
52 41
52 13
52 78
52 79
52 80
52 17
52 67
52 20
52 22
52 55
52 25
52 27
52 30
54 32
54 2
54 67
54 68
54 6
54 75
54 13
54 78
54 79
54 82
54 52
54 53
54 27
54 30
56 33
56 68
56 6
56 75
56 76
56 78
56 80
56 55
56 25
56 27
56 30
59 67
59 76
59 78
59 79
59 80
59 20
61 33
61 2
61 68
61 41
61 78
61 18
61 22
61 55
61 27
61 30
62 33
62 76
62 79
62 18
62 52
62 53
62 22
62 25
62 27
63 32
63 33
63 67
63 6
63 76
63 59
63 17
63 53
63 22
63 55
63 27
63 60
63 30
64 32
64 33
64 67
64 68
64 41
64 75
64 76
64 78
64 79
64 82
64 20
64 22
64 52
65 32
65 33
65 2
65 67
65 68
65 6
65 78
65 79
65 80
65 82
65 52
65 22
65 55
65 25
65 58
65 59
65 60
65 30
66 2
66 67
66 75
66 76
66 79
66 20
66 53
66 55
66 58
66 60
66 30
67 13
67 80
67 22
67 25
67 60
67 30
68 2
68 59
68 6
68 80
68 58
68 27
69 32
69 33
69 2
69 67
69 13
69 78
69 20
69 53
69 22
69 25
69 60
69 30
70 32
70 33
70 67
70 68
70 41
70 75
70 13
70 78
70 79
70 80
70 20
70 22
70 55
70 25
70 58
70 27
70 60
70 30
70 52
71 33
71 2
71 68
71 6
71 41
71 75
71 13
71 78
71 80
71 82
71 52
71 55
71 25
71 30
72 32
72 2
72 82
72 6
72 41
72 75
72 13
72 79
72 18
72 19
72 52
72 55
72 25
72 60
73 32
73 67
73 6
73 75
73 13
73 78
73 79
73 80
73 81
73 52
73 22
73 57
73 58
73 27
74 32
74 33
74 59
74 6
74 41
74 82
74 20
74 53
74 22
74 55
74 25
74 58
74 27
74 60
74 30
74 52
76 33
76 67
76 6
76 76
76 78
76 79
76 59
76 52
76 22
76 58
76 27
77 32
77 2
77 59
77 41
77 75
77 76
77 13
77 78
77 80
77 17
77 82
77 67
77 20
77 22
77 52
77 27
77 60
77 30
78 32
78 2
78 67
78 41
78 75
78 76
78 80
78 20
78 25
78 59
78 52
79 32
79 33
79 6
79 75
79 79
79 18
79 20
79 53
79 25
79 30
80 33
80 2
80 59
80 68
80 6
80 76
80 13
80 78
80 80
80 17
80 52
80 53
80 22
80 55
80 27
82 33
82 2
82 68
82 13
82 79
82 53
82 22
82 25
82 60
83 32
83 2
83 6
83 41
83 13
83 78
83 79
83 80
83 20
83 22
83 57
83 58
83 27
84 68
84 6
84 76
84 13
84 78
84 79
84 80
84 17
84 55
84 25
84 60
85 2
85 59
85 68
85 6
85 41
85 76
85 13
85 79
85 81
85 82
85 20
85 25
85 58
85 27
85 30
85 52
86 32
86 33
86 2
86 67
86 68
86 6
86 41
86 75
86 76
86 79
86 80
86 18
86 19
86 20
86 53
86 25
86 59
86 60
86 30
86 52
87 33
87 59
87 68
87 41
87 75
87 76
87 80
87 67
87 52
87 53
87 22
87 57
87 25
87 58
87 27
87 60
