88
0 1
0 34
0 35
0 70
0 38
0 71
0 9
0 76
0 66
0 46
0 48
0 49
0 73
0 25
0 30
1 0
1 1
1 59
1 69
1 39
1 47
1 48
1 81
1 20
1 21
1 86
1 57
1 27
1 85
1 63
2 64
2 35
2 69
2 75
2 77
2 46
2 48
2 86
2 57
2 25
2 27
2 31
3 33
3 35
3 4
3 39
3 76
3 79
3 49
3 82
3 24
3 29
3 62
4 24
4 37
4 31
5 3
5 5
5 38
5 72
5 75
5 76
5 13
5 78
5 45
5 48
5 49
5 83
5 20
5 53
5 86
5 52
5 27
5 61
6 73
6 86
6 46
6 61
8 2
8 67
8 38
8 71
8 74
8 80
8 20
9 32
9 82
9 59
9 78
10 16
10 75
10 44
10 46
11 35
11 62
11 39
12 16
12 24
13 32
13 1
13 77
13 48
13 64
13 73
13 42
13 13
13 46
13 15
13 16
13 82
13 19
13 52
13 78
13 25
13 58
13 59
16 52
17 32
17 1
17 70
17 77
17 64
17 10
17 43
17 44
17 13
17 46
17 15
17 16
17 49
17 79
17 52
17 27
17 60
17 61
17 62
19 28
20 1
20 70
20 42
20 52
20 56
20 61
21 35
21 6
21 38
21 73
21 11
21 78
21 15
21 16
21 43
21 67
21 52
21 54
21 60
21 61
21 69
22 34
22 35
22 68
22 5
22 72
22 78
22 59
22 52
22 86
22 87
22 25
22 27
22 69
23 32
23 73
23 10
23 76
23 45
23 48
23 59
24 35
24 68
24 6
24 46
24 83
24 20
24 62
25 2
25 67
25 66
25 73
25 75
25 44
25 13
25 46
25 15
25 16
25 82
25 19
25 52
25 85
25 83
25 68
25 27
25 61
26 0
26 49
26 85
26 46
27 41
27 26
27 69
27 6
28 16
28 25
28 66
28 10
28 13
29 33
29 59
29 37
29 39
29 63
29 74
29 13
29 79
29 82
29 83
29 53
29 86
29 56
29 27
29 31
30 38
30 39
30 41
30 78
30 86
30 61
31 0
31 67
31 38
31 73
31 15
31 35
31 27
32 32
32 34
32 67
32 39
32 75
32 78
32 15
32 59
32 35
32 53
32 25
32 79
32 29
32 62
33 34
33 68
33 69
33 70
33 38
33 75
33 13
33 15
33 56
33 27
34 64
34 3
34 37
34 6
34 39
34 73
34 13
34 46
34 15
34 48
34 49
34 20
34 56
34 24
34 81
35 44
35 13
35 61
36 23
36 21
36 37
36 13
37 28
38 33
38 66
38 38
38 40
38 83
38 76
38 45
38 46
38 61
38 82
38 19
38 20
38 78
38 86
38 87
38 24
38 26
38 28
38 58
38 30
39 64
39 66
39 35
39 4
39 69
39 6
39 76
39 74
39 75
39 44
39 77
39 78
39 15
39 16
39 49
39 79
39 86
39 24
39 47
40 33
40 67
40 3
40 40
40 79
40 75
40 77
40 15
40 17
40 82
40 35
40 53
40 87
40 57
40 58
40 59
40 31
41 33
41 38
41 13
41 59
41 29
41 31
42 0
42 33
42 2
42 3
42 36
42 40
42 73
42 75
42 45
42 46
42 79
42 67
42 52
42 61
42 63
43 0
43 32
43 36
43 5
43 71
43 72
43 46
43 79
43 82
43 19
43 20
43 53
43 24
43 52
43 59
43 60
43 37
44 0
44 1
44 35
44 39
44 72
44 75
44 77
44 78
44 53
44 86
44 56
44 25
44 26
45 34
45 3
45 39
45 41
45 10
45 78
45 47
45 15
45 16
45 49
45 82
45 35
45 53
45 59
45 73
45 56
45 27
45 29
46 33
46 75
46 37
46 6
46 39
46 40
46 73
46 11
46 12
46 78
46 15
46 76
46 49
46 82
46 83
46 20
46 86
46 87
46 79
46 61
47 1
47 34
47 68
47 12
47 71
48 0
48 1
48 2
48 3
48 6
48 64
48 78
48 45
48 14
48 48
48 84
48 53
48 87
48 25
48 63
49 1
49 34
49 39
49 72
49 75
49 15
49 48
49 17
49 19
49 53
49 86
49 83
49 25
49 79
49 31
50 38
50 39
50 73
50 77
50 78
50 85
50 54
50 55
50 31
51 33
51 66
51 67
51 37
51 39
51 8
51 73
51 75
51 78
51 55
51 27
51 61
52 64
52 33
52 34
52 35
52 4
52 6
52 39
52 73
52 71
52 44
52 66
52 16
52 82
52 83
52 22
52 56
53 32
53 48
53 4
53 46
53 15
53 16
53 49
53 52
53 53
53 25
53 47
53 29
53 62
54 48
54 25
54 75
54 35
54 71
55 86
55 44
55 45
55 22
56 25
56 3
56 20
57 0
57 32
57 48
57 38
57 71
57 13
57 16
57 57
57 25
57 62
57 31
58 32
58 3
58 6
58 44
58 12
58 56
59 1
59 34
59 38
59 39
59 52
59 55
59 56
59 59
60 32
60 39
60 9
60 75
60 20
60 29
61 34
61 67
61 6
61 75
61 12
61 78
61 16
61 59
61 82
61 20
61 55
61 27
62 64
62 33
62 34
62 67
62 37
62 71
62 40
62 73
62 13
62 78
62 47
62 72
62 82
62 21
62 86
62 57
62 27
63 48
63 10
63 62
63 42
63 6
64 49
64 21
64 70
64 6
64 45
65 32
65 34
65 67
65 38
65 73
65 12
65 79
65 48
65 49
65 19
65 52
65 55
65 26
65 62
65 63
66 1
66 35
66 6
66 38
66 71
66 73
66 74
66 44
66 79
66 48
66 76
66 84
66 85
66 55
66 58
66 59
66 61
66 62
66 69
67 64
67 74
67 75
67 53
67 39
68 72
68 52
68 5
69 1
69 35
69 42
69 78
69 48
69 83
69 52
69 21
69 86
69 59
69 61
69 31
70 6
70 16
70 82
70 23
70 25
70 59
71 64
71 83
71 3
71 49
71 38
71 39
71 42
71 43
71 46
71 48
71 17
71 35
71 86
71 61
71 69
72 48
72 3
72 38
72 71
72 13
72 15
72 16
72 49
72 82
72 83
72 20
72 56
72 59
72 61
72 31
73 64
73 80
73 3
73 38
73 47
73 10
73 43
73 44
73 13
73 15
73 16
73 75
73 22
73 73
73 56
73 25
73 87
73 27
73 61
74 33
74 67
74 3
74 37
74 6
74 76
74 46
74 79
74 59
74 19
74 20
74 53
74 56
74 26
74 27
74 58
74 69
75 0
75 1
75 67
75 69
75 32
75 40
75 73
75 44
75 16
75 82
75 23
75 56
75 26
76 0
76 32
76 34
76 3
76 35
76 71
76 11
76 13
76 15
76 80
76 49
76 75
76 19
76 24
76 83
76 27
76 62
76 31
77 4
77 39
77 75
77 13
77 85
77 59
78 32
78 83
78 59
78 69
78 71
78 72
78 9
78 43
78 44
78 15
78 75
78 67
78 20
78 22
78 56
78 52
78 27
78 63
79 67
79 70
79 6
79 40
79 73
79 43
79 76
79 13
79 78
79 44
79 85
79 58
79 62
79 31
80 0
80 32
80 12
80 78
80 49
80 83
80 86
80 57
81 33
82 64
82 38
82 15
82 50
82 27
82 29
83 34
83 67
83 82
83 69
83 15
83 45
83 2
83 13
83 48
83 49
83 75
83 83
83 87
83 27
83 31
84 25
84 44
85 32
85 68
85 38
85 6
85 39
85 73
85 13
85 78
85 17
85 82
85 83
85 20
85 54
85 55
85 25
85 61
86 32
86 33
86 34
86 5
86 70
86 71
86 10
86 43
86 66
86 61
86 48
86 17
86 52
86 57
86 81
86 29
86 62
86 31
87 64
87 66
87 35
87 36
87 54
87 41
87 42
87 83
87 77
87 46
87 3
87 52
87 53
87 22
87 57
87 59
