88
0 65
0 34
0 68
0 70
0 10
0 13
0 61
0 19
0 52
0 21
0 86
0 23
0 57
0 42
1 1
1 3
1 7
1 13
1 18
1 21
1 36
1 37
1 38
1 41
1 42
1 45
1 46
1 54
1 56
1 62
1 64
1 66
1 68
1 73
1 86
1 87
2 34
2 59
2 4
2 37
2 6
2 7
2 8
2 77
2 13
2 46
2 45
2 84
2 66
2 54
2 23
2 57
2 38
2 63
3 64
3 32
3 7
3 8
3 71
3 49
3 82
3 19
3 56
3 59
3 60
3 63
4 35
4 36
4 54
4 40
4 44
4 45
4 49
4 52
4 22
4 56
4 30
7 66
7 70
7 6
7 7
7 40
7 10
7 44
7 45
7 18
7 54
7 63
7 60
7 74
7 69
8 32
8 64
8 66
8 68
8 86
8 65
8 7
8 8
8 74
8 45
8 77
8 50
8 62
8 54
8 87
8 24
8 57
8 59
8 30
8 63
9 68
9 41
9 74
9 45
9 78
9 19
9 22
9 57
10 2
10 34
10 68
10 38
10 6
10 7
10 40
10 9
10 74
10 13
10 46
10 80
10 50
10 84
10 41
10 24
10 25
10 69
11 22
12 2
12 5
12 6
12 7
12 8
12 9
12 18
12 19
12 24
12 25
12 30
12 36
12 47
12 51
12 52
12 54
12 59
12 62
12 65
12 69
12 71
12 74
12 86
15 65
15 2
15 36
15 69
15 7
15 73
15 48
15 41
15 23
16 63
17 2
17 3
17 54
17 47
17 49
17 82
17 22
17 56
17 30
19 3
19 6
19 9
19 13
19 22
19 36
19 37
19 38
19 42
19 44
19 45
19 47
19 49
19 56
19 57
19 59
19 61
19 63
19 66
19 71
19 77
19 86
20 0
20 64
20 4
20 70
20 6
20 71
20 10
20 45
20 78
20 77
20 48
20 84
20 68
20 59
20 30
21 86
21 6
21 31
22 0
22 1
22 2
22 4
22 5
22 38
22 80
22 41
22 10
22 44
22 34
22 78
22 45
22 76
22 52
22 56
22 74
22 63
22 70
22 61
22 31
23 0
23 32
23 66
23 54
23 6
23 7
23 8
23 64
23 13
23 46
23 49
23 82
23 19
23 22
23 86
23 61
23 51
25 65
25 66
25 4
25 5
25 8
25 13
25 80
25 49
25 19
25 84
25 56
25 24
25 25
25 60
25 30
25 63
27 0
27 32
27 5
27 70
27 40
27 74
27 13
27 80
27 59
28 36
28 77
28 45
28 82
28 84
28 4
29 0
30 32
30 65
30 2
30 36
30 37
30 68
30 7
30 9
30 71
30 76
30 45
30 77
30 48
30 18
30 19
30 86
30 56
30 57
30 60
30 63
31 56
31 24
31 59
32 0
32 32
32 68
32 54
32 65
32 40
32 41
32 42
32 87
32 44
32 64
32 49
32 18
32 19
32 22
32 73
32 25
32 60
32 74
32 30
33 32
33 36
33 71
33 8
33 9
33 10
33 7
33 78
33 49
33 82
33 51
33 60
33 31
34 0
34 1
34 3
34 8
34 9
34 18
34 24
34 26
34 32
34 34
34 41
34 44
34 48
34 59
34 63
34 69
34 74
34 78
34 80
34 82
34 84
34 86
35 73
35 42
35 36
35 9
36 1
36 35
36 37
36 71
36 42
36 46
36 48
36 49
36 51
36 84
36 21
36 22
36 57
36 59
36 74
37 5
37 6
37 71
37 41
37 74
37 22
37 87
37 57
37 38
37 62
38 65
38 68
38 86
38 6
38 71
38 41
38 77
38 13
38 80
38 49
38 22
38 73
38 56
39 6
39 10
39 44
39 21
39 56
39 59
40 51
40 50
40 36
40 69
40 38
40 41
40 10
40 76
40 45
40 18
40 19
40 54
40 56
40 4
40 86
40 61
40 30
41 61
41 3
41 36
41 69
41 38
41 9
41 10
41 45
41 78
41 47
41 22
41 54
41 42
43 65
43 4
43 38
43 40
43 42
43 56
43 36
43 60
44 65
44 3
44 4
44 71
44 8
44 9
44 10
44 44
44 78
44 47
44 49
44 82
44 19
44 84
44 41
44 86
44 23
44 56
44 26
44 60
44 62
45 0
45 35
45 68
45 69
45 7
45 9
45 23
45 48
45 87
45 56
45 57
45 59
45 63
46 0
46 51
46 2
46 4
46 69
46 68
46 65
46 41
46 12
46 13
46 78
46 45
46 48
46 81
46 19
46 84
46 66
46 54
46 25
46 60
46 36
47 64
47 7
47 74
47 77
47 49
47 84
49 34
49 36
49 38
49 71
49 13
49 49
49 18
49 87
49 56
51 0
51 65
51 68
51 37
51 7
51 8
51 48
51 81
51 50
51 19
51 54
51 24
51 57
51 63
53 4
54 4
54 69
54 71
54 9
54 13
54 77
54 50
54 19
54 22
54 73
54 59
54 63
55 9
55 34
55 69
56 0
56 34
56 77
56 69
56 38
56 7
56 9
56 13
56 46
56 47
56 80
56 78
56 22
56 87
56 24
56 57
56 26
56 86
57 1
57 68
57 50
57 86
57 24
57 57
57 60
57 63
58 36
58 6
58 80
58 49
58 50
58 84
58 57
58 63
59 64
59 1
59 4
59 69
59 38
59 41
59 74
59 76
59 77
59 46
59 50
59 51
59 22
59 57
59 36
59 86
59 61
59 30
61 0
61 1
61 2
61 3
61 4
61 38
61 71
61 40
61 41
61 87
61 44
61 34
61 73
61 19
61 52
61 22
61 23
61 24
61 26
61 59
61 30
66 65
66 66
66 36
66 69
66 38
66 7
66 74
66 76
66 13
66 49
66 19
66 52
66 54
66 24
66 84
67 1
67 38
67 71
67 41
67 74
67 13
67 49
67 82
67 54
67 87
67 24
67 26
68 0
68 1
68 34
68 36
68 6
68 7
68 74
68 66
68 46
68 80
68 84
68 21
68 86
68 56
68 57
68 68
68 61
68 65
69 0
69 66
69 6
69 71
69 9
69 74
69 77
69 47
69 18
69 19
69 54
69 41
69 24
69 63
70 64
70 65
70 4
70 86
70 7
70 42
70 71
70 76
70 45
70 80
70 56
70 50
70 19
70 84
70 54
70 57
70 24
70 25
70 74
70 62
70 63
71 0
71 65
71 5
71 6
71 71
71 73
71 87
71 13
71 45
71 81
71 19
71 52
71 22
71 23
71 24
71 84
71 26
71 54
71 70
71 63
72 35
72 9
72 45
72 46
72 80
72 49
72 21
72 22
72 41
72 24
72 57
72 26
72 60
72 61
72 63
73 0
73 1
73 2
73 34
73 4
73 7
73 40
73 9
73 76
73 13
73 77
73 80
73 18
73 19
73 86
73 57
73 59
74 2
74 59
74 68
74 5
74 6
74 71
74 40
74 9
74 82
74 12
74 45
74 76
74 49
74 18
74 21
74 23
74 56
74 57
74 38
74 61
74 30
75 32
75 84
75 66
75 35
75 68
75 69
75 71
75 74
75 13
75 46
75 45
75 48
75 82
75 20
75 78
75 22
75 25
75 86
75 62
76 1
76 3
76 4
76 37
76 6
76 81
76 8
76 74
76 86
76 59
76 19
76 22
76 24
76 57
76 38
76 70
76 63
77 66
77 69
77 6
77 8
77 42
77 44
77 52
77 54
77 87
78 51
78 2
78 4
78 5
78 65
78 7
78 41
78 87
78 13
78 77
78 19
78 52
78 23
78 24
78 57
78 26
78 59
78 37
79 0
79 36
79 6
79 71
79 77
79 13
79 49
79 84
79 21
79 23
83 0
83 68
83 6
83 70
83 86
83 23
84 40
84 49
84 36
84 5
86 0
86 32
86 68
86 5
86 80
86 8
86 41
86 76
86 13
86 46
86 48
86 50
86 84
86 54
86 23
86 25
86 26
