88
0 64
0 48
0 2
0 3
0 69
0 71
0 9
0 42
0 75
0 13
0 78
0 79
0 34
0 18
0 67
0 84
0 53
0 54
0 83
0 59
0 31
1 51
1 34
1 5
1 8
1 73
1 43
1 44
1 78
1 76
1 72
1 19
1 54
1 56
1 27
1 60
1 31
2 84
2 66
2 71
2 9
2 39
2 76
2 20
2 86
2 87
2 57
2 26
2 59
2 60
2 62
3 65
3 83
3 67
3 38
3 72
3 78
3 47
3 3
3 55
3 58
3 63
4 10
4 43
4 77
4 78
4 45
4 82
4 87
4 55
4 62
5 84
5 2
5 6
5 42
5 34
5 78
5 13
5 48
5 82
5 20
5 53
5 55
5 52
5 58
5 47
5 60
6 2
6 4
6 5
6 7
6 9
6 10
6 20
6 26
6 27
6 44
6 47
6 50
6 52
6 54
6 56
6 70
6 71
6 72
6 73
6 75
6 80
6 82
6 86
6 87
7 2
7 5
7 8
7 9
7 11
7 18
7 22
7 23
7 35
7 36
7 40
7 42
7 43
7 52
7 53
7 55
7 59
7 61
7 63
7 69
7 75
7 85
8 48
8 34
8 38
8 9
8 74
8 75
8 76
8 78
8 80
8 82
8 83
8 59
8 60
8 42
9 0
9 70
9 38
9 9
9 10
9 43
9 78
9 45
9 46
9 53
9 73
9 55
9 59
9 86
9 30
10 43
10 68
10 69
10 38
10 42
10 11
10 44
10 77
10 83
10 54
10 25
10 60
10 74
10 30
11 43
11 36
11 5
11 70
11 71
11 73
11 10
11 39
11 76
11 80
11 85
12 0
12 34
12 7
12 9
12 39
12 46
12 15
12 48
12 82
12 83
12 85
12 73
12 56
12 25
12 58
12 60
13 34
13 4
13 69
13 72
13 73
13 10
13 78
13 79
13 80
13 41
13 54
13 23
13 36
14 69
17 36
17 6
17 71
17 8
17 73
17 43
17 78
17 79
17 48
17 19
17 41
17 57
17 62
19 65
19 34
19 70
19 72
19 8
19 51
19 53
19 30
20 64
20 33
20 2
20 86
20 75
20 80
20 49
20 19
20 22
20 87
20 57
20 58
21 67
21 4
21 73
21 75
21 76
21 47
21 49
21 3
21 55
21 41
21 25
21 68
21 30
22 1
22 6
22 8
22 10
22 13
22 19
22 20
22 24
22 26
22 28
22 36
22 38
22 44
22 49
22 53
22 54
22 59
22 69
22 78
22 82
22 85
22 86
22 87
23 50
23 86
25 34
26 68
26 5
26 70
26 42
26 12
26 46
26 47
26 81
26 53
26 54
26 23
26 57
26 58
26 86
26 69
27 0
27 42
27 77
27 20
27 56
27 59
28 54
28 6
28 44
28 74
28 75
28 12
28 78
28 79
28 49
28 46
28 22
28 25
29 66
29 71
29 78
29 82
29 54
29 25
29 28
30 2
30 71
30 55
30 12
30 13
30 80
30 19
30 85
30 22
30 87
30 57
30 60
30 61
31 0
31 34
31 6
31 8
31 73
31 43
31 13
31 15
31 80
31 18
31 52
31 85
31 86
32 70
32 6
32 39
32 73
32 10
32 71
32 76
32 61
32 80
32 49
32 19
32 54
32 26
32 58
32 31
33 5
33 49
33 19
33 54
33 87
33 30
34 2
34 69
34 38
34 71
34 72
34 44
34 12
34 45
34 49
34 51
34 54
34 24
34 26
34 59
34 60
34 30
35 66
35 35
35 68
35 70
35 8
35 87
35 61
35 72
35 82
35 21
35 86
35 23
35 26
35 59
35 58
35 30
35 85
36 0
36 4
36 6
36 11
36 18
36 23
36 30
36 31
36 38
36 43
36 44
36 45
36 52
36 56
36 64
36 69
36 71
36 78
36 80
36 81
36 85
36 86
37 38
37 71
37 8
37 41
37 43
37 76
37 77
37 80
37 49
37 82
37 20
37 87
37 26
37 30
38 0
38 34
38 3
38 5
38 71
38 8
38 9
38 11
38 12
38 73
38 87
38 72
38 19
38 54
38 41
38 58
38 59
39 65
39 4
39 70
39 38
39 71
39 10
39 87
39 12
39 48
39 56
39 82
39 53
39 54
39 57
39 24
39 25
39 26
39 28
40 4
40 8
40 15
40 18
40 20
40 22
40 27
40 30
40 38
40 39
40 44
40 46
40 50
40 60
40 62
40 66
40 68
40 69
40 70
40 72
40 79
40 80
41 31
41 23
41 46
41 38
41 53
42 1
42 2
42 67
42 68
42 38
42 40
42 42
42 13
42 81
42 22
42 56
42 36
42 26
43 32
43 34
43 4
43 69
43 70
43 71
43 63
43 13
43 52
43 21
43 24
43 27
43 85
44 1
44 68
44 72
44 49
44 55
44 60
45 40
46 86
46 71
46 72
46 73
46 11
46 50
46 19
46 20
46 85
46 54
46 23
46 25
46 60
46 61
46 52
47 8
47 9
47 10
47 19
47 20
47 22
47 24
47 25
47 26
47 34
47 36
47 48
47 50
47 51
47 60
47 62
47 63
47 69
47 70
47 75
47 76
47 82
48 3
48 5
48 8
48 9
48 12
48 15
48 22
48 23
48 26
48 30
48 39
48 40
48 42
48 45
48 51
48 53
48 54
48 57
48 58
48 68
48 70
48 78
48 80
49 73
49 51
49 4
50 31
51 1
51 34
51 4
51 70
51 71
51 8
51 9
51 12
51 77
51 47
51 15
51 48
51 81
51 82
51 41
51 56
51 27
52 48
52 19
52 5
52 78
52 39
53 35
53 8
53 51
53 20
53 22
53 52
53 27
54 42
55 65
55 66
55 75
55 40
55 74
55 11
55 78
55 80
55 43
55 35
55 25
55 60
55 61
55 31
56 30
56 23
57 2
57 35
57 69
57 72
57 34
57 78
57 47
57 40
57 82
57 19
57 85
57 58
57 60
58 0
58 1
58 68
58 5
58 70
58 32
58 40
58 10
58 71
58 47
58 19
58 54
58 26
58 79
58 60
59 2
59 69
59 73
59 77
59 48
59 19
59 55
59 56
59 63
60 70
61 64
61 65
61 71
61 69
61 39
61 72
61 60
61 11
61 77
61 19
61 52
61 24
61 57
61 58
61 27
61 28
62 4
62 40
62 44
62 76
62 48
62 22
62 56
62 27
62 61
62 63
63 34
63 3
64 6
65 64
65 34
66 34
66 3
66 5
66 38
66 49
66 41
66 44
66 45
66 78
66 48
66 17
66 60
66 61
66 30
67 1
67 3
67 86
67 6
67 39
67 8
67 44
67 46
67 48
67 59
67 35
67 85
67 54
67 56
67 27
67 60
67 30
68 48
68 64
69 52
69 55
71 19
71 3
72 81
72 13
73 8
73 73
74 9
74 74
74 35
74 82
74 55
75 0
75 1
75 50
75 4
75 69
75 65
75 10
75 43
75 44
75 13
75 77
75 56
75 18
75 55
75 24
75 26
75 60
75 74
76 36
76 69
76 8
76 43
76 85
76 56
77 35
77 4
77 39
77 10
77 3
77 57
77 59
78 11
78 60
78 13
78 78
78 45
79 0
79 2
79 9
79 12
79 13
79 19
79 21
79 25
79 31
79 36
79 40
79 49
79 54
79 55
79 59
79 63
79 67
79 69
79 72
79 74
79 76
79 84
79 85
82 35
82 38
82 45
82 79
82 85
82 59
83 38
83 8
83 9
83 43
83 77
83 49
83 19
83 86
83 58
85 64
85 75
85 39
85 79
85 43
85 45
85 77
85 80
85 82
85 53
85 57
85 25
85 58
85 59
85 30
86 1
86 4
86 73
86 42
86 78
86 51
86 55
87 0
87 84
87 35
87 4
87 6
87 73
87 87
87 61
87 47
87 48
87 50
87 67
87 20
87 55
87 36
87 26
87 58
87 30
87 31
