88
1 0
1 3
1 11
1 16
1 23
1 24
1 27
1 30
1 35
1 36
1 39
1 40
1 43
1 44
1 47
1 57
1 67
1 68
1 70
1 74
1 78
1 87
2 0
2 67
2 40
2 44
2 13
2 14
2 16
2 46
2 23
2 24
2 26
2 28
2 30
3 0
3 33
3 66
3 3
3 39
3 40
3 9
3 74
3 43
3 44
3 64
3 47
3 16
3 57
3 27
4 0
4 33
4 3
4 68
4 40
4 9
4 74
4 11
4 46
4 81
4 35
4 78
4 57
4 26
4 27
5 0
5 11
5 14
5 16
5 20
5 23
5 24
5 26
5 27
5 29
5 30
5 31
5 36
5 39
5 40
5 43
5 44
5 45
5 47
5 48
5 57
5 61
5 63
5 64
5 68
5 72
5 74
5 78
5 81
6 3
6 11
6 16
6 20
6 23
6 24
6 26
6 27
6 30
6 31
6 35
6 36
6 39
6 40
6 41
6 43
6 44
6 46
6 47
6 50
6 56
6 57
6 65
6 66
6 67
6 68
6 71
6 72
6 74
6 78
6 82
6 87
8 0
8 39
8 40
8 9
8 74
8 44
8 13
8 78
8 16
8 46
8 56
8 26
8 27
10 0
10 3
10 70
10 74
10 11
10 44
10 13
10 14
10 47
10 16
10 78
10 23
10 56
10 87
10 60
12 0
12 33
12 43
12 39
12 40
12 64
12 74
12 11
12 78
12 14
12 47
12 67
12 46
12 23
12 24
12 57
15 57
15 44
15 78
15 39
17 0
17 33
17 36
17 40
17 41
17 74
17 44
17 45
17 46
17 47
17 16
17 82
17 20
17 54
17 23
17 24
17 27
18 57
18 74
18 44
18 82
18 78
19 0
19 66
19 39
19 40
19 9
19 74
19 43
19 16
19 87
19 24
19 57
19 27
19 30
21 5
21 9
21 14
21 16
21 20
21 23
21 24
21 26
21 27
21 28
21 33
21 35
21 36
21 39
21 40
21 43
21 44
21 46
21 47
21 50
21 56
21 57
21 63
21 64
21 66
21 67
21 68
21 74
21 81
21 82
21 87
22 67
22 9
22 46
22 16
22 27
22 28
22 30
28 0
28 35
28 39
28 40
28 9
28 74
28 11
28 44
28 78
28 16
28 72
28 67
28 54
28 24
28 27
30 0
30 3
30 11
30 13
30 14
30 16
30 20
30 23
30 24
30 27
30 28
30 31
30 33
30 36
30 39
30 40
30 43
30 44
30 47
30 56
30 57
30 63
30 67
30 68
30 72
30 74
30 78
30 87
31 3
31 9
31 11
31 13
31 14
31 23
31 26
31 27
31 31
31 35
31 40
31 41
31 43
31 44
31 46
31 63
31 64
31 66
31 72
31 74
31 78
31 82
31 87
33 40
33 9
33 74
33 11
33 44
33 78
33 47
33 16
33 81
33 46
33 24
33 57
33 27
34 0
34 3
34 11
34 13
34 24
34 26
34 27
34 28
34 30
34 31
34 36
34 40
34 43
34 44
34 47
34 56
34 57
34 63
34 64
34 67
34 68
34 73
34 74
34 78
35 0
35 67
35 36
35 39
35 72
35 9
35 44
35 78
35 47
35 16
35 40
35 57
35 27
35 63
37 0
37 3
37 39
37 40
37 43
37 44
37 78
37 48
37 67
37 20
37 57
37 26
37 27
42 0
42 66
42 43
42 81
42 39
42 40
42 9
42 11
42 44
42 46
42 72
42 67
42 78
42 54
42 87
42 24
42 57
42 26
42 27
46 43
46 9
46 74
46 11
46 78
46 47
46 16
46 46
46 87
46 23
46 57
46 27
47 67
47 68
47 40
47 9
47 13
47 14
47 16
47 35
47 46
47 87
47 57
47 27
47 63
48 48
48 67
48 3
48 39
48 40
48 9
48 11
48 44
48 13
48 14
48 16
48 35
48 46
48 24
48 57
48 28
48 29
49 0
49 9
49 11
49 13
49 20
49 23
49 26
49 27
49 28
49 31
49 35
49 39
49 40
49 41
49 43
49 44
49 46
49 48
49 54
49 56
49 57
49 60
49 64
49 67
49 68
49 72
49 74
49 78
49 82
49 87
51 0
51 33
51 35
51 48
51 39
51 40
51 9
51 74
51 44
51 78
51 16
51 56
51 24
51 26
51 60
52 0
52 3
52 9
52 16
52 20
52 23
52 26
52 27
52 28
52 30
52 31
52 36
52 39
52 40
52 43
52 44
52 45
52 46
52 47
52 48
52 56
52 57
52 63
52 64
52 67
52 68
52 72
52 74
52 78
52 79
52 81
52 85
53 33
53 67
53 36
53 39
53 40
53 9
53 74
53 43
53 46
53 48
53 49
53 78
53 41
53 57
53 27
53 30
55 0
55 48
55 3
55 68
55 39
55 40
55 74
55 11
55 78
55 13
55 46
55 47
55 16
55 72
55 53
55 54
55 23
55 24
55 57
55 26
55 27
56 48
56 67
56 36
56 40
56 9
56 44
56 13
56 14
56 16
56 78
56 23
56 24
56 57
56 26
56 27
59 0
59 3
59 9
59 11
59 16
59 20
59 23
59 24
59 26
59 27
59 33
59 36
59 39
59 40
59 41
59 43
59 44
59 46
59 47
59 48
59 54
59 55
59 57
59 66
59 67
59 68
59 72
59 73
59 74
59 78
59 81
62 0
62 3
62 5
62 9
62 11
62 13
62 14
62 16
62 23
62 24
62 26
62 27
62 28
62 30
62 31
62 35
62 36
62 39
62 40
62 41
62 44
62 46
62 48
62 54
62 56
62 57
62 67
62 72
62 78
62 82
62 84
62 87
65 0
65 3
65 5
65 9
65 14
65 16
65 23
65 24
65 26
65 27
65 30
65 31
65 35
65 36
65 39
65 40
65 41
65 43
65 44
65 46
65 55
65 56
65 57
65 60
65 66
65 67
65 70
65 75
65 78
68 0
68 66
68 3
68 40
68 11
68 78
68 46
68 24
68 25
68 27
69 0
69 3
69 9
69 11
69 13
69 14
69 16
69 20
69 23
69 27
69 30
69 31
69 35
69 36
69 40
69 41
69 44
69 46
69 47
69 48
69 56
69 57
69 64
69 66
69 68
69 78
69 79
69 81
69 87
70 64
70 3
70 40
70 9
70 74
70 11
70 44
70 14
70 47
70 43
70 67
70 56
70 78
70 23
70 24
70 57
70 27
70 28
70 85
71 3
71 40
71 9
71 74
71 44
71 78
71 82
71 14
71 41
71 24
71 57
71 26
71 27
71 30
72 0
72 68
72 39
72 40
72 9
72 74
72 44
72 13
72 46
72 47
72 72
72 20
72 78
72 23
72 24
72 57
72 27
72 31
76 3
76 36
76 39
76 72
76 9
76 74
76 43
76 44
76 78
76 16
76 81
76 20
76 54
76 57
76 27
77 0
77 64
77 3
77 36
77 40
77 9
77 74
77 43
77 44
77 13
77 46
77 48
77 72
77 67
77 24
77 57
77 27
77 30
77 31
78 0
78 33
78 3
78 32
78 72
78 39
78 44
78 78
78 40
78 35
78 43
78 56
78 57
83 0
83 33
83 35
83 36
83 9
83 74
83 43
83 44
83 13
83 14
83 47
83 16
83 82
83 78
83 23
83 57
83 27
83 30
84 0
84 35
84 39
84 40
84 9
84 11
84 44
84 14
84 43
84 46
84 24
84 57
84 26
84 27
84 78
84 30
85 0
85 3
85 9
85 13
85 14
85 23
85 26
85 27
85 28
85 30
85 39
85 40
85 41
85 44
85 46
85 47
85 48
85 50
85 53
85 55
85 57
85 63
85 64
85 65
85 66
85 68
85 75
85 78
85 82
85 84
85 87
86 64
86 43
86 36
86 39
86 40
86 74
86 11
86 44
86 13
86 46
86 16
86 82
86 67
86 20
86 78
86 54
86 24
86 27
86 30
