88
0 51
0 67
0 3
0 70
0 65
0 8
0 71
0 17
0 75
0 35
0 20
0 86
0 55
0 56
0 52
0 87
0 60
0 61
1 52
1 61
2 57
2 54
3 65
3 82
3 30
3 78
3 57
4 32
4 33
4 35
4 69
4 38
4 40
4 9
4 75
4 76
4 80
4 17
4 21
4 86
4 5
5 74
5 5
6 32
6 83
6 3
6 4
6 69
6 70
6 73
6 42
6 43
6 13
6 82
6 35
6 53
6 86
6 24
6 26
6 61
6 31
7 21
8 24
8 75
8 45
8 38
8 31
9 65
9 59
9 4
9 54
9 70
9 11
9 76
9 79
9 49
9 18
9 51
9 22
9 23
9 57
9 27
9 86
10 35
10 36
10 72
10 73
10 10
10 75
10 12
10 50
10 20
10 27
10 28
10 61
11 66
11 59
11 4
11 37
11 42
11 75
11 12
11 13
11 45
11 80
11 18
11 82
11 25
11 26
11 47
11 62
11 69
12 56
12 1
12 2
12 3
12 54
13 1
13 66
13 50
13 5
13 70
13 71
13 72
13 44
13 42
13 11
13 12
13 13
13 49
13 18
13 87
13 61
13 37
14 1
14 66
14 87
14 36
14 6
14 65
14 73
14 42
14 43
14 46
14 52
14 23
14 56
14 71
14 59
14 28
15 65
15 39
15 11
15 77
15 52
15 21
17 42
17 44
17 13
17 21
18 43
18 69
19 31
20 32
20 2
20 4
20 5
20 41
20 42
20 75
20 76
20 82
20 47
20 50
20 54
20 23
20 57
20 86
20 74
21 72
21 49
21 82
21 21
21 61
22 1
22 2
22 5
22 6
22 81
22 9
22 47
22 80
22 17
22 82
22 51
22 21
22 54
22 57
22 56
22 25
22 37
22 31
23 64
23 35
23 69
23 39
23 40
23 73
23 42
23 43
23 46
23 49
23 50
23 74
23 54
23 24
23 84
23 86
23 61
23 62
24 34
24 43
24 6
24 72
24 11
24 13
24 78
24 50
24 28
25 32
25 69
25 81
25 9
25 39
25 45
25 17
25 18
25 53
25 22
25 37
26 75
26 13
26 78
26 81
26 52
26 22
26 87
26 26
26 61
27 65
27 34
27 38
27 6
27 39
27 11
27 77
27 47
27 26
27 59
27 28
27 31
28 21
29 3
29 4
29 6
29 8
29 73
29 75
29 12
29 13
29 46
29 77
29 72
29 82
29 78
29 23
29 27
29 30
30 1
31 40
31 56
31 50
31 35
31 70
32 42
32 52
33 65
33 2
33 43
33 6
33 75
33 34
33 20
33 53
33 87
33 26
33 27
34 17
34 2
34 18
34 54
35 83
35 53
35 70
36 0
36 35
36 41
36 45
36 50
36 18
36 3
36 86
37 32
37 75
37 74
37 11
37 78
38 72
38 27
38 31
39 0
39 32
39 4
39 65
39 40
39 64
39 74
39 75
39 13
39 77
39 80
39 73
39 56
39 57
39 27
39 31
40 32
40 1
40 2
40 36
40 40
40 45
40 47
40 17
40 18
40 20
40 21
40 54
40 23
40 68
40 59
40 28
40 29
41 33
41 2
41 40
41 74
41 76
41 17
41 29
42 56
42 50
42 27
42 28
43 0
43 67
43 68
43 69
43 6
43 73
43 42
43 82
43 47
43 81
43 50
43 21
43 87
43 56
43 57
43 31
44 64
44 1
44 34
44 3
44 36
44 65
44 39
44 72
44 11
44 43
44 18
44 20
44 54
44 87
44 84
44 71
45 66
45 36
45 37
45 86
45 71
46 32
46 65
46 27
46 76
47 32
47 1
47 8
47 60
47 11
47 80
47 17
47 50
47 28
47 61
47 31
48 3
48 5
49 20
50 74
51 1
51 2
51 5
51 65
51 71
51 8
51 74
51 81
51 83
51 20
51 86
51 57
51 60
52 2
52 4
52 69
52 39
52 40
52 41
52 76
52 13
52 17
52 18
52 52
52 54
52 56
52 36
52 26
52 86
52 29
53 0
53 3
53 36
53 37
53 6
53 8
53 9
53 74
53 13
53 45
53 49
53 82
53 35
53 21
53 73
53 72
53 25
53 27
54 72
54 2
54 76
54 37
55 66
55 69
55 73
55 76
55 34
55 57
56 32
56 34
56 21
56 86
56 39
57 32
57 65
57 38
57 6
57 72
57 43
57 44
57 13
57 78
57 82
57 19
57 52
57 53
57 22
57 23
57 56
57 54
57 31
58 87
58 3
58 69
58 86
58 39
59 32
59 3
59 70
59 40
59 73
59 43
59 78
59 82
59 20
59 46
59 86
59 24
59 61
59 62
60 1
60 68
60 38
60 40
60 10
60 20
61 1
61 66
61 35
61 36
61 37
61 81
61 65
61 8
61 74
61 56
61 50
61 51
61 21
61 55
61 24
61 72
61 28
62 32
62 1
62 66
62 3
62 4
62 73
62 74
62 77
62 13
62 34
62 53
62 87
62 26
62 28
63 0
63 64
63 2
63 50
63 69
63 49
63 8
63 74
63 43
63 12
63 45
63 46
63 17
63 18
63 20
63 54
63 57
63 58
64 75
64 2
64 42
64 69
64 71
65 0
65 1
65 70
65 4
65 5
65 6
65 81
65 8
65 13
65 77
65 49
65 82
65 55
65 72
65 25
65 28
65 37
66 4
66 72
66 50
66 40
66 18
66 25
66 31
66 36
67 32
67 1
67 34
67 36
67 69
67 71
67 8
67 43
67 61
67 80
67 83
67 20
67 53
67 54
67 56
67 57
67 26
67 27
67 58
67 31
68 68
68 69
68 70
68 8
68 81
68 57
69 2
69 67
69 5
69 49
69 72
69 76
69 12
69 34
69 17
69 21
69 41
69 27
69 28
69 31
70 65
70 2
70 54
70 74
70 22
71 64
71 34
71 4
71 72
71 12
71 82
71 51
71 20
71 21
71 22
71 24
71 26
71 59
72 3
72 5
72 6
72 39
72 8
72 41
72 43
72 47
72 80
72 17
72 51
72 52
72 25
72 26
72 28
72 61
72 37
73 1
73 2
73 35
73 4
73 37
73 38
73 49
73 8
73 44
73 40
73 19
73 52
73 21
73 86
73 56
73 59
73 69
73 31
74 3
74 68
74 6
74 73
74 74
74 43
74 47
74 56
74 50
74 21
74 22
74 24
74 60
74 53
75 0
75 2
75 75
75 36
75 37
75 6
75 8
75 73
75 10
75 43
75 78
75 80
75 82
75 51
75 22
76 32
76 4
76 5
76 72
76 74
76 12
76 77
76 82
76 51
76 55
76 68
77 43
77 5
77 81
77 11
77 17
77 21
77 86
77 54
78 65
78 69
78 6
78 41
78 43
78 44
78 70
78 78
78 77
78 82
78 87
78 56
78 26
78 28
78 61
79 50
79 36
79 54
79 70
79 42
79 75
79 12
79 45
79 77
79 81
79 18
79 53
79 22
79 59
79 60
79 61
80 66
80 3
80 6
80 71
80 42
80 75
80 44
80 34
80 81
80 18
80 86
80 56
80 57
80 29
81 32
81 2
81 40
81 12
81 17
81 52
82 32
82 64
82 66
82 36
82 54
82 81
82 41
82 10
82 75
82 12
82 13
82 17
82 50
82 82
82 22
82 61
83 0
83 64
83 3
83 68
83 6
83 65
83 8
83 73
83 10
83 12
83 47
83 49
83 57
83 59
83 28
83 31
84 64
84 35
84 68
84 69
84 74
84 77
84 47
84 49
84 57
84 42
85 0
85 3
85 36
85 69
85 70
85 49
85 75
85 78
85 17
85 35
85 20
85 86
85 56
85 27
85 28
85 61
85 31
86 34
86 35
86 68
86 5
86 8
86 9
86 10
86 47
86 17
86 50
86 52
86 86
86 57
86 27
86 29
86 69
87 3
87 4
87 6
87 8
87 42
87 80
87 87
87 57
