88
1 69
1 9
1 41
1 77
1 13
1 52
1 21
1 54
1 87
1 27
1 60
1 31
4 1
4 3
4 69
4 44
4 11
4 76
4 46
4 47
4 82
4 51
4 22
4 87
4 29
4 63
7 1
7 37
7 7
7 41
7 42
7 12
7 44
7 49
7 83
7 52
7 56
7 57
7 47
7 63
8 1
8 34
8 43
8 4
8 69
8 11
8 77
8 13
8 83
8 22
8 24
8 36
8 30
9 3
9 4
9 71
9 9
9 77
9 14
9 13
9 83
9 53
9 22
9 41
9 60
9 30
9 63
10 34
10 4
10 72
10 41
10 42
10 43
10 44
10 82
10 50
10 21
10 56
10 59
10 61
10 30
10 63
11 1
11 34
11 4
11 69
11 71
11 44
11 49
11 82
11 83
11 21
11 22
11 87
11 61
11 53
13 1
13 83
13 38
13 7
13 72
13 78
13 47
13 49
13 82
13 19
13 84
13 53
13 86
13 30
13 65
14 1
14 2
14 68
14 38
14 41
14 87
14 44
14 13
14 47
14 51
14 23
14 63
14 60
14 62
14 31
15 83
16 60
18 1
18 2
18 43
18 36
18 81
18 71
18 41
18 42
18 11
18 34
18 14
18 49
18 22
18 23
18 24
18 59
20 66
20 3
20 54
20 72
20 41
20 2
20 34
20 51
20 53
20 86
20 24
20 27
20 63
25 1
25 36
25 33
25 38
25 7
25 74
25 75
25 44
25 78
25 19
25 69
25 21
25 23
25 59
25 30
25 53
26 1
26 2
26 4
26 69
26 6
26 65
26 71
26 14
26 47
26 49
26 51
26 86
26 23
26 83
26 59
27 51
27 43
27 4
27 7
27 10
27 11
27 44
27 3
27 62
27 22
27 68
27 71
27 30
28 2
28 34
28 4
28 71
28 41
28 42
28 13
28 56
28 54
28 87
28 24
28 27
28 60
28 74
28 30
30 32
30 83
30 3
30 68
30 69
30 38
30 7
30 10
30 39
30 76
30 79
30 50
30 51
30 56
30 30
31 1
31 34
31 69
31 13
31 77
31 49
31 87
31 56
31 47
31 31
32 1
32 34
32 4
32 69
32 7
32 41
32 43
32 44
32 49
32 50
32 54
32 23
32 56
32 36
32 71
32 31
33 65
33 34
33 71
33 40
33 41
33 42
33 43
33 13
33 50
33 53
33 23
33 62
33 59
33 29
33 30
34 34
34 68
34 69
34 49
34 42
34 44
34 13
34 79
34 81
34 83
34 21
34 22
34 54
34 62
35 32
35 33
35 8
35 9
35 74
35 11
35 77
35 87
35 63
35 31
36 4
36 38
36 39
36 8
36 73
36 77
36 56
36 50
36 86
36 24
36 59
36 62
36 31
37 2
37 59
37 36
37 37
37 7
37 42
37 83
37 78
37 47
37 82
37 51
37 53
37 86
37 87
37 27
37 69
37 63
38 38
38 39
38 41
38 62
38 76
38 13
38 78
38 60
38 18
38 21
38 86
38 27
38 28
38 30
38 63
39 3
39 36
39 37
39 71
39 41
39 47
39 49
39 18
39 83
39 20
39 21
39 54
39 23
39 86
39 30
40 65
40 2
40 3
40 37
40 11
40 13
40 34
40 82
40 83
40 87
40 56
40 59
40 60
41 1
41 34
41 3
41 69
41 72
41 49
41 51
41 53
41 22
41 87
41 62
41 37
42 32
42 2
42 37
42 7
42 42
42 71
42 44
42 13
42 14
42 83
42 54
42 24
42 59
42 74
42 62
42 31
43 0
43 1
43 34
43 3
43 65
43 7
43 10
43 87
43 44
43 13
43 77
43 49
43 52
43 53
43 22
43 23
43 63
44 65
44 54
44 38
44 41
44 74
44 43
44 13
44 14
44 83
44 52
44 53
44 22
44 56
44 63
44 60
44 31
45 2
45 7
45 11
45 44
45 49
45 87
45 63
47 32
47 1
47 34
47 38
47 33
47 72
47 42
47 7
47 76
47 47
47 53
47 63
48 1
48 3
48 69
48 7
48 41
48 75
48 12
48 13
48 49
48 83
48 60
48 61
48 62
49 32
49 71
49 10
49 49
49 18
49 87
50 64
50 1
50 34
50 43
50 68
50 8
50 41
50 10
50 11
50 76
50 49
50 51
50 56
50 24
50 60
50 42
51 65
51 34
51 68
51 54
51 38
51 72
51 74
51 49
51 83
51 21
51 22
51 42
51 51
52 34
52 69
52 7
52 41
52 42
52 71
52 2
52 51
52 21
52 22
52 87
52 56
52 27
52 74
52 62
53 3
53 37
53 71
53 41
53 39
53 82
53 18
53 51
53 21
53 54
53 23
53 62
53 30
53 63
55 1
55 83
55 68
55 69
55 41
55 42
55 11
55 44
55 13
55 47
55 50
55 51
55 60
55 61
55 62
56 32
56 1
56 3
56 5
56 14
56 47
56 59
56 53
56 54
56 87
56 27
56 60
56 61
57 0
57 33
57 34
57 36
57 65
57 9
57 11
57 44
57 49
57 51
57 21
57 22
57 87
57 83
57 57
57 59
57 60
57 61
58 1
58 34
58 3
58 72
58 43
58 77
58 78
58 50
58 82
58 83
58 53
58 24
58 63
58 31
59 65
59 82
59 37
59 74
59 43
59 44
59 13
59 77
59 18
59 51
59 52
59 86
59 87
59 63
59 62
59 31
60 32
60 36
60 69
60 7
60 43
60 13
60 14
60 51
60 54
60 23
60 56
60 57
60 71
60 59
60 60
60 62
62 0
62 1
62 36
62 65
62 7
62 64
62 77
62 14
62 48
62 82
62 51
62 54
62 23
62 61
62 63
63 65
63 34
63 7
63 63
63 44
63 83
63 22
63 23
63 59
63 60
63 62
63 31
65 33
65 2
65 36
65 37
65 38
65 65
65 11
65 13
65 78
65 82
65 22
65 69
65 56
65 87
65 61
65 30
65 63
66 32
66 1
66 7
66 41
66 11
66 78
66 47
66 56
66 82
66 51
66 87
66 24
66 59
66 60
66 62
66 31
67 1
67 34
67 4
67 37
67 65
67 33
67 72
67 74
67 7
67 77
67 49
67 57
67 23
67 36
67 59
68 1
68 2
68 75
68 68
68 7
68 8
68 11
68 46
68 51
68 52
68 23
68 83
68 27
68 62
68 63
70 66
70 36
70 69
70 72
70 11
70 14
70 47
70 48
70 49
70 51
70 21
70 23
70 87
70 30
70 31
72 65
72 3
72 69
72 38
72 7
72 9
72 44
72 59
72 50
72 83
72 24
72 27
72 31
73 34
73 4
73 69
73 41
73 43
73 44
73 77
73 14
73 47
73 49
73 52
73 56
73 24
74 33
74 83
74 68
74 6
74 65
74 42
74 71
74 76
74 82
74 49
74 18
74 51
74 21
74 22
74 57
74 62
74 63
75 33
75 2
75 36
75 69
75 7
75 41
75 43
75 34
75 78
75 47
75 49
75 83
75 22
75 24
75 63
75 31
76 34
76 3
76 37
76 7
76 41
76 44
76 13
76 50
76 49
76 82
76 53
76 23
76 56
76 62
77 65
77 68
77 69
77 70
77 40
77 42
77 43
77 78
77 87
77 4
77 63
77 60
77 36
79 43
79 4
79 8
79 41
79 42
79 11
79 76
79 14
79 47
79 83
79 57
79 24
79 36
79 60
79 30
80 32
81 51
82 13
83 68
83 36
83 62
85 65
85 2
85 43
85 36
85 69
85 39
85 41
85 42
85 7
85 66
85 47
85 49
85 51
85 52
85 22
85 59
85 62
85 63
86 1
86 43
86 69
86 38
86 10
86 11
86 77
86 47
86 22
86 23
86 87
86 59
86 62
86 31
87 34
87 86
87 44
87 11
87 12
87 13
87 79
87 48
87 76
87 20
87 22
87 23
87 56
87 57
87 87
87 59
87 30
87 31
