88
0 34
0 68
0 37
0 6
0 8
0 41
0 77
0 46
0 18
0 85
0 73
0 55
0 59
0 86
0 30
1 0
1 2
1 35
1 71
1 8
1 43
1 76
1 34
1 48
1 40
1 85
1 23
1 25
1 60
2 66
2 34
2 37
2 81
2 72
2 43
2 77
2 15
2 17
2 57
2 58
2 31
3 36
3 37
3 40
3 73
3 81
3 85
5 60
5 37
6 0
6 34
6 8
6 9
6 42
6 44
6 13
6 73
6 26
6 28
6 30
8 48
8 67
8 69
8 40
8 42
8 11
8 44
8 77
8 16
8 75
8 85
8 23
8 26
8 60
8 30
9 3
9 68
9 70
9 7
9 41
9 74
9 46
9 81
9 83
9 21
9 86
9 26
9 29
10 2
10 67
10 6
10 7
10 40
10 41
10 42
10 75
10 72
10 83
10 84
10 21
10 22
10 23
10 27
10 81
10 31
11 32
11 36
11 54
11 8
11 41
11 43
11 12
11 73
11 48
11 18
11 22
11 23
11 57
11 27
11 69
12 33
12 37
12 38
12 10
12 47
12 50
12 86
12 24
12 54
12 60
12 62
13 0
13 34
13 3
13 4
13 69
13 7
13 71
13 44
13 47
13 49
13 18
13 85
13 59
14 32
14 43
14 12
14 77
15 75
16 3
16 4
16 69
16 81
16 39
16 8
16 11
16 44
16 15
16 17
16 84
16 85
16 22
16 40
16 56
17 34
17 35
17 69
17 70
17 7
17 72
17 55
17 47
17 48
17 82
17 23
17 26
17 27
18 66
18 68
18 5
18 70
18 40
18 73
18 12
18 48
18 83
18 22
18 4
18 38
18 63
19 33
19 69
19 70
19 12
19 86
19 55
19 24
19 22
19 27
19 60
19 31
20 3
20 6
21 67
21 5
21 9
21 10
21 61
21 15
21 49
21 86
21 87
21 26
21 54
21 29
22 3
22 38
22 6
22 74
22 55
22 77
22 17
22 58
22 23
22 26
22 63
22 42
22 31
23 69
23 7
23 10
23 75
23 13
23 45
23 17
23 19
23 20
23 23
23 57
23 26
23 27
24 32
24 33
24 66
24 5
24 65
24 9
24 55
24 44
24 81
24 20
24 86
24 41
24 24
24 52
24 63
24 28
24 31
25 83
26 68
26 37
26 74
26 11
26 13
26 45
26 84
26 23
26 4
26 47
27 32
27 34
27 69
27 81
27 72
27 73
27 12
27 13
27 78
27 17
27 22
27 41
28 40
29 64
29 2
29 68
29 69
29 10
29 44
29 66
29 15
29 17
29 83
29 42
30 66
30 4
30 7
30 8
30 41
30 74
30 75
30 13
30 78
30 49
30 83
30 85
30 86
30 55
30 28
30 30
31 8
31 45
32 32
32 1
32 67
32 68
32 37
32 70
32 65
32 74
32 45
32 16
32 17
32 21
32 85
32 58
32 62
32 53
33 64
33 2
33 67
33 7
33 9
33 74
33 76
33 46
33 81
33 20
33 24
33 58
34 43
34 37
35 32
35 36
35 5
35 7
35 73
35 43
35 49
35 18
35 52
35 26
35 60
36 2
36 35
36 68
36 5
36 71
36 41
36 83
36 76
36 66
36 46
36 49
36 3
36 78
36 22
36 37
37 44
37 36
38 33
38 3
38 37
38 70
38 54
38 9
38 11
38 86
38 55
38 24
38 27
38 30
38 63
39 42
39 10
39 18
40 32
40 65
40 40
40 9
40 42
40 11
40 49
40 84
40 22
40 58
40 74
41 0
41 32
41 37
41 70
41 74
41 76
41 16
41 17
41 22
41 56
41 57
41 58
41 27
42 2
42 35
42 70
42 7
42 10
42 46
42 79
42 18
42 22
42 57
42 27
42 74
43 8
43 24
44 83
44 67
44 68
44 5
44 6
44 44
44 49
44 18
44 19
44 53
44 26
44 38
44 70
44 58
44 37
45 68
45 7
45 73
45 11
45 76
45 18
45 82
45 23
45 36
45 26
45 59
45 60
45 31
46 43
46 4
46 69
46 6
46 39
46 10
46 11
46 78
46 47
46 59
46 82
46 52
46 74
46 27
46 61
47 81
47 45
47 78
47 17
48 64
48 0
48 67
48 8
48 9
48 74
48 77
48 81
48 35
48 20
48 41
48 40
48 29
49 3
49 4
49 7
49 41
49 74
49 11
49 12
49 78
49 79
49 76
49 43
49 35
49 84
49 28
49 61
50 66
50 35
50 6
50 42
50 44
50 45
50 78
50 15
50 18
50 20
50 58
50 63
51 85
52 1
52 2
52 5
52 71
52 9
52 42
52 77
52 86
52 87
52 26
52 61
53 66
53 74
53 44
53 78
53 82
53 20
53 85
53 55
55 64
55 2
55 35
55 4
55 8
55 41
55 76
55 45
55 46
55 77
55 18
55 83
55 22
55 68
55 59
55 30
56 6
56 70
56 40
56 11
56 21
56 55
57 0
57 1
57 34
57 3
57 73
57 42
57 12
57 16
57 76
57 18
57 86
57 56
57 25
57 27
57 61
57 31
58 24
58 67
59 67
59 5
60 35
60 68
60 37
60 6
60 74
60 77
60 15
60 49
60 79
61 32
61 2
61 36
61 72
61 43
61 78
61 15
61 84
61 22
61 56
61 58
61 47
61 30
61 63
62 64
62 32
62 2
62 4
62 37
62 8
62 11
62 44
62 78
62 84
62 23
62 56
62 52
62 60
63 32
63 34
63 68
63 75
63 57
63 27
63 60
64 4
64 7
64 9
64 43
64 78
64 48
64 20
64 63
64 41
64 56
64 52
64 27
64 31
65 2
65 3
65 4
65 7
65 41
65 71
65 66
65 83
65 85
65 73
65 25
65 26
65 63
65 30
65 36
66 0
66 32
66 3
66 7
66 15
66 17
66 18
66 63
67 0
67 32
67 2
67 38
67 70
67 7
67 11
67 44
67 15
67 49
67 55
68 2
68 69
68 70
68 81
68 8
68 41
68 39
68 77
68 78
68 80
68 17
68 49
68 37
69 64
69 34
69 68
69 54
69 38
69 10
69 45
69 47
69 48
69 56
69 22
69 24
69 36
69 42
70 35
70 69
70 70
70 39
70 8
70 73
70 44
70 45
70 61
70 18
70 58
70 52
70 26
70 27
70 29
71 32
71 35
71 70
71 7
71 72
71 74
71 76
71 46
71 15
71 49
71 83
71 78
71 54
71 85
71 30
71 31
72 32
72 84
72 87
73 2
73 75
73 5
73 74
73 11
73 78
73 48
73 55
73 10
73 30
74 32
74 65
75 71
75 40
75 73
75 11
75 12
75 78
75 79
75 81
75 46
75 87
75 39
75 44
75 31
76 2
76 67
76 5
76 7
76 9
76 78
76 79
76 82
76 53
76 73
76 55
76 24
76 27
76 29
76 30
76 37
77 0
77 32
77 66
77 33
77 74
77 76
77 13
77 45
77 55
77 56
77 57
77 58
77 42
77 31
78 75
78 44
78 77
78 78
78 79
78 56
78 20
78 22
78 24
78 60
78 31
79 1
79 3
79 9
79 74
79 11
79 15
79 48
79 18
79 85
79 56
79 59
79 60
79 30
80 38
81 35
81 84
81 13
82 34
82 3
82 81
82 40
82 73
82 13
82 47
82 72
82 83
82 86
82 55
82 25
82 58
82 59
82 61
82 31
83 8
83 72
83 11
83 85
84 2
84 35
84 82
84 38
84 72
84 9
84 45
84 34
84 79
84 81
84 18
84 54
84 87
85 32
85 59
85 72
85 10
85 78
85 15
85 48
85 87
85 56
85 57
85 58
85 27
85 74
86 66
86 67
86 6
86 7
86 73
86 43
86 34
86 15
86 48
86 53
86 45
86 60
86 61
87 64
87 3
87 54
87 44
87 11
87 43
87 45
87 79
87 81
87 20
87 85
87 86
87 56
87 21
