88
0 32
0 1
0 2
0 3
0 66
0 38
0 6
0 8
0 9
0 67
0 13
0 64
0 17
0 75
0 51
0 52
0 21
0 26
0 60
0 63
1 1
1 2
1 67
1 38
1 6
1 65
1 8
1 9
1 74
1 66
1 18
1 19
1 63
1 60
1 51
2 64
2 1
2 66
2 3
2 32
2 74
2 2
2 17
2 18
2 26
2 60
4 74
4 6
5 19
5 3
5 29
7 32
7 64
7 2
7 3
7 38
7 6
7 65
7 8
7 67
7 13
7 75
7 19
7 52
7 24
7 26
7 60
7 62
7 63
10 64
10 67
10 9
10 75
10 13
10 17
10 19
10 52
10 21
10 24
10 84
10 26
10 59
10 60
10 29
10 63
12 32
12 51
12 2
12 3
12 6
12 8
12 9
12 74
12 67
12 66
12 64
12 18
12 19
12 52
12 26
12 62
12 63
16 38
18 3
18 8
18 74
18 67
18 84
18 26
18 60
20 51
20 6
21 64
21 51
21 2
21 3
21 38
21 8
21 75
21 67
21 66
21 17
21 18
21 19
21 52
21 84
21 26
21 59
21 62
23 1
23 2
23 67
23 8
23 74
23 66
23 51
23 84
23 21
25 64
25 51
25 2
25 3
25 66
25 6
25 65
25 8
25 9
25 74
25 13
25 17
25 19
25 52
25 21
25 24
25 84
25 26
26 24
26 74
26 29
26 38
26 63
27 64
27 1
27 2
27 3
27 6
27 65
27 8
27 9
27 74
27 67
27 17
27 19
27 52
27 21
27 24
27 63
29 64
29 65
29 66
29 32
29 9
29 52
29 24
29 26
29 60
30 51
30 3
30 60
30 63
31 32
31 2
31 3
31 38
31 8
31 13
31 67
31 24
31 59
31 60
32 32
32 1
32 66
32 6
32 65
32 8
32 64
32 74
32 18
32 21
32 24
32 26
32 60
32 29
32 62
32 63
33 32
33 1
33 2
33 38
33 8
33 13
33 51
33 84
33 21
33 60
33 63
34 64
34 65
34 3
34 6
34 32
34 74
34 19
34 24
34 59
35 1
35 2
35 3
35 75
35 66
35 17
35 18
35 21
35 60
36 32
36 64
36 2
36 3
36 38
36 8
36 9
36 66
36 17
36 51
36 52
36 21
36 26
36 60
36 29
37 2
37 38
37 75
37 13
37 17
37 21
37 26
37 59
37 63
38 32
38 64
38 2
38 67
38 38
38 65
38 8
38 9
38 74
38 66
38 51
38 52
38 60
38 29
38 63
39 32
39 64
39 66
39 3
39 6
39 9
39 74
39 75
39 13
39 17
39 18
39 19
39 52
39 21
39 24
39 60
39 29
39 63
40 32
40 1
40 2
40 3
40 6
40 65
40 8
40 9
40 74
40 13
40 17
40 18
40 51
40 52
40 24
40 60
40 62
41 1
41 66
41 3
41 6
41 8
41 74
41 67
41 17
41 75
41 19
41 52
41 24
41 26
41 59
41 51
42 26
42 66
42 19
42 21
42 38
43 64
43 65
43 66
43 67
43 1
43 51
43 32
43 8
43 9
43 17
43 19
43 52
43 24
43 26
44 32
44 1
44 2
44 3
44 66
44 6
44 65
44 8
44 9
44 74
44 67
44 13
44 75
44 18
44 19
44 52
44 21
44 84
44 59
44 60
44 63
45 32
45 1
45 2
45 3
45 38
45 8
45 9
45 74
45 67
45 63
45 19
45 84
45 21
45 24
45 59
45 60
45 51
46 2
46 3
46 6
46 8
46 74
46 17
46 51
46 84
46 21
46 26
47 1
47 66
47 67
47 38
47 9
47 2
47 17
47 52
47 21
47 63
49 64
49 9
49 19
49 21
50 32
50 1
50 2
50 3
50 38
50 6
50 8
50 9
50 74
50 75
50 66
50 64
50 51
50 21
50 26
50 60
50 63
51 65
51 66
51 38
51 52
51 21
51 24
51 60
51 29
52 64
52 1
52 66
52 9
52 13
52 19
52 21
52 60
52 62
53 32
53 64
53 66
53 74
53 63
54 32
54 1
54 2
54 3
54 66
54 38
54 6
54 65
54 64
54 9
54 75
54 13
54 17
54 18
54 19
54 84
54 21
54 63
54 51
55 32
55 64
55 2
55 67
55 38
55 65
55 8
55 9
55 74
55 75
55 66
55 17
55 19
55 52
55 21
55 24
55 26
55 59
55 62
55 63
56 32
56 51
56 67
56 3
56 38
56 6
56 65
56 8
56 75
56 18
56 19
56 52
56 84
56 26
56 59
56 60
56 62
56 63
57 64
57 2
57 38
57 8
57 9
57 74
57 18
57 51
57 84
57 52
57 63
58 32
58 1
58 2
58 3
58 38
58 6
58 8
58 64
58 74
58 67
58 66
58 17
58 19
58 52
58 21
58 60
58 62
60 64
60 32
60 67
60 6
60 74
60 18
60 19
61 32
61 64
61 2
61 3
61 66
61 38
61 65
61 9
61 74
61 75
61 13
61 17
61 84
61 21
61 24
61 26
61 62
61 63
62 64
62 38
62 6
62 9
62 75
62 19
62 24
62 59
63 64
63 65
63 3
63 38
63 32
63 17
63 19
63 52
63 24
63 63
63 51
65 65
65 66
65 3
65 74
65 67
65 19
65 84
65 21
65 52
65 63
66 32
66 1
66 3
66 6
66 64
66 9
66 74
66 13
66 19
66 52
66 21
66 24
66 26
66 60
66 29
66 63
67 32
67 2
67 38
67 8
67 9
67 18
67 19
67 84
67 26
67 60
67 63
68 32
68 1
68 2
68 67
68 38
68 6
68 8
68 9
68 74
68 17
68 19
68 24
68 59
68 29
68 63
69 64
69 65
69 66
69 67
69 38
69 6
69 8
69 74
69 13
69 19
69 52
69 26
69 59
70 64
70 1
70 2
70 3
70 6
70 65
70 8
70 9
70 74
70 66
70 17
70 18
70 19
70 52
70 24
70 63
70 29
70 51
71 32
71 1
71 2
71 67
71 38
71 8
71 74
71 66
71 17
71 18
71 51
71 52
71 21
71 24
71 84
71 60
71 63
72 1
72 2
72 3
72 38
72 9
72 74
72 67
72 66
72 18
72 19
72 52
72 24
72 84
72 26
72 75
72 60
72 51
73 32
73 2
73 3
73 38
73 6
73 8
73 9
73 74
73 67
73 13
73 17
73 75
73 19
73 24
73 60
73 29
73 63
74 32
74 51
74 66
74 3
74 38
74 8
74 9
74 74
74 67
74 64
74 17
74 18
74 19
74 52
74 75
74 62
74 63
75 64
75 1
75 2
75 67
75 38
75 65
75 9
75 66
75 17
75 18
75 51
75 84
75 21
75 24
75 26
75 59
75 60
75 62
76 32
76 51
76 66
76 38
76 75
76 19
76 84
76 21
76 24
76 52
76 26
76 60
76 29
76 63
77 64
77 8
77 75
77 19
77 24
78 1
78 66
78 3
78 38
78 6
78 65
78 8
78 9
78 75
78 13
78 17
78 18
78 19
78 52
78 21
78 24
78 63
78 60
78 51
79 32
79 51
79 2
79 3
79 38
79 6
79 65
79 8
79 9
79 13
79 19
79 52
79 21
79 84
79 26
79 59
79 60
79 62
79 63
80 32
80 1
80 67
80 3
80 38
80 6
80 8
80 64
80 13
80 18
80 19
80 52
80 21
80 24
80 84
80 26
80 59
80 62
80 63
82 64
82 65
82 2
82 24
82 63
83 64
83 74
85 32
85 1
85 66
85 3
85 8
85 9
85 75
85 64
85 17
85 51
85 84
85 21
85 24
85 29
85 63
86 32
86 51
86 66
86 65
86 8
86 9
86 64
86 19
86 52
86 21
86 24
86 59
86 29
86 62
86 63
87 32
87 64
87 66
87 3
87 38
87 65
87 8
87 74
87 17
87 52
87 21
87 24
87 84
87 60
87 62
