88
0 0
0 1
0 2
0 66
0 6
0 32
0 8
0 39
0 65
0 47
0 49
0 82
0 20
0 86
0 72
0 25
0 60
0 61
0 31
1 1
1 4
1 5
1 8
1 19
1 24
1 26
1 31
1 47
1 49
1 50
1 55
1 61
1 64
1 65
1 66
1 67
1 70
1 71
1 73
1 74
1 75
1 79
1 80
1 82
2 32
2 1
2 67
2 6
2 71
2 8
2 9
2 79
2 72
2 82
2 51
2 86
2 58
2 61
3 1
3 3
3 38
3 8
3 13
3 78
3 56
3 21
3 86
3 55
3 24
3 26
3 59
3 31
5 64
5 2
5 5
5 39
5 73
5 75
5 76
5 78
5 61
5 83
5 26
5 58
6 1
6 5
6 8
6 9
6 24
6 26
6 32
6 33
6 39
6 47
6 49
6 51
6 56
6 59
6 60
6 61
6 64
6 65
6 70
6 71
6 72
6 75
6 78
6 79
6 84
8 33
8 82
8 67
8 73
9 64
9 65
9 67
9 73
9 47
9 50
9 60
10 0
10 1
10 2
10 3
10 6
10 33
10 64
10 73
10 71
10 61
10 78
10 47
10 49
10 35
10 21
10 55
10 56
10 26
10 79
10 58
13 0
13 1
13 2
13 4
13 5
13 9
13 15
13 19
13 25
13 26
13 33
13 35
13 47
13 49
13 51
13 59
13 61
13 64
13 65
13 71
13 72
13 73
13 76
13 79
13 82
15 64
15 33
15 2
15 3
15 36
15 38
15 39
15 71
15 47
15 49
15 75
15 67
15 20
15 21
15 25
15 79
15 31
16 33
16 57
16 86
16 71
18 64
18 75
18 6
18 55
19 65
19 1
19 33
19 6
19 71
19 72
19 49
19 82
19 19
19 8
19 24
19 58
20 71
20 73
20 76
20 86
20 59
20 31
21 66
21 58
21 79
22 64
22 1
22 2
22 66
22 5
22 6
22 33
22 72
22 71
22 65
22 15
22 49
22 50
22 51
22 82
22 59
22 60
22 31
23 72
23 9
23 66
23 49
24 64
24 0
24 2
24 38
24 72
24 73
24 75
24 66
24 83
24 55
24 56
24 26
24 51
25 64
25 1
25 2
25 3
25 6
25 33
25 72
25 74
25 75
25 66
25 47
25 49
25 50
25 51
25 20
25 21
25 54
25 24
25 65
26 2
26 3
26 5
26 6
26 8
26 19
26 24
26 25
26 26
26 47
26 51
26 54
26 55
26 56
26 58
26 59
26 60
26 61
26 65
26 66
26 71
26 73
26 74
26 75
26 80
26 86
27 32
27 1
27 34
27 3
27 65
27 8
27 9
27 74
27 78
27 64
27 79
27 80
27 72
27 82
27 21
27 86
27 24
27 59
27 61
28 33
28 66
28 70
28 71
29 32
29 65
29 66
29 8
29 78
29 50
29 86
30 1
30 6
30 8
30 21
30 31
30 32
30 33
30 35
30 39
30 49
30 50
30 51
30 56
30 59
30 64
30 65
30 66
30 67
30 70
30 72
30 73
30 75
30 78
30 79
30 80
30 82
31 0
31 1
31 2
31 65
31 8
31 75
31 79
31 19
31 55
31 25
31 47
31 61
33 65
33 36
33 6
33 1
33 72
33 73
33 75
33 78
33 80
33 8
33 51
33 61
33 31
34 1
34 2
34 67
34 5
34 6
34 65
34 72
34 73
34 47
34 49
34 31
35 66
35 67
35 5
35 70
35 73
35 35
35 56
35 58
35 38
36 64
36 67
36 71
36 8
36 74
36 78
36 19
36 21
36 56
36 59
36 31
37 72
37 60
37 71
38 33
38 66
38 35
38 71
38 72
38 73
38 74
38 79
38 49
38 50
38 21
38 54
38 26
38 59
39 26
39 19
39 76
39 86
39 71
40 32
40 2
40 36
40 5
40 6
40 71
40 8
40 73
40 74
40 66
40 78
40 47
40 49
40 20
40 21
40 58
40 79
40 60
40 61
40 31
41 64
41 65
41 3
41 25
42 3
42 1
42 67
42 58
42 33
42 74
42 75
42 61
42 80
42 49
42 19
42 26
42 29
42 31
43 32
43 33
43 37
43 73
43 13
43 47
43 56
43 60
44 55
46 67
46 6
46 72
46 73
46 49
46 82
46 83
46 24
47 2
47 67
47 38
47 72
47 79
47 82
47 47
47 61
48 1
48 67
48 72
48 73
48 74
48 79
48 8
48 21
48 25
48 47
48 61
48 31
49 33
49 66
49 4
49 8
49 75
49 15
49 80
49 49
49 50
49 19
49 36
49 26
49 47
49 61
49 31
50 64
50 33
50 66
50 67
50 4
50 5
50 6
50 65
50 8
50 73
50 74
50 78
50 15
50 20
50 26
50 47
50 29
51 65
51 1
51 5
51 71
51 73
51 39
51 13
51 78
51 49
51 51
51 21
51 25
52 2
53 8
53 31
53 47
54 0
54 65
54 66
54 5
54 72
54 74
54 2
54 79
54 51
54 55
54 58
54 47
55 32
55 1
55 2
55 3
55 6
55 71
55 75
55 78
55 50
55 19
55 25
56 2
56 4
56 6
56 71
56 72
56 9
56 74
56 82
56 47
56 49
56 50
56 19
56 73
56 55
56 56
56 25
56 26
56 59
56 58
57 51
57 78
57 47
58 33
58 67
58 38
58 72
58 75
58 78
58 84
58 86
58 25
58 58
58 61
59 64
59 33
59 66
59 35
59 4
59 70
59 65
59 8
59 71
59 13
59 78
59 72
59 75
59 21
59 55
59 26
59 60
59 61
60 56
60 66
60 20
60 6
61 1
61 66
61 67
61 6
61 33
61 72
61 74
61 75
61 50
61 20
61 55
61 24
61 58
61 65
61 31
62 1
62 31
62 6
62 55
63 66
63 50
63 5
63 86
64 25
64 75
64 21
64 47
65 33
65 1
65 9
65 21
65 60
65 31
66 0
66 2
66 3
66 8
66 13
66 15
66 19
66 21
66 25
66 26
66 31
66 33
66 47
66 51
66 56
66 59
66 61
66 64
66 65
66 72
66 73
66 74
66 78
66 79
67 0
67 1
67 4
67 5
67 6
67 13
67 24
67 25
67 26
67 31
67 32
67 35
67 36
67 38
67 49
67 51
67 55
67 58
67 64
67 65
67 67
67 71
67 75
67 78
67 82
67 86
68 32
68 33
68 2
68 67
68 36
68 86
68 6
68 39
68 79
68 75
68 66
68 78
68 47
68 82
68 54
68 56
68 25
68 58
68 59
68 60
68 65
69 49
69 70
70 51
70 54
70 6
71 47
72 19
72 75
72 3
72 29
73 64
73 80
73 67
73 61
76 64
76 32
76 33
76 8
76 76
76 13
76 47
76 61
76 31
77 6
77 71
77 73
77 75
77 61
77 47
77 49
77 50
77 19
77 21
77 24
77 29
78 32
78 33
78 66
78 38
78 8
78 9
78 75
78 82
78 60
78 49
78 50
78 19
78 73
78 56
78 79
78 51
78 31
79 4
79 5
79 6
79 39
79 8
79 76
79 49
79 21
79 56
79 24
79 36
79 26
79 38
79 58
79 72
79 31
82 0
82 1
82 2
82 4
82 5
82 21
82 24
82 25
82 29
82 32
82 36
82 38
82 50
82 55
82 60
82 61
82 64
82 65
82 66
82 71
82 72
82 73
82 74
82 75
82 76
82 79
83 1
83 35
83 38
83 39
83 8
83 74
83 71
83 79
83 49
83 50
83 86
83 26
83 75
83 60
83 61
83 31
84 32
85 72
85 66
85 70
85 6
86 32
86 1
86 2
86 4
86 38
86 71
86 8
86 64
86 66
86 47
86 80
86 72
86 50
86 20
86 55
86 56
86 57
86 58
86 29
87 32
87 33
87 66
87 67
87 6
87 65
87 8
87 64
87 47
87 72
87 50
87 54
87 55
87 58
87 79
87 60
