88
0 1
0 2
0 5
0 33
0 44
0 11
0 12
0 13
0 14
0 15
0 18
0 84
0 55
0 45
0 58
0 59
0 69
0 63
1 66
1 36
1 37
1 6
1 63
1 48
1 82
1 85
1 53
1 23
1 56
1 58
1 27
1 69
1 5
2 33
2 66
2 4
2 5
2 6
2 41
2 12
2 78
2 80
2 20
2 52
2 26
2 58
2 63
3 1
3 83
3 37
3 7
3 75
3 19
3 53
3 26
4 32
4 65
4 4
4 40
4 45
4 77
4 54
5 32
5 66
5 38
5 6
5 7
5 8
5 73
5 14
5 15
5 51
5 52
5 55
5 56
5 58
5 62
6 1
6 2
6 35
6 4
6 5
6 6
6 65
6 72
6 41
6 71
6 76
6 14
6 80
6 49
6 84
6 55
6 25
6 26
6 58
6 69
7 49
7 69
7 70
7 63
8 56
8 25
8 11
8 20
8 31
9 37
9 6
9 71
9 82
9 87
9 70
10 51
10 66
10 4
10 5
10 8
10 10
10 75
10 49
10 19
10 20
10 85
10 56
10 29
10 53
11 59
11 70
11 71
11 79
11 52
11 58
11 27
12 59
12 5
12 41
12 12
12 58
12 27
13 34
13 68
13 5
13 6
13 77
13 78
13 13
13 49
13 19
13 21
13 25
13 60
13 30
13 37
14 65
14 69
14 7
14 10
14 11
14 77
14 15
15 1
15 35
15 37
15 6
15 12
15 15
15 18
15 27
16 59
16 20
16 14
17 0
17 73
17 66
17 12
17 56
18 37
18 6
18 14
18 15
18 49
18 51
18 52
18 85
18 69
19 20
19 76
19 5
19 78
19 7
20 33
20 5
20 6
20 74
20 22
20 55
20 27
20 63
21 51
21 68
21 5
21 70
21 81
21 9
21 11
21 12
21 47
21 80
21 49
21 82
21 19
21 84
21 53
21 41
21 26
21 61
21 69
21 63
22 56
22 12
22 58
22 51
22 4
23 64
23 36
23 69
23 71
23 13
23 15
23 20
23 86
23 29
24 51
24 84
24 5
24 6
24 37
25 5
25 7
25 10
25 12
25 18
25 19
25 20
25 22
25 26
25 27
25 28
25 34
25 38
25 42
25 49
25 50
25 51
25 52
25 53
25 58
25 59
25 67
25 77
25 79
25 83
26 32
26 69
26 14
26 47
26 53
26 85
26 56
26 29
26 5
27 1
27 79
27 85
27 7
28 67
28 4
28 7
28 9
28 74
28 39
28 12
28 15
28 19
28 20
28 41
28 56
28 71
28 60
28 63
29 2
29 8
29 17
29 18
29 20
29 22
29 41
29 43
29 48
29 49
29 51
29 52
29 54
29 58
29 60
29 62
29 63
29 65
29 71
29 72
29 73
29 76
29 77
30 37
30 6
30 13
30 77
30 87
30 59
30 5
31 2
31 4
31 37
31 70
31 7
31 74
31 15
31 49
31 22
31 55
31 56
31 26
31 27
32 32
32 35
32 37
32 77
32 15
32 49
32 3
32 56
33 64
33 3
33 86
33 40
33 41
33 11
33 76
33 47
33 49
33 22
33 58
33 59
33 37
33 69
34 37
34 7
34 10
34 82
34 23
34 59
34 28
35 6
35 8
35 9
35 11
35 12
35 13
35 14
35 15
35 18
35 20
35 23
35 25
35 26
35 27
35 34
35 37
35 46
35 53
35 56
35 57
35 63
35 70
35 76
35 81
35 85
35 86
36 79
37 80
38 2
38 67
38 69
38 7
38 76
38 45
38 50
38 49
38 18
38 19
38 20
38 85
38 27
39 32
39 65
39 66
39 5
39 7
39 10
39 75
39 14
39 15
39 80
39 56
39 53
39 55
39 24
39 59
39 28
39 69
39 37
40 85
41 65
41 22
42 64
42 38
42 8
42 73
42 15
42 52
42 61
42 30
43 5
43 6
43 7
43 9
43 12
43 13
43 17
43 18
43 23
43 24
43 27
43 31
43 35
43 41
43 42
43 45
43 49
43 50
43 51
43 52
43 53
43 64
43 69
43 79
43 85
43 87
44 33
45 26
45 53
45 20
45 37
45 85
46 48
46 57
46 20
46 29
46 63
47 1
47 70
47 59
47 4
47 5
47 6
47 33
47 8
47 71
47 45
47 14
47 77
47 48
47 82
47 19
47 84
47 55
47 25
47 27
47 65
47 37
48 35
48 43
48 12
48 14
48 19
48 26
48 27
48 58
49 83
49 67
49 36
49 37
49 40
49 11
49 76
49 78
49 80
49 18
49 19
49 20
49 53
49 22
49 56
49 59
49 63
50 32
50 68
50 69
50 7
50 40
50 9
50 10
50 12
50 78
50 15
50 49
50 50
50 79
50 52
50 22
50 24
50 72
50 58
50 27
50 74
51 83
51 68
51 69
51 8
51 41
51 11
51 44
51 78
51 15
51 49
51 51
51 24
51 59
51 5
52 37
52 8
52 14
52 79
52 56
52 26
52 5
53 66
53 5
53 73
53 11
53 12
53 82
53 27
54 32
55 37
56 69
56 6
56 7
56 40
56 42
56 11
56 44
56 14
56 15
56 18
56 19
56 53
57 19
58 40
58 49
58 19
59 59
59 5
59 38
59 8
59 9
59 42
59 12
59 13
59 14
59 15
59 56
59 19
59 46
59 72
59 24
59 57
59 58
59 27
59 61
59 69
59 63
60 51
60 43
60 37
60 7
60 8
60 9
60 75
60 15
60 49
60 18
60 19
60 20
60 85
60 47
61 1
61 6
61 33
61 11
61 80
61 81
61 19
61 53
61 25
61 63
62 10
63 18
64 66
64 7
64 10
64 45
64 13
64 15
64 52
64 59
64 29
65 75
65 5
65 6
65 8
65 11
65 76
65 45
65 82
65 19
65 20
65 53
65 27
65 70
65 85
65 69
66 2
66 67
66 5
66 6
66 8
66 11
66 12
66 15
66 20
66 54
66 23
66 56
66 69
67 65
67 50
67 20
67 6
67 49
68 68
68 74
68 17
68 85
68 59
68 61
69 37
69 6
69 13
69 49
69 56
69 5
69 69
70 27
70 11
70 15
70 49
70 83
70 59
71 2
71 7
71 8
71 43
71 78
71 18
71 21
72 11
72 13
72 14
72 56
72 19
72 85
72 24
72 59
73 65
73 67
73 6
73 12
73 19
73 85
73 23
73 56
74 1
74 3
74 5
74 6
74 7
74 9
74 13
74 15
74 18
74 83
74 20
74 53
74 86
74 73
74 59
74 65
74 69
74 63
75 0
75 3
75 6
75 12
75 13
75 15
75 20
75 22
75 27
75 37
75 40
75 44
75 56
75 64
75 66
75 69
75 70
75 73
75 74
75 76
75 77
75 80
75 81
75 84
76 33
76 2
76 36
76 37
76 70
76 7
76 13
76 78
76 51
76 24
76 27
76 63
77 1
77 11
77 12
77 13
77 14
77 15
77 18
77 24
77 25
77 39
77 45
77 49
77 55
77 58
77 59
77 61
77 62
77 67
77 69
77 77
77 82
77 84
77 86
78 68
78 6
78 76
78 56
78 18
78 51
78 24
79 33
79 66
79 6
79 72
79 41
79 12
79 13
79 81
79 18
79 85
79 25
79 27
79 60
80 39
80 72
80 71
80 14
80 15
80 8
80 87
80 60
80 63
81 0
81 1
81 69
81 6
81 7
81 8
81 44
81 82
81 19
81 85
81 54
81 59
81 53
81 51
82 64
82 33
82 6
82 71
82 79
82 49
82 50
82 19
82 21
82 22
82 55
82 57
82 58
82 85
82 51
83 64
83 5
83 71
83 19
83 20
83 55
83 57
83 58
83 69
84 72
84 9
84 11
84 79
84 18
84 21
85 80
85 60
85 12
85 7
86 37
86 61
86 27
86 5
86 7
87 65
87 69
87 8
87 9
87 12
87 72
87 18
87 58
87 27
