88
0 2
0 6
0 8
0 11
0 13
0 22
0 24
0 26
0 27
0 32
0 33
0 35
0 36
0 37
0 38
0 40
0 41
0 43
0 47
0 49
0 50
0 51
0 52
0 53
0 57
0 58
0 59
0 60
0 61
0 63
0 65
0 66
0 67
0 69
0 70
0 73
0 74
0 77
0 78
0 79
0 81
0 84
0 85
0 87
1 2
1 6
1 13
1 21
1 22
1 24
1 26
1 27
1 30
1 36
1 38
1 39
1 42
1 43
1 49
1 50
1 52
1 53
1 54
1 61
1 64
1 66
1 67
1 68
1 71
1 72
1 73
1 74
1 75
1 78
1 81
1 84
1 85
1 86
5 4
5 6
5 8
5 11
5 13
5 20
5 21
5 22
5 23
5 24
5 26
5 27
5 29
5 31
5 32
5 33
5 34
5 35
5 36
5 37
5 38
5 39
5 40
5 41
5 42
5 43
5 44
5 46
5 47
5 48
5 51
5 52
5 53
5 54
5 57
5 58
5 61
5 64
5 65
5 66
5 67
5 68
5 69
5 70
5 71
5 72
5 73
5 74
5 75
5 76
5 77
5 78
5 80
5 81
5 84
5 85
5 86
5 87
7 46
8 0
8 2
8 5
8 6
8 8
8 10
8 11
8 13
8 14
8 20
8 22
8 23
8 24
8 26
8 27
8 30
8 31
8 32
8 33
8 35
8 36
8 37
8 40
8 41
8 43
8 44
8 47
8 48
8 49
8 50
8 52
8 53
8 54
8 57
8 58
8 60
8 62
8 63
8 64
8 65
8 66
8 68
8 69
8 70
8 71
8 73
8 74
8 75
8 77
8 78
8 79
8 81
8 83
8 84
8 85
8 86
8 87
11 0
11 3
11 6
11 10
11 11
11 13
11 22
11 23
11 24
11 25
11 27
11 30
11 31
11 32
11 33
11 35
11 37
11 38
11 39
11 40
11 41
11 42
11 43
11 44
11 46
11 47
11 48
11 49
11 50
11 51
11 52
11 53
11 54
11 55
11 56
11 60
11 61
11 63
11 64
11 65
11 66
11 67
11 68
11 70
11 71
11 72
11 73
11 74
11 75
11 76
11 78
11 81
11 83
11 84
11 85
11 86
11 87
16 2
16 3
16 4
16 5
16 6
16 8
16 11
16 13
16 20
16 23
16 25
16 26
16 27
16 30
16 31
16 34
16 35
16 36
16 37
16 38
16 39
16 40
16 41
16 42
16 43
16 44
16 46
16 47
16 49
16 50
16 51
16 52
16 53
16 54
16 55
16 56
16 57
16 58
16 60
16 61
16 62
16 64
16 65
16 66
16 67
16 68
16 69
16 70
16 71
16 72
16 73
16 74
16 75
16 78
16 81
16 84
16 85
16 86
16 87
18 2
18 3
18 36
18 49
18 72
18 41
18 42
18 34
18 81
18 21
18 23
18 59
22 2
22 6
22 22
22 23
22 24
22 27
22 31
22 32
22 33
22 34
22 35
22 36
22 37
22 39
22 40
22 42
22 43
22 46
22 47
22 49
22 50
22 54
22 56
22 57
22 59
22 60
22 62
22 64
22 65
22 66
22 67
22 68
22 69
22 70
22 72
22 73
22 74
22 75
22 81
22 84
22 85
22 86
22 87
28 0
28 2
28 3
28 6
28 11
28 13
28 20
28 24
28 25
28 33
28 34
28 35
28 36
28 37
28 40
28 41
28 42
28 44
28 47
28 49
28 50
28 52
28 53
28 54
28 60
28 62
28 63
28 64
28 65
28 66
28 68
28 70
28 72
28 73
28 74
28 81
28 84
28 86
28 87
29 2
29 4
29 6
29 13
29 22
29 26
29 27
29 30
29 31
29 38
29 39
29 42
29 43
29 44
29 47
29 49
29 57
29 60
29 62
29 70
29 74
29 79
29 81
29 85
29 87
35 2
35 4
35 13
35 22
35 23
35 25
35 26
35 31
35 33
35 36
35 37
35 38
35 39
35 40
35 42
35 43
35 44
35 47
35 49
35 52
35 53
35 55
35 56
35 57
35 60
35 62
35 65
35 66
35 67
35 69
35 72
35 73
35 74
35 75
35 81
35 84
35 86
35 87
45 0
45 2
45 3
45 4
45 5
45 10
45 11
45 22
45 23
45 24
45 26
45 27
45 31
45 33
45 35
45 36
45 37
45 39
45 40
45 41
45 42
45 43
45 48
45 49
45 50
45 52
45 53
45 57
45 60
45 61
45 62
45 64
45 65
45 66
45 67
45 68
45 69
45 72
45 73
45 74
45 78
45 79
45 81
45 84
45 85
45 86
45 87
48 2
48 4
48 6
48 11
48 13
48 14
48 20
48 22
48 23
48 24
48 26
48 27
48 30
48 31
48 33
48 35
48 36
48 37
48 38
48 39
48 40
48 41
48 44
48 46
48 48
48 49
48 52
48 53
48 54
48 57
48 60
48 61
48 62
48 64
48 65
48 66
48 67
48 68
48 69
48 70
48 71
48 72
48 73
48 74
48 75
48 77
48 81
48 84
48 85
48 86
48 87
49 2
49 6
49 11
49 13
49 14
49 21
49 22
49 23
49 26
49 27
49 32
49 34
49 36
49 39
49 42
49 43
49 44
49 47
49 48
49 49
49 53
49 54
49 56
49 57
49 59
49 61
49 62
49 63
49 64
49 65
49 66
49 67
49 68
49 71
49 72
49 74
49 78
49 79
49 85
49 86
49 87
54 0
54 3
54 4
54 6
54 8
54 13
54 20
54 22
54 23
54 26
54 27
54 31
54 33
54 34
54 35
54 36
54 37
54 38
54 39
54 40
54 43
54 47
54 48
54 50
54 52
54 53
54 54
54 56
54 57
54 60
54 61
54 62
54 65
54 66
54 67
54 68
54 69
54 70
54 71
54 72
54 74
54 75
54 77
54 78
54 79
54 85
54 86
54 87
68 2
68 3
68 6
68 8
68 11
68 13
68 22
68 23
68 24
68 25
68 26
68 27
68 30
68 31
68 34
68 35
68 36
68 37
68 40
68 41
68 42
68 43
68 46
68 48
68 52
68 53
68 54
68 56
68 57
68 58
68 60
68 61
68 62
68 63
68 64
68 65
68 66
68 67
68 71
68 72
68 73
68 74
68 76
68 79
68 81
68 84
68 85
68 86
68 87
82 4
82 23
82 24
82 26
82 27
82 31
82 32
82 34
82 35
82 38
82 39
82 40
82 42
82 43
82 47
82 50
82 52
82 54
82 56
82 57
82 62
82 64
82 65
82 66
82 67
82 68
82 69
82 70
82 71
82 72
82 73
82 75
83 0
83 2
83 4
83 6
83 13
83 22
83 23
83 24
83 26
83 27
83 30
83 31
83 34
83 36
83 37
83 38
83 40
83 42
83 43
83 49
83 50
83 52
83 53
83 54
83 62
83 63
83 64
83 65
83 67
83 73
83 81
83 84
84 0
84 2
84 3
84 4
84 5
84 6
84 8
84 10
84 11
84 13
84 20
84 21
84 24
84 26
84 27
84 29
84 31
84 32
84 33
84 34
84 36
84 37
84 38
84 39
84 40
84 42
84 44
84 46
84 47
84 49
84 52
84 53
84 54
84 55
84 56
84 58
84 60
84 61
84 62
84 63
84 64
84 66
84 67
84 69
84 70
84 72
84 73
84 74
84 75
84 76
84 79
84 81
84 83
84 84
84 85
84 86
84 87
85 0
85 2
85 3
85 6
85 10
85 11
85 13
85 14
85 16
85 20
85 22
85 23
85 24
85 26
85 30
85 31
85 32
85 33
85 34
85 35
85 37
85 39
85 40
85 41
85 42
85 44
85 47
85 48
85 49
85 50
85 52
85 56
85 57
85 58
85 59
85 60
85 61
85 62
85 64
85 65
85 67
85 68
85 69
85 70
85 71
85 72
85 73
85 74
85 75
85 76
85 77
85 81
85 83
85 84
85 86
85 87
