88
1 0
1 32
1 69
1 38
1 7
1 8
1 11
1 12
1 80
1 81
1 18
1 52
1 22
1 25
2 32
2 69
2 38
2 71
2 11
2 80
2 52
2 22
2 7
2 25
4 0
4 69
4 8
4 11
4 12
4 80
4 22
4 25
4 60
5 0
5 64
5 3
5 69
5 38
5 7
5 8
5 71
5 12
5 14
5 80
5 52
5 60
9 0
9 32
9 69
9 7
9 8
9 18
9 52
9 22
9 25
9 60
10 0
10 32
10 3
10 69
10 38
10 7
10 8
10 64
10 11
10 12
10 77
10 14
10 80
10 81
10 52
10 22
10 23
10 25
10 71
10 60
10 84
13 0
13 3
13 7
13 8
13 11
13 12
13 14
13 18
13 19
13 22
13 23
13 24
13 25
13 38
13 43
13 52
13 60
13 69
13 71
13 77
13 80
13 84
17 0
17 69
17 7
17 52
17 22
17 25
25 0
25 64
25 69
25 38
25 7
25 8
25 80
25 11
25 12
25 77
25 14
25 16
25 81
25 52
25 22
25 84
25 71
25 60
26 0
26 32
26 69
26 71
26 8
26 11
26 12
26 77
26 18
26 22
26 24
26 25
26 60
27 0
27 7
27 8
27 11
27 12
27 14
27 16
27 18
27 19
27 22
27 24
27 25
27 32
27 38
27 52
27 60
27 64
27 69
27 71
27 80
27 81
27 84
28 0
28 38
28 71
28 7
28 22
28 60
29 64
29 69
29 38
29 7
29 14
29 80
29 18
29 52
29 22
29 60
30 69
30 7
30 11
30 80
30 18
30 52
30 22
30 25
30 71
30 60
31 0
31 69
31 38
31 7
31 8
31 11
31 84
31 22
31 25
31 52
33 0
33 64
33 3
33 69
33 38
33 7
33 8
33 11
33 12
33 14
33 80
33 52
33 22
33 24
33 25
33 71
33 60
33 84
34 0
34 69
34 71
34 8
34 11
34 80
34 81
34 52
34 22
34 7
34 25
34 60
35 84
35 3
35 69
35 38
35 71
35 8
35 11
35 12
35 77
35 80
35 18
35 19
35 52
35 22
35 24
35 25
35 60
36 0
36 32
36 69
36 38
36 7
36 8
36 11
36 80
36 81
36 52
36 22
36 25
36 60
37 0
37 38
37 7
37 80
37 52
37 22
38 0
38 64
38 3
38 69
38 38
38 7
38 8
38 11
38 12
38 77
38 80
38 43
38 18
38 19
38 52
38 22
38 24
38 25
38 71
38 60
38 84
39 25
39 22
39 52
39 69
39 38
40 0
40 3
40 69
40 7
40 8
40 11
40 14
40 18
40 52
40 22
40 24
40 25
40 71
41 0
41 3
41 7
41 8
41 11
41 12
41 14
41 19
41 22
41 23
41 24
41 25
41 38
41 43
41 52
41 60
41 64
41 71
41 77
41 80
41 81
41 84
42 0
42 3
42 7
42 8
42 11
42 14
42 18
42 19
42 22
42 24
42 25
42 32
42 38
42 43
42 52
42 64
42 69
42 71
42 77
42 80
42 81
42 84
44 64
44 69
44 38
44 7
44 8
44 11
44 12
44 14
44 80
44 81
44 52
44 22
44 24
45 0
45 3
45 7
45 8
45 11
45 12
45 15
45 16
45 18
45 19
45 22
45 25
45 32
45 38
45 43
45 52
45 60
45 69
45 71
45 80
45 81
45 84
46 0
46 64
46 3
46 69
46 38
46 7
46 11
46 77
46 14
46 80
46 81
46 18
46 19
46 52
46 22
46 24
46 25
46 71
46 60
46 84
47 0
47 3
47 7
47 8
47 11
47 12
47 14
47 16
47 18
47 19
47 22
47 23
47 24
47 25
47 32
47 38
47 52
47 60
47 69
47 71
47 77
47 80
47 84
48 0
48 3
48 7
48 8
48 11
48 14
48 18
48 19
48 22
48 23
48 24
48 25
48 38
48 43
48 52
48 60
48 64
48 69
48 71
48 77
48 80
48 84
49 0
49 38
49 43
49 80
49 22
49 60
50 0
50 32
50 3
50 38
50 7
50 8
50 64
50 11
50 12
50 77
50 14
50 81
50 18
50 19
50 52
50 22
50 24
50 25
50 71
50 60
50 84
51 0
51 32
51 80
51 69
51 38
51 7
51 8
51 64
51 71
51 12
51 14
51 16
51 81
51 52
51 22
51 23
51 24
51 25
51 60
51 84
53 80
53 52
53 69
54 64
54 69
54 38
54 52
54 22
54 60
55 69
55 38
55 71
55 7
55 81
55 84
55 22
55 25
56 0
56 32
56 3
56 69
56 38
56 7
56 8
56 64
56 11
56 14
56 80
56 52
56 22
56 24
56 25
56 71
56 60
56 84
57 0
57 64
57 69
57 38
57 7
57 8
57 14
57 80
57 81
57 22
57 24
57 25
57 60
58 32
58 71
58 7
58 14
58 22
58 25
59 0
59 32
59 3
59 69
59 38
59 7
59 8
59 64
59 11
59 12
59 77
59 14
59 80
59 18
59 52
59 22
59 24
59 25
59 60
59 84
61 0
61 3
61 7
61 8
61 11
61 12
61 14
61 18
61 19
61 22
61 24
61 25
61 32
61 38
61 43
61 60
61 64
61 69
61 71
61 77
61 80
61 84
62 0
62 32
62 3
62 69
62 38
62 7
62 8
62 64
62 11
62 12
62 14
62 15
62 80
62 81
62 18
62 52
62 22
62 24
62 25
62 71
63 0
63 32
63 43
63 69
63 38
63 7
63 8
63 11
63 12
63 77
63 14
63 80
63 81
63 19
63 52
63 22
63 24
63 25
63 71
63 60
63 84
65 64
65 69
65 38
65 11
65 80
65 52
65 22
68 0
68 3
68 7
68 8
68 11
68 14
68 16
68 18
68 19
68 22
68 24
68 25
68 38
68 43
68 52
68 60
68 64
68 69
68 71
68 80
68 81
68 84
70 0
70 3
70 7
70 8
70 11
70 12
70 14
70 16
70 22
70 24
70 25
70 32
70 38
70 43
70 52
70 60
70 64
70 71
70 77
70 80
70 81
70 84
72 0
72 3
72 7
72 8
72 11
72 12
72 14
72 19
72 22
72 24
72 25
72 38
72 43
72 52
72 60
72 64
72 69
72 71
72 77
72 80
72 83
72 84
73 0
73 3
73 7
73 8
73 11
73 12
73 15
73 16
73 18
73 19
73 22
73 25
73 38
73 52
73 64
73 69
73 71
73 77
73 80
73 81
73 83
73 84
74 0
74 32
74 3
74 69
74 38
74 7
74 8
74 64
74 11
74 12
74 14
74 80
74 43
74 18
74 19
74 52
74 22
74 23
74 25
74 71
74 81
75 0
75 64
75 7
75 8
75 71
75 77
75 80
75 84
75 22
75 24
75 25
75 60
75 52
76 0
76 64
76 3
76 32
76 69
76 38
76 7
76 71
76 80
76 18
76 84
76 24
76 25
76 52
78 0
78 3
78 7
78 12
78 14
78 18
78 19
78 22
78 23
78 24
78 25
78 32
78 38
78 43
78 52
78 60
78 69
78 71
78 77
78 80
78 81
78 84
79 0
79 3
79 7
79 8
79 12
79 16
79 18
79 19
79 22
79 25
79 32
79 38
79 43
79 52
79 60
79 64
79 69
79 71
79 80
79 81
79 83
79 84
82 0
82 3
82 7
82 8
82 11
82 12
82 16
82 18
82 19
82 22
82 24
82 25
82 32
82 38
82 43
82 52
82 60
82 64
82 69
82 71
82 80
82 81
86 0
86 32
86 3
86 69
86 38
86 7
86 8
86 64
86 11
86 12
86 77
86 14
86 80
86 43
86 18
86 52
86 24
86 25
86 71
86 60
86 84
87 0
87 3
87 7
87 8
87 11
87 12
87 14
87 19
87 22
87 23
87 24
87 25
87 32
87 38
87 43
87 52
87 60
87 64
87 71
87 77
87 80
87 81
87 84
