88
1 0
1 64
1 70
1 67
1 4
1 37
1 6
1 72
1 47
1 13
1 63
1 15
1 80
1 56
1 18
1 23
1 24
1 25
1 27
1 36
1 31
2 0
2 64
2 70
2 59
2 4
2 37
2 6
2 72
2 47
2 13
2 15
2 80
2 56
2 18
2 67
2 23
2 24
2 25
2 27
2 36
2 31
3 0
3 4
3 6
3 13
3 15
3 18
3 23
3 24
3 25
3 27
3 31
3 36
3 37
3 47
3 56
3 59
3 63
3 64
3 67
3 70
3 72
3 80
5 0
5 64
5 70
5 67
5 4
5 37
5 6
5 72
5 47
5 13
5 63
5 15
5 80
5 56
5 18
5 23
5 24
5 25
5 27
5 36
5 31
6 0
6 64
6 70
6 4
6 37
6 6
6 72
6 47
6 13
6 63
6 15
6 80
6 56
6 18
6 23
6 24
6 25
6 27
6 36
6 31
7 0
7 64
7 70
7 67
7 4
7 37
7 6
7 72
7 47
7 13
7 63
7 15
7 80
7 56
7 18
7 23
7 24
7 25
7 27
7 36
7 31
8 0
8 64
8 70
8 67
8 4
8 37
8 6
8 72
8 47
8 13
8 63
8 15
8 80
8 56
8 18
8 23
8 24
8 25
8 27
8 36
8 31
9 0
9 64
9 70
9 67
9 4
9 37
9 6
9 72
9 47
9 13
9 63
9 15
9 80
9 56
9 18
9 23
9 24
9 25
9 27
9 36
9 31
10 0
10 64
10 70
10 4
10 37
10 6
10 72
10 47
10 13
10 15
10 80
10 56
10 18
10 23
10 24
10 25
10 27
10 36
10 31
11 0
11 64
11 70
11 67
11 4
11 37
11 6
11 72
11 47
11 13
11 63
11 15
11 80
11 56
11 18
11 23
11 24
11 25
11 27
11 36
11 31
12 0
12 70
12 59
12 4
12 37
12 6
12 72
12 47
12 13
12 63
12 15
12 80
12 56
12 18
12 23
12 24
12 25
12 27
12 36
12 31
14 0
14 4
14 6
14 70
14 13
14 18
14 24
14 31
16 0
16 64
16 70
16 59
16 4
16 37
16 6
16 72
16 47
16 13
16 63
16 15
16 80
16 56
16 18
16 23
16 24
16 25
16 27
16 36
16 31
20 0
20 4
20 70
20 13
20 80
20 56
20 18
20 24
21 0
21 64
21 70
21 4
21 37
21 6
21 72
21 47
21 13
21 15
21 56
21 18
21 23
21 24
21 25
21 27
21 36
21 31
22 0
22 64
22 70
22 4
22 37
22 6
22 72
22 47
22 13
22 63
22 15
22 80
22 56
22 18
22 23
22 24
22 25
22 27
22 36
22 31
26 0
26 64
26 70
26 59
26 4
26 37
26 6
26 72
26 47
26 13
26 63
26 15
26 80
26 56
26 18
26 23
26 24
26 25
26 27
26 36
26 31
28 0
28 64
28 70
28 59
28 4
28 37
28 6
28 72
28 47
28 13
28 63
28 15
28 80
28 56
28 18
28 23
28 24
28 25
28 27
28 36
28 31
29 0
29 64
29 70
29 67
29 4
29 37
29 6
29 72
29 47
29 13
29 63
29 15
29 80
29 56
29 18
29 23
29 24
29 25
29 27
29 36
29 31
30 0
30 64
30 70
30 59
30 4
30 37
30 6
30 72
30 47
30 13
30 15
30 80
30 56
30 18
30 67
30 23
30 24
30 25
30 27
30 36
30 31
40 0
40 64
40 70
40 59
40 4
40 37
40 6
40 72
40 47
40 13
40 63
40 15
40 80
40 56
40 18
40 23
40 24
40 25
40 27
40 36
40 31
43 0
43 70
43 59
43 4
43 37
43 6
43 72
43 47
43 13
43 63
43 15
43 80
43 56
43 18
43 67
43 23
43 24
43 25
43 27
43 36
43 31
44 0
44 4
44 6
44 13
44 15
44 18
44 23
44 24
44 25
44 27
44 31
44 36
44 37
44 47
44 56
44 59
44 63
44 64
44 67
44 70
44 72
44 80
45 0
45 67
45 4
45 70
45 6
45 72
45 47
45 13
45 15
45 80
45 56
45 18
45 23
45 24
45 36
45 27
45 31
46 0
46 4
46 6
46 13
46 15
46 18
46 23
46 24
46 25
46 27
46 31
46 36
46 37
46 47
46 56
46 59
46 63
46 64
46 67
46 70
46 72
46 80
49 0
49 64
49 70
49 59
49 4
49 37
49 6
49 72
49 47
49 13
49 63
49 15
49 80
49 18
49 67
49 23
49 56
49 25
49 27
49 36
49 31
50 0
50 64
50 70
50 59
50 4
50 37
50 6
50 72
50 47
50 13
50 15
50 80
50 56
50 18
50 67
50 23
50 24
50 25
50 27
50 36
50 31
52 0
52 64
52 70
52 67
52 4
52 37
52 6
52 72
52 47
52 13
52 63
52 15
52 80
52 56
52 18
52 23
52 24
52 25
52 27
52 36
52 31
53 0
53 64
53 70
53 59
53 4
53 37
53 6
53 72
53 47
53 13
53 63
53 15
53 80
53 18
53 67
53 23
53 56
53 25
53 27
53 36
53 31
55 0
55 70
55 59
55 4
55 37
55 6
55 72
55 47
55 13
55 63
55 15
55 80
55 56
55 18
55 67
55 23
55 24
55 25
55 27
55 36
55 31
58 0
58 4
58 6
58 13
58 15
58 18
58 23
58 24
58 25
58 27
58 31
58 36
58 37
58 47
58 56
58 59
58 63
58 64
58 67
58 70
58 72
58 80
60 0
60 64
60 70
60 67
60 4
60 37
60 6
60 72
60 47
60 13
60 63
60 15
60 80
60 56
60 18
60 23
60 24
60 25
60 27
60 36
60 31
61 0
61 70
61 4
61 37
61 6
61 72
61 47
61 13
61 63
61 15
61 80
61 56
61 18
61 23
61 24
61 25
61 27
61 36
61 31
68 0
68 70
68 4
68 37
68 6
68 72
68 47
68 13
68 63
68 15
68 80
68 56
68 18
68 23
68 24
68 25
68 27
68 36
68 31
69 0
69 64
69 70
69 59
69 4
69 37
69 6
69 72
69 47
69 13
69 63
69 15
69 80
69 56
69 18
69 23
69 24
69 25
69 27
69 36
69 31
71 0
71 59
71 4
71 37
71 6
71 72
71 47
71 13
71 15
71 80
71 56
71 18
71 67
71 23
71 24
71 36
71 27
71 70
71 31
73 0
73 64
73 59
73 4
73 37
73 6
73 72
73 47
73 13
73 63
73 15
73 80
73 56
73 18
73 67
73 23
73 24
73 25
73 27
73 70
73 36
76 0
76 64
76 70
76 4
76 37
76 6
76 72
76 47
76 13
76 15
76 80
76 56
76 18
76 23
76 24
76 25
76 27
76 36
76 31
77 0
77 64
77 70
77 67
77 4
77 37
77 6
77 72
77 47
77 13
77 63
77 15
77 80
77 56
77 18
77 23
77 24
77 25
77 27
77 36
77 31
81 0
81 64
81 70
81 4
81 37
81 6
81 72
81 47
81 13
81 15
81 80
81 56
81 18
81 23
81 24
81 25
81 27
81 36
81 31
83 0
83 70
83 67
83 4
83 37
83 6
83 72
83 47
83 13
83 63
83 15
83 80
83 56
83 18
83 23
83 24
83 25
83 27
83 36
83 31
84 0
84 64
84 70
84 59
84 4
84 37
84 6
84 72
84 47
84 13
84 15
84 80
84 56
84 18
84 67
84 23
84 24
84 25
84 27
84 36
84 31
85 56
86 0
86 64
86 70
86 67
86 4
86 37
86 6
86 72
86 47
86 13
86 63
86 15
86 80
86 56
86 18
86 23
86 24
86 25
86 27
86 36
86 31
87 0
87 64
87 70
87 59
87 4
87 37
87 6
87 72
87 47
87 13
87 15
87 80
87 56
87 18
87 67
87 23
87 24
87 25
87 27
87 36
87 31
