88
0 0
0 19
0 2
0 4
0 22
0 6
0 40
0 74
0 13
0 72
0 50
0 51
0 52
0 66
0 86
0 23
0 29
1 0
1 19
1 2
1 4
1 22
1 6
1 40
1 9
1 74
1 13
1 72
1 50
1 51
1 52
1 66
1 86
1 23
1 29
3 0
3 19
3 2
3 4
3 22
3 6
3 40
3 9
3 74
3 13
3 72
3 50
3 51
3 52
3 66
3 86
3 23
3 29
5 0
5 19
5 2
5 4
5 22
5 6
5 40
5 9
5 74
5 13
5 72
5 50
5 51
5 52
5 66
5 86
5 23
5 29
6 0
6 19
6 2
6 4
6 22
6 6
6 40
6 74
6 13
6 72
6 50
6 51
6 52
6 66
6 86
6 23
6 29
7 0
7 19
7 2
7 4
7 22
7 6
7 40
7 74
7 66
7 50
7 51
7 86
7 23
7 29
8 0
8 19
8 2
8 4
8 22
8 6
8 40
8 74
8 13
8 72
8 50
8 51
8 52
8 66
8 86
8 23
8 29
10 0
10 19
10 2
10 4
10 6
10 40
10 9
10 74
10 13
10 72
10 50
10 51
10 52
10 66
10 22
10 23
10 29
11 0
11 19
11 2
11 4
11 22
11 6
11 40
11 9
11 74
11 13
11 72
11 50
11 51
11 52
11 66
11 86
11 23
11 29
12 0
12 19
12 2
12 4
12 22
12 6
12 40
12 74
12 13
12 72
12 50
12 51
12 52
12 66
12 86
12 23
12 29
16 0
16 19
16 2
16 4
16 22
16 6
16 40
16 9
16 74
16 13
16 72
16 50
16 51
16 52
16 66
16 86
16 23
16 29
20 0
20 19
20 2
20 4
20 22
20 6
20 40
20 9
20 74
20 13
20 72
20 50
20 51
20 52
20 66
20 86
20 23
20 29
21 0
21 19
21 2
21 4
21 22
21 6
21 40
21 9
21 74
21 13
21 72
21 50
21 51
21 52
21 66
21 86
21 23
21 29
25 0
25 19
25 2
25 4
25 22
25 6
25 40
25 9
25 74
25 13
25 72
25 50
25 51
25 52
25 66
25 86
25 23
25 29
28 0
28 19
28 2
28 4
28 22
28 6
28 40
28 9
28 74
28 13
28 72
28 50
28 51
28 52
28 66
28 86
28 23
28 29
32 0
32 19
32 2
32 4
32 22
32 6
32 40
32 9
32 74
32 13
32 72
32 50
32 51
32 52
32 66
32 86
32 23
32 29
33 0
33 19
33 2
33 4
33 22
33 6
33 40
33 9
33 74
33 13
33 72
33 50
33 51
33 52
33 66
33 86
33 23
33 29
34 0
34 19
34 2
34 4
34 22
34 6
34 40
34 9
34 74
34 13
34 72
34 50
34 51
34 52
34 66
34 86
34 23
34 29
37 0
37 19
37 2
37 4
37 22
37 6
37 40
37 9
37 74
37 13
37 72
37 50
37 51
37 52
37 66
37 86
37 23
37 29
41 0
41 19
41 2
41 4
41 22
41 6
41 40
41 9
41 74
41 13
41 72
41 50
41 51
41 52
41 66
41 86
41 23
41 29
42 0
42 19
42 2
42 4
42 22
42 6
42 40
42 9
42 74
42 13
42 72
42 50
42 51
42 52
42 66
42 86
42 23
42 29
43 0
43 19
43 2
43 4
43 22
43 6
43 40
43 9
43 74
43 13
43 72
43 50
43 51
43 52
43 66
43 86
43 23
43 29
44 0
44 19
44 2
44 4
44 22
44 6
44 40
44 9
44 74
44 13
44 72
44 50
44 51
44 52
44 66
44 86
44 23
44 29
45 0
45 19
45 2
45 4
45 22
45 6
45 40
45 74
45 13
45 72
45 50
45 51
45 52
45 66
45 86
45 23
45 29
46 0
46 19
46 2
46 4
46 22
46 6
46 40
46 9
46 74
46 13
46 72
46 50
46 51
46 52
46 66
46 86
46 23
46 29
47 0
47 19
47 2
47 4
47 22
47 6
47 40
47 9
47 74
47 13
47 72
47 50
47 51
47 52
47 66
47 86
47 23
47 29
48 0
48 19
48 2
48 4
48 22
48 6
48 40
48 9
48 74
48 13
48 72
48 50
48 51
48 52
48 66
48 86
48 23
48 29
49 0
49 19
49 2
49 4
49 22
49 6
49 40
49 9
49 74
49 13
49 72
49 50
49 51
49 52
49 66
49 86
49 23
49 29
53 0
53 19
53 2
53 4
53 22
53 6
53 40
53 9
53 74
53 13
53 72
53 50
53 51
53 52
53 66
53 86
53 23
53 29
54 0
54 19
54 2
54 4
54 22
54 6
54 40
54 9
54 74
54 13
54 72
54 50
54 51
54 52
54 66
54 86
54 23
54 29
55 0
55 19
55 2
55 4
55 22
55 6
55 40
55 9
55 74
55 13
55 72
55 50
55 51
55 52
55 66
55 86
55 23
55 29
56 0
56 19
56 2
56 4
56 22
56 6
56 40
56 9
56 74
56 13
56 72
56 50
56 51
56 52
56 66
56 86
56 23
56 29
57 0
57 19
57 2
57 4
57 22
57 6
57 40
57 9
57 74
57 13
57 72
57 50
57 51
57 52
57 66
57 86
57 23
57 29
58 0
58 19
58 2
58 4
58 22
58 6
58 40
58 9
58 74
58 13
58 72
58 50
58 51
58 52
58 66
58 86
58 23
58 29
59 0
59 19
59 2
59 4
59 22
59 6
59 40
59 9
59 13
59 72
59 50
59 51
59 52
59 66
59 86
59 23
59 29
60 0
60 19
60 2
60 4
60 22
60 6
60 40
60 9
60 74
60 13
60 72
60 50
60 51
60 52
60 66
60 86
60 23
60 29
61 0
61 19
61 2
61 4
61 22
61 6
61 40
61 9
61 74
61 13
61 72
61 50
61 51
61 52
61 66
61 86
61 23
61 29
62 0
62 19
62 2
62 4
62 22
62 6
62 40
62 9
62 74
62 13
62 72
62 50
62 51
62 52
62 66
62 86
62 23
62 29
63 0
63 19
63 2
63 4
63 22
63 6
63 40
63 9
63 74
63 13
63 72
63 50
63 51
63 52
63 66
63 86
63 23
63 29
64 0
64 19
64 2
64 4
64 22
64 6
64 40
64 9
64 74
64 13
64 72
64 50
64 51
64 52
64 66
64 86
64 23
64 29
65 0
65 19
65 2
65 4
65 22
65 6
65 40
65 9
65 74
65 13
65 72
65 50
65 51
65 52
65 66
65 86
65 23
65 29
67 0
67 19
67 2
67 4
67 22
67 6
67 40
67 9
67 74
67 13
67 72
67 50
67 51
67 52
67 66
67 86
67 23
67 29
68 0
68 19
68 2
68 4
68 22
68 6
68 40
68 9
68 74
68 13
68 72
68 50
68 51
68 52
68 66
68 86
68 23
68 29
71 0
71 19
71 2
71 4
71 22
71 6
71 40
71 9
71 74
71 13
71 72
71 50
71 51
71 52
71 66
71 86
71 23
71 29
76 0
76 19
76 2
76 4
76 22
76 6
76 40
76 9
76 74
76 13
76 72
76 50
76 51
76 52
76 66
76 86
76 23
76 29
78 0
78 19
78 2
78 4
78 22
78 6
78 40
78 9
78 74
78 13
78 72
78 50
78 51
78 52
78 66
78 86
78 23
78 29
79 0
79 19
79 2
79 4
79 22
79 6
79 40
79 9
79 74
79 13
79 72
79 50
79 51
79 52
79 66
79 86
79 23
79 29
82 0
82 19
82 2
82 4
82 22
82 6
82 40
82 9
82 74
82 13
82 72
82 50
82 51
82 52
82 66
82 86
82 23
82 29
84 2
84 4
84 74
84 13
84 50
84 19
84 22
84 23
84 29
85 0
85 19
85 2
85 4
85 22
85 6
85 40
85 9
85 74
85 13
85 72
85 50
85 51
85 52
85 66
85 86
85 23
85 29
