88
0 48
0 66
0 37
0 71
0 8
0 78
0 80
0 83
0 46
0 56
0 25
0 28
1 33
1 3
1 37
1 39
1 8
1 73
1 43
1 76
1 45
1 46
1 47
1 72
1 50
1 67
1 62
1 58
1 30
1 31
2 32
2 33
2 75
2 63
2 39
2 41
2 43
2 46
2 49
2 50
2 21
2 86
2 87
2 27
2 31
3 34
3 3
3 6
3 47
3 11
3 78
3 79
3 43
3 51
3 55
3 27
3 62
4 48
4 35
4 69
4 6
4 9
4 43
4 46
4 16
4 83
4 20
4 73
4 41
4 86
4 61
4 31
5 64
5 9
5 56
6 1
6 67
6 36
6 41
6 11
6 76
6 79
6 49
6 20
6 57
6 56
6 52
6 60
8 0
8 67
8 35
8 37
8 39
8 73
8 10
8 45
8 48
8 49
8 3
8 20
8 53
8 54
8 87
8 52
8 86
8 74
9 33
9 3
9 4
9 45
9 39
10 64
11 6
11 7
11 8
11 10
11 55
11 87
13 64
13 35
13 72
13 44
13 79
13 83
13 25
16 56
17 34
17 4
17 74
17 77
17 20
17 53
18 64
18 4
18 6
18 38
18 77
18 41
18 42
18 78
18 13
18 46
18 47
18 80
18 20
18 21
18 86
18 56
18 57
18 58
20 0
20 4
20 41
20 55
20 12
20 48
20 86
20 87
20 36
20 61
20 31
21 64
21 65
21 36
21 79
21 48
21 49
21 54
21 59
22 56
22 28
22 34
22 3
22 36
23 0
23 75
23 4
23 37
23 6
23 39
23 41
23 43
23 73
23 60
23 76
23 87
23 83
23 54
23 23
23 71
23 38
23 28
23 29
24 17
24 42
24 12
25 0
25 67
25 36
25 6
25 8
25 41
25 13
25 78
25 16
25 49
25 20
25 73
25 57
25 27
25 31
26 0
26 1
26 66
26 3
26 81
26 48
26 64
26 74
26 71
26 44
26 45
26 46
26 16
26 49
26 50
26 51
26 85
26 61
27 65
27 67
27 78
27 47
27 82
27 84
27 28
28 4
28 37
28 39
28 54
28 73
28 79
28 71
28 13
28 78
28 45
28 49
28 83
28 22
28 25
28 26
28 27
28 30
28 31
30 32
30 79
30 48
30 49
30 18
30 57
31 2
31 67
31 37
31 39
31 8
31 71
31 13
31 78
31 77
31 48
31 54
31 87
31 28
31 61
31 5
32 65
32 59
32 4
32 49
32 8
32 73
32 11
32 78
32 47
32 17
32 75
32 24
32 71
32 27
32 61
33 2
33 35
33 37
33 39
33 8
33 43
33 78
33 46
33 16
33 40
33 53
33 54
33 56
33 24
33 72
33 71
33 59
33 69
33 31
34 1
34 66
34 35
34 4
34 6
34 48
34 8
34 41
34 75
34 45
34 47
34 16
34 50
34 54
34 23
34 57
34 26
34 28
34 61
35 33
35 66
35 5
35 6
35 72
35 73
35 74
35 75
35 80
35 16
35 17
35 21
35 54
35 87
35 25
35 63
35 86
35 30
35 31
36 56
36 33
36 13
36 85
37 66
37 22
37 70
37 39
37 73
37 12
37 46
37 79
37 18
37 21
37 86
37 56
37 6
37 31
38 64
38 83
38 35
38 36
38 5
38 38
38 39
38 41
38 42
38 75
38 48
38 49
38 50
38 3
38 20
38 53
38 52
38 85
39 35
39 39
39 44
39 78
39 47
39 49
39 50
39 22
39 23
39 63
39 28
39 61
39 31
40 64
40 65
40 66
40 3
40 0
40 32
40 48
40 53
40 57
40 27
41 0
41 34
41 35
41 36
41 37
41 6
41 39
41 72
41 41
41 43
41 76
41 78
41 79
41 16
41 53
42 64
42 84
42 34
42 67
42 4
42 86
42 6
42 76
42 66
42 46
42 16
42 17
42 52
42 53
42 22
42 57
42 36
42 85
43 66
43 67
43 4
43 5
43 73
43 43
43 82
43 20
43 63
43 31
44 41
44 76
44 44
44 53
44 27
44 85
45 37
45 22
45 61
46 1
46 6
46 71
46 43
46 49
46 83
47 2
47 3
47 41
47 16
47 49
47 21
47 54
47 56
48 64
48 1
48 3
48 37
48 8
48 9
48 78
48 35
48 84
48 46
48 56
48 29
48 30
48 53
49 66
49 67
49 4
49 5
49 7
49 8
49 43
49 79
49 18
49 56
49 36
49 27
49 28
49 31
50 40
50 51
50 37
50 31
51 34
51 67
51 73
51 75
51 78
51 43
51 35
51 20
51 87
52 0
52 67
52 68
52 37
52 6
52 8
52 18
52 84
52 23
52 56
52 57
52 58
53 2
53 3
53 37
53 39
53 8
53 41
53 67
53 66
53 48
53 50
53 35
53 86
53 27
53 60
53 63
54 51
54 71
54 13
54 49
54 83
54 87
54 62
55 2
55 35
55 4
55 69
55 6
55 76
55 78
55 79
55 48
55 20
55 86
55 36
55 26
55 28
55 61
56 32
56 1
56 34
56 35
56 82
56 39
56 43
56 44
56 77
56 78
56 71
56 18
56 51
56 84
56 54
56 83
56 58
57 33
57 67
57 81
57 48
57 72
57 73
57 13
57 16
57 49
57 83
57 53
57 55
57 58
57 61
57 85
58 8
58 53
58 13
58 69
58 71
59 74
59 31
59 5
59 46
59 37
61 64
61 34
61 67
61 4
61 37
61 70
61 41
61 12
61 77
61 46
61 47
61 20
61 73
61 57
61 79
61 69
62 64
62 8
62 43
62 16
63 35
63 70
63 39
63 46
63 50
63 52
63 56
63 28
64 80
64 81
64 82
64 83
64 28
65 34
65 43
65 28
65 5
65 53
66 61
66 76
66 37
66 46
66 53
67 3
67 28
67 13
67 46
68 35
68 49
68 6
68 39
68 75
68 46
68 47
68 48
68 17
68 83
68 54
68 31
69 73
69 61
69 35
69 37
69 49
70 2
70 67
70 4
70 71
70 41
70 42
70 34
70 46
70 77
70 48
70 81
70 50
70 83
70 82
70 86
70 73
70 56
70 68
70 74
71 1
71 66
71 68
71 71
71 8
71 48
71 50
71 54
71 58
72 48
72 2
72 59
72 4
72 7
72 8
72 41
72 74
72 43
72 76
72 13
72 78
72 16
72 67
72 66
72 73
72 23
72 71
72 27
72 31
73 0
73 67
73 4
73 69
73 7
73 9
73 71
73 44
73 13
73 46
73 48
73 76
73 20
73 86
73 56
73 29
74 64
74 3
74 36
74 69
74 6
74 40
74 41
74 44
74 80
74 50
74 52
74 56
74 25
74 59
74 31
75 3
75 4
75 38
75 72
75 75
75 76
75 53
75 54
75 87
75 23
75 25
75 63
75 36
76 64
76 1
76 35
76 0
76 39
76 72
76 9
76 43
76 13
76 83
76 7
76 27
76 61
77 0
77 2
77 3
77 36
77 69
77 73
77 74
77 43
77 47
77 16
77 53
77 28
77 37
78 64
78 66
78 3
78 69
78 39
78 41
78 13
78 78
78 53
78 86
78 87
78 61
79 8
79 56
79 66
79 3
79 55
80 81
81 0
81 64
81 66
81 68
81 37
81 6
81 41
81 10
81 13
81 78
81 83
81 20
81 22
81 27
81 28
81 62
82 32
82 34
82 68
82 72
82 73
82 13
82 46
82 53
82 54
82 87
82 56
82 26
82 29
82 31
83 2
83 35
83 37
83 39
83 73
83 10
83 81
83 18
83 21
83 54
83 87
83 56
84 10
84 58
84 46
86 65
86 2
86 3
86 4
86 6
86 39
86 8
86 41
86 74
86 43
86 76
86 66
86 46
86 47
86 72
86 75
86 67
86 78
86 73
86 71
87 32
87 68
87 39
87 8
87 43
87 13
87 47
87 48
87 20
87 53
87 28
