88
0 0
0 3
0 9
0 10
0 12
0 13
0 15
0 16
0 19
0 20
0 21
0 25
0 26
0 27
0 28
0 31
0 33
0 38
0 41
0 42
0 47
0 48
0 50
0 53
0 54
0 57
0 58
0 60
0 64
0 72
0 74
0 75
0 77
0 81
0 82
0 83
0 86
0 87
2 64
3 8
3 25
3 27
3 77
3 31
4 48
4 81
4 35
4 5
5 32
5 86
5 67
5 82
5 37
5 38
5 8
5 41
5 74
5 45
5 77
5 15
5 48
5 17
5 50
5 53
5 54
5 87
5 27
5 60
5 31
6 45
6 15
6 17
6 50
6 19
6 20
6 87
6 60
6 31
9 35
9 6
9 39
9 41
9 74
9 79
9 48
9 17
9 53
9 86
9 87
9 15
10 8
10 9
10 75
10 13
10 77
10 82
10 19
10 53
10 15
13 83
13 5
13 39
13 72
13 9
13 57
13 87
13 12
13 13
13 45
13 17
13 82
13 79
13 52
13 53
13 41
13 25
13 26
13 27
13 28
13 74
18 0
18 69
18 6
18 9
18 77
18 79
18 48
18 17
18 53
18 86
18 28
18 29
20 0
20 67
20 8
20 74
20 15
20 82
20 19
20 52
21 12
21 15
21 48
21 81
21 19
21 27
22 83
22 35
22 41
22 74
22 45
22 19
22 52
22 28
22 31
24 32
24 54
24 45
24 17
24 83
24 53
24 86
24 27
26 64
26 33
26 38
26 47
26 42
26 77
26 15
26 17
26 53
26 86
26 58
26 27
29 0
29 79
29 3
29 69
29 6
29 41
29 74
29 45
29 77
29 47
29 48
29 82
29 19
29 20
29 54
29 25
29 58
29 27
29 60
30 0
30 69
30 9
30 77
30 79
30 82
30 57
30 31
31 6
31 9
31 45
31 14
31 82
31 19
31 53
31 27
32 50
32 77
32 45
32 82
32 83
32 21
32 28
32 31
33 5
33 6
33 7
33 8
33 9
33 10
33 12
33 13
33 15
33 16
33 17
33 19
33 20
33 21
33 26
33 27
33 28
33 30
33 31
33 33
33 35
33 45
33 50
33 52
33 53
33 54
33 58
33 67
33 68
33 69
33 74
33 75
33 77
33 78
33 79
33 82
33 83
33 87
36 17
36 42
36 20
36 45
37 64
37 48
37 31
37 77
37 17
38 0
38 79
38 83
38 6
38 8
38 41
38 74
38 60
38 13
38 45
38 19
38 21
38 86
38 27
38 28
38 53
39 0
39 5
39 6
39 8
39 9
39 10
39 12
39 13
39 15
39 16
39 17
39 19
39 20
39 21
39 24
39 25
39 26
39 27
39 28
39 31
39 35
39 38
39 41
39 45
39 47
39 48
39 50
39 53
39 54
39 57
39 58
39 60
39 75
39 76
39 77
39 79
39 81
39 82
39 83
39 86
40 35
40 12
40 15
40 17
40 53
40 86
40 28
41 68
41 5
41 9
41 74
41 45
41 15
41 48
41 82
41 19
41 86
41 27
41 28
41 31
42 33
42 74
42 12
42 15
42 48
42 82
42 79
42 86
42 87
42 24
42 27
42 28
42 31
43 19
43 39
43 41
43 74
43 12
43 79
43 48
43 83
43 53
43 54
44 64
44 48
44 77
44 9
44 74
44 13
44 14
44 60
44 16
44 79
44 52
44 54
44 24
44 27
44 28
44 31
45 0
45 5
45 6
45 7
45 9
45 11
45 12
45 13
45 15
45 17
45 19
45 20
45 25
45 26
45 27
45 32
45 33
45 35
45 45
45 48
45 50
45 52
45 53
45 57
45 58
45 60
45 68
45 69
45 74
45 77
45 78
45 79
45 82
45 83
45 86
45 87
46 45
46 6
46 77
46 78
46 15
46 17
46 86
46 87
46 28
47 0
47 33
47 35
47 68
47 69
47 6
47 9
47 42
47 87
47 12
47 77
47 47
47 48
47 17
47 19
47 86
47 41
47 24
47 25
47 27
47 28
48 0
48 74
48 48
48 82
48 52
48 53
48 86
49 83
49 78
49 87
51 6
51 41
51 45
51 17
51 19
51 86
51 87
51 28
52 0
52 64
52 83
52 35
52 86
52 38
52 8
52 74
52 12
52 77
52 15
52 50
52 19
52 54
52 87
52 79
52 28
52 31
53 0
53 41
53 79
53 48
53 53
53 27
53 28
53 31
54 0
54 32
54 35
54 68
54 86
54 79
54 8
54 42
54 45
54 78
54 15
54 82
54 19
54 20
54 21
54 54
54 24
54 27
54 60
54 74
54 53
55 0
55 33
55 82
55 8
55 9
55 10
55 12
55 45
55 79
55 48
55 17
55 50
55 19
55 87
55 24
55 27
56 0
56 39
56 8
56 45
56 78
56 79
56 48
56 19
56 52
56 53
56 86
56 87
56 28
59 0
59 3
59 6
59 7
59 8
59 10
59 15
59 16
59 19
59 20
59 24
59 25
59 27
59 28
59 29
59 31
59 32
59 35
59 38
59 39
59 45
59 47
59 48
59 50
59 52
59 57
59 60
59 67
59 74
59 75
59 77
59 78
59 79
59 81
59 82
59 83
59 86
59 87
62 35
62 8
62 41
62 79
62 48
62 17
62 50
62 83
62 27
63 79
63 33
63 35
63 82
63 86
63 39
63 9
63 74
63 45
63 77
63 15
63 48
63 17
63 50
63 19
63 53
63 54
63 41
63 27
63 28
63 31
65 64
65 3
65 48
65 17
65 82
65 35
65 52
65 53
65 28
66 33
66 35
66 15
66 82
66 83
66 53
66 86
66 28
67 45
67 41
67 12
67 77
67 15
67 82
67 19
67 20
67 53
67 86
67 52
67 79
67 31
68 64
68 38
68 79
68 17
68 50
68 53
68 86
68 87
68 27
68 28
68 31
70 0
70 5
70 6
70 7
70 9
70 11
70 13
70 17
70 19
70 20
70 25
70 27
70 28
70 29
70 32
70 33
70 35
70 39
70 41
70 45
70 47
70 48
70 52
70 53
70 60
70 64
70 67
70 68
70 69
70 72
70 74
70 75
70 77
70 79
70 82
70 83
70 86
71 0
71 3
71 5
71 6
71 7
71 8
71 9
71 11
71 12
71 15
71 19
71 21
71 25
71 27
71 28
71 31
71 32
71 33
71 35
71 38
71 41
71 42
71 45
71 52
71 53
71 54
71 60
71 64
71 68
71 69
71 72
71 74
71 75
71 77
71 81
71 82
71 83
71 86
72 0
72 64
72 35
72 8
72 9
72 74
72 79
72 48
72 82
72 83
72 53
72 26
72 28
72 31
73 0
73 64
73 42
73 77
73 79
73 81
73 82
73 19
73 57
75 3
75 6
75 8
75 9
75 10
75 12
75 15
75 17
75 20
75 21
75 24
75 25
75 27
75 28
75 30
75 31
75 32
75 35
75 38
75 42
75 45
75 48
75 50
75 52
75 53
75 57
75 58
75 60
75 64
75 72
75 74
75 75
75 77
75 79
75 81
75 83
75 86
75 87
76 33
76 5
76 8
76 74
76 12
76 19
76 25
77 19
77 67
77 39
77 9
77 45
77 48
77 17
77 50
77 83
77 20
77 31
78 64
78 33
78 83
78 35
78 82
78 74
78 45
78 78
78 77
78 48
78 50
78 67
78 53
78 86
78 26
79 6
79 7
79 8
79 9
79 15
79 16
79 17
79 19
79 20
79 21
79 26
79 27
79 31
79 33
79 35
79 41
79 47
79 48
79 52
79 53
79 54
79 58
79 63
79 67
79 68
79 77
79 79
79 81
79 82
79 83
79 87
80 68
80 69
80 9
80 45
80 48
80 82
80 19
80 54
80 58
83 9
83 78
83 79
83 82
83 19
83 41
83 27
83 31
84 33
84 67
84 17
84 77
84 79
87 0
87 32
87 41
87 74
87 45
87 15
87 52
87 86
87 31
