88
0 75
0 5
0 54
0 42
0 11
0 61
0 51
0 22
0 23
0 55
0 26
0 27
0 60
0 58
0 31
1 0
1 83
1 5
1 38
1 11
1 76
1 50
1 78
1 80
1 81
1 18
1 51
1 54
1 55
1 59
1 31
2 0
2 5
2 38
2 39
2 42
2 11
2 76
2 50
2 14
2 81
2 18
2 51
2 46
2 23
2 58
2 27
2 61
3 0
3 83
3 3
3 38
3 72
3 74
3 75
3 50
3 18
3 51
3 54
3 59
3 60
3 61
3 31
4 35
4 5
4 81
4 39
4 54
4 74
4 11
4 76
4 50
4 14
4 72
4 18
4 78
4 22
4 26
4 27
4 60
4 58
6 23
7 74
7 61
7 60
7 26
7 23
8 0
8 3
8 5
8 39
8 42
8 11
8 76
8 80
8 81
8 50
8 74
8 54
8 23
8 75
8 61
8 31
9 59
9 5
9 39
9 74
9 76
9 14
9 80
9 50
9 83
9 78
9 54
9 23
9 58
9 27
9 60
9 61
10 75
10 54
10 72
10 42
10 11
10 76
10 78
10 61
10 80
10 50
10 74
10 22
10 23
10 26
10 60
10 58
10 31
11 38
11 39
11 11
11 76
11 78
11 81
11 50
11 22
11 23
11 26
11 27
12 5
12 74
12 75
12 76
12 50
12 14
12 81
12 18
12 22
12 23
12 55
12 26
12 59
12 61
13 11
13 74
13 75
13 22
13 23
13 26
13 59
13 58
16 72
16 42
16 75
16 18
16 46
16 61
16 80
16 81
16 50
16 78
16 54
16 55
16 26
16 59
16 60
16 58
17 35
17 5
17 38
17 39
17 72
17 75
17 74
17 11
17 50
17 78
17 81
17 18
17 23
17 55
17 26
17 59
20 72
20 74
20 54
20 22
20 39
21 74
24 3
24 5
24 39
24 74
24 11
24 76
24 50
24 80
24 18
24 83
24 54
24 23
24 26
24 75
24 60
24 58
25 81
25 74
25 58
25 14
25 31
26 22
26 39
26 76
26 78
26 54
26 55
26 61
26 31
28 75
30 0
30 5
30 38
30 72
30 74
30 76
30 50
30 14
30 80
30 18
30 78
30 22
30 55
30 26
30 54
30 58
31 35
31 5
31 72
31 42
31 11
31 76
31 50
31 78
31 48
31 18
31 51
31 74
31 23
31 55
31 75
31 61
32 75
32 5
32 38
32 39
32 72
32 42
32 11
32 76
32 80
32 81
32 18
32 22
32 58
32 60
32 61
32 31
33 54
33 38
33 74
33 76
33 50
33 78
33 81
33 18
33 51
33 22
33 59
34 0
34 3
34 38
34 39
34 72
34 42
34 55
34 78
34 80
34 50
34 51
34 54
34 23
34 26
34 74
34 31
35 0
35 11
35 72
35 74
35 75
35 78
35 50
35 35
35 22
35 23
35 58
35 59
35 42
36 59
36 5
36 54
36 42
36 11
36 76
36 14
36 80
36 72
36 50
36 22
36 55
36 26
36 27
36 31
37 0
37 75
37 11
37 76
37 46
37 80
37 81
37 83
37 14
37 54
37 55
37 26
37 59
37 60
37 58
37 31
40 0
40 54
40 72
40 74
40 14
40 80
40 78
40 22
40 23
40 58
40 27
40 60
40 61
40 31
41 38
41 74
41 75
41 14
41 80
41 81
41 59
41 61
41 31
43 39
43 76
43 14
43 80
43 50
43 23
43 58
43 59
43 61
43 31
44 76
44 23
45 59
45 54
45 39
45 55
45 76
45 14
45 80
45 81
45 78
45 22
45 23
45 58
45 27
45 60
45 61
45 31
46 35
46 72
46 55
46 50
46 23
46 26
46 31
47 5
47 38
47 78
47 51
47 26
47 61
47 31
49 35
49 5
49 81
49 39
49 72
49 42
49 14
49 80
49 59
49 50
49 22
49 23
49 58
49 27
49 60
49 61
49 31
52 0
52 3
52 54
52 38
52 39
52 72
52 42
52 14
52 80
52 81
52 51
52 78
52 22
52 23
52 26
52 27
53 27
53 76
53 61
53 14
56 39
56 72
56 42
56 75
56 76
56 14
56 61
56 81
56 83
56 74
56 78
56 22
56 26
56 58
56 31
57 3
57 38
57 39
57 72
57 74
57 76
57 78
57 61
57 50
57 14
57 22
57 26
57 42
57 31
58 0
58 51
58 39
58 72
58 76
58 14
58 80
58 50
58 83
58 23
58 26
59 5
59 39
59 72
59 81
59 22
59 55
59 26
59 61
60 5
60 55
60 14
60 54
60 23
60 58
60 26
61 3
61 51
61 75
61 39
61 74
61 11
61 76
61 14
61 80
61 83
61 78
61 26
61 27
61 42
62 0
62 59
62 5
62 54
62 74
62 11
62 14
62 61
62 48
62 72
62 78
62 22
62 26
62 27
62 60
62 58
62 31
63 0
63 11
63 5
63 75
63 76
63 50
63 78
63 80
63 81
63 18
63 59
63 23
63 27
63 31
64 74
64 11
64 76
64 50
64 14
64 61
64 80
64 81
64 18
64 51
64 22
64 23
64 55
64 26
64 27
64 58
64 31
65 59
65 72
65 75
65 42
65 11
65 76
65 18
65 78
65 80
65 50
65 54
65 55
65 58
65 27
65 31
66 5
66 39
66 72
66 42
66 75
66 76
66 46
66 61
66 81
66 50
66 51
66 22
66 26
66 27
66 60
66 58
66 31
67 0
67 39
67 74
67 75
67 76
67 50
67 80
67 81
67 18
67 22
67 23
67 27
67 31
68 5
68 39
68 54
68 74
68 55
68 76
68 78
68 61
68 80
68 72
68 50
68 22
68 23
68 26
68 27
68 58
69 11
69 39
69 72
69 74
69 75
69 76
69 14
69 81
69 18
69 51
69 23
69 58
69 31
70 59
70 5
70 81
70 39
70 54
70 75
70 42
70 11
70 72
70 18
70 22
70 23
70 55
70 26
70 27
70 60
70 61
71 0
71 75
71 5
71 72
71 42
71 11
71 76
71 14
71 80
71 50
71 51
71 74
71 78
71 54
71 23
71 55
71 26
71 58
72 5
72 74
72 75
72 14
72 80
72 83
72 22
72 23
72 59
72 60
73 0
73 35
73 5
73 39
73 72
73 42
73 11
73 50
73 59
73 18
73 22
73 58
73 54
73 60
73 74
74 11
74 38
74 74
74 75
74 76
74 61
74 81
74 18
74 54
74 59
74 60
74 42
75 75
75 5
75 38
75 39
75 72
75 74
75 11
75 14
75 80
75 81
75 46
75 22
75 23
75 55
75 27
75 60
76 38
76 72
76 74
76 75
76 76
76 14
76 81
76 50
76 46
76 54
76 55
76 26
76 61
76 31
77 48
77 39
77 74
77 14
77 80
77 81
77 50
77 51
77 46
77 23
77 26
77 59
77 31
78 39
78 42
78 76
78 81
78 50
78 54
78 55
78 58
78 27
78 60
78 61
78 31
79 39
79 74
79 11
79 76
79 78
79 61
79 81
79 18
79 54
79 55
79 58
79 60
79 42
81 11
81 72
81 75
81 14
81 81
81 50
81 51
81 26
81 60
82 0
82 59
82 5
82 38
82 39
82 54
82 11
82 14
82 72
82 18
82 78
82 22
82 23
82 55
82 27
82 61
83 39
83 75
83 50
83 78
83 80
83 18
83 14
83 54
83 61
84 35
84 5
84 38
84 72
84 74
84 11
84 78
84 61
84 48
84 50
84 22
84 23
84 26
84 27
84 58
84 31
85 75
85 18
85 83
85 54
85 23
85 55
85 58
85 27
85 60
85 61
85 31
86 0
86 35
86 5
86 72
86 42
86 55
86 76
86 14
86 50
86 46
86 22
86 23
86 26
86 75
86 61
86 31
87 11
87 5
87 39
87 72
87 42
87 75
87 14
87 18
87 78
87 54
87 55
87 58
87 60
87 61
