88
0 49
0 43
0 5
1 33
1 2
1 6
1 47
2 32
2 1
2 3
2 68
2 69
2 7
2 40
2 73
2 77
2 17
2 82
2 51
2 55
2 26
2 63
3 69
3 38
3 7
3 74
3 39
3 12
3 70
3 83
3 22
3 55
3 60
4 34
4 35
4 4
4 5
4 6
4 38
4 60
4 11
4 45
4 85
4 26
4 27
4 70
4 62
5 0
5 1
5 2
5 35
5 68
5 37
5 6
5 32
5 40
5 10
5 12
5 45
5 78
5 52
5 70
5 74
6 1
6 4
6 37
6 70
6 7
6 60
6 42
6 43
6 56
6 5
6 31
7 32
7 3
7 4
7 6
7 70
7 9
7 11
7 17
7 83
7 22
7 56
7 57
7 31
8 0
8 69
8 38
8 7
8 73
8 74
8 43
8 77
8 13
8 17
8 9
8 49
8 60
8 42
9 0
9 34
9 4
9 5
9 70
9 12
9 45
9 22
9 56
9 27
9 60
10 32
10 1
10 3
10 68
10 6
10 39
10 10
10 77
10 78
10 82
10 35
10 55
10 27
10 60
10 30
10 51
11 0
11 1
11 35
11 49
11 32
11 63
11 10
11 78
11 17
11 83
11 26
11 27
11 42
11 69
11 31
12 0
12 3
12 4
12 5
12 70
12 9
12 10
12 77
12 47
12 49
12 83
12 52
12 54
12 60
12 74
12 69
13 3
13 69
13 39
13 76
13 49
13 82
13 35
13 85
13 22
13 27
16 1
16 3
16 68
16 5
16 7
16 40
16 42
16 39
16 76
16 78
16 47
16 17
16 51
16 55
16 26
16 63
16 74
16 69
16 37
17 83
17 78
19 35
19 78
21 49
21 2
21 4
22 32
22 1
22 3
22 4
22 5
22 6
22 39
22 11
22 12
22 77
22 49
22 43
22 51
22 71
22 68
22 26
22 27
23 80
23 85
24 1
24 5
24 40
24 9
24 42
24 76
24 77
24 17
24 51
24 24
24 26
24 69
25 32
25 40
25 51
25 60
25 22
27 33
27 34
27 35
27 4
27 43
27 49
27 51
27 22
27 24
27 26
27 63
28 27
28 47
29 17
29 3
29 69
29 7
30 83
30 22
30 31
31 34
31 4
31 38
31 6
31 39
31 40
31 54
31 10
31 77
31 78
31 51
31 52
31 22
31 56
31 68
31 74
31 27
31 70
31 42
31 69
32 32
32 3
32 69
32 38
32 39
32 76
32 77
32 47
32 49
32 51
32 85
32 26
32 27
32 60
32 31
33 12
33 76
34 49
34 45
34 38
34 85
35 32
35 33
35 35
35 4
35 37
35 70
35 10
35 78
35 22
35 56
35 6
36 2
36 35
36 68
36 5
36 74
36 12
36 77
36 47
36 49
36 82
36 63
37 32
37 1
37 2
37 34
37 37
37 49
37 40
37 11
37 77
37 45
37 43
37 83
37 22
37 63
38 32
38 1
38 2
38 3
38 68
38 5
38 6
38 39
38 40
38 10
38 43
38 12
38 45
38 78
38 77
38 81
38 52
38 22
38 70
38 31
39 0
39 2
39 35
39 37
39 38
39 7
39 9
39 76
39 45
39 47
39 49
39 18
39 85
39 22
39 26
39 81
40 0
40 1
40 2
40 35
40 68
40 5
40 74
40 11
40 12
40 47
40 17
40 85
40 56
40 63
40 37
41 0
41 1
41 2
41 43
41 5
41 38
41 49
41 73
41 74
41 11
41 47
41 17
41 52
41 85
41 22
41 55
41 57
41 26
41 27
41 69
42 32
42 1
42 2
42 68
42 7
42 40
42 73
42 42
42 76
42 17
42 22
42 9
42 30
43 33
43 2
43 35
43 4
43 5
43 6
43 39
43 73
43 81
43 45
43 49
43 22
43 68
43 26
43 63
43 60
43 69
43 37
44 0
44 32
44 4
44 5
44 6
44 7
44 10
44 76
44 77
44 78
44 51
44 52
44 85
44 27
44 70
44 69
44 63
45 0
45 33
45 38
45 47
45 17
45 22
45 62
45 31
47 0
47 1
47 4
47 5
47 39
47 40
47 7
47 76
47 77
47 78
47 47
47 80
47 83
47 85
47 55
47 68
49 85
49 5
51 32
51 35
51 37
51 70
51 7
51 40
51 76
51 74
51 39
51 44
51 45
51 78
51 77
51 17
51 85
51 43
51 24
51 26
51 27
51 60
51 31
52 2
52 3
52 68
52 37
52 70
52 40
52 76
52 43
52 44
52 82
52 52
52 85
52 54
52 26
52 31
52 5
53 17
53 27
53 4
53 63
55 2
55 3
55 69
55 38
55 9
55 10
55 11
55 45
55 47
55 49
55 51
55 54
55 63
55 60
55 74
55 31
56 1
56 35
56 68
56 5
56 7
56 73
56 10
56 11
56 76
56 45
56 43
56 27
56 37
56 31
57 1
57 3
57 4
57 37
57 6
57 38
57 9
57 42
57 76
57 77
57 78
57 47
57 40
57 68
57 26
57 27
57 69
58 0
58 35
58 11
58 80
58 17
58 22
59 32
59 49
59 37
59 6
59 7
59 38
59 9
59 10
59 43
59 76
59 13
59 17
59 52
59 26
59 27
59 60
59 69
59 31
61 2
61 4
61 73
61 74
61 76
61 85
61 27
61 42
62 34
62 3
62 37
62 38
62 39
62 74
62 11
62 76
62 78
62 47
62 49
62 82
62 51
62 6
62 60
62 63
63 0
63 3
63 68
63 9
63 43
63 44
63 63
63 47
63 49
63 35
63 22
63 27
63 60
63 31
64 73
64 78
64 70
64 6
64 39
66 0
66 2
66 3
66 5
66 6
66 7
66 40
66 54
66 42
66 11
66 70
66 77
66 47
66 35
66 52
66 78
66 22
66 39
66 26
66 38
66 60
67 0
67 35
67 68
67 37
67 7
67 9
67 74
67 11
67 78
67 52
67 39
68 3
68 4
68 37
68 6
68 74
68 12
68 51
68 60
69 1
69 3
69 4
69 37
69 70
69 76
69 43
69 12
69 77
69 78
69 47
69 49
69 52
69 27
69 62
69 63
70 0
70 32
70 35
70 70
70 38
70 33
70 9
70 10
70 11
70 51
70 57
70 27
70 60
70 74
70 63
71 33
71 2
71 35
71 4
71 5
71 70
71 40
71 10
71 11
71 77
71 78
71 17
71 62
71 22
71 63
71 42
71 30
71 31
72 0
72 32
72 5
72 47
72 85
72 56
72 57
72 60
73 0
73 1
73 2
73 71
73 32
73 33
73 38
73 7
73 40
73 11
73 47
73 49
73 22
73 68
73 26
73 60
75 0
75 2
75 3
75 68
75 5
75 6
75 11
75 76
75 49
75 22
75 54
75 60
75 69
76 68
76 37
76 38
76 11
76 18
76 51
76 55
76 31
77 32
77 33
77 68
77 6
77 7
77 39
77 78
77 17
77 63
77 60
77 31
78 2
78 3
78 4
78 37
78 70
78 7
78 9
78 11
78 76
78 77
78 17
78 18
78 35
78 43
78 26
78 69
78 63
79 80
79 11
80 0
80 1
80 2
80 4
80 38
80 39
80 73
80 43
80 47
80 51
80 24
80 68
80 30
82 32
82 1
82 35
82 37
82 7
82 40
82 44
82 45
82 78
82 17
82 85
83 0
83 1
83 4
83 37
83 38
83 7
83 10
83 11
83 77
83 80
83 83
83 55
83 26
83 27
84 3
84 12
84 6
85 34
85 3
85 5
85 6
85 40
85 9
85 10
85 11
85 12
85 13
85 77
85 47
85 76
85 17
85 85
85 43
85 55
85 38
85 70
85 37
86 6
86 42
86 49
86 85
86 26
86 63
87 0
87 1
87 3
87 69
87 7
87 76
87 42
87 11
87 44
87 13
87 45
87 43
87 51
87 52
87 85
87 55
87 26
87 47
87 60
87 74
87 31
