88
1 65
1 34
1 35
1 70
1 73
1 79
1 19
1 52
1 53
1 86
1 41
1 60
1 61
1 62
2 5
2 40
2 41
2 74
2 75
2 13
2 78
2 79
2 17
2 19
2 21
2 73
2 57
2 72
2 25
4 35
4 3
4 6
4 48
4 43
4 78
4 16
4 17
4 83
4 21
4 86
4 27
4 31
6 64
6 13
6 77
6 79
6 21
6 56
6 60
6 30
6 31
7 6
7 7
7 27
7 30
7 31
7 34
7 43
7 46
7 47
7 48
7 53
7 54
7 56
7 60
7 61
7 62
7 66
7 71
7 72
7 83
7 86
7 87
9 2
9 3
9 4
9 6
9 7
9 9
9 25
9 30
9 34
9 35
9 40
9 41
9 42
9 46
9 48
9 54
9 56
9 61
9 70
9 74
9 75
9 76
9 81
9 86
9 87
11 3
11 6
11 10
11 13
11 17
11 19
11 20
11 21
11 27
11 30
11 33
11 35
11 38
11 41
11 43
11 47
11 49
11 53
11 56
11 60
11 62
11 72
11 75
11 76
11 77
11 79
11 87
13 0
13 33
13 5
13 70
13 40
13 64
13 42
13 62
13 76
13 13
13 46
13 77
13 49
13 83
13 53
13 57
13 72
13 25
13 87
13 74
13 30
14 76
14 42
14 44
14 77
14 46
14 79
14 81
14 83
14 62
14 87
14 56
14 60
14 74
14 30
14 85
18 7
18 9
18 10
18 12
18 16
18 20
18 29
18 31
18 35
18 40
18 48
18 52
18 57
18 60
18 61
18 62
18 64
18 71
18 73
18 75
18 77
18 83
18 86
19 9
19 13
19 19
19 20
19 25
19 29
19 31
19 40
19 42
19 43
19 44
19 46
19 52
19 57
19 60
19 61
19 62
19 66
19 70
19 71
19 76
19 78
19 82
19 86
21 4
21 70
21 71
21 9
21 42
21 76
21 79
21 16
21 53
21 29
21 30
21 31
22 64
22 65
22 34
22 3
22 70
22 7
22 72
22 41
22 43
22 66
22 78
22 77
22 75
22 83
22 56
22 57
22 79
22 60
22 62
22 31
23 64
23 33
23 71
23 40
23 9
23 42
23 75
23 77
23 47
23 83
23 20
23 54
23 57
23 25
23 87
23 27
23 61
23 30
23 31
26 64
26 66
26 35
26 6
26 71
26 73
26 76
26 47
26 16
26 49
26 20
26 54
26 27
27 48
27 83
27 3
27 5
27 6
27 73
27 10
27 75
27 78
27 46
27 47
27 16
27 49
27 35
27 20
27 21
27 54
27 57
27 56
27 52
27 27
28 64
28 34
28 75
28 4
28 10
28 43
28 44
28 46
28 79
28 48
28 19
28 52
28 57
28 29
28 31
29 0
29 33
29 3
29 7
29 42
29 77
29 49
29 57
29 21
29 87
29 25
29 31
30 2
30 4
30 6
30 12
30 27
30 29
30 30
30 31
30 32
30 33
30 34
30 43
30 52
30 53
30 54
30 60
30 61
30 66
30 71
30 73
30 77
30 86
30 87
31 35
31 4
31 5
31 70
31 7
31 9
31 10
31 76
31 18
31 83
31 21
31 73
31 41
31 60
31 42
33 3
33 4
33 19
33 25
33 31
33 32
33 40
33 41
33 43
33 44
33 47
33 52
33 53
33 54
33 56
33 61
33 64
33 66
33 71
33 73
33 74
33 78
33 79
33 83
33 86
33 87
35 64
35 49
35 70
35 17
35 72
35 13
35 78
35 81
35 19
35 53
35 54
35 57
35 25
35 31
37 0
37 3
37 4
37 9
37 19
37 20
37 25
37 27
37 29
37 30
37 34
37 35
37 36
37 41
37 43
37 46
37 47
37 56
37 57
37 64
37 65
37 70
37 76
37 77
37 78
37 81
37 86
39 64
39 1
39 3
39 6
39 9
39 10
39 43
39 78
39 48
39 53
39 25
39 60
41 0
41 4
41 6
41 9
41 10
41 12
41 27
41 29
41 30
41 40
41 42
41 45
41 49
41 53
41 54
41 56
41 60
41 62
41 71
41 72
41 76
41 86
41 87
43 5
43 71
43 40
43 9
43 10
43 43
43 78
43 74
43 53
43 87
43 62
43 42
43 30
46 0
46 13
46 16
46 17
46 19
46 25
46 30
46 31
46 34
46 35
46 41
46 43
46 46
46 47
46 56
46 60
46 64
46 71
46 72
46 76
46 79
46 82
46 83
47 64
47 34
47 66
47 72
47 9
47 74
47 75
47 44
47 13
47 73
47 16
47 49
47 83
47 52
47 53
47 54
47 41
47 57
47 79
47 62
49 0
49 5
49 6
49 7
49 13
49 20
49 29
49 33
49 34
49 40
49 43
49 46
49 47
49 54
49 62
49 65
49 66
49 70
49 73
49 75
49 77
49 81
49 82
49 86
49 87
50 6
50 7
50 9
50 12
50 17
50 25
50 27
50 40
50 43
50 46
50 47
50 49
50 52
50 57
50 60
50 61
50 65
50 72
50 73
50 75
50 76
50 78
50 85
53 3
53 5
53 6
53 7
53 10
53 12
53 13
53 17
53 20
53 29
53 30
53 33
53 35
53 40
53 41
53 43
53 46
53 47
53 48
53 54
53 64
53 71
53 76
53 86
57 34
57 35
57 70
57 9
57 10
57 43
57 76
57 47
57 48
57 17
57 19
57 52
57 21
57 86
57 73
57 83
58 66
58 35
58 70
58 6
58 7
58 12
58 77
58 78
58 48
58 17
58 20
58 21
58 27
58 61
58 81
59 0
59 6
59 70
59 71
59 72
59 41
59 10
59 7
59 13
59 77
59 16
59 20
59 79
62 0
62 2
62 6
62 9
62 13
62 19
62 21
62 25
62 27
62 28
62 29
62 31
62 46
62 47
62 48
62 52
62 53
62 54
62 56
62 60
62 64
62 66
62 70
62 71
62 75
62 83
63 34
63 35
63 5
63 6
63 41
63 66
63 47
63 19
63 20
63 54
63 57
63 79
63 60
63 62
63 31
66 0
66 34
66 3
66 4
66 70
66 7
66 72
66 9
66 74
66 43
66 77
66 61
66 17
66 19
66 73
66 87
66 29
67 34
67 6
67 70
67 71
67 40
67 73
67 75
67 78
67 49
67 52
67 62
67 7
67 25
67 30
76 0
76 7
76 12
76 25
76 30
76 35
76 41
76 47
76 48
76 49
76 52
76 53
76 54
76 56
76 61
76 62
76 64
76 70
76 76
76 77
76 78
76 79
76 81
77 1
77 75
77 70
77 6
77 65
77 40
77 9
77 71
77 77
77 48
77 20
77 21
77 73
77 57
77 52
79 64
79 65
79 66
79 35
79 70
79 72
79 12
79 40
79 83
79 52
79 86
79 56
79 30
80 0
80 72
80 9
80 10
80 76
80 46
80 18
80 57
80 42
80 62
81 64
81 66
81 35
81 4
81 72
81 75
81 45
81 46
81 47
81 49
81 3
81 53
81 54
81 56
81 27
81 60
81 30
81 31
82 0
82 1
82 6
82 10
82 12
82 13
82 19
82 20
82 21
82 25
82 31
82 33
82 34
82 49
82 52
82 56
82 61
82 64
82 66
82 71
82 73
82 78
82 79
83 0
83 1
83 34
83 35
83 36
83 33
83 38
83 7
83 9
83 76
83 13
83 77
83 47
83 49
83 83
83 52
83 21
83 41
83 57
83 29
83 65
84 35
84 3
84 54
84 7
84 41
84 46
84 47
84 19
84 20
84 86
84 61
84 30
86 66
86 4
86 7
86 40
86 41
86 87
86 77
86 79
86 48
86 19
86 52
86 21
86 73
86 56
86 60
86 29
86 53
87 3
87 7
87 20
87 21
87 25
87 29
87 31
87 33
87 34
87 35
87 40
87 43
87 46
87 49
87 52
87 57
87 61
87 71
87 72
87 76
87 77
87 78
87 79
87 81
