88
0 0
0 2
0 8
0 26
0 60
0 61
1 0
1 32
1 4
1 7
1 72
1 13
1 82
1 51
1 27
3 32
3 47
3 83
3 27
3 60
3 63
4 0
4 66
4 59
4 7
4 8
4 9
4 42
4 77
4 14
4 61
4 72
4 83
4 74
4 78
4 85
4 27
4 60
4 29
4 62
4 63
6 0
6 2
6 75
6 12
6 14
6 85
6 60
8 32
8 66
8 75
8 81
8 8
8 10
8 11
8 12
8 14
8 47
8 17
8 78
8 24
8 72
8 27
8 60
8 74
9 37
9 7
9 8
9 74
9 75
9 12
9 77
9 78
9 47
9 81
9 50
9 83
9 85
9 25
9 27
9 60
9 61
10 0
10 2
10 75
10 7
10 8
10 9
10 10
10 11
10 47
10 17
10 50
10 83
10 85
10 24
10 72
10 61
16 17
16 83
16 14
17 2
17 7
17 8
17 9
17 11
17 13
17 17
17 25
17 26
17 32
17 42
17 43
17 47
17 50
17 52
17 60
17 61
17 62
17 66
17 67
17 75
17 81
17 85
18 0
18 81
18 8
18 10
18 13
18 77
18 47
18 17
18 50
18 83
18 85
18 24
18 25
18 58
18 60
18 74
18 72
18 63
20 7
20 74
20 11
20 13
20 81
20 27
20 29
24 0
24 72
24 13
24 14
24 47
24 81
24 50
24 83
24 78
24 8
24 26
24 58
24 62
25 0
25 83
26 33
26 66
26 11
26 7
26 8
26 42
26 75
26 14
26 43
26 85
26 60
26 74
26 63
27 0
27 32
27 2
27 75
27 74
27 7
27 10
27 11
27 66
27 78
27 77
27 17
27 50
27 52
27 85
27 58
27 61
27 63
28 0
28 72
28 60
28 87
29 32
29 2
29 81
29 9
29 74
29 11
29 12
29 13
29 77
29 48
29 17
29 50
29 19
29 52
29 87
29 24
29 25
29 83
29 63
30 74
30 75
30 12
30 14
30 81
30 52
30 26
30 10
31 37
31 17
31 8
31 75
31 77
31 14
31 81
31 83
31 25
31 63
32 0
32 2
32 72
32 9
32 11
32 13
32 61
33 0
33 8
33 9
33 75
33 13
33 81
33 72
33 63
34 0
34 25
34 42
34 83
35 0
35 33
35 7
35 77
35 17
35 83
35 26
35 60
36 4
36 5
36 7
36 10
36 13
36 14
36 17
36 24
36 25
36 27
36 29
36 32
36 33
36 50
36 52
36 61
36 66
36 72
36 77
36 81
36 85
36 86
38 32
38 74
38 75
39 0
39 81
39 72
39 74
39 12
39 17
39 50
40 2
40 12
40 66
40 78
40 13
40 81
40 27
41 0
41 32
41 2
41 77
41 72
41 9
41 10
41 75
41 66
41 14
41 47
41 17
41 51
41 78
41 83
41 25
41 26
41 27
41 85
41 63
42 0
42 32
42 66
42 10
42 75
42 12
42 77
42 14
42 17
42 74
42 78
42 85
42 24
42 26
42 27
42 61
42 62
42 63
43 0
43 2
43 8
43 9
43 11
43 12
43 13
43 14
43 17
43 23
43 27
43 29
43 32
43 47
43 50
43 51
43 60
43 62
43 63
43 66
43 77
43 83
43 85
43 86
43 87
44 32
44 12
44 77
44 13
44 81
44 51
44 24
44 27
45 2
45 7
45 9
45 74
45 75
45 47
45 10
46 0
46 33
46 66
46 75
46 81
46 8
46 9
46 74
46 11
46 12
46 77
46 78
46 17
46 50
46 21
46 87
46 58
46 60
46 61
46 63
47 0
47 2
47 72
47 9
47 10
47 75
47 78
47 47
47 8
47 52
47 14
47 29
48 2
48 7
48 10
48 78
48 23
48 24
48 27
49 75
49 13
49 78
49 17
49 85
49 63
50 0
50 2
50 66
50 7
50 72
50 9
50 10
50 13
50 14
50 47
50 17
50 50
50 85
50 26
50 60
50 61
51 81
51 66
51 12
51 50
51 61
52 9
52 10
52 11
52 78
52 81
52 51
52 14
52 63
52 74
52 85
53 0
53 32
53 72
53 74
53 12
53 13
53 77
53 25
53 26
53 60
54 75
55 2
55 72
55 74
55 47
55 17
55 52
55 24
56 9
57 0
57 25
57 75
57 60
59 32
59 9
59 75
59 78
59 47
59 50
59 53
59 87
59 24
59 26
59 61
59 63
60 0
60 32
60 43
60 37
60 10
60 11
60 12
60 13
60 14
60 17
60 50
60 52
60 78
60 86
60 23
60 25
60 74
60 75
60 61
60 85
61 0
61 66
61 7
61 10
61 75
61 12
61 78
61 17
61 83
61 52
61 87
61 26
61 60
61 58
61 63
62 0
62 2
62 7
62 9
62 10
62 12
62 13
62 14
62 17
62 25
62 26
62 27
62 32
62 33
62 47
62 50
62 60
62 66
62 72
62 74
62 75
62 78
62 81
62 85
64 32
64 66
64 17
64 7
64 74
64 13
64 81
64 10
64 83
64 85
64 24
64 60
64 61
66 0
66 11
66 7
66 9
66 10
66 75
66 13
66 24
66 61
67 0
67 66
67 75
67 37
67 72
67 9
67 10
67 43
67 12
67 14
67 61
67 48
67 83
67 25
67 27
67 60
67 42
67 63
68 32
68 2
68 43
68 81
68 7
68 8
68 10
68 11
68 14
68 17
68 50
68 52
68 78
68 72
68 25
68 26
68 74
68 62
69 32
69 66
69 43
69 81
69 7
69 8
69 75
69 11
69 12
69 13
69 14
69 77
69 17
69 50
69 83
69 52
69 24
69 25
69 27
69 72
70 2
70 9
70 77
70 81
70 86
70 27
70 60
70 63
71 72
71 11
71 7
72 2
72 9
72 11
72 77
72 78
72 81
72 25
72 27
72 60
72 61
73 9
74 33
74 2
74 37
74 7
74 72
74 10
74 75
74 13
74 14
74 47
74 48
74 81
74 50
74 78
74 86
74 23
74 26
74 60
74 74
74 85
75 17
75 10
75 11
76 66
76 7
76 9
76 12
76 78
76 26
76 60
76 61
77 0
77 7
77 10
77 11
77 13
77 14
77 24
77 25
77 32
77 42
77 48
77 50
77 51
77 58
77 61
77 62
77 63
77 72
77 74
77 77
77 78
77 81
77 83
78 66
78 7
78 9
78 42
78 75
78 14
78 48
78 81
78 50
78 74
78 23
78 24
78 27
78 61
78 62
78 63
79 66
79 7
79 72
79 78
79 14
79 23
79 26
79 63
80 0
80 32
80 66
80 72
80 10
80 11
80 12
80 14
80 61
80 74
80 78
80 86
80 24
80 60
80 42
80 85
80 63
81 0
81 2
81 4
81 8
81 13
81 14
81 22
81 24
81 25
81 32
81 48
81 50
81 52
81 58
81 61
81 66
81 72
81 74
81 75
81 81
81 83
81 85
81 86
82 0
82 32
82 7
82 8
82 74
82 75
82 12
82 13
82 14
82 50
82 51
82 78
82 26
82 60
82 85
82 63
83 32
83 33
83 2
83 75
83 7
83 9
83 74
83 11
83 12
83 66
83 78
83 50
83 83
83 85
83 87
83 26
83 27
83 60
83 62
83 63
84 32
84 42
84 85
84 61
85 0
85 32
85 66
85 81
85 7
85 72
85 74
85 75
85 12
85 78
85 61
85 17
85 50
85 83
85 52
85 23
85 25
85 29
85 62
85 63
86 2
86 8
86 9
86 10
86 11
86 13
86 14
86 17
86 24
86 25
86 26
86 27
86 29
86 32
86 33
86 42
86 43
86 47
86 48
86 60
86 61
86 66
86 72
86 74
86 75
86 78
86 83
87 0
87 2
87 7
87 10
87 13
87 14
87 17
87 23
87 25
87 26
87 29
87 32
87 37
87 48
87 50
87 60
87 63
87 66
87 72
87 74
87 75
87 78
87 81
87 83
87 85
