88
0 1
0 34
0 35
0 74
0 77
0 14
0 51
0 25
0 28
0 29
0 62
1 1
1 66
1 47
1 42
1 2
1 79
1 49
1 82
1 87
1 27
1 62
2 0
2 32
2 66
2 35
2 33
2 38
2 7
2 8
2 64
2 10
2 75
2 12
2 77
2 49
2 53
2 57
2 58
2 27
2 74
2 69
2 63
3 0
3 32
3 2
3 69
3 7
3 74
3 45
3 46
3 80
3 58
3 52
3 26
3 29
3 62
3 31
4 0
4 19
4 69
4 33
4 11
4 12
4 45
4 78
4 80
4 83
4 63
4 5
5 0
5 66
5 6
5 7
5 42
5 43
5 45
5 80
5 49
5 82
5 53
5 61
6 32
6 16
6 45
6 67
6 74
6 43
6 77
6 13
6 80
6 82
7 19
7 1
7 2
7 35
7 73
7 83
7 45
7 14
7 80
7 49
7 51
7 57
7 27
7 31
8 32
8 33
8 2
8 35
8 5
8 38
8 7
8 41
8 42
8 75
8 76
8 81
8 80
8 49
8 20
8 22
8 58
8 28
8 61
8 30
8 31
9 33
9 2
9 43
9 38
9 8
9 80
9 11
9 77
9 14
9 48
9 50
9 67
9 85
9 29
9 31
10 32
10 33
10 66
10 68
10 65
10 7
10 64
10 41
10 10
10 83
10 45
10 48
10 49
10 51
10 74
10 86
10 60
10 29
10 63
11 32
11 1
11 4
11 5
11 38
11 7
11 64
11 79
11 13
11 14
11 45
11 19
11 86
11 57
11 25
11 26
11 59
11 60
11 29
11 69
11 51
12 0
12 8
12 13
12 16
12 19
12 26
12 38
12 39
12 41
12 42
12 43
12 45
12 49
12 51
12 57
12 59
12 60
12 65
12 67
12 70
12 77
12 83
13 2
13 67
13 38
13 8
13 41
13 23
13 45
13 79
13 48
13 21
13 87
13 29
13 63
14 64
14 35
14 3
14 70
14 51
14 7
14 8
14 41
14 10
14 39
14 13
14 43
14 82
14 19
14 20
14 85
14 57
14 24
14 25
14 26
14 58
16 43
16 35
17 1
17 38
17 51
17 7
17 74
17 79
17 83
17 84
17 27
17 10
18 64
18 33
18 2
18 3
18 68
18 73
18 74
18 77
18 48
18 49
18 62
19 80
19 2
19 5
19 43
19 13
19 14
19 79
19 16
19 50
19 83
19 22
19 24
19 57
19 59
19 61
21 57
21 13
21 87
22 57
22 74
22 19
23 0
23 7
23 9
23 14
23 16
23 19
23 27
23 30
23 32
23 35
23 38
23 39
23 43
23 45
23 59
23 62
23 65
23 66
23 67
23 74
23 77
23 83
24 41
24 66
24 5
26 5
26 7
26 43
26 80
26 50
26 58
26 29
26 69
27 74
28 49
28 5
28 38
29 3
29 5
29 38
29 39
29 12
29 77
29 83
29 62
29 69
30 66
30 4
30 69
30 49
30 78
30 81
30 83
30 57
30 58
30 60
31 32
31 33
31 66
31 35
31 69
31 8
31 74
31 12
31 14
31 83
31 60
31 42
31 62
32 34
32 35
32 39
32 74
32 77
32 13
32 51
32 27
32 42
32 62
33 64
33 32
33 39
33 41
33 43
33 12
33 78
33 44
33 49
33 82
33 60
34 2
34 35
34 69
34 71
34 7
34 76
34 66
34 80
34 82
34 57
34 26
34 58
35 32
35 38
35 8
35 13
35 80
35 49
35 19
35 26
35 27
35 60
36 64
36 33
36 2
36 35
36 36
36 5
36 38
36 77
36 8
36 74
36 43
36 44
36 66
36 46
36 47
36 80
36 52
36 23
36 63
37 33
37 66
37 38
37 6
37 7
37 8
37 10
37 71
37 45
37 14
37 77
37 82
37 51
37 84
37 23
37 83
37 29
37 62
37 31
38 0
38 2
38 7
38 12
38 13
38 14
38 33
38 37
38 41
38 45
38 47
38 51
38 52
38 53
38 58
38 59
38 63
38 67
38 69
38 71
38 73
38 77
38 80
39 67
39 5
39 6
39 74
39 51
39 26
39 59
40 64
40 33
40 2
40 3
40 68
40 72
40 14
40 79
40 49
40 82
41 0
41 33
41 2
41 35
41 5
41 7
41 72
41 43
41 79
41 80
41 53
42 79
42 14
42 7
43 32
43 65
43 2
43 5
43 39
43 74
43 43
43 66
43 79
43 16
43 81
43 51
43 69
43 83
43 26
43 60
43 58
43 62
43 37
44 32
44 34
44 35
44 4
44 70
44 7
44 43
44 52
44 24
45 43
45 5
46 41
46 43
46 6
47 33
47 66
47 67
47 36
47 6
47 39
47 73
47 60
47 45
47 79
47 41
47 28
49 33
49 67
49 8
49 14
49 49
49 57
49 26
49 59
49 63
50 2
50 5
50 70
50 8
50 73
50 77
50 14
50 80
50 81
50 21
50 57
50 59
50 63
51 83
51 62
52 33
52 6
52 73
52 10
52 43
52 12
52 13
52 56
52 25
52 26
52 59
52 29
54 64
54 65
54 5
54 12
54 13
54 14
54 79
54 22
54 24
54 27
54 29
54 63
55 64
56 64
56 36
56 69
56 39
56 73
56 74
56 14
56 17
56 82
56 54
56 58
56 42
58 64
58 66
58 67
58 68
58 49
58 8
58 74
58 81
58 10
58 57
58 27
58 60
58 29
59 0
59 51
59 67
59 38
59 6
59 64
59 9
59 12
59 77
59 79
59 81
59 19
59 73
59 41
59 57
59 26
59 86
59 58
59 63
60 65
60 69
60 38
60 73
60 19
60 51
60 29
60 30
60 31
62 0
62 1
62 2
62 75
62 38
62 33
62 7
62 78
62 45
62 46
62 77
62 48
62 82
62 21
62 58
62 62
62 53
63 2
63 51
63 39
64 64
64 33
64 83
64 35
64 82
64 5
64 7
64 8
64 41
64 42
64 39
64 77
64 14
64 18
64 51
64 62
64 57
64 26
64 60
64 30
64 31
66 32
66 2
66 5
66 38
66 42
66 49
66 82
66 51
66 26
66 27
66 63
67 74
67 10
67 71
68 32
68 64
68 66
68 5
68 38
68 7
68 74
68 71
68 13
68 14
68 79
68 50
68 19
68 52
68 57
68 83
68 25
68 69
68 65
68 62
68 63
69 32
69 68
69 34
69 66
69 5
69 6
69 7
69 10
69 43
69 76
69 13
69 14
69 45
69 81
69 42
69 25
69 71
69 59
69 29
69 62
69 63
70 0
70 2
70 39
70 73
70 43
70 76
70 47
70 83
70 25
71 0
71 57
71 10
72 0
72 66
72 73
72 10
72 44
72 50
73 80
73 19
73 79
74 1
74 66
74 38
74 71
74 77
74 49
74 27
74 61
76 34
76 35
76 4
76 38
76 8
76 73
76 45
76 49
76 83
76 84
76 23
77 0
77 2
77 6
77 9
77 10
77 14
77 19
77 22
77 26
77 29
77 31
77 32
77 39
77 44
77 45
77 49
77 57
77 62
77 66
77 73
77 74
77 76
77 79
78 32
78 1
78 2
78 38
78 8
78 45
78 40
78 82
78 51
78 59
78 60
78 62
79 72
79 41
79 67
80 67
80 8
80 10
80 77
80 72
80 59
80 62
82 0
82 32
82 66
82 69
82 39
82 10
82 80
82 50
82 74
82 57
82 42
82 62
83 51
83 39
83 41
83 14
83 49
83 82
83 83
84 0
84 32
84 35
84 5
84 33
84 45
84 85
84 29
85 33
85 42
85 51
86 33
86 82
86 6
86 39
86 40
86 9
86 42
86 44
86 13
86 45
86 49
86 50
86 19
86 74
86 86
86 73
86 25
86 63
86 29
86 62
86 51
87 0
87 66
87 35
87 38
87 49
87 8
87 10
87 13
87 45
87 81
87 82
87 51
87 60
87 62
