88
0 0
0 65
0 2
0 36
0 64
0 44
0 46
0 26
0 28
0 62
0 63
1 65
1 36
1 38
1 1
1 9
1 46
1 82
1 28
2 0
2 1
2 36
2 38
2 6
2 65
2 9
2 87
2 44
2 46
2 82
2 22
2 23
2 26
2 28
3 26
3 5
4 1
4 63
5 0
5 65
5 36
5 5
5 6
5 9
5 10
5 87
5 44
5 46
5 82
5 83
5 23
5 26
5 63
5 28
5 37
6 0
6 1
6 2
6 3
6 5
6 6
6 8
6 9
6 10
6 13
6 22
6 23
6 26
6 28
6 30
6 31
6 32
6 35
6 36
6 37
6 38
6 42
6 44
6 46
6 50
6 58
6 59
6 60
6 62
6 63
6 64
6 65
6 73
6 74
6 76
6 82
6 83
6 84
6 87
8 26
8 44
9 64
9 1
9 36
9 6
9 0
9 65
9 9
9 42
9 76
9 44
9 23
9 26
9 28
9 63
10 0
10 1
10 5
10 6
10 8
10 9
10 22
10 23
10 26
10 28
10 30
10 34
10 36
10 37
10 43
10 44
10 46
10 50
10 58
10 59
10 60
10 62
10 63
10 64
10 65
10 68
10 73
10 74
10 76
10 83
10 84
10 85
10 87
11 28
13 0
13 1
13 2
13 5
13 6
13 8
13 9
13 10
13 21
13 22
13 23
13 26
13 28
13 30
13 31
13 34
13 35
13 36
13 37
13 38
13 42
13 44
13 46
13 48
13 50
13 58
13 59
13 62
13 63
13 65
13 68
13 74
13 82
13 83
13 84
13 85
13 87
14 0
14 1
14 36
14 6
14 42
14 43
14 82
14 23
14 26
14 28
14 30
16 38
17 36
20 0
20 38
20 6
20 42
20 44
20 82
20 84
20 22
20 23
20 26
20 28
20 63
21 0
21 1
21 2
21 36
21 6
21 65
21 10
21 87
21 44
21 13
21 46
21 50
21 82
21 22
21 23
21 26
21 28
21 62
21 63
22 0
22 65
22 59
22 36
22 37
22 6
22 64
22 44
22 46
22 38
22 28
22 63
23 0
23 1
23 3
23 5
23 6
23 8
23 9
23 10
23 21
23 22
23 23
23 26
23 28
23 30
23 31
23 34
23 35
23 36
23 38
23 43
23 44
23 46
23 48
23 50
23 58
23 60
23 62
23 63
23 64
23 65
23 68
23 74
23 76
23 82
23 83
23 84
23 85
23 87
24 1
24 28
24 6
25 65
25 28
25 46
26 26
26 63
27 0
27 1
27 36
27 5
27 6
27 9
27 44
27 46
27 62
27 87
27 68
27 26
27 28
27 30
27 63
28 6
29 0
29 1
29 36
29 5
29 6
29 65
29 64
29 9
29 82
29 46
29 50
29 22
29 23
29 68
29 26
29 63
29 28
29 62
29 31
30 23
31 0
31 1
31 34
31 36
31 6
31 65
31 64
31 23
31 44
31 84
31 87
31 26
31 62
31 63
32 65
32 36
32 6
32 1
32 82
32 26
33 26
33 28
33 6
33 63
34 0
34 1
34 36
34 6
34 9
34 44
34 46
34 53
34 23
34 26
34 28
34 63
35 65
35 26
35 63
36 1
36 36
36 5
36 6
36 65
36 42
36 44
36 46
36 82
36 84
36 22
36 23
36 26
36 38
36 28
36 62
36 63
37 0
37 82
37 63
37 44
37 23
38 0
38 58
38 23
39 0
39 65
39 44
39 46
39 21
39 87
40 36
41 0
41 65
41 34
41 9
41 42
41 23
41 44
41 46
41 87
41 26
41 28
41 63
42 6
42 44
42 46
42 82
42 26
42 28
43 36
43 42
43 44
43 23
43 26
43 62
44 0
44 1
44 5
44 6
44 9
44 10
44 21
44 22
44 23
44 26
44 28
44 30
44 31
44 32
44 34
44 35
44 36
44 37
44 38
44 42
44 43
44 46
44 48
44 50
44 58
44 59
44 60
44 62
44 63
44 64
44 65
44 73
44 76
44 82
44 83
44 84
44 87
45 0
45 1
45 34
45 36
45 5
45 6
45 65
45 9
45 42
45 87
45 44
45 46
45 82
45 62
45 22
45 23
45 26
45 38
45 30
45 63
46 0
46 1
46 2
46 64
46 5
46 6
46 63
46 8
46 9
46 42
46 46
46 82
46 23
46 26
46 38
46 65
46 62
46 31
47 0
47 42
47 44
47 46
47 82
47 23
47 26
47 63
47 28
47 62
47 31
48 46
49 28
50 0
50 5
50 6
50 8
50 9
50 10
50 13
50 21
50 22
50 23
50 26
50 28
50 32
50 36
50 37
50 38
50 42
50 43
50 44
50 46
50 48
50 59
50 60
50 62
50 63
50 65
50 68
50 73
50 76
50 82
50 84
50 85
50 87
51 1
51 23
52 0
52 1
52 2
52 5
52 6
52 8
52 9
52 10
52 13
52 22
52 23
52 26
52 28
52 31
52 32
52 34
52 35
52 36
52 38
52 42
52 43
52 44
52 46
52 48
52 50
52 58
52 59
52 60
52 62
52 63
52 64
52 65
52 68
52 82
52 83
52 84
52 85
52 87
53 0
53 1
53 36
53 6
53 73
53 42
53 46
53 82
53 87
53 26
53 28
53 63
54 28
54 62
54 23
55 0
55 1
55 36
55 38
55 6
55 63
55 44
55 46
55 82
55 73
55 23
55 26
55 59
55 58
55 31
56 0
56 64
56 36
56 6
56 44
56 82
56 84
56 22
56 23
56 26
56 59
56 28
56 62
56 63
57 0
57 1
57 2
57 5
57 6
57 8
57 9
57 13
57 21
57 22
57 23
57 26
57 28
57 30
57 35
57 36
57 37
57 38
57 42
57 43
57 44
57 46
57 48
57 62
57 63
57 64
57 65
57 68
57 73
57 82
57 83
57 84
57 85
57 87
58 0
58 1
58 36
58 5
58 65
58 64
58 76
58 42
58 87
58 44
58 13
58 46
58 50
58 83
58 84
58 82
58 23
58 74
58 62
58 63
60 0
60 1
60 2
60 5
60 6
60 8
60 9
60 10
60 13
60 22
60 23
60 26
60 28
60 31
60 32
60 34
60 36
60 37
60 38
60 42
60 43
60 44
60 46
60 50
60 53
60 58
60 59
60 60
60 62
60 63
60 64
60 65
60 68
60 73
60 76
60 82
60 84
60 85
60 87
61 36
62 28
62 23
65 0
65 1
65 2
65 6
65 9
65 23
65 26
65 28
65 32
65 36
65 38
65 42
65 44
65 46
65 63
65 64
65 65
65 73
65 82
65 84
65 85
65 87
66 63
67 28
67 63
67 36
67 23
68 65
68 23
68 28
68 63
68 1
69 0
69 1
69 38
69 6
69 65
69 64
69 9
69 42
69 87
69 44
69 82
69 22
69 23
69 26
69 28
69 74
69 62
69 63
70 36
71 1
71 36
71 65
71 76
71 23
71 68
72 0
72 1
72 36
72 82
72 28
72 63
73 0
73 1
73 44
73 26
73 28
73 63
74 82
74 36
74 46
74 63
75 0
75 65
75 36
75 1
75 23
75 46
75 82
75 22
75 87
75 26
75 28
75 63
76 0
76 1
76 6
76 9
76 23
76 46
76 82
76 87
76 26
76 28
76 62
76 63
77 82
77 28
78 0
78 1
78 36
78 5
78 6
78 65
78 64
78 9
78 43
78 44
78 46
78 76
78 82
78 84
78 22
78 87
78 26
78 28
78 62
78 63
79 36
81 0
81 26
81 36
81 46
81 63
82 0
82 1
82 5
82 6
82 8
82 9
82 10
82 13
82 22
82 23
82 26
82 28
82 30
82 31
82 36
82 37
82 38
82 43
82 44
82 46
82 60
82 62
82 63
82 64
82 65
82 76
82 82
82 83
86 64
86 0
86 68
86 6
86 9
86 44
86 82
86 23
86 36
86 26
86 28
86 63
