88
0 33
0 54
0 6
0 8
0 74
0 13
0 85
0 22
0 57
0 27
1 34
1 37
1 9
1 43
1 45
1 82
1 19
1 20
1 24
1 59
1 30
2 57
2 10
2 67
2 82
2 61
3 66
3 4
3 70
3 74
3 78
3 79
3 86
3 27
4 66
4 60
4 74
4 46
4 45
5 76
6 27
6 54
6 36
6 70
6 6
7 34
7 66
7 86
7 72
7 73
7 42
7 75
7 13
7 77
7 15
7 80
7 22
7 24
7 79
7 31
8 66
8 61
9 56
9 10
9 27
9 36
9 86
10 34
10 4
10 8
10 9
10 87
10 13
10 78
10 80
10 49
10 19
10 84
10 41
10 25
10 26
10 63
10 36
11 34
11 3
11 66
11 86
11 40
11 42
11 45
11 79
11 49
11 18
11 85
11 54
11 60
11 61
11 30
12 33
12 66
12 3
12 69
12 76
12 79
12 24
12 27
12 61
13 65
13 66
13 36
13 69
13 6
13 75
13 44
13 45
13 78
13 47
13 49
13 85
13 15
13 70
13 63
14 33
14 34
14 36
14 39
14 73
14 76
14 47
14 86
14 24
14 61
16 60
17 64
17 65
17 34
17 3
17 33
17 8
17 75
17 79
17 35
17 23
17 24
17 25
17 61
18 32
18 67
18 39
18 8
18 41
18 10
18 75
18 47
18 40
18 82
18 19
18 73
18 55
18 24
18 27
18 31
19 0
19 32
19 66
19 6
19 33
19 74
19 71
19 80
19 49
19 86
19 23
19 24
19 57
19 58
19 27
21 64
21 33
21 67
21 36
21 8
21 41
21 10
21 47
21 17
21 82
21 79
21 20
21 52
21 27
21 62
21 63
22 33
22 76
22 48
22 56
22 24
22 27
22 61
22 63
23 20
23 30
24 2
24 3
24 71
25 33
25 66
25 4
25 70
25 39
25 72
25 42
25 76
25 45
25 79
25 48
25 22
25 87
25 24
25 36
25 61
26 33
26 67
26 71
26 39
26 13
26 46
26 43
26 50
26 22
26 23
26 25
26 27
27 66
27 37
27 72
27 9
27 76
27 45
27 19
27 54
27 26
28 8
28 77
28 46
28 19
28 56
28 61
28 62
30 34
30 35
30 36
30 37
30 6
30 8
30 10
30 15
30 17
30 50
30 86
30 24
30 62
31 64
31 34
31 8
31 21
31 54
31 24
32 64
32 34
32 3
32 36
32 37
32 38
32 8
32 10
32 78
32 47
32 72
32 82
32 22
32 24
32 70
32 61
33 64
33 19
33 11
33 68
34 66
34 36
34 22
34 55
34 46
34 47
34 50
34 53
34 86
34 23
35 0
35 32
35 34
35 35
35 70
35 33
35 39
35 45
35 77
35 47
35 19
35 56
35 58
35 61
35 63
36 33
36 72
36 76
36 13
36 47
36 49
36 58
36 79
37 0
37 34
37 35
37 69
37 6
37 72
37 73
37 75
37 70
37 46
37 79
37 56
37 18
37 19
37 78
37 86
37 24
37 27
37 60
37 62
37 85
38 0
38 2
38 68
38 39
38 12
38 34
38 46
38 47
38 17
38 56
38 24
39 33
39 34
39 47
39 66
39 79
39 85
39 27
40 64
40 33
40 4
40 80
40 19
40 24
41 36
41 8
41 42
41 80
41 85
41 24
41 61
42 69
42 38
42 15
42 76
42 23
42 12
42 79
42 48
42 50
42 54
42 87
42 27
42 61
42 30
43 0
43 33
43 2
43 67
43 36
43 6
43 39
43 76
43 45
43 78
43 47
43 80
43 82
43 21
43 22
43 26
43 85
44 36
44 6
44 73
44 79
44 75
44 76
44 13
44 45
44 18
44 52
44 82
44 24
44 47
44 30
44 63
45 66
45 11
45 54
45 7
45 8
45 75
45 77
45 78
45 48
45 62
45 22
45 39
45 26
45 30
46 33
46 2
46 67
46 68
46 6
46 73
46 23
46 76
46 45
46 61
46 87
46 57
46 26
46 58
47 0
47 3
47 36
47 69
47 39
47 42
47 11
47 47
47 49
47 35
47 20
47 84
47 58
47 27
47 30
47 31
48 65
48 36
48 10
48 12
48 46
48 79
48 18
48 20
48 22
48 56
48 31
49 0
49 33
49 34
49 35
49 66
49 37
49 6
49 10
49 45
49 47
49 19
49 54
49 68
49 86
49 61
50 33
50 34
50 36
50 70
50 39
50 8
50 73
50 42
50 71
50 45
50 77
50 47
50 40
50 50
50 66
50 86
50 72
50 79
50 85
50 63
51 67
51 72
51 76
51 78
51 84
51 22
51 24
51 58
52 32
52 67
52 4
52 6
52 71
52 42
52 77
52 15
52 82
52 35
52 61
52 30
53 65
53 66
53 67
53 6
53 74
53 50
53 49
53 18
53 20
53 62
53 86
53 52
53 26
53 27
53 58
53 30
53 63
54 66
54 35
54 70
54 40
54 76
54 85
54 25
54 27
54 53
55 0
55 66
55 73
55 79
55 48
55 82
55 52
55 24
55 25
55 58
55 15
56 66
56 37
56 40
56 41
56 43
56 86
56 24
56 26
56 60
57 33
57 66
57 3
57 6
57 74
57 22
57 58
57 61
58 69
58 39
58 73
58 47
58 48
58 53
59 17
59 23
59 77
59 86
59 21
60 8
60 33
60 58
60 12
60 63
61 32
61 64
61 66
61 3
61 37
61 70
61 7
61 72
61 41
61 74
61 12
61 45
61 46
61 76
61 23
61 56
61 25
61 58
61 27
61 61
61 69
62 33
62 45
62 69
62 65
62 40
62 44
62 77
62 15
62 26
63 80
63 81
63 10
63 68
63 61
65 2
65 35
65 68
65 76
65 66
65 15
65 56
65 82
65 85
65 24
65 26
66 38
66 39
66 46
66 80
66 53
66 87
66 58
66 61
67 34
67 75
67 70
67 39
67 40
67 62
67 12
67 66
67 48
67 72
67 19
67 53
67 57
67 60
67 30
67 85
68 64
68 8
68 41
68 75
68 12
68 13
68 78
68 85
69 61
70 10
70 18
70 21
70 23
70 24
70 30
71 67
71 68
71 69
71 78
71 49
71 82
71 86
71 26
72 33
72 34
72 49
72 8
72 42
72 12
72 15
72 48
72 40
72 86
72 25
72 47
72 61
72 62
73 64
73 33
73 86
73 70
73 6
73 71
73 8
73 41
73 76
73 77
73 79
73 82
73 19
73 20
73 54
73 23
73 24
73 25
73 60
73 61
73 30
74 33
74 36
74 6
74 39
74 41
74 74
74 75
74 76
74 60
75 0
75 36
75 12
75 45
75 79
75 50
75 87
75 26
75 30
76 0
76 36
76 69
76 70
76 79
76 62
77 3
77 41
77 23
77 47
77 50
77 85
77 22
77 87
77 27
78 65
78 34
78 36
78 6
78 74
78 45
78 24
78 25
78 58
79 32
79 33
79 68
79 67
79 4
79 6
79 8
79 47
79 45
79 46
79 15
79 48
79 72
79 62
79 25
79 58
79 27
79 60
79 30
79 63
80 3
80 6
80 7
80 39
80 13
80 78
80 79
80 82
80 53
80 24
80 58
80 61
81 40
81 33
81 45
81 70
82 32
82 66
82 67
82 7
82 39
82 34
82 47
82 20
82 22
82 27
82 62
83 30
84 79
84 34
84 35
84 36
84 70
84 6
84 42
84 44
84 13
84 45
84 19
84 21
84 87
84 56
84 26
84 27
85 3
85 4
85 38
85 39
85 10
85 76
85 79
85 67
85 23
85 24
85 36
85 26
85 30
86 34
86 36
86 37
86 70
86 9
86 10
86 78
86 79
86 80
86 49
86 84
86 23
86 24
86 60
86 30
87 33
87 34
87 36
87 69
87 6
87 39
87 73
87 76
87 66
87 78
87 77
87 17
87 54
87 23
87 68
87 70
87 61
87 65
