88
0 2
0 68
0 37
0 70
0 9
0 74
0 66
0 46
0 16
0 49
0 83
0 57
0 55
0 25
0 26
0 58
5 80
5 2
5 74
5 36
5 37
5 8
5 10
5 12
5 34
5 77
5 45
5 48
5 81
5 83
5 20
5 66
5 23
5 84
5 26
5 29
6 1
6 68
6 65
6 7
6 40
6 9
6 75
6 76
6 14
6 15
6 81
6 82
6 20
6 79
6 29
6 30
7 0
7 12
7 20
7 29
7 30
7 36
7 37
7 40
7 41
7 44
7 46
7 48
7 51
7 53
7 57
7 61
7 64
7 70
7 73
7 77
7 78
7 82
7 84
8 0
8 32
8 66
8 65
8 39
8 40
8 9
8 10
8 12
8 79
8 16
8 74
8 53
8 55
8 84
8 29
9 0
9 68
9 70
9 7
9 41
9 74
9 39
9 46
9 83
9 23
9 36
9 63
9 60
9 31
10 2
10 3
10 36
10 69
10 7
10 8
10 41
10 75
10 12
10 45
10 14
10 44
10 48
10 49
10 68
10 60
10 29
10 30
11 65
11 83
11 35
11 70
11 7
11 40
11 75
11 46
11 15
11 87
11 72
11 82
11 51
11 78
11 23
11 26
11 47
12 1
12 35
12 36
12 69
12 70
12 39
12 9
12 74
12 55
12 76
12 16
12 71
12 51
12 48
12 41
12 57
12 26
12 60
12 29
12 31
16 0
16 1
16 66
16 68
16 5
16 39
16 41
16 87
16 78
16 13
16 14
16 80
16 51
16 84
16 21
16 73
16 60
16 69
16 53
17 64
17 35
17 5
17 7
17 40
17 46
17 47
17 30
17 63
20 0
20 3
20 36
20 40
20 44
20 87
20 12
20 14
20 61
20 84
20 46
20 73
20 68
20 60
20 53
20 31
21 1
21 70
21 7
21 8
21 41
21 10
21 62
21 44
21 81
21 82
21 84
21 53
21 73
21 25
21 30
23 0
23 1
23 2
23 66
23 69
23 70
23 39
23 74
23 76
23 13
23 79
23 48
23 20
23 23
23 31
25 0
25 2
25 35
25 68
25 5
25 39
25 76
25 13
25 45
25 16
25 82
25 19
25 20
25 53
25 23
25 47
25 29
25 69
25 37
26 84
26 1
26 74
26 5
26 70
26 65
26 73
26 10
26 43
26 76
26 13
26 78
26 80
26 19
26 20
26 23
26 55
26 71
26 29
27 0
27 1
27 34
27 48
27 84
27 7
27 10
27 12
27 45
27 14
27 77
27 16
27 82
27 51
27 20
27 23
27 57
27 26
27 63
30 33
30 66
30 75
30 5
30 39
30 7
30 13
30 77
30 15
30 80
30 49
30 82
30 84
30 55
30 58
31 1
31 35
31 68
31 39
31 41
31 10
31 47
31 80
31 51
31 20
31 53
31 55
31 26
31 30
32 84
32 83
32 40
32 73
32 10
32 76
32 46
32 81
32 19
32 20
32 9
32 52
32 63
33 0
33 5
33 7
33 12
33 13
33 15
33 16
33 29
33 30
33 35
33 36
33 45
33 53
33 65
33 66
33 70
33 74
33 76
33 80
33 81
33 82
33 84
35 65
35 2
35 35
35 36
35 5
35 9
35 75
35 44
35 34
35 46
35 76
35 82
35 51
35 53
35 69
35 78
35 30
35 37
36 66
36 36
36 37
36 9
36 74
36 44
36 13
36 78
36 79
36 80
36 49
36 23
36 26
36 58
36 63
37 0
37 1
37 75
37 37
37 65
37 7
37 9
37 74
37 71
37 44
37 78
37 15
37 83
37 53
37 73
37 55
37 26
37 79
37 70
37 63
38 0
38 34
38 35
38 7
38 76
38 45
38 46
38 79
38 48
39 0
39 80
39 68
39 7
39 74
39 87
39 77
39 79
39 48
39 84
39 53
39 23
39 58
39 60
39 29
41 0
41 1
41 34
41 3
41 68
41 69
41 35
41 9
41 45
41 47
41 80
41 19
41 84
41 73
41 70
42 16
42 3
42 40
42 77
42 78
42 80
42 19
42 20
42 84
44 35
44 70
44 71
44 72
44 41
44 7
44 13
44 82
44 87
44 25
44 26
44 58
44 31
46 1
46 8
46 9
46 10
46 16
46 19
46 23
46 35
46 37
46 39
46 40
46 41
46 44
46 46
46 47
46 48
46 55
46 60
46 73
46 75
46 76
46 79
46 87
49 66
49 35
49 5
49 40
49 10
49 77
49 79
49 48
49 84
49 55
49 25
49 26
49 60
49 63
50 16
50 74
50 78
50 70
50 39
51 68
51 2
51 35
51 36
51 37
51 7
51 8
51 41
51 83
51 76
51 45
51 15
51 16
51 51
51 66
51 23
51 25
51 47
51 29
51 31
54 0
54 1
54 3
54 69
54 33
54 40
54 39
54 77
54 78
54 80
54 81
54 82
54 84
54 53
54 23
54 55
54 58
54 29
54 30
54 63
55 68
55 71
55 12
55 10
55 55
55 76
55 13
55 46
55 77
55 51
55 41
55 26
55 29
57 48
57 36
57 70
57 65
57 72
57 73
57 10
57 44
57 13
57 46
57 15
57 16
57 19
57 84
57 62
57 58
57 59
57 74
57 30
58 0
58 48
58 34
58 35
58 82
58 39
58 40
58 80
58 79
58 44
58 45
58 78
58 15
58 16
58 49
58 50
58 55
58 25
58 47
58 60
58 31
59 0
59 66
59 35
59 69
59 70
59 39
59 9
59 87
59 44
59 13
59 46
59 45
59 76
59 73
59 23
59 79
59 63
60 51
60 36
60 69
60 65
60 41
60 10
60 75
60 13
60 46
60 47
60 19
60 78
60 57
60 25
60 60
63 1
63 75
63 68
63 69
63 70
63 40
63 9
63 43
63 14
63 80
63 49
63 20
63 23
63 72
63 57
63 26
63 58
65 65
65 3
65 70
65 7
65 41
65 10
65 45
65 78
65 48
65 81
65 84
65 53
65 55
65 58
65 60
66 66
66 35
66 68
66 9
66 13
66 46
66 20
66 53
67 32
67 1
67 66
67 36
67 69
67 65
67 48
67 40
67 41
67 74
67 55
67 13
67 80
67 16
67 20
67 73
67 23
67 58
67 30
68 1
68 5
68 39
68 40
68 9
68 44
68 13
68 15
68 16
68 76
68 82
68 53
68 73
68 55
68 30
70 64
70 48
70 5
70 71
70 44
70 76
70 13
70 16
70 81
70 20
70 55
70 26
70 60
70 30
74 32
74 2
74 3
74 66
74 69
74 70
74 8
74 9
74 10
74 44
74 34
74 81
74 51
74 84
74 53
74 73
74 23
74 68
74 60
74 30
74 63
75 68
75 69
75 39
75 40
75 73
75 10
75 75
75 13
75 15
75 83
75 23
75 71
75 29
75 63
77 68
77 69
77 40
77 73
77 74
77 13
77 78
77 48
77 46
77 9
77 60
77 63
78 2
78 71
78 8
78 44
78 75
78 76
78 13
78 82
78 19
78 84
78 23
78 60
78 29
78 63
79 1
79 2
79 5
79 39
79 41
79 74
79 12
79 66
79 46
79 77
79 80
79 49
79 51
79 20
79 53
82 69
82 40
82 44
82 74
82 75
82 76
82 61
82 15
82 48
82 51
82 55
82 60
82 29
83 2
83 5
83 8
83 10
83 12
83 13
83 19
83 26
83 29
83 30
83 37
83 41
83 44
83 53
83 61
83 63
83 68
83 76
83 80
83 82
83 84
83 87
84 64
84 1
84 66
84 35
84 36
84 9
84 83
84 12
84 77
84 78
84 44
84 16
84 19
84 73
84 26
84 79
84 60
84 63
85 65
85 34
85 37
85 7
85 41
85 77
85 61
85 81
85 20
85 55
85 26
85 58
87 1
87 35
87 36
87 7
87 9
87 44
87 15
87 80
87 20
87 53
87 73
87 79
87 28
87 30
87 63
