88
0 2
0 6
0 13
0 18
0 20
0 27
0 31
0 33
0 35
0 36
0 39
0 45
0 47
0 49
0 50
0 51
0 52
0 54
0 55
0 58
0 60
0 66
0 71
0 73
0 74
0 75
0 78
1 0
1 2
1 4
1 6
1 7
1 25
1 27
1 34
1 35
1 36
1 37
1 40
1 42
1 44
1 47
1 55
1 57
1 58
1 60
1 61
1 65
1 70
1 73
1 74
1 75
1 78
1 79
1 80
2 2
2 3
2 4
2 6
2 7
2 8
2 18
2 24
2 25
2 26
2 34
2 35
2 36
2 39
2 40
2 46
2 47
2 48
2 49
2 50
2 53
2 55
2 57
2 58
2 70
2 74
2 75
2 77
2 78
2 79
2 81
2 82
3 6
3 7
3 10
3 20
3 24
3 25
3 27
3 32
3 34
3 35
3 36
3 37
3 40
3 42
3 43
3 47
3 48
3 53
3 55
3 56
3 57
3 58
3 60
3 63
3 65
3 70
3 71
3 73
3 74
3 75
3 76
3 77
3 80
3 81
3 86
4 14
4 18
4 20
4 26
4 27
4 32
4 36
4 42
4 47
4 52
4 57
4 58
4 61
4 63
4 66
4 70
4 72
4 74
4 75
4 78
4 79
4 81
4 82
6 2
6 4
6 7
6 18
6 20
6 23
6 26
6 27
6 29
6 35
6 36
6 37
6 38
6 41
6 42
6 47
6 53
6 55
6 56
6 58
6 70
6 74
6 75
6 77
6 80
6 83
10 6
10 9
10 13
10 18
10 20
10 21
10 22
10 25
10 27
10 33
10 34
10 35
10 36
10 39
10 42
10 52
10 53
10 54
10 57
10 58
10 63
10 65
10 66
10 72
10 73
10 75
10 77
10 80
13 2
13 4
13 6
13 10
13 18
13 24
13 25
13 26
13 27
13 30
13 32
13 37
13 38
13 41
13 47
13 48
13 53
13 58
13 70
13 72
13 73
13 74
13 76
13 78
13 81
13 82
13 86
16 26
17 81
17 42
17 36
17 26
19 0
19 2
19 4
19 6
19 7
19 16
19 18
19 20
19 24
19 25
19 27
19 30
19 32
19 34
19 35
19 36
19 37
19 40
19 42
19 47
19 48
19 49
19 55
19 58
19 60
19 61
19 62
19 65
19 66
19 70
19 72
19 81
19 82
19 87
22 4
22 6
22 7
22 9
22 10
22 13
22 20
22 21
22 24
22 25
22 26
22 27
22 30
22 34
22 35
22 36
22 37
22 38
22 42
22 47
22 48
22 49
22 53
22 57
22 58
22 65
22 73
22 75
22 77
22 78
22 80
24 2
24 4
24 9
24 21
24 25
24 26
24 27
24 31
24 32
24 33
24 34
24 36
24 37
24 42
24 45
24 47
24 53
24 55
24 57
24 58
24 61
24 65
24 66
24 72
24 74
24 75
24 77
34 4
34 6
34 13
34 18
34 20
34 26
34 27
34 34
34 37
34 39
34 41
34 42
34 47
34 48
34 53
34 55
34 57
34 61
34 63
34 65
34 67
34 70
34 73
34 74
34 75
34 78
34 82
34 87
35 2
35 4
35 7
35 18
35 20
35 23
35 30
35 33
35 34
35 35
35 36
35 37
35 39
35 42
35 47
35 48
35 53
35 55
35 57
35 60
35 73
35 74
35 75
35 78
35 81
35 82
37 4
37 6
37 7
37 8
37 9
37 10
37 18
37 20
37 24
37 26
37 27
37 34
37 35
37 36
37 37
37 42
37 50
37 51
37 53
37 55
37 57
37 60
37 67
37 70
37 72
37 73
37 75
37 78
37 79
37 80
37 81
37 82
42 2
42 6
42 16
42 21
42 25
42 27
42 31
42 33
42 37
42 40
42 48
42 49
42 53
42 55
42 56
42 57
42 65
42 70
42 72
42 75
42 76
42 78
42 79
42 80
42 81
42 82
44 4
44 8
44 10
44 13
44 25
44 26
44 32
44 35
44 36
44 37
44 42
44 47
44 48
44 49
44 50
44 55
44 56
44 57
44 58
44 60
44 65
44 72
44 73
44 74
44 78
44 80
44 81
45 4
45 8
45 9
45 10
45 13
45 18
45 20
45 24
45 26
45 27
45 34
45 35
45 39
45 42
45 48
45 49
45 53
45 55
45 57
45 58
45 73
45 74
45 75
45 77
45 78
45 79
45 80
45 81
50 2
50 5
50 6
50 7
50 17
50 18
50 20
50 21
50 27
50 35
50 36
50 37
50 40
50 42
50 44
50 46
50 47
50 49
50 50
50 55
50 57
50 58
50 63
50 65
50 70
50 73
50 74
50 78
50 79
50 80
50 81
50 82
50 87
52 2
52 6
52 10
52 20
52 24
52 25
52 26
52 27
52 30
52 31
52 35
52 37
52 41
52 43
52 47
52 52
52 56
52 57
52 58
52 60
52 70
52 72
52 73
52 74
52 78
52 79
52 81
52 87
56 4
56 6
56 7
56 9
56 10
56 18
56 20
56 24
56 25
56 26
56 27
56 29
56 31
56 39
56 42
56 45
56 47
56 56
56 57
56 61
56 65
56 72
56 74
56 75
56 79
56 81
56 82
58 4
58 10
58 18
58 20
58 25
58 27
58 30
58 33
58 35
58 36
58 37
58 39
58 43
58 46
58 47
58 48
58 50
58 55
58 58
58 66
58 75
58 76
58 78
58 80
58 81
58 87
59 33
59 35
59 4
59 72
59 80
59 45
59 78
59 47
59 48
59 81
59 82
59 67
59 20
59 57
59 25
59 26
59 36
60 1
60 5
60 9
60 10
60 18
60 20
60 23
60 26
60 34
60 35
60 37
60 39
60 43
60 45
60 49
60 52
60 53
60 56
60 58
60 60
60 61
60 70
60 74
60 75
60 81
60 82
60 87
62 2
62 5
62 7
62 20
62 26
62 31
62 34
62 35
62 36
62 37
62 42
62 46
62 47
62 52
62 53
62 55
62 57
62 58
62 65
62 70
62 71
62 74
62 75
62 77
62 78
62 81
64 34
64 73
64 43
64 47
64 55
64 27
66 4
66 6
66 10
66 17
66 20
66 25
66 26
66 30
66 32
66 36
66 37
66 38
66 40
66 42
66 43
66 47
66 48
66 49
66 50
66 52
66 53
66 55
66 58
66 65
66 70
66 72
66 73
66 75
66 78
66 80
66 82
70 4
70 6
70 7
70 9
70 10
70 18
70 20
70 22
70 26
70 27
70 32
70 34
70 35
70 36
70 37
70 42
70 44
70 45
70 47
70 49
70 52
70 53
70 57
70 74
70 77
70 81
70 82
72 1
72 6
72 20
72 26
72 33
72 35
72 37
72 42
72 45
72 47
72 48
72 50
72 53
72 57
72 58
72 60
72 63
72 70
72 73
72 74
72 77
72 78
72 81
73 34
73 75
73 36
73 74
73 81
73 73
73 42
73 55
73 48
73 49
73 82
73 57
73 20
73 53
73 25
73 4
73 26
73 61
73 85
77 4
77 5
77 6
77 9
77 20
77 26
77 27
77 31
77 34
77 37
77 42
77 45
77 48
77 57
77 58
77 65
77 71
77 72
77 73
77 74
77 75
77 76
77 78
77 80
77 81
77 82
78 6
78 7
78 25
78 26
78 27
78 30
78 31
78 32
78 34
78 35
78 36
78 37
78 40
78 42
78 45
78 47
78 48
78 49
78 53
78 55
78 56
78 58
78 65
78 70
78 87
81 0
81 4
81 6
81 7
81 18
81 20
81 23
81 27
81 34
81 36
81 37
81 38
81 42
81 44
81 47
81 52
81 55
81 57
81 58
81 60
81 65
81 66
81 74
81 75
81 76
81 77
81 78
81 80
81 81
81 82
83 66
83 36
83 70
83 81
83 73
83 42
83 75
83 44
83 47
83 80
83 49
83 50
83 83
83 55
83 57
83 26
83 27
83 60
83 58
