88
0 0
0 6
0 8
0 9
0 10
0 11
0 13
0 14
0 18
0 20
0 22
0 23
0 25
0 26
0 27
0 30
0 31
0 34
0 35
0 37
0 38
0 40
0 41
0 44
0 45
0 46
0 47
0 52
0 57
0 59
0 60
0 63
0 64
0 65
0 67
0 68
0 70
0 71
0 73
0 76
0 78
0 80
0 81
0 83
0 87
2 6
2 7
2 8
2 10
2 11
2 12
2 13
2 14
2 17
2 20
2 23
2 25
2 30
2 31
2 32
2 34
2 35
2 36
2 38
2 40
2 41
2 44
2 45
2 46
2 47
2 51
2 52
2 59
2 60
2 62
2 63
2 64
2 66
2 68
2 70
2 71
2 72
2 74
2 76
2 78
2 80
2 81
2 83
3 6
3 7
3 8
3 9
3 10
3 11
3 12
3 13
3 14
3 15
3 17
3 18
3 20
3 22
3 23
3 25
3 30
3 31
3 32
3 35
3 36
3 40
3 41
3 44
3 46
3 47
3 50
3 51
3 54
3 55
3 57
3 59
3 61
3 63
3 64
3 65
3 67
3 68
3 70
3 71
3 73
3 74
3 76
3 77
3 78
3 79
3 80
3 81
3 83
3 86
4 6
4 7
4 8
4 9
4 10
4 13
4 18
4 20
4 22
4 23
4 25
4 26
4 30
4 32
4 34
4 35
4 37
4 38
4 40
4 41
4 44
4 45
4 46
4 47
4 49
4 50
4 52
4 54
4 57
4 59
4 60
4 61
4 62
4 63
4 64
4 66
4 67
4 68
4 71
4 73
4 76
4 78
4 79
4 80
4 81
4 83
4 86
5 6
5 7
5 8
5 10
5 12
5 13
5 14
5 18
5 20
5 21
5 22
5 23
5 25
5 30
5 31
5 32
5 34
5 39
5 40
5 41
5 44
5 46
5 47
5 49
5 51
5 52
5 54
5 57
5 60
5 62
5 63
5 64
5 65
5 66
5 67
5 68
5 70
5 71
5 72
5 73
5 77
5 78
5 79
5 80
5 81
5 83
5 87
7 0
7 6
7 7
7 8
7 10
7 11
7 13
7 14
7 18
7 20
7 22
7 30
7 31
7 32
7 35
7 37
7 40
7 44
7 46
7 47
7 49
7 50
7 51
7 52
7 57
7 60
7 62
7 63
7 64
7 66
7 67
7 70
7 71
7 72
7 73
7 74
7 78
7 79
7 80
7 81
7 83
7 86
13 0
13 6
13 8
13 9
13 11
13 12
13 13
13 14
13 17
13 18
13 20
13 23
13 25
13 26
13 31
13 32
13 34
13 35
13 40
13 42
13 43
13 46
13 47
13 51
13 52
13 57
13 59
13 60
13 62
13 63
13 64
13 65
13 67
13 68
13 70
13 71
13 72
13 74
13 76
13 77
13 78
13 80
13 81
13 83
15 0
15 7
15 8
15 9
15 10
15 13
15 14
15 18
15 20
15 21
15 22
15 23
15 25
15 32
15 40
15 41
15 44
15 45
15 46
15 47
15 50
15 51
15 52
15 59
15 60
15 62
15 63
15 64
15 65
15 66
15 67
15 68
15 71
15 72
15 73
15 74
15 76
15 78
15 79
15 80
15 81
15 83
17 6
17 7
17 8
17 12
17 13
17 14
17 18
17 20
17 22
17 23
17 25
17 31
17 32
17 34
17 35
17 36
17 37
17 38
17 40
17 41
17 43
17 44
17 46
17 47
17 50
17 51
17 52
17 55
17 57
17 59
17 60
17 62
17 63
17 64
17 66
17 68
17 70
17 71
17 73
17 74
17 76
17 80
17 81
17 83
19 6
19 10
19 11
19 13
19 14
19 18
19 20
19 22
19 23
19 30
19 31
19 32
19 34
19 35
19 39
19 40
19 41
19 43
19 44
19 46
19 50
19 52
19 60
19 62
19 63
19 64
19 66
19 67
19 70
19 72
19 73
19 74
19 76
19 80
19 81
19 83
22 6
22 7
22 8
22 10
22 14
22 20
22 22
22 23
22 30
22 32
22 35
22 37
22 38
22 40
22 41
22 46
22 51
22 52
22 57
22 59
22 60
22 62
22 64
22 70
22 71
22 74
22 76
22 78
22 80
22 81
24 0
24 6
24 7
24 8
24 9
24 10
24 13
24 14
24 18
24 20
24 21
24 22
24 23
24 25
24 30
24 31
24 32
24 35
24 40
24 41
24 44
24 46
24 47
24 50
24 51
24 52
24 57
24 59
24 63
24 65
24 66
24 67
24 68
24 70
24 71
24 74
24 76
24 77
24 78
24 80
24 81
24 83
24 87
28 6
28 7
28 8
28 10
28 12
28 13
28 14
28 18
28 20
28 22
28 25
28 30
28 31
28 32
28 34
28 35
28 40
28 41
28 46
28 47
28 49
28 50
28 51
28 52
28 54
28 57
28 59
28 60
28 62
28 63
28 66
28 67
28 68
28 70
28 71
28 73
28 76
28 78
28 80
28 81
28 83
28 86
28 87
29 6
29 7
29 14
29 18
29 20
29 22
29 23
29 25
29 30
29 31
29 35
29 46
29 47
29 50
29 57
29 60
29 62
29 64
29 71
29 74
29 76
29 78
29 80
29 81
29 83
29 87
37 6
37 7
37 8
37 10
37 11
37 13
37 14
37 18
37 20
37 22
37 23
37 25
37 30
37 31
37 32
37 34
37 35
37 37
37 38
37 40
37 41
37 44
37 46
37 47
37 50
37 51
37 52
37 54
37 57
37 59
37 60
37 62
37 64
37 70
37 71
37 72
37 73
37 74
37 76
37 78
37 79
37 81
37 83
48 6
48 7
48 8
48 9
48 10
48 11
48 12
48 13
48 14
48 18
48 20
48 25
48 31
48 32
48 34
48 35
48 36
48 38
48 40
48 41
48 45
48 46
48 47
48 50
48 51
48 52
48 53
48 57
48 59
48 60
48 62
48 63
48 64
48 67
48 68
48 71
48 72
48 74
48 75
48 76
48 77
48 78
48 80
48 81
48 83
48 86
48 87
60 0
60 7
60 8
60 10
60 14
60 18
60 20
60 22
60 32
60 34
60 35
60 38
60 40
60 41
60 50
60 51
60 52
60 57
60 60
60 62
60 63
60 64
60 73
60 74
60 76
60 78
60 86
62 6
62 7
62 8
62 11
62 12
62 13
62 14
62 18
62 20
62 22
62 23
62 25
62 31
62 32
62 34
62 35
62 38
62 39
62 40
62 41
62 44
62 45
62 46
62 51
62 52
62 54
62 57
62 62
62 63
62 64
62 66
62 67
62 71
62 72
62 73
62 74
62 76
62 77
62 78
62 80
62 81
62 87
63 6
63 7
63 8
63 9
63 10
63 12
63 13
63 14
63 18
63 20
63 22
63 23
63 25
63 31
63 32
63 33
63 34
63 35
63 36
63 38
63 39
63 40
63 46
63 47
63 49
63 50
63 51
63 52
63 57
63 59
63 60
63 62
63 64
63 66
63 67
63 70
63 71
63 74
63 76
63 77
63 78
63 79
63 80
63 81
63 83
63 86
84 0
84 6
84 7
84 8
84 10
84 11
84 12
84 13
84 14
84 17
84 18
84 20
84 22
84 23
84 25
84 30
84 31
84 35
84 38
84 41
84 43
84 44
84 46
84 49
84 50
84 51
84 52
84 57
84 60
84 62
84 63
84 64
84 65
84 66
84 67
84 70
84 74
84 76
84 78
84 79
84 80
84 81
84 83
85 0
85 6
85 7
85 8
85 10
85 11
85 12
85 13
85 14
85 15
85 18
85 22
85 23
85 25
85 26
85 30
85 31
85 32
85 33
85 34
85 35
85 36
85 37
85 40
85 41
85 44
85 47
85 49
85 51
85 52
85 54
85 57
85 59
85 60
85 63
85 64
85 66
85 67
85 68
85 70
85 71
85 73
85 74
85 76
85 78
85 80
85 81
85 83
85 86
85 87
