88
0 42
0 76
0 79
0 20
0 26
0 58
2 0
2 1
2 7
2 10
2 11
2 14
2 16
2 19
2 27
2 40
2 42
2 43
2 47
2 48
2 58
2 67
2 68
2 70
2 76
2 77
2 78
2 82
2 84
2 85
3 3
3 9
3 47
3 17
3 84
3 21
3 55
3 58
3 15
4 0
4 7
4 8
4 12
4 13
4 14
4 15
4 17
4 19
4 21
4 26
4 37
4 38
4 39
4 42
4 43
4 44
4 47
4 55
4 59
4 67
4 68
4 70
4 76
4 79
4 82
4 87
6 0
6 1
6 2
6 8
6 11
6 13
6 15
6 17
6 19
6 20
6 30
6 37
6 38
6 39
6 44
6 55
6 67
6 68
6 70
6 76
6 77
6 78
6 79
6 84
13 0
13 7
13 8
13 42
13 44
13 77
13 78
13 15
13 17
13 53
13 86
13 40
13 58
13 27
18 0
18 1
18 70
18 7
18 40
18 11
18 79
18 53
18 55
18 47
19 32
19 1
19 33
19 7
19 42
19 11
19 76
19 13
19 77
19 86
19 55
19 57
19 79
22 0
22 1
22 67
22 68
22 84
22 10
22 14
22 15
22 82
22 19
22 20
22 86
22 36
22 29
23 0
23 2
23 7
23 10
23 11
23 12
23 13
23 15
23 19
23 32
23 35
23 38
23 40
23 42
23 55
23 57
23 68
23 70
23 76
23 77
23 83
23 85
23 87
24 0
24 1
24 2
24 7
24 11
24 12
24 13
24 14
24 16
24 17
24 19
24 20
24 27
24 29
24 32
24 33
24 36
24 37
24 39
24 44
24 48
24 55
24 57
24 58
24 59
24 79
24 82
24 85
24 86
25 0
25 1
25 2
25 3
25 8
25 10
25 13
25 14
25 16
25 19
25 20
25 26
25 29
25 32
25 33
25 36
25 40
25 44
25 47
25 48
25 53
25 59
25 67
25 76
25 78
25 79
25 83
25 85
25 87
27 2
27 36
27 70
27 44
27 11
27 76
27 13
27 14
27 77
27 82
27 85
27 87
27 55
28 0
28 1
28 2
28 8
28 10
28 12
28 13
28 14
28 16
28 19
28 21
28 26
28 27
28 37
28 39
28 44
28 47
28 48
28 53
28 55
28 57
28 58
28 67
28 70
28 77
28 78
28 79
28 85
28 87
29 32
29 36
29 7
29 20
29 85
29 86
29 21
29 53
33 36
33 7
33 8
33 11
33 44
33 53
33 59
33 29
40 0
40 1
40 39
40 42
40 17
40 20
41 0
41 1
41 2
41 3
41 8
41 9
41 10
41 11
41 12
41 13
41 14
41 15
41 16
41 17
41 26
41 29
41 33
41 36
41 38
41 42
41 44
41 48
41 53
41 67
41 70
41 77
41 82
41 87
44 32
44 1
44 3
44 68
44 70
44 7
44 9
44 87
44 12
44 77
44 14
44 47
44 76
44 17
44 82
44 19
44 53
44 55
44 58
45 67
45 7
45 10
45 11
45 76
45 14
45 17
45 83
45 84
45 57
45 43
45 87
45 39
45 55
50 3
50 7
50 11
50 13
50 14
50 16
50 30
50 32
50 38
50 40
50 42
50 44
50 46
50 47
50 48
50 55
50 58
50 59
50 76
50 78
50 79
50 83
50 86
51 1
51 2
51 7
51 10
51 13
51 14
51 15
51 16
51 17
51 20
51 21
51 26
51 27
51 29
51 32
51 33
51 37
51 38
51 39
51 40
51 42
51 44
51 47
51 53
51 57
51 58
51 59
51 67
51 76
51 77
52 33
52 68
52 48
52 40
52 12
52 11
52 76
52 44
52 16
52 19
52 85
52 86
52 55
52 57
54 0
54 1
54 2
54 3
54 7
54 10
54 13
54 14
54 17
54 31
54 32
54 34
54 35
54 36
54 37
54 38
54 40
54 43
54 48
54 57
54 59
54 67
54 68
54 70
54 77
54 78
54 83
54 85
54 86
54 87
55 33
55 2
55 12
55 15
55 19
55 53
55 86
56 0
56 2
56 7
56 12
56 14
56 16
56 17
56 20
56 21
56 27
56 29
56 33
56 36
56 37
56 40
56 43
56 44
56 53
56 55
56 57
56 58
56 67
56 68
56 79
56 82
56 85
56 86
56 87
60 0
60 33
60 2
60 70
60 7
60 8
60 43
60 77
60 79
60 48
60 17
60 82
60 86
60 40
60 55
60 58
60 59
60 29
61 0
61 7
61 8
61 11
61 13
61 14
61 17
61 19
61 26
61 29
61 36
61 37
61 39
61 40
61 43
61 47
61 55
61 58
61 67
61 70
61 77
61 83
61 86
62 33
62 36
62 7
62 40
62 10
62 43
62 13
62 78
62 16
62 20
62 85
62 55
62 58
63 67
63 7
63 8
63 42
63 43
63 79
63 86
63 47
64 0
64 1
64 8
64 10
64 13
64 14
64 15
64 16
64 19
64 20
64 21
64 32
64 38
64 39
64 42
64 47
64 48
64 57
64 58
64 59
64 68
64 70
64 77
64 78
64 82
64 84
65 0
65 1
65 11
65 14
65 17
65 20
65 21
65 29
65 31
65 32
65 36
65 37
65 38
65 39
65 43
65 46
65 53
65 57
65 58
65 67
65 68
65 70
65 77
65 78
65 79
65 82
65 85
65 87
66 1
66 2
66 7
66 8
66 11
66 12
66 14
66 16
66 17
66 19
66 20
66 32
66 33
66 34
66 39
66 40
66 49
66 53
66 55
66 59
66 67
66 70
66 76
66 77
66 78
66 82
66 85
67 8
67 11
67 13
67 46
67 47
67 85
67 53
68 7
68 11
68 12
68 14
68 15
68 16
68 19
68 20
68 21
68 26
68 29
68 30
68 33
68 37
68 38
68 40
68 43
68 48
68 53
68 55
68 58
68 59
68 67
68 68
68 76
68 77
68 79
68 84
69 0
69 3
69 7
69 8
69 9
69 10
69 12
69 13
69 14
69 16
69 17
69 20
69 21
69 27
69 29
69 31
69 32
69 36
69 40
69 44
69 46
69 48
69 53
69 55
69 59
69 68
69 76
69 78
69 79
69 82
69 85
69 86
70 67
70 70
70 38
70 40
70 10
70 44
70 26
70 27
71 1
71 7
71 10
71 11
71 13
71 14
71 16
71 17
71 19
71 21
71 27
71 29
71 32
71 33
71 36
71 37
71 39
71 40
71 43
71 47
71 48
71 53
71 55
71 57
71 59
71 67
71 68
71 70
71 76
71 79
71 82
71 86
71 87
72 8
72 11
72 12
72 13
72 14
72 15
72 16
72 17
72 19
72 26
72 31
72 32
72 33
72 34
72 37
72 38
72 42
72 43
72 44
72 47
72 48
72 53
72 55
72 58
72 59
72 67
72 68
72 70
72 78
72 79
72 84
72 85
72 86
72 87
73 67
73 36
73 39
73 40
73 76
73 13
73 48
73 17
73 53
73 57
73 58
74 1
74 7
74 8
74 11
74 21
74 26
74 27
74 30
74 33
74 36
74 39
74 43
74 44
74 48
74 55
74 57
74 58
74 59
74 67
74 68
74 70
74 76
74 77
74 78
74 79
74 82
74 85
74 86
74 87
75 0
75 33
75 59
75 68
75 37
75 70
75 40
75 10
75 87
75 12
75 14
75 19
75 20
75 55
75 57
75 58
75 27
79 0
79 1
79 7
79 8
79 10
79 12
79 13
79 14
79 16
79 19
79 33
79 34
79 37
79 47
79 48
79 53
79 55
79 57
79 59
79 77
79 78
79 82
79 85
79 86
80 33
80 68
80 40
80 44
80 10
80 12
80 78
80 20
80 85
80 27
81 13
83 27
83 42
83 58
83 82
83 15
85 0
85 2
85 36
85 7
85 8
85 10
85 14
85 47
85 82
85 19
85 85
85 27
85 21
87 0
87 38
87 76
87 13
87 79
87 16
