88
0 45
1 32
1 34
1 67
1 69
1 44
1 76
1 22
1 55
1 63
2 32
2 34
2 7
2 8
2 13
2 78
2 20
2 87
2 57
2 63
3 35
3 37
3 8
3 75
3 77
3 46
3 13
3 51
3 20
3 22
3 55
3 56
3 84
3 31
4 32
4 38
4 44
4 51
4 20
4 54
4 56
5 38
5 8
5 75
5 44
5 47
5 40
5 51
5 52
5 21
5 22
5 26
5 59
5 58
5 85
6 32
6 33
6 34
6 6
6 39
6 80
6 73
6 42
6 66
6 77
6 48
6 81
6 20
6 22
6 24
6 52
6 26
6 58
7 57
7 35
7 20
8 1
8 66
8 3
8 36
8 69
8 72
8 43
8 78
8 48
8 40
8 19
8 52
8 56
8 61
10 85
12 80
13 34
13 67
13 7
13 41
13 45
13 13
13 46
13 77
13 80
13 51
16 42
17 1
17 35
17 37
17 38
17 74
17 11
17 46
17 75
17 19
17 84
17 62
17 22
17 85
17 58
17 30
17 31
18 56
18 41
18 31
18 37
18 45
20 64
20 1
20 3
20 70
20 71
20 10
20 44
20 13
20 77
20 21
20 55
20 24
20 63
21 36
22 33
22 70
22 71
22 73
22 10
22 11
22 48
22 81
22 51
22 52
22 23
22 56
22 84
22 58
22 29
22 31
23 2
23 22
23 38
23 7
23 74
23 75
23 45
23 78
23 17
23 19
23 86
23 23
23 54
23 42
24 48
24 36
24 39
24 8
24 42
24 76
24 78
24 80
24 84
24 24
24 25
24 58
24 61
24 52
25 32
25 71
25 40
25 73
25 44
25 79
25 85
25 21
25 31
26 66
26 35
26 69
26 39
26 72
26 42
26 47
26 84
26 21
26 86
26 23
26 56
26 58
27 37
27 7
27 41
27 74
27 13
27 21
27 87
28 34
28 72
28 74
28 47
28 48
28 81
28 50
28 21
28 58
28 61
30 66
30 35
30 37
30 70
30 72
30 43
30 76
30 13
30 46
30 61
30 80
30 18
30 84
30 85
30 22
30 58
30 75
30 29
31 66
31 59
31 37
31 6
31 72
31 46
31 78
31 85
31 22
31 55
31 38
31 63
32 40
32 33
32 34
32 27
32 20
33 42
34 32
34 1
34 66
34 67
34 36
34 37
34 39
34 40
34 41
34 45
34 80
34 22
34 24
35 33
35 3
35 39
35 40
35 76
35 80
35 56
35 84
35 85
35 22
35 55
35 24
35 58
35 63
36 31
36 33
36 3
36 85
36 81
37 32
37 34
37 39
37 9
37 20
37 86
37 73
37 56
38 33
38 66
38 35
38 70
38 40
38 10
38 43
38 46
38 51
38 56
38 59
38 74
38 30
38 63
39 3
39 71
39 40
39 74
39 44
39 78
39 19
39 20
39 85
39 61
40 32
40 34
40 67
40 36
40 41
40 43
40 85
40 87
40 61
40 31
41 32
41 34
41 75
41 37
41 38
41 40
41 41
41 42
41 43
41 44
41 13
41 56
41 52
41 73
41 55
41 24
42 3
42 26
42 35
42 71
43 35
43 36
43 37
43 81
43 39
43 74
43 7
43 43
43 75
43 67
43 20
43 85
43 84
43 71
43 59
44 32
44 37
44 38
44 7
44 72
44 41
44 74
44 39
44 44
44 77
44 51
44 84
44 53
44 73
44 23
44 24
44 58
44 59
44 86
45 33
45 35
45 36
45 6
45 7
45 72
45 78
45 81
45 52
45 46
45 84
45 59
45 60
45 29
46 84
46 80
46 66
46 67
46 7
46 41
46 42
46 43
46 16
46 71
46 75
46 83
46 20
46 22
46 57
46 58
47 66
47 70
47 6
47 72
47 41
47 47
47 26
48 35
48 71
48 41
48 42
48 87
48 45
48 80
48 67
48 74
48 21
48 55
48 84
48 59
48 61
48 31
49 33
49 34
49 38
49 40
49 13
49 51
49 84
49 24
49 25
49 52
50 32
50 34
50 80
50 81
50 51
50 52
50 24
50 61
50 31
51 33
51 66
51 71
51 10
51 44
51 45
51 56
51 31
52 32
52 84
52 36
52 37
52 81
52 40
52 60
52 42
52 45
52 77
52 72
52 20
52 73
52 55
52 24
52 52
52 59
52 28
52 30
53 37
53 8
53 74
53 43
53 78
53 54
53 59
53 63
54 33
54 3
54 37
54 70
54 8
54 73
54 42
54 43
54 45
54 56
54 18
54 24
54 58
54 27
54 31
55 23
55 35
55 44
55 85
55 7
56 51
56 67
56 81
56 73
56 45
56 79
56 80
56 17
56 83
56 22
56 23
56 61
56 62
56 31
57 33
57 3
57 37
57 65
57 39
57 8
57 9
57 42
57 13
57 77
57 45
57 48
57 81
57 78
57 73
57 55
57 58
57 47
57 29
58 0
58 33
58 67
58 7
58 72
58 75
58 77
58 46
58 81
58 40
58 39
58 29
58 63
59 76
59 44
59 77
59 78
59 79
59 52
59 26
59 59
60 32
60 40
60 10
60 75
60 46
60 80
60 81
60 21
60 54
60 26
60 61
61 33
61 37
61 39
61 42
61 75
61 80
61 86
61 58
61 29
61 63
62 48
62 73
62 74
63 65
63 67
63 70
63 42
63 81
63 52
63 56
64 33
64 66
64 67
64 37
64 6
64 7
64 39
64 13
64 77
64 56
64 75
64 52
64 53
64 86
64 23
64 24
64 58
64 70
64 61
64 31
65 51
65 34
65 3
65 36
65 7
65 73
65 74
65 80
65 35
65 85
65 21
65 42
65 30
65 31
66 34
66 35
66 69
66 38
66 7
66 72
66 39
66 13
66 45
66 20
66 63
67 67
67 70
67 38
67 39
67 8
67 41
67 42
67 71
67 13
67 78
67 18
67 20
67 62
67 73
67 23
67 52
67 59
67 86
67 30
67 63
68 33
68 2
68 4
68 54
68 71
68 41
68 13
68 45
68 16
68 21
68 22
68 25
68 59
68 85
69 66
69 59
69 71
69 40
69 74
69 77
69 46
69 17
69 84
69 85
69 24
69 20
69 27
69 10
70 3
70 43
70 46
70 81
70 35
70 24
70 27
71 65
71 37
71 39
71 72
71 75
71 77
71 78
71 45
71 81
71 19
71 85
71 30
72 18
72 56
72 75
72 35
72 5
73 5
73 6
73 71
73 40
73 73
73 13
73 45
73 48
73 52
73 21
73 22
73 41
73 56
73 38
74 66
74 43
74 36
74 70
74 39
74 23
74 44
74 77
74 51
74 21
74 87
74 58
74 61
74 31
75 41
75 74
75 11
75 77
75 51
75 52
75 56
75 31
76 7
76 41
76 77
76 46
76 17
76 50
76 25
76 58
76 63
77 33
77 34
77 3
77 82
77 37
77 51
77 43
77 76
77 13
77 46
77 61
77 80
77 81
77 75
77 19
77 62
77 55
77 24
77 29
77 30
78 32
78 43
78 7
78 72
78 74
78 75
78 78
78 81
78 84
78 21
78 23
78 62
78 85
79 36
79 70
79 38
79 78
79 55
79 68
80 66
80 43
80 36
80 70
80 42
80 75
80 78
80 80
80 84
80 87
80 52
80 58
80 59
80 55
81 36
81 70
81 43
81 76
81 78
81 51
81 21
81 22
81 59
81 62
83 33
83 7
83 10
83 39
83 77
83 46
83 50
83 20
83 53
83 22
83 55
83 24
83 61
84 32
84 64
84 3
84 36
84 7
84 8
84 9
84 10
84 39
84 77
84 78
84 71
84 40
84 52
84 23
84 56
84 58
85 80
86 1
86 2
86 3
86 7
86 73
86 10
86 43
86 44
86 13
86 47
86 85
86 26
86 63
86 42
86 31
87 1
87 35
87 68
87 38
87 70
87 71
87 73
87 75
87 13
87 46
87 47
87 53
87 63
