88
0 32
0 65
0 36
0 39
0 8
0 9
0 74
0 43
0 76
0 40
0 82
0 56
0 41
0 24
0 72
0 71
0 59
0 62
0 31
1 0
1 32
1 66
1 39
1 8
1 15
1 40
1 82
1 24
1 72
1 47
1 62
1 31
2 65
2 67
2 71
2 8
2 9
2 74
2 43
2 76
2 13
2 77
2 47
2 40
2 82
2 22
2 56
2 61
2 31
3 32
3 65
3 75
3 69
3 40
3 9
3 74
3 43
3 76
3 47
3 49
3 82
3 84
3 87
3 72
3 27
3 62
3 31
4 32
4 66
4 69
4 8
4 9
4 43
4 76
4 49
4 83
4 87
5 66
5 67
5 82
5 7
5 8
5 43
5 76
5 13
5 77
5 40
5 75
5 84
5 87
5 24
5 72
5 59
5 61
6 32
6 87
6 36
6 39
6 8
6 9
6 43
6 44
6 13
6 56
6 51
6 22
6 23
6 24
6 71
6 62
6 31
8 0
8 69
8 70
8 39
8 8
8 73
8 75
8 76
8 13
8 49
8 83
8 87
8 25
8 59
8 61
8 31
9 24
9 66
9 13
10 65
10 8
10 73
10 45
10 49
10 83
10 20
10 24
10 27
12 67
12 36
12 69
12 70
12 39
12 72
12 9
12 74
12 7
12 76
12 13
12 47
12 49
12 87
12 56
12 59
12 81
12 61
12 31
13 32
13 70
13 71
13 40
13 73
13 76
13 13
13 49
13 82
13 83
13 23
13 24
13 72
13 27
13 62
13 31
14 32
14 65
14 69
14 70
14 39
14 40
14 9
14 13
14 45
14 56
14 24
14 72
14 27
14 62
14 31
15 0
15 65
15 56
15 39
15 72
15 74
15 43
15 76
15 47
15 49
15 82
15 20
15 23
15 24
15 84
15 71
15 59
15 62
15 69
16 24
16 59
16 20
17 62
18 32
18 65
18 66
18 69
18 71
18 8
18 41
18 43
18 45
18 15
18 49
18 87
18 24
18 25
18 59
18 62
19 65
19 69
19 39
19 72
19 74
19 87
19 13
19 77
19 49
19 82
19 83
19 20
19 56
19 24
19 84
19 59
19 31
21 65
21 66
21 70
21 75
21 49
21 83
21 56
21 27
26 65
26 66
26 81
26 39
26 8
26 9
26 74
26 13
26 46
26 72
26 83
26 20
26 41
26 59
26 61
26 62
28 66
28 67
28 7
28 40
28 9
28 74
28 71
28 15
28 56
28 82
28 83
28 20
28 41
28 24
28 72
28 59
28 61
28 62
29 65
29 66
29 67
29 37
29 39
29 41
29 76
29 45
29 46
29 49
29 83
29 84
29 31
30 32
30 66
30 67
30 69
30 39
30 72
30 41
30 74
30 49
30 83
30 20
30 87
30 24
30 31
31 32
31 65
31 67
31 69
31 39
31 8
31 73
31 74
31 87
31 76
31 13
31 49
31 83
31 23
31 72
31 61
32 32
32 66
32 49
32 39
32 8
32 9
32 74
32 43
32 76
32 46
32 40
32 51
32 20
32 72
32 83
32 69
33 32
33 65
33 36
33 69
33 8
33 73
33 43
33 44
33 13
33 15
33 49
33 83
33 87
33 56
33 25
33 47
33 61
33 72
33 31
34 65
34 67
34 69
34 70
34 8
34 73
34 74
34 75
34 43
34 27
34 37
34 31
35 32
35 65
35 67
35 70
35 39
35 8
35 73
35 74
35 71
35 44
35 45
35 40
35 83
35 25
35 31
36 7
36 40
36 43
36 76
36 45
36 72
36 20
36 25
36 59
36 31
38 66
38 70
38 71
38 72
38 74
38 39
38 47
38 49
38 8
38 24
38 7
38 59
38 62
40 32
40 67
40 36
40 69
40 39
40 72
40 9
40 43
40 49
40 75
40 20
40 22
40 56
40 24
40 25
40 62
41 84
41 66
41 36
41 69
41 70
41 39
41 72
41 9
41 76
41 13
41 82
41 20
41 41
41 25
41 59
41 61
41 62
42 32
42 83
42 43
42 36
42 69
42 7
42 8
42 39
42 44
42 13
42 87
42 40
42 67
42 56
42 24
42 72
42 71
42 61
42 62
43 8
43 65
46 32
46 65
46 43
46 70
46 7
46 8
46 9
46 39
46 45
46 40
46 83
46 59
46 41
46 72
46 25
46 71
46 27
46 31
47 66
47 43
47 70
47 7
47 8
47 74
47 75
47 45
47 82
47 20
47 23
47 84
47 59
47 62
48 0
48 65
48 66
48 67
48 37
48 70
48 8
48 43
48 13
48 45
48 69
48 23
48 24
48 62
48 31
49 43
49 39
49 40
49 73
49 74
49 75
49 13
49 16
49 20
49 24
49 62
50 84
50 65
50 67
50 36
50 69
50 7
50 8
50 9
50 71
50 13
50 77
50 47
50 49
50 83
50 20
50 73
50 24
50 72
50 27
52 66
52 37
52 70
52 81
52 40
52 74
52 43
52 76
52 13
52 46
52 47
52 49
52 51
52 84
52 22
52 83
52 31
53 32
53 65
53 66
53 70
53 43
53 76
53 13
53 49
53 82
53 87
53 25
53 62
53 31
54 40
54 82
54 43
54 61
54 39
55 32
55 65
55 66
55 59
55 69
55 70
55 40
55 9
55 74
55 43
55 76
55 13
55 49
55 75
55 67
55 41
55 87
55 27
55 31
57 32
57 66
57 59
57 70
57 39
57 8
57 9
57 43
57 13
57 47
57 45
57 40
57 83
57 20
57 73
57 24
57 25
57 27
59 32
59 65
59 83
59 67
59 70
59 39
59 40
59 76
59 44
59 47
59 49
59 51
59 24
59 72
59 59
59 31
60 66
60 74
60 69
60 62
62 0
62 32
62 40
62 9
62 43
62 13
62 81
62 83
62 84
62 59
62 31
63 32
63 65
63 66
63 43
63 69
63 74
63 75
63 49
63 83
63 87
63 24
63 62
63 31
64 65
64 66
64 70
64 71
64 72
64 41
64 74
64 43
64 81
64 82
64 83
64 20
64 87
64 56
64 25
64 61
64 62
65 32
65 69
65 70
65 39
65 40
65 74
65 44
65 13
65 77
65 47
65 49
65 82
65 20
65 72
65 27
65 62
68 32
68 66
68 36
68 69
68 70
68 39
68 40
68 43
68 76
68 13
68 46
68 47
68 72
68 82
68 83
68 20
68 25
68 71
68 62
70 43
70 69
70 70
70 7
70 40
70 74
70 71
70 49
70 8
70 23
70 24
70 27
71 32
71 36
71 39
71 8
71 44
71 13
71 45
71 56
71 82
71 83
71 20
71 87
71 24
71 25
71 59
71 72
72 65
72 27
76 66
76 70
76 71
76 8
76 87
76 76
76 13
76 45
76 40
76 82
76 83
76 22
76 56
76 24
76 25
77 0
77 65
77 67
77 36
77 7
77 8
77 9
77 71
77 13
77 15
77 49
77 82
77 20
77 56
77 24
77 84
77 59
77 62
78 84
78 66
78 67
78 69
78 39
78 8
78 74
78 71
78 77
78 82
78 83
78 20
78 87
78 56
78 25
78 62
78 31
79 32
79 65
79 66
79 59
79 36
79 70
79 72
79 73
79 43
79 76
79 13
79 77
79 75
79 67
79 20
79 87
79 24
79 25
79 27
80 32
80 43
80 37
80 70
80 7
80 39
80 13
80 45
80 56
80 69
81 74
81 37
82 66
82 59
82 13
84 0
84 32
84 66
84 67
84 69
84 49
84 8
84 9
84 75
84 77
84 46
84 47
84 40
84 20
84 87
84 24
84 72
84 27
84 62
86 65
86 66
86 67
86 70
86 39
86 72
86 75
86 47
86 22
86 87
86 24
86 15
86 61
86 62
86 31
87 32
87 59
87 37
87 70
87 39
87 8
87 71
87 76
87 13
87 46
87 15
87 40
87 67
87 87
87 56
87 49
87 27
87 81
