88
0 0
0 1
0 38
0 7
0 8
0 82
0 84
0 21
0 62
1 2
1 4
1 5
1 6
1 7
1 9
1 42
1 76
1 34
1 56
1 85
1 24
1 57
1 26
1 38
1 74
1 31
2 0
2 1
2 2
2 3
2 4
2 70
2 38
2 8
2 10
2 76
2 48
2 40
2 82
2 20
2 21
2 57
2 42
2 62
2 85
4 32
4 1
4 4
4 6
4 7
4 8
4 76
4 46
4 79
4 48
4 49
4 62
4 56
4 24
4 57
4 26
4 28
4 58
4 30
4 85
6 0
6 32
6 3
6 68
6 70
6 6
6 7
6 8
6 9
6 11
6 76
6 49
6 35
6 84
6 85
6 56
6 28
6 31
7 68
7 1
7 2
7 85
7 4
7 5
7 38
7 7
7 80
7 57
7 48
7 84
7 21
7 23
7 24
7 36
7 58
7 62
7 65
8 0
8 2
8 6
8 7
8 8
8 9
8 14
8 21
8 23
8 28
8 32
8 34
8 35
8 47
8 56
8 62
8 68
8 70
8 76
8 80
8 84
8 85
9 32
9 1
9 34
9 35
9 4
9 6
9 39
9 8
9 10
9 11
9 47
9 82
9 23
9 24
9 79
9 42
9 62
9 31
10 32
10 1
10 34
10 3
10 36
10 38
10 42
10 11
10 84
10 14
10 35
10 20
10 46
10 57
10 28
10 74
10 85
10 68
11 32
11 2
11 4
11 38
11 6
11 7
11 8
11 42
11 11
11 70
11 47
11 82
11 21
11 23
11 24
11 36
11 79
11 28
11 39
11 85
12 0
12 2
12 35
12 4
12 70
12 6
12 7
12 9
12 10
12 39
12 47
12 80
12 56
12 74
12 21
12 24
12 68
12 26
12 42
12 31
13 1
13 4
13 5
13 6
13 8
13 10
13 20
13 23
13 24
13 26
13 28
13 31
13 32
13 35
13 39
13 42
13 47
13 48
13 56
13 57
13 58
13 79
13 80
14 0
14 80
14 2
14 4
14 5
14 38
14 7
14 9
14 10
14 11
14 70
14 46
14 48
14 49
14 85
14 56
14 24
14 39
14 58
14 28
14 31
19 0
19 3
19 4
19 7
19 10
19 11
19 20
19 21
19 23
19 24
19 28
19 35
19 36
19 38
19 39
19 46
19 47
19 49
19 56
19 62
19 70
19 80
20 0
20 32
20 2
20 36
20 70
20 65
20 39
20 9
20 10
20 76
20 34
20 49
20 20
20 21
20 24
20 58
20 28
20 85
21 0
21 32
21 2
21 3
21 36
21 5
21 70
21 7
21 42
21 39
21 34
21 80
21 35
21 20
21 85
21 23
21 56
21 57
21 26
21 58
21 31
22 1
22 4
22 70
22 8
22 10
22 11
22 76
22 62
22 31
23 32
23 65
23 35
23 36
23 38
23 6
23 7
23 9
23 10
23 76
23 46
23 47
23 82
23 84
23 23
23 24
23 26
23 58
23 62
23 31
27 34
27 4
27 5
27 39
27 76
27 47
27 84
27 31
29 10
30 0
30 32
30 35
30 36
30 5
30 38
30 7
30 9
30 10
30 11
30 70
30 47
30 82
30 74
30 85
30 23
30 68
30 28
30 42
30 62
30 31
31 32
31 4
31 5
31 6
31 39
31 8
31 9
31 10
31 11
31 76
31 47
31 82
31 84
31 68
31 26
31 38
31 28
31 58
31 62
35 0
35 1
35 34
35 36
35 6
35 7
35 9
35 39
35 47
35 80
35 56
35 82
35 84
35 21
35 24
35 68
35 26
35 28
35 30
35 65
36 0
36 34
36 3
36 68
36 38
36 6
36 7
36 10
36 76
36 14
36 79
36 80
36 82
36 35
36 21
36 85
36 24
36 57
36 74
36 62
36 31
37 80
37 62
39 32
39 2
39 68
39 5
39 38
39 40
39 74
39 11
39 76
39 34
39 14
39 80
39 46
39 85
39 24
39 30
39 31
40 0
40 1
40 4
40 5
40 6
40 10
40 11
40 14
40 21
40 23
40 28
40 34
40 40
40 46
40 49
40 56
40 58
40 62
40 65
40 68
40 79
40 82
41 0
41 32
41 3
41 68
41 5
41 6
41 7
41 8
41 9
41 14
41 49
41 56
41 58
41 38
41 28
43 80
43 2
43 5
43 6
43 73
43 10
43 11
43 76
43 34
43 48
43 21
43 57
43 26
43 70
43 74
43 31
44 2
44 36
44 8
44 9
44 42
44 76
44 46
44 47
44 21
44 56
45 62
46 0
46 80
46 34
46 3
46 68
46 5
46 70
46 74
46 11
46 46
46 48
46 35
46 20
46 23
46 84
46 26
46 30
46 31
47 8
47 58
47 68
47 6
47 70
49 68
49 6
50 9
50 5
53 0
53 1
53 3
53 6
53 7
53 8
53 9
53 10
53 11
53 23
53 26
53 31
53 32
53 34
53 48
53 68
53 70
53 74
53 76
53 80
53 84
53 85
55 0
55 34
55 35
55 5
55 70
55 8
55 9
55 76
55 14
55 48
55 85
55 24
56 32
56 1
56 68
56 6
56 70
56 8
56 10
56 76
56 21
56 56
56 38
56 62
57 0
57 68
57 2
57 3
57 36
57 70
57 7
57 9
57 74
57 11
57 80
57 56
57 84
57 21
57 23
57 24
57 39
57 26
57 28
57 58
57 31
58 1
58 35
58 36
58 5
58 70
58 40
58 10
58 11
58 46
58 47
58 80
58 49
58 24
58 68
58 26
58 58
58 62
59 68
59 1
59 2
59 3
59 4
59 5
59 6
59 80
59 8
59 9
59 74
59 76
59 34
59 46
59 48
59 35
59 56
59 57
59 58
59 38
60 1
60 34
60 3
60 68
60 7
60 8
60 79
60 35
60 23
60 56
60 58
60 28
61 65
61 3
61 68
61 39
61 9
61 74
61 11
61 80
61 48
61 84
61 21
61 58
61 28
61 42
62 32
62 1
62 4
62 5
62 6
62 39
62 80
62 9
62 10
62 76
62 68
62 46
62 48
62 84
62 62
62 85
62 36
62 26
62 28
62 30
62 31
63 0
63 34
63 4
63 38
63 7
63 8
63 82
63 20
63 21
63 24
63 58
63 85
63 31
65 0
65 56
65 58
65 85
69 8
69 26
69 46
69 38
69 6
70 2
70 3
70 4
70 8
70 42
70 46
70 47
70 48
70 35
70 84
70 21
70 85
70 56
70 57
70 79
70 28
70 74
70 62
70 31
72 6
73 1
73 35
73 68
73 38
73 6
73 80
73 46
73 76
73 14
73 48
73 21
73 24
73 57
73 26
73 70
76 0
76 1
76 2
76 3
76 4
76 38
76 9
76 10
76 14
76 47
76 48
76 56
76 58
76 74
76 46
76 24
76 68
76 26
76 42
76 84
77 0
77 1
77 68
77 6
77 74
77 11
77 14
77 48
77 49
77 21
77 23
77 56
77 28
77 30
77 31
79 32
79 2
79 5
79 70
79 7
79 9
79 74
79 76
79 34
79 82
79 26
79 58
79 31
83 32
83 68
83 4
83 70
83 6
83 8
83 9
83 76
83 14
83 48
83 46
83 24
83 36
83 26
83 28
83 58
83 85
84 0
84 1
84 2
84 4
84 11
84 20
84 23
84 24
84 26
84 31
84 34
84 38
84 39
84 42
84 46
84 47
84 48
84 58
84 62
84 65
84 70
84 82
85 1
85 2
85 4
85 5
85 7
85 9
85 10
85 21
85 26
85 30
85 31
85 32
85 39
85 42
85 46
85 48
85 56
85 58
85 65
85 74
85 82
85 85
86 32
86 34
86 35
86 36
86 5
86 8
86 9
86 28
87 32
87 2
87 68
87 5
87 6
87 39
87 74
87 11
87 34
87 46
87 79
87 56
87 82
87 84
87 62
87 24
87 57
87 58
87 38
87 28
87 30
