88
0 0
0 32
0 2
0 34
0 86
0 6
0 71
0 8
0 73
0 87
0 13
0 72
0 82
0 62
0 22
0 55
0 56
0 25
0 30
0 63
1 0
1 32
1 2
1 38
1 65
1 8
1 76
1 34
1 79
1 48
1 17
1 40
1 22
1 23
1 25
1 27
1 60
2 6
2 10
2 17
2 27
2 28
2 32
2 36
2 40
2 44
2 54
2 56
2 57
2 62
2 63
2 64
2 66
2 67
2 70
2 72
2 78
2 79
2 82
3 0
3 32
3 2
3 75
3 65
3 73
3 71
3 76
3 34
3 46
3 17
3 51
3 62
3 86
3 60
3 78
3 30
4 0
4 65
4 2
4 67
4 86
4 6
4 71
4 8
4 73
4 10
4 76
4 34
4 17
4 82
4 51
4 22
4 55
4 24
4 72
4 30
4 63
5 65
5 34
5 36
5 54
5 6
5 80
5 41
5 75
5 76
5 2
5 46
5 73
5 48
5 17
5 22
5 55
5 56
5 86
5 30
5 63
6 6
6 70
6 71
6 8
6 73
6 76
6 78
6 40
6 82
6 22
6 56
6 25
9 32
9 33
9 54
9 6
9 8
9 10
9 43
9 78
9 80
9 40
9 51
9 20
9 62
9 22
9 23
9 55
9 26
9 30
9 63
10 67
10 6
10 8
10 73
10 13
10 78
10 79
10 48
10 17
10 62
10 22
10 30
10 63
11 0
11 2
11 86
11 6
11 40
11 73
11 48
11 22
11 55
11 26
11 28
12 65
12 36
12 40
12 60
12 10
12 76
12 46
12 79
12 17
12 82
12 54
12 55
12 24
12 72
12 27
12 28
12 62
13 65
13 2
13 36
13 70
13 6
13 8
13 75
13 46
13 80
13 40
13 82
13 62
13 22
13 24
13 26
13 30
13 63
14 8
14 10
14 25
14 30
14 32
14 38
14 43
14 54
14 55
14 60
14 61
14 62
14 65
14 70
14 71
14 73
14 76
14 78
14 79
14 80
14 82
14 86
16 30
23 65
23 34
23 67
23 36
23 40
23 73
23 10
23 75
23 76
23 2
23 48
23 17
23 86
23 55
23 56
23 25
23 27
23 74
23 63
24 66
24 36
24 8
24 10
24 55
24 76
24 2
24 17
24 51
24 40
24 28
24 30
25 0
25 2
25 67
25 71
25 40
25 73
25 75
25 76
25 13
25 78
25 80
25 17
25 51
25 87
25 25
25 60
25 30
26 0
26 32
26 34
26 36
26 54
26 6
26 65
26 73
26 76
26 78
26 80
26 17
26 51
26 22
26 55
26 86
26 63
28 32
28 2
28 68
28 6
28 71
28 40
28 73
28 76
28 34
28 79
28 48
28 57
28 60
28 62
29 0
29 2
29 6
29 8
29 17
29 23
29 32
29 36
29 40
29 46
29 54
29 55
29 56
29 62
29 63
29 68
29 70
29 71
29 76
29 78
29 82
29 86
30 0
30 32
30 34
30 36
30 86
30 65
30 8
30 73
30 71
30 76
30 79
30 80
30 17
30 82
30 51
30 54
30 61
31 0
31 65
31 32
31 6
31 71
31 72
31 55
31 78
31 82
31 22
31 23
32 0
32 65
32 2
32 35
32 36
32 54
32 71
32 8
32 75
32 76
32 34
32 48
32 49
32 82
32 67
32 22
32 55
32 25
32 86
32 62
32 63
34 32
34 65
34 34
34 6
34 71
34 40
34 73
34 46
34 79
34 82
34 51
34 22
34 57
34 25
34 61
36 65
36 67
36 6
36 71
36 76
36 46
36 79
36 82
36 22
36 56
36 63
38 32
38 65
38 2
38 67
38 66
38 70
38 38
38 40
38 73
38 10
38 43
38 44
38 34
38 78
38 55
38 24
38 25
38 60
38 63
40 65
40 70
40 6
40 71
40 8
40 41
40 77
40 60
40 80
40 17
40 51
40 73
40 57
40 28
40 30
40 63
41 32
41 34
41 71
41 8
41 60
41 10
41 76
41 66
41 63
41 48
41 86
41 55
41 27
41 28
41 30
41 31
42 0
42 32
42 2
42 67
42 38
42 6
42 65
42 8
42 73
42 71
42 78
42 72
42 52
42 62
42 22
42 55
42 56
42 25
42 30
42 69
46 32
46 64
46 34
46 38
46 6
46 65
46 8
46 10
46 86
46 66
46 80
46 72
46 82
46 51
46 22
46 87
46 56
46 25
46 27
46 70
46 30
48 65
48 2
48 8
48 73
48 55
48 46
48 17
48 87
48 23
48 57
48 30
48 63
52 0
52 2
52 67
52 36
52 6
52 71
52 8
52 75
52 66
52 78
52 17
52 27
54 0
54 65
54 34
54 36
54 70
54 6
54 8
54 78
54 40
54 62
54 22
54 55
54 86
54 29
54 30
55 0
55 65
55 66
55 86
55 8
55 73
55 87
55 76
55 80
55 48
55 40
55 82
55 51
55 22
55 55
55 30
56 0
56 2
56 6
56 23
56 30
56 32
56 34
56 36
56 53
56 54
56 55
56 56
56 57
56 61
56 63
56 65
56 66
56 70
56 71
56 75
56 80
56 85
57 0
57 2
57 76
57 13
57 46
57 17
57 51
57 86
57 56
57 27
57 62
58 0
58 6
58 8
58 10
58 17
58 21
58 22
58 23
58 25
58 32
58 36
58 40
58 55
58 56
58 63
58 64
58 65
58 67
58 72
58 76
58 80
58 82
59 0
59 32
59 2
59 67
59 68
59 37
59 6
59 71
59 8
59 75
59 13
59 17
59 82
59 56
59 22
59 40
59 24
59 25
59 54
59 86
60 0
60 32
60 2
60 36
60 38
60 72
60 73
60 75
60 76
60 34
60 82
60 52
60 22
60 57
60 56
60 25
61 36
61 70
61 73
61 10
61 55
61 79
61 82
61 22
61 41
61 30
62 32
62 65
62 34
62 54
62 6
62 8
62 76
62 70
62 78
62 48
62 17
62 82
62 84
62 22
62 56
62 60
62 62
63 80
63 34
63 67
63 70
63 71
63 8
63 60
63 75
63 79
63 48
63 82
63 57
63 54
63 55
63 24
63 25
63 28
67 32
67 65
67 2
67 67
67 81
67 40
67 73
67 10
67 75
67 76
67 34
67 80
67 17
67 54
67 87
67 56
67 57
70 32
70 2
70 68
70 38
70 40
70 73
70 10
70 87
70 76
70 78
70 79
70 82
70 51
70 55
70 24
70 57
70 62
71 22
71 6
71 8
71 76
71 46
71 82
71 51
71 86
71 24
71 25
71 30
76 65
76 2
76 67
76 36
76 54
76 71
76 8
76 60
76 55
76 77
76 46
76 73
76 17
76 40
76 22
76 23
76 56
76 26
76 28
76 30
77 2
77 86
77 71
77 40
77 55
77 76
77 34
77 46
77 79
77 48
77 72
77 82
77 57
77 22
77 23
77 25
77 30
78 0
78 32
78 2
78 67
78 70
78 6
78 72
78 34
78 48
78 17
78 82
78 51
78 20
78 62
78 56
78 57
78 27
78 30
78 63
80 0
80 65
80 36
80 56
80 8
80 10
80 76
80 13
80 46
80 17
80 50
80 82
80 52
80 62
80 22
80 40
80 24
80 86
80 78
80 30
82 0
82 34
82 86
82 78
83 32
83 36
83 70
83 38
83 40
83 73
83 43
83 44
83 48
83 17
83 82
83 20
83 62
83 54
83 55
83 56
83 30
85 86
85 6
85 40
85 73
85 75
85 76
85 77
85 48
85 17
85 82
85 22
85 27
85 62
86 0
86 32
86 2
86 38
86 71
86 8
86 55
86 76
86 34
86 78
86 79
86 48
86 17
86 51
86 54
86 40
86 60
86 63
87 0
87 32
87 2
87 75
87 36
87 6
87 65
87 40
87 73
87 55
87 66
87 46
87 79
87 80
87 17
87 22
87 23
87 71
87 27
87 30
