88
0 20
0 13
0 15
1 1
1 68
2 0
2 74
2 46
2 48
2 82
2 57
2 58
2 63
3 33
3 66
3 3
3 68
3 6
3 55
3 12
3 22
3 87
3 36
4 33
4 2
4 67
4 66
4 38
4 6
4 71
4 8
4 12
4 45
4 47
4 49
4 24
4 79
4 62
6 0
6 1
6 3
6 4
6 6
6 72
6 76
6 77
6 47
6 48
6 83
6 55
6 24
6 79
6 30
8 0
8 35
8 36
8 38
8 76
8 45
8 78
8 15
8 83
8 46
8 86
8 55
8 24
8 60
9 72
9 43
9 75
9 44
9 77
10 0
10 3
10 74
10 76
10 79
10 49
10 67
10 58
10 62
11 40
12 33
12 67
12 39
12 42
12 75
12 12
12 50
12 23
12 59
13 33
13 67
13 38
13 6
13 8
13 43
13 44
13 45
13 18
13 53
13 54
13 87
13 55
13 60
14 68
17 64
17 35
17 12
17 78
17 15
17 48
17 18
17 52
17 60
18 37
19 56
19 66
19 60
19 6
19 23
20 65
20 35
20 68
20 37
20 75
20 78
20 48
20 82
20 36
21 3
21 75
21 13
21 47
21 62
21 63
22 3
22 4
22 70
22 10
22 13
22 15
22 81
22 50
22 82
22 54
22 23
22 36
22 26
22 74
22 62
22 63
23 6
23 12
23 42
23 76
23 81
23 50
23 24
23 25
24 64
24 32
24 43
24 6
24 33
24 41
24 75
24 45
24 47
24 83
24 51
25 64
25 61
25 54
25 44
25 12
25 50
25 79
25 49
25 82
25 22
25 29
25 63
26 32
26 33
26 67
26 41
26 13
26 78
26 49
26 20
26 57
26 55
26 84
27 43
27 35
28 40
28 72
28 36
28 86
30 3
30 4
30 37
30 39
30 8
30 71
30 44
30 45
30 77
30 49
30 82
30 54
30 55
30 24
30 36
30 59
31 33
31 35
31 43
31 13
31 82
31 86
31 87
31 62
31 63
32 1
32 35
32 8
32 43
32 12
32 45
32 47
32 50
32 83
32 54
32 24
32 58
33 33
33 66
33 36
33 37
33 8
33 51
33 84
33 60
34 3
34 36
34 6
34 71
34 75
34 45
34 47
34 48
34 50
34 18
34 67
34 20
34 85
34 87
34 68
34 79
34 60
34 63
35 0
35 66
35 68
35 37
35 70
35 42
35 18
35 84
35 54
35 30
35 31
36 33
36 6
36 49
36 43
36 76
36 77
36 15
36 81
36 84
36 58
37 1
37 3
37 4
37 54
37 39
37 55
37 76
37 45
37 48
37 67
37 86
37 87
37 59
38 19
38 34
38 4
38 6
38 44
38 10
38 12
38 13
38 78
38 45
38 48
38 50
38 83
38 84
39 0
39 33
39 8
39 44
39 74
39 12
39 45
39 78
39 47
39 48
39 84
39 22
39 42
40 33
40 36
40 8
40 80
40 40
40 86
40 87
40 59
40 60
40 63
41 64
41 43
41 39
41 75
41 77
41 78
41 84
41 85
41 55
41 58
42 32
42 65
42 2
42 33
42 45
42 20
42 57
42 55
42 25
43 67
43 70
43 8
43 47
43 86
43 24
43 26
43 58
44 51
44 3
44 36
44 6
44 72
44 43
44 78
44 49
44 82
44 19
44 84
44 53
44 26
44 30
45 67
45 72
45 13
45 48
45 50
45 83
45 86
45 26
46 32
46 3
46 70
46 6
46 39
46 72
46 75
46 45
46 50
46 81
46 18
46 20
46 23
46 87
46 61
47 34
47 66
47 6
47 39
47 8
47 76
47 75
47 12
47 13
47 78
47 48
47 49
47 50
47 72
47 58
48 64
48 2
48 3
48 36
48 75
48 47
48 43
48 50
48 23
48 58
49 0
49 6
49 41
49 18
49 20
49 57
49 62
50 34
50 74
50 85
50 13
51 0
51 67
51 9
51 55
51 79
51 80
51 3
51 84
51 87
51 60
52 36
52 39
52 45
52 85
52 57
52 26
52 63
53 32
53 1
53 3
53 33
53 75
53 46
53 79
53 48
53 20
53 85
53 54
53 87
53 24
53 60
54 32
54 33
54 37
54 44
54 13
54 50
54 84
54 54
54 87
54 59
54 30
55 64
55 1
55 45
55 67
55 33
55 75
55 12
55 77
55 15
55 48
55 54
55 87
55 55
56 82
56 10
57 1
57 66
57 67
57 71
57 8
57 42
57 45
57 78
57 50
57 83
57 61
57 63
58 64
58 6
58 39
58 72
58 74
58 13
58 46
58 77
58 48
58 83
58 22
58 23
58 60
59 0
59 64
59 68
59 8
59 12
59 75
59 76
59 48
59 51
59 36
59 58
60 33
60 34
60 35
60 68
60 6
60 71
60 74
60 75
60 76
60 45
60 78
60 48
60 81
60 50
60 84
60 53
60 55
60 87
60 85
61 33
61 34
61 67
61 4
61 37
61 45
61 50
61 3
61 84
61 57
61 58
61 59
61 60
61 30
62 33
62 35
62 6
62 50
62 78
62 48
62 81
62 18
62 24
62 57
63 32
63 1
63 66
63 35
63 36
63 6
63 8
63 42
63 44
63 48
63 49
63 50
63 54
63 25
64 33
64 3
64 37
64 6
64 73
64 44
64 77
64 50
64 67
64 84
64 62
64 87
64 56
64 60
64 30
64 85
65 34
65 36
65 70
65 73
65 42
65 79
65 48
65 18
65 85
65 26
66 82
66 42
66 13
66 77
66 47
66 81
66 18
66 20
66 78
66 22
66 23
66 84
66 58
66 59
66 60
66 74
66 62
66 63
67 32
67 3
67 8
67 12
67 74
67 75
67 76
67 78
67 50
67 19
67 87
67 29
68 2
68 3
68 36
68 37
68 38
68 42
68 44
68 77
68 45
68 56
68 58
69 67
69 4
69 37
69 6
69 74
69 44
69 54
69 58
69 42
69 30
69 31
70 65
70 67
70 4
70 74
70 13
70 79
70 82
70 85
70 55
70 30
71 64
71 33
71 34
71 3
71 4
71 6
71 75
71 12
71 78
71 81
71 84
71 87
71 68
71 29
72 64
72 32
72 66
72 54
72 87
72 34
72 48
72 50
72 22
72 23
72 58
73 32
73 33
73 67
73 68
73 70
73 78
73 17
73 84
73 22
73 4
73 26
74 0
74 35
74 4
74 38
74 6
74 39
74 43
74 12
74 45
74 79
74 80
74 81
74 67
74 52
74 54
74 55
74 24
74 84
74 62
75 0
75 64
75 3
75 36
75 37
75 38
75 8
75 75
75 12
75 13
75 15
75 18
75 83
75 87
75 58
75 31
76 33
76 3
76 4
76 5
76 38
76 39
76 72
76 42
76 45
76 78
76 15
76 55
76 36
76 62
77 65
77 35
77 4
77 6
77 42
77 13
77 45
77 19
77 84
77 68
77 30
78 0
78 34
78 3
78 68
78 8
78 45
78 78
78 79
78 48
78 67
78 84
78 85
78 22
78 55
78 26
79 49
79 38
79 71
79 42
79 75
79 13
79 46
79 81
79 50
79 84
79 54
79 59
79 62
80 1
80 34
80 3
80 36
80 70
80 40
80 10
80 87
80 46
80 15
80 74
80 78
80 23
80 26
80 61
80 62
80 85
81 45
81 48
81 50
81 53
81 58
81 62
82 32
82 1
82 33
82 43
82 13
82 22
83 0
83 65
83 67
83 36
83 70
83 33
83 42
83 75
83 78
83 48
83 18
83 26
83 60
83 30
84 45
84 3
84 4
84 77
84 47
84 50
84 55
85 46
86 32
86 86
86 36
86 54
86 6
86 8
86 73
86 42
86 70
86 46
86 48
86 72
86 52
86 78
86 22
86 87
86 84
86 59
86 60
86 74
87 68
87 70
87 6
87 8
87 47
87 50
87 78
87 15
87 18
87 83
87 86
87 58
87 38
