88
2 1
2 2
2 5
2 12
2 13
2 17
2 18
2 26
2 28
2 29
2 30
2 32
2 37
2 45
2 46
2 48
2 49
2 56
2 57
2 59
2 62
2 65
2 68
2 69
2 71
2 76
2 81
2 86
2 87
4 1
4 2
4 3
4 5
4 8
4 11
4 17
4 26
4 28
4 30
4 32
4 40
4 42
4 48
4 49
4 50
4 56
4 58
4 59
4 61
4 64
4 69
4 72
4 78
4 85
5 1
5 2
5 3
5 4
5 69
5 71
5 80
5 83
5 86
5 87
5 59
5 29
8 1
8 3
8 4
8 8
8 11
8 12
8 13
8 17
8 18
8 19
8 20
8 25
8 26
8 30
8 36
8 42
8 46
8 48
8 52
8 59
8 61
8 64
8 69
8 71
8 73
8 78
8 80
8 82
8 83
10 0
10 1
10 2
10 3
10 4
10 5
10 8
10 11
10 13
10 17
10 18
10 30
10 32
10 35
10 40
10 42
10 44
10 47
10 48
10 52
10 56
10 65
10 68
10 69
10 71
10 76
10 80
10 85
10 86
11 1
11 3
11 4
11 5
11 8
11 13
11 34
11 37
11 44
11 46
11 49
11 50
11 56
11 59
11 61
11 68
11 72
11 76
11 82
11 83
11 85
11 87
14 76
16 34
21 0
21 1
21 2
21 3
21 4
21 8
21 11
21 13
21 18
21 26
21 30
21 32
21 34
21 36
21 38
21 44
21 48
21 49
21 56
21 57
21 58
21 59
21 71
21 72
21 76
21 78
21 85
21 86
27 0
27 2
27 4
27 37
27 44
27 11
27 12
27 47
27 76
27 17
27 18
27 52
27 86
27 23
27 56
27 59
27 28
27 62
27 69
29 72
29 83
29 3
29 28
29 46
30 1
30 2
30 4
30 8
30 9
30 13
30 17
30 28
30 29
30 30
30 32
30 34
30 35
30 36
30 40
30 44
30 48
30 52
30 59
30 61
30 62
30 69
30 73
30 76
30 78
30 80
30 83
30 86
31 32
31 2
31 4
31 60
31 46
31 49
31 18
31 56
31 26
31 59
31 28
31 29
33 1
33 3
33 71
33 72
33 7
33 13
33 48
33 81
33 50
33 83
33 20
33 56
33 28
34 1
34 3
34 4
34 8
34 13
34 17
34 24
34 26
34 32
34 34
34 35
34 36
34 42
34 44
34 46
34 48
34 49
34 52
34 59
34 61
34 62
34 68
34 69
34 76
34 80
34 86
35 0
35 1
35 2
35 3
35 8
35 12
35 13
35 17
35 23
35 26
35 30
35 35
35 36
35 44
35 46
35 49
35 57
35 58
35 59
35 62
35 64
35 72
35 76
35 78
35 80
35 87
36 4
36 5
36 8
36 12
36 13
36 28
36 29
36 30
36 32
36 34
36 38
36 42
36 44
36 48
36 49
36 52
36 57
36 59
36 62
36 69
36 71
36 77
36 80
36 83
36 84
36 86
37 1
37 3
37 11
37 17
37 18
37 20
37 28
37 30
37 32
37 34
37 35
37 36
37 42
37 46
37 47
37 48
37 49
37 50
37 52
37 56
37 59
37 62
37 68
37 69
37 70
37 72
37 85
38 1
38 3
38 5
38 13
38 19
38 26
38 28
38 32
38 36
38 37
38 42
38 44
38 47
38 48
38 49
38 56
38 57
38 59
38 61
38 68
38 69
38 70
38 71
38 72
38 78
38 86
38 87
39 73
39 44
39 78
39 48
39 82
39 83
39 20
39 46
39 52
39 28
41 1
41 2
41 3
41 4
41 8
41 9
41 11
41 13
41 17
41 18
41 26
41 28
41 31
41 32
41 34
41 35
41 40
41 42
41 44
41 48
41 49
41 59
41 62
41 69
41 70
41 71
41 72
41 85
41 86
42 1
42 8
42 12
42 13
42 17
42 20
42 28
42 29
42 30
42 35
42 36
42 37
42 44
42 46
42 47
42 52
42 57
42 59
42 69
42 76
42 80
42 82
42 83
42 85
42 86
43 0
43 32
43 34
43 36
43 80
43 8
43 73
43 42
43 44
43 13
43 46
43 76
43 17
43 52
43 78
43 56
43 72
43 59
43 28
43 62
45 32
45 80
45 3
45 4
45 71
45 44
45 13
45 77
45 48
45 50
45 83
45 84
45 82
45 25
45 26
45 59
45 28
45 85
47 1
47 3
47 4
47 8
47 12
47 17
47 24
47 28
47 30
47 32
47 44
47 48
47 52
47 56
47 57
47 60
47 61
47 62
47 68
47 69
47 71
47 72
47 76
47 80
47 82
47 85
47 86
49 1
49 2
49 3
49 4
49 7
49 8
49 12
49 13
49 30
49 31
49 32
49 34
49 36
49 37
49 40
49 44
49 50
49 57
49 61
49 62
49 68
49 72
49 73
49 76
49 78
49 83
49 86
50 1
50 3
50 4
50 9
50 18
50 20
50 26
50 28
50 32
50 34
50 35
50 44
50 46
50 56
50 57
50 58
50 70
50 71
50 72
50 73
50 76
50 78
50 80
50 83
50 85
50 87
51 32
51 1
51 69
51 71
51 12
51 76
51 48
51 86
51 56
51 25
51 59
51 28
58 0
58 3
58 4
58 8
58 12
58 13
58 17
58 18
58 26
58 32
58 36
58 48
58 49
58 52
58 56
58 59
58 60
58 61
58 68
58 69
58 71
58 72
58 78
58 83
58 85
58 86
58 87
61 0
61 2
61 3
61 4
61 8
61 12
61 17
61 18
61 28
61 29
61 34
61 36
61 44
61 47
61 48
61 50
61 52
61 56
61 57
61 61
61 62
61 64
61 69
61 71
61 72
61 80
61 85
61 86
62 1
62 3
62 4
62 69
62 71
62 8
62 44
62 46
62 47
62 48
62 83
62 59
62 30
63 1
63 48
63 17
63 52
63 86
63 59
65 1
65 2
65 4
65 5
65 11
65 17
65 20
65 26
65 28
65 29
65 30
65 34
65 35
65 36
65 37
65 46
65 49
65 56
65 57
65 58
65 62
65 69
65 72
65 76
65 78
65 80
65 83
65 86
66 0
66 32
66 34
66 3
66 36
66 58
66 40
66 61
66 76
66 13
66 47
66 48
66 17
66 35
66 85
66 86
66 72
66 26
66 29
66 30
67 32
67 1
67 69
67 71
67 8
67 64
67 12
67 72
67 83
67 85
67 56
67 62
68 2
68 3
68 4
68 8
68 11
68 13
68 17
68 18
68 26
68 28
68 30
68 34
68 35
68 47
68 48
68 56
68 58
68 59
68 61
68 69
68 71
68 72
68 76
68 77
68 78
68 83
68 84
68 86
72 32
72 2
72 3
72 37
72 71
72 8
72 87
72 46
72 48
72 17
72 50
72 20
72 85
72 57
72 72
72 52
72 59
74 48
74 2
74 36
74 49
74 71
74 72
74 8
74 80
74 17
74 18
74 83
74 86
74 59
74 28
75 0
75 1
75 2
75 70
75 44
75 13
75 48
75 17
75 52
75 85
75 58
75 61
79 1
79 3
79 8
79 12
79 13
79 17
79 28
79 29
79 30
79 36
79 37
79 44
79 47
79 49
79 52
79 56
79 59
79 64
79 69
79 72
79 73
79 76
79 78
79 80
79 83
79 86
82 2
82 3
82 4
82 8
82 17
82 20
82 28
82 29
82 30
82 34
82 36
82 38
82 42
82 44
82 48
82 52
82 56
82 59
82 61
82 62
82 68
82 69
82 71
82 72
82 76
82 78
82 82
82 83
83 3
83 4
83 5
83 6
83 8
83 17
83 18
83 24
83 28
83 32
83 34
83 36
83 38
83 40
83 44
83 46
83 47
83 49
83 50
83 56
83 68
83 76
83 78
83 80
83 83
83 86
85 1
85 2
85 35
85 4
85 38
85 49
85 72
85 73
85 42
85 76
85 34
85 46
85 80
85 17
85 83
85 28
