88
0 2
0 3
0 4
0 17
0 21
0 24
0 25
0 31
0 32
0 33
0 34
0 39
0 45
0 47
0 49
0 52
0 58
0 59
0 60
0 62
0 63
0 68
0 69
0 70
0 72
0 73
0 75
0 76
0 77
0 78
0 80
0 86
1 2
1 69
1 70
1 71
1 77
1 78
1 79
1 17
1 52
1 22
1 56
1 37
1 31
5 2
5 13
5 22
5 24
5 25
5 31
5 32
5 36
5 39
5 44
5 46
5 49
5 52
5 56
5 59
5 62
5 68
5 69
5 70
5 71
5 77
5 78
5 81
5 84
5 86
6 2
6 3
6 4
6 17
6 25
6 30
6 31
6 32
6 34
6 36
6 37
6 39
6 40
6 44
6 47
6 49
6 50
6 52
6 56
6 58
6 59
6 64
6 67
6 70
6 71
6 72
6 73
6 76
6 77
6 78
6 79
6 81
6 83
6 84
7 84
7 22
11 3
11 70
11 81
11 75
11 76
11 77
11 78
11 79
11 56
11 83
11 86
11 24
11 25
11 58
11 59
11 62
12 3
12 17
12 22
12 24
12 28
12 30
12 31
12 32
12 36
12 37
12 38
12 39
12 40
12 41
12 42
12 45
12 46
12 47
12 49
12 52
12 53
12 56
12 57
12 59
12 60
12 62
12 64
12 65
12 66
12 67
12 68
12 69
12 70
12 71
12 72
12 73
12 74
12 75
12 76
12 77
12 78
12 79
12 80
12 81
12 84
12 86
15 64
16 2
16 3
16 9
16 17
16 22
16 30
16 31
16 32
16 36
16 43
16 44
16 47
16 51
16 52
16 56
16 58
16 59
16 62
16 64
16 67
16 69
16 71
16 72
16 73
16 77
16 78
16 79
16 81
16 83
16 84
16 86
23 2
23 3
23 17
23 25
23 31
23 33
23 34
23 36
23 43
23 44
23 45
23 47
23 49
23 50
23 52
23 56
23 58
23 59
23 63
23 64
23 68
23 69
23 71
23 72
23 73
23 77
23 78
23 79
23 81
23 84
23 86
24 32
24 2
24 3
24 69
24 72
24 50
24 86
24 24
24 25
24 58
24 62
26 2
26 3
26 4
26 17
26 20
26 22
26 25
26 29
26 30
26 31
26 33
26 34
26 37
26 39
26 41
26 44
26 45
26 47
26 49
26 50
26 51
26 52
26 56
26 57
26 58
26 59
26 62
26 64
26 65
26 66
26 67
26 69
26 70
26 71
26 72
26 75
26 77
26 78
26 79
26 81
26 82
26 83
26 84
26 85
26 86
27 2
27 3
27 17
27 22
27 24
27 25
27 31
27 32
27 40
27 43
27 45
27 46
27 47
27 49
27 52
27 53
27 56
27 58
27 59
27 61
27 62
27 64
27 67
27 69
27 70
27 71
27 72
27 73
27 75
27 76
27 81
27 84
27 86
28 2
28 3
28 17
28 21
28 24
28 25
28 30
28 31
28 32
28 33
28 36
28 37
28 39
28 41
28 42
28 43
28 44
28 45
28 47
28 49
28 52
28 56
28 57
28 58
28 59
28 60
28 62
28 63
28 64
28 67
28 69
28 71
28 72
28 73
28 74
28 75
28 76
28 78
28 79
28 81
28 82
28 84
28 85
28 86
28 87
29 3
29 13
29 14
29 17
29 25
29 30
29 31
29 32
29 33
29 38
29 39
29 40
29 41
29 42
29 43
29 44
29 45
29 46
29 47
29 49
29 51
29 52
29 53
29 56
29 57
29 58
29 59
29 62
29 63
29 64
29 66
29 69
29 70
29 71
29 72
29 73
29 74
29 75
29 76
29 77
29 78
29 79
29 81
29 83
29 84
29 85
29 86
29 87
31 2
31 49
31 81
31 71
31 72
31 44
31 47
31 17
31 84
31 22
31 56
31 24
31 58
31 31
35 2
35 3
35 17
35 20
35 21
35 24
35 25
35 31
35 32
35 33
35 34
35 39
35 40
35 41
35 42
35 44
35 45
35 46
35 47
35 49
35 50
35 52
35 56
35 61
35 62
35 63
35 64
35 66
35 67
35 69
35 70
35 71
35 72
35 74
35 75
35 76
35 77
35 78
35 79
35 81
35 84
35 86
35 87
38 2
38 3
38 37
38 70
38 71
38 79
38 44
38 45
38 78
38 47
38 17
38 84
38 86
38 24
38 58
38 59
38 69
38 31
44 2
44 3
44 4
44 13
44 17
44 31
44 33
44 36
44 41
44 44
44 46
44 47
44 49
44 50
44 52
44 56
44 57
44 58
44 59
44 60
44 62
44 64
44 67
44 69
44 71
44 72
44 74
44 75
44 77
44 81
44 86
45 2
45 3
45 17
45 20
45 24
45 25
45 30
45 31
45 41
45 44
45 46
45 49
45 56
45 57
45 58
45 59
45 62
45 65
45 69
45 71
45 72
45 73
45 75
45 78
45 85
47 3
47 21
47 24
47 25
47 32
47 39
47 41
47 44
47 47
47 56
47 58
47 59
47 62
47 69
47 72
47 74
47 77
47 78
47 79
47 80
47 84
47 86
49 2
49 3
49 4
49 17
49 21
49 25
49 31
49 32
49 36
49 39
49 40
49 44
49 45
49 52
49 57
49 59
49 62
49 65
49 67
49 69
49 70
49 71
49 72
49 73
49 75
49 78
49 79
49 81
49 83
49 84
51 2
51 3
51 13
51 17
51 24
51 25
51 31
51 34
51 40
51 43
51 45
51 47
51 52
51 56
51 57
51 59
51 62
51 64
51 69
51 70
51 71
51 75
51 77
51 78
51 79
51 81
51 83
51 84
54 2
54 3
54 17
54 20
54 22
54 24
54 30
54 31
54 32
54 33
54 34
54 36
54 37
54 38
54 39
54 41
54 42
54 43
54 44
54 45
54 46
54 47
54 49
54 50
54 51
54 52
54 56
54 58
54 59
54 62
54 64
54 66
54 67
54 69
54 70
54 71
54 73
54 77
54 78
54 79
54 81
54 82
54 83
54 84
54 85
54 86
55 2
55 3
55 13
55 20
55 21
55 22
55 24
55 25
55 31
55 32
55 33
55 34
55 37
55 39
55 40
55 42
55 44
55 47
55 49
55 51
55 52
55 53
55 56
55 57
55 58
55 59
55 62
55 63
55 67
55 68
55 69
55 70
55 71
55 72
55 73
55 75
55 76
55 77
55 78
55 79
55 83
55 86
55 87
63 2
63 3
63 21
63 22
63 24
63 25
63 29
63 30
63 33
63 34
63 37
63 43
63 44
63 46
63 47
63 51
63 52
63 56
63 58
63 59
63 62
63 65
63 67
63 72
63 73
63 74
63 77
63 78
63 79
63 84
64 2
64 3
64 13
64 17
64 20
64 21
64 22
64 24
64 25
64 30
64 32
64 33
64 37
64 38
64 39
64 40
64 41
64 44
64 45
64 46
64 47
64 49
64 50
64 52
64 56
64 58
64 59
64 61
64 62
64 63
64 64
64 66
64 67
64 69
64 70
64 71
64 72
64 75
64 77
64 78
64 81
64 84
64 86
67 64
67 33
67 2
67 72
67 73
67 43
67 44
67 45
67 78
67 47
67 76
67 56
67 86
67 24
67 58
67 79
67 62
67 31
77 2
77 4
77 17
77 22
77 24
77 31
77 39
77 44
77 47
77 56
77 57
77 58
77 59
77 62
77 67
77 69
77 70
77 71
77 72
77 77
77 84
77 86
79 67
79 69
79 70
79 75
79 44
79 79
79 17
79 84
79 56
79 62
79 31
84 68
84 70
84 71
84 72
84 73
84 47
84 49
84 83
84 84
84 36
84 58
84 62
86 2
86 3
86 17
86 21
86 24
86 31
86 34
86 40
86 43
86 44
86 45
86 46
86 47
86 52
86 56
86 59
86 61
86 62
86 64
86 67
86 69
86 70
86 73
86 75
86 78
86 79
86 80
86 81
86 82
86 84
86 86
