88
0 3
0 5
0 9
0 13
0 15
0 24
0 25
0 26
0 27
0 44
0 45
0 46
0 48
0 51
0 59
0 63
0 69
0 76
0 77
0 82
0 83
0 87
1 0
1 5
1 12
1 13
1 19
1 23
1 24
1 25
1 34
1 35
1 44
1 48
1 49
1 51
1 54
1 58
1 59
1 63
1 67
1 69
1 73
1 76
1 83
1 87
3 0
3 24
3 51
3 13
4 58
4 12
4 5
4 13
5 51
5 26
5 35
5 45
6 23
6 51
6 87
7 0
7 2
7 3
7 5
7 12
7 15
7 19
7 24
7 25
7 29
7 30
7 31
7 34
7 35
7 43
7 46
7 48
7 49
7 51
7 54
7 58
7 59
7 63
7 67
7 69
7 72
7 75
7 76
7 77
7 80
7 82
7 83
7 87
8 59
8 58
8 51
8 54
9 0
9 2
9 5
9 9
9 13
9 19
9 23
9 26
9 30
9 34
9 35
9 36
9 44
9 47
9 48
9 54
9 63
9 67
9 69
9 73
9 75
9 82
9 87
10 2
10 3
10 5
10 9
10 12
10 13
10 19
10 23
10 24
10 25
10 30
10 31
10 34
10 35
10 36
10 38
10 45
10 47
10 49
10 51
10 54
10 58
10 59
10 66
10 69
10 73
10 77
10 82
11 73
11 35
11 76
12 2
12 35
12 80
12 82
12 19
12 26
12 59
15 13
15 87
16 73
16 59
16 36
17 0
17 2
17 3
17 5
17 15
17 23
17 25
17 26
17 27
17 29
17 30
17 31
17 35
17 36
17 43
17 44
17 48
17 51
17 63
17 67
17 69
17 73
17 75
17 76
17 77
17 80
17 83
18 49
18 2
18 59
18 44
20 48
20 19
20 76
20 5
21 34
21 59
21 77
21 62
22 51
22 2
22 35
22 69
22 76
22 43
22 44
22 13
22 77
22 45
22 48
22 3
22 54
22 24
22 83
22 58
22 31
23 2
23 3
23 4
23 12
23 13
23 19
23 23
23 24
23 25
23 26
23 27
23 29
23 30
23 31
23 34
23 35
23 44
23 47
23 48
23 49
23 51
23 54
23 63
23 69
23 72
23 74
23 75
23 76
23 77
23 80
23 83
24 48
24 69
24 76
24 13
24 80
24 19
24 54
26 67
26 35
26 44
26 77
26 48
26 83
26 54
27 0
27 2
27 3
27 36
27 69
27 9
27 43
27 44
27 13
27 76
27 19
27 54
27 23
27 83
27 25
27 87
28 24
28 49
28 36
28 5
29 59
29 35
29 87
30 51
30 34
30 3
30 5
30 67
30 44
30 2
30 77
30 13
30 48
30 35
30 24
30 83
30 47
30 63
32 2
32 3
32 69
32 63
32 9
32 12
32 46
32 59
32 76
32 49
32 83
32 54
32 24
32 26
32 27
32 30
32 31
34 51
34 83
34 5
34 73
34 44
34 34
34 48
34 19
34 23
34 24
34 59
35 2
35 51
35 87
35 24
35 25
35 59
36 0
36 2
36 3
36 5
36 12
36 13
36 24
36 25
36 26
36 27
36 31
36 34
36 35
36 44
36 46
36 54
36 59
36 63
36 67
36 69
36 74
36 82
36 87
37 51
37 2
37 3
37 5
37 38
37 44
37 74
37 12
37 66
37 48
37 76
37 35
37 54
37 24
37 26
37 59
37 63
38 23
38 82
38 3
38 29
38 15
39 35
39 2
39 34
39 66
39 5
39 80
39 75
39 44
39 13
39 48
39 19
39 83
39 25
39 26
39 63
39 30
39 31
40 0
40 34
40 3
40 72
40 73
40 76
40 13
40 83
40 23
40 24
40 26
40 63
41 3
41 69
41 38
41 44
41 77
41 48
41 83
41 87
41 63
42 24
42 54
44 2
44 9
44 12
44 13
44 15
44 19
44 24
44 25
44 34
44 35
44 36
44 38
44 43
44 44
44 47
44 48
44 49
44 51
44 58
44 59
44 63
44 66
44 69
44 72
44 73
44 74
44 76
44 82
44 87
45 2
45 3
45 9
45 13
45 15
45 19
45 23
45 26
45 27
45 31
45 34
45 35
45 36
45 38
45 43
45 47
45 48
45 49
45 51
45 54
45 62
45 66
45 67
45 69
45 73
45 74
45 80
45 83
45 87
46 59
46 51
46 87
47 2
47 35
47 44
47 12
47 77
47 15
47 48
47 83
47 54
47 23
47 62
48 0
48 34
48 3
48 5
48 43
48 12
48 77
48 46
48 82
48 83
48 54
48 24
48 25
48 59
48 30
48 63
49 0
49 3
49 4
49 5
49 12
49 13
49 15
49 19
49 23
49 25
49 26
49 29
49 31
49 34
49 36
49 38
49 46
49 48
49 49
49 51
49 54
49 58
49 59
49 67
49 69
49 74
49 75
49 76
49 77
49 80
49 83
49 87
50 2
50 12
50 13
50 19
50 23
50 26
50 34
50 35
50 36
50 43
50 44
50 48
50 51
50 59
50 62
50 63
50 69
50 73
50 75
50 76
50 80
50 83
50 87
51 3
51 5
51 13
51 15
51 19
51 23
51 24
51 26
51 27
51 30
51 34
51 35
51 36
51 38
51 47
51 48
51 49
51 51
51 54
51 58
51 59
51 63
51 66
51 69
51 73
51 76
51 77
51 80
51 83
51 87
52 76
52 5
53 0
53 48
53 34
53 35
54 2
54 3
54 5
54 12
54 13
54 15
54 19
54 23
54 24
54 25
54 26
54 29
54 35
54 36
54 38
54 48
54 51
54 54
54 59
54 62
54 63
54 66
54 69
54 72
54 74
54 75
54 76
54 80
54 83
54 87
55 51
55 3
55 36
55 69
55 35
55 73
55 48
55 59
55 67
55 58
55 27
55 29
55 63
56 0
56 45
56 77
57 48
57 24
57 34
57 44
57 69
59 2
59 5
59 9
59 12
59 13
59 19
59 23
59 24
59 27
59 30
59 35
59 36
59 45
59 46
59 48
59 51
59 58
59 59
59 63
59 73
59 75
59 77
59 80
59 82
59 87
60 34
60 3
60 44
60 2
60 48
60 54
61 35
61 2
61 3
61 5
61 38
61 63
61 87
61 34
61 77
61 15
61 59
61 19
61 54
61 23
61 24
61 27
61 51
64 26
64 87
65 2
65 5
65 44
65 13
65 87
65 62
65 31
67 0
67 2
67 5
67 12
67 13
67 19
67 23
67 24
67 25
67 26
67 34
67 35
67 36
67 44
67 51
67 54
67 58
67 63
67 69
67 72
67 76
67 80
67 87
68 9
68 75
68 76
68 31
69 0
69 19
69 83
69 5
69 9
69 44
69 51
69 24
69 25
69 26
69 59
69 69
70 48
70 35
70 19
70 73
71 35
71 2
71 3
71 36
71 69
71 51
71 80
71 44
71 13
71 77
71 15
71 34
71 19
71 54
71 23
71 24
71 25
71 63
71 31
72 0
72 2
72 3
72 12
72 13
72 19
72 23
72 27
72 29
72 30
72 31
72 34
72 43
72 44
72 45
72 46
72 49
72 51
72 54
72 59
72 62
72 63
72 66
72 67
72 73
72 76
72 80
72 83
72 87
76 0
76 3
76 4
76 5
76 12
76 13
76 15
76 23
76 25
76 26
76 27
76 30
76 34
76 36
76 38
76 43
76 44
76 47
76 48
76 51
76 54
76 59
76 62
76 63
76 69
76 73
76 75
76 76
76 87
77 0
77 51
77 44
77 48
77 83
77 54
77 63
78 24
78 34
78 59
78 69
79 35
79 2
79 3
79 4
79 5
79 51
79 74
79 83
79 87
79 19
79 23
79 25
79 26
79 29
79 69
79 63
80 83
80 3
80 23
81 19
81 34
81 48
81 49
81 83
81 29
84 59
84 35
84 23
85 51
85 77
85 62
86 43
86 5
86 73
86 75
86 76
86 13
86 83
86 87
86 24
