88
0 0
0 1
0 2
0 9
0 10
0 11
0 12
0 13
0 18
0 25
0 27
0 29
0 31
0 32
0 33
0 34
0 35
0 36
0 37
0 38
0 39
0 41
0 42
0 43
0 48
0 49
0 54
0 55
0 56
0 63
0 64
0 68
0 71
0 75
0 79
0 83
1 0
1 1
1 2
1 3
1 9
1 10
1 11
1 12
1 13
1 18
1 27
1 28
1 29
1 31
1 35
1 36
1 38
1 41
1 43
1 44
1 45
1 48
1 49
1 56
1 61
1 68
1 71
1 75
1 79
1 82
1 83
1 87
2 1
2 35
2 68
2 49
2 41
3 68
3 35
3 36
3 49
3 9
3 79
3 11
3 12
3 61
3 43
3 83
3 54
3 55
3 56
3 25
3 27
3 29
3 31
4 0
4 1
4 35
4 68
4 9
4 55
4 49
4 18
4 83
4 54
4 41
4 25
4 29
4 31
5 0
5 2
5 35
5 68
5 38
5 71
5 79
5 75
5 61
5 49
5 67
5 55
5 83
5 25
5 27
5 29
6 0
6 2
6 6
6 9
6 12
6 16
6 18
6 29
6 31
6 32
6 33
6 35
6 36
6 42
6 43
6 48
6 55
6 61
6 63
6 68
6 71
6 79
6 83
7 56
7 83
7 29
8 49
8 68
9 0
9 1
9 10
9 11
9 12
9 25
9 27
9 28
9 29
9 31
9 33
9 36
9 38
9 39
9 43
9 44
9 47
9 49
9 55
9 61
9 68
9 71
9 75
10 0
10 1
10 2
10 35
10 33
10 32
10 11
10 12
10 61
10 49
10 37
10 20
10 54
10 55
10 39
10 71
10 79
10 29
10 31
11 1
11 2
11 3
11 11
11 12
11 13
11 18
11 25
11 27
11 29
11 31
11 32
11 34
11 35
11 38
11 39
11 42
11 43
11 44
11 46
11 49
11 55
11 60
11 63
11 68
11 70
11 71
11 73
11 75
11 79
11 80
11 83
12 0
12 1
12 25
12 55
13 0
13 1
13 2
13 7
13 9
13 11
13 12
13 13
13 18
13 25
13 28
13 29
13 31
13 33
13 35
13 36
13 38
13 41
13 42
13 48
13 49
13 54
13 55
13 57
13 61
13 63
13 67
13 68
13 71
13 79
13 83
14 0
14 1
14 9
14 11
14 13
14 25
14 27
14 29
14 30
14 31
14 32
14 33
14 35
14 37
14 38
14 39
14 43
14 44
14 47
14 48
14 49
14 55
14 56
14 57
14 61
14 62
14 63
14 67
14 68
14 70
14 75
14 79
14 83
15 79
15 55
16 0
16 1
16 83
16 43
16 38
16 11
16 44
16 47
16 49
16 18
16 19
16 55
16 75
16 28
16 61
16 31
17 0
17 1
17 75
17 68
17 28
18 0
18 1
18 10
18 12
18 13
18 29
18 31
18 32
18 35
18 36
18 38
18 41
18 49
18 54
18 61
18 63
18 67
18 68
18 71
18 75
18 79
18 83
19 1
19 75
19 49
20 43
20 47
21 36
21 71
22 1
22 66
22 35
22 25
23 0
23 1
23 2
23 9
23 11
23 12
23 18
23 28
23 31
23 32
23 33
23 34
23 35
23 36
23 37
23 38
23 39
23 42
23 49
23 61
23 68
23 71
23 75
23 83
24 0
24 2
24 44
25 1
25 71
25 9
25 11
25 29
25 55
25 61
26 0
26 1
26 9
26 11
26 14
26 18
26 27
26 29
26 35
26 36
26 37
26 39
26 42
26 44
26 49
26 53
26 59
26 71
26 75
26 76
26 79
26 83
27 1
27 2
27 9
27 11
27 12
27 13
27 18
27 22
27 25
27 27
27 28
27 29
27 35
27 36
27 39
27 42
27 43
27 44
27 47
27 49
27 55
27 61
27 65
27 67
27 68
27 75
27 77
27 78
27 83
27 87
28 33
28 35
28 68
28 75
28 44
28 49
28 18
28 55
28 25
28 29
28 31
29 0
29 1
29 2
29 9
29 11
29 25
29 27
29 28
29 29
29 31
29 32
29 33
29 35
29 37
29 38
29 39
29 43
29 44
29 48
29 49
29 50
29 55
29 56
29 61
29 67
29 68
29 70
29 71
29 75
29 83
30 49
30 43
30 38
31 42
31 18
31 36
31 61
31 29
32 31
32 83
32 12
32 79
33 0
33 33
33 43
33 38
33 11
33 79
33 18
34 49
34 2
34 39
35 0
35 1
35 35
35 68
35 32
35 83
35 57
35 27
36 83
36 11
36 61
36 39
37 1
37 35
37 39
37 75
37 79
37 55
37 25
38 0
38 1
38 38
38 12
38 61
38 49
38 18
38 83
38 29
39 0
39 1
39 36
39 71
39 42
39 75
39 31
40 44
40 71
41 0
41 38
41 71
42 0
42 1
42 61
42 35
42 36
42 38
42 6
42 33
42 9
42 42
42 71
42 12
42 13
42 44
42 49
42 18
42 79
42 83
42 25
42 75
42 29
43 33
43 61
43 39
43 9
43 42
43 75
43 44
43 13
43 79
43 48
43 28
43 29
43 31
44 79
44 1
44 2
44 43
44 68
44 70
44 39
44 9
44 42
44 11
44 47
44 49
44 75
44 67
44 55
44 83
44 63
44 28
44 61
44 31
45 0
45 28
46 1
46 67
46 35
47 0
47 31
48 0
48 37
48 6
48 79
49 0
49 1
49 2
49 6
49 10
49 12
49 13
49 18
49 19
49 27
49 28
49 29
49 31
49 32
49 35
49 36
49 38
49 39
49 40
49 41
49 43
49 44
49 49
49 52
49 54
49 55
49 57
49 61
49 67
49 71
49 75
49 79
49 83
50 0
50 18
50 75
50 36
51 18
51 68
52 79
52 61
52 39
53 0
53 18
53 12
54 43
54 29
55 0
55 42
55 35
55 29
56 1
56 10
56 63
56 39
57 48
57 27
57 61
58 0
58 1
58 6
58 8
58 9
58 10
58 11
58 12
58 13
58 18
58 21
58 25
58 27
58 28
58 29
58 31
58 32
58 33
58 35
58 36
58 37
58 38
58 39
58 41
58 43
58 44
58 47
58 49
58 54
58 55
58 56
58 57
58 61
58 63
58 68
58 70
58 71
58 72
58 75
58 79
58 81
58 83
59 0
59 32
59 35
59 68
59 41
59 55
59 29
60 0
60 1
60 35
60 55
61 0
61 6
61 11
61 12
61 18
61 25
61 27
61 29
61 31
61 33
61 35
61 38
61 39
61 41
61 42
61 44
61 49
61 54
61 55
61 61
61 63
61 79
61 83
62 38
62 31
63 0
63 1
63 2
63 43
63 33
63 39
63 12
63 48
63 18
63 83
63 57
63 23
63 25
63 27
64 35
64 31
65 35
65 68
65 75
65 79
65 49
65 18
65 55
66 0
66 49
66 11
66 39
67 1
67 35
67 38
67 49
67 18
67 83
67 61
68 0
68 1
68 35
68 36
68 49
68 33
68 75
68 9
68 42
68 11
68 12
68 61
68 44
68 43
68 18
68 57
68 55
68 25
68 71
68 47
68 29
69 33
69 44
69 37
70 49
70 18
70 35
70 39
71 57
71 75
71 71
72 36
72 29
72 79
73 56
73 35
73 20
74 1
74 28
74 54
75 0
75 1
75 4
75 6
75 10
75 11
75 12
75 17
75 18
75 27
75 28
75 30
75 31
75 32
75 35
75 36
75 43
75 44
75 49
75 57
75 61
75 68
75 71
75 79
75 83
76 75
76 39
77 83
77 2
77 75
77 29
77 39
78 18
78 71
79 0
79 1
79 68
79 9
79 75
79 36
79 31
80 83
80 39
81 49
81 12
81 6
82 49
82 33
83 1
83 2
83 75
83 38
83 10
83 11
83 79
83 49
83 55
83 29
86 83
86 75
86 35
86 36
87 0
87 35
87 71
87 11
87 61
87 49
87 29
