88
1 64
1 51
1 70
1 71
1 41
1 75
1 76
1 44
1 19
1 25
1 29
3 0
3 3
3 6
3 13
3 18
3 23
3 25
3 26
3 27
3 37
3 46
3 53
3 59
3 61
3 65
3 74
3 76
3 77
3 81
3 82
3 83
3 86
4 13
4 19
4 22
4 26
4 28
4 29
4 36
4 39
4 46
4 47
4 48
4 60
4 61
4 64
4 65
4 68
4 70
4 72
4 74
4 78
4 79
4 80
4 81
4 86
9 32
9 51
9 34
9 5
9 79
9 40
9 42
9 83
9 13
9 61
9 50
9 19
9 20
9 22
9 25
9 58
9 54
9 86
9 29
9 62
9 63
10 64
10 1
10 36
10 5
10 6
10 65
10 38
10 74
10 71
10 13
10 46
10 50
10 19
10 20
10 22
10 23
10 25
10 58
10 27
10 70
10 51
11 64
11 33
11 83
11 77
11 37
11 6
11 65
11 40
11 41
11 75
11 60
11 70
11 46
11 47
11 48
11 81
11 51
11 20
11 23
11 25
11 28
14 1
14 70
14 38
14 39
14 71
14 44
14 77
14 46
14 15
14 81
14 23
14 25
14 58
14 28
14 65
15 0
15 1
15 2
15 10
15 18
15 22
15 25
15 28
15 34
15 36
15 37
15 38
15 40
15 41
15 46
15 49
15 58
15 60
15 63
15 64
15 65
15 66
15 70
15 71
15 73
15 74
15 80
15 83
15 86
16 1
16 3
16 5
16 6
16 13
16 15
16 19
16 20
16 29
16 34
16 37
16 38
16 40
16 43
16 49
16 52
16 59
16 61
16 68
16 70
16 74
16 76
16 77
16 79
16 80
16 81
16 83
17 61
17 22
17 79
21 0
21 1
21 70
21 6
21 65
21 41
21 10
21 44
21 60
21 80
21 49
21 50
21 19
21 74
21 22
21 73
21 25
21 79
21 28
21 29
21 81
24 0
24 3
24 5
24 6
24 13
24 15
24 22
24 23
24 25
24 26
24 28
24 29
24 38
24 41
24 47
24 50
24 59
24 61
24 62
24 63
24 64
24 68
24 71
24 79
24 81
24 82
24 83
25 0
25 1
25 34
25 59
25 38
25 6
25 39
25 60
25 43
25 76
25 13
25 46
25 49
25 50
25 20
25 22
25 25
25 58
25 27
25 28
25 29
27 0
27 3
27 6
27 9
27 19
27 20
27 22
27 23
27 25
27 28
27 29
27 31
27 37
27 47
27 49
27 51
27 56
27 61
27 64
27 66
27 67
27 68
27 70
27 71
27 74
27 78
27 80
27 81
28 64
28 18
29 64
29 67
29 59
29 36
29 37
29 6
29 71
29 74
29 86
29 61
29 46
29 47
29 19
29 22
29 25
29 26
29 38
29 60
29 29
33 51
33 37
33 70
33 41
33 43
33 50
33 19
33 21
33 22
33 25
33 6
33 59
33 58
33 62
38 67
38 36
38 37
38 6
38 71
38 40
38 73
38 76
38 70
38 77
38 47
38 80
38 50
38 82
38 22
38 25
38 28
38 63
39 64
39 65
39 83
39 59
39 36
39 37
39 70
39 71
39 74
39 44
39 13
39 47
39 80
39 81
39 50
39 19
39 20
39 22
39 56
39 27
39 86
43 2
43 6
43 13
43 20
43 23
43 25
43 28
43 36
43 37
43 41
43 44
43 47
43 48
43 51
43 60
43 61
43 64
43 65
43 67
43 68
43 80
43 81
46 34
46 75
46 68
46 5
46 70
46 71
46 72
46 76
46 43
46 44
46 45
46 46
46 47
46 81
46 19
46 77
46 86
46 25
46 58
46 29
47 3
47 6
47 19
47 20
47 22
47 23
47 28
47 34
47 35
47 38
47 45
47 46
47 47
47 49
47 52
47 56
47 59
47 61
47 64
47 68
47 74
47 83
50 64
50 1
50 66
50 38
50 6
50 71
50 74
50 83
50 77
50 46
50 47
50 50
50 51
50 21
50 22
50 25
50 58
50 27
50 70
51 64
51 0
51 34
51 36
51 38
51 78
51 80
53 65
53 2
53 68
53 70
53 6
53 39
53 9
53 10
53 43
53 61
53 46
53 47
53 80
53 51
53 77
53 22
53 86
53 28
53 29
57 0
57 18
57 20
57 22
57 25
57 29
57 31
57 33
57 34
57 36
57 37
57 38
57 43
57 44
57 46
57 48
57 50
57 52
57 58
57 68
57 77
57 79
57 80
57 81
57 82
60 0
60 13
60 19
60 22
60 25
60 35
60 36
60 43
60 46
60 50
60 51
60 54
60 56
60 58
60 59
60 64
60 65
60 70
60 72
60 73
60 80
60 82
61 0
61 1
61 3
61 6
61 13
61 15
61 19
61 22
61 23
61 35
61 38
61 41
61 43
61 44
61 53
61 58
61 61
61 64
61 65
61 66
61 68
61 80
61 81
61 83
61 86
64 5
64 6
64 9
64 23
64 25
64 28
64 29
64 36
64 37
64 40
64 42
64 46
64 47
64 49
64 51
64 60
64 61
64 63
64 65
64 68
64 72
64 76
64 78
64 80
64 81
65 64
65 65
65 6
65 1
65 42
65 50
65 46
65 82
65 23
65 28
66 0
66 3
66 6
66 13
66 19
66 22
66 23
66 24
66 25
66 34
66 35
66 37
66 46
66 48
66 58
66 61
66 64
66 70
66 74
66 76
66 77
66 80
66 82
66 86
67 0
67 5
67 6
67 12
67 13
67 19
67 23
67 29
67 37
67 40
67 43
67 44
67 46
67 47
67 50
67 52
67 58
67 61
67 66
67 67
67 70
67 71
67 72
67 73
67 80
67 81
67 83
67 86
67 87
68 32
68 1
68 2
68 3
68 38
68 35
68 41
68 44
68 70
68 46
68 77
68 80
68 81
68 19
68 20
68 22
68 87
68 56
68 79
68 51
68 31
69 0
69 1
69 2
69 3
69 5
69 6
69 13
69 19
69 21
69 22
69 24
69 25
69 28
69 31
69 41
69 44
69 46
69 58
69 61
69 64
69 65
69 70
69 71
69 74
69 77
69 80
69 81
69 83
70 1
70 9
70 13
70 19
70 23
70 28
70 38
70 40
70 42
70 44
70 47
70 50
70 51
70 59
70 63
70 64
70 68
70 73
70 74
70 77
70 80
70 83
70 87
71 0
71 64
71 5
71 6
71 65
71 40
71 73
71 79
71 70
71 46
71 77
71 80
71 72
71 19
71 22
71 25
71 58
71 59
71 28
71 81
72 13
72 15
72 19
72 20
72 21
72 22
72 24
72 25
72 28
72 29
72 36
72 40
72 41
72 44
72 46
72 51
72 58
72 59
72 61
72 63
72 65
72 70
72 72
72 73
72 75
72 80
72 81
72 82
72 86
72 87
73 0
73 1
73 3
73 38
73 6
73 65
73 72
73 41
73 10
73 75
73 44
73 77
73 82
73 51
73 20
73 54
73 25
73 60
73 29
73 62
73 31
74 19
74 20
74 22
74 23
74 24
74 41
74 44
74 47
74 51
74 58
74 60
74 61
74 62
74 64
74 65
74 68
74 71
74 74
74 76
74 78
74 82
74 83
74 87
75 1
75 10
75 13
75 18
75 23
75 24
75 28
75 33
75 40
75 44
75 46
75 49
75 50
75 51
75 54
75 61
75 67
75 70
75 71
75 73
75 77
75 80
75 81
75 83
75 86
79 0
79 68
79 70
79 71
79 73
79 10
79 13
79 80
79 19
79 52
79 21
79 59
79 28
79 61
80 5
80 6
80 9
80 12
80 20
80 28
80 39
80 42
80 43
80 44
80 46
80 48
80 50
80 51
80 61
80 63
80 65
80 71
80 72
80 76
80 81
80 82
80 83
80 87
85 0
85 37
85 6
85 40
85 74
85 87
85 76
85 13
85 80
85 81
85 82
85 83
85 20
85 23
85 56
85 26
85 58
