88
0 64
0 65
0 2
0 3
0 37
0 7
0 9
0 12
0 79
0 57
0 54
0 55
0 25
0 27
0 60
1 67
1 37
1 73
1 55
1 47
1 41
1 26
1 30
2 32
2 1
2 66
2 75
2 49
2 70
2 33
2 8
2 64
2 39
2 61
2 87
2 17
2 20
2 57
2 40
2 24
2 25
2 56
2 27
2 58
3 64
3 0
3 5
3 70
3 1
3 10
3 71
3 82
3 18
3 52
3 87
3 25
3 26
3 61
4 70
4 10
4 12
4 81
4 19
4 61
4 30
5 1
5 4
5 73
5 75
5 80
5 41
5 24
6 60
7 69
7 49
7 8
7 75
7 77
7 78
7 81
7 18
7 51
8 65
8 77
8 78
9 0
9 5
9 8
9 9
9 11
9 12
9 19
9 22
9 26
9 31
9 35
9 38
9 40
9 50
9 52
9 57
9 59
9 64
9 72
9 80
9 81
9 84
10 0
10 3
10 8
10 11
10 12
10 16
10 19
10 20
10 22
10 30
10 33
10 39
10 47
10 49
10 51
10 53
10 63
10 67
10 70
10 75
10 76
10 86
11 0
11 1
11 66
11 5
11 38
11 8
11 42
11 55
11 12
11 77
11 14
11 40
11 20
11 23
11 57
11 69
11 59
11 28
11 61
11 30
11 31
12 42
12 33
12 2
12 5
12 64
12 41
12 10
12 75
12 12
12 13
12 77
12 19
12 84
12 86
12 23
12 27
12 29
12 37
13 32
13 1
13 2
13 4
13 39
13 8
13 41
13 71
13 12
13 66
13 77
13 16
13 40
13 19
13 48
13 22
13 57
13 59
13 60
13 31
14 71
14 75
14 44
14 80
14 55
14 56
14 31
15 0
15 1
15 43
15 80
15 65
15 39
15 40
15 44
15 10
15 11
15 12
15 45
15 64
15 16
15 72
15 50
15 87
15 59
15 74
15 31
16 1
16 2
16 4
16 69
16 38
16 39
16 40
16 10
16 43
16 44
16 45
16 77
16 82
16 19
16 54
16 56
16 57
16 71
16 27
16 30
16 65
17 0
17 2
17 66
17 39
17 10
17 71
17 44
17 61
17 77
17 47
17 52
17 22
17 59
17 28
17 42
18 52
19 1
19 68
19 70
19 33
19 41
19 79
19 53
20 73
20 42
22 1
22 34
22 67
22 33
22 40
22 10
22 75
22 86
22 55
22 39
23 66
23 41
23 75
23 45
23 85
23 55
24 56
24 41
24 31
24 22
24 57
25 4
25 40
25 73
25 42
25 77
25 19
25 52
25 55
25 26
25 58
26 57
26 22
27 59
27 45
28 2
28 35
28 68
28 5
28 40
28 78
28 19
28 20
28 54
28 61
29 64
29 67
29 4
29 47
29 86
29 68
29 36
30 64
30 33
30 3
30 5
30 8
30 10
30 75
30 16
30 83
30 54
30 27
30 37
31 0
31 37
31 41
31 45
31 20
31 22
31 55
31 84
31 60
32 2
32 8
32 9
32 44
32 34
32 47
32 84
33 80
33 34
33 68
33 37
33 41
33 10
33 63
33 16
33 49
33 42
33 52
33 78
33 54
33 73
33 24
33 84
33 74
33 59
33 29
33 30
33 31
34 84
34 44
34 10
34 36
36 64
36 65
36 10
36 82
36 27
36 30
37 34
37 67
37 68
37 54
37 39
37 9
37 74
37 44
37 78
37 20
37 22
37 27
37 60
38 0
38 3
38 4
38 7
38 8
38 16
38 27
38 28
38 31
38 34
38 37
38 40
38 41
38 44
38 45
38 47
38 53
38 61
38 64
38 65
38 68
38 78
38 80
38 84
38 86
39 1
39 66
39 67
39 36
39 13
39 2
39 79
39 80
39 22
39 57
40 1
40 69
40 71
40 12
40 53
40 26
41 32
41 72
41 77
41 14
41 45
41 49
41 82
41 86
41 23
42 64
42 1
42 2
42 36
42 70
42 8
42 45
42 78
42 47
42 72
42 20
42 21
42 22
42 84
42 60
42 29
43 84
43 1
43 34
43 4
43 86
43 40
43 41
43 74
43 14
43 61
43 80
43 53
43 20
43 46
43 54
43 57
43 29
43 30
43 31
44 32
44 84
44 43
44 68
44 5
44 8
44 11
44 49
44 19
44 52
44 23
44 57
44 29
44 69
44 37
45 34
45 68
45 40
45 13
45 45
45 49
45 20
45 54
45 4
45 60
45 61
46 64
46 26
46 66
46 51
46 10
47 34
47 30
48 1
48 4
48 6
48 33
48 49
48 19
48 30
49 32
49 72
49 73
49 11
49 45
49 87
49 58
49 27
49 30
50 67
50 40
50 60
50 80
50 83
50 53
50 26
50 28
50 61
51 74
51 28
51 58
52 32
52 65
52 66
52 35
52 5
52 49
52 8
52 10
52 11
52 12
52 45
52 78
52 71
52 40
52 75
52 83
52 54
52 55
52 26
52 74
53 32
53 66
53 70
53 8
53 11
53 14
53 80
53 20
53 57
53 52
53 26
53 61
53 31
54 80
54 73
54 58
54 78
54 41
55 0
55 66
55 35
55 38
55 72
55 74
55 83
56 65
56 16
56 60
56 75
56 44
56 47
56 80
56 49
56 20
56 55
56 28
57 32
57 1
57 2
57 67
57 5
57 70
57 65
57 80
57 41
57 45
57 77
57 47
57 48
57 56
57 82
57 20
57 24
57 27
57 61
57 37
58 2
58 3
58 4
58 8
58 9
58 14
58 22
58 24
58 26
58 29
58 39
58 43
58 45
58 49
58 53
58 55
58 57
58 60
58 64
58 65
58 66
58 82
58 84
59 65
59 66
59 5
59 47
59 22
59 58
59 31
60 64
60 87
60 69
60 39
60 41
60 11
60 12
60 16
60 49
60 82
60 20
60 73
60 23
60 56
60 84
60 26
60 60
60 29
60 30
61 4
61 74
61 11
61 44
61 16
61 57
61 63
62 67
62 5
62 70
62 49
62 11
62 43
62 83
62 84
62 59
62 55
62 24
62 38
62 61
62 30
63 0
63 33
63 66
63 67
63 69
63 41
63 74
63 48
63 84
63 53
63 42
63 31
64 0
64 1
64 2
64 37
64 33
64 43
64 47
64 52
64 54
64 87
64 24
65 64
65 33
65 67
65 3
65 4
65 5
65 70
65 42
65 13
65 16
65 50
65 35
65 53
65 87
65 24
65 26
65 59
65 60
65 58
65 30
65 37
66 3
66 40
66 43
66 47
66 16
66 59
66 82
66 55
66 27
66 60
66 31
67 33
67 4
67 5
67 71
67 75
67 16
67 19
67 23
67 39
67 55
67 69
68 27
68 30
69 34
69 4
69 73
69 44
69 19
69 26
69 28
70 0
70 32
70 2
70 3
70 86
70 39
70 41
70 74
70 11
70 47
70 80
70 49
70 18
70 51
70 62
70 54
70 73
70 56
70 59
70 61
70 30
71 0
71 2
71 35
71 4
71 37
71 71
71 72
71 9
71 11
71 44
71 77
71 56
71 20
71 41
71 24
71 69
72 0
72 33
72 35
72 72
72 74
72 43
72 45
72 47
72 16
72 49
72 82
72 53
72 56
72 29
73 66
73 69
73 38
73 74
73 43
73 52
73 55
73 31
74 8
74 56
74 23
74 39
76 26
76 59
76 60
76 22
76 23
77 82
77 51
77 5
77 69
77 23
78 0
78 32
78 66
78 3
78 39
78 75
78 80
78 49
78 23
78 25
78 26
78 60
78 55
78 31
79 64
80 65
80 2
80 5
80 44
80 78
80 80
80 19
80 24
80 25
80 61
81 16
81 39
83 12
83 31
84 4
84 70
84 8
84 12
84 40
84 82
84 24
84 61
85 2
85 71
85 72
85 47
85 16
85 54
85 30
86 36
87 7
87 42
87 12
87 77
87 49
87 82
87 20
87 87
87 59
87 28
