88
0 33
0 6
0 8
0 75
0 47
0 19
0 54
0 62
0 51
1 33
1 2
1 41
1 10
1 75
1 76
1 46
1 49
1 51
1 21
1 54
1 26
2 5
2 6
2 10
2 44
2 51
2 42
3 33
3 67
3 3
3 5
3 6
3 39
3 42
3 11
3 71
3 16
3 49
3 75
3 19
3 22
3 87
3 58
3 38
4 41
4 22
4 28
4 5
4 38
7 1
7 2
7 3
7 66
7 5
7 6
7 38
7 11
7 76
7 34
7 16
7 49
7 75
7 19
7 72
7 27
7 30
7 69
9 2
9 67
9 72
9 10
9 76
9 8
9 3
9 58
9 27
10 41
10 75
10 44
10 21
10 62
11 4
11 71
11 41
11 10
11 51
11 26
11 61
12 33
12 2
12 3
12 71
12 72
12 76
12 10
12 11
12 44
12 47
12 16
12 49
12 19
12 22
12 87
12 26
12 27
12 42
12 62
13 67
13 71
13 72
13 11
13 3
13 58
16 5
16 6
16 8
16 10
16 26
16 27
16 33
16 38
16 39
16 41
16 42
16 44
16 51
16 54
16 58
16 62
16 66
16 67
16 71
16 72
16 75
16 76
16 87
17 66
17 3
17 69
17 6
17 8
17 42
17 75
17 49
17 19
17 67
17 5
19 51
19 4
19 5
19 71
20 5
20 10
20 21
20 58
20 61
20 62
21 58
21 2
21 67
21 66
21 5
21 6
21 71
21 8
21 10
21 11
21 34
21 16
21 51
21 26
21 38
21 42
21 62
22 3
22 5
22 10
22 11
22 76
22 67
23 67
23 4
23 6
23 72
23 10
23 51
23 58
24 33
24 2
24 67
24 5
24 6
24 72
24 41
24 10
24 76
24 49
24 19
24 22
24 26
24 58
24 51
25 2
25 3
25 4
25 5
25 6
25 8
25 10
25 19
25 21
25 22
25 26
25 34
25 39
25 41
25 42
25 51
25 58
25 62
25 67
25 71
25 72
25 76
28 2
28 3
28 4
28 5
28 6
28 71
28 8
28 41
28 11
28 49
28 51
28 87
28 67
28 72
28 38
28 28
28 62
29 4
29 39
29 42
29 75
29 49
29 19
31 2
31 3
31 4
31 38
31 39
31 8
31 41
31 67
31 44
31 71
31 76
31 75
31 19
31 21
31 22
31 58
31 62
32 1
32 66
32 3
32 51
32 33
32 8
32 41
32 42
32 11
32 72
32 19
32 54
32 87
32 67
32 39
32 27
32 62
33 66
33 5
33 71
33 8
33 41
33 10
33 11
33 49
33 23
33 26
33 58
34 33
34 66
34 67
34 5
34 71
34 8
34 41
34 10
34 11
34 76
34 46
34 61
34 16
34 49
34 82
34 19
34 42
36 3
36 4
36 5
36 6
36 8
36 10
36 11
36 19
36 21
36 33
36 38
36 39
36 41
36 58
36 61
36 62
36 66
36 67
36 72
36 75
36 76
36 87
37 1
37 66
37 67
37 5
37 71
37 8
37 42
37 11
37 76
37 46
37 47
37 72
37 19
37 21
37 22
37 23
37 26
37 62
40 1
40 2
40 3
40 38
40 33
40 8
40 76
40 11
40 44
40 66
40 46
40 72
40 19
40 21
40 67
40 39
40 58
40 61
41 58
41 3
41 4
41 38
41 6
41 39
41 41
41 10
41 71
41 76
41 47
41 16
41 51
41 26
41 42
41 62
43 1
43 2
43 3
43 33
43 8
43 42
43 11
43 34
43 46
43 16
43 72
43 22
43 23
43 26
43 27
43 58
45 1
45 4
45 8
45 10
45 11
45 16
45 19
45 21
45 22
45 28
45 30
45 33
45 38
45 39
45 49
45 61
45 62
45 66
45 67
45 69
45 71
45 75
45 76
46 2
46 5
46 38
46 71
46 8
46 41
46 10
46 11
46 44
46 66
46 48
46 49
46 22
46 58
46 54
46 61
46 30
46 69
47 51
47 2
47 5
47 6
47 39
47 8
47 41
47 10
47 75
47 47
47 16
47 82
47 19
47 21
47 87
47 58
47 38
47 62
49 1
49 75
49 4
49 54
49 38
49 39
49 72
49 41
49 10
49 71
49 76
49 61
49 16
49 49
49 82
49 19
49 21
49 22
49 87
49 42
49 51
52 2
52 3
52 4
52 5
52 10
52 11
52 21
52 26
52 33
52 34
52 38
52 39
52 42
52 44
52 48
52 54
52 58
52 66
52 71
52 72
52 75
52 76
53 1
53 2
53 4
53 5
53 11
53 16
53 19
53 22
53 27
53 34
53 38
53 42
53 47
53 48
53 51
53 58
53 62
53 66
53 67
53 71
53 72
53 75
53 87
55 67
55 3
55 38
55 6
55 39
55 8
55 41
55 10
55 11
55 76
55 46
55 47
55 16
55 72
55 75
55 19
55 26
55 27
55 58
55 62
56 4
56 38
56 6
56 71
56 76
56 19
56 22
56 26
56 62
57 58
57 2
57 3
57 5
57 38
57 71
57 10
57 11
57 76
57 49
57 51
57 26
57 42
57 62
60 33
60 2
60 67
60 44
60 11
60 76
60 51
60 61
62 51
62 3
62 39
62 8
62 41
62 10
62 11
62 76
62 71
62 72
62 19
62 22
62 87
62 26
62 27
62 58
63 33
63 67
63 3
63 4
63 5
63 6
63 8
63 38
63 75
63 46
63 72
63 19
63 21
63 87
63 26
63 27
63 58
63 51
64 51
64 2
64 4
64 6
64 39
64 72
64 41
64 10
64 71
64 44
64 46
64 61
64 19
64 22
64 58
64 27
64 42
65 2
65 3
65 5
65 72
65 66
65 21
66 33
66 6
66 8
66 41
66 75
66 44
66 46
67 16
67 44
67 11
67 76
67 3
68 58
68 51
68 3
68 5
68 8
68 41
68 10
68 11
68 82
68 72
68 75
68 19
68 54
68 26
68 42
68 62
69 33
69 34
69 4
69 5
69 38
69 8
69 42
69 75
69 76
69 66
69 47
69 19
69 21
69 23
69 26
69 58
69 51
70 2
70 3
70 71
70 72
70 10
70 75
70 46
70 49
70 67
70 21
70 58
70 27
70 28
73 2
73 5
73 72
73 75
73 76
73 66
73 62
74 1
74 67
74 3
74 5
74 38
74 33
74 41
74 10
74 11
74 71
74 49
74 75
74 51
74 21
74 54
74 87
74 26
74 42
76 34
76 3
76 4
76 69
76 6
76 39
76 8
76 41
76 42
76 11
76 44
76 71
76 75
76 87
76 26
76 27
76 61
77 1
77 3
77 5
77 38
77 39
77 8
77 41
77 10
77 11
77 49
77 75
77 51
77 87
77 71
77 27
77 61
77 62
78 2
78 3
78 4
78 38
78 39
78 72
78 41
78 75
78 76
78 66
78 46
78 67
78 22
78 87
78 26
78 62
79 1
79 3
79 4
79 5
79 6
79 33
79 8
79 76
79 42
79 75
79 44
79 46
79 72
79 67
79 26
79 38
79 58
80 33
80 2
80 3
80 4
80 5
80 51
80 8
80 41
80 10
80 11
80 76
80 46
80 87
80 75
80 19
80 21
80 23
80 26
80 27
80 42
80 62
81 33
81 67
81 6
81 38
81 71
81 8
81 41
81 42
81 11
81 47
81 72
81 82
81 51
81 87
81 58
81 27
81 62
82 1
82 2
82 3
82 38
82 33
82 72
82 49
82 51
82 21
82 8
82 87
84 51
84 66
84 6
84 38
84 72
84 41
84 42
84 11
84 47
84 16
84 49
84 19
84 87
84 26
84 61
84 62
85 66
85 8
85 42
85 46
85 54
85 27
86 1
86 2
86 3
86 4
86 8
86 10
86 11
86 16
86 19
86 23
86 26
86 34
86 38
86 42
86 46
86 61
86 62
86 67
86 69
86 75
86 76
86 87
87 39
87 11
87 21
87 62
87 71
