88
0 32
0 1
0 3
0 54
0 40
0 73
0 10
0 11
0 12
0 72
0 75
0 84
0 22
0 24
0 59
0 74
1 32
1 5
1 44
1 12
1 18
1 24
1 60
1 30
1 37
2 1
2 8
2 11
2 19
2 22
2 23
2 24
2 26
2 27
2 30
2 39
2 51
2 54
2 55
2 57
2 60
2 61
2 65
2 66
2 71
2 75
2 80
3 1
3 66
3 37
3 70
3 8
3 9
3 43
3 44
3 77
3 47
3 83
3 20
3 54
3 27
3 30
4 64
4 32
4 45
4 46
4 77
4 57
4 47
4 31
6 22
7 40
7 41
7 10
7 44
7 78
7 16
7 49
7 51
7 54
7 26
7 30
8 31
8 45
8 71
9 1
9 4
9 5
9 9
9 10
9 11
9 22
9 23
9 24
9 31
9 33
9 40
9 41
9 43
9 45
9 52
9 57
9 60
9 61
9 64
9 70
9 72
9 77
9 82
10 5
10 8
10 19
10 20
10 22
10 23
10 30
10 33
10 34
10 37
10 38
10 41
10 43
10 44
10 47
10 53
10 54
10 59
10 61
10 65
10 69
10 78
10 82
10 83
10 84
11 2
11 4
11 37
11 70
11 71
11 72
11 41
11 66
11 11
11 45
11 77
11 16
11 82
11 21
11 22
11 73
11 24
11 57
11 27
11 60
11 74
12 64
12 1
12 2
12 67
12 5
12 65
12 39
12 10
12 12
12 34
12 77
12 16
12 82
12 19
12 84
12 53
12 24
12 26
12 79
12 61
12 30
13 2
13 3
13 4
13 5
13 8
13 11
13 20
13 23
13 24
13 31
13 39
13 45
13 49
13 52
13 54
13 57
13 60
13 62
13 65
13 71
13 72
13 75
13 87
14 33
14 2
14 39
14 41
14 49
14 53
14 56
14 24
14 57
14 30
15 4
15 5
15 8
15 12
15 16
15 19
15 20
15 23
15 27
15 31
15 32
15 34
15 44
15 53
15 56
15 57
15 61
15 65
15 66
15 67
15 69
15 80
16 0
16 12
16 16
16 18
16 26
16 30
16 33
16 40
16 43
16 47
16 49
16 52
16 53
16 54
16 55
16 59
16 60
16 61
16 64
16 67
16 71
16 77
17 65
17 2
17 67
17 4
17 37
17 81
17 40
17 11
17 66
17 16
17 49
17 20
17 55
17 24
17 61
17 30
20 30
20 31
22 64
22 34
22 67
22 4
22 70
22 73
22 45
22 16
22 59
22 30
24 34
24 37
24 82
24 20
24 27
24 31
25 64
25 4
25 71
25 40
25 73
25 44
25 45
25 20
25 53
25 87
25 57
25 31
28 64
28 33
28 4
28 5
28 44
28 80
28 19
28 54
28 30
28 69
29 65
29 73
29 74
29 12
29 45
29 78
29 47
29 57
30 64
30 66
30 4
30 72
30 73
30 74
30 43
30 12
30 34
30 45
30 84
30 55
30 59
31 2
31 73
31 10
31 75
31 14
31 80
31 49
31 52
31 55
31 63
31 31
33 1
33 2
33 3
33 4
33 11
33 14
33 16
33 19
33 20
33 26
33 27
33 30
33 32
33 39
33 40
33 59
33 67
33 70
33 75
33 82
33 84
33 87
34 5
34 74
34 11
34 12
34 22
34 63
36 0
36 65
36 77
36 78
36 54
36 23
36 27
36 61
37 64
37 33
37 2
37 3
37 4
37 38
37 8
37 41
37 43
37 44
37 40
37 84
37 73
37 25
37 59
38 3
38 8
38 11
38 12
38 16
38 20
38 22
38 24
38 27
38 39
38 40
38 41
38 43
38 47
38 52
38 53
38 60
38 61
38 64
38 67
38 70
38 71
38 72
38 80
38 82
38 84
39 32
39 33
39 66
39 3
39 8
39 41
39 44
39 80
39 20
39 23
39 61
40 69
40 40
40 75
40 47
40 80
40 82
40 20
40 23
40 56
41 64
41 69
41 70
41 39
41 40
41 78
41 16
41 53
41 60
42 1
42 5
42 70
42 65
42 72
42 73
42 10
42 78
42 80
42 20
42 57
42 22
42 23
42 25
42 54
42 52
42 37
42 31
43 0
43 64
43 34
43 67
43 4
43 38
43 71
43 10
43 44
43 47
43 80
43 49
43 84
43 87
43 56
43 36
43 27
43 30
43 81
44 0
44 33
44 67
44 4
44 5
44 65
44 74
44 75
44 44
44 77
44 19
44 23
44 57
44 59
44 60
44 62
44 69
45 64
45 32
45 66
45 3
45 69
45 41
45 55
45 12
45 78
45 47
45 87
45 60
45 61
45 30
47 5
47 55
48 0
48 32
48 69
48 10
48 45
48 49
48 56
48 61
48 31
49 1
49 80
49 10
49 55
49 12
49 78
49 16
49 81
49 52
49 40
49 25
50 2
50 36
50 39
50 41
50 74
50 66
50 78
50 51
50 20
50 59
51 40
51 16
51 57
52 0
52 80
52 2
52 3
52 70
52 39
52 8
52 9
52 11
52 44
52 66
52 47
52 71
52 43
52 67
52 20
52 23
52 24
52 55
52 26
52 30
53 32
53 71
53 8
53 41
53 39
53 45
53 78
53 79
53 80
53 72
53 26
53 47
53 61
53 30
56 0
56 64
56 66
56 3
56 37
56 33
56 17
56 67
56 56
56 24
56 25
56 49
56 63
57 0
57 65
57 4
57 70
57 38
57 39
57 8
57 73
57 10
57 44
57 45
57 80
57 16
57 52
57 54
57 55
57 56
57 57
57 26
57 31
58 0
58 1
58 2
58 10
58 20
58 26
58 30
58 31
58 32
58 33
58 36
58 38
58 41
58 49
58 55
58 59
58 64
58 69
58 72
58 77
58 78
58 80
58 84
58 87
59 0
59 1
59 37
59 74
59 77
59 84
59 55
59 59
60 36
60 5
60 70
60 8
60 76
60 10
60 12
60 45
60 77
60 47
60 72
60 19
60 52
60 55
60 24
60 84
60 26
60 27
60 60
60 74
62 34
62 11
62 4
62 69
62 40
62 75
62 78
62 47
62 49
62 85
62 56
62 59
62 60
62 37
63 0
63 65
63 2
63 67
63 75
63 80
63 11
63 82
63 56
63 55
63 24
63 27
64 65
64 34
64 69
64 39
64 10
64 44
64 14
64 49
64 19
64 56
64 57
64 26
65 0
65 1
65 8
65 22
65 26
65 27
65 30
65 31
65 32
65 33
65 39
65 40
65 41
65 45
65 47
65 53
65 54
65 60
65 66
65 74
65 75
65 80
65 83
66 33
66 5
66 39
66 8
66 41
66 74
66 80
66 19
66 20
66 56
66 61
66 37
67 1
67 2
67 67
67 39
67 49
67 82
67 83
67 84
67 54
67 23
67 52
67 62
67 31
68 80
68 72
69 0
69 1
69 5
69 74
69 22
69 56
69 26
70 0
70 3
70 8
70 10
70 12
70 14
70 19
70 22
70 26
70 37
70 40
70 41
70 43
70 49
70 53
70 54
70 55
70 59
70 65
70 71
70 77
70 82
70 84
71 1
71 2
71 3
71 4
71 8
71 30
71 31
71 32
71 33
71 37
71 40
71 47
71 49
71 51
71 59
71 61
71 66
71 73
71 75
71 77
71 82
71 84
72 1
72 66
72 43
72 54
72 8
72 23
72 12
72 79
72 16
72 19
72 84
72 22
72 87
72 60
73 66
73 4
73 10
73 43
73 2
73 78
73 16
73 61
78 64
78 0
78 4
78 72
78 41
78 45
78 49
78 83
78 55
78 25
78 26
78 60
78 61
78 31
80 33
80 2
80 11
80 5
80 38
80 9
80 75
80 49
80 52
80 41
80 57
80 26
83 70
83 87
84 66
84 5
84 70
84 8
84 73
84 14
84 16
84 57
84 69
86 19
87 1
87 2
87 8
87 75
87 12
87 77
87 47
87 52
87 53
87 60
