88
1 1
1 3
1 5
1 6
1 10
1 13
1 19
1 20
1 23
1 27
1 32
1 33
1 34
1 35
1 38
1 39
1 41
1 42
1 44
1 45
1 46
1 47
1 49
1 50
1 52
1 53
1 54
1 55
1 56
1 59
1 60
1 61
1 64
1 66
1 67
1 69
1 71
1 72
1 75
1 77
1 78
1 79
1 80
1 85
1 86
1 87
2 0
2 5
2 6
2 10
2 13
2 19
2 20
2 21
2 22
2 23
2 25
2 27
2 32
2 33
2 34
2 35
2 36
2 38
2 39
2 41
2 42
2 44
2 45
2 46
2 47
2 48
2 52
2 53
2 55
2 58
2 59
2 60
2 61
2 65
2 66
2 67
2 69
2 75
2 76
2 77
2 78
2 79
2 80
2 85
2 86
2 87
3 1
3 5
3 6
3 10
3 19
3 20
3 21
3 22
3 25
3 30
3 32
3 33
3 34
3 35
3 36
3 37
3 38
3 39
3 41
3 42
3 44
3 46
3 47
3 50
3 52
3 55
3 56
3 58
3 59
3 60
3 61
3 64
3 65
3 66
3 67
3 68
3 69
3 72
3 75
3 78
3 79
3 86
13 0
13 6
13 10
13 13
13 19
13 20
13 21
13 23
13 24
13 25
13 32
13 33
13 35
13 36
13 37
13 38
13 41
13 44
13 46
13 47
13 49
13 50
13 52
13 53
13 54
13 55
13 56
13 58
13 60
13 65
13 66
13 74
13 75
13 76
13 77
13 78
13 79
13 85
13 86
13 87
22 1
22 5
22 6
22 10
22 20
22 21
22 22
22 23
22 24
22 25
22 27
22 28
22 32
22 33
22 34
22 35
22 36
22 38
22 39
22 41
22 42
22 44
22 45
22 46
22 49
22 50
22 52
22 53
22 54
22 55
22 56
22 58
22 59
22 60
22 65
22 66
22 67
22 69
22 74
22 75
22 77
22 78
22 79
22 85
22 86
22 87
26 0
26 1
26 5
26 6
26 10
26 19
26 20
26 21
26 22
26 23
26 24
26 25
26 27
26 32
26 33
26 34
26 35
26 36
26 37
26 38
26 39
26 41
26 44
26 45
26 46
26 47
26 48
26 49
26 50
26 52
26 54
26 55
26 58
26 59
26 61
26 66
26 67
26 68
26 69
26 72
26 73
26 75
26 76
26 77
26 78
26 79
26 80
26 85
26 87
27 0
27 3
27 5
27 6
27 21
27 22
27 23
27 27
27 32
27 33
27 34
27 35
27 36
27 38
27 41
27 44
27 45
27 46
27 47
27 49
27 50
27 52
27 54
27 55
27 56
27 58
27 59
27 60
27 65
27 66
27 67
27 69
27 72
27 75
27 76
27 77
27 78
27 79
27 80
27 85
27 86
27 87
28 0
28 3
28 5
28 6
28 10
28 21
28 23
28 29
28 32
28 33
28 34
28 35
28 36
28 38
28 39
28 41
28 42
28 44
28 45
28 47
28 49
28 50
28 52
28 53
28 54
28 55
28 60
28 61
28 65
28 66
28 67
28 72
28 75
28 77
28 78
28 79
28 85
28 87
30 6
30 20
30 21
30 23
30 32
30 33
30 35
30 36
30 38
30 41
30 44
30 46
30 49
30 50
30 52
30 54
30 55
30 58
30 59
30 60
30 61
30 66
30 67
30 71
30 77
30 78
30 79
30 85
31 5
31 6
31 10
31 13
31 20
31 23
31 27
31 32
31 33
31 34
31 35
31 38
31 41
31 42
31 44
31 45
31 46
31 47
31 49
31 50
31 52
31 54
31 58
31 59
31 60
31 65
31 66
31 69
31 74
31 75
31 77
31 78
31 79
31 80
31 85
31 86
31 87
35 0
35 3
35 5
35 6
35 19
35 20
35 21
35 23
35 25
35 27
35 29
35 32
35 33
35 34
35 35
35 36
35 38
35 39
35 41
35 44
35 45
35 46
35 47
35 49
35 50
35 52
35 53
35 54
35 55
35 56
35 59
35 60
35 65
35 66
35 67
35 68
35 69
35 72
35 74
35 75
35 77
35 78
35 80
35 85
35 86
35 87
36 0
36 3
36 5
36 6
36 19
36 20
36 21
36 22
36 23
36 25
36 27
36 28
36 30
36 32
36 33
36 34
36 35
36 36
36 38
36 39
36 41
36 44
36 45
36 46
36 47
36 49
36 50
36 52
36 53
36 54
36 55
36 56
36 58
36 60
36 61
36 66
36 67
36 69
36 74
36 75
36 77
36 78
36 80
36 85
36 86
36 87
37 33
37 44
37 20
37 54
37 23
37 59
37 60
42 1
42 5
42 6
42 10
42 13
42 19
42 20
42 21
42 22
42 23
42 25
42 32
42 33
42 34
42 35
42 36
42 38
42 41
42 44
42 45
42 46
42 47
42 48
42 49
42 50
42 52
42 54
42 56
42 58
42 59
42 60
42 61
42 66
42 67
42 69
42 77
42 78
42 79
42 80
42 82
42 85
42 86
43 0
43 5
43 6
43 10
43 19
43 20
43 21
43 23
43 32
43 33
43 35
43 36
43 38
43 39
43 41
43 44
43 46
43 47
43 49
43 50
43 52
43 53
43 54
43 56
43 58
43 59
43 60
43 66
43 67
43 68
43 69
43 73
43 74
43 75
43 76
43 77
43 78
43 79
43 80
43 85
43 86
43 87
49 5
49 6
49 10
49 19
49 21
49 33
49 34
49 38
49 41
49 47
49 48
49 49
49 52
49 55
49 58
49 59
49 60
49 64
49 66
49 69
49 76
49 78
49 80
49 87
54 5
54 6
54 10
54 19
54 20
54 21
54 32
54 33
54 34
54 35
54 36
54 39
54 41
54 42
54 44
54 46
54 47
54 50
54 52
54 54
54 55
54 58
54 59
54 60
54 61
54 65
54 66
54 67
54 69
54 75
54 76
54 77
54 78
54 79
54 80
54 85
54 86
54 87
58 0
58 1
58 6
58 10
58 13
58 19
58 20
58 21
58 22
58 23
58 25
58 27
58 32
58 33
58 34
58 35
58 36
58 37
58 38
58 41
58 44
58 45
58 46
58 49
58 52
58 53
58 54
58 55
58 56
58 58
58 60
58 65
58 66
58 67
58 68
58 69
58 71
58 72
58 74
58 75
58 77
58 79
58 80
58 85
58 86
58 87
59 6
59 21
59 23
59 27
59 29
59 32
59 33
59 38
59 39
59 41
59 44
59 45
59 47
59 52
59 54
59 55
59 58
59 61
59 66
59 67
59 68
59 75
59 78
59 79
59 85
59 86
59 87
62 3
62 5
62 6
62 10
62 19
62 20
62 21
62 23
62 25
62 32
62 33
62 34
62 35
62 36
62 38
62 39
62 42
62 44
62 45
62 46
62 47
62 49
62 50
62 52
62 54
62 55
62 56
62 58
62 59
62 60
62 64
62 65
62 66
62 68
62 69
62 75
62 77
62 78
62 79
62 85
62 86
62 87
63 5
63 6
63 9
63 10
63 13
63 19
63 20
63 21
63 23
63 25
63 27
63 29
63 32
63 35
63 36
63 37
63 38
63 39
63 41
63 42
63 44
63 45
63 46
63 47
63 48
63 49
63 50
63 52
63 53
63 54
63 55
63 56
63 58
63 59
63 60
63 61
63 65
63 66
63 67
63 72
63 74
63 75
63 76
63 77
63 78
63 79
63 80
63 86
63 87
81 0
81 5
81 10
81 13
81 19
81 20
81 21
81 22
81 23
81 24
81 25
81 29
81 32
81 35
81 36
81 38
81 39
81 44
81 46
81 47
81 48
81 49
81 50
81 54
81 55
81 56
81 58
81 59
81 60
81 65
81 66
81 69
81 71
81 74
81 75
81 77
81 78
81 79
81 80
81 82
81 85
81 86
81 87
83 78
85 32
85 33
85 67
85 86
85 6
85 41
85 52
85 21
85 22
85 38
85 60
85 29
85 69
