88
0 0
0 1
0 36
0 6
0 9
0 42
0 76
0 45
0 49
0 22
0 26
0 28
0 29
0 62
1 28
3 0
3 1
3 2
3 5
3 6
3 9
3 16
3 22
3 26
3 28
3 29
3 30
3 31
3 32
3 36
3 43
3 46
3 47
3 48
3 49
3 62
3 76
3 77
3 83
4 1
4 4
4 38
4 9
4 43
4 77
4 45
4 49
4 82
4 36
4 28
4 62
7 34
9 1
9 2
9 36
9 38
9 6
9 42
9 45
9 46
9 47
9 22
9 55
9 27
9 28
9 62
10 1
10 36
10 38
10 6
10 39
10 42
10 43
10 76
10 77
10 46
10 49
10 83
10 26
10 30
13 0
13 2
13 3
13 4
13 38
13 47
13 9
13 42
13 43
13 13
13 46
13 45
13 48
13 83
13 77
13 55
13 36
13 26
13 27
13 29
13 62
16 1
16 34
16 4
16 6
16 77
16 49
16 22
16 62
16 31
17 0
17 1
17 2
17 45
17 47
17 49
17 82
17 29
20 32
20 34
20 36
20 6
20 76
20 43
20 44
20 45
20 49
20 83
20 22
20 24
20 28
20 30
20 31
21 34
22 1
22 36
22 38
22 9
22 43
22 13
22 16
22 49
22 83
22 62
22 22
22 55
22 68
22 26
22 30
23 0
23 1
23 2
23 4
23 6
23 32
23 40
23 41
23 34
23 45
23 66
23 22
23 55
23 36
23 62
23 63
24 0
24 2
24 4
24 5
24 38
24 39
24 9
24 43
24 13
24 46
24 45
24 49
24 36
24 26
24 28
25 0
25 1
25 2
25 4
25 5
25 9
25 13
25 22
25 26
25 27
25 28
25 30
25 32
25 34
25 36
25 39
25 42
25 43
25 44
25 45
25 47
25 48
25 49
25 77
25 83
28 0
28 1
28 2
28 3
28 5
28 6
28 64
28 9
28 43
28 76
28 34
28 45
28 49
28 62
28 22
28 41
28 26
28 27
28 28
28 30
29 4
30 0
30 34
30 36
30 72
30 9
30 42
30 43
30 45
30 82
30 83
30 27
31 9
31 2
31 36
31 45
31 22
32 0
32 1
32 34
32 38
32 72
32 42
32 44
32 47
32 82
32 83
32 22
32 26
33 32
33 1
33 34
33 36
33 38
33 9
33 76
33 27
34 2
34 34
34 36
34 38
34 44
34 77
34 49
34 82
34 22
34 28
34 30
34 63
36 0
36 1
36 66
36 35
36 4
36 5
36 54
36 9
36 42
36 13
36 46
36 45
36 82
36 83
36 22
36 41
36 36
36 26
36 47
36 28
36 30
37 0
37 32
37 36
37 5
37 6
37 9
37 42
37 76
37 46
37 47
37 82
37 83
37 22
37 38
37 30
38 4
38 5
38 6
38 9
38 16
38 22
38 28
38 29
38 30
38 34
38 36
38 38
38 39
38 43
38 46
38 47
38 49
38 55
38 62
38 72
38 76
38 77
38 83
41 0
41 1
41 2
41 6
41 32
41 42
41 43
41 34
41 47
41 83
41 22
41 30
42 0
42 1
42 2
42 3
42 36
42 38
42 6
42 9
42 43
42 77
42 46
42 49
42 35
42 83
42 28
44 0
44 1
44 4
44 6
44 72
44 41
44 42
44 43
44 76
44 45
44 77
44 48
44 49
44 83
44 62
44 55
44 36
44 26
44 27
44 28
44 30
45 0
45 1
45 5
45 6
45 9
45 77
45 16
45 83
45 22
45 62
45 63
46 0
46 1
46 4
46 6
46 42
46 76
46 47
46 49
46 36
46 26
46 29
46 30
47 0
47 34
47 3
47 4
47 5
47 6
47 9
47 47
47 36
47 28
47 29
47 62
48 2
48 36
48 5
48 6
48 42
48 43
48 44
48 34
48 46
48 77
48 49
48 28
48 62
52 34
52 4
52 38
52 9
52 76
52 77
52 46
52 47
52 48
52 49
52 22
52 28
52 30
53 13
53 38
54 0
54 1
54 2
54 4
54 5
54 6
54 32
54 72
54 9
54 34
54 45
54 48
54 49
54 38
54 62
54 31
55 1
55 2
55 38
55 6
55 9
55 77
55 49
55 82
55 41
55 26
55 27
55 62
56 2
56 68
56 5
56 6
56 77
56 72
56 47
56 42
56 43
56 34
56 46
56 45
56 82
56 62
56 55
56 26
56 27
56 28
56 29
56 30
57 32
57 2
57 4
57 38
57 6
57 42
57 13
57 46
57 45
57 83
57 55
57 36
57 27
57 62
59 0
59 1
59 4
59 6
59 40
59 43
59 76
59 77
59 47
59 49
59 62
59 29
59 30
60 0
60 32
60 34
60 4
60 38
60 6
60 77
60 46
60 49
60 82
60 83
60 22
60 55
60 36
60 28
60 62
61 1
61 2
61 34
61 38
61 72
61 43
61 77
61 47
61 82
61 62
61 55
61 26
61 29
61 30
63 32
63 1
63 34
63 4
63 5
63 6
63 39
63 9
63 47
63 48
63 38
63 62
63 63
64 0
64 32
64 2
64 68
64 42
64 43
64 77
64 13
64 62
64 22
64 45
64 30
64 31
65 1
65 2
65 38
65 6
65 72
65 42
65 76
65 13
65 45
65 22
65 27
65 62
65 63
66 0
66 1
66 2
66 3
66 4
66 5
66 72
66 9
66 42
66 44
66 45
66 46
66 77
66 16
66 49
66 83
66 62
66 41
66 30
67 49
67 36
67 62
67 55
68 0
68 1
68 4
68 6
68 32
68 72
68 39
68 77
68 47
68 48
68 49
68 62
68 24
68 36
68 26
68 28
68 29
68 30
68 63
70 1
70 2
70 4
70 5
70 38
70 77
70 9
70 44
70 13
70 46
70 45
70 76
70 49
70 66
70 22
71 0
71 2
71 3
71 36
71 5
71 34
71 45
71 49
71 62
71 22
71 55
71 47
71 30
72 0
72 1
72 34
72 4
72 38
72 40
72 9
72 43
72 13
72 45
72 49
72 83
72 55
72 36
72 47
72 30
72 31
73 0
73 1
73 4
73 5
73 6
73 64
73 77
73 48
73 26
73 38
73 62
73 31
74 0
74 1
74 3
74 4
74 5
74 27
74 28
74 29
74 30
74 32
74 36
74 38
74 41
74 42
74 43
74 44
74 45
74 48
74 54
74 55
74 63
74 77
75 0
75 1
75 4
75 5
75 6
75 32
75 40
75 77
75 47
75 16
75 55
75 36
75 38
76 0
76 83
76 3
76 5
76 6
76 9
76 42
76 43
76 44
76 48
76 76
76 35
76 62
76 38
76 30
77 32
77 39
77 9
77 76
77 45
77 47
77 82
77 62
77 55
77 26
77 28
77 30
78 0
78 1
78 2
78 35
78 54
78 6
78 42
78 43
78 13
78 77
78 47
78 48
78 82
78 83
78 62
78 22
78 55
78 28
78 30
79 0
79 1
79 2
79 5
79 6
79 72
79 9
79 34
79 38
79 82
79 83
79 22
79 27
79 28
80 1
80 34
80 4
80 9
80 77
80 46
80 45
80 48
80 36
80 47
80 28
80 62
80 63
81 0
81 26
81 28
82 36
82 5
82 9
82 77
82 83
82 31
83 2
83 38
83 6
83 9
83 43
83 49
83 82
83 62
83 22
83 24
83 26
83 30
84 0
84 1
84 3
84 4
84 9
84 16
84 22
84 26
84 28
84 29
84 30
84 35
84 36
84 38
84 39
84 42
84 44
84 46
84 47
84 49
84 72
84 83
85 0
85 36
85 39
85 72
85 9
85 76
85 45
85 48
85 22
85 55
85 26
85 27
85 62
86 0
86 1
86 4
86 5
86 38
86 32
86 9
86 42
86 43
86 47
86 16
86 49
86 22
86 36
86 27
86 29
86 30
87 64
87 32
87 3
87 36
87 5
87 6
87 9
87 43
87 48
87 22
87 26
87 62
