88
3 0
3 1
3 2
3 4
3 6
3 43
3 12
3 13
3 15
3 48
3 18
3 82
3 22
3 23
3 28
3 16
4 0
4 1
4 2
4 6
4 43
4 12
4 13
4 48
4 82
4 22
4 23
4 18
4 28
5 0
5 1
5 4
5 6
5 43
5 12
5 13
5 48
5 18
5 82
5 22
5 23
5 28
5 16
6 0
6 1
6 2
6 4
6 6
6 43
6 12
6 82
6 48
6 18
6 22
6 28
6 16
7 0
7 1
7 2
7 4
7 6
7 43
7 13
7 48
7 18
7 82
7 22
7 23
7 28
7 16
8 0
8 1
8 2
8 4
8 6
8 43
8 12
8 13
8 15
8 48
8 18
8 22
8 28
8 16
9 0
9 1
9 2
9 4
9 6
9 43
9 12
9 13
9 15
9 48
9 82
9 23
9 18
9 28
10 0
10 1
10 2
10 4
10 6
10 43
10 12
10 13
10 48
10 18
10 82
10 22
10 23
10 28
11 0
11 1
11 82
11 6
11 43
11 12
11 13
11 15
11 48
11 18
11 22
11 23
11 28
11 16
12 0
12 1
12 2
12 4
12 6
12 43
12 12
12 13
12 48
12 18
12 82
12 22
12 28
14 1
14 18
14 6
17 0
17 1
17 2
17 4
17 6
17 43
17 12
17 18
17 15
17 48
17 82
17 22
17 28
17 13
20 0
20 1
20 2
20 4
20 6
20 43
20 12
20 13
20 15
20 48
20 18
20 82
20 22
20 23
20 28
20 16
21 0
21 1
21 18
21 4
21 6
21 43
21 12
21 13
21 48
21 82
21 22
21 23
21 28
21 16
23 0
23 1
23 2
23 4
23 6
23 12
23 13
23 15
23 48
23 18
23 22
23 23
23 28
24 43
24 12
24 6
25 48
25 1
28 0
28 2
28 4
28 6
28 43
28 12
28 18
28 15
28 48
28 82
28 22
28 23
28 28
29 0
29 1
29 4
29 6
29 48
29 43
29 12
29 13
29 16
29 18
29 82
29 22
29 23
29 28
30 0
30 1
30 2
30 4
30 6
30 43
30 12
30 13
30 15
30 18
30 82
30 22
30 23
30 28
31 0
31 1
31 2
31 4
31 6
31 43
31 12
31 13
31 16
31 18
31 82
31 22
31 23
31 28
32 0
32 1
32 2
32 4
32 6
32 43
32 12
32 13
32 15
32 48
32 18
32 82
32 22
32 23
32 28
33 0
33 1
33 18
33 4
33 12
33 13
33 15
33 48
33 82
33 22
33 23
33 28
34 0
34 1
34 4
34 6
34 43
34 12
34 13
34 48
34 18
34 82
34 22
34 23
34 28
34 16
35 0
35 1
35 2
35 4
35 6
35 43
35 12
35 13
35 16
35 18
35 82
35 22
35 23
35 28
36 0
36 1
36 2
36 4
36 6
36 43
36 12
36 18
36 15
36 48
36 82
36 22
36 23
36 28
37 0
37 1
37 4
37 6
37 43
37 12
37 13
37 15
37 48
37 18
37 22
37 23
37 28
37 16
38 0
38 1
38 2
38 4
38 6
38 12
38 82
38 15
38 48
38 18
38 22
38 23
38 28
38 16
39 0
39 1
39 2
39 4
39 6
39 43
39 12
39 13
39 48
39 82
39 23
39 18
39 28
39 16
40 0
40 1
40 4
40 6
40 43
40 12
40 18
40 48
40 82
40 23
40 28
40 16
41 0
41 1
41 2
41 4
41 6
41 43
41 12
41 48
41 82
41 23
42 1
42 2
42 4
42 6
42 43
42 12
42 13
42 15
42 48
42 82
42 23
42 18
42 28
42 16
43 0
43 1
43 4
43 6
43 43
43 12
43 18
43 15
43 82
43 22
43 23
43 28
43 13
44 0
44 1
44 2
44 4
44 6
44 43
44 12
44 13
44 48
44 18
44 82
44 22
44 23
44 28
45 1
45 4
45 6
45 43
45 12
45 18
45 82
45 23
45 28
46 0
46 1
46 2
46 4
46 6
46 43
46 12
46 13
46 15
46 48
46 18
46 82
46 22
46 23
46 28
46 16
47 0
47 1
47 2
47 4
47 6
47 43
47 12
47 13
47 15
47 48
47 82
47 22
47 18
47 28
48 0
48 1
48 2
48 4
48 16
48 43
48 12
48 82
48 15
48 48
48 18
48 22
48 28
49 0
49 1
49 2
49 4
49 16
49 43
49 12
49 13
49 48
49 18
49 82
49 22
49 23
49 28
50 0
50 1
50 4
50 6
50 43
50 12
50 13
50 48
50 18
50 82
50 22
50 23
50 28
50 16
51 0
51 2
51 4
51 6
51 43
51 12
51 82
51 18
51 22
51 28
53 18
53 4
54 0
54 1
54 2
54 4
54 6
54 43
54 12
54 18
54 15
54 48
54 82
54 22
54 23
54 28
55 48
55 6
56 16
56 18
57 1
57 18
57 12
57 82
57 28
59 0
59 1
59 2
59 4
59 6
59 43
59 12
59 13
59 48
59 18
59 82
59 22
59 28
59 16
60 0
60 1
60 4
60 6
60 43
60 12
60 18
60 13
60 48
60 82
60 22
60 28
61 0
61 1
61 2
61 4
61 6
61 43
61 12
61 13
61 15
61 48
61 18
61 22
61 23
61 28
61 16
62 0
62 1
62 2
62 4
62 48
62 43
62 12
62 13
62 15
62 16
62 18
62 82
62 23
62 28
63 0
63 1
63 4
63 6
63 43
63 12
63 13
63 15
63 48
63 18
63 82
63 22
63 23
63 28
64 0
64 1
64 6
64 82
64 22
64 23
65 18
65 12
66 0
66 1
66 2
66 4
66 6
66 43
66 12
66 82
66 15
66 48
66 18
66 22
66 23
66 28
67 0
67 1
67 2
67 4
67 6
67 43
67 12
67 13
67 15
67 48
67 18
67 22
67 23
67 28
69 0
69 1
69 2
69 4
69 6
69 43
69 12
69 13
69 15
69 16
69 18
69 82
69 22
69 23
69 28
70 0
70 1
70 6
70 12
70 82
70 48
70 18
70 23
70 28
71 1
71 4
71 12
71 13
71 18
71 22
72 0
72 1
72 2
72 4
72 6
72 18
72 12
72 13
72 48
72 82
72 22
72 28
73 0
73 1
73 2
73 4
73 6
73 43
73 12
73 13
73 15
73 48
73 18
73 82
73 23
73 28
73 16
74 0
74 1
74 4
74 6
74 12
74 13
74 15
74 48
74 18
74 82
74 22
74 23
74 28
74 16
75 0
75 1
75 2
75 4
75 6
75 43
75 12
75 13
75 48
75 18
75 82
75 22
75 23
75 16
76 0
76 1
76 2
76 4
76 6
76 43
76 12
76 13
76 48
76 18
76 82
76 23
76 28
76 16
77 0
77 1
77 2
77 4
77 6
77 43
77 12
77 13
77 15
77 48
77 18
77 82
77 22
77 23
77 28
77 16
78 0
78 1
78 2
78 4
78 6
78 43
78 12
78 13
78 15
78 48
78 82
78 23
78 18
78 28
79 1
79 28
80 0
80 1
80 4
80 6
80 43
80 12
80 82
80 48
80 18
80 22
80 23
80 28
81 0
81 1
81 2
81 4
81 6
81 43
81 12
81 13
81 48
81 18
81 82
81 22
81 23
81 28
82 0
82 2
82 4
82 6
82 43
82 12
82 18
82 15
82 48
82 82
82 22
82 28
82 13
83 0
83 1
83 2
83 4
83 6
83 43
83 12
83 13
83 48
83 18
83 82
83 22
83 23
83 28
83 16
84 0
84 28
85 0
85 1
85 2
85 4
85 43
85 13
85 48
85 82
85 22
85 18
85 28
86 0
86 1
86 2
86 4
86 6
86 43
86 12
86 13
86 15
86 48
86 18
86 82
86 23
86 28
86 16
87 0
87 1
87 2
87 4
87 6
87 12
87 13
87 48
87 18
87 82
87 22
87 23
87 28
87 16
