88
0 2
0 3
0 5
0 6
0 21
0 23
0 25
0 26
0 31
0 35
0 36
0 52
0 53
0 55
0 56
0 57
0 58
0 68
0 70
0 71
0 77
0 78
0 81
0 86
1 0
1 35
1 54
1 73
1 47
1 52
1 86
1 58
2 0
2 35
2 47
2 21
2 56
2 79
3 59
3 69
3 78
5 2
5 35
5 5
5 6
5 81
5 72
5 73
5 13
5 17
5 84
5 21
5 86
5 24
5 25
5 26
5 70
5 62
5 69
6 0
6 3
6 4
6 5
6 6
6 21
6 23
6 26
6 27
6 31
6 34
6 35
6 38
6 41
6 42
6 44
6 45
6 47
6 49
6 52
6 55
6 56
6 58
6 65
6 69
6 71
6 72
6 76
6 81
6 82
6 83
6 84
6 86
7 66
9 2
9 54
9 6
10 0
10 17
10 58
10 35
11 0
11 3
11 37
11 71
11 44
11 78
11 80
11 56
11 31
12 0
12 2
12 3
12 4
12 5
12 6
12 13
12 17
12 22
12 23
12 24
12 25
12 27
12 31
12 32
12 35
12 40
12 41
12 42
12 44
12 45
12 47
12 51
12 52
12 54
12 58
12 63
12 64
12 67
12 69
12 71
12 72
12 77
12 78
12 79
12 81
12 84
12 87
13 35
13 75
13 84
13 62
15 6
16 5
16 6
16 21
16 23
16 24
16 31
16 35
16 39
16 49
16 51
16 52
16 55
16 56
16 58
16 59
16 69
16 70
16 71
16 72
16 73
16 75
16 77
16 78
16 79
16 81
16 87
18 81
18 26
18 62
18 55
20 81
20 3
21 17
21 21
21 23
23 0
23 3
23 5
23 6
23 39
23 72
23 41
23 55
23 81
23 47
23 17
23 35
23 21
23 73
23 23
23 24
23 49
23 70
23 58
23 62
23 69
24 3
24 5
24 39
24 73
24 55
24 17
24 82
24 21
24 23
25 81
25 20
25 5
25 70
26 0
26 1
26 5
26 6
26 17
26 20
26 21
26 22
26 24
26 25
26 26
26 27
26 30
26 31
26 32
26 33
26 35
26 43
26 44
26 45
26 46
26 49
26 52
26 54
26 56
26 59
26 65
26 66
26 72
26 77
26 78
26 79
26 81
26 84
26 85
26 87
27 2
27 5
27 6
27 21
27 23
27 27
27 31
27 32
27 33
27 34
27 37
27 43
27 44
27 50
27 52
27 54
27 56
27 58
27 59
27 61
27 62
27 64
27 68
27 70
27 76
27 77
27 79
27 80
27 81
27 84
27 85
27 86
28 0
28 1
28 2
28 3
28 5
28 6
28 17
28 23
28 24
28 27
28 30
28 31
28 33
28 35
28 41
28 43
28 44
28 46
28 47
28 49
28 51
28 52
28 54
28 55
28 56
28 58
28 59
28 61
28 62
28 64
28 68
28 69
28 71
28 72
28 73
28 77
28 78
28 81
28 84
29 0
29 2
29 3
29 5
29 6
29 17
29 21
29 23
29 24
29 25
29 26
29 27
29 30
29 33
29 35
29 38
29 39
29 41
29 43
29 44
29 45
29 46
29 49
29 52
29 54
29 55
29 56
29 58
29 64
29 69
29 71
29 72
29 73
29 74
29 76
29 77
29 78
29 79
29 81
30 81
30 2
30 27
30 84
31 32
31 68
31 5
31 14
31 79
31 81
31 21
31 23
31 59
31 69
32 5
32 6
32 77
32 78
32 47
32 31
33 67
33 21
33 23
34 32
34 27
34 35
34 79
35 0
35 3
35 4
35 5
35 6
35 17
35 21
35 22
35 23
35 24
35 25
35 26
35 27
35 30
35 31
35 32
35 34
35 35
35 37
35 44
35 49
35 50
35 51
35 52
35 54
35 55
35 56
35 58
35 62
35 64
35 72
35 75
35 76
35 77
35 79
35 81
35 86
36 34
36 58
37 56
37 59
37 70
37 47
38 35
38 67
38 5
38 6
38 47
38 44
38 79
38 3
38 21
38 22
38 25
38 27
38 86
38 62
39 1
39 35
39 6
39 71
39 84
39 54
40 3
40 47
41 58
41 59
42 2
42 21
42 71
43 27
43 67
43 5
43 55
44 0
44 3
44 5
44 17
44 21
44 23
44 27
44 31
44 32
44 35
44 37
44 46
44 47
44 53
44 55
44 57
44 59
44 62
44 66
44 67
44 69
44 73
44 78
44 81
44 82
44 84
44 85
44 86
45 64
45 33
45 2
45 59
45 5
45 43
45 44
45 45
45 77
45 47
45 62
45 17
45 52
45 21
45 23
45 24
45 55
45 56
45 27
45 30
45 31
46 64
46 70
46 6
46 31
47 0
47 1
47 35
47 5
47 6
47 71
47 72
47 55
47 82
47 17
47 75
47 52
47 21
47 23
47 58
47 37
47 31
48 73
48 5
49 2
49 5
49 6
49 17
49 23
49 24
49 26
49 27
49 31
49 35
49 42
49 45
49 47
49 49
49 53
49 58
49 62
49 64
49 67
49 70
49 71
49 72
49 75
49 78
49 81
49 84
49 86
50 25
50 79
51 0
51 1
51 5
51 21
51 22
51 24
51 35
51 44
51 49
51 50
51 52
51 54
51 55
51 56
51 57
51 59
51 64
51 71
51 72
51 75
51 79
51 81
52 26
52 84
52 21
52 5
53 67
53 9
53 17
53 35
53 25
53 59
54 0
54 1
54 2
54 3
54 5
54 6
54 17
54 21
54 23
54 31
54 35
54 36
54 38
54 40
54 43
54 44
54 49
54 50
54 55
54 56
54 57
54 58
54 59
54 60
54 62
54 64
54 65
54 67
54 69
54 70
54 71
54 72
54 74
54 75
54 77
54 81
54 83
54 86
55 0
55 1
55 2
55 3
55 13
55 17
55 21
55 22
55 23
55 26
55 33
55 35
55 36
55 37
55 41
55 43
55 44
55 46
55 49
55 52
55 55
55 56
55 59
55 61
55 62
55 67
55 70
55 72
55 74
55 75
55 77
55 79
55 81
55 83
55 84
55 86
56 81
56 5
56 78
56 39
57 5
57 47
58 26
58 70
60 56
60 17
60 58
60 27
61 46
61 31
62 75
62 35
62 21
62 6
63 0
63 2
63 3
63 5
63 17
63 21
63 23
63 25
63 27
63 30
63 35
63 37
63 39
63 43
63 47
63 54
63 69
63 72
63 78
63 79
63 81
63 84
63 86
64 0
64 2
64 4
64 5
64 6
64 17
64 21
64 23
64 24
64 32
64 35
64 36
64 40
64 41
64 44
64 45
64 46
64 47
64 54
64 56
64 58
64 59
64 61
64 63
64 67
64 69
64 70
64 72
64 73
64 76
64 78
64 81
64 83
64 84
64 86
64 87
65 77
65 6
66 57
66 35
66 5
66 21
67 0
67 1
67 67
67 32
67 69
67 71
67 46
67 33
67 3
67 21
67 23
67 26
67 59
67 31
68 59
68 62
69 6
69 62
69 21
69 38
70 6
70 23
71 17
71 62
72 49
72 27
72 85
72 39
73 2
73 26
73 44
73 5
74 58
74 70
75 63
75 84
75 69
75 23
76 34
76 55
77 64
77 35
77 69
77 6
77 71
77 41
77 55
77 44
77 77
77 78
77 81
77 84
77 23
77 56
77 25
77 26
77 58
77 31
78 78
78 47
78 21
78 58
78 62
78 31
79 2
79 5
79 70
79 71
79 39
79 78
79 47
79 81
79 86
83 69
83 5
83 6
83 21
84 32
84 81
84 45
84 17
84 83
84 22
84 56
84 58
84 62
85 35
85 6
86 0
86 2
86 3
86 5
86 6
86 17
86 21
86 22
86 23
86 24
86 25
86 26
86 33
86 37
86 40
86 44
86 53
86 54
86 58
86 59
86 60
86 62
86 63
86 69
86 73
86 74
86 75
86 78
86 81
86 84
87 56
87 81
87 21
87 62
