88
0 32
0 1
0 72
0 41
0 74
0 43
0 78
0 13
0 77
0 45
0 49
0 18
0 20
0 53
0 54
0 73
0 27
0 28
1 33
1 39
1 75
1 78
1 84
1 29
4 0
4 33
4 83
4 67
4 36
4 39
4 40
4 80
4 71
4 45
4 16
4 49
4 19
4 53
4 87
4 25
4 28
4 29
4 30
5 80
5 2
5 3
5 4
5 40
5 73
5 75
5 76
5 13
5 79
5 34
5 49
5 23
5 26
5 60
5 31
7 16
7 51
7 19
7 71
8 1
8 66
8 3
8 7
8 73
8 74
8 71
8 76
8 34
8 45
8 80
8 24
8 47
8 63
9 3
9 68
9 71
9 40
9 74
9 7
9 76
9 47
9 16
9 49
9 36
9 39
10 0
10 66
10 67
10 69
10 9
10 42
10 55
10 77
10 47
10 73
10 41
10 58
10 27
10 28
11 2
11 66
11 42
11 13
11 34
11 47
16 0
16 33
16 35
16 65
16 72
16 73
16 43
16 47
16 80
16 50
16 67
16 24
16 25
16 71
16 62
16 31
17 43
19 33
19 34
19 35
19 69
19 73
19 74
19 43
19 76
19 77
19 47
19 80
19 87
19 82
19 53
19 23
19 24
19 25
19 58
19 79
19 28
19 61
20 34
20 67
20 36
20 39
20 80
20 68
20 31
21 42
22 25
22 43
23 33
23 34
23 67
23 68
23 39
23 72
23 87
23 77
23 79
23 16
23 50
23 23
23 58
23 28
23 61
23 63
24 0
24 33
24 67
24 69
24 71
24 72
24 74
24 43
24 61
24 75
24 20
24 53
24 24
24 84
24 26
24 27
24 29
25 1
25 2
25 3
25 80
25 87
25 76
25 13
25 45
25 16
25 49
25 18
25 19
25 53
25 23
25 62
25 63
28 32
28 65
28 66
28 3
28 40
28 41
28 42
28 60
28 13
28 45
28 80
28 53
28 54
28 87
28 24
28 58
28 28
28 29
28 30
28 63
29 32
29 1
29 35
29 68
29 40
29 9
29 76
29 13
29 60
29 80
29 18
29 20
29 23
29 84
29 26
29 28
29 31
30 45
30 63
30 74
30 75
30 76
30 77
30 79
30 18
30 84
30 55
30 47
30 28
30 31
31 50
31 27
32 32
32 34
32 69
32 7
32 9
32 74
32 43
32 13
32 78
32 82
32 23
32 25
32 61
32 63
33 1
33 68
33 69
33 72
33 13
33 80
33 53
33 55
33 36
33 63
33 60
33 61
33 31
34 2
34 4
34 9
34 42
34 34
34 50
34 51
34 55
34 56
34 26
34 28
34 29
34 30
35 32
35 1
35 66
35 68
35 39
35 40
35 9
35 87
35 13
35 49
35 23
35 24
35 25
35 30
35 31
36 33
36 66
36 36
36 69
36 38
36 7
36 9
36 13
36 77
36 80
36 82
36 51
36 56
36 63
36 60
36 29
36 31
37 80
38 16
38 3
38 68
38 69
38 41
38 43
38 76
38 80
38 49
38 87
38 55
38 26
38 62
38 31
39 0
39 33
39 2
39 50
39 68
39 69
39 71
39 40
39 9
39 34
39 18
39 84
39 73
39 26
39 61
40 0
40 33
40 2
40 67
40 36
40 69
40 65
40 39
40 73
40 13
40 78
40 47
40 16
40 49
40 84
40 62
40 87
40 79
40 61
40 30
41 33
41 2
41 4
41 40
41 66
41 77
41 56
41 51
41 21
41 87
41 24
41 68
41 79
41 60
41 30
42 2
42 35
42 7
42 75
42 63
42 10
42 39
42 45
42 77
42 43
42 18
42 51
42 74
42 85
42 23
42 87
42 27
42 42
42 31
43 32
43 3
43 36
43 69
43 38
43 72
43 9
43 42
43 55
43 76
43 50
43 60
43 18
43 67
43 53
43 23
43 56
43 25
43 27
43 28
43 61
44 26
44 13
45 32
45 34
45 67
45 36
45 75
45 41
45 10
45 43
45 66
45 47
45 18
45 53
45 55
45 26
45 27
45 31
46 42
46 67
46 7
47 9
47 36
47 13
47 47
48 32
48 4
48 7
48 41
48 43
48 80
48 50
48 27
48 60
48 31
49 32
49 65
49 2
49 4
49 71
49 72
49 9
49 79
49 82
49 62
49 54
49 26
49 29
49 30
50 32
50 66
50 67
50 68
50 39
50 40
50 74
50 62
50 76
50 78
50 18
50 53
50 24
50 60
50 30
50 31
52 84
52 33
52 75
52 36
52 69
52 65
52 73
52 42
52 71
52 78
52 18
52 19
52 74
52 53
52 25
52 29
53 0
53 33
53 66
53 35
53 36
53 69
53 7
53 72
53 41
53 79
53 39
53 45
53 77
53 75
53 87
53 27
53 28
53 61
53 30
54 32
54 66
54 75
54 38
54 7
54 41
54 43
54 79
54 55
54 30
55 0
55 38
55 39
55 72
55 13
55 53
55 87
55 24
55 26
55 63
57 65
57 67
57 4
57 38
57 39
57 72
57 43
57 45
57 71
57 75
57 54
57 26
57 27
57 60
57 61
58 1
58 7
58 9
58 18
58 23
58 24
58 32
58 40
58 42
58 49
58 50
58 51
58 54
58 62
58 66
58 68
58 69
58 71
58 75
58 77
58 78
58 79
59 1
59 34
59 35
59 38
59 9
59 75
59 66
59 49
59 82
59 51
59 84
59 53
59 73
59 24
59 58
59 29
59 62
63 33
63 51
63 50
63 78
63 79
63 18
63 19
63 26
64 2
64 4
64 9
64 18
64 23
64 29
64 30
64 33
64 41
64 47
64 50
64 54
64 60
64 61
64 65
64 67
64 68
64 73
64 74
64 77
64 82
64 84
66 0
66 33
66 2
66 38
66 39
66 40
66 79
66 77
66 78
66 61
66 16
66 50
66 84
66 54
66 55
66 25
66 27
66 29
66 62
66 63
67 1
67 66
67 3
67 4
67 71
67 9
67 55
67 45
67 78
67 80
67 51
67 23
67 24
67 26
67 62
67 63
68 50
68 74
69 1
69 34
69 3
69 33
69 65
69 7
69 41
69 39
69 76
69 78
69 16
69 43
69 18
69 87
69 56
69 24
69 49
69 28
70 2
70 43
70 38
70 73
70 75
70 76
70 34
70 50
70 9
70 23
70 26
70 27
70 28
71 32
71 66
71 34
71 36
71 41
71 42
71 77
71 80
71 49
71 53
71 24
71 27
71 61
71 30
72 65
72 66
72 67
72 36
72 69
72 39
72 40
72 80
72 43
72 13
72 77
72 16
72 75
72 60
72 62
72 31
74 32
74 65
74 36
74 69
74 7
74 8
74 9
74 42
74 71
74 78
74 16
74 49
74 51
74 23
74 24
74 27
74 60
74 29
74 30
75 0
75 67
75 3
75 41
75 42
75 75
75 76
75 13
75 79
75 80
75 50
75 35
75 73
75 24
75 25
75 62
75 31
76 2
76 67
76 7
76 40
76 73
76 75
76 76
76 78
76 61
76 50
76 20
76 21
76 56
76 84
76 58
76 29
76 30
76 63
77 0
77 65
77 2
77 35
77 7
77 72
77 41
77 42
77 43
77 77
77 3
77 74
77 21
77 87
77 84
77 61
77 62
79 65
79 50
79 76
79 82
79 16
79 18
79 51
79 84
79 23
79 31
80 65
80 67
80 36
80 72
80 42
80 61
80 16
80 49
80 3
80 87
80 25
80 29
80 31
83 84
83 87
83 39
83 63
83 71
83 76
83 82
83 51
83 20
83 21
83 73
83 25
83 58
83 27
83 60
83 30
83 31
86 73
86 77
86 50
86 41
86 54
86 23
86 26
86 27
86 29
86 53
87 32
87 33
87 3
87 4
87 69
87 65
87 72
87 41
87 42
87 71
87 45
87 47
87 50
87 18
87 35
87 84
87 21
87 87
87 36
87 58
87 74
