88
0 67
0 44
0 79
0 80
0 53
0 22
0 87
1 0
1 65
1 66
1 32
1 16
1 52
1 58
2 65
2 66
2 3
2 36
2 1
2 8
2 35
2 52
2 54
2 87
2 59
2 28
2 63
3 1
3 67
3 6
3 8
3 77
3 18
3 3
3 52
3 87
3 59
3 28
3 63
4 41
5 2
5 35
5 68
5 40
5 9
5 79
5 12
5 45
5 77
5 16
5 49
5 20
5 85
5 73
5 59
5 60
6 65
6 66
6 36
6 37
6 38
6 81
6 10
6 12
6 45
6 77
6 61
6 49
6 53
6 55
6 26
6 58
6 69
6 63
7 59
7 6
7 38
7 40
7 63
7 87
7 77
7 72
7 53
7 54
7 23
7 57
7 27
7 61
7 69
7 31
8 2
8 86
8 6
8 43
8 44
8 45
8 53
8 22
8 87
8 28
9 1
9 69
9 42
9 77
9 21
9 86
9 54
9 28
10 0
10 65
10 36
10 69
10 6
10 71
10 80
10 41
10 76
10 77
10 48
10 82
10 54
10 57
10 26
10 86
10 61
10 68
11 1
11 66
11 35
11 38
11 47
11 80
11 52
11 85
11 55
11 58
12 34
12 36
12 37
12 6
12 70
12 12
12 45
12 47
12 16
12 81
12 50
12 66
12 55
12 68
12 87
12 28
13 0
13 1
13 66
13 3
13 82
13 65
13 49
13 8
13 77
13 17
13 18
13 19
13 56
13 72
13 58
13 81
13 31
17 80
17 34
17 36
17 41
17 42
17 76
17 66
17 48
17 17
17 54
17 56
17 28
17 29
17 62
17 31
18 0
18 65
18 66
18 37
18 33
18 8
18 60
18 13
18 46
18 45
18 82
18 28
18 30
19 1
19 70
19 38
19 75
19 12
19 45
19 47
19 81
19 50
19 55
20 42
21 1
21 67
21 65
21 8
21 17
21 52
21 53
21 56
21 57
21 59
21 31
22 66
22 67
22 72
22 80
22 17
22 35
22 52
22 53
22 57
22 58
23 0
23 65
23 34
23 4
23 69
23 40
23 45
23 81
23 21
23 86
23 22
23 58
23 53
24 65
24 12
24 46
24 41
25 0
25 1
25 3
25 32
25 70
25 35
25 33
25 41
25 87
25 77
25 46
25 79
25 19
25 55
25 63
26 65
26 35
26 47
26 48
26 82
26 85
26 56
27 32
27 66
27 36
27 38
27 73
27 43
27 44
27 13
27 80
27 26
27 63
28 1
28 65
28 41
28 80
28 55
28 56
28 58
29 0
29 34
29 35
29 36
29 6
29 8
29 9
29 72
29 82
29 85
29 55
29 58
29 59
29 28
29 63
30 18
30 67
30 4
30 8
30 73
30 13
30 78
30 45
30 82
30 86
30 41
30 47
30 61
31 0
31 3
31 69
31 42
31 12
31 80
31 17
31 82
31 85
31 58
31 59
32 1
32 3
32 4
32 7
32 79
32 13
32 77
32 67
32 21
32 87
32 24
32 68
32 26
32 27
32 61
33 32
33 3
33 6
33 47
33 13
33 77
33 45
33 80
33 59
33 82
33 62
33 22
33 55
33 56
33 57
33 27
33 60
33 30
34 0
34 36
34 38
34 40
34 13
34 45
34 48
34 58
34 47
34 60
34 63
35 81
35 8
35 73
35 44
35 40
35 85
35 61
36 0
36 65
36 35
36 37
36 74
36 44
36 46
36 17
36 53
36 63
36 31
37 1
37 3
37 33
37 8
37 41
37 43
37 13
37 47
37 17
37 54
37 59
37 28
37 63
38 0
38 66
38 70
38 72
38 41
38 79
38 43
38 47
38 48
38 17
38 52
38 85
38 87
38 56
38 59
39 0
39 65
39 66
39 35
39 33
39 73
39 13
39 19
39 52
39 55
40 1
40 43
40 77
40 38
41 65
41 66
41 4
41 69
41 70
41 77
41 81
41 54
41 60
42 0
42 67
42 36
42 41
42 49
42 3
42 21
42 59
43 35
43 8
43 73
43 45
43 81
43 59
43 31
44 65
44 69
44 38
44 8
44 76
44 72
44 53
44 25
44 31
45 0
45 34
45 8
45 44
45 49
45 21
45 54
45 58
45 59
46 35
46 4
46 7
46 60
46 39
46 12
46 45
46 48
46 82
46 67
46 86
46 55
46 56
46 59
46 28
46 30
47 66
47 67
47 68
47 38
47 8
47 9
47 10
47 43
47 13
47 78
47 25
47 63
48 0
48 33
48 34
48 67
48 12
48 47
48 82
48 35
48 85
49 32
49 82
49 38
49 42
49 87
49 12
49 13
49 47
49 18
49 21
49 23
49 57
49 58
49 59
49 28
49 53
50 34
50 35
50 53
50 58
50 31
50 30
50 85
52 32
52 65
52 66
52 3
52 39
52 8
52 80
52 44
52 16
52 17
52 18
52 52
52 85
52 28
52 29
53 66
53 3
53 4
53 38
53 72
53 12
53 76
53 34
53 81
53 41
53 25
53 59
54 65
54 68
54 1
54 76
54 13
54 47
54 81
54 51
54 52
55 0
55 1
55 2
55 37
55 41
55 13
55 81
55 86
57 67
57 38
57 8
57 13
57 17
57 50
57 3
57 21
57 54
58 38
58 8
58 13
58 46
58 47
58 57
58 58
58 28
58 63
59 35
59 43
59 50
59 82
59 87
59 23
59 30
60 1
60 67
60 48
60 33
60 11
60 80
60 3
60 23
61 1
61 38
61 65
61 75
61 13
61 45
61 16
61 49
61 82
61 87
61 58
61 59
61 60
61 29
61 31
62 65
62 61
62 35
62 66
62 70
62 38
62 72
62 76
62 12
62 13
62 77
62 45
62 49
62 67
62 21
62 54
62 53
62 31
63 0
63 32
63 3
63 8
63 59
63 29
63 30
63 63
65 36
65 69
65 45
65 78
65 47
65 49
65 82
66 0
66 1
66 66
66 38
66 33
66 43
66 13
66 45
66 16
66 49
66 50
66 21
66 55
66 57
66 87
66 47
66 85
67 66
67 35
67 4
67 37
67 38
67 8
67 41
67 12
67 80
67 85
67 22
67 55
67 36
67 58
67 54
67 86
67 29
67 30
68 1
68 3
68 9
68 55
68 12
68 45
68 46
68 50
68 49
68 82
68 20
68 73
68 28
68 63
69 65
69 37
69 38
69 42
69 60
69 61
70 4
70 8
70 42
70 46
70 79
70 85
71 35
71 36
71 38
71 70
71 8
71 10
71 47
71 87
71 31
72 3
72 36
72 43
72 12
72 16
72 67
72 21
72 59
72 63
73 32
73 35
73 37
73 49
73 72
73 17
73 82
73 8
73 54
73 28
75 0
75 42
75 12
75 49
75 54
75 59
75 29
75 63
76 66
76 68
76 69
76 6
76 11
76 34
76 47
76 21
76 87
76 38
76 53
77 3
77 4
77 72
77 41
77 13
77 49
77 18
77 54
77 87
77 58
77 28
78 1
78 67
78 43
78 16
78 49
78 3
78 87
78 28
78 63
79 35
79 36
79 8
79 45
79 80
79 53
79 54
79 87
79 57
79 28
79 62
80 1
80 66
80 38
80 41
80 87
80 56
80 82
80 85
80 55
80 24
80 57
80 58
80 59
80 60
80 61
81 0
81 65
81 35
81 41
81 79
81 82
81 23
81 61
82 48
83 65
83 66
83 4
83 38
83 49
83 72
83 46
83 80
83 40
83 52
83 36
83 59
83 30
84 32
84 68
84 37
84 70
84 9
84 77
84 73
84 49
84 52
84 53
84 22
84 23
84 58
84 61
84 30
85 0
85 33
85 67
85 70
85 73
85 77
85 47
85 82
85 87
86 66
86 3
86 36
86 42
86 12
86 67
86 86
86 57
86 29
87 65
87 66
87 67
87 37
87 6
87 80
87 73
87 42
87 43
87 76
87 48
87 86
87 55
87 59
87 28
