88
0 6
0 15
0 22
0 23
0 26
0 30
0 31
0 40
0 41
0 43
0 44
0 47
0 56
0 57
0 59
0 68
0 71
0 73
0 77
0 79
0 81
0 85
1 1
1 59
1 68
1 71
1 9
1 42
1 87
1 13
1 15
1 81
1 85
1 73
1 41
1 56
1 26
1 47
1 30
1 63
2 9
2 13
2 15
2 23
2 26
2 31
2 41
2 43
2 44
2 45
2 46
2 49
2 53
2 59
2 63
2 68
2 69
2 71
2 73
2 77
2 81
2 87
3 68
3 71
3 41
3 42
3 23
3 80
3 85
3 73
3 55
3 57
3 26
3 59
3 28
3 61
3 63
4 35
4 68
4 6
4 71
4 63
4 43
4 77
4 46
4 15
4 20
4 22
4 23
4 56
4 57
4 47
4 61
4 31
5 68
5 6
5 9
5 44
5 77
5 45
5 81
5 23
5 56
5 57
5 47
5 61
5 30
5 31
6 1
6 68
6 63
6 9
6 42
6 71
6 46
6 15
6 16
6 79
6 85
6 41
6 57
6 87
6 47
6 28
6 61
6 31
7 1
7 44
7 6
7 81
8 1
8 69
8 6
8 71
8 41
8 42
8 43
8 73
8 13
8 15
8 48
8 81
8 85
8 22
8 23
8 57
8 87
8 61
9 1
9 65
9 40
9 71
9 46
9 48
9 81
9 87
9 56
9 57
9 63
9 31
10 6
10 41
10 43
10 44
10 45
10 15
10 81
10 52
10 53
10 23
10 56
10 57
10 87
10 47
10 61
10 85
11 34
11 68
11 71
11 9
11 87
11 44
11 13
11 46
11 77
11 81
11 41
11 73
11 23
11 26
11 63
11 61
11 31
12 1
12 34
12 6
12 81
12 9
12 87
12 44
12 13
12 15
12 49
12 53
12 22
12 41
12 56
12 57
12 26
12 47
12 73
12 85
17 68
17 6
17 77
17 9
17 43
17 44
17 13
17 63
17 47
17 20
17 73
17 41
17 56
17 87
17 59
17 31
18 48
18 43
18 68
18 69
18 65
18 9
18 42
18 23
18 44
18 46
18 47
18 16
18 81
18 85
18 22
18 41
18 56
18 57
18 87
18 61
18 30
21 35
21 68
21 69
21 6
21 71
21 73
21 42
21 13
21 46
21 15
21 48
21 81
21 85
21 22
21 23
21 57
21 47
21 30
22 71
22 9
22 43
22 44
22 13
22 77
22 48
22 81
22 47
22 31
24 1
24 34
24 68
24 71
24 41
24 23
24 77
24 46
24 15
24 87
25 1
25 40
25 41
25 44
25 45
25 77
25 15
25 81
25 53
25 22
25 23
25 57
25 79
25 73
25 30
27 35
27 77
27 71
27 40
27 9
27 42
27 13
27 46
27 15
27 59
27 79
27 73
27 41
27 56
27 57
27 47
27 61
27 30
27 31
28 6
28 9
28 23
28 26
28 30
28 40
28 41
28 44
28 46
28 47
28 53
28 55
28 56
28 57
28 63
28 68
28 71
28 73
28 77
28 79
28 85
28 87
29 48
29 68
29 69
29 6
29 73
29 46
29 80
29 81
29 9
29 41
29 31
30 35
30 68
30 6
30 40
30 41
30 43
30 44
30 77
30 15
30 81
30 73
30 53
30 22
30 23
30 56
30 26
30 47
30 61
30 30
32 1
32 68
32 69
32 6
32 73
32 23
32 77
32 46
32 13
32 80
32 87
32 57
32 61
32 63
33 68
33 6
33 40
33 41
33 43
33 77
33 15
33 81
33 52
33 47
33 31
35 15
35 23
35 30
35 31
35 35
35 40
35 41
35 42
35 44
35 46
35 47
35 48
35 53
35 55
35 56
35 57
35 59
35 61
35 68
35 71
35 77
35 81
36 34
36 68
36 71
36 40
36 9
36 42
36 87
36 44
36 45
36 77
36 15
36 81
36 73
36 23
36 57
36 26
36 79
36 63
37 59
37 68
37 6
37 9
37 87
37 13
37 63
37 15
37 81
37 20
37 73
37 26
37 47
37 28
37 31
38 1
38 34
38 87
38 68
38 6
38 71
38 40
38 9
38 43
38 44
38 13
38 46
38 15
38 77
38 23
38 56
38 57
38 26
38 47
38 85
39 68
39 41
39 13
39 46
39 15
39 85
39 23
39 26
41 35
41 71
41 73
41 42
41 46
41 44
41 13
41 77
41 15
41 59
41 85
41 23
41 47
41 63
42 59
42 6
42 71
42 9
42 42
42 44
42 15
42 73
42 87
42 47
42 63
43 1
43 68
43 69
43 6
43 71
43 41
43 43
43 44
43 46
43 47
43 48
43 81
43 22
43 23
43 57
43 79
43 73
43 31
47 40
47 41
47 42
47 87
47 13
47 77
47 15
47 48
47 85
47 73
47 23
47 57
47 47
47 61
47 31
50 87
50 68
50 6
50 71
50 9
50 42
50 43
50 44
50 13
50 63
50 15
50 81
50 85
50 77
50 73
50 56
50 57
50 26
50 47
50 30
50 31
51 35
51 68
51 6
51 71
51 41
51 55
51 63
51 79
51 23
51 57
51 47
51 61
51 31
54 1
54 68
54 6
54 65
54 73
54 44
54 13
54 46
54 77
54 81
54 87
54 15
54 63
58 1
58 34
58 35
58 68
58 71
58 9
58 43
58 73
58 13
58 77
58 15
58 16
58 85
58 22
58 41
58 57
58 59
58 30
58 63
60 1
60 68
60 69
60 6
60 65
60 41
60 42
60 71
60 77
60 15
60 48
60 81
60 85
60 73
60 9
60 57
60 87
60 59
60 30
61 44
61 46
61 15
61 16
61 23
61 57
61 26
61 61
61 30
61 31
62 73
62 13
62 77
62 79
62 81
62 9
62 46
62 23
62 61
62 31
63 73
63 43
63 44
63 13
63 15
63 81
63 47
63 61
63 31
64 41
64 87
65 65
65 68
65 6
65 71
65 9
65 23
65 44
65 13
65 46
65 73
65 52
65 53
65 22
65 41
65 57
65 87
65 59
65 61
66 59
66 77
66 73
66 42
66 87
66 13
66 46
66 15
66 79
66 20
66 57
66 55
66 52
66 26
66 47
66 61
66 30
66 31
67 1
67 59
67 68
67 77
67 40
67 9
67 42
67 43
67 73
67 13
67 63
67 15
67 16
67 81
67 41
67 22
67 23
67 26
67 47
67 30
67 31
74 1
74 6
74 9
74 13
74 15
74 26
74 30
74 41
74 43
74 44
74 47
74 49
74 53
74 55
74 57
74 61
74 65
74 71
74 77
74 81
74 85
74 87
75 1
75 34
75 35
75 6
75 71
75 9
75 42
75 55
75 46
75 81
75 41
75 23
75 26
75 59
75 30
75 31
76 1
76 34
76 59
76 69
76 40
76 9
76 42
76 87
76 44
76 13
76 77
76 15
76 80
76 81
76 85
76 22
76 23
76 26
76 47
76 73
76 31
77 1
77 34
77 68
77 65
77 73
77 55
77 44
77 45
77 46
77 77
77 80
77 52
77 23
77 79
77 61
77 30
77 31
82 6
82 41
82 87
82 44
82 13
82 46
82 47
82 81
82 52
82 73
82 23
82 57
82 26
82 31
83 35
83 68
83 69
83 6
83 40
83 9
83 42
83 55
83 44
83 45
83 77
83 47
83 16
83 87
83 41
83 73
83 23
83 57
83 26
83 63
83 31
84 34
84 68
84 6
84 71
84 9
84 87
84 44
84 77
84 46
84 47
84 81
84 41
84 73
84 23
84 26
84 28
84 61
84 85
84 63
86 1
86 87
86 68
86 69
86 71
86 41
86 42
86 43
86 44
86 13
86 46
86 15
86 80
86 81
86 77
86 9
86 57
86 26
86 47
86 61
86 85
87 83
87 63
87 9
87 42
87 43
87 13
87 46
87 15
87 81
87 79
87 85
87 41
87 55
87 87
87 59
87 30
87 31
