88
0 24
0 51
0 86
0 23
1 76
2 64
2 34
2 87
2 70
2 38
2 7
2 73
2 43
2 46
2 80
2 18
2 19
2 84
2 53
2 23
2 62
2 85
2 30
2 31
3 65
3 44
3 47
4 1
4 5
4 39
4 40
4 9
4 43
4 44
4 14
4 79
4 48
4 72
4 82
4 19
4 84
4 22
4 41
5 0
5 35
5 41
5 44
5 23
5 31
6 66
6 67
6 68
6 70
6 12
6 77
6 19
6 84
7 0
7 2
7 68
7 39
7 72
7 41
7 13
7 40
7 18
7 51
7 53
7 86
7 26
8 24
9 81
9 19
9 85
9 14
10 65
10 6
10 63
10 43
10 81
10 27
10 62
10 31
11 2
11 37
11 38
11 71
11 8
11 41
11 34
11 48
11 40
11 84
11 23
11 57
11 29
12 1
12 3
12 41
12 12
12 77
12 47
12 44
12 49
12 51
12 85
12 27
12 29
12 53
13 48
13 2
13 72
13 66
13 46
13 47
13 80
13 40
13 54
13 26
13 62
14 1
14 37
14 38
14 7
14 40
14 73
14 10
14 39
14 14
14 79
14 49
14 84
14 53
14 23
14 72
14 87
14 28
14 30
14 81
15 34
15 85
16 2
16 35
16 7
16 9
16 43
16 51
17 0
17 32
17 34
17 51
17 7
17 8
17 9
17 44
17 13
17 48
17 72
17 19
17 53
17 23
17 24
17 26
17 27
19 0
19 66
19 35
19 4
19 39
19 8
19 76
19 10
19 71
19 44
19 51
19 84
19 53
19 87
19 30
19 63
20 65
20 34
20 43
20 6
21 34
22 0
22 1
22 3
22 68
22 5
22 38
22 39
22 8
22 64
22 71
22 13
22 14
22 77
22 18
22 51
22 85
22 86
22 73
22 57
22 37
23 82
24 0
24 68
24 5
24 70
24 7
24 39
24 79
24 18
24 85
24 71
24 27
24 29
24 30
24 63
25 0
25 4
25 70
25 38
25 7
25 72
25 10
25 12
25 46
25 18
25 84
25 57
25 26
25 28
25 30
26 85
26 23
27 30
27 86
28 38
30 65
30 36
30 5
30 38
30 39
30 82
30 14
30 81
30 37
30 46
30 86
30 87
30 56
30 68
30 53
30 28
30 29
30 69
30 31
31 64
31 2
31 5
31 40
31 13
31 18
31 19
31 29
33 65
33 82
34 1
34 2
34 5
34 70
34 71
34 8
34 9
34 81
34 60
34 13
34 77
34 47
34 72
34 73
34 41
34 87
34 28
34 37
35 65
35 3
35 70
35 6
35 10
35 46
35 35
35 23
35 27
35 30
36 1
36 2
36 5
36 7
36 8
36 41
36 10
36 43
36 12
36 77
36 47
36 80
36 51
36 53
36 22
36 27
36 86
36 62
36 31
37 3
38 0
38 64
38 5
38 63
38 9
38 43
38 12
38 13
38 46
38 77
38 18
38 19
38 41
38 26
38 27
38 29
38 31
39 48
39 9
39 18
39 46
39 57
40 8
40 9
40 79
40 84
40 22
40 23
41 2
41 7
41 9
41 13
41 81
41 58
41 63
41 30
41 31
42 41
42 79
42 47
42 30
42 71
44 66
44 34
44 38
44 7
44 71
44 77
44 50
44 19
44 87
44 27
44 31
45 26
45 76
46 64
46 34
46 35
46 68
46 8
46 12
46 80
46 49
46 53
46 62
47 51
47 2
47 13
47 47
47 18
47 19
47 27
48 35
49 72
50 0
50 35
50 38
50 6
50 39
50 8
50 9
50 10
50 87
50 46
50 49
50 40
50 18
50 51
50 85
50 86
50 41
50 57
50 26
50 27
50 81
51 64
51 3
51 36
51 8
51 45
51 14
51 40
51 46
52 1
52 2
52 43
52 66
52 37
52 6
52 40
52 9
52 11
52 76
52 34
52 63
52 49
52 18
52 41
52 86
52 23
52 27
52 28
52 30
52 53
53 0
53 2
53 3
53 36
53 71
53 40
53 10
53 43
53 34
53 46
53 47
53 72
53 85
53 23
53 68
53 29
53 63
54 64
54 1
54 7
54 9
54 13
54 80
54 81
54 51
54 41
55 4
55 37
55 70
55 39
55 40
55 9
55 12
55 77
55 13
55 49
55 82
55 79
55 44
56 0
56 66
56 3
56 5
56 38
56 7
56 40
56 41
56 71
56 44
56 77
56 49
56 86
56 87
56 72
56 81
56 70
56 69
56 63
57 2
57 35
57 5
57 6
57 49
57 8
57 73
57 10
57 71
57 46
57 48
57 17
57 84
57 53
57 87
57 26
57 30
58 73
58 46
59 64
59 36
59 69
59 8
59 73
59 23
59 77
59 19
59 87
60 49
60 76
60 38
60 25
61 64
61 73
61 36
61 70
62 64
62 65
62 36
62 9
62 43
62 46
62 53
62 41
62 26
62 27
62 62
62 31
63 64
63 80
63 51
63 13
63 53
64 65
64 2
64 36
64 71
64 40
64 9
64 39
64 12
64 77
64 14
64 47
64 48
64 87
65 0
65 80
65 66
65 3
65 36
65 39
65 72
65 9
65 47
65 77
65 14
65 15
65 48
65 46
65 73
65 24
65 68
65 26
65 27
65 29
65 31
66 81
66 66
66 43
66 62
66 46
67 70
68 64
68 51
68 34
68 68
68 38
68 65
68 9
68 10
68 87
68 12
68 79
68 49
68 18
68 41
68 84
68 21
68 86
68 23
68 26
68 63
69 1
69 66
69 35
69 5
69 6
69 73
69 10
69 12
69 70
69 79
69 80
69 81
69 19
69 86
69 87
69 63
69 28
69 37
69 69
69 31
70 1
70 2
70 63
70 65
70 47
70 72
70 41
70 10
70 71
70 12
70 14
70 44
70 49
70 53
70 86
70 85
70 27
70 62
70 31
71 1
71 34
71 37
71 6
71 7
71 40
71 10
71 39
71 76
71 14
71 18
71 51
71 54
71 38
72 48
72 2
72 3
72 36
72 37
72 65
72 8
72 44
72 66
72 71
72 12
72 13
72 14
72 77
72 34
72 81
72 82
72 46
72 22
72 26
72 27
73 64
73 65
73 66
73 4
73 6
73 38
73 40
73 41
73 43
73 44
73 47
73 18
73 73
73 68
73 87
73 79
73 62
74 42
74 77
75 5
76 0
76 3
76 82
76 6
76 87
76 12
76 13
76 14
76 49
76 18
76 46
76 23
76 57
76 29
76 30
76 31
77 64
77 80
77 34
77 5
77 70
77 81
77 8
77 41
77 87
77 44
77 13
77 47
77 76
77 40
77 51
77 53
77 54
77 73
77 26
77 62
77 31
78 37
78 14
79 2
79 35
79 66
79 37
79 8
79 86
79 12
79 34
79 14
79 48
79 18
79 51
79 62
79 54
79 23
79 24
79 68
79 87
79 28
79 30
80 34
80 36
80 5
80 38
80 71
80 72
80 9
80 10
80 12
80 13
80 79
80 48
80 81
80 18
80 62
80 22
80 41
80 57
80 30
80 85
81 64
81 2
81 3
81 36
81 38
81 39
81 8
81 9
81 10
81 44
81 13
81 14
81 47
81 76
81 81
81 51
81 84
81 85
81 28
81 62
82 79
83 0
83 3
83 7
83 10
83 12
83 13
83 19
83 28
83 29
83 34
83 35
83 38
83 39
83 44
83 48
83 64
83 65
83 69
83 70
83 72
83 81
83 82
84 43
84 36
84 40
84 6
84 71
84 8
84 73
84 39
84 79
84 81
84 84
84 54
84 87
84 30
85 68
85 5
85 6
85 40
85 81
85 84
85 86
85 26
85 30
86 0
86 64
86 35
86 5
86 7
86 9
86 71
86 12
86 79
86 51
86 53
86 85
86 57
86 27
86 28
86 30
86 63
87 1
87 34
87 68
87 65
87 39
87 47
87 48
87 81
87 19
87 22
87 62
87 31
