88
0 82
0 53
0 62
1 24
1 42
1 13
1 70
2 0
2 1
2 35
2 33
2 8
2 76
2 71
2 12
2 47
2 48
2 40
2 86
2 72
2 26
2 60
2 58
3 2
3 75
3 4
3 7
3 9
3 10
3 71
3 66
3 46
3 81
3 19
3 84
3 78
3 57
3 27
3 61
3 62
4 27
4 75
4 52
4 61
4 63
5 66
5 36
5 69
5 6
5 10
5 76
5 80
5 50
5 84
5 53
5 25
5 27
5 42
6 28
6 31
6 60
6 6
6 23
7 9
7 34
7 4
8 81
8 11
8 60
8 47
9 55
9 52
9 21
9 87
9 24
9 25
10 49
10 27
10 4
10 70
11 27
11 25
11 87
11 77
11 53
12 67
12 5
12 77
12 81
12 21
12 62
13 2
13 5
13 6
13 7
13 16
13 20
13 24
13 25
13 31
13 32
13 33
13 36
13 57
13 61
13 67
13 68
13 75
13 76
13 80
13 81
13 83
13 85
14 36
14 73
14 16
14 20
14 24
14 62
16 2
17 69
17 72
17 41
17 51
17 87
17 27
18 66
18 36
18 70
18 71
18 8
18 9
18 12
18 48
18 49
18 52
18 53
18 54
18 41
18 58
19 34
19 75
19 41
19 42
19 11
19 44
19 13
19 16
19 83
19 21
19 73
19 55
19 24
19 58
19 28
19 74
19 30
20 64
20 34
20 4
20 5
20 70
20 72
20 41
20 10
20 12
20 80
20 51
20 84
20 85
20 73
20 57
20 30
21 49
21 2
21 44
21 55
22 32
22 34
22 3
22 68
22 70
22 71
22 12
22 45
22 50
22 58
22 62
23 0
23 33
23 4
23 69
23 38
23 41
23 42
23 78
23 47
23 16
23 79
23 68
23 63
23 28
23 31
24 41
24 27
24 20
25 82
26 0
26 32
26 2
26 4
26 38
26 70
26 40
26 73
26 10
26 77
26 78
26 57
26 26
26 63
27 34
27 3
27 70
27 78
27 86
27 57
28 0
28 64
28 2
28 69
28 38
28 7
28 40
28 41
28 10
28 87
28 44
28 45
28 16
28 51
28 53
28 54
28 55
28 27
29 0
29 64
29 34
29 5
29 1
29 8
29 81
29 20
29 53
29 25
29 26
30 0
30 36
30 5
30 39
30 8
30 45
30 78
30 79
30 82
30 20
30 22
30 55
30 52
30 58
30 86
30 62
30 69
31 32
31 18
31 79
32 32
32 33
32 34
32 8
32 73
32 74
32 11
32 45
32 16
32 84
32 26
32 27
32 30
32 31
33 67
33 5
33 8
33 75
33 78
33 79
33 82
33 87
33 55
33 60
33 30
34 34
34 67
34 37
34 71
34 72
34 42
34 78
34 79
34 21
34 87
34 56
34 25
34 27
34 60
34 5
35 34
35 41
35 12
35 77
35 46
35 79
35 16
35 81
35 18
35 86
35 23
35 56
35 26
35 58
35 62
35 63
36 33
36 2
36 75
36 4
36 5
36 80
36 11
36 12
36 45
36 48
36 51
36 55
36 27
36 28
36 61
36 62
36 69
37 33
37 66
37 35
37 86
37 41
37 55
37 78
37 50
37 51
37 20
37 22
37 23
37 56
37 52
37 26
37 61
37 30
38 64
38 34
38 4
38 7
38 9
38 10
38 55
38 44
38 46
38 61
38 49
38 78
38 74
38 41
38 23
38 68
38 87
38 42
38 31
39 45
39 82
39 38
39 72
39 41
39 78
39 13
39 77
39 47
39 80
39 50
39 83
39 62
39 54
39 73
39 58
39 79
39 30
39 63
40 9
40 83
40 45
40 21
41 0
41 21
41 78
42 33
42 2
42 3
42 70
42 9
42 78
42 47
42 81
42 50
42 52
42 21
42 54
42 84
42 60
42 62
43 65
43 34
43 6
43 78
43 80
43 52
43 56
43 62
44 32
44 16
44 4
44 44
44 76
44 78
44 80
44 49
44 18
44 20
44 21
44 23
44 28
44 30
45 69
45 79
46 65
46 2
46 35
46 36
46 8
46 41
46 83
46 78
46 16
46 81
46 18
46 67
46 53
46 22
46 24
46 62
47 80
47 81
47 10
47 69
48 1
48 4
48 13
48 16
48 18
48 20
48 23
48 27
48 28
48 31
48 33
48 38
48 53
48 60
48 61
48 62
48 66
48 72
48 73
48 74
48 76
48 81
48 87
49 1
50 33
50 34
50 70
50 40
50 11
50 13
50 78
50 45
50 81
50 18
50 83
50 20
50 54
50 56
51 1
51 34
51 69
51 72
51 10
51 55
51 16
51 49
51 82
51 23
51 60
51 61
51 62
52 69
52 40
52 41
52 55
52 76
52 46
52 44
52 53
52 23
52 24
52 28
53 3
53 73
53 11
53 12
53 44
53 80
53 41
53 55
53 27
53 28
53 62
54 70
55 72
56 63
56 44
56 39
57 80
57 53
57 79
58 64
58 1
58 69
58 38
58 80
58 10
58 13
58 45
58 16
58 81
58 83
58 84
58 85
58 86
58 60
59 1
59 2
59 33
59 7
59 80
59 9
59 11
59 44
59 45
59 48
59 81
59 82
59 20
59 21
59 22
59 57
59 52
59 54
59 60
59 61
59 30
60 64
60 2
60 35
60 4
60 72
60 73
60 10
60 75
60 43
60 85
60 25
60 68
60 28
60 42
61 42
61 3
61 21
61 82
61 79
62 0
62 3
62 5
62 71
62 40
62 10
62 44
62 45
62 61
62 81
62 83
62 53
62 22
62 23
62 57
62 26
62 79
62 42
62 69
63 52
63 62
63 30
63 87
64 2
64 4
64 6
64 10
64 82
64 78
64 81
64 50
64 51
64 85
64 23
64 58
64 27
64 60
64 74
64 30
65 32
65 82
65 12
65 77
66 32
66 12
66 42
66 76
66 13
66 47
66 18
66 51
66 86
66 9
66 56
66 25
66 61
67 82
67 5
67 8
67 44
67 10
67 75
67 12
67 45
67 79
67 80
67 40
67 18
67 84
67 22
67 56
67 27
67 28
67 69
67 63
68 64
68 33
68 70
68 39
68 72
68 60
68 74
68 13
68 80
68 16
68 50
68 52
68 86
68 23
68 25
68 28
69 1
69 27
69 53
70 69
70 42
70 76
70 16
70 83
70 24
71 49
71 55
71 76
71 39
72 32
72 2
72 34
72 7
72 40
72 73
72 12
72 13
72 77
72 45
72 84
72 54
72 23
72 25
72 26
72 60
73 83
73 76
73 53
73 6
73 71
74 68
74 67
74 4
74 70
74 74
74 11
74 13
74 46
74 79
74 21
74 54
74 23
74 56
74 57
74 31
75 66
75 3
75 86
75 81
75 73
75 74
75 12
75 13
75 46
75 79
75 16
75 49
75 52
75 53
75 54
75 57
75 63
75 61
75 31
76 1
76 51
76 33
76 72
76 7
76 44
76 80
76 83
76 53
76 56
76 57
76 71
76 27
76 62
77 81
77 50
77 69
77 62
77 53
78 66
78 35
78 69
78 40
78 9
78 10
78 76
78 13
78 45
78 49
78 52
78 85
78 63
78 53
79 33
79 3
79 4
79 38
79 72
79 41
79 42
79 44
79 76
79 81
79 67
79 21
79 86
79 73
79 36
79 61
80 85
80 53
80 86
80 61
81 0
81 1
81 66
81 67
81 5
81 38
81 44
81 42
81 12
81 79
81 16
81 81
81 82
81 22
81 23
81 62
81 69
82 41
82 77
82 86
82 79
83 46
84 16
84 40
84 74
84 80
84 50
84 26
85 32
85 65
85 3
85 36
85 6
85 7
85 72
85 39
85 67
85 20
85 21
85 86
85 68
85 60
85 30
85 84
86 64
86 65
86 36
86 38
86 10
86 44
86 79
86 80
86 18
86 53
86 22
86 25
86 62
86 63
87 20
87 77
87 70
87 23
