88
2 2
2 3
2 5
2 6
2 7
2 12
2 13
2 17
2 28
2 30
2 36
2 37
2 44
2 57
2 59
2 69
2 76
2 77
2 78
2 80
2 83
2 87
4 1
4 3
4 12
4 17
4 18
4 20
4 26
4 28
4 30
4 32
4 36
4 44
4 48
4 49
4 52
4 56
4 59
4 69
4 70
4 71
4 73
4 76
4 77
4 78
4 80
4 84
4 86
5 64
5 80
5 69
5 71
5 8
5 60
5 11
5 44
5 77
5 48
5 17
5 18
5 84
5 56
5 57
5 59
5 28
5 30
8 0
8 1
8 83
8 3
8 36
8 5
8 49
8 8
8 73
8 44
8 13
8 46
8 48
8 17
8 19
8 80
8 86
8 56
8 59
8 30
8 69
10 1
10 2
10 3
10 8
10 12
10 17
10 18
10 20
10 26
10 28
10 30
10 32
10 40
10 46
10 48
10 52
10 56
10 59
10 70
10 77
10 78
10 80
10 86
10 87
11 0
11 1
11 2
11 8
11 13
11 26
11 28
11 36
11 40
11 44
11 46
11 48
11 50
11 52
11 56
11 59
11 64
11 71
11 76
11 80
11 82
11 83
11 86
11 87
14 28
16 64
21 32
21 1
21 3
21 36
21 49
21 8
21 80
21 76
21 46
21 48
21 17
21 20
21 86
21 87
21 56
21 52
21 28
21 61
27 3
27 8
27 12
27 13
27 17
27 26
27 30
27 32
27 36
27 44
27 48
27 49
27 56
27 57
27 59
27 69
27 73
27 76
27 78
27 80
27 83
27 86
27 87
29 3
29 8
29 77
29 83
29 86
29 56
30 0
30 3
30 8
30 13
30 17
30 20
30 25
30 28
30 32
30 36
30 44
30 46
30 48
30 49
30 52
30 56
30 61
30 69
30 71
30 76
30 78
30 80
30 82
30 83
30 86
31 32
31 1
31 36
31 69
31 81
31 71
31 8
31 64
31 76
31 13
31 48
31 49
31 86
31 59
31 28
31 61
33 0
33 1
33 2
33 3
33 69
33 32
33 80
33 44
33 71
33 12
33 13
33 48
33 17
33 83
33 76
33 86
33 59
33 28
34 1
34 2
34 3
34 9
34 12
34 13
34 18
34 24
34 26
34 28
34 30
34 36
34 37
34 44
34 46
34 48
34 50
34 61
34 65
34 69
34 71
34 78
34 80
34 81
34 86
34 87
35 1
35 3
35 7
35 8
35 11
35 13
35 17
35 18
35 26
35 32
35 36
35 46
35 48
35 49
35 52
35 56
35 59
35 61
35 69
35 71
35 76
35 78
35 82
35 83
35 84
35 86
36 0
36 1
36 12
36 13
36 17
36 26
36 28
36 30
36 32
36 36
36 37
36 44
36 46
36 48
36 49
36 50
36 52
36 57
36 60
36 61
36 69
36 70
36 76
36 80
36 82
36 83
37 0
37 1
37 2
37 11
37 13
37 17
37 18
37 20
37 26
37 28
37 30
37 36
37 40
37 44
37 48
37 52
37 56
37 57
37 59
37 61
37 70
37 71
37 73
37 76
37 78
37 81
37 86
38 2
38 3
38 12
38 13
38 17
38 19
38 25
38 26
38 28
38 30
38 32
38 37
38 40
38 48
38 49
38 56
38 59
38 69
38 70
38 71
38 73
38 76
38 78
38 80
38 82
38 83
38 86
39 32
39 3
39 36
39 49
39 8
39 71
39 12
39 13
39 17
39 83
39 52
39 86
39 56
39 26
39 28
39 30
41 3
41 7
41 8
41 13
41 18
41 26
41 28
41 30
41 32
41 36
41 44
41 46
41 48
41 49
41 52
41 56
41 59
41 76
41 78
41 80
41 82
41 84
41 86
41 87
42 1
42 2
42 8
42 12
42 13
42 17
42 18
42 28
42 32
42 36
42 37
42 40
42 46
42 48
42 50
42 56
42 57
42 59
42 61
42 64
42 69
42 70
42 71
42 78
42 83
43 1
43 2
43 3
43 8
43 12
43 20
43 24
43 26
43 28
43 30
43 44
43 46
43 48
43 56
43 57
43 61
43 65
43 73
43 78
43 80
43 83
43 86
43 87
45 1
45 2
45 3
45 8
45 11
45 13
45 17
45 26
45 28
45 32
45 44
45 46
45 52
45 56
45 59
45 61
45 64
45 69
45 70
45 76
45 77
45 80
45 83
47 0
47 1
47 2
47 3
47 5
47 8
47 12
47 13
47 17
47 18
47 20
47 26
47 32
47 40
47 44
47 46
47 49
47 52
47 59
47 61
47 64
47 69
47 71
47 76
47 78
47 83
47 86
49 1
49 2
49 8
49 11
49 13
49 18
49 30
49 32
49 36
49 37
49 40
49 44
49 48
49 49
49 50
49 52
49 59
49 61
49 65
49 69
49 71
49 76
49 78
49 80
49 83
49 86
50 1
50 2
50 8
50 11
50 12
50 13
50 17
50 18
50 26
50 28
50 32
50 36
50 37
50 44
50 48
50 56
50 59
50 61
50 70
50 71
50 76
50 77
50 78
50 81
50 82
51 64
51 1
51 2
51 3
51 50
51 17
51 18
51 83
51 52
51 24
51 57
51 59
51 30
58 2
58 3
58 5
58 8
58 11
58 13
58 17
58 26
58 28
58 32
58 36
58 40
58 44
58 46
58 48
58 49
58 50
58 57
58 59
58 60
58 61
58 71
58 73
58 77
58 80
58 83
58 86
61 0
61 1
61 2
61 3
61 36
61 37
61 32
61 8
61 71
61 12
61 77
61 46
61 17
61 50
61 83
61 52
61 78
61 57
61 28
61 30
62 32
62 1
62 69
62 71
62 80
62 9
62 76
62 78
62 48
62 17
62 18
62 83
62 52
62 87
62 26
62 59
62 61
63 2
63 69
63 78
63 49
63 56
63 5
65 0
65 1
65 2
65 3
65 5
65 13
65 17
65 18
65 25
65 28
65 30
65 36
65 37
65 44
65 46
65 49
65 52
65 56
65 57
65 59
65 61
65 65
65 69
65 71
65 80
65 86
66 1
66 3
66 8
66 12
66 13
66 18
66 26
66 30
66 37
66 40
66 44
66 46
66 48
66 49
66 50
66 59
66 61
66 69
66 71
66 76
66 80
66 82
66 86
67 1
67 3
67 71
67 9
67 11
67 48
67 17
67 83
67 52
67 73
67 28
67 61
67 30
68 32
68 1
68 36
68 5
68 49
68 8
68 44
68 71
68 12
68 46
68 48
68 17
68 52
68 80
68 57
68 59
68 61
68 30
68 69
72 32
72 80
72 2
72 3
72 36
72 37
72 8
72 44
72 12
72 86
72 46
72 48
72 49
72 52
72 78
72 76
72 56
72 59
72 28
72 69
74 32
74 1
74 3
74 37
74 80
74 40
74 44
74 11
74 12
74 13
74 78
74 48
74 83
74 26
74 28
74 30
74 69
75 1
75 3
75 36
75 69
75 71
75 8
75 11
75 44
75 46
75 49
75 83
75 86
75 56
75 26
79 1
79 2
79 3
79 5
79 8
79 11
79 12
79 13
79 17
79 20
79 24
79 26
79 30
79 32
79 40
79 46
79 48
79 49
79 52
79 56
79 59
79 61
79 69
79 71
79 73
79 76
79 80
79 86
82 0
82 1
82 2
82 3
82 5
82 8
82 13
82 17
82 20
82 28
82 36
82 44
82 46
82 48
82 49
82 52
82 57
82 59
82 61
82 71
82 76
82 78
82 80
82 83
82 87
83 0
83 2
83 3
83 8
83 12
83 13
83 17
83 18
83 26
83 28
83 44
83 49
83 50
83 52
83 59
83 64
83 69
83 71
83 76
83 77
83 78
83 82
83 86
83 87
85 0
85 1
85 2
85 5
85 12
85 13
85 17
85 28
85 30
85 36
85 40
85 44
85 48
85 49
85 52
85 57
85 59
85 61
85 71
85 83
85 84
85 86
85 87
