88
0 1
0 36
0 37
0 7
0 8
0 74
0 43
0 76
0 13
0 72
0 51
0 62
0 22
0 23
0 58
0 60
0 61
0 30
0 63
2 1
2 82
2 37
2 38
2 8
2 74
2 43
2 12
2 13
2 46
2 45
2 72
2 50
2 20
2 78
2 26
2 62
2 63
3 1
3 5
3 8
3 23
3 24
3 26
3 33
3 37
3 43
3 45
3 46
3 52
3 58
3 60
3 61
3 62
3 69
3 74
3 76
3 78
3 80
3 84
5 1
5 36
5 37
5 38
5 33
5 74
5 43
5 13
5 77
5 45
5 83
5 84
5 26
5 62
5 69
18 5
18 8
18 9
18 12
18 16
18 22
18 23
18 26
18 29
18 30
18 36
18 37
18 38
18 43
18 45
18 49
18 50
18 58
18 60
18 61
18 62
18 63
18 72
18 77
18 78
18 82
18 84
19 61
19 50
19 68
19 5
19 38
19 8
19 9
19 43
19 13
19 45
19 16
19 72
19 37
19 82
19 63
19 60
19 29
19 62
19 31
21 5
21 7
21 8
21 9
21 12
21 13
21 22
21 23
21 26
21 28
21 29
21 30
21 33
21 37
21 38
21 51
21 57
21 60
21 61
21 62
21 69
21 72
21 74
21 77
21 78
22 1
22 37
22 7
22 8
22 74
22 12
22 77
22 80
22 23
22 58
22 60
22 29
22 62
24 36
24 5
24 72
24 43
24 77
24 78
24 84
24 23
24 58
24 30
24 37
25 1
25 5
25 7
25 8
25 9
25 13
25 24
25 26
25 31
25 34
25 36
25 37
25 43
25 50
25 51
25 52
25 60
25 62
25 63
25 69
25 72
25 74
25 76
25 77
25 78
28 1
28 5
28 8
28 9
28 13
28 22
28 23
28 29
28 32
28 33
28 35
28 36
28 37
28 38
28 45
28 46
28 49
28 50
28 52
28 58
28 63
28 68
28 69
28 76
28 78
28 82
30 1
30 16
30 22
30 26
30 29
30 30
30 33
30 36
30 37
30 38
30 43
30 45
30 46
30 50
30 51
30 52
30 58
30 60
30 62
30 63
30 72
30 78
30 82
30 83
30 84
30 85
30 86
31 1
31 8
31 13
31 22
31 23
31 24
31 33
31 37
31 43
31 45
31 46
31 50
31 51
31 55
31 57
31 58
31 61
31 62
31 63
31 69
31 72
31 74
31 77
31 78
31 83
31 84
33 1
33 5
33 7
33 9
33 13
33 23
33 26
33 28
33 29
33 30
33 36
33 37
33 45
33 49
33 60
33 62
33 63
33 69
33 72
33 74
33 77
33 78
33 80
33 83
33 84
34 1
34 5
34 9
34 13
34 22
34 23
34 26
34 32
34 37
34 38
34 45
34 49
34 51
34 55
34 58
34 60
34 61
34 62
34 69
34 72
34 74
34 76
34 78
34 82
34 83
34 86
35 1
35 69
35 38
35 7
35 72
35 9
35 74
35 46
35 84
35 23
35 58
35 60
35 61
35 62
35 31
38 5
38 7
38 50
38 13
38 80
38 82
38 60
38 61
38 62
38 63
40 1
40 5
40 7
40 9
40 13
40 22
40 23
40 26
40 30
40 33
40 35
40 36
40 37
40 38
40 43
40 45
40 46
40 51
40 58
40 60
40 68
40 72
40 74
40 77
40 78
40 80
40 84
40 85
41 69
41 7
41 74
41 43
41 76
41 13
41 45
41 84
41 23
41 58
41 63
42 1
42 5
42 7
42 8
42 9
42 16
42 23
42 28
42 36
42 37
42 38
42 43
42 50
42 57
42 58
42 60
42 61
42 62
42 63
42 69
42 72
42 78
42 82
42 85
42 86
46 1
46 36
46 5
46 38
46 72
46 9
46 76
46 82
46 78
46 50
46 84
46 23
46 26
46 60
46 63
47 35
47 36
47 5
47 38
47 8
47 9
47 74
47 45
47 46
47 16
47 82
47 84
47 22
47 60
47 29
47 62
47 37
48 1
48 5
48 7
48 9
48 13
48 22
48 23
48 26
48 29
48 30
48 36
48 37
48 38
48 43
48 45
48 49
48 50
48 52
48 58
48 60
48 61
48 62
48 63
48 69
48 74
48 77
48 78
48 84
48 85
51 5
51 7
51 8
51 74
51 43
51 76
51 45
51 16
51 72
51 82
51 51
51 52
51 23
51 84
51 69
51 60
51 29
51 62
51 37
52 1
52 5
52 9
52 13
52 16
52 22
52 23
52 26
52 29
52 31
52 33
52 37
52 38
52 43
52 58
52 60
52 61
52 62
52 63
52 69
52 74
52 76
52 77
52 82
52 83
52 85
53 1
53 8
53 9
53 12
53 13
53 16
53 22
53 23
53 26
53 30
53 31
53 33
53 43
53 45
53 46
53 51
53 58
53 60
53 69
53 74
53 78
53 83
53 84
54 1
54 5
54 7
54 8
54 22
54 23
54 26
54 29
54 30
54 33
54 38
54 43
54 44
54 46
54 49
54 50
54 51
54 60
54 62
54 63
54 69
54 72
54 77
54 78
54 82
54 83
56 5
56 7
56 8
56 9
56 12
56 13
56 22
56 26
56 29
56 35
56 36
56 38
56 45
56 51
56 57
56 58
56 60
56 61
56 63
56 68
56 76
56 78
56 82
56 84
56 85
59 1
59 7
59 8
59 16
59 22
59 23
59 29
59 36
59 37
59 43
59 44
59 45
59 50
59 51
59 57
59 58
59 60
59 62
59 63
59 69
59 72
59 74
59 83
59 84
61 33
61 36
61 37
61 72
61 13
61 61
61 63
61 60
61 29
61 5
65 1
65 5
65 8
65 9
65 13
65 16
65 23
65 29
65 30
65 33
65 36
65 38
65 43
65 45
65 46
65 50
65 51
65 58
65 61
65 62
65 63
65 69
65 74
65 76
65 82
65 84
66 1
66 38
66 72
66 77
66 13
66 8
66 62
66 26
66 60
66 30
66 63
67 1
67 35
67 37
67 43
67 76
67 13
67 46
67 77
67 22
67 23
67 57
67 60
67 61
67 62
67 69
70 1
70 5
70 13
70 16
70 23
70 29
70 32
70 33
70 36
70 37
70 38
70 45
70 46
70 50
70 51
70 57
70 58
70 60
70 62
70 69
70 76
70 77
70 78
70 84
71 5
71 8
71 9
71 13
71 16
71 22
71 23
71 26
71 29
71 33
71 34
71 35
71 36
71 38
71 50
71 51
71 52
71 53
71 58
71 60
71 61
71 62
71 63
71 74
71 76
71 82
71 84
73 1
73 5
73 8
73 9
73 12
73 13
73 20
73 22
73 29
73 31
73 35
73 36
73 38
73 43
73 45
73 46
73 51
73 57
73 60
73 62
73 76
73 77
73 78
73 82
73 84
75 1
75 5
75 8
75 9
75 13
75 16
75 20
75 22
75 23
75 26
75 30
75 36
75 37
75 43
75 46
75 49
75 61
75 62
75 63
75 68
75 69
75 72
75 74
75 76
75 77
75 78
78 1
78 36
78 5
78 7
78 72
78 9
78 76
78 13
78 78
78 45
78 82
78 51
78 23
78 26
78 60
78 62
79 35
79 69
79 8
79 76
79 74
79 12
79 13
79 45
79 22
79 9
79 26
79 60
79 62
81 1
81 5
81 7
81 8
81 9
81 13
81 16
81 23
81 26
81 33
81 36
81 37
81 38
81 43
81 46
81 58
81 60
81 62
81 63
81 68
81 72
81 74
81 76
81 77
81 83
81 84
81 85
82 1
82 36
82 5
82 8
82 44
82 74
82 62
82 12
82 77
82 16
82 72
82 82
82 83
82 84
82 53
82 22
82 30
82 63
87 5
87 13
87 22
87 23
87 26
87 30
87 31
87 33
87 43
87 46
87 50
87 57
87 61
87 62
87 63
87 68
87 69
87 72
87 74
87 76
87 77
87 78
87 83
87 84
87 85
