88
0 33
0 68
0 40
0 47
0 11
0 76
0 13
0 14
0 77
0 27
0 61
2 0
2 1
2 4
2 7
2 8
2 10
2 14
2 15
2 19
2 26
2 27
2 29
2 36
2 38
2 42
2 44
2 45
2 47
2 51
2 53
2 54
2 60
2 65
2 68
2 77
3 67
3 36
3 70
3 39
3 41
3 74
3 75
3 16
3 51
3 86
3 55
3 57
3 87
3 60
3 61
4 0
4 3
4 7
4 11
4 13
4 15
4 20
4 29
4 33
4 36
4 38
4 41
4 42
4 45
4 51
4 55
4 60
4 65
4 68
4 70
4 78
4 85
6 11
6 13
6 14
6 15
6 16
6 18
6 20
6 27
6 39
6 40
6 41
6 42
6 44
6 48
6 51
6 55
6 57
6 58
6 59
6 61
6 67
6 70
6 75
6 78
6 82
6 85
6 86
13 79
13 51
13 4
13 65
13 40
13 77
13 43
13 78
13 13
13 14
13 15
13 18
13 19
13 53
13 86
13 58
13 27
13 85
18 1
18 2
18 43
18 65
18 76
18 10
18 11
18 12
18 82
18 16
18 75
18 19
18 52
18 67
18 42
19 67
19 4
19 7
19 8
19 74
19 15
19 48
19 40
19 18
19 51
19 21
19 86
19 36
19 26
19 58
22 65
22 2
22 36
22 37
22 41
22 43
22 44
22 77
22 15
22 76
22 18
22 19
22 52
22 53
22 54
22 55
22 86
22 27
22 60
23 3
23 7
23 8
23 10
23 11
23 14
23 16
23 17
23 19
23 34
23 39
23 40
23 41
23 42
23 45
23 51
23 55
23 59
23 61
23 74
23 75
23 79
23 87
24 0
24 1
24 3
24 4
24 8
24 13
24 17
24 20
24 36
24 38
24 39
24 44
24 45
24 46
24 51
24 52
24 53
24 54
24 55
24 61
24 65
24 67
24 77
24 84
24 85
24 86
24 87
25 4
25 8
25 12
25 14
25 17
25 18
25 27
25 32
25 37
25 38
25 41
25 42
25 46
25 47
25 51
25 53
25 55
25 60
25 67
25 68
25 70
25 77
25 79
25 83
25 86
27 0
27 1
27 2
27 32
27 39
27 74
27 43
27 44
27 15
27 48
27 51
27 52
27 68
27 47
27 60
28 0
28 1
28 2
28 10
28 11
28 12
28 13
28 16
28 17
28 28
28 33
28 40
28 42
28 44
28 45
28 48
28 53
28 58
28 67
28 70
28 75
28 76
28 78
28 79
28 82
28 85
29 0
29 1
29 2
29 32
29 51
29 65
29 7
29 77
29 14
29 82
29 83
29 87
29 36
33 0
33 1
33 37
33 70
33 41
33 77
33 14
33 16
33 20
33 21
33 87
33 29
40 0
40 65
40 11
40 36
40 8
40 41
40 75
40 21
40 87
40 57
41 1
41 3
41 7
41 8
41 11
41 21
41 27
41 28
41 33
41 39
41 40
41 41
41 42
41 43
41 45
41 51
41 57
41 58
41 59
41 60
41 70
41 74
41 76
41 79
41 87
44 0
44 1
44 2
44 7
44 12
44 13
44 14
44 16
44 19
44 26
44 33
44 34
44 40
44 42
44 45
44 51
44 60
44 61
44 65
44 70
44 75
44 76
44 78
44 87
45 32
45 7
45 74
45 12
45 51
45 85
45 26
45 60
45 31
50 32
50 33
50 67
50 4
50 37
50 68
50 7
50 74
50 44
50 13
50 14
50 45
50 17
50 82
50 78
50 87
50 36
50 85
51 0
51 1
51 4
51 7
51 8
51 11
51 12
51 15
51 16
51 17
51 20
51 21
51 32
51 40
51 45
51 47
51 48
51 51
51 53
51 59
51 61
51 67
51 74
51 76
51 77
51 79
51 85
52 65
52 83
52 67
52 4
52 38
52 39
52 40
52 41
52 10
52 13
52 14
52 15
52 77
52 20
52 46
52 68
52 59
52 60
52 29
54 0
54 1
54 7
54 8
54 10
54 11
54 14
54 20
54 37
54 38
54 43
54 44
54 47
54 48
54 57
54 59
54 67
54 68
54 70
54 74
54 76
54 78
54 82
54 86
54 87
55 65
55 2
55 36
55 7
55 41
55 44
55 18
55 78
55 47
55 82
55 85
55 55
56 0
56 4
56 7
56 8
56 11
56 21
56 26
56 29
56 33
56 37
56 41
56 45
56 47
56 48
56 53
56 55
56 58
56 60
56 65
56 67
56 70
56 75
56 79
56 82
56 87
60 0
60 33
60 70
60 65
60 7
60 76
60 10
60 43
60 44
60 45
60 78
60 47
60 79
60 20
60 21
60 54
60 52
60 74
60 27
60 60
60 61
61 34
61 59
61 4
61 86
61 41
61 74
61 11
61 76
61 13
61 47
61 16
61 18
61 67
61 54
61 57
61 58
61 27
61 30
62 33
62 3
62 51
62 10
62 47
62 17
62 19
62 21
62 54
62 55
62 57
62 26
62 79
62 60
62 61
63 1
63 36
63 38
63 33
63 8
63 7
63 12
63 51
63 53
63 54
63 55
63 58
63 59
63 61
63 65
64 2
64 8
64 14
64 19
64 20
64 31
64 33
64 34
64 36
64 39
64 40
64 45
64 48
64 51
64 52
64 57
64 58
64 75
64 76
64 77
64 78
64 82
65 2
65 4
65 10
65 13
65 14
65 16
65 18
65 19
65 21
65 26
65 27
65 32
65 33
65 39
65 41
65 53
65 55
65 57
65 68
65 70
65 78
65 82
66 7
66 13
66 16
66 17
66 19
66 20
66 30
66 36
66 39
66 41
66 44
66 45
66 55
66 57
66 58
66 59
66 68
66 76
66 78
66 79
66 83
66 85
67 4
67 70
67 11
67 12
67 45
67 79
67 17
67 51
67 53
67 87
67 58
67 60
68 1
68 2
68 9
68 11
68 12
68 14
68 17
68 19
68 20
68 27
68 31
68 43
68 44
68 46
68 47
68 48
68 58
68 59
68 65
68 68
68 70
68 74
68 77
68 84
68 86
69 11
69 12
69 13
69 16
69 17
69 29
69 30
69 40
69 44
69 45
69 47
69 48
69 54
69 55
69 57
69 59
69 60
69 65
69 67
69 75
69 76
69 77
69 78
69 82
69 87
70 0
70 1
70 36
70 33
70 32
70 40
70 7
70 76
70 16
70 82
70 20
70 86
70 52
70 60
70 37
71 7
71 10
71 11
71 13
71 17
71 19
71 20
71 26
71 38
71 40
71 41
71 42
71 51
71 53
71 54
71 55
71 58
71 59
71 60
71 65
71 67
71 68
71 70
71 74
71 82
71 85
71 86
72 1
72 2
72 7
72 10
72 14
72 20
72 32
72 37
72 39
72 41
72 42
72 43
72 47
72 48
72 52
72 53
72 54
72 57
72 58
72 60
72 61
72 74
72 79
72 82
73 32
73 75
73 68
73 42
73 11
73 47
73 85
73 4
73 29
74 0
74 4
74 7
74 9
74 10
74 11
74 14
74 15
74 16
74 17
74 18
74 19
74 29
74 30
74 32
74 37
74 41
74 44
74 45
74 48
74 58
74 59
74 65
74 70
74 76
74 77
74 78
74 79
75 43
75 68
75 8
75 74
75 11
75 12
75 40
75 85
75 55
75 57
79 1
79 3
79 8
79 10
79 13
79 14
79 15
79 17
79 19
79 20
79 21
79 26
79 28
79 32
79 36
79 41
79 44
79 48
79 55
79 65
79 70
79 74
79 76
79 82
80 38
80 74
80 12
80 13
80 16
80 21
80 60
80 29
83 65
83 37
83 41
83 13
83 47
83 48
83 84
83 53
83 86
83 60
85 0
85 65
85 67
85 79
85 74
85 61
85 18
85 51
85 20
85 54
85 55
85 52
85 59
85 29
85 31
87 67
87 76
87 77
87 14
87 48
87 19
87 52
87 85
87 55
87 59
87 29
