88
0 32
0 1
0 71
0 68
0 69
0 38
0 33
0 40
0 39
0 76
0 13
0 78
0 77
0 80
0 81
0 87
0 58
0 60
0 29
0 30
1 1
1 2
1 12
1 20
1 26
1 33
1 37
1 40
1 47
1 49
1 61
1 62
1 68
1 69
1 70
1 72
1 73
1 76
1 77
1 80
1 81
1 83
1 85
2 1
2 2
2 37
2 70
2 80
2 40
2 41
2 76
2 13
2 77
2 61
2 48
2 72
2 20
2 85
2 56
2 26
2 79
2 29
2 31
3 1
3 12
3 13
3 26
3 31
3 33
3 36
3 37
3 40
3 42
3 44
3 47
3 49
3 56
3 58
3 68
3 69
3 70
3 71
3 72
3 73
3 77
3 81
3 87
4 12
4 13
4 27
4 31
4 32
4 37
4 39
4 40
4 41
4 49
4 56
4 58
4 61
4 67
4 69
4 71
4 73
4 77
4 78
4 81
4 85
4 87
6 1
6 13
6 20
6 26
6 27
6 31
6 37
6 38
6 41
6 42
6 47
6 49
6 69
6 70
6 72
6 76
6 77
6 78
6 80
6 83
6 85
6 87
7 1
7 2
7 20
7 26
7 29
7 31
7 32
7 37
7 40
7 41
7 42
7 44
7 49
7 56
7 60
7 67
7 76
7 77
7 78
7 79
7 81
7 87
9 77
10 1
10 2
10 12
10 13
10 29
10 37
10 38
10 42
10 44
10 47
10 48
10 56
10 58
10 68
10 71
10 72
10 73
10 78
10 80
10 81
10 85
10 87
11 1
11 67
11 68
11 37
11 71
11 72
11 41
11 76
11 61
11 77
11 47
11 48
11 81
11 87
11 56
11 60
11 29
11 31
15 1
15 12
15 13
15 20
15 29
15 32
15 33
15 38
15 40
15 41
15 42
15 47
15 48
15 49
15 56
15 58
15 68
15 72
15 73
15 77
15 78
15 81
16 32
16 1
16 67
16 69
16 81
16 33
16 40
16 41
16 12
16 13
16 79
16 80
16 72
16 50
16 58
16 20
16 85
16 56
16 26
16 29
16 31
17 80
17 2
17 70
17 38
17 71
17 41
17 44
17 77
17 79
17 76
17 49
17 83
17 20
17 85
17 56
17 26
17 60
17 81
19 37
22 13
22 30
22 31
22 32
22 37
22 39
22 44
22 56
22 58
22 61
22 67
22 68
22 69
22 70
22 72
22 73
22 76
22 77
22 78
22 79
22 83
22 85
22 87
24 1
24 3
24 8
24 12
24 20
24 26
24 31
24 33
24 39
24 40
24 44
24 48
24 49
24 60
24 68
24 69
24 70
24 73
24 76
24 77
24 81
24 85
25 1
25 2
25 13
25 20
25 26
25 31
25 32
25 39
25 40
25 42
25 49
25 56
25 58
25 68
25 71
25 72
25 76
25 78
25 79
25 81
25 83
25 87
28 1
28 2
28 37
28 39
28 8
28 41
28 42
28 71
28 12
28 13
28 77
28 44
28 80
28 40
28 20
28 78
28 56
28 58
28 47
28 60
28 31
33 2
33 12
33 26
33 29
33 31
33 32
33 37
33 40
33 42
33 47
33 49
33 56
33 58
33 60
33 61
33 62
33 67
33 68
33 69
33 70
33 77
33 78
33 80
33 85
34 2
34 3
34 68
34 70
34 39
34 40
34 41
34 79
34 71
34 12
34 13
34 77
34 44
34 48
34 67
34 78
34 73
34 56
34 47
34 29
34 85
35 1
35 2
35 3
35 12
35 13
35 20
35 31
35 33
35 37
35 40
35 47
35 48
35 49
35 61
35 62
35 67
35 69
35 72
35 73
35 76
35 77
35 80
35 81
35 87
41 1
41 2
41 13
41 20
41 33
41 37
41 40
41 44
41 49
41 56
41 58
41 61
41 62
41 68
41 70
41 72
41 73
41 76
41 79
41 81
41 83
41 85
41 87
43 1
43 3
43 68
43 37
43 70
43 71
43 72
43 73
43 42
43 87
43 44
43 13
43 80
43 77
43 76
43 49
43 85
43 69
43 58
43 62
43 31
46 1
46 12
46 13
46 20
46 26
46 29
46 37
46 38
46 40
46 41
46 47
46 60
46 61
46 67
46 69
46 70
46 73
46 76
46 80
46 81
46 85
46 87
51 69
51 70
51 81
51 41
51 44
51 13
51 78
51 77
51 48
51 49
51 83
51 20
51 76
51 26
51 60
51 58
51 31
52 1
52 20
52 29
52 32
52 37
52 41
52 42
52 56
52 58
52 60
52 62
52 69
52 70
52 71
52 72
52 73
52 76
52 77
52 81
52 83
52 85
52 87
53 32
53 1
53 36
53 70
53 81
53 72
53 41
53 42
53 87
53 44
53 13
53 77
53 47
53 48
53 76
53 83
53 20
53 73
53 58
53 62
53 31
54 1
54 2
54 37
54 33
54 40
54 41
54 42
54 39
54 12
54 13
54 78
54 76
54 81
54 83
54 20
54 85
54 73
54 56
54 58
54 60
54 29
57 32
57 2
57 68
57 37
57 70
57 39
57 40
57 44
57 71
57 12
57 13
57 77
57 61
57 48
57 72
57 83
57 76
57 87
57 81
57 29
57 69
59 32
59 1
59 67
59 37
59 81
59 33
59 40
59 80
59 42
59 71
59 76
59 13
59 78
59 47
59 48
59 72
59 20
59 87
59 26
59 62
59 31
60 1
60 2
60 12
60 13
60 20
60 26
60 31
60 37
60 42
60 44
60 47
60 49
60 56
60 60
60 61
60 67
60 71
60 73
60 76
60 81
60 83
60 85
60 87
61 1
61 3
61 71
61 40
61 44
61 42
61 12
61 13
61 80
61 48
61 49
61 20
61 85
61 76
61 73
61 72
61 58
61 60
61 29
61 31
63 13
63 29
63 31
63 32
63 33
63 37
63 41
63 42
63 44
63 47
63 56
63 67
63 68
63 71
63 72
63 76
63 77
63 79
63 80
63 83
63 85
63 87
64 1
64 2
64 67
64 68
64 85
64 81
64 33
64 72
64 41
64 71
64 12
64 77
64 78
64 47
64 48
64 76
64 20
64 80
64 73
64 62
64 31
65 32
65 68
65 37
65 38
65 81
65 40
65 41
65 42
65 44
65 13
65 78
65 77
65 76
65 72
65 85
65 73
65 58
65 69
66 32
66 1
66 2
66 68
66 70
66 40
66 42
66 76
66 77
66 78
66 47
66 48
66 72
66 50
66 20
66 85
66 56
66 26
66 79
66 60
66 29
67 2
67 20
67 26
67 29
67 32
67 37
67 38
67 41
67 42
67 44
67 47
67 56
67 67
67 68
67 71
67 76
67 77
67 80
67 81
67 83
67 85
67 87
72 2
72 20
72 29
72 31
72 33
72 37
72 38
72 40
72 44
72 47
72 49
72 61
72 62
72 67
72 68
72 72
72 76
72 77
72 78
72 80
72 81
72 87
74 71
74 72
74 41
74 13
74 48
74 81
74 40
74 26
74 60
74 29
74 31
75 1
75 68
75 37
75 38
75 41
75 42
75 87
75 12
75 13
75 77
75 44
75 81
75 83
75 85
75 73
75 69
75 5
78 1
78 2
78 13
78 20
78 26
78 31
78 33
78 41
78 48
78 56
78 58
78 60
78 67
78 70
78 71
78 72
78 73
78 76
78 77
78 80
78 81
78 83
79 1
79 2
79 3
79 81
79 80
79 40
79 73
79 42
79 83
79 76
79 13
79 77
79 47
79 48
79 72
79 67
79 78
79 26
79 61
82 1
82 2
82 67
82 37
82 81
82 71
82 72
82 41
82 42
82 12
82 13
82 77
82 44
82 48
82 49
82 20
82 73
82 56
82 31
86 1
86 2
86 67
86 68
86 69
86 70
86 33
86 40
86 76
86 39
86 44
86 13
86 80
86 48
86 72
86 83
86 20
86 71
86 81
86 61
86 31
