88
0 10
0 14
0 17
0 18
0 24
0 28
0 30
0 31
0 32
0 33
0 35
0 36
0 37
0 39
0 40
0 43
0 46
0 47
0 53
0 54
0 55
0 62
0 67
0 73
0 78
0 79
0 83
0 86
1 32
1 83
1 37
1 6
1 39
1 40
1 42
1 43
1 14
1 15
1 49
1 57
1 53
1 86
1 55
1 25
1 28
1 62
1 85
2 87
4 32
4 5
4 43
4 15
4 18
4 21
4 87
4 24
4 47
8 7
8 10
8 15
8 17
8 21
8 28
8 31
8 33
8 34
8 35
8 36
8 37
8 39
8 40
8 46
8 47
8 49
8 53
8 54
8 57
8 66
8 70
8 72
8 73
8 78
8 83
8 86
8 87
9 5
9 10
9 14
9 15
9 21
9 28
9 31
9 32
9 35
9 37
9 39
9 40
9 41
9 42
9 43
9 49
9 53
9 54
9 57
9 67
9 73
9 78
9 79
9 83
10 5
10 6
10 15
10 17
10 83
10 86
10 54
11 5
11 6
11 10
11 14
11 15
11 17
11 21
11 23
11 24
11 28
11 33
11 34
11 35
11 37
11 39
11 42
11 46
11 47
11 53
11 55
11 57
11 67
11 76
11 79
11 83
11 86
11 87
12 32
12 37
12 39
12 72
12 41
12 10
12 77
12 14
12 49
12 83
12 62
12 73
12 23
12 28
12 30
12 85
13 35
13 70
13 71
13 40
13 83
13 21
13 86
13 25
13 28
13 53
16 32
16 33
16 66
16 67
16 36
16 37
16 6
16 39
16 10
16 43
16 70
16 46
16 15
16 17
16 18
16 54
16 24
16 86
16 47
16 28
23 15
23 17
23 21
23 25
23 28
23 33
23 34
23 35
23 36
23 37
23 40
23 41
23 42
23 47
23 49
23 67
23 70
23 71
23 72
23 76
23 79
23 83
23 85
23 86
24 5
24 6
24 7
24 15
24 17
24 21
24 28
24 34
24 35
24 37
24 39
24 41
24 43
24 46
24 47
24 49
24 53
24 55
24 62
24 67
24 79
24 83
24 87
25 33
25 35
25 36
25 5
25 6
25 39
25 73
25 87
25 77
25 14
25 15
25 17
25 83
25 21
25 86
25 55
25 28
25 30
26 5
26 6
26 10
26 15
26 17
26 18
26 24
26 31
26 32
26 35
26 39
26 40
26 42
26 53
26 54
26 55
26 62
26 67
26 77
26 78
26 83
26 85
26 86
26 87
27 14
27 15
27 17
27 18
27 21
27 25
27 28
27 30
27 31
27 32
27 33
27 35
27 36
27 37
27 41
27 49
27 53
27 54
27 62
27 69
27 70
27 72
27 78
27 87
32 5
32 10
32 14
32 17
32 18
32 20
32 23
32 31
32 34
32 37
32 39
32 40
32 42
32 53
32 54
32 70
32 71
32 73
32 78
32 79
32 83
32 86
32 87
36 33
36 70
36 41
36 42
36 43
36 15
36 54
37 32
37 37
37 40
37 10
37 43
37 78
37 79
37 54
37 69
38 32
38 33
38 86
38 67
38 36
38 37
38 6
38 39
38 40
38 41
38 10
38 43
38 70
38 14
38 73
38 49
38 54
38 55
38 57
38 28
38 31
39 32
39 5
39 72
39 10
39 14
39 40
39 18
39 46
39 87
39 62
42 32
42 33
42 66
42 35
42 5
42 64
42 42
42 43
42 14
42 49
42 18
42 67
42 21
42 86
42 55
42 24
42 25
42 87
42 28
42 37
42 31
45 5
45 6
45 7
45 10
45 14
45 15
45 18
45 20
45 30
45 32
45 33
45 36
45 37
45 41
45 43
45 46
45 49
45 55
45 66
45 67
45 72
45 77
45 85
45 86
50 43
50 86
51 66
51 67
51 70
51 39
51 40
51 41
51 42
51 87
51 14
51 49
51 18
51 83
51 21
51 86
51 55
51 24
51 28
51 31
52 35
52 70
52 6
52 42
52 43
52 79
52 86
52 87
52 30
55 3
55 7
55 10
55 15
55 17
55 20
55 21
55 24
55 30
55 36
55 41
55 42
55 46
55 52
55 54
55 57
55 66
55 67
55 73
55 79
55 85
55 87
56 6
56 7
56 10
56 14
56 15
56 21
56 23
56 31
56 32
56 35
56 37
56 39
56 40
56 41
56 42
56 43
56 44
56 46
56 47
56 49
56 54
56 55
56 62
56 66
56 67
56 83
56 86
57 66
57 35
57 5
57 6
57 39
57 42
57 15
57 17
57 82
57 83
57 53
57 87
57 47
57 31
58 5
58 14
58 17
58 21
58 24
58 25
58 28
58 30
58 31
58 32
58 36
58 39
58 41
58 42
58 43
58 47
58 55
58 62
58 66
58 73
58 79
58 83
58 85
58 86
58 87
59 5
59 6
59 7
59 10
59 14
59 15
59 17
59 32
59 33
59 34
59 35
59 39
59 41
59 42
59 44
59 46
59 47
59 49
59 52
59 54
59 55
59 57
59 67
59 77
59 78
59 79
59 85
59 86
59 87
60 64
60 34
60 35
60 37
60 70
60 42
60 87
60 66
60 77
60 15
60 17
60 67
60 21
60 57
60 24
60 25
60 85
60 53
61 33
61 34
61 6
61 39
61 72
61 41
61 10
61 87
61 78
61 15
61 21
61 86
61 57
61 25
61 42
61 30
61 53
62 67
62 5
62 6
62 40
62 10
62 14
62 79
62 49
62 83
62 86
63 33
63 66
63 67
63 37
63 39
63 10
63 43
63 15
63 81
63 21
63 54
63 87
63 24
63 25
63 86
63 42
63 85
63 53
64 5
64 10
64 14
64 15
64 17
64 18
64 24
64 28
64 30
64 32
64 33
64 34
64 35
64 36
64 37
64 40
64 41
64 42
64 43
64 49
64 57
64 68
64 70
64 73
64 78
64 82
64 83
64 86
64 87
65 33
65 34
65 36
65 37
65 6
65 39
65 73
65 42
65 78
65 79
65 17
65 54
65 87
65 49
65 28
65 31
66 34
66 36
66 5
66 6
66 39
66 40
66 42
66 43
66 66
66 14
66 47
66 17
66 83
66 46
66 54
66 55
66 86
66 25
66 49
66 28
66 62
67 5
67 10
67 15
67 18
67 21
67 30
67 31
67 33
67 35
67 41
67 42
67 46
67 47
67 52
67 67
67 69
67 73
67 78
67 82
67 83
67 85
67 86
67 87
70 34
70 36
70 41
70 76
70 14
70 15
70 21
70 86
70 87
70 28
70 31
71 32
71 66
71 35
71 68
71 70
71 7
71 72
71 41
71 10
71 39
71 83
71 21
71 87
71 57
71 28
71 30
72 6
72 10
72 15
72 17
72 18
72 21
72 24
72 25
72 31
72 32
72 33
72 35
72 37
72 39
72 41
72 42
72 43
72 47
72 54
72 57
72 66
72 78
72 85
72 87
74 5
74 6
74 7
74 10
74 14
74 15
74 17
74 21
74 28
74 31
74 33
74 34
74 37
74 39
74 41
74 43
74 49
74 53
74 54
74 57
74 62
74 66
74 72
74 83
74 85
75 66
75 35
75 36
75 6
75 39
75 40
75 10
75 43
75 78
75 77
75 14
75 15
75 17
75 82
75 67
75 21
75 87
75 42
75 62
75 31
78 33
78 34
78 67
78 41
78 10
78 14
78 15
78 49
78 53
78 46
78 86
78 25
78 79
78 42
78 30
78 31
80 32
80 66
80 67
80 5
80 6
80 39
80 42
80 17
80 18
80 83
80 21
80 24
80 25
80 62
81 5
81 10
81 17
81 21
81 25
81 28
81 30
81 31
81 32
81 33
81 35
81 40
81 42
81 43
81 49
81 53
81 54
81 55
81 57
81 67
81 70
81 72
81 73
84 33
84 66
84 39
84 72
84 41
84 43
84 78
84 18
84 85
84 73
84 24
84 57
84 87
84 28
84 62
84 31
