88
0 0
0 1
0 6
0 8
0 20
0 27
0 31
0 34
0 35
0 36
0 42
0 43
0 46
0 47
0 48
0 49
0 53
0 54
0 55
0 77
0 78
0 79
0 86
0 87
2 0
2 6
2 18
2 27
2 32
2 34
2 36
2 39
2 40
2 42
2 43
2 46
2 47
2 49
2 53
2 55
2 56
2 62
2 68
2 77
2 78
2 79
2 84
2 85
2 86
2 87
4 0
4 1
4 34
4 35
4 39
4 41
4 42
4 43
4 47
4 48
4 53
4 86
4 56
4 27
4 60
4 62
5 11
7 0
7 6
7 18
7 20
7 27
7 34
7 36
7 40
7 41
7 42
7 47
7 48
7 49
7 53
7 55
7 56
7 68
7 69
7 77
7 78
7 79
7 83
7 86
9 0
9 34
9 43
9 68
9 6
9 39
9 41
9 42
9 11
9 78
9 46
9 47
9 48
9 79
9 53
9 86
9 56
9 27
9 62
9 31
10 0
10 1
10 11
10 19
10 27
10 34
10 36
10 39
10 40
10 41
10 42
10 43
10 46
10 47
10 48
10 49
10 53
10 54
10 56
10 62
10 68
10 77
10 78
10 79
10 84
10 87
12 0
12 1
12 6
12 11
12 18
12 19
12 20
12 31
12 32
12 36
12 39
12 40
12 41
12 46
12 48
12 49
12 53
12 55
12 56
12 60
12 68
12 79
12 86
12 87
13 34
13 3
13 36
13 86
13 6
13 39
13 41
13 42
13 11
13 78
13 46
13 43
13 35
13 20
13 53
13 54
13 56
13 68
13 27
13 62
16 1
16 83
16 35
16 68
16 39
16 40
16 41
16 79
16 11
16 46
16 47
16 48
16 43
16 18
16 19
16 52
16 78
16 86
16 56
16 27
17 1
17 6
17 8
17 18
17 19
17 20
17 21
17 27
17 31
17 36
17 39
17 41
17 42
17 43
17 47
17 48
17 53
17 55
17 56
17 62
17 68
17 76
17 78
17 79
17 84
17 86
17 87
23 0
23 1
23 6
23 8
23 11
23 20
23 27
23 32
23 34
23 36
23 39
23 40
23 41
23 42
23 46
23 47
23 48
23 54
23 55
23 77
23 78
23 79
23 84
23 86
23 87
24 0
24 1
24 6
24 11
24 20
24 27
24 34
24 36
24 39
24 41
24 42
24 43
24 46
24 47
24 52
24 53
24 55
24 62
24 77
24 78
24 79
24 83
24 84
24 86
25 41
25 42
25 43
25 83
25 52
25 55
25 62
30 43
30 20
30 47
33 0
33 6
33 11
33 18
33 19
33 27
33 32
33 34
33 36
33 41
33 43
33 46
33 47
33 48
33 52
33 53
33 54
33 55
33 56
33 60
33 62
33 69
33 77
33 78
33 79
33 83
33 86
34 0
34 6
34 8
34 11
34 19
34 27
34 32
34 34
34 39
34 40
34 41
34 42
34 46
34 47
34 48
34 52
34 55
34 56
34 60
34 62
34 68
34 77
34 83
34 86
37 0
37 1
37 6
37 11
37 18
37 19
37 20
37 27
37 34
37 36
37 39
37 41
37 42
37 43
37 46
37 47
37 53
37 55
37 56
37 77
37 78
37 79
37 83
38 0
38 1
38 6
38 20
38 27
38 31
38 34
38 35
38 36
38 39
38 41
38 42
38 46
38 47
38 48
38 52
38 53
38 55
38 56
38 68
38 77
38 78
38 79
38 86
40 0
40 6
40 11
40 19
40 20
40 27
40 32
40 36
40 39
40 41
40 43
40 46
40 47
40 48
40 53
40 54
40 55
40 56
40 60
40 62
40 77
40 78
40 79
40 83
40 86
40 87
42 0
42 1
42 35
42 36
42 6
42 40
42 41
42 42
42 11
42 46
42 47
42 48
42 78
42 86
42 55
42 56
42 68
42 79
42 31
44 0
44 1
44 34
44 3
44 36
44 39
44 41
44 42
44 43
44 77
44 46
44 47
44 18
44 78
44 86
44 55
44 68
44 87
44 27
44 60
45 1
45 6
45 11
45 19
45 20
45 27
45 34
45 36
45 40
45 42
45 43
45 46
45 47
45 48
45 49
45 52
45 53
45 55
45 56
45 60
45 77
45 78
45 83
45 86
45 87
50 1
50 6
50 11
50 18
50 20
50 21
50 27
50 36
50 40
50 41
50 42
50 43
50 46
50 47
50 48
50 49
50 53
50 55
50 56
50 60
50 68
50 76
50 77
50 78
50 83
50 86
51 0
51 34
51 36
51 39
51 41
51 79
51 11
51 78
51 77
51 46
51 47
51 48
51 19
51 53
51 54
51 55
51 56
51 87
51 27
51 62
53 0
53 1
53 18
53 19
53 27
53 34
53 36
53 39
53 41
53 42
53 43
53 47
53 48
53 49
53 52
53 53
53 54
53 55
53 56
53 60
53 62
53 77
53 78
53 86
58 0
58 6
58 11
58 18
58 19
58 20
58 27
58 34
58 36
58 41
58 43
58 46
58 47
58 48
58 52
58 53
58 55
58 60
58 68
58 77
58 78
58 79
58 83
58 86
59 0
59 1
59 6
59 8
59 11
59 14
59 20
59 27
59 34
59 36
59 39
59 41
59 43
59 47
59 48
59 49
59 52
59 55
59 56
59 62
59 68
59 76
59 77
59 78
59 79
59 83
59 86
61 0
61 1
61 3
61 6
61 8
61 18
61 20
61 21
61 27
61 34
61 36
61 39
61 42
61 46
61 47
61 48
61 53
61 56
61 62
61 68
61 78
61 79
61 83
61 86
63 0
63 1
63 3
63 6
63 11
63 20
63 27
63 28
63 34
63 39
63 41
63 43
63 46
63 47
63 48
63 49
63 56
63 60
63 62
63 68
63 78
63 86
63 87
65 0
65 34
65 77
65 48
65 20
65 53
65 56
65 62
70 0
70 1
70 6
70 8
70 11
70 19
70 20
70 27
70 28
70 32
70 34
70 35
70 36
70 39
70 41
70 43
70 46
70 49
70 52
70 53
70 54
70 56
70 62
70 76
70 78
70 79
70 83
70 87
71 0
71 1
71 43
71 36
71 41
71 42
71 11
71 77
71 46
71 79
71 48
71 18
71 19
71 52
71 53
71 86
71 56
71 68
71 62
71 31
72 0
72 1
72 8
72 11
72 18
72 19
72 21
72 27
72 31
72 36
72 39
72 42
72 46
72 47
72 48
72 52
72 55
72 56
72 62
72 68
72 69
72 77
72 78
72 79
72 83
72 84
72 86
73 0
73 1
73 11
73 19
73 20
73 27
73 28
73 31
73 34
73 35
73 36
73 39
73 41
73 42
73 43
73 46
73 47
73 48
73 49
73 55
73 56
73 60
73 62
73 68
73 77
73 78
73 79
73 86
74 0
74 1
74 6
74 20
74 27
74 31
74 34
74 36
74 39
74 41
74 42
74 48
74 52
74 53
74 54
74 55
74 56
74 62
74 77
74 78
74 79
74 83
74 86
75 0
75 1
75 6
75 8
75 11
75 19
75 20
75 21
75 32
75 35
75 36
75 40
75 41
75 42
75 43
75 47
75 48
75 52
75 53
75 54
75 55
75 56
75 62
75 68
75 77
75 79
75 83
75 84
75 86
75 87
80 0
80 1
80 34
80 3
80 36
80 69
80 41
80 42
80 11
80 78
80 46
80 47
80 52
80 53
80 55
80 56
80 27
80 31
81 1
81 3
81 8
81 11
81 20
81 27
81 28
81 32
81 34
81 39
81 40
81 41
81 42
81 43
81 46
81 47
81 48
81 53
81 55
81 56
81 60
81 62
81 68
81 77
81 78
81 79
81 86
81 87
82 0
82 1
82 6
82 11
82 19
82 21
82 27
82 29
82 31
82 32
82 34
82 35
82 40
82 41
82 42
82 43
82 46
82 47
82 53
82 56
82 62
82 68
82 77
82 78
82 79
82 83
82 86
82 87
