88
3 1
3 2
3 5
3 14
3 18
3 23
3 32
3 41
3 45
3 55
3 56
3 58
3 59
3 65
3 66
3 68
3 70
3 72
3 76
3 77
3 80
3 81
3 82
5 15
6 66
6 3
6 82
6 73
6 79
6 11
6 76
6 13
6 77
6 81
6 75
6 53
6 55
6 59
6 60
6 63
8 0
8 4
8 72
8 73
8 74
8 11
8 82
8 81
8 18
8 86
8 68
8 26
8 28
9 2
9 49
9 73
9 11
9 12
9 79
9 17
9 51
9 23
9 56
9 61
10 0
10 1
10 2
10 4
10 5
10 15
10 20
10 26
10 36
10 41
10 46
10 55
10 56
10 58
10 59
10 61
10 62
10 65
10 68
10 70
10 71
10 75
10 77
10 79
10 82
13 1
13 2
13 4
13 5
13 8
13 11
13 13
13 14
13 15
13 18
13 20
13 23
13 25
13 26
13 32
13 59
13 60
13 62
13 64
13 66
13 68
13 73
13 75
13 77
13 79
13 80
13 86
16 41
16 2
16 5
16 61
19 33
19 2
19 72
19 10
19 11
19 82
19 79
19 80
19 18
19 55
19 56
19 61
19 74
20 72
20 81
20 78
20 70
20 61
21 4
21 10
21 13
21 15
21 17
21 20
21 25
21 26
21 32
21 36
21 46
21 50
21 52
21 53
21 55
21 58
21 61
21 66
21 68
21 70
21 72
21 75
21 77
21 78
21 79
21 80
21 81
25 2
25 75
25 4
25 70
25 72
25 11
25 17
25 18
25 53
25 56
25 26
25 61
26 64
26 32
26 66
26 73
26 74
26 75
26 12
26 13
26 46
26 77
26 82
26 23
26 56
26 15
27 64
27 65
27 66
27 1
27 72
27 73
27 75
27 12
27 13
27 53
27 86
27 41
27 25
27 61
28 66
28 68
28 8
28 41
28 11
28 80
28 17
28 18
28 20
28 86
28 56
28 24
30 81
30 26
30 11
30 12
30 28
32 0
32 1
32 4
32 5
32 12
32 14
32 15
32 17
32 25
32 26
32 32
32 46
32 47
32 49
32 51
32 53
32 55
32 56
32 61
32 66
32 68
32 72
32 73
32 78
32 79
32 80
32 81
32 82
33 32
33 65
33 66
33 4
33 5
33 70
33 41
33 74
33 11
33 76
33 14
33 82
33 51
33 23
33 55
33 62
34 73
34 11
34 12
34 13
34 79
34 80
34 18
34 41
34 56
34 55
35 2
35 4
35 73
35 66
35 45
35 14
35 77
35 81
35 82
35 20
35 53
35 36
35 58
35 79
35 60
35 74
36 2
36 5
36 11
36 12
36 23
36 24
36 26
36 33
36 50
36 53
36 55
36 61
36 62
36 66
36 68
36 72
36 73
36 75
36 77
36 78
36 79
36 81
36 82
36 85
37 1
37 66
37 82
37 5
37 72
37 41
37 10
37 55
37 76
37 13
37 80
37 17
37 18
37 51
37 52
37 85
37 73
37 23
37 56
37 26
37 86
38 0
38 2
38 5
38 77
38 11
38 12
38 66
38 14
38 15
38 81
38 82
38 20
38 79
39 23
39 59
39 51
39 77
39 13
40 65
40 72
40 11
40 79
40 80
40 55
40 60
41 0
41 1
41 2
41 11
41 33
41 32
41 73
41 75
41 13
41 78
41 15
41 56
41 58
41 61
42 1
42 2
42 36
42 70
42 72
42 77
42 13
42 81
42 82
42 55
42 56
42 62
43 4
43 11
43 12
43 15
43 23
43 32
43 33
43 41
43 46
43 47
43 52
43 53
43 56
43 58
43 61
43 64
43 66
43 70
43 73
43 74
43 75
43 82
43 85
43 86
44 86
44 26
44 76
44 14
44 70
45 4
45 73
45 74
45 13
45 46
45 15
45 58
45 86
45 55
45 26
45 60
45 10
46 4
46 8
46 12
46 13
46 18
46 20
46 22
46 28
46 36
46 41
46 45
46 52
46 53
46 56
46 58
46 59
46 61
46 62
46 68
46 70
46 77
46 79
46 80
46 81
47 32
47 68
47 2
47 4
47 70
47 8
47 41
47 11
47 13
47 14
47 77
47 80
47 46
47 73
47 56
47 36
47 62
48 50
48 70
48 72
48 74
48 11
48 12
48 77
48 14
48 61
48 18
48 84
48 20
48 26
48 58
49 1
49 2
49 4
49 5
49 11
49 12
49 14
49 20
49 25
49 32
49 36
49 50
49 51
49 52
49 53
49 55
49 58
49 59
49 61
49 62
49 68
49 70
49 72
49 74
49 75
49 76
49 79
49 82
52 1
52 2
52 4
52 10
52 12
52 13
52 17
52 23
52 25
52 26
52 28
52 33
52 36
52 46
52 55
52 60
52 61
52 65
52 68
52 70
52 75
52 76
52 77
52 80
52 81
53 0
53 32
53 68
53 5
53 41
53 74
53 14
53 61
53 80
53 49
53 18
53 20
53 73
53 26
53 60
53 58
53 62
54 11
54 71
54 41
54 75
54 82
54 52
54 26
55 0
55 1
55 2
55 68
55 75
55 76
55 80
55 81
55 53
55 55
55 56
55 4
55 58
56 1
56 66
56 4
56 60
56 45
56 15
56 17
56 82
56 53
56 86
56 23
56 56
56 79
56 28
57 32
57 36
57 70
57 71
57 75
57 14
57 82
57 55
57 25
57 58
57 59
57 28
57 62
58 4
58 12
58 13
58 15
58 23
58 25
58 33
58 36
58 46
58 47
58 55
58 56
58 58
58 59
58 60
58 61
58 64
58 66
58 70
58 72
58 73
58 74
58 75
58 77
58 78
58 79
58 80
58 81
58 87
59 1
59 3
59 11
59 13
59 17
59 23
59 26
59 33
59 41
59 46
59 49
59 50
59 53
59 58
59 59
59 65
59 70
59 73
59 75
59 76
59 78
59 79
59 82
59 86
62 33
62 2
62 70
62 73
62 77
62 14
62 13
62 52
62 85
62 41
62 26
62 58
64 0
64 2
64 11
64 14
64 15
64 17
64 20
64 32
64 45
64 46
64 49
64 50
64 59
64 61
64 65
64 68
64 72
64 74
64 75
64 76
64 77
64 81
64 87
65 32
65 5
65 70
65 72
65 41
65 10
65 55
65 12
65 82
65 14
65 50
65 51
65 20
65 53
65 73
65 23
65 24
65 25
65 26
65 28
65 74
67 1
67 2
67 4
67 8
67 13
67 14
67 15
67 20
67 23
67 25
67 26
67 32
67 36
67 41
67 52
67 53
67 56
67 58
67 60
67 64
67 65
67 66
67 70
67 72
67 74
67 77
67 78
67 79
67 81
68 1
68 4
68 5
68 70
68 79
68 53
68 26
68 28
69 68
69 8
69 73
69 75
69 12
69 13
69 17
69 18
69 23
69 61
70 2
70 36
70 79
70 11
70 12
70 13
70 14
70 77
70 50
70 82
70 66
70 86
70 55
70 25
70 59
70 63
72 32
72 84
72 4
72 5
72 72
72 41
72 10
72 75
72 12
72 13
72 14
72 45
72 81
72 18
72 20
72 53
72 56
72 36
72 79
72 63
73 1
73 4
73 13
73 15
73 20
73 23
73 25
73 36
73 41
73 46
73 49
73 51
73 52
73 53
73 55
73 56
73 59
73 63
73 65
73 66
73 68
73 70
73 72
73 73
73 76
73 77
73 78
75 1
75 2
75 4
75 5
75 11
75 12
75 14
75 18
75 23
75 26
75 33
75 36
75 41
75 46
75 51
75 55
75 61
75 64
75 68
75 72
75 73
75 74
75 75
75 77
75 79
75 80
75 81
80 66
80 79
80 82
80 20
80 25
80 61
81 0
81 41
81 82
81 18
81 55
81 25
81 61
82 0
82 1
82 23
82 56
82 15
83 64
83 65
83 2
83 68
83 5
83 81
83 72
83 75
83 66
83 49
83 82
83 53
83 87
83 58
83 62
