88
0 1
0 2
0 3
0 6
0 9
0 22
0 23
0 31
0 33
0 35
0 36
0 37
0 38
0 48
0 54
0 55
0 63
0 64
0 66
0 75
0 79
0 84
1 32
1 1
1 66
1 35
1 36
1 5
1 9
1 79
1 55
1 73
1 63
1 15
1 75
1 51
1 84
1 22
1 23
1 67
1 54
1 37
1 31
2 32
2 1
2 3
2 63
2 37
2 6
2 33
2 64
2 9
2 75
2 82
2 14
2 79
2 80
2 50
2 51
2 55
2 38
2 31
3 3
3 6
3 9
3 22
3 29
3 31
3 32
3 33
3 35
3 37
3 38
3 48
3 51
3 54
3 63
3 66
3 67
3 72
3 73
3 74
3 75
3 79
3 80
3 85
4 2
4 5
4 38
4 54
4 23
4 6
5 32
5 1
5 35
5 36
5 5
5 6
5 72
5 63
5 74
5 15
5 48
5 67
5 54
5 23
5 38
5 37
5 31
7 32
7 73
7 31
7 37
7 63
8 3
8 37
8 6
8 73
8 74
8 14
8 15
8 50
8 35
8 54
8 23
8 63
11 1
11 2
11 67
11 5
11 38
11 75
11 50
11 84
11 54
11 63
11 37
12 1
12 2
12 3
12 36
12 5
12 38
12 72
12 9
12 75
12 66
12 15
12 80
12 50
12 35
12 82
12 22
12 55
12 79
12 51
12 37
12 31
13 1
13 3
13 5
13 9
13 23
13 29
13 31
13 32
13 36
13 37
13 48
13 50
13 51
13 55
13 63
13 67
13 72
13 73
13 74
13 75
13 79
13 80
13 84
18 66
18 67
18 37
18 80
18 51
18 84
18 54
18 63
19 1
19 2
19 5
19 14
19 22
19 23
19 31
19 32
19 36
19 37
19 38
19 51
19 54
19 63
19 64
19 66
19 72
19 74
19 75
19 79
19 82
19 84
20 32
20 1
20 2
20 37
20 72
20 74
20 50
20 82
20 51
20 54
21 33
21 66
21 5
21 38
21 80
21 73
21 79
21 14
21 15
21 48
21 82
21 51
21 84
21 54
21 23
21 25
21 63
21 31
24 2
24 35
24 38
24 72
24 14
24 3
26 2
26 5
26 6
26 9
26 14
26 15
26 22
26 23
26 33
26 35
26 36
26 37
26 38
26 48
26 55
26 66
26 72
26 73
26 74
26 75
26 79
26 80
26 82
26 84
28 3
28 1
28 82
28 67
29 33
29 66
29 36
29 37
29 72
29 9
29 79
29 80
29 82
29 51
29 63
29 31
30 64
30 51
30 67
30 36
30 38
30 6
30 9
30 55
30 73
30 50
30 35
30 22
30 23
34 1
34 3
34 5
34 6
34 75
34 14
34 22
34 23
39 66
39 35
39 5
39 9
39 63
39 79
39 50
39 51
39 22
39 73
39 54
39 31
40 32
40 51
40 67
40 3
40 38
40 64
40 9
40 75
40 73
40 80
40 15
40 48
40 72
40 82
40 35
40 84
40 54
40 23
40 63
41 1
41 66
41 3
41 5
41 6
41 33
41 72
41 2
41 14
41 80
41 51
41 23
41 38
41 31
42 32
42 51
42 66
42 3
42 36
42 5
42 6
42 72
42 73
42 74
42 67
42 14
42 79
42 80
42 75
42 35
42 84
42 54
42 23
42 63
42 31
44 32
44 64
44 2
44 67
44 36
44 5
44 38
44 9
44 55
44 66
44 14
44 79
44 82
44 51
44 84
44 23
44 25
44 37
45 2
45 5
45 14
45 22
45 23
45 31
45 32
45 33
45 36
45 37
45 38
45 48
45 50
45 51
45 54
45 67
45 73
45 75
45 79
45 80
45 82
45 84
46 38
46 84
46 14
46 6
47 32
47 1
47 2
47 3
47 37
47 38
47 33
47 72
47 9
47 66
47 79
47 82
47 67
47 22
47 73
47 54
47 31
49 1
49 2
49 5
49 6
49 14
49 15
49 22
49 23
49 31
49 36
49 37
49 38
49 51
49 54
49 55
49 63
49 64
49 67
49 72
49 73
49 74
49 75
49 80
49 82
49 84
51 32
51 66
51 36
51 37
51 6
51 9
51 75
51 14
51 82
51 23
51 29
52 1
52 66
52 3
52 48
52 73
52 79
52 80
52 9
53 3
53 6
53 9
53 14
53 22
53 23
53 32
53 36
53 38
53 48
53 50
53 51
53 54
53 63
53 64
53 66
53 67
53 72
53 75
53 80
53 82
53 84
56 32
56 1
56 2
56 67
56 5
56 6
56 33
56 72
56 73
56 74
56 75
56 66
56 14
56 80
56 82
56 51
56 54
56 23
56 38
56 37
57 2
57 3
57 5
57 22
57 23
57 25
57 31
57 33
57 35
57 36
57 37
57 38
57 48
57 50
57 51
57 54
57 55
57 63
57 66
57 73
57 74
57 75
57 79
57 82
57 84
59 32
59 33
59 66
59 74
59 75
59 14
59 54
59 63
60 1
60 37
60 23
60 25
60 63
60 31
61 1
61 3
61 5
61 9
61 14
61 22
61 31
61 32
61 33
61 37
61 38
61 48
61 50
61 54
61 63
61 66
61 72
61 74
61 75
61 80
61 82
61 84
62 32
62 2
62 3
62 37
62 6
62 72
62 9
62 75
62 14
62 80
62 82
62 51
62 84
62 54
62 63
64 1
64 3
64 5
64 15
64 23
64 25
64 31
64 32
64 33
64 48
64 50
64 54
64 55
64 63
64 64
64 66
64 67
64 72
64 73
64 74
64 79
64 80
64 84
65 2
65 3
65 5
65 6
65 9
65 15
65 22
65 23
65 25
65 31
65 36
65 50
65 54
65 55
65 63
65 66
65 67
65 72
65 73
65 74
65 79
65 80
65 82
65 84
66 1
66 66
66 3
66 38
66 6
66 48
66 9
66 75
66 14
66 15
66 80
66 82
66 63
68 1
68 2
68 5
68 6
68 9
68 14
68 15
68 23
68 25
68 33
68 37
68 38
68 51
68 54
68 55
68 63
68 64
68 66
68 67
68 73
68 80
68 84
69 38
69 72
69 9
69 15
69 82
69 51
69 79
69 63
70 32
70 80
70 2
70 35
70 36
70 5
70 6
70 63
70 54
70 9
70 66
70 14
70 79
70 48
70 50
70 51
70 22
70 73
70 38
70 37
70 31
71 1
71 3
71 48
71 37
71 6
71 33
71 73
71 74
71 15
71 80
71 35
71 23
71 51
71 31
74 32
74 1
74 66
74 37
74 6
74 74
74 48
74 51
74 84
74 54
74 23
74 25
74 31
75 32
75 2
75 3
75 37
75 6
75 73
75 14
75 80
75 82
75 35
75 84
75 23
75 38
75 63
76 32
76 1
76 66
76 67
76 80
76 5
76 6
76 63
76 72
76 9
76 79
76 75
76 14
76 15
76 48
76 82
76 22
76 23
76 25
76 54
76 37
77 32
77 3
77 5
77 6
77 54
77 73
77 75
77 72
77 51
77 85
77 22
77 23
77 38
77 37
77 31
78 50
78 54
78 79
79 1
79 5
79 6
79 33
79 72
79 9
79 74
79 55
79 14
79 48
79 50
79 51
79 23
79 25
79 63
81 2
81 75
81 79
81 50
81 51
81 23
83 32
83 3
83 38
83 72
83 51
83 55
83 31
84 2
84 5
84 6
84 9
84 14
84 15
84 22
84 23
84 31
84 38
84 48
84 51
84 54
84 55
84 72
84 73
84 74
84 75
84 79
84 80
84 82
84 84
86 2
86 5
86 6
86 9
86 15
86 23
86 32
86 35
86 36
86 37
86 50
86 51
86 54
86 55
86 63
86 67
86 73
86 74
86 75
86 79
86 80
86 82
87 1
87 2
87 3
87 6
87 14
87 22
87 23
87 29
87 31
87 33
87 37
87 38
87 48
87 51
87 54
87 63
87 66
87 72
87 73
87 79
87 82
87 84
