88
0 3
0 6
0 8
0 34
0 36
0 38
0 40
0 41
0 42
0 44
0 46
0 55
0 61
0 62
0 65
0 66
0 67
0 72
0 73
0 74
0 80
0 82
1 1
1 3
1 24
1 34
1 38
1 39
1 40
1 41
1 46
1 47
1 59
1 61
1 63
1 65
1 66
1 70
1 71
1 72
1 73
1 76
1 79
1 81
4 72
4 41
4 69
4 24
7 3
7 8
7 29
7 34
7 36
7 39
7 40
7 41
7 44
7 48
7 62
7 63
7 65
7 66
7 69
7 70
7 72
7 73
7 74
7 75
7 78
7 80
7 82
9 80
9 36
9 69
9 71
9 8
9 73
9 42
9 76
9 82
9 46
9 48
9 40
9 78
9 21
9 23
9 72
9 59
9 61
9 62
9 63
10 6
10 12
10 23
10 24
10 30
10 32
10 36
10 38
10 40
10 41
10 46
10 48
10 59
10 61
10 62
10 63
10 65
10 66
10 70
10 72
10 73
10 76
10 77
10 78
10 79
10 82
11 3
11 6
11 8
11 12
11 23
11 24
11 34
11 36
11 41
11 42
11 45
11 48
11 61
11 66
11 69
11 72
11 74
11 76
11 77
11 78
11 79
11 80
11 82
12 6
12 8
12 24
12 32
12 36
12 39
12 40
12 41
12 42
12 59
12 61
12 62
12 65
12 66
12 71
12 72
12 74
12 76
12 78
12 80
12 82
12 85
13 2
13 8
13 23
13 24
13 38
13 39
13 40
13 41
13 44
13 48
13 55
13 61
13 62
13 66
13 67
13 70
13 72
13 73
13 76
13 78
13 79
13 82
15 69
15 77
17 66
17 74
20 3
20 5
20 6
20 8
20 21
20 23
20 24
20 34
20 35
20 39
20 41
20 42
20 44
20 45
20 48
20 59
20 63
20 66
20 67
20 69
20 71
20 73
20 75
20 76
20 78
20 80
21 2
21 6
21 12
21 21
21 34
21 40
21 42
21 44
21 45
21 46
21 48
21 65
21 67
21 69
21 70
21 71
21 72
21 76
21 77
21 78
21 80
21 82
24 65
24 34
24 3
24 36
24 6
24 71
24 40
24 73
24 42
24 75
24 45
24 79
24 21
24 23
24 24
24 74
24 62
25 66
25 67
25 69
25 6
25 71
25 8
25 41
25 42
25 45
25 46
25 77
25 80
25 72
25 82
25 21
25 73
25 23
25 24
25 70
25 61
26 34
26 3
26 82
26 39
26 40
26 41
26 74
26 71
26 76
26 66
26 78
26 77
26 75
26 73
26 23
26 24
26 61
26 63
27 3
27 5
27 8
27 12
27 36
27 39
27 41
27 42
27 45
27 47
27 55
27 62
27 63
27 65
27 66
27 67
27 69
27 70
27 71
27 72
27 74
27 80
27 82
28 2
28 6
28 21
28 23
28 24
28 34
28 35
28 36
28 40
28 41
28 42
28 46
28 48
28 59
28 61
28 62
28 63
28 66
28 69
28 70
28 71
28 72
28 77
28 79
28 82
33 2
33 36
33 69
33 38
33 71
33 8
33 41
33 55
33 44
33 66
33 77
33 48
33 76
33 82
33 21
33 23
33 24
33 79
33 61
33 62
33 63
35 65
35 2
35 36
35 38
35 81
35 40
35 41
35 42
35 44
35 45
35 46
35 48
35 72
35 82
35 74
35 78
35 76
35 73
35 59
35 61
35 62
37 3
37 6
37 8
37 23
37 24
37 36
37 40
37 41
37 42
37 44
37 46
37 48
37 49
37 62
37 65
37 66
37 67
37 71
37 72
37 73
37 74
37 75
37 78
42 32
42 65
42 2
42 66
42 6
42 71
42 8
42 41
42 42
42 76
42 34
42 80
42 79
42 48
42 23
42 59
42 28
42 62
43 6
43 12
43 24
43 30
43 34
43 38
43 40
43 41
43 48
43 49
43 55
43 61
43 62
43 65
43 66
43 67
43 71
43 72
43 74
43 76
43 79
43 80
43 82
46 2
46 67
46 69
46 70
46 71
46 8
46 41
46 42
46 77
46 78
46 80
46 72
46 82
46 74
46 23
46 61
46 63
47 6
47 21
47 23
47 31
47 34
47 36
47 38
47 39
47 40
47 42
47 44
47 46
47 48
47 55
47 59
47 61
47 65
47 66
47 67
47 70
47 71
47 73
47 76
47 77
47 81
47 82
47 85
49 0
49 2
49 3
49 6
49 23
49 24
49 34
49 36
49 39
49 41
49 42
49 44
49 45
49 46
49 59
49 61
49 63
49 67
49 69
49 71
49 72
49 73
49 76
49 79
49 80
49 82
50 2
50 4
50 21
50 23
50 35
50 38
50 41
50 44
50 46
50 48
50 55
50 59
50 61
50 65
50 66
50 67
50 69
50 71
50 72
50 73
50 76
50 78
50 79
53 6
53 8
53 21
53 23
53 24
53 30
53 32
53 34
53 36
53 41
53 42
53 46
53 48
53 55
53 61
53 62
53 66
53 67
53 70
53 71
53 72
53 74
53 76
53 78
53 80
53 82
55 65
55 36
55 38
55 6
55 80
55 8
55 41
55 74
55 55
55 44
55 78
55 79
55 48
55 82
55 73
55 23
55 24
55 30
57 2
57 6
57 23
57 28
57 32
57 34
57 36
57 38
57 40
57 42
57 44
57 46
57 49
57 61
57 63
57 66
57 67
57 69
57 71
57 72
57 73
57 76
57 78
57 79
57 80
58 65
58 34
58 3
58 66
58 6
58 72
58 44
58 45
58 78
58 48
58 81
58 82
58 23
58 24
58 59
58 63
60 2
60 6
60 21
60 23
60 32
60 36
60 38
60 39
60 40
60 44
60 45
60 46
60 48
60 55
60 56
60 59
60 62
60 67
60 69
60 70
60 71
60 72
60 73
60 74
60 76
60 78
60 80
60 82
63 3
63 6
63 8
63 12
63 23
63 24
63 34
63 36
63 38
63 44
63 45
63 46
63 61
63 65
63 66
63 67
63 69
63 70
63 72
63 73
63 74
63 76
63 78
63 79
63 80
63 81
64 1
64 2
64 3
64 36
64 69
64 6
64 65
64 72
64 41
64 74
64 71
64 44
64 46
64 48
64 76
64 80
64 23
64 24
64 59
64 62
67 2
67 6
67 8
67 22
67 23
67 24
67 28
67 32
67 34
67 36
67 39
67 42
67 44
67 46
67 48
67 55
67 59
67 61
67 65
67 66
67 70
67 71
67 73
67 74
67 76
67 78
67 79
67 80
67 82
74 65
74 69
74 38
74 71
74 40
74 41
74 42
74 55
74 76
74 77
74 46
74 80
74 82
74 74
74 21
74 23
74 61
74 62
74 85
75 65
75 2
75 3
75 69
75 38
75 71
75 40
75 41
75 74
75 44
75 66
75 46
75 77
75 72
75 82
75 21
75 22
75 73
75 24
75 62
75 63
78 33
78 2
78 3
78 66
78 70
78 39
78 8
78 41
78 71
78 44
78 34
78 46
78 80
78 40
78 75
78 22
78 55
78 24
78 72
78 61
78 63
79 2
79 21
79 23
79 28
79 32
79 38
79 39
79 40
79 41
79 44
79 45
79 46
79 48
79 55
79 59
79 61
79 65
79 66
79 69
79 70
79 72
79 77
79 79
79 80
79 82
84 33
84 2
84 3
84 36
84 69
84 71
84 41
84 74
84 55
84 44
84 45
84 79
84 76
84 82
84 66
84 23
84 24
84 61
84 30
86 0
86 2
86 6
86 8
86 33
86 34
86 35
86 36
86 38
86 40
86 45
86 46
86 48
86 55
86 59
86 63
86 66
86 69
86 70
86 71
86 74
86 76
86 77
86 78
86 81
86 85
87 2
87 6
87 22
87 33
87 38
87 40
87 41
87 42
87 45
87 48
87 55
87 59
87 63
87 69
87 70
87 71
87 72
87 73
87 76
87 77
87 78
87 80
87 82
