88
0 1
0 4
0 37
0 38
0 77
0 8
0 41
0 11
0 78
0 13
0 14
0 47
0 40
0 50
0 84
0 21
0 86
0 72
0 68
0 60
0 63
1 37
1 38
1 14
1 78
1 80
1 82
1 21
3 82
3 7
4 68
4 7
4 72
4 41
4 11
4 13
4 14
4 77
4 40
4 50
4 21
4 4
4 39
5 40
5 11
9 1
9 68
9 39
9 72
9 77
9 13
9 29
9 63
10 50
10 68
10 38
10 72
10 43
10 13
10 45
10 80
10 17
10 82
10 24
10 4
10 47
11 68
11 37
11 41
11 77
11 14
11 13
11 80
11 49
11 50
11 84
11 78
11 24
11 63
13 0
13 4
13 37
13 8
13 43
13 14
13 24
13 30
14 11
14 68
14 78
14 38
14 63
16 24
16 33
16 82
16 37
16 38
17 0
17 45
17 4
17 37
17 7
17 8
17 41
17 82
17 39
17 12
17 13
17 77
17 15
17 17
17 50
17 84
17 78
17 72
17 68
17 60
18 11
18 12
18 37
18 77
19 50
19 60
19 13
19 63
20 33
20 45
20 8
20 11
20 77
20 78
20 13
20 40
20 50
20 86
20 24
20 60
20 30
20 63
22 0
22 33
22 68
22 49
22 39
22 40
22 41
22 43
22 13
22 47
22 45
22 17
22 50
22 84
22 78
22 86
22 24
22 27
22 60
22 30
22 63
24 38
24 40
24 41
24 43
24 13
24 80
24 17
24 84
24 86
24 24
24 27
24 63
25 72
25 11
25 13
25 82
25 24
25 27
26 4
26 38
26 7
26 40
26 41
26 43
26 45
26 86
28 33
28 39
28 72
28 41
28 78
28 24
28 29
28 30
29 1
29 68
29 7
29 72
29 43
29 50
29 84
29 60
30 68
30 37
30 38
30 39
30 40
30 11
30 12
30 77
30 13
30 80
30 50
30 60
30 30
30 63
31 38
31 78
31 14
31 17
31 21
31 24
31 60
31 63
32 0
32 1
32 43
32 68
32 37
32 38
32 7
32 8
32 41
32 39
32 13
32 14
32 77
32 80
32 40
32 82
32 78
32 86
32 24
32 60
33 0
33 68
33 37
33 38
33 7
33 8
33 41
33 39
33 13
33 45
33 80
33 17
33 50
33 84
33 82
33 40
33 24
33 72
33 27
33 60
34 0
34 45
34 43
34 4
34 38
34 8
34 41
34 82
34 11
34 13
34 14
34 15
34 80
34 17
34 50
34 78
34 24
34 68
34 60
34 30
34 63
35 43
35 82
35 49
35 38
35 39
35 40
35 41
35 11
35 13
35 78
35 45
35 80
35 17
35 50
35 86
35 60
35 29
35 63
36 0
36 43
36 68
36 37
36 38
36 7
36 40
36 11
36 13
36 77
36 15
36 17
36 82
36 84
36 78
36 86
36 72
36 39
36 60
36 30
36 63
37 0
37 33
37 68
37 39
37 72
37 82
37 78
37 13
37 77
37 47
37 80
37 50
37 84
37 21
37 86
37 27
37 60
37 29
37 30
40 4
40 40
40 41
40 43
40 77
40 14
40 63
42 0
42 33
42 45
42 43
42 4
42 38
42 77
42 8
42 41
42 11
42 13
42 14
42 15
42 17
42 50
42 82
42 86
42 40
42 72
42 27
42 63
44 1
44 43
44 78
44 47
44 14
44 86
44 24
44 63
46 43
46 4
46 37
46 72
46 11
46 78
46 40
46 14
46 86
46 68
46 27
46 60
46 63
47 50
47 4
47 8
47 11
47 13
47 77
47 17
47 82
47 84
47 21
47 86
47 40
47 24
47 27
48 1
48 43
48 68
48 37
48 7
48 72
48 82
48 11
48 13
48 14
48 77
48 17
48 50
48 78
48 24
48 39
48 60
48 30
50 33
50 7
50 41
50 12
50 78
50 80
50 17
50 50
50 21
50 86
50 24
50 60
51 1
51 68
51 37
51 38
51 8
51 41
51 11
51 12
51 45
51 77
51 47
51 80
51 40
51 50
51 21
51 24
51 78
51 29
51 63
52 0
52 4
52 7
52 8
52 13
52 15
52 17
52 24
52 27
52 30
52 39
52 40
52 45
52 49
52 50
52 60
52 68
52 78
52 80
52 82
52 84
52 86
53 0
53 33
53 68
53 38
53 7
53 40
53 41
53 11
53 13
53 78
53 45
53 80
53 17
53 50
53 86
53 24
53 39
53 47
53 72
53 63
54 33
54 43
54 68
54 7
54 40
54 41
54 11
54 13
54 14
54 45
54 80
54 50
54 84
54 78
54 86
54 24
54 27
54 60
54 29
55 4
55 72
55 11
55 80
55 82
55 84
55 29
56 43
56 68
56 49
56 38
56 7
56 72
56 82
56 11
56 12
56 77
56 14
56 47
56 17
56 50
56 78
56 86
56 39
56 60
56 63
57 33
57 4
57 49
57 38
57 39
57 72
57 41
57 11
57 14
57 15
57 17
57 50
57 84
57 78
57 86
57 24
57 47
57 30
57 63
58 0
58 33
58 43
58 68
58 37
58 7
58 40
58 11
58 45
58 78
58 47
58 80
58 17
58 50
58 84
58 82
58 86
58 72
58 39
58 27
58 60
59 24
59 45
59 14
59 63
60 1
60 50
60 41
60 12
60 45
60 17
60 82
60 30
61 0
61 33
61 68
61 37
61 38
61 7
61 72
61 41
61 43
61 13
61 77
61 45
61 80
61 17
61 50
61 78
61 86
61 60
62 0
62 68
62 37
62 38
62 11
62 13
62 14
62 15
62 17
62 82
62 24
62 30
62 63
63 33
63 68
63 38
63 72
63 41
63 43
63 77
63 80
63 17
63 82
63 84
63 21
63 86
63 24
63 27
63 29
63 30
63 63
64 0
64 33
64 4
64 37
64 7
64 8
64 39
64 13
64 14
64 15
64 40
64 84
64 77
64 86
64 24
64 68
64 49
64 47
64 60
64 30
64 63
65 33
65 45
65 68
65 37
65 38
65 40
65 41
65 11
65 13
65 47
65 15
65 17
65 84
65 21
65 24
65 72
65 27
65 60
66 33
66 4
66 38
66 7
66 40
66 41
66 39
66 77
66 78
66 15
66 72
66 50
66 84
66 21
66 86
66 47
66 60
66 30
67 68
67 11
67 50
67 86
67 27
67 63
70 4
70 7
70 8
70 12
70 13
70 14
70 15
70 24
70 27
70 30
70 38
70 39
70 40
70 45
70 47
70 49
70 50
70 72
70 77
70 78
70 82
70 84
70 86
71 33
71 50
71 37
71 7
71 72
71 41
71 11
71 13
71 17
71 82
71 86
71 60
71 63
72 68
72 37
72 8
72 41
72 13
72 14
72 72
72 86
72 60
72 29
73 33
73 68
73 38
73 77
73 40
73 82
73 78
73 13
73 14
73 45
73 80
73 72
73 50
73 21
73 24
74 0
74 39
74 78
74 47
74 82
74 21
74 30
74 63
75 38
75 7
75 41
75 50
75 82
75 84
75 24
75 63
76 0
76 38
76 7
76 72
76 41
76 43
76 13
76 78
76 80
76 17
76 50
76 84
76 14
76 24
77 33
77 43
77 68
77 7
77 40
77 11
77 12
77 13
77 78
77 80
77 82
77 84
77 21
77 86
77 24
77 63
78 33
78 68
78 7
78 40
78 50
78 80
78 82
78 86
79 68
79 72
79 45
79 14
79 15
79 17
79 84
79 86
79 40
79 4
79 60
79 30
79 63
82 49
82 7
82 72
82 45
82 14
82 17
82 84
82 60
82 63
85 40
85 33
85 45
85 63
86 72
86 41
86 43
86 13
86 78
86 17
86 86
86 40
86 60
86 63
87 0
87 1
87 8
87 13
87 14
87 15
87 17
87 21
87 24
87 27
87 29
87 30
87 33
87 37
87 40
87 41
87 47
87 50
87 60
87 68
87 72
87 80
87 86
