88
0 0
0 1
0 2
0 4
0 5
0 6
0 13
0 15
0 20
0 24
0 27
0 29
0 35
0 36
0 37
0 39
0 40
0 41
0 42
0 51
0 54
0 55
0 58
0 59
0 64
0 69
0 72
0 74
0 76
0 82
0 83
0 84
1 0
1 84
1 2
1 4
1 5
1 8
1 42
1 11
1 76
1 13
1 15
1 40
1 82
1 69
1 55
1 45
1 72
1 59
1 29
1 62
1 63
2 0
2 5
2 39
2 41
2 13
2 15
2 81
2 82
2 84
2 54
2 69
2 24
2 59
2 60
2 29
2 30
2 63
3 40
3 82
3 29
4 0
4 2
4 5
4 8
4 13
4 15
4 20
4 24
4 29
4 36
4 38
4 39
4 40
4 41
4 42
4 44
4 45
4 46
4 49
4 52
4 59
4 62
4 63
4 69
4 70
4 72
4 81
4 82
4 84
6 0
6 2
6 4
6 6
6 9
6 11
6 13
6 15
6 20
6 23
6 24
6 26
6 27
6 29
6 30
6 35
6 36
6 39
6 40
6 47
6 49
6 52
6 55
6 56
6 59
6 62
6 63
6 69
6 70
6 72
6 76
6 77
6 81
6 82
6 84
9 0
9 4
9 49
9 76
9 13
9 81
9 84
9 36
9 29
11 0
11 4
11 5
11 8
11 13
11 15
11 28
11 29
11 30
11 31
11 35
11 36
11 40
11 42
11 45
11 48
11 49
11 55
11 60
11 63
11 70
11 72
11 76
11 81
11 82
12 40
12 29
12 7
13 69
13 76
13 15
13 49
13 82
13 84
14 0
14 60
14 76
14 45
14 15
14 84
14 54
14 58
14 59
14 28
15 2
15 4
15 5
15 6
15 13
15 15
15 18
15 20
15 29
15 30
15 36
15 37
15 39
15 40
15 45
15 46
15 49
15 55
15 58
15 59
15 60
15 63
15 64
15 69
15 70
15 76
15 78
15 81
15 82
15 84
15 86
17 4
17 42
17 13
17 15
17 82
17 84
19 64
20 0
20 4
20 5
20 6
20 13
20 20
20 24
20 29
20 30
20 39
20 40
20 49
20 50
20 59
20 60
20 63
20 64
20 70
20 72
20 81
20 82
20 84
20 86
21 84
21 4
21 29
24 0
24 35
24 4
24 69
24 8
24 49
24 82
24 56
24 24
24 58
24 29
24 5
25 69
25 6
25 15
25 20
25 59
25 29
26 5
26 40
26 15
26 72
26 24
26 29
27 64
27 0
27 4
27 69
27 13
27 84
28 40
28 82
28 76
28 5
28 86
29 76
29 5
29 69
29 15
30 0
30 84
30 69
30 5
31 49
31 82
31 84
31 29
31 15
32 69
32 70
32 39
32 40
32 7
32 76
32 15
32 49
32 63
33 49
33 42
33 15
33 81
33 84
33 29
34 0
34 64
34 5
34 6
34 8
34 15
34 82
34 87
34 59
34 29
35 0
35 64
35 40
35 13
35 49
35 82
35 55
35 27
35 29
36 0
36 36
36 40
36 82
36 54
36 28
37 5
37 15
37 49
37 82
37 20
37 24
37 84
37 28
38 0
38 4
38 69
38 76
38 13
38 82
38 84
38 54
38 29
38 37
39 2
39 4
39 69
39 6
39 77
39 82
39 5
40 70
40 41
40 11
40 15
40 49
40 59
41 64
41 35
41 36
41 69
41 76
41 29
42 0
42 2
42 69
42 84
42 55
42 29
43 5
43 49
43 82
43 84
43 55
43 60
45 36
45 5
46 69
46 49
46 40
46 13
46 15
46 81
46 84
46 55
46 28
46 29
46 63
47 0
47 4
47 5
47 76
47 49
47 84
48 82
48 84
48 30
48 15
49 13
50 15
50 82
50 35
50 29
50 39
51 0
51 1
51 4
51 69
51 49
51 76
51 13
51 81
51 82
51 84
51 87
51 36
51 58
51 5
52 5
52 49
52 82
52 84
52 87
52 59
53 4
53 13
53 15
53 16
53 49
53 84
53 86
53 36
53 29
54 49
54 82
54 84
54 29
54 60
55 84
55 81
55 4
55 69
55 30
56 0
56 4
56 5
56 70
56 49
56 41
56 76
56 15
56 81
56 84
56 60
56 29
56 30
57 0
57 8
57 78
57 82
57 84
57 29
58 0
58 2
58 3
58 4
58 5
58 6
58 7
58 13
58 15
58 20
58 24
58 29
58 31
58 35
58 36
58 39
58 40
58 41
58 46
58 49
58 54
58 55
58 60
58 64
58 76
58 77
58 82
58 84
59 2
59 4
59 5
59 7
59 13
59 15
59 20
59 29
59 34
59 36
59 45
59 49
59 52
59 54
59 59
59 63
59 69
59 72
59 73
59 76
59 81
59 82
59 84
60 69
60 70
60 42
60 15
60 82
60 84
60 55
60 59
61 4
61 39
61 76
61 13
61 15
61 81
61 82
61 29
61 30
61 63
62 0
62 2
62 4
62 5
62 6
62 8
62 13
62 15
62 24
62 26
62 27
62 28
62 29
62 30
62 36
62 40
62 42
62 45
62 52
62 54
62 55
62 56
62 59
62 63
62 64
62 69
62 76
62 82
62 84
62 86
62 87
63 0
63 4
63 69
63 70
63 15
63 82
63 84
63 24
63 36
63 58
63 59
63 29
63 62
64 0
64 2
64 4
64 5
64 6
64 13
64 15
64 20
64 24
64 27
64 29
64 30
64 31
64 35
64 39
64 40
64 41
64 42
64 46
64 49
64 50
64 55
64 58
64 60
64 69
64 72
64 74
64 76
64 81
64 82
64 84
64 85
65 0
65 2
65 4
65 6
65 13
65 15
65 18
65 20
65 24
65 28
65 29
65 36
65 37
65 40
65 41
65 45
65 49
65 54
65 56
65 59
65 60
65 62
65 64
65 69
65 70
65 72
65 76
65 82
65 86
66 4
66 5
66 13
66 82
66 51
66 69
67 81
67 40
67 7
67 49
67 52
67 59
69 37
69 13
69 20
69 58
69 29
69 30
70 36
70 40
70 15
70 84
70 55
70 56
71 40
71 84
71 42
71 76
71 29
72 0
72 2
72 43
72 69
72 40
72 11
72 13
72 49
72 82
72 84
72 86
72 55
72 29
72 5
73 69
73 76
73 46
73 82
73 55
73 59
74 0
74 34
74 4
74 41
74 77
74 15
74 82
74 84
74 59
74 29
74 63
75 64
75 5
75 70
75 40
75 41
75 76
75 84
75 85
75 59
75 29
76 64
76 5
76 41
76 76
76 13
76 82
76 55
76 59
76 60
77 5
77 81
77 82
77 24
77 29
77 69
78 0
78 84
78 2
78 34
78 4
78 5
78 41
78 43
78 76
78 13
78 15
78 81
78 82
78 52
78 55
78 24
78 36
78 59
78 28
78 29
78 30
79 64
79 69
79 70
79 76
79 13
79 54
79 55
79 6
79 5
80 32
80 42
80 76
80 29
80 70
81 0
81 4
81 69
81 40
81 13
81 48
81 82
81 54
81 36
81 29
81 63
82 0
82 1
82 2
82 3
82 4
82 5
82 6
82 7
82 8
82 13
82 20
82 24
82 26
82 27
82 28
82 29
82 30
82 36
82 38
82 39
82 40
82 41
82 42
82 46
82 47
82 48
82 49
82 52
82 54
82 55
82 59
82 60
82 61
82 63
82 69
82 72
82 73
82 76
82 81
82 82
82 84
82 87
84 0
84 3
84 5
84 6
84 8
84 9
84 11
84 13
84 15
84 24
84 28
84 29
84 35
84 37
84 39
84 40
84 41
84 46
84 49
84 50
84 56
84 59
84 60
84 64
84 69
84 73
84 76
84 81
84 82
84 84
85 0
85 5
85 40
85 76
85 13
85 15
85 49
85 20
85 84
85 29
86 64
86 2
86 69
86 39
86 41
86 45
86 49
86 82
86 55
87 4
87 72
87 13
87 15
87 81
87 40
