88
0 38
0 42
0 11
0 77
0 78
0 50
0 19
0 52
0 14
0 86
0 87
0 58
0 62
1 0
1 69
1 6
1 42
1 11
1 84
1 54
1 25
1 59
1 30
3 69
3 38
3 7
3 54
3 43
3 78
3 17
3 19
3 14
3 86
3 87
3 27
3 60
3 63
4 0
4 64
4 68
4 38
4 7
4 44
4 71
4 12
4 13
4 14
4 18
4 19
4 29
4 30
4 63
5 17
5 50
5 18
7 83
7 38
7 8
7 41
7 43
7 80
7 18
7 19
7 53
7 26
7 58
8 51
8 66
8 6
8 38
8 7
8 8
8 42
8 83
8 46
8 19
8 84
8 54
8 87
8 58
8 62
9 59
9 36
9 9
9 43
9 76
9 73
9 48
9 84
9 54
9 55
9 24
9 26
9 27
9 60
9 63
10 0
10 84
10 69
10 38
10 41
10 11
10 12
10 77
10 15
10 19
10 52
10 62
10 25
10 26
10 47
10 30
11 64
11 7
11 72
11 9
11 14
11 48
11 8
11 50
11 19
11 52
11 86
11 41
11 26
11 60
12 64
12 4
12 86
12 39
12 44
12 43
12 12
12 77
12 14
12 78
12 54
12 26
12 59
12 60
12 31
13 0
13 34
13 35
13 69
13 38
13 39
13 40
13 43
13 50
13 18
13 83
13 53
13 55
13 24
13 29
15 39
15 74
15 7
15 52
15 54
15 60
19 64
19 84
19 35
19 36
19 40
19 73
19 42
19 76
19 78
19 52
19 54
19 24
19 68
19 60
19 62
20 32
20 43
20 76
20 42
20 11
20 12
20 13
20 50
20 18
20 53
20 86
20 26
20 27
20 60
20 30
21 0
21 64
21 35
21 32
21 7
21 44
21 76
21 78
21 52
21 46
21 86
21 58
21 60
22 0
22 64
22 49
22 6
22 39
22 8
22 11
22 76
22 50
22 14
22 40
22 18
22 52
22 25
22 26
22 27
22 60
22 58
22 62
22 84
23 0
23 32
23 83
23 3
23 38
23 39
23 64
23 71
23 76
23 14
23 18
23 35
23 46
23 25
23 26
23 78
23 60
23 58
23 63
26 64
26 4
26 38
26 6
26 39
26 8
26 42
26 11
26 77
26 17
26 83
26 20
26 72
26 25
26 26
26 27
26 63
27 64
27 4
27 69
27 7
27 8
27 9
27 42
27 43
27 76
27 14
27 81
27 18
27 19
27 52
27 63
27 73
27 55
27 27
27 78
27 31
30 64
30 35
30 38
30 7
30 72
30 43
30 76
30 8
30 54
30 60
30 62
32 32
32 64
32 35
32 81
32 9
32 11
32 76
32 13
32 78
32 43
32 19
32 85
32 26
32 62
32 63
34 0
34 51
34 38
34 72
34 76
34 12
34 50
34 14
34 40
34 18
34 83
34 25
34 26
34 29
35 64
35 3
35 4
35 71
35 12
35 14
35 47
35 19
35 62
35 58
35 27
35 60
35 29
35 30
36 0
36 34
36 36
36 38
36 7
36 73
36 42
36 39
36 76
36 14
36 48
36 50
36 83
36 84
36 85
36 86
36 60
36 29
36 31
37 67
37 4
37 6
37 40
37 73
37 42
37 11
37 13
37 14
37 47
37 18
37 24
37 27
37 62
37 63
38 0
38 32
38 71
38 86
38 38
38 7
38 9
38 42
38 11
38 78
38 18
38 51
38 54
38 24
38 26
38 31
39 0
39 86
39 7
39 9
39 42
39 87
39 14
39 49
39 18
39 19
39 54
39 73
39 25
39 26
39 27
39 60
40 64
40 35
40 38
40 7
40 44
40 42
40 11
40 76
40 46
40 49
40 18
40 84
40 54
40 27
41 67
41 71
41 42
41 11
41 12
41 49
41 50
41 51
41 24
41 26
41 62
42 0
42 35
42 3
42 39
42 12
42 76
42 44
42 18
42 19
42 53
42 55
42 27
42 62
43 4
43 38
43 6
43 7
43 42
43 11
43 44
43 13
43 14
43 47
43 81
43 18
43 19
43 78
43 54
43 87
43 68
43 63
43 60
43 62
43 31
44 36
44 38
44 11
44 44
44 77
44 47
44 48
44 49
44 18
44 53
44 55
44 60
44 63
45 0
45 51
45 4
45 6
45 71
45 8
45 9
45 42
45 13
45 47
45 18
45 19
45 52
45 53
45 24
45 26
45 27
45 29
45 30
45 63
46 66
46 50
46 7
46 9
46 12
46 13
46 18
46 52
46 55
46 26
46 27
46 29
46 63
47 67
47 4
47 38
47 7
47 8
47 77
47 14
47 47
47 50
47 20
47 78
47 62
50 32
50 64
50 35
50 7
50 8
50 41
50 43
50 44
50 50
50 78
50 18
50 19
50 52
50 27
50 31
51 0
51 43
51 4
51 69
51 38
51 42
51 11
51 78
51 18
51 20
51 86
51 56
51 62
51 63
53 0
53 83
53 3
53 4
53 86
53 6
53 74
53 11
53 77
53 35
53 52
53 54
53 27
53 62
53 63
54 0
54 35
54 36
54 86
54 38
54 76
54 44
54 50
54 14
54 49
54 18
54 84
54 54
54 87
54 24
54 60
54 31
55 0
55 69
55 72
55 42
55 11
55 78
55 40
55 83
55 87
55 55
55 27
55 29
55 62
56 0
56 64
56 43
56 4
56 69
56 6
56 41
56 42
56 11
56 49
56 18
56 19
56 52
56 54
56 73
56 58
56 63
56 60
56 31
58 0
58 32
58 3
58 39
58 8
58 64
58 42
58 44
58 14
58 47
58 48
58 50
58 20
58 78
58 55
58 29
59 64
59 70
59 8
59 9
59 77
59 46
59 18
59 83
59 78
59 86
59 55
59 24
59 26
59 58
59 63
61 84
61 33
61 34
61 86
61 6
61 7
61 40
61 76
61 14
61 47
61 52
61 78
61 54
61 25
61 62
61 63
62 32
62 51
62 3
62 77
62 7
62 8
62 73
62 42
62 43
62 76
62 13
62 14
62 47
62 19
62 52
62 84
62 74
62 62
63 0
63 35
63 38
63 39
63 76
63 78
63 47
63 19
63 46
63 86
63 56
63 26
63 27
63 31
65 66
65 54
65 73
65 43
65 14
65 49
65 52
65 86
65 60
65 62
65 31
66 73
66 42
66 87
66 76
66 46
66 48
66 83
66 52
66 14
66 55
66 24
66 84
66 58
66 60
66 63
67 69
67 9
67 42
67 11
67 76
67 78
67 81
67 51
67 86
67 87
67 56
67 26
67 29
67 30
68 3
68 54
68 39
68 8
68 12
68 76
68 78
68 52
68 86
68 9
68 26
75 32
75 38
75 11
75 46
75 80
75 18
75 51
75 53
75 26
75 60
75 62
76 64
76 50
76 4
76 69
76 8
76 74
76 76
76 13
76 46
76 77
76 40
76 18
76 19
76 84
76 78
76 54
76 24
76 86
76 29
76 62
76 31
78 51
78 4
78 47
78 11
78 76
78 77
78 13
78 48
78 19
78 25
78 27
78 60
78 30
78 63
79 64
79 65
79 4
79 69
79 71
79 9
79 7
79 76
79 48
79 51
79 87
79 26
79 29
79 62
80 43
80 11
80 76
80 13
80 78
80 59
80 19
80 53
80 54
80 25
80 26
80 27
80 58
80 62
84 32
84 43
84 38
84 42
84 11
84 78
84 87
84 18
84 85
84 86
84 55
84 58
84 63
84 62
84 31
85 32
85 51
85 8
85 11
85 44
85 77
85 46
85 47
85 48
85 17
85 50
85 19
85 54
85 40
85 72
85 26
85 60
86 64
86 4
86 39
86 44
86 14
86 47
86 48
86 49
86 78
86 54
86 87
86 24
86 25
86 60
86 30
86 85
87 0
87 32
87 66
87 38
87 39
87 8
87 64
87 12
87 81
87 14
87 49
87 84
87 54
87 55
87 60
87 30
87 31
