88
1 9
1 26
1 27
1 7
4 0
4 33
4 66
4 35
4 36
4 54
4 65
4 40
4 9
4 44
4 46
4 80
4 49
4 82
4 53
4 22
4 73
4 25
4 26
4 27
4 69
5 0
5 2
5 7
5 8
5 9
5 20
5 22
5 25
5 26
5 31
5 33
5 36
5 44
5 46
5 49
5 53
5 54
5 55
5 68
5 71
5 72
5 73
6 0
6 3
6 6
6 9
6 22
6 26
6 30
6 31
6 34
6 35
6 39
6 44
6 46
6 48
6 49
6 53
6 54
6 57
6 65
6 66
6 71
6 80
6 82
11 0
11 6
11 7
11 8
11 9
11 22
11 25
11 26
11 27
11 31
11 34
11 35
11 36
11 39
11 40
11 46
11 49
11 53
11 54
11 55
11 66
11 69
11 71
11 73
11 77
11 79
11 80
11 87
12 0
12 3
12 6
12 7
12 8
12 9
12 25
12 26
12 35
12 36
12 39
12 40
12 44
12 46
12 47
12 49
12 53
12 54
12 55
12 57
12 66
12 68
12 69
12 71
12 73
12 77
12 79
12 87
13 0
13 6
13 7
13 8
13 22
13 27
13 31
13 33
13 34
13 35
13 36
13 39
13 42
13 45
13 47
13 49
13 53
13 54
13 66
13 69
13 71
13 72
13 79
13 80
13 87
15 73
15 22
15 46
15 9
16 0
16 65
16 34
16 36
16 7
16 71
16 47
16 49
16 53
16 57
18 73
18 47
18 36
18 46
18 44
19 0
19 6
19 7
19 9
19 20
19 22
19 25
19 26
19 27
19 36
19 39
19 44
19 46
19 47
19 53
19 54
19 55
19 66
19 70
19 71
19 72
19 73
19 79
19 80
19 87
23 0
23 3
23 8
23 9
23 20
23 22
23 25
23 26
23 27
23 31
23 34
23 35
23 36
23 40
23 42
23 44
23 46
23 49
23 53
23 54
23 55
23 66
23 69
23 71
23 72
23 73
23 79
29 0
29 2
29 7
29 8
29 9
29 20
29 22
29 25
29 26
29 27
29 30
29 31
29 33
29 34
29 35
29 36
29 38
29 39
29 40
29 44
29 45
29 46
29 47
29 53
29 54
29 55
29 65
29 66
29 69
29 72
30 0
30 2
30 6
30 9
30 26
30 30
30 31
30 34
30 35
30 36
30 44
30 46
30 49
30 53
30 54
30 55
30 65
30 66
30 68
30 71
30 72
30 73
30 82
32 0
32 2
32 6
32 7
32 8
32 9
32 22
32 25
32 26
32 31
32 34
32 35
32 36
32 39
32 44
32 45
32 47
32 48
32 49
32 53
32 54
32 55
32 65
32 66
32 69
32 72
32 73
32 87
37 0
37 2
37 7
37 9
37 20
37 22
37 27
37 35
37 39
37 44
37 47
37 53
37 54
37 55
37 65
37 66
37 69
37 70
37 72
37 73
37 80
37 87
38 0
38 2
38 6
38 7
38 9
38 22
38 25
38 26
38 35
38 36
38 39
38 44
38 46
38 49
38 53
38 54
38 57
38 65
38 66
38 69
38 71
38 77
38 79
41 0
41 2
41 7
41 9
41 22
41 26
41 27
41 30
41 31
41 34
41 36
41 39
41 40
41 44
41 45
41 46
41 49
41 53
41 54
41 55
41 66
41 70
41 71
41 73
41 77
41 80
41 82
41 87
43 0
43 2
43 6
43 7
43 8
43 9
43 26
43 30
43 31
43 35
43 36
43 44
43 46
43 47
43 49
43 53
43 55
43 65
43 66
43 71
43 73
43 79
43 80
49 0
49 2
49 7
49 9
49 22
49 25
49 31
49 34
49 35
49 36
49 39
49 40
49 46
49 49
49 54
49 65
49 69
49 70
49 71
49 72
49 82
49 87
50 0
50 66
50 35
50 36
50 69
50 9
50 79
50 49
50 22
50 26
50 54
52 0
52 7
52 8
52 9
52 22
52 26
52 27
52 30
52 31
52 33
52 34
52 35
52 38
52 39
52 44
52 46
52 49
52 53
52 54
52 55
52 57
52 65
52 66
52 69
52 70
52 71
52 72
52 73
52 79
52 82
57 0
57 7
57 8
57 9
57 16
57 22
57 26
57 31
57 35
57 36
57 40
57 44
57 46
57 47
57 49
57 53
57 54
57 55
57 57
57 65
57 66
57 71
57 73
57 79
57 80
59 0
59 6
59 7
59 8
59 9
59 22
59 31
59 33
59 35
59 36
59 38
59 44
59 46
59 49
59 53
59 54
59 55
59 65
59 71
59 73
59 77
59 79
59 80
60 0
60 6
60 7
60 9
60 26
60 35
60 36
60 39
60 44
60 45
60 46
60 49
60 53
60 55
60 56
60 65
60 68
60 70
60 71
60 72
60 79
60 80
60 87
61 7
61 8
61 21
61 22
61 25
61 26
61 27
61 31
61 35
61 36
61 39
61 40
61 44
61 46
61 49
61 53
61 54
61 55
61 57
61 66
61 69
61 71
61 72
61 73
61 79
61 80
61 87
62 0
62 2
62 8
62 9
62 16
62 22
62 26
62 31
62 33
62 34
62 35
62 36
62 39
62 40
62 44
62 46
62 49
62 53
62 54
62 55
62 57
62 65
62 66
62 71
62 73
62 80
62 81
62 82
63 65
63 35
63 7
63 9
63 79
63 49
63 53
63 22
63 26
63 27
63 31
64 0
64 3
64 7
64 8
64 9
64 25
64 27
64 30
64 31
64 33
64 34
64 35
64 36
64 40
64 44
64 46
64 47
64 53
64 54
64 66
64 69
64 71
64 72
64 73
64 77
64 79
64 82
64 85
65 0
65 65
65 35
65 36
65 54
65 70
65 71
65 8
65 9
65 12
65 44
65 49
65 53
65 22
65 55
65 25
65 47
65 73
65 69
65 31
67 0
67 3
67 6
67 8
67 22
67 30
67 31
67 33
67 34
67 35
67 36
67 39
67 44
67 46
67 49
67 53
67 54
67 55
67 56
67 65
67 66
67 70
67 71
67 73
67 77
67 82
67 87
69 0
69 2
69 35
69 66
69 38
69 7
69 8
69 42
69 71
69 44
69 34
69 77
69 16
69 49
69 53
69 22
69 55
69 87
69 79
69 85
69 31
74 0
74 7
74 8
74 9
74 26
74 33
74 34
74 35
74 36
74 39
74 40
74 42
74 44
74 46
74 54
74 55
74 57
74 65
74 66
74 69
74 71
74 72
74 73
74 77
74 79
74 80
74 82
75 0
75 7
75 8
75 20
75 22
75 25
75 26
75 27
75 34
75 35
75 36
75 39
75 40
75 42
75 44
75 46
75 49
75 53
75 54
75 55
75 57
75 71
75 72
75 73
75 79
75 80
76 0
76 2
76 7
76 8
76 9
76 22
76 26
76 30
76 31
76 33
76 34
76 35
76 36
76 40
76 44
76 46
76 47
76 49
76 53
76 54
76 55
76 56
76 65
76 69
76 70
76 73
76 80
76 82
76 87
82 0
82 7
82 8
82 9
82 16
82 20
82 22
82 25
82 26
82 31
82 35
82 36
82 44
82 46
82 49
82 53
82 66
82 68
82 69
82 71
82 72
82 73
82 80
82 85
82 87
83 0
83 2
83 6
83 9
83 22
83 26
83 27
83 28
83 30
83 34
83 35
83 38
83 44
83 45
83 46
83 47
83 49
83 54
83 55
83 68
83 69
83 71
83 72
83 77
83 79
83 80
83 81
83 82
84 2
84 3
84 6
84 9
84 26
84 35
84 36
84 39
84 44
84 46
84 47
84 49
84 53
84 54
84 55
84 65
84 66
84 69
84 71
84 73
84 77
84 79
86 6
86 7
86 8
86 9
86 20
86 22
86 25
86 27
86 30
86 31
86 33
86 35
86 36
86 40
86 46
86 49
86 53
86 54
86 55
86 56
86 65
86 66
86 69
86 71
86 72
86 79
86 80
86 87
