88
0 0
0 32
0 36
0 40
0 77
0 46
0 81
0 83
0 20
0 53
0 57
0 58
0 59
1 0
1 46
1 79
1 81
1 20
1 87
1 57
1 59
2 32
2 40
2 77
2 79
2 53
2 58
4 0
4 32
4 34
4 36
4 38
4 76
4 12
4 46
4 79
4 81
4 83
4 20
4 53
4 87
4 58
4 59
8 0
8 32
8 3
8 36
8 38
8 40
8 76
8 77
8 79
8 81
8 83
8 20
8 53
8 58
8 59
9 32
9 34
9 36
9 38
9 40
9 76
9 12
9 77
9 46
9 81
9 20
9 53
9 87
9 58
9 59
10 0
10 34
10 36
10 38
10 40
10 12
10 77
10 14
10 79
10 81
10 20
10 53
10 87
10 57
10 59
11 0
11 3
11 6
11 40
11 76
11 77
11 46
11 79
11 80
11 81
11 87
11 58
11 59
13 32
13 34
13 38
13 6
13 77
13 46
13 79
13 83
13 20
13 53
13 57
13 58
13 59
16 0
16 32
16 36
16 38
16 77
16 79
16 53
16 87
16 57
16 59
17 0
17 3
17 36
17 6
17 38
17 40
17 76
17 46
17 80
17 81
17 20
17 53
17 57
17 58
17 59
19 0
19 32
19 36
19 40
19 77
19 46
19 79
19 80
19 81
19 20
19 85
19 87
19 57
19 53
21 0
21 3
21 36
21 38
21 40
21 14
21 79
21 80
21 20
21 46
21 87
21 57
21 58
21 59
21 85
22 0
22 36
22 6
22 40
22 12
22 77
22 46
22 79
22 83
22 20
22 53
22 87
22 57
22 58
22 59
23 0
23 32
23 3
23 36
23 38
23 6
23 40
23 77
23 14
23 80
23 81
23 83
23 87
23 57
23 58
24 0
24 32
24 36
24 38
24 40
24 76
24 77
24 79
24 80
24 81
24 53
24 87
24 57
24 58
24 85
26 0
26 32
26 3
26 36
26 38
26 40
26 77
26 46
26 79
26 81
26 20
26 53
26 57
26 58
26 59
27 32
27 34
27 36
27 6
27 87
27 77
27 14
27 79
27 80
27 20
27 46
27 57
27 25
27 58
27 59
28 32
28 80
28 81
28 83
28 58
28 59
29 0
29 32
29 36
29 38
29 76
29 12
29 77
29 14
29 80
29 81
29 83
29 46
29 87
29 58
29 59
29 53
30 0
30 32
30 36
30 38
30 40
30 77
30 79
30 80
30 87
30 59
31 36
31 40
31 77
31 14
31 79
31 81
31 20
31 46
31 57
31 59
31 53
33 0
33 32
33 6
33 40
33 46
33 80
33 81
33 83
33 20
33 53
33 87
33 57
33 59
34 0
34 34
34 38
34 87
34 77
34 46
34 79
34 80
34 81
34 83
34 20
34 57
34 25
34 58
34 59
35 0
35 32
35 36
35 38
35 6
35 40
35 76
35 77
35 80
35 83
35 20
35 53
35 57
35 59
35 29
36 0
36 32
36 34
36 36
36 6
36 40
36 76
36 12
36 77
36 79
36 80
36 81
36 53
36 87
36 57
37 0
37 32
37 3
37 38
37 40
37 77
37 14
37 81
37 83
37 20
37 46
37 87
37 57
37 58
37 59
39 0
39 32
39 36
39 38
39 12
39 77
39 79
39 81
39 20
39 87
39 57
39 58
39 59
40 36
40 40
40 76
40 12
40 77
40 79
40 80
40 81
40 20
40 53
40 87
40 57
40 58
40 59
41 0
41 32
41 3
41 36
41 38
41 40
41 76
41 77
41 79
41 80
41 81
41 20
41 58
41 59
41 29
42 0
42 32
42 6
42 38
42 40
42 77
42 46
42 81
42 83
42 20
42 53
42 87
42 57
42 58
42 59
43 32
43 36
43 6
43 40
43 76
43 77
43 46
43 79
43 80
43 83
43 20
43 53
43 57
43 58
43 59
44 6
44 38
44 40
44 77
44 14
44 81
44 87
44 57
44 58
44 59
45 0
45 32
45 40
45 77
45 79
45 81
45 53
45 87
45 57
45 59
46 0
46 34
46 36
46 40
46 77
46 79
46 80
46 81
46 20
46 53
46 87
46 57
46 58
46 59
47 32
47 36
47 6
47 38
47 40
47 14
47 79
47 81
47 83
47 20
47 53
47 87
47 57
47 58
47 59
48 36
48 40
48 20
48 53
48 87
48 59
49 0
49 77
49 20
49 53
49 87
49 58
50 32
50 36
50 38
50 40
50 77
50 14
50 79
50 81
50 20
50 46
50 87
50 57
50 58
50 59
50 53
51 0
51 32
51 36
51 6
51 40
51 77
51 14
51 79
51 81
51 46
51 87
51 57
51 58
51 59
51 85
51 53
52 0
52 34
52 36
52 6
52 38
52 87
52 77
52 79
52 80
52 81
52 83
52 53
52 57
52 25
52 58
54 38
54 81
54 20
54 53
54 87
54 59
55 0
55 34
55 36
55 38
55 6
55 40
55 76
55 12
55 77
55 79
55 80
55 81
55 20
55 87
55 58
55 59
56 32
56 36
56 40
56 12
56 77
56 79
56 83
56 53
56 87
56 58
60 0
60 34
60 3
60 36
60 76
60 12
60 79
60 81
60 83
60 20
60 53
60 87
60 58
60 59
61 0
61 36
61 38
61 40
61 77
61 46
61 79
61 81
61 83
61 53
61 57
61 58
61 59
62 0
62 40
62 79
62 81
62 20
62 59
63 0
63 36
63 38
63 40
63 77
63 79
63 81
63 83
63 20
63 53
63 87
63 57
63 58
63 59
64 0
64 32
64 38
64 40
64 76
64 77
64 79
64 80
64 83
64 20
64 53
64 87
64 25
64 59
66 0
66 32
66 36
66 38
66 40
66 77
66 46
66 79
66 81
66 20
66 53
66 87
66 58
66 59
68 0
68 34
68 6
68 46
68 79
68 80
68 83
68 20
68 53
68 87
68 57
68 58
68 59
69 0
69 34
69 36
69 38
69 12
69 77
69 14
69 80
69 81
69 46
69 87
69 59
69 53
70 0
70 32
70 36
70 40
70 77
70 14
70 79
70 80
70 81
70 20
70 46
70 87
70 57
70 58
70 53
71 0
71 34
71 6
71 38
71 76
71 14
71 80
71 81
71 83
71 20
71 53
71 87
71 57
71 58
71 59
72 0
72 32
72 34
72 3
72 36
72 40
72 77
72 46
72 79
72 81
72 83
72 20
72 57
72 58
73 0
73 36
73 38
73 76
73 77
73 79
73 81
73 20
73 85
73 87
73 57
73 58
73 59
73 53
74 0
74 32
74 38
74 40
74 77
74 14
74 79
74 80
74 81
74 83
74 20
74 46
74 87
74 57
74 58
74 59
74 53
75 0
75 36
75 38
75 6
75 40
75 12
75 79
75 81
75 85
75 87
75 57
75 58
75 59
75 53
76 34
76 3
76 36
76 38
76 6
76 57
76 77
76 46
76 81
76 83
76 20
76 53
76 87
76 25
77 32
77 34
77 3
77 36
77 40
77 77
77 46
77 79
77 81
77 83
77 20
77 85
77 87
77 57
77 58
78 36
78 40
78 77
78 79
78 81
78 53
79 0
79 40
79 77
79 46
79 79
79 81
79 20
79 53
79 87
79 57
79 58
79 59
80 32
80 36
80 38
80 6
80 14
80 79
80 81
80 83
80 20
80 46
80 57
80 58
80 59
80 53
82 0
82 81
82 57
82 79
83 0
83 34
83 36
83 40
83 77
83 46
83 79
83 20
83 53
83 87
83 57
83 58
83 59
84 0
84 32
84 36
84 6
84 40
84 77
84 46
84 79
84 81
84 20
84 53
84 57
84 58
84 59
86 0
86 32
86 36
86 40
86 77
86 46
86 80
86 81
86 83
86 20
86 85
86 87
86 57
86 58
86 59
87 32
87 38
87 40
87 77
87 14
87 80
87 81
87 85
87 87
87 57
87 58
87 29
87 53
