88
2 0
2 1
2 3
2 36
2 7
2 11
2 12
2 45
2 14
2 59
2 75
2 83
2 21
2 22
2 23
2 24
2 27
2 61
4 40
4 5
4 8
4 9
4 43
4 45
4 78
4 79
4 17
4 20
4 23
4 24
4 25
4 26
4 27
4 61
6 0
6 1
6 3
6 39
6 40
6 9
6 42
6 43
6 13
6 45
6 17
6 83
6 21
6 22
6 58
6 30
8 0
8 8
8 9
8 42
8 11
8 13
8 78
8 45
8 17
8 83
8 86
8 40
8 25
8 58
8 59
8 30
10 1
10 3
10 36
10 54
10 39
10 40
10 42
10 75
10 13
10 78
10 45
10 49
10 83
10 22
10 23
10 56
10 25
10 59
10 62
12 0
12 3
12 36
12 5
12 39
12 9
12 42
12 78
12 61
12 16
12 17
12 83
12 62
12 22
12 26
12 79
12 58
12 30
15 17
15 5
18 1
18 66
18 9
18 42
18 78
18 16
18 49
18 50
18 86
18 23
18 56
18 25
18 26
18 59
18 58
18 30
20 66
20 43
20 7
20 9
20 11
20 13
20 78
20 17
20 58
20 83
20 21
20 23
20 62
20 25
20 26
20 59
20 29
20 39
21 0
21 3
21 5
21 7
21 8
21 9
21 43
21 12
21 79
21 17
21 75
21 20
21 22
21 25
21 58
21 86
21 61
21 62
22 0
22 1
22 3
22 36
22 86
22 8
22 43
22 78
22 79
22 56
22 21
22 59
22 24
22 26
22 27
22 62
25 3
25 36
25 7
25 8
25 9
25 43
25 12
25 45
25 79
25 83
25 62
25 86
25 61
25 30
26 0
26 39
26 8
26 9
26 42
26 43
26 79
26 16
26 49
26 22
26 56
26 24
26 25
26 26
26 59
28 3
28 5
28 7
28 42
28 79
28 16
28 56
28 83
28 62
28 54
28 23
28 24
28 59
28 86
28 30
29 5
29 8
29 9
29 42
29 11
29 85
29 24
29 58
29 59
29 62
30 0
30 3
30 5
30 7
30 40
30 9
30 42
30 43
30 12
30 14
30 56
30 75
30 22
30 24
30 26
31 66
31 3
31 36
31 5
31 39
31 40
31 9
31 11
31 78
31 75
31 16
31 17
31 50
31 83
31 21
31 22
31 56
31 25
31 59
31 86
32 66
32 3
32 36
32 49
32 7
32 8
32 39
32 45
32 78
32 79
32 40
32 50
32 83
32 21
32 56
32 24
32 58
32 75
32 61
33 0
33 66
33 75
33 36
33 7
33 8
33 42
33 11
33 78
33 16
33 40
33 50
33 83
33 85
33 22
33 56
33 59
33 62
34 0
34 66
34 36
34 5
34 39
34 9
34 12
34 78
34 79
34 17
34 21
34 56
34 58
34 59
34 30
35 1
35 3
35 36
35 5
35 39
35 8
35 43
35 12
35 79
35 17
35 75
35 83
35 21
35 86
35 49
35 58
35 62
36 0
36 3
36 36
36 54
36 7
36 40
36 11
36 12
36 45
36 79
36 17
36 83
36 22
36 23
36 24
36 68
36 86
36 62
37 0
37 1
37 3
37 36
37 7
37 9
37 11
37 14
37 61
37 75
37 83
37 78
37 22
37 23
37 56
37 25
37 26
37 27
37 58
38 36
38 86
38 7
38 8
38 9
38 42
38 12
38 78
38 16
38 40
38 22
38 23
38 24
38 25
38 26
38 58
38 30
39 0
39 1
39 75
39 36
39 40
39 49
39 8
39 9
39 11
39 61
39 17
39 83
39 20
39 22
39 23
39 24
39 29
41 0
41 75
41 36
41 5
41 7
41 8
41 42
41 11
41 13
41 14
41 16
41 17
41 83
41 56
41 39
41 26
41 59
41 62
42 3
42 36
42 5
42 39
42 8
42 11
42 79
42 16
42 17
42 83
42 56
42 24
42 25
42 58
42 59
44 0
44 1
44 8
44 78
44 85
44 54
46 1
46 66
46 36
46 5
46 40
46 9
46 43
46 78
46 79
46 17
46 83
46 20
46 22
46 23
46 24
46 25
46 58
46 59
47 1
47 66
47 5
47 7
47 40
47 42
47 39
47 45
47 78
47 16
47 17
47 20
47 56
47 25
47 26
47 59
48 0
48 66
48 3
48 49
48 7
48 40
48 9
48 11
48 12
48 45
48 79
48 17
48 83
48 62
48 23
48 24
48 58
48 61
48 30
49 61
49 75
49 66
49 5
49 39
49 40
49 43
49 13
49 78
49 45
49 49
49 20
49 21
49 54
49 56
49 25
49 26
49 27
49 58
49 62
52 1
52 66
52 43
52 36
52 5
52 7
52 40
52 39
52 78
52 79
52 16
52 75
52 83
52 23
52 56
52 25
52 58
52 61
52 62
53 75
53 39
53 8
53 11
53 12
53 43
53 3
53 21
53 26
53 59
53 62
55 25
55 23
57 66
57 36
57 49
57 7
57 40
57 9
57 12
57 13
57 45
57 16
57 17
57 83
57 85
57 22
57 56
57 86
57 62
62 7
62 40
62 42
62 11
62 12
62 79
62 16
62 17
62 50
62 62
62 86
62 25
62 59
62 29
62 39
63 0
63 1
63 66
63 3
63 5
63 8
63 9
63 42
63 43
63 13
63 78
63 79
63 17
63 83
63 20
63 62
63 59
63 60
63 30
63 85
64 0
64 1
64 3
64 86
64 7
64 8
64 11
64 43
64 40
64 21
64 22
64 56
64 25
64 26
64 79
64 58
64 39
65 0
65 1
65 36
65 5
65 7
65 8
65 9
65 42
65 39
65 12
65 79
65 17
65 83
65 21
65 86
65 56
65 24
65 25
65 58
65 30
66 0
66 66
66 8
66 9
66 11
66 13
66 79
66 17
66 40
66 22
66 23
66 56
66 26
66 59
66 62
67 1
67 66
67 43
67 36
67 7
67 8
67 11
67 13
67 78
67 45
67 40
67 50
67 86
67 56
67 25
67 26
67 59
67 58
67 62
68 26
69 0
69 66
69 43
69 7
69 40
69 9
69 11
69 45
69 78
69 79
69 49
69 62
69 86
69 56
69 24
69 39
69 59
69 30
70 66
70 43
70 7
70 39
70 12
70 14
70 61
70 49
70 51
70 78
70 83
70 24
70 25
70 26
70 59
70 58
70 62
71 0
71 68
71 59
71 36
71 49
71 42
71 12
71 45
71 61
71 17
71 83
71 85
71 86
71 23
71 24
71 25
71 58
71 27
71 29
72 3
72 36
72 86
72 7
72 8
72 39
72 12
72 43
72 16
72 40
72 83
72 20
72 21
72 22
72 27
73 0
73 1
73 66
73 5
73 8
73 9
73 12
73 79
73 16
73 83
73 62
73 54
73 26
73 59
73 86
73 61
73 30
73 85
76 83
76 3
76 40
76 79
76 11
76 12
76 13
76 14
76 61
76 17
76 75
76 58
76 20
76 22
76 23
76 24
76 26
76 27
76 29
76 30
77 66
77 75
77 36
77 7
77 43
77 16
77 59
79 0
79 5
79 7
79 40
79 11
79 78
79 79
79 16
79 17
79 62
79 86
79 56
79 24
79 30
80 59
80 36
80 5
80 39
80 8
80 11
80 61
80 50
80 83
80 85
80 22
80 24
80 25
80 58
80 54
80 29
80 62
81 0
81 1
81 66
81 43
81 36
81 86
81 8
81 9
81 11
81 12
81 14
81 78
81 51
81 20
81 21
81 22
81 29
82 16
82 24
82 66
82 7
84 1
84 3
84 86
84 39
84 8
84 9
84 42
84 75
84 79
84 16
84 17
84 21
84 22
84 56
84 58
84 27
84 29
85 3
85 86
85 7
85 9
85 11
85 45
85 43
85 16
85 17
85 62
85 22
85 23
85 56
85 25
85 26
85 59
85 39
85 85
87 66
87 3
87 5
87 39
87 9
87 17
87 21
87 58
87 30
