88
0 0
0 66
0 75
0 36
0 69
0 7
0 9
0 10
0 39
0 13
0 46
0 47
0 21
0 86
0 23
0 26
0 79
0 29
1 32
1 3
1 6
1 7
1 9
1 42
1 13
1 79
1 17
1 50
1 67
1 54
1 47
2 33
2 66
2 67
2 7
2 8
2 10
2 34
2 46
2 81
2 18
2 53
2 86
2 31
3 33
3 67
3 71
3 8
3 46
3 83
3 53
3 23
3 26
3 31
4 1
4 66
4 67
4 8
4 9
4 74
4 76
4 46
4 79
4 81
4 27
4 10
5 43
5 69
5 7
5 73
5 42
5 71
5 76
5 77
5 78
5 18
5 87
5 56
5 61
6 0
6 33
6 34
6 35
6 36
6 69
6 39
6 40
6 76
6 42
6 75
6 44
6 46
6 47
6 48
6 49
6 53
6 57
6 28
7 2
7 3
7 36
7 9
7 75
7 81
7 82
7 67
7 43
7 87
7 26
7 59
7 60
8 2
8 7
8 10
8 11
8 44
8 46
8 48
8 53
8 87
8 23
8 26
8 27
8 42
9 32
9 2
9 7
9 8
9 10
9 39
9 76
9 45
9 77
9 47
9 48
9 81
9 21
9 54
9 87
9 26
9 27
9 31
10 33
10 34
10 75
10 8
10 10
10 11
10 76
10 78
10 79
10 49
10 47
10 61
10 31
11 36
11 37
11 8
11 74
11 46
11 61
11 49
11 82
11 20
11 23
11 84
11 59
11 10
12 3
12 38
12 39
12 73
12 74
12 75
12 12
12 46
12 79
12 63
13 33
13 43
13 38
13 7
13 9
13 42
13 75
13 61
13 81
13 86
13 29
13 31
16 9
16 78
16 47
17 0
17 1
17 69
17 49
17 11
17 47
17 81
17 53
17 26
17 59
17 31
18 1
18 10
18 67
18 87
19 1
19 66
19 67
19 69
19 6
19 39
19 9
19 75
19 44
19 13
19 79
19 48
20 66
20 3
20 36
20 6
20 42
20 12
20 46
20 79
20 48
20 81
20 85
20 26
20 47
21 36
21 87
22 3
23 1
23 34
23 3
23 36
23 69
23 7
23 10
23 11
23 46
23 82
23 85
23 87
23 33
23 31
24 59
24 60
24 30
25 36
25 30
26 33
26 66
26 43
26 69
26 38
26 7
26 8
26 9
26 39
26 79
26 87
26 26
27 66
27 3
27 42
27 75
27 43
27 87
27 31
28 32
28 76
28 6
29 1
29 66
29 59
29 69
29 8
29 9
29 11
29 44
29 49
29 86
29 87
29 27
29 61
29 31
30 67
30 23
31 67
31 8
31 9
31 79
31 81
31 3
31 26
31 63
33 64
33 34
33 35
33 36
33 7
33 8
33 42
33 76
33 78
33 81
33 18
33 46
33 87
34 1
34 43
35 66
35 43
35 36
35 38
35 7
35 72
35 9
35 11
35 77
35 83
35 20
35 86
35 26
36 33
36 2
36 39
36 8
36 42
36 76
36 79
36 48
36 85
36 86
36 47
36 60
36 30
37 33
37 67
37 7
37 9
37 11
37 44
37 45
37 48
37 49
37 86
37 87
37 59
37 29
38 32
38 48
38 87
39 66
39 67
39 38
39 71
39 9
39 10
39 75
39 44
39 79
39 43
39 86
39 87
40 1
40 36
40 33
40 9
40 10
40 11
40 44
40 79
40 50
40 26
40 47
40 63
41 2
41 6
41 39
41 8
41 9
41 12
41 73
41 49
41 54
41 87
41 57
41 62
41 31
42 66
42 11
42 43
42 13
42 47
42 49
42 86
42 27
43 68
43 37
43 6
43 49
43 42
43 43
43 44
43 17
43 19
43 21
44 0
44 35
44 36
44 37
44 38
44 7
44 42
44 39
44 13
44 48
44 49
44 86
44 81
44 69
44 31
45 36
45 73
45 10
45 11
45 76
45 78
45 49
45 85
45 26
45 31
46 43
46 69
47 69
47 9
47 75
47 44
47 79
47 48
47 18
47 27
47 37
48 36
48 72
48 11
48 44
48 45
48 47
48 48
48 84
48 54
48 87
49 33
49 35
49 36
49 38
49 6
49 72
49 9
49 42
49 11
49 46
49 23
49 26
49 27
50 1
50 35
50 6
50 49
50 23
50 79
50 48
50 81
50 82
50 84
50 21
50 86
50 87
50 29
51 1
51 2
51 43
51 36
51 7
51 74
51 11
51 76
51 77
51 47
51 82
51 23
51 39
51 26
53 1
53 69
53 7
53 72
53 42
53 43
53 44
53 13
53 47
53 81
53 82
53 19
54 1
54 43
54 10
54 11
54 76
54 78
54 47
54 48
54 46
54 86
54 87
54 30
54 31
55 3
55 9
55 23
55 44
55 77
55 17
55 18
55 20
55 87
56 64
56 2
56 36
56 69
56 8
56 9
56 10
56 11
56 66
56 81
56 53
57 32
57 33
57 67
57 7
57 42
57 75
57 48
57 18
57 85
57 57
58 3
58 69
58 42
58 77
58 17
58 23
58 58
58 31
59 67
59 36
59 6
59 38
59 49
59 45
59 47
59 81
59 31
60 64
60 66
60 75
60 7
60 8
60 73
60 11
60 76
60 44
60 56
60 39
60 63
60 62
60 31
61 67
61 36
61 7
61 40
61 10
61 75
61 44
61 46
61 79
61 42
61 74
61 78
61 23
61 84
61 29
62 1
62 34
62 3
62 6
62 7
62 8
62 10
62 43
62 12
62 47
62 48
62 75
62 35
62 54
62 87
62 58
63 0
63 33
63 36
63 69
63 38
63 7
63 9
63 10
63 44
63 47
63 23
63 26
63 30
63 31
64 82
64 44
64 61
65 1
65 66
65 3
65 68
65 6
65 7
65 40
65 75
65 79
65 81
65 86
65 39
65 25
65 30
66 33
66 66
66 35
66 7
66 42
66 11
66 76
66 47
66 16
66 43
66 18
66 83
66 84
66 39
67 66
67 36
67 71
67 74
67 11
67 76
67 47
67 81
67 18
67 86
67 23
67 39
67 58
67 61
68 3
68 7
68 8
68 9
68 42
68 43
68 18
68 79
68 82
68 67
68 23
68 59
68 30
69 66
69 3
69 69
69 72
69 43
69 76
69 46
69 49
69 50
69 26
69 29
69 31
70 33
70 11
70 38
70 6
70 7
70 42
70 75
70 48
70 17
70 83
70 43
70 23
70 58
70 63
71 0
71 33
71 3
71 71
71 9
71 10
71 11
71 79
71 75
71 21
72 66
72 67
72 49
72 44
72 74
72 76
72 34
72 46
72 48
72 17
72 3
72 23
72 30
73 33
73 3
73 36
73 49
73 1
73 9
73 74
73 44
73 81
73 82
74 36
74 39
74 73
74 42
74 11
74 79
74 24
74 26
74 47
75 3
75 6
75 9
75 42
75 43
75 46
75 79
75 48
75 21
75 86
75 47
76 66
76 11
76 75
76 34
76 46
76 79
76 67
76 87
76 55
76 47
77 66
77 3
77 49
77 8
77 42
77 11
77 46
77 79
77 16
77 43
77 52
77 87
77 63
78 66
78 26
78 39
79 66
79 67
79 36
79 69
79 42
79 75
79 46
79 47
79 48
79 43
79 21
79 86
79 23
79 31
80 76
80 31
81 1
81 36
81 69
81 70
81 43
81 76
81 48
81 53
81 26
81 30
82 62
82 23
83 32
83 33
83 67
83 6
83 8
83 81
83 82
83 86
83 87
83 27
84 65
84 3
84 69
84 7
84 8
84 78
84 17
84 50
84 83
84 53
84 87
84 59
84 63
85 1
85 2
85 11
85 49
85 9
85 75
85 44
85 47
85 81
85 86
85 60
86 33
86 68
86 74
86 76
86 79
86 18
86 19
86 84
86 54
86 23
86 47
86 29
87 1
87 67
87 49
87 8
87 9
87 11
87 76
87 79
87 81
87 86
87 87
87 44
