88
1 0
1 1
1 5
1 38
1 48
1 9
1 42
1 44
1 77
1 14
1 16
1 49
1 41
1 23
1 24
1 58
1 63
2 0
2 1
2 3
2 82
2 5
2 48
2 43
2 12
2 77
2 47
2 16
2 75
2 35
2 22
2 25
2 58
2 63
4 49
4 75
5 0
5 36
5 42
5 75
5 77
5 13
5 49
5 82
5 19
5 23
5 57
5 63
5 31
6 0
6 1
6 35
6 10
6 75
6 12
6 13
6 14
6 47
6 16
6 49
6 57
6 25
6 28
6 42
6 63
9 0
9 3
9 44
9 42
9 43
9 12
9 14
9 49
9 82
9 55
9 57
9 28
9 31
10 0
10 1
10 5
10 13
10 14
10 18
10 23
10 25
10 27
10 28
10 30
10 38
10 41
10 42
10 43
10 47
10 49
10 55
10 57
10 58
10 61
10 63
10 75
13 0
13 1
13 5
13 10
13 12
13 13
13 14
13 16
13 18
13 19
13 23
13 28
13 30
13 31
13 42
13 47
13 48
13 49
13 57
13 58
13 63
13 77
13 82
14 0
14 48
14 35
14 36
14 75
14 77
14 47
14 16
14 18
14 82
14 22
14 23
14 57
14 58
14 63
16 0
16 3
16 9
16 12
16 14
16 16
16 22
16 23
16 28
16 30
16 31
16 35
16 38
16 42
16 43
16 44
16 48
16 51
16 55
16 57
16 58
16 61
16 63
16 75
16 82
17 0
17 1
17 5
17 48
17 63
17 42
17 75
17 12
17 15
17 16
17 49
17 51
17 57
17 58
17 47
17 30
17 31
18 0
18 1
18 5
18 13
18 14
18 15
18 16
18 22
18 24
18 25
18 30
18 35
18 38
18 42
18 43
18 44
18 48
18 49
18 55
18 57
18 58
18 63
18 75
20 16
21 43
21 41
21 75
21 19
21 57
21 25
21 63
22 1
22 3
22 5
22 10
22 12
22 13
22 14
22 16
22 18
22 22
22 27
22 28
22 30
22 35
22 42
22 43
22 44
22 48
22 49
22 55
22 57
22 75
25 0
25 3
25 12
25 13
25 15
25 16
25 19
25 22
25 23
25 28
25 30
25 31
25 35
25 38
25 44
25 48
25 55
25 57
25 58
25 63
25 71
25 75
25 82
26 35
26 41
26 75
26 47
26 48
26 43
26 82
26 19
26 23
26 57
26 58
26 63
26 31
28 3
28 10
28 14
28 47
28 49
28 15
28 31
30 0
30 42
30 14
30 47
30 48
30 22
30 55
30 28
30 30
30 31
31 0
31 1
31 3
31 10
31 12
31 13
31 14
31 15
31 16
31 24
31 30
31 31
31 38
31 42
31 43
31 47
31 48
31 49
31 55
31 57
31 63
31 71
31 77
32 48
32 49
32 43
32 63
33 48
33 57
33 15
34 14
35 35
35 38
35 75
35 14
35 16
35 43
35 82
35 23
35 55
35 63
35 30
35 31
36 0
36 1
36 5
36 13
36 14
36 15
36 16
36 18
36 22
36 31
36 35
36 38
36 42
36 43
36 48
36 55
36 57
36 58
36 63
36 71
36 75
36 77
36 82
37 0
37 35
37 38
37 75
37 12
37 47
37 43
37 18
37 58
37 31
38 49
38 63
38 12
38 47
40 0
40 3
40 5
40 14
40 15
40 16
40 18
40 25
40 27
40 28
40 30
40 35
40 41
40 42
40 43
40 48
40 49
40 55
40 57
40 58
40 63
40 75
40 77
44 0
44 35
44 9
44 42
44 75
44 12
44 77
44 14
44 47
44 48
44 49
44 19
44 55
44 58
44 30
44 31
45 0
45 1
45 10
45 12
45 14
45 15
45 16
45 18
45 28
45 35
45 38
45 41
45 42
45 43
45 47
45 48
45 49
45 55
45 57
45 63
45 75
45 82
46 28
47 0
47 1
47 5
47 10
47 12
47 13
47 14
47 22
47 28
47 30
47 31
47 35
47 41
47 43
47 44
47 47
47 49
47 55
47 57
47 58
47 63
47 75
47 82
48 0
48 35
48 42
48 75
48 15
48 16
48 82
48 19
48 55
48 58
48 47
48 28
48 63
49 1
49 35
49 44
49 12
49 16
49 49
49 82
49 51
49 57
49 63
49 28
49 30
49 31
50 0
50 3
50 41
50 12
50 47
50 48
50 49
50 22
50 57
50 63
51 1
51 35
51 38
51 42
51 12
51 13
51 14
51 47
51 48
51 19
51 22
51 55
51 57
51 63
51 30
51 31
52 0
52 1
52 35
52 71
52 42
52 55
52 14
52 23
52 24
52 25
52 63
52 28
52 31
53 35
53 3
53 10
53 14
53 48
53 19
53 25
54 0
54 1
54 3
54 5
54 10
54 14
54 16
54 18
54 22
54 25
54 28
54 30
54 31
54 35
54 38
54 41
54 42
54 47
54 48
54 49
54 55
54 58
54 63
54 75
54 77
54 82
56 0
56 35
56 75
56 47
56 43
56 22
56 55
56 58
59 1
59 35
59 75
59 12
59 82
59 47
59 16
59 18
59 22
59 57
59 25
59 58
59 63
59 30
59 31
60 1
60 3
60 5
60 35
60 44
60 75
60 12
60 13
60 47
60 16
60 49
60 82
60 19
60 58
60 63
60 28
60 31
61 0
61 1
61 3
61 36
61 5
61 42
61 12
61 77
61 14
61 49
61 82
61 35
61 22
61 55
61 57
61 58
61 30
61 63
62 0
62 1
62 5
62 10
62 13
62 16
62 18
62 19
62 22
62 23
62 30
62 35
62 36
62 38
62 41
62 42
62 43
62 47
62 48
62 49
62 57
62 58
62 82
63 0
63 1
63 5
63 10
63 12
63 13
63 14
63 16
63 22
63 23
63 25
63 28
63 31
63 35
63 42
63 44
63 49
63 55
63 57
63 58
63 63
63 75
63 77
63 82
64 42
64 55
65 0
65 18
65 36
65 42
65 75
65 77
65 14
65 16
65 82
65 58
65 30
66 1
67 0
67 14
68 48
68 1
68 30
68 47
69 1
69 75
69 43
69 12
69 77
69 47
69 18
69 19
69 57
69 22
69 55
69 25
69 58
69 63
69 28
69 31
70 48
70 35
70 82
70 5
70 71
70 9
70 10
70 43
70 77
70 14
70 47
70 16
70 49
70 18
70 58
70 75
70 28
70 42
71 0
71 1
71 35
71 82
71 38
71 77
71 42
71 43
71 13
71 14
71 15
71 16
71 75
71 19
71 57
71 22
71 23
71 25
71 58
71 30
71 63
72 1
72 48
72 42
72 16
72 55
72 58
72 63
73 0
73 5
73 75
73 14
73 48
73 49
73 82
73 31
74 41
74 82
74 43
74 55
75 0
75 1
75 5
75 10
75 12
75 14
75 15
75 16
75 22
75 23
75 24
75 28
75 31
75 35
75 43
75 44
75 47
75 48
75 57
75 58
75 75
75 82
76 3
76 10
76 75
76 12
76 15
76 48
76 35
76 57
76 22
76 23
76 55
76 42
76 30
77 0
77 1
77 5
77 10
77 14
77 15
77 16
77 19
77 23
77 24
77 25
77 28
77 30
77 31
77 42
77 47
77 49
77 55
77 57
77 58
77 63
77 77
77 82
78 58
78 75
79 1
79 82
79 38
79 55
79 44
79 77
79 14
79 47
79 49
79 18
79 19
79 57
79 23
79 25
79 30
79 31
80 0
80 35
80 9
80 10
80 75
80 12
80 13
80 14
80 47
80 49
80 82
80 63
80 42
80 31
82 0
82 35
82 5
82 44
82 43
82 12
82 77
82 14
82 47
82 49
82 19
82 22
82 23
82 63
82 28
82 30
82 31
84 3
84 41
84 75
84 44
84 18
84 55
84 25
86 0
86 1
86 43
86 48
86 49
86 55
86 58
86 31
87 35
87 38
87 42
87 75
87 77
87 14
87 48
87 58
87 31
