88
0 0
0 5
0 8
0 11
0 12
0 22
0 26
0 31
0 32
0 33
0 34
0 36
0 39
0 45
0 54
0 60
0 64
0 67
0 75
0 78
0 79
0 87
1 8
1 12
1 17
1 21
1 31
1 32
1 33
1 38
1 39
1 42
1 44
1 45
1 49
1 54
1 57
1 60
1 63
1 64
1 66
1 78
1 81
1 87
2 0
2 64
2 67
2 36
2 49
2 38
2 7
2 42
2 39
2 45
2 78
2 17
2 54
2 56
2 26
2 74
2 63
3 64
3 35
3 36
3 5
3 38
3 39
3 44
3 12
3 81
3 63
3 48
3 17
3 67
3 78
3 22
3 55
3 57
3 26
3 54
3 60
3 31
4 64
4 67
4 39
4 8
4 74
4 75
4 22
5 32
5 34
5 12
5 78
5 22
5 87
5 31
6 0
6 3
6 7
6 8
6 11
6 17
6 18
6 22
6 26
6 31
6 39
6 42
6 44
6 45
6 49
6 54
6 55
6 56
6 60
6 63
6 64
6 67
6 74
6 77
6 81
6 83
8 64
8 32
8 54
8 39
8 75
8 44
8 45
8 18
8 22
8 87
8 56
8 55
9 3
9 8
9 12
9 17
9 18
9 26
9 31
9 32
9 34
9 38
9 41
9 44
9 45
9 49
9 54
9 55
9 56
9 57
9 66
9 75
9 79
9 81
9 87
10 5
10 8
10 11
10 12
10 15
10 22
10 26
10 31
10 33
10 34
10 42
10 44
10 54
10 55
10 56
10 60
10 64
10 66
10 74
10 76
10 77
10 81
10 87
12 81
12 18
12 36
12 54
12 39
13 81
13 35
15 64
15 32
15 7
15 8
15 42
15 11
15 78
15 20
15 54
15 56
15 39
15 60
15 63
16 3
16 78
16 63
19 0
19 5
19 17
19 18
19 31
19 32
19 33
19 38
19 39
19 42
19 45
19 54
19 55
19 57
19 63
19 64
19 74
19 76
19 81
19 82
19 84
19 87
21 3
21 7
21 11
21 12
21 18
21 20
21 22
21 26
21 31
21 33
21 38
21 39
21 41
21 42
21 45
21 54
21 55
21 56
21 57
21 74
21 77
21 82
23 5
23 7
23 18
23 21
23 22
23 31
23 33
23 34
23 36
23 41
23 44
23 45
23 46
23 49
23 54
23 55
23 57
23 60
23 63
23 64
23 66
23 74
23 79
23 81
24 64
24 82
24 81
24 39
24 8
24 42
24 12
24 77
24 78
24 15
24 17
24 18
24 22
24 26
24 31
25 57
25 74
25 55
27 17
27 18
27 11
27 57
27 7
29 64
29 34
29 36
29 38
29 42
29 11
29 78
29 17
29 18
29 54
29 55
29 57
29 26
29 63
30 32
30 3
30 38
30 7
30 39
30 45
30 49
30 18
30 67
30 87
30 63
30 31
31 0
31 7
31 12
31 46
31 49
31 87
31 57
32 66
32 5
32 39
32 7
32 18
32 63
33 32
33 33
33 3
33 36
33 5
33 39
33 8
33 64
33 42
33 11
33 44
33 78
33 17
33 82
33 67
33 55
33 49
33 63
33 60
33 74
33 31
34 74
34 5
34 54
34 22
34 7
35 34
35 36
35 5
35 75
35 44
35 78
35 18
35 87
35 26
35 63
35 31
36 32
36 64
36 35
36 36
36 5
36 49
36 8
36 74
36 45
36 17
36 22
36 87
36 56
36 57
36 60
36 31
37 32
37 64
37 34
37 67
37 36
37 54
37 81
37 41
37 42
37 12
37 82
37 47
37 49
37 18
37 22
37 55
37 56
37 26
37 60
38 56
38 49
43 3
43 49
43 38
43 7
43 8
43 42
43 17
43 18
43 22
43 87
43 57
43 54
43 63
44 42
44 60
46 22
46 38
47 64
47 32
47 3
47 41
47 42
47 11
47 17
47 18
47 55
47 63
48 12
48 60
50 0
50 64
50 67
50 36
50 38
50 7
50 8
50 44
50 74
50 12
50 45
50 78
50 17
50 18
50 82
50 54
50 56
50 26
50 63
50 81
50 31
51 0
51 66
51 67
51 5
51 38
51 49
51 44
51 42
51 12
51 45
51 76
51 17
51 18
51 22
51 57
51 26
51 60
51 31
52 0
52 33
52 34
52 36
52 5
52 38
52 81
52 8
52 45
52 78
52 40
52 84
52 22
52 26
52 54
52 31
53 3
53 8
53 11
53 12
53 17
53 22
53 32
53 33
53 36
53 44
53 45
53 49
53 55
53 56
53 60
53 67
53 74
53 75
53 76
53 79
53 81
53 87
58 0
58 8
58 11
58 12
58 17
58 18
58 22
58 26
58 31
58 32
58 33
58 35
58 38
58 39
58 42
58 44
58 49
58 57
58 60
58 63
58 64
58 77
58 82
58 87
59 0
59 57
59 18
59 82
61 3
61 5
61 7
61 8
61 74
61 11
61 76
61 45
61 18
61 35
61 57
61 54
61 55
61 56
61 39
61 87
61 75
61 60
61 63
64 33
64 36
64 81
64 17
64 57
64 60
65 3
65 5
65 8
65 12
65 17
65 20
65 22
65 29
65 32
65 33
65 34
65 35
65 36
65 38
65 39
65 44
65 46
65 49
65 54
65 56
65 60
65 67
65 74
65 76
65 82
66 64
66 8
66 56
66 60
66 87
67 64
67 33
67 3
67 38
67 7
67 44
67 74
67 11
67 12
67 45
67 87
67 81
67 18
67 57
67 55
67 56
67 39
67 26
67 63
67 31
68 3
68 5
68 7
68 11
68 12
68 18
68 31
68 36
68 38
68 39
68 41
68 42
68 45
68 54
68 56
68 57
68 60
68 63
68 67
68 78
68 81
68 87
69 0
69 32
69 67
69 7
69 8
69 42
69 12
69 82
69 22
69 87
69 57
69 26
70 0
70 5
70 7
70 8
70 11
70 12
70 18
70 22
70 34
70 36
70 39
70 42
70 45
70 46
70 54
70 55
70 56
70 63
70 64
70 67
70 74
70 77
70 78
70 79
70 81
71 33
71 66
71 36
71 5
71 38
71 7
71 8
71 11
71 45
71 79
71 55
71 39
72 32
72 33
72 66
72 3
72 7
72 8
72 44
72 42
72 39
72 12
72 78
72 87
72 17
72 35
72 40
72 67
72 55
72 26
72 60
72 74
72 31
73 67
73 36
73 5
73 38
73 7
73 11
73 44
73 77
73 78
73 15
73 87
73 17
73 18
73 20
73 57
73 56
73 39
73 26
73 79
73 60
73 31
74 81
74 26
75 0
75 3
75 5
75 8
75 11
75 18
75 22
75 32
75 36
75 38
75 39
75 42
75 49
75 55
75 57
75 60
75 63
75 64
75 66
75 67
75 77
75 78
75 81
76 55
76 74
76 67
76 12
76 39
77 64
77 38
77 42
77 45
77 56
77 26
77 63
78 3
78 41
78 11
78 44
78 81
78 18
78 21
78 54
78 87
78 60
79 42
79 87
79 78
79 17
79 55
79 60
79 63
80 64
80 0
80 5
80 32
80 74
80 44
80 49
81 66
81 36
81 38
81 7
81 42
81 45
81 81
81 57
82 0
82 3
82 7
82 8
82 11
82 12
82 18
82 26
82 31
82 32
82 36
82 41
82 45
82 49
82 54
82 55
82 57
82 60
82 64
82 67
82 74
82 81
85 64
85 67
85 49
85 7
85 8
85 44
85 74
85 11
85 12
85 81
85 18
85 3
85 60
85 42
86 0
86 5
86 7
86 11
86 17
86 22
86 31
86 33
86 35
86 36
86 41
86 42
86 44
86 48
86 49
86 54
86 55
86 56
86 57
86 63
86 67
86 74
86 75
86 81
87 0
87 8
87 18
87 26
87 32
87 33
87 34
87 35
87 36
87 38
87 41
87 42
87 44
87 49
87 55
87 56
87 60
87 63
87 64
87 79
87 81
87 87
