88
0 64
0 1
0 3
0 35
0 33
0 73
0 42
0 46
0 79
0 83
0 84
0 23
0 24
0 31
1 0
1 66
1 37
1 73
1 45
1 47
1 51
1 20
1 86
1 23
1 61
2 57
2 47
2 61
2 38
2 7
3 64
3 0
3 44
3 86
3 56
3 57
3 28
3 62
3 63
4 20
4 42
4 36
4 28
5 28
5 47
6 64
6 66
6 7
7 65
7 37
7 73
7 42
7 75
7 44
7 45
7 79
7 48
7 53
7 86
8 40
8 1
9 69
9 71
9 40
9 73
9 42
9 76
9 78
9 79
9 51
9 46
9 56
9 57
9 63
10 64
10 33
10 34
10 5
10 81
10 41
10 83
10 44
10 49
10 19
10 73
10 28
10 61
10 62
10 63
11 64
11 1
11 2
11 35
11 36
11 37
11 33
11 73
11 44
11 34
11 48
11 82
11 83
11 84
11 56
11 62
11 63
12 64
12 76
12 74
12 36
13 0
13 51
13 69
13 44
13 79
13 82
13 83
13 21
13 23
13 63
13 31
16 0
16 69
16 38
16 7
16 40
16 12
16 76
16 51
16 21
16 22
16 86
17 42
17 52
18 33
18 34
18 36
18 75
18 13
18 20
18 55
18 28
18 61
18 62
19 33
19 70
19 40
19 42
19 44
19 45
19 49
19 51
19 52
19 21
19 57
19 27
19 28
19 61
19 31
20 44
20 45
21 2
21 5
21 38
21 41
21 46
21 19
21 84
21 57
21 52
21 61
21 62
22 64
22 1
22 68
22 70
22 40
22 75
22 44
22 45
22 47
22 49
22 21
22 36
22 62
22 63
23 64
23 36
23 41
23 76
23 79
23 82
23 87
23 56
23 28
23 62
23 63
24 34
24 36
24 5
24 40
24 41
24 43
24 60
24 51
24 21
24 73
24 56
24 26
24 27
24 28
24 63
25 0
25 65
25 66
25 5
25 73
25 34
25 80
25 20
25 21
25 86
25 23
25 56
25 62
25 31
26 64
26 65
26 3
26 37
26 70
26 72
26 21
26 86
26 57
26 26
26 28
27 0
27 69
27 7
27 73
27 76
27 12
27 51
27 46
27 41
27 60
27 29
27 31
28 64
28 33
28 2
28 34
28 40
28 74
28 13
28 45
28 49
28 54
28 30
29 34
29 37
29 40
29 73
29 75
29 45
29 47
29 21
29 30
30 0
30 67
30 36
30 75
30 13
30 78
30 47
30 3
30 84
30 21
30 56
30 57
30 26
30 59
31 64
31 66
31 72
31 75
31 13
31 45
31 23
31 56
31 61
31 31
32 27
32 84
33 74
33 22
33 6
34 0
34 1
34 75
34 68
34 86
34 40
34 74
34 43
34 44
34 87
34 49
34 84
34 22
34 23
34 26
34 30
35 66
35 3
35 48
35 84
35 87
35 56
35 60
35 62
35 31
36 84
36 65
36 34
36 36
36 7
36 87
36 45
36 47
36 48
36 19
36 52
36 23
36 24
36 68
36 60
36 61
36 62
36 63
37 1
37 23
37 62
37 39
38 1
38 5
38 7
38 44
38 45
38 46
38 84
38 86
38 23
38 57
38 31
39 64
39 1
39 36
39 33
39 41
39 76
39 62
39 54
39 56
39 30
40 64
40 34
40 67
40 5
40 75
40 13
40 79
40 51
40 21
40 55
40 26
40 62
40 31
41 0
41 35
41 37
41 6
41 7
41 40
41 76
41 13
41 20
41 86
41 28
41 62
42 34
42 3
42 70
42 73
42 43
42 66
42 77
42 47
42 80
42 51
42 84
42 21
42 67
42 60
42 61
42 62
42 31
43 0
43 66
43 7
43 40
43 42
43 75
43 44
43 34
43 48
43 20
43 23
43 28
43 31
44 64
44 7
44 75
44 48
44 20
44 21
44 86
44 56
44 52
45 37
45 41
45 23
45 44
45 45
45 51
45 62
45 73
45 69
45 31
46 34
46 68
46 40
46 75
46 79
46 48
46 56
46 24
46 57
46 47
47 64
47 65
47 34
47 1
47 41
47 7
47 57
47 23
47 24
47 25
47 63
47 60
47 31
48 84
48 35
48 5
48 7
48 41
48 71
48 76
48 78
48 79
48 82
48 52
48 21
48 73
48 57
48 28
49 64
49 33
49 36
49 22
49 44
49 79
49 80
49 84
49 86
49 57
49 47
49 28
49 31
50 38
50 40
50 41
50 43
50 76
50 46
50 80
50 86
50 61
50 63
51 0
51 1
51 35
51 72
51 63
51 42
51 21
51 27
51 28
51 31
52 25
52 57
52 84
52 45
52 47
53 33
53 34
53 5
53 7
53 41
53 74
53 75
53 47
53 51
53 21
53 23
53 59
53 30
54 64
54 0
54 37
54 73
54 75
54 63
54 41
54 57
54 27
54 31
55 0
55 34
55 72
55 76
55 40
55 84
55 57
55 59
55 60
56 0
56 68
56 54
56 41
56 77
56 45
56 52
56 86
56 28
56 62
57 33
57 67
57 59
57 36
57 7
57 40
57 87
57 13
57 45
57 51
57 84
57 86
57 23
57 57
57 47
58 65
58 35
58 54
58 7
58 47
58 79
58 86
58 23
58 27
59 0
59 1
59 36
59 37
59 38
59 33
59 41
59 43
59 80
59 84
59 21
59 56
59 71
59 27
59 28
59 69
60 34
60 68
60 41
60 75
60 13
60 47
60 49
60 56
60 63
61 68
61 72
61 75
61 44
61 45
61 84
61 54
61 57
61 59
62 64
62 65
62 66
62 22
62 72
62 34
62 51
62 86
62 56
62 57
62 37
63 36
63 7
63 72
63 80
63 49
63 51
63 21
63 63
63 28
63 31
64 41
64 60
65 36
65 5
65 40
65 41
65 47
65 21
65 86
65 31
66 33
66 6
66 40
66 75
66 49
66 84
66 87
66 57
66 63
67 34
67 67
67 4
67 7
67 41
67 44
67 16
67 84
67 31
68 64
68 1
68 67
68 36
68 7
68 40
68 45
68 79
68 35
68 86
68 56
68 28
68 31
69 0
69 67
69 5
69 7
69 40
69 42
69 43
69 44
69 51
69 86
69 23
69 63
69 31
70 65
70 34
70 3
70 36
70 69
70 7
70 75
70 45
70 43
70 21
70 49
70 62
71 64
71 65
71 34
71 35
71 1
71 43
71 76
71 45
71 79
71 21
71 86
71 23
71 56
71 29
72 34
72 68
72 6
72 39
72 72
72 46
72 47
72 82
72 52
72 62
72 86
72 63
72 30
72 31
73 64
73 65
73 0
73 7
73 73
73 75
73 45
73 84
74 0
74 73
74 43
74 45
74 47
74 84
74 86
74 9
74 30
75 67
75 36
75 76
75 82
75 84
75 57
75 59
76 65
76 36
76 5
76 45
76 80
76 62
76 24
76 30
76 63
77 1
77 2
77 35
77 36
77 39
77 40
77 73
77 74
77 44
77 59
77 54
77 27
77 28
77 61
77 63
78 0
78 51
78 3
78 6
78 41
78 67
78 86
78 56
78 28
78 30
79 64
79 2
79 7
79 49
79 54
79 56
79 57
79 29
79 63
80 64
80 65
80 34
80 5
80 7
80 41
80 51
80 52
80 56
80 58
80 60
80 31
81 65
81 38
81 6
81 75
81 46
81 49
81 83
81 26
81 28
82 48
82 34
82 67
82 5
82 41
82 42
82 75
82 44
82 45
82 79
82 80
82 83
82 24
82 26
83 57
83 35
83 28
83 21
83 61
84 34
84 3
84 5
84 76
84 46
84 49
84 67
84 21
84 86
84 23
84 56
84 59
85 65
85 35
85 36
85 22
85 40
85 45
85 79
85 49
85 51
85 84
85 86
85 56
85 62
85 63
86 67
86 41
86 74
86 55
86 44
86 79
86 87
87 1
87 34
87 68
87 5
87 65
87 75
87 84
87 56
87 28
