88
2 0
2 1
2 3
2 6
2 12
2 13
2 19
2 22
2 25
2 26
2 33
2 42
2 44
2 45
2 51
2 52
2 57
2 60
2 61
2 64
2 69
2 71
2 73
2 74
2 79
3 64
3 1
3 71
3 42
3 75
3 44
3 13
3 19
3 57
3 22
3 23
3 55
3 26
3 60
8 0
8 1
8 4
8 6
8 11
8 12
8 13
8 22
8 25
8 26
8 33
8 36
8 37
8 39
8 41
8 42
8 43
8 44
8 53
8 55
8 57
8 60
8 61
8 63
8 64
8 66
8 67
8 69
8 70
8 71
8 74
8 75
8 78
8 79
8 80
10 1
10 3
10 4
10 6
10 9
10 12
10 13
10 19
10 22
10 23
10 26
10 27
10 33
10 39
10 41
10 42
10 44
10 53
10 56
10 57
10 60
10 61
10 64
10 66
10 69
10 71
10 79
10 80
14 1
14 3
14 4
14 9
14 13
14 19
14 22
14 25
14 26
14 27
14 30
14 33
14 38
14 42
14 43
14 44
14 45
14 53
14 57
14 58
14 60
14 61
14 64
14 66
14 69
14 73
14 74
14 79
14 80
14 86
17 0
17 1
17 3
17 5
17 6
17 12
17 13
17 19
17 20
17 22
17 23
17 25
17 26
17 33
17 36
17 37
17 42
17 43
17 44
17 45
17 55
17 60
17 61
17 64
17 66
17 70
17 71
17 74
17 77
17 79
17 80
17 85
18 1
18 4
18 7
18 12
18 22
18 23
18 25
18 27
18 29
18 31
18 33
18 39
18 42
18 43
18 44
18 48
18 53
18 56
18 57
18 58
18 60
18 61
18 63
18 64
18 66
18 69
18 71
18 74
18 75
18 77
18 79
18 80
18 86
21 0
21 1
21 66
21 3
21 6
21 33
21 64
21 80
21 57
21 43
21 12
21 13
21 71
21 74
21 53
21 22
21 23
21 25
21 26
21 60
21 61
29 1
29 3
29 4
29 5
29 12
29 13
29 16
29 20
29 21
29 22
29 25
29 33
29 34
29 39
29 41
29 42
29 43
29 44
29 45
29 48
29 53
29 54
29 55
29 56
29 60
29 64
29 66
29 69
29 71
29 72
29 74
29 75
29 79
29 80
29 86
30 0
30 1
30 6
30 33
30 42
30 75
30 45
30 80
30 19
30 53
30 22
30 23
30 57
30 61
30 51
31 1
31 6
31 12
31 13
31 19
31 22
31 29
31 30
31 42
31 43
31 44
31 45
31 53
31 55
31 60
31 61
31 64
31 66
31 69
31 71
31 74
31 77
31 79
31 80
34 1
34 4
34 9
34 12
34 13
34 19
34 22
34 23
34 33
34 38
34 39
34 42
34 43
34 44
34 53
34 55
34 56
34 58
34 60
34 61
34 64
34 66
34 69
34 71
34 72
34 74
34 79
34 80
35 1
35 6
35 9
35 12
35 13
35 22
35 25
35 30
35 33
35 38
35 42
35 43
35 44
35 45
35 46
35 53
35 57
35 60
35 61
35 64
35 66
35 69
35 80
36 1
36 3
36 5
36 6
36 9
36 12
36 13
36 19
36 22
36 23
36 24
36 25
36 26
36 31
36 32
36 33
36 39
36 42
36 43
36 44
36 45
36 53
36 55
36 57
36 58
36 61
36 64
36 69
36 71
36 75
36 79
36 80
37 0
37 1
37 6
37 12
37 19
37 21
37 23
37 26
37 33
37 36
37 41
37 42
37 43
37 44
37 45
37 53
37 55
37 57
37 60
37 61
37 69
37 75
37 80
37 86
40 0
40 1
40 4
40 6
40 7
40 9
40 13
40 21
40 24
40 26
40 31
40 32
40 33
40 41
40 42
40 43
40 44
40 45
40 53
40 56
40 57
40 60
40 61
40 62
40 64
40 69
40 70
40 71
40 73
40 74
40 75
40 79
40 80
40 86
44 3
44 12
44 13
44 22
44 23
44 25
44 26
44 28
44 33
44 38
44 41
44 43
44 44
44 45
44 53
44 56
44 60
44 61
44 64
44 66
44 71
44 79
44 85
46 0
46 1
46 3
46 12
46 13
46 16
46 22
46 25
46 26
46 39
46 41
46 42
46 45
46 48
46 53
46 55
46 56
46 57
46 60
46 61
46 64
46 66
46 67
46 69
46 71
46 76
46 79
46 80
46 86
47 1
47 66
47 3
47 74
47 44
47 46
47 79
47 52
47 22
47 57
47 26
47 31
48 1
48 3
48 9
48 12
48 13
48 21
48 22
48 23
48 25
48 31
48 33
48 39
48 42
48 43
48 44
48 45
48 53
48 54
48 55
48 56
48 57
48 60
48 66
48 69
48 71
48 72
48 74
48 77
48 80
49 0
49 1
49 3
49 5
49 6
49 11
49 12
49 13
49 19
49 22
49 23
49 25
49 26
49 28
49 32
49 33
49 37
49 39
49 42
49 43
49 44
49 45
49 53
49 55
49 57
49 58
49 60
49 61
49 64
49 66
49 67
49 69
49 71
49 74
49 75
49 79
49 80
50 3
50 12
50 13
50 21
50 22
50 23
50 25
50 26
50 27
50 39
50 43
50 45
50 53
50 56
50 57
50 60
50 61
50 66
50 69
50 71
50 75
50 77
50 79
50 80
53 64
53 1
53 3
53 69
53 39
53 80
53 42
53 43
53 79
53 71
53 75
53 57
53 53
53 22
53 55
53 25
53 26
53 60
56 0
56 33
56 34
56 3
56 37
56 70
56 71
56 64
56 44
56 42
56 43
56 12
56 45
56 79
56 80
56 19
56 22
56 57
56 25
56 26
56 69
57 3
57 4
57 6
57 13
57 25
57 31
57 33
57 36
57 39
57 42
57 43
57 44
57 45
57 51
57 55
57 60
57 61
57 63
57 66
57 71
57 75
57 77
57 80
59 0
59 1
59 4
59 6
59 9
59 12
59 13
59 21
59 26
59 31
59 33
59 39
59 42
59 44
59 45
59 53
59 54
59 55
59 56
59 57
59 60
59 61
59 64
59 69
59 71
59 74
59 76
59 79
59 80
62 1
62 3
62 6
62 12
62 13
62 19
62 21
62 22
62 23
62 24
62 25
62 26
62 27
62 28
62 29
62 33
62 41
62 42
62 43
62 44
62 48
62 52
62 53
62 55
62 57
62 60
62 61
62 62
62 64
62 66
62 70
62 71
62 72
62 74
62 75
62 78
62 79
62 85
63 1
63 3
63 9
63 12
63 23
63 25
63 26
63 33
63 42
63 43
63 44
63 45
63 52
63 53
63 55
63 57
63 60
63 69
63 74
63 75
63 76
63 79
66 3
66 5
66 9
66 12
66 22
66 23
66 24
66 25
66 31
66 33
66 36
66 38
66 39
66 42
66 43
66 44
66 45
66 53
66 55
66 57
66 60
66 61
66 62
66 64
66 69
66 71
66 72
66 75
66 78
66 79
66 80
82 64
82 33
82 69
82 44
82 42
82 12
82 13
82 45
82 57
82 23
82 25
82 26
82 79
82 60
82 61
82 31
83 64
83 3
83 71
83 13
83 25
83 60
83 61
84 0
84 1
84 3
84 4
84 6
84 9
84 12
84 13
84 19
84 22
84 24
84 25
84 26
84 33
84 34
84 36
84 39
84 42
84 43
84 44
84 45
84 52
84 53
84 56
84 57
84 58
84 61
84 64
84 66
84 69
84 70
84 71
84 74
84 75
84 79
84 80
84 86
86 1
86 3
86 11
86 12
86 19
86 22
86 25
86 26
86 31
86 36
86 38
86 39
86 42
86 44
86 45
86 53
86 55
86 56
86 57
86 58
86 60
86 61
86 64
86 66
86 69
86 71
86 75
86 79
86 80
87 6
87 12
87 13
87 20
87 22
87 23
87 25
87 33
87 37
87 39
87 42
87 43
87 45
87 53
87 57
87 60
87 61
87 64
87 66
87 74
87 79
87 80
