88
0 51
0 35
0 68
0 45
0 47
0 83
0 85
0 55
0 27
1 69
2 20
3 2
3 69
3 40
3 45
3 49
3 20
3 26
3 58
9 2
9 35
9 68
9 49
9 83
9 20
9 58
9 27
10 68
11 2
11 5
11 18
11 20
11 26
11 27
11 31
11 32
11 34
11 35
11 40
11 41
11 43
11 45
11 47
11 49
11 51
11 55
11 58
11 63
11 67
11 68
11 69
11 70
11 76
11 81
11 82
11 83
11 85
12 34
13 2
13 5
13 16
13 18
13 20
13 23
13 25
13 26
13 27
13 32
13 34
13 35
13 37
13 38
13 40
13 41
13 43
13 45
13 46
13 47
13 49
13 51
13 52
13 54
13 55
13 56
13 57
13 58
13 59
13 63
13 67
13 68
13 69
13 77
13 82
13 83
13 85
21 34
21 69
21 45
21 47
21 49
21 82
21 51
21 20
21 85
24 2
24 5
24 13
24 16
24 18
24 20
24 23
24 25
24 26
24 27
24 30
24 31
24 32
24 34
24 35
24 37
24 38
24 39
24 40
24 43
24 44
24 45
24 46
24 47
24 48
24 49
24 51
24 52
24 55
24 57
24 58
24 59
24 60
24 63
24 64
24 67
24 68
24 69
24 70
24 71
24 72
24 76
24 77
24 82
24 83
24 85
24 87
25 32
25 51
25 35
25 69
25 40
25 47
25 49
25 18
25 83
25 20
25 85
25 58
25 27
26 43
26 35
27 2
27 35
27 68
27 69
27 47
27 43
27 76
27 34
27 45
27 16
27 49
27 82
27 51
27 20
27 83
27 25
27 26
27 27
28 54
28 68
28 69
28 85
28 45
29 51
31 2
31 35
31 68
31 5
31 70
31 40
31 41
31 43
31 45
31 77
31 16
31 49
31 18
31 51
31 85
31 67
31 58
31 27
31 69
32 2
32 5
32 8
32 13
32 16
32 18
32 20
32 23
32 25
32 26
32 27
32 32
32 34
32 35
32 38
32 40
32 41
32 43
32 45
32 46
32 47
32 49
32 51
32 54
32 55
32 56
32 57
32 58
32 59
32 63
32 67
32 68
32 69
32 70
32 71
32 72
32 74
32 77
32 80
32 82
32 83
32 85
32 87
33 32
33 34
33 82
33 70
33 45
33 47
33 16
33 49
33 18
33 83
33 20
33 85
33 26
33 27
33 58
33 63
37 32
37 2
37 35
37 68
37 47
37 43
37 34
37 45
37 49
37 18
37 83
37 85
37 58
37 27
39 34
39 68
39 69
39 77
39 40
39 47
39 2
39 46
39 45
39 49
39 18
39 51
39 20
39 85
39 58
39 27
48 2
48 16
48 18
48 20
48 25
48 26
48 27
48 34
48 35
48 40
48 41
48 43
48 44
48 45
48 49
48 51
48 56
48 58
48 59
48 63
48 64
48 68
48 69
48 71
48 77
48 80
48 82
48 83
48 85
51 34
51 45
51 47
51 49
51 18
51 51
51 26
52 2
52 4
52 5
52 16
52 18
52 20
52 25
52 26
52 27
52 31
52 32
52 34
52 35
52 40
52 41
52 43
52 45
52 46
52 47
52 49
52 51
52 54
52 56
52 57
52 58
52 60
52 63
52 67
52 68
52 69
52 70
52 71
52 74
52 76
52 82
52 85
52 87
53 32
53 51
53 35
53 68
53 69
53 43
53 18
53 49
53 82
53 83
53 20
53 55
53 27
55 2
55 16
55 18
55 20
55 27
55 31
55 32
55 34
55 35
55 40
55 41
55 43
55 45
55 46
55 47
55 49
55 51
55 55
55 56
55 58
55 63
55 64
55 67
55 68
55 69
55 70
55 77
55 80
55 83
55 85
55 87
56 2
56 3
56 8
56 16
56 18
56 19
56 20
56 23
56 26
56 27
56 32
56 34
56 35
56 40
56 41
56 43
56 45
56 46
56 47
56 49
56 51
56 54
56 55
56 56
56 58
56 63
56 64
56 67
56 69
56 70
56 74
56 76
56 77
56 83
56 85
56 87
58 34
58 67
58 68
58 69
58 40
58 43
58 47
58 49
58 18
58 83
58 20
58 85
58 56
58 58
58 27
59 32
59 34
59 35
59 68
59 69
59 40
59 43
59 45
59 47
59 49
59 18
59 51
59 20
59 85
59 55
59 56
59 26
59 27
59 58
60 32
60 2
60 35
60 68
60 69
60 77
60 43
60 34
60 46
60 45
60 16
60 18
60 51
60 20
60 85
60 83
60 26
60 47
60 58
61 32
61 2
61 69
61 40
61 45
61 47
61 18
61 51
61 20
61 87
61 25
61 58
61 27
64 2
64 5
64 16
64 18
64 26
64 27
64 32
64 34
64 35
64 43
64 45
64 46
64 47
64 51
64 58
64 68
64 69
64 70
64 76
64 77
64 81
64 83
64 85
65 32
65 34
65 35
65 68
65 40
65 43
65 45
65 47
65 49
65 18
65 51
65 20
65 82
65 83
65 26
65 27
65 58
65 85
65 63
66 2
66 5
66 16
66 18
66 19
66 20
66 26
66 31
66 32
66 34
66 35
66 38
66 41
66 43
66 45
66 46
66 47
66 49
66 51
66 58
66 67
66 68
66 69
66 70
66 72
66 77
66 85
66 87
67 2
67 4
67 8
67 13
67 16
67 18
67 20
67 23
67 25
67 26
67 27
67 30
67 31
67 34
67 35
67 39
67 40
67 41
67 43
67 44
67 45
67 46
67 47
67 49
67 51
67 52
67 54
67 55
67 58
67 59
67 60
67 63
67 67
67 68
67 69
67 70
67 71
67 72
67 74
67 77
67 80
67 81
67 82
67 83
67 85
67 87
71 2
71 3
71 4
71 5
71 18
71 19
71 20
71 25
71 26
71 27
71 30
71 32
71 34
71 35
71 37
71 39
71 40
71 41
71 43
71 44
71 45
71 46
71 47
71 48
71 49
71 51
71 54
71 55
71 56
71 57
71 58
71 59
71 60
71 63
71 64
71 67
71 68
71 69
71 70
71 71
71 77
71 81
71 82
71 83
71 85
71 87
72 2
72 3
72 5
72 8
72 16
72 18
72 19
72 20
72 23
72 25
72 26
72 27
72 31
72 32
72 34
72 35
72 40
72 41
72 43
72 44
72 46
72 47
72 48
72 49
72 51
72 55
72 56
72 58
72 64
72 67
72 68
72 69
72 70
72 71
72 77
72 83
72 85
73 2
73 3
73 5
73 16
73 18
73 20
73 23
73 26
73 27
73 30
73 32
73 35
73 40
73 41
73 43
73 45
73 46
73 47
73 49
73 51
73 54
73 55
73 56
73 57
73 63
73 64
73 68
73 69
73 70
73 82
73 83
73 85
74 2
74 5
74 16
74 20
74 26
74 27
74 34
74 35
74 40
74 43
74 44
74 45
74 46
74 47
74 49
74 51
74 55
74 56
74 58
74 64
74 67
74 68
74 70
74 71
74 77
74 82
74 83
74 85
74 87
75 34
75 35
75 68
75 5
75 40
75 43
75 44
75 2
75 47
75 49
75 82
75 51
75 20
75 85
75 56
75 67
75 26
75 27
75 58
75 83
75 63
78 32
78 2
78 68
78 69
78 71
78 40
78 41
78 83
78 45
78 46
78 47
78 49
78 18
78 51
78 20
78 85
78 87
78 56
78 58
78 27
79 2
79 16
79 18
79 20
79 23
79 25
79 26
79 27
79 31
79 32
79 34
79 35
79 40
79 43
79 45
79 47
79 48
79 51
79 52
79 55
79 57
79 58
79 59
79 63
79 68
79 69
79 70
79 71
79 77
79 82
79 83
79 85
85 68
86 2
86 5
86 16
86 18
86 20
86 26
86 27
86 32
86 34
86 35
86 41
86 43
86 44
86 45
86 46
86 47
86 49
86 51
86 55
86 56
86 57
86 58
86 59
86 63
86 68
86 69
86 82
86 83
86 85
