88
0 0
0 1
0 32
0 64
0 9
0 42
0 12
0 16
0 17
0 22
0 55
0 26
0 58
0 30
1 0
1 32
1 43
1 38
1 7
1 10
1 11
1 14
1 49
1 58
1 74
1 39
1 26
1 27
1 29
1 63
2 32
2 4
2 37
2 38
2 7
2 9
2 11
2 82
2 50
2 58
2 55
2 25
2 26
2 29
2 30
2 36
3 35
3 36
3 38
3 7
3 8
3 9
3 10
3 39
3 12
3 81
3 75
3 83
3 74
3 55
3 26
3 29
3 63
5 43
5 37
5 6
5 7
5 9
5 10
5 39
5 49
5 17
5 82
5 58
5 74
5 55
5 26
5 38
5 29
5 63
8 0
8 7
8 10
8 11
8 12
8 22
8 26
8 29
8 30
8 32
8 35
8 36
8 37
8 49
8 50
8 55
8 58
8 66
8 68
8 74
8 75
8 81
8 82
13 1
13 4
13 9
13 10
13 14
13 22
13 26
13 30
13 32
13 36
13 37
13 38
13 39
13 42
13 48
13 50
13 51
13 58
13 63
13 66
13 68
13 74
13 81
13 83
17 1
17 43
17 31
18 0
18 1
18 4
18 6
18 8
18 12
18 17
18 22
18 26
18 29
18 30
18 31
18 32
18 35
18 39
18 48
18 49
18 57
18 58
18 63
18 66
18 74
18 75
18 81
18 82
18 83
19 0
19 64
19 66
19 35
19 6
19 7
19 9
19 14
19 49
19 82
19 55
19 58
19 27
19 29
19 30
19 63
20 27
20 81
20 66
20 11
21 57
23 43
23 4
23 38
23 7
23 9
23 10
23 39
23 12
23 82
23 49
23 50
23 55
23 36
23 26
23 42
23 30
24 26
24 43
24 14
25 6
25 75
25 49
25 22
25 58
25 28
25 63
26 1
26 4
26 6
26 7
26 12
26 16
26 17
26 22
26 26
26 27
26 29
26 32
26 34
26 35
26 36
26 38
26 39
26 42
26 55
26 57
26 63
26 66
26 74
26 75
26 81
26 82
27 1
27 4
27 6
27 7
27 9
27 10
27 12
27 14
27 22
27 26
27 29
27 31
27 34
27 36
27 37
27 38
27 39
27 55
27 63
27 64
27 66
27 75
27 81
27 82
28 1
28 67
28 36
28 37
28 7
28 74
28 82
28 27
28 63
29 66
29 4
29 10
29 12
29 83
29 55
29 25
30 32
30 4
30 6
30 7
30 9
30 10
30 39
30 17
30 83
30 74
30 57
30 22
30 55
30 36
30 58
30 29
31 36
31 38
31 9
31 82
31 28
31 31
32 0
32 58
32 75
32 22
33 83
34 66
34 36
34 38
34 6
34 7
34 10
34 12
34 48
34 83
34 22
34 27
34 30
35 31
35 58
35 11
35 7
38 32
38 1
38 66
38 4
38 37
38 6
38 7
38 38
38 74
38 43
38 12
38 83
38 57
38 22
38 55
38 36
38 58
38 27
38 28
38 63
40 32
40 35
40 4
40 81
40 39
40 9
40 42
40 43
40 12
40 82
40 49
40 75
40 51
40 22
40 58
40 27
40 28
41 32
41 1
41 66
41 11
41 38
41 17
41 75
41 43
41 81
41 83
41 22
41 55
41 30
42 1
42 4
42 7
42 9
42 12
42 25
42 26
42 29
42 30
42 31
42 39
42 42
42 43
42 49
42 51
42 55
42 58
42 66
42 74
42 75
42 81
42 82
42 83
44 1
44 66
44 37
44 38
44 49
44 9
44 10
44 43
44 12
44 17
44 82
44 42
44 83
44 26
44 29
44 30
44 51
45 74
45 36
45 30
45 7
47 10
47 4
47 37
48 1
48 34
48 68
48 6
48 39
48 8
48 74
48 10
48 55
48 4
48 28
48 29
49 0
49 34
49 9
49 74
49 11
49 82
49 83
49 27
49 28
49 29
49 30
50 32
50 34
50 4
50 37
50 38
50 9
50 75
50 12
50 66
50 48
50 81
50 82
50 58
50 55
50 83
50 26
50 27
50 29
50 63
51 1
51 4
51 9
51 10
51 12
51 13
51 22
51 25
51 26
51 28
51 29
51 30
51 35
51 36
51 37
51 38
51 39
51 48
51 66
51 67
51 74
51 75
51 81
51 82
51 83
52 9
52 83
52 12
53 48
53 1
53 66
53 83
54 1
54 66
54 75
54 36
54 7
54 9
54 10
54 11
54 82
54 14
54 81
54 50
54 57
54 22
54 55
54 39
54 74
55 0
55 32
55 34
55 67
55 38
55 9
55 75
55 12
55 82
55 14
55 17
55 50
55 51
55 22
55 83
55 26
55 63
55 58
55 29
55 30
55 31
56 32
56 37
56 6
56 7
56 42
56 39
56 49
56 82
56 22
56 30
57 32
57 1
57 66
57 43
57 4
57 6
57 7
57 8
57 74
57 39
57 82
57 14
57 48
57 75
57 55
57 25
57 29
59 32
59 34
59 43
59 36
59 6
59 39
59 10
59 11
59 66
59 14
59 48
59 49
59 22
59 63
59 81
59 74
59 31
60 66
60 36
60 38
60 9
60 10
60 43
60 12
60 81
60 82
60 58
60 26
60 29
61 1
61 36
61 6
61 39
61 8
61 9
61 74
61 81
61 55
61 58
61 10
61 30
61 63
62 0
62 1
62 68
62 38
62 6
62 39
62 9
62 10
62 11
62 12
62 48
62 50
62 83
62 74
62 22
62 55
62 25
62 58
62 42
62 30
63 1
63 66
63 4
63 38
63 39
63 9
63 74
63 75
63 12
63 81
63 82
63 51
63 22
63 55
63 83
63 25
63 58
63 63
63 29
63 30
63 36
64 64
64 4
64 10
64 75
64 12
64 81
64 83
64 55
64 26
64 28
64 29
65 0
65 68
65 39
65 9
65 81
65 4
65 30
66 32
66 1
66 66
66 4
66 38
66 10
66 75
66 12
66 48
66 58
66 74
66 55
66 36
66 26
66 29
66 63
67 0
67 4
67 81
67 7
67 9
67 10
67 75
67 12
67 63
67 49
67 58
67 74
67 55
67 26
67 27
67 29
67 31
68 1
68 66
68 68
68 38
68 39
68 74
68 11
68 12
68 49
68 50
68 51
68 22
68 55
68 83
68 26
68 81
68 63
69 0
69 66
69 49
69 4
69 38
69 6
69 7
69 74
69 11
69 17
69 50
69 83
69 22
69 55
69 57
69 26
69 27
69 81
69 58
69 31
71 0
71 36
71 38
71 6
71 42
71 83
71 26
71 29
72 66
72 37
72 39
72 9
72 43
72 12
72 13
72 82
72 22
72 26
72 28
73 32
73 34
73 12
73 81
73 83
73 27
73 31
74 66
74 43
74 68
74 38
74 7
74 9
74 42
74 75
74 82
74 83
74 22
74 55
74 39
74 29
75 34
75 37
75 6
75 7
75 10
75 39
75 66
75 14
75 49
75 74
75 55
75 25
75 26
75 58
75 30
76 9
76 36
76 6
77 66
77 36
77 38
77 6
77 7
77 8
77 10
77 83
77 22
77 58
77 29
77 30
78 9
78 42
78 22
78 38
78 63
79 43
79 39
81 0
81 1
81 4
81 6
81 7
81 11
81 12
81 22
81 25
81 26
81 28
81 32
81 36
81 38
81 39
81 42
81 43
81 55
81 63
81 64
81 74
81 75
81 82
81 83
82 32
82 1
82 75
82 4
82 37
82 6
82 7
82 38
82 74
82 11
82 81
82 49
82 25
82 58
82 27
82 68
82 29
82 30
82 36
85 4
85 6
85 39
85 8
85 12
85 49
85 63
86 1
86 35
86 36
86 38
86 6
86 10
86 43
86 12
86 13
86 48
86 75
86 82
86 22
86 25
86 58
86 30
86 63
87 68
87 1
87 66
87 75
87 4
87 38
87 6
87 39
87 9
87 42
87 43
87 49
87 22
87 55
87 57
87 26
87 81
