88
0 0
0 10
0 38
1 4
1 6
1 48
1 81
1 19
1 86
1 57
1 60
1 29
2 65
2 5
2 39
2 9
2 10
2 45
2 46
2 47
2 20
2 78
2 73
2 79
2 60
2 61
2 69
2 31
3 57
3 74
3 60
3 62
4 64
4 0
4 35
4 69
4 41
4 10
4 24
4 42
4 5
5 1
5 38
5 81
5 41
5 87
5 12
5 77
5 47
5 17
5 51
5 20
5 73
5 56
5 25
5 26
5 60
5 52
6 1
6 49
6 71
6 8
6 74
6 17
6 82
6 63
7 72
7 51
7 43
7 20
7 54
8 1
8 35
8 5
8 12
8 13
8 77
8 81
8 51
8 85
8 54
8 25
8 28
8 61
8 31
9 65
9 66
9 4
9 5
9 39
9 40
9 12
9 78
9 72
9 82
9 54
9 23
9 25
9 26
9 60
10 65
10 70
10 35
10 4
10 5
10 6
10 39
10 76
10 13
10 17
10 86
10 24
10 57
10 58
10 60
11 27
11 51
11 54
12 65
12 66
12 5
12 38
12 71
12 73
12 12
12 13
12 51
12 60
12 31
13 30
13 23
14 0
14 82
14 38
17 0
17 47
18 32
18 1
18 2
18 67
18 68
18 5
18 10
18 43
18 61
18 51
18 23
18 24
18 42
18 30
18 37
19 23
19 75
19 71
20 1
20 4
20 70
20 10
20 18
20 19
20 54
20 31
21 64
21 65
21 38
21 70
21 81
21 72
21 75
21 78
21 47
21 17
21 23
21 39
21 30
22 3
22 5
22 42
22 49
22 52
22 28
22 37
23 0
23 69
23 8
23 43
23 76
23 85
23 54
23 30
23 37
24 66
24 36
24 69
24 6
24 71
24 60
24 10
24 43
24 70
24 77
24 51
24 53
24 23
24 24
24 28
24 42
24 85
25 1
25 3
25 5
25 70
25 7
25 8
25 12
25 40
25 51
25 22
25 49
25 54
25 81
25 69
25 31
26 32
26 4
26 6
26 41
26 42
26 17
26 51
26 86
26 56
26 61
26 31
27 0
27 35
27 68
27 81
27 42
27 44
27 46
27 48
27 17
27 52
27 87
27 24
27 26
27 62
27 63
28 0
28 2
28 39
28 74
28 79
28 82
28 84
28 54
28 23
28 24
28 25
28 60
28 42
28 52
29 24
29 17
29 30
30 0
30 65
30 5
30 38
30 41
30 10
30 12
30 46
30 61
30 52
30 54
30 73
30 28
30 42
30 30
30 37
31 0
31 64
31 3
31 81
31 39
31 8
31 43
31 12
31 49
31 67
31 52
31 62
31 22
31 28
31 30
31 31
32 35
32 69
32 71
32 73
32 75
32 81
32 27
32 37
33 3
33 38
33 73
33 42
33 78
33 48
33 17
33 53
33 54
33 41
33 24
33 30
33 31
34 64
34 51
34 66
34 3
34 9
34 13
34 77
34 17
34 82
34 35
34 56
34 53
34 23
34 24
34 28
34 61
34 62
35 0
35 2
35 38
35 47
35 51
35 86
36 27
36 65
36 47
36 69
36 71
37 24
37 4
38 3
38 5
38 70
38 76
38 78
38 79
38 81
38 53
38 23
38 38
39 1
39 37
39 38
39 42
39 76
39 78
39 47
39 17
39 19
39 62
39 54
39 79
39 29
39 30
39 85
40 64
40 5
40 73
40 42
40 77
40 47
40 81
40 82
40 41
40 54
40 23
40 62
40 31
41 68
41 66
41 3
41 4
41 5
41 77
41 40
41 41
41 75
41 50
41 46
41 47
41 18
41 54
41 25
41 62
41 63
42 0
42 67
42 70
42 10
42 75
42 12
42 78
42 25
43 81
43 82
43 67
44 0
44 32
44 66
44 3
44 5
44 49
44 43
44 17
44 67
44 52
44 54
44 87
44 60
44 30
44 31
45 5
45 9
45 19
45 52
45 22
45 24
45 57
45 27
45 60
46 65
46 35
46 36
46 70
46 71
46 40
46 9
46 87
46 72
46 67
46 84
46 85
46 41
46 68
46 26
46 28
46 81
47 0
47 38
47 71
47 8
47 75
47 17
47 53
48 59
48 27
49 65
49 2
49 4
49 10
49 43
49 13
49 81
49 82
49 51
49 20
49 22
49 23
49 60
49 74
49 31
50 0
50 71
50 8
50 42
50 49
50 86
50 25
50 59
51 65
51 20
51 23
52 64
52 32
52 70
52 9
52 12
52 79
52 24
53 4
53 37
53 41
53 42
53 81
53 82
53 52
53 87
53 5
54 32
54 51
54 67
54 8
54 41
54 74
54 55
54 76
54 81
54 82
54 19
54 23
54 28
54 30
55 0
55 2
55 49
55 72
55 41
55 42
55 60
55 77
55 47
55 76
55 17
55 86
55 56
55 28
55 61
56 65
56 2
56 4
56 5
56 70
56 79
56 51
56 56
56 47
56 28
57 32
57 1
57 5
57 6
57 41
57 43
57 13
57 24
57 57
57 26
57 60
57 63
58 4
58 5
58 6
58 71
58 13
58 77
58 82
58 19
58 85
58 86
58 87
58 60
58 37
59 0
59 66
59 6
59 12
59 83
59 22
59 60
59 30
60 65
60 2
60 3
60 38
60 70
60 8
60 41
60 43
60 77
60 81
60 52
60 22
60 40
61 0
61 4
61 37
61 6
61 52
61 54
62 0
62 38
62 8
62 41
62 87
62 12
62 47
62 17
62 51
62 20
62 22
62 57
62 52
62 61
62 31
63 82
63 81
63 8
63 41
63 10
63 75
63 77
63 47
63 49
63 18
63 51
63 54
63 72
63 57
63 79
63 31
64 0
64 35
64 67
64 3
64 37
64 38
64 9
64 42
64 43
64 13
64 47
64 19
64 54
64 60
64 61
65 10
65 12
65 47
66 64
66 65
66 35
66 5
66 70
66 39
66 72
66 42
66 75
66 17
66 62
66 86
66 56
66 61
66 30
66 85
67 33
67 68
67 42
67 43
67 49
67 53
68 51
68 31
69 65
69 4
69 71
69 73
69 42
69 76
69 19
69 84
69 1
69 57
70 35
70 4
70 70
70 6
70 49
70 41
70 10
70 47
70 17
70 86
70 24
70 25
70 74
70 30
70 63
71 71
71 8
71 10
71 17
71 82
71 52
72 74
72 5
72 38
72 39
72 41
72 10
72 77
72 63
72 48
72 17
72 20
72 53
72 49
72 27
72 81
72 42
72 31
73 65
73 66
73 35
73 68
73 71
73 72
73 12
73 13
73 77
73 53
73 54
73 56
73 26
73 85
73 31
74 64
74 32
74 38
74 10
74 43
74 77
74 17
74 52
74 22
74 55
74 57
75 1
75 4
75 49
75 33
75 8
75 10
75 78
75 81
75 51
75 72
76 35
76 70
76 12
76 3
76 53
76 23
76 59
76 60
77 0
77 64
77 4
77 38
77 8
77 10
77 43
77 12
77 13
77 47
77 17
77 82
77 19
77 24
77 42
78 35
78 69
78 6
78 39
78 74
78 75
78 79
78 24
78 57
78 58
78 28
79 64
79 35
79 36
79 37
79 41
79 74
79 75
79 79
79 17
79 51
79 53
79 68
79 26
79 60
79 30
80 2
80 4
80 69
80 60
80 75
80 77
80 81
80 51
80 27
80 28
81 1
81 66
81 35
81 69
81 40
81 10
81 77
81 45
81 22
81 62
82 65
82 70
82 38
82 8
82 41
82 13
82 52
82 37
83 64
83 65
83 74
83 12
83 13
83 82
83 52
83 53
83 24
84 0
84 34
84 38
84 42
84 76
84 47
84 19
84 52
84 85
84 61
85 8
85 62
85 54
86 65
86 2
86 35
86 69
86 9
86 75
86 77
86 13
86 81
86 82
86 23
86 63
86 28
86 5
87 65
87 4
87 42
87 76
87 78
87 47
87 82
87 53
87 57
87 24
87 25
87 31
