88
2 2
2 8
2 10
2 12
2 24
2 25
2 31
2 38
2 41
2 43
2 45
2 48
2 54
2 65
2 71
2 73
2 75
2 79
2 80
2 81
2 82
2 84
2 85
5 4
5 69
5 38
5 73
5 10
5 85
5 54
5 87
5 24
5 26
5 53
6 3
6 6
6 8
6 10
6 12
6 13
6 24
6 26
6 31
6 34
6 37
6 41
6 55
6 57
6 68
6 69
6 71
6 73
6 80
6 81
6 84
6 85
6 87
9 34
9 3
9 8
9 41
9 10
9 45
9 53
10 3
10 4
10 6
10 8
10 9
10 13
10 26
10 36
10 37
10 40
10 41
10 48
10 53
10 54
10 65
10 69
10 75
10 79
10 80
10 81
10 85
10 87
13 2
13 4
13 6
13 8
13 9
13 10
13 11
13 12
13 13
13 24
13 25
13 26
13 28
13 31
13 36
13 37
13 38
13 40
13 41
13 45
13 48
13 49
13 55
13 57
13 65
13 68
13 69
13 71
13 73
13 75
13 76
13 79
13 80
13 81
13 82
13 85
13 87
14 65
14 4
14 8
14 9
14 10
14 75
14 45
14 80
14 85
14 73
14 36
14 26
14 53
16 2
16 4
16 5
16 8
16 10
16 11
16 12
16 13
16 25
16 26
16 31
16 32
16 34
16 38
16 40
16 43
16 45
16 48
16 53
16 54
16 57
16 62
16 69
16 73
16 75
16 76
16 79
16 80
16 81
16 82
16 84
16 85
16 87
17 65
17 34
17 75
17 69
17 71
17 73
17 11
17 54
20 65
20 69
20 8
20 12
20 85
20 54
20 87
20 37
21 65
21 34
21 37
21 71
21 8
21 41
21 10
21 87
21 12
21 13
21 73
21 48
21 84
21 53
21 54
21 57
21 24
21 25
21 85
21 69
22 69
22 41
22 57
22 75
22 12
22 80
22 85
22 87
22 25
22 28
22 37
26 65
26 4
26 71
26 73
26 48
26 85
26 24
26 26
27 4
27 71
27 73
27 76
27 12
27 48
27 41
27 57
29 26
29 85
32 2
32 69
32 81
32 8
32 9
32 10
32 12
32 34
32 45
32 80
32 40
32 82
32 84
32 85
32 73
32 57
32 26
32 79
33 69
33 6
33 73
33 10
33 82
33 41
33 87
33 28
33 53
33 62
33 37
35 4
35 10
35 75
35 45
35 48
35 84
35 85
35 26
35 62
38 2
38 4
38 6
38 8
38 9
38 10
38 12
38 13
38 24
38 25
38 26
38 34
38 36
38 37
38 38
38 40
38 41
38 45
38 49
38 53
38 54
38 55
38 61
38 65
38 68
38 69
38 71
38 73
38 76
38 80
38 81
38 82
38 84
38 85
38 87
39 48
39 2
39 4
39 69
39 73
39 10
39 12
39 80
39 81
39 85
39 37
42 36
42 69
42 8
42 9
42 10
42 81
42 53
42 87
43 40
43 48
43 12
43 36
44 3
44 4
44 5
44 6
44 8
44 9
44 10
44 11
44 13
44 25
44 26
44 28
44 31
44 34
44 36
44 37
44 38
44 40
44 41
44 45
44 46
44 49
44 53
44 54
44 57
44 62
44 65
44 68
44 71
44 73
44 75
44 76
44 80
44 81
44 82
44 84
44 85
44 87
46 2
46 3
46 4
46 5
46 12
46 13
46 24
46 25
46 26
46 28
46 31
46 32
46 34
46 36
46 37
46 38
46 40
46 41
46 43
46 45
46 46
46 48
46 49
46 53
46 54
46 57
46 61
46 62
46 65
46 68
46 69
46 73
46 75
46 76
46 79
46 80
46 81
46 84
46 85
51 69
51 38
51 73
51 75
51 48
51 85
51 54
51 28
52 3
52 4
52 6
52 8
52 9
52 10
52 11
52 12
52 13
52 16
52 25
52 26
52 28
52 31
52 32
52 34
52 36
52 37
52 40
52 41
52 44
52 45
52 46
52 48
52 49
52 53
52 54
52 57
52 62
52 68
52 69
52 71
52 75
52 76
52 81
52 82
52 84
52 85
52 87
56 2
56 3
56 4
56 8
56 10
56 12
56 13
56 31
56 36
56 38
56 43
56 53
56 54
56 57
56 62
56 65
56 69
56 71
56 73
56 80
56 81
56 85
56 87
58 10
58 11
58 26
59 4
59 38
59 40
59 73
59 76
59 85
59 87
59 57
62 2
62 3
62 4
62 6
62 9
62 10
62 11
62 12
62 13
62 26
62 28
62 34
62 36
62 37
62 38
62 40
62 41
62 43
62 44
62 45
62 48
62 53
62 54
62 55
62 57
62 62
62 65
62 68
62 69
62 71
62 75
62 76
62 80
62 81
62 82
62 84
62 85
63 2
63 3
63 4
63 6
63 8
63 9
63 10
63 12
63 13
63 24
63 25
63 26
63 28
63 31
63 32
63 34
63 37
63 38
63 40
63 41
63 43
63 45
63 46
63 48
63 49
63 53
63 54
63 55
63 57
63 62
63 65
63 68
63 69
63 71
63 73
63 75
63 80
63 81
63 82
63 85
63 87
66 2
66 3
66 4
66 6
66 8
66 9
66 11
66 13
66 24
66 32
66 37
66 38
66 40
66 41
66 43
66 45
66 46
66 48
66 49
66 53
66 55
66 57
66 65
66 68
66 69
66 72
66 73
66 75
66 76
66 79
66 80
66 81
66 84
66 85
66 87
67 2
67 6
67 9
67 10
67 11
67 24
67 28
67 32
67 34
67 37
67 38
67 41
67 43
67 45
67 48
67 57
67 71
67 73
67 75
67 81
67 82
67 85
68 2
68 4
68 6
68 9
68 10
68 12
68 13
68 24
68 25
68 26
68 28
68 31
68 32
68 34
68 37
68 38
68 40
68 41
68 48
68 49
68 53
68 54
68 57
68 62
68 65
68 68
68 69
68 71
68 72
68 73
68 75
68 76
68 80
68 81
68 82
68 85
68 87
70 2
70 3
70 4
70 5
70 8
70 9
70 10
70 11
70 12
70 13
70 24
70 25
70 26
70 28
70 34
70 36
70 37
70 38
70 40
70 41
70 43
70 46
70 47
70 48
70 49
70 53
70 54
70 57
70 61
70 62
70 65
70 68
70 69
70 71
70 73
70 75
70 79
70 80
70 81
70 82
70 85
70 87
76 4
76 5
76 6
76 8
76 9
76 10
76 11
76 12
76 13
76 24
76 26
76 31
76 34
76 36
76 37
76 38
76 41
76 44
76 45
76 48
76 53
76 54
76 57
76 65
76 69
76 71
76 73
76 75
76 80
76 82
76 84
76 85
77 2
77 3
77 4
77 5
77 8
77 9
77 10
77 11
77 12
77 13
77 26
77 28
77 31
77 32
77 34
77 36
77 37
77 38
77 40
77 41
77 46
77 48
77 54
77 57
77 65
77 68
77 69
77 75
77 79
77 80
77 85
77 87
78 3
78 4
78 5
78 8
78 9
78 10
78 11
78 12
78 13
78 25
78 26
78 34
78 38
78 40
78 41
78 43
78 45
78 47
78 48
78 53
78 54
78 57
78 62
78 65
78 68
78 69
78 71
78 73
78 76
78 80
78 81
78 84
78 87
80 32
80 3
80 37
80 49
80 41
80 10
80 81
80 54
80 87
80 57
81 32
81 34
81 4
81 37
81 6
81 8
81 73
81 10
81 75
81 12
81 13
81 48
81 81
81 82
81 84
81 54
81 87
81 26
81 38
81 69
83 34
83 69
83 73
83 11
83 2
83 41
83 57
83 31
84 5
84 8
84 9
84 10
84 13
84 37
84 38
84 44
84 45
84 54
84 57
84 62
84 63
84 65
84 69
84 71
84 73
84 75
84 76
84 80
84 82
84 85
86 65
86 2
86 87
86 69
86 38
86 81
86 8
86 9
86 75
86 12
86 13
86 73
86 48
86 40
86 82
86 84
86 54
86 41
86 57
86 26
86 31
