88
0 9
0 10
0 11
0 18
0 20
0 21
0 26
0 27
0 29
0 31
0 32
0 36
0 41
0 42
0 43
0 44
0 46
0 47
0 48
0 49
0 53
0 55
0 57
0 64
0 74
0 77
0 84
0 87
1 1
1 11
1 14
1 18
1 21
1 26
1 30
1 32
1 38
1 41
1 43
1 47
1 48
1 49
1 52
1 53
1 57
1 58
1 60
1 64
1 65
1 74
1 77
1 78
1 84
2 0
2 10
2 11
2 14
2 16
2 18
2 20
2 26
2 29
2 30
2 32
2 36
2 38
2 41
2 42
2 43
2 47
2 48
2 49
2 55
2 59
2 60
2 65
2 76
2 78
2 81
2 82
2 83
2 84
2 87
4 1
4 3
4 74
4 65
4 10
4 11
4 14
4 47
4 16
4 43
4 18
4 83
4 20
4 46
4 71
4 87
4 57
4 26
4 60
4 29
4 62
5 16
5 48
6 0
6 3
6 9
6 10
6 11
6 14
6 16
6 18
6 21
6 29
6 36
6 38
6 41
6 42
6 46
6 47
6 49
6 52
6 53
6 55
6 57
6 58
6 64
6 65
6 71
6 74
6 77
6 78
6 81
6 84
6 87
8 1
8 6
8 48
8 9
8 42
8 62
8 46
8 16
8 49
8 83
8 21
8 87
8 60
8 29
8 30
8 31
9 32
9 10
9 76
9 14
9 47
9 48
9 82
9 42
9 20
9 21
9 27
9 29
9 30
9 53
10 0
10 1
10 43
10 65
10 33
10 80
10 9
10 11
10 76
10 14
10 16
10 82
10 20
10 46
10 41
10 55
10 26
10 60
10 58
10 30
11 48
11 57
11 47
12 42
12 78
13 1
13 6
13 9
13 10
13 16
13 18
13 20
13 22
13 27
13 30
13 31
13 41
13 42
13 43
13 46
13 48
13 49
13 55
13 57
13 58
13 65
13 69
13 74
13 76
13 77
13 81
13 83
13 84
13 87
15 83
15 21
16 46
18 1
18 6
18 10
18 11
18 14
18 16
18 20
18 21
18 26
18 29
18 31
18 32
18 33
18 36
18 41
18 46
18 47
18 49
18 52
18 53
18 55
18 57
18 58
18 60
18 62
18 65
18 71
18 74
18 77
18 78
18 79
18 84
18 87
20 6
20 9
20 10
20 11
20 13
20 14
20 16
20 18
20 21
20 26
20 27
20 29
20 31
20 38
20 42
20 43
20 47
20 48
20 49
20 53
20 55
20 62
20 66
20 74
20 76
20 77
20 83
20 87
21 3
21 36
21 10
21 78
21 16
21 21
21 87
21 57
21 27
21 29
21 62
22 10
22 87
23 32
23 66
23 6
23 74
23 11
23 44
23 14
23 47
23 49
23 58
23 84
23 21
23 55
23 57
23 26
23 60
23 29
23 30
23 53
24 0
24 36
24 31
25 41
25 18
25 11
26 1
26 6
26 9
26 10
26 11
26 16
26 18
26 26
26 27
26 29
26 36
26 43
26 44
26 46
26 47
26 48
26 49
26 52
26 58
26 59
26 62
26 64
26 71
26 76
26 77
26 78
26 82
26 87
27 0
27 6
27 9
27 10
27 11
27 18
27 20
27 21
27 22
27 26
27 29
27 30
27 31
27 32
27 36
27 38
27 42
27 43
27 46
27 47
27 49
27 53
27 57
27 71
27 76
27 78
27 82
27 84
27 87
28 21
28 77
29 1
29 6
29 9
29 10
29 16
29 20
29 21
29 26
29 27
29 29
29 32
29 35
29 36
29 38
29 41
29 42
29 48
29 49
29 52
29 55
29 57
29 60
29 62
29 65
29 76
29 78
29 81
29 83
29 87
30 64
30 6
30 71
30 9
30 42
30 11
30 78
30 57
30 14
30 41
30 55
30 30
31 64
31 43
31 36
31 9
31 10
31 11
31 76
31 77
31 78
31 48
31 49
31 18
31 57
31 58
31 27
31 30
32 0
32 42
32 77
32 52
32 20
32 26
32 60
32 58
33 84
33 55
34 32
34 38
34 76
34 84
34 53
34 31
35 78
36 9
36 11
36 13
36 14
36 18
36 20
36 21
36 27
36 29
36 30
36 34
36 38
36 41
36 47
36 52
36 53
36 55
36 57
36 58
36 60
36 62
36 64
36 65
36 76
36 77
36 78
36 80
36 83
36 84
36 87
37 32
37 10
37 30
38 41
38 10
38 11
38 77
38 14
38 20
38 21
38 26
38 62
39 65
39 84
39 57
40 77
40 6
40 21
41 11
41 13
41 20
41 29
41 31
41 36
41 43
41 47
41 48
41 52
41 53
41 55
41 57
41 60
41 62
41 65
41 71
41 77
41 78
41 80
41 81
41 84
42 48
42 9
42 18
42 84
42 29
43 64
43 60
43 26
43 84
43 55
44 26
44 60
45 58
45 30
46 32
46 0
46 80
47 65
47 41
47 46
47 16
47 49
47 20
47 55
47 57
47 60
47 29
49 0
49 33
49 35
49 48
49 84
49 21
49 55
49 60
50 10
50 76
50 18
51 53
51 78
52 1
52 31
52 9
53 32
53 41
53 20
54 26
54 6
55 0
55 6
55 9
55 10
55 11
55 18
55 20
55 29
55 32
55 34
55 36
55 38
55 41
55 43
55 48
55 49
55 53
55 55
55 57
55 58
55 60
55 78
55 79
55 83
55 84
55 87
56 65
56 10
56 18
56 53
56 55
56 58
56 60
56 29
56 31
57 53
57 77
61 60
61 77
61 78
62 64
62 1
62 62
62 53
62 16
63 0
63 1
63 66
63 43
63 36
63 6
63 32
63 74
63 11
63 78
63 79
63 49
63 83
63 20
63 21
63 55
63 84
63 58
63 60
63 53
63 31
64 32
64 3
64 82
64 9
64 10
64 43
64 77
64 46
64 16
64 49
64 18
64 58
64 78
64 41
64 26
64 60
64 29
64 62
64 31
65 48
66 64
66 1
66 36
66 6
66 48
66 41
66 10
66 11
66 77
66 46
66 16
66 49
66 83
66 53
66 87
66 71
66 29
66 62
66 65
67 33
67 83
67 47
68 65
68 21
68 47
69 21
69 62
70 82
70 26
71 57
71 58
71 53
72 84
72 29
73 32
74 42
74 78
75 84
75 77
76 3
76 6
76 9
76 16
76 18
76 20
76 21
76 31
76 34
76 36
76 42
76 43
76 47
76 48
76 49
76 52
76 53
76 58
76 62
76 74
76 77
76 78
76 81
77 57
77 66
77 78
78 1
78 6
78 9
78 11
78 14
78 16
78 18
78 30
78 32
78 33
78 35
78 38
78 41
78 46
78 47
78 48
78 49
78 53
78 55
78 57
78 58
78 60
78 62
78 64
78 65
78 66
78 74
78 76
78 77
78 78
78 81
78 84
78 87
79 48
79 60
80 32
80 53
80 14
81 0
81 1
81 10
81 14
81 18
81 20
81 21
81 26
81 27
81 29
81 30
81 32
81 34
81 47
81 48
81 49
81 52
81 53
81 55
81 57
81 58
81 59
81 60
81 64
81 65
81 77
81 81
81 84
81 87
82 32
82 33
82 36
82 64
82 9
82 42
82 43
82 77
82 78
82 21
82 41
82 57
82 26
82 60
82 62
83 59
83 84
84 0
84 1
84 6
84 9
84 11
84 13
84 14
84 16
84 18
84 21
84 26
84 36
84 38
84 41
84 43
84 44
84 47
84 53
84 58
84 60
84 62
84 64
84 69
84 71
84 76
84 78
84 79
84 83
84 87
86 10
86 76
86 83
86 20
86 21
86 58
86 27
86 29
86 62
87 9
87 10
87 11
87 14
87 16
87 18
87 20
87 27
87 30
87 31
87 32
87 35
87 38
87 41
87 43
87 46
87 47
87 48
87 49
87 52
87 57
87 58
87 59
87 62
87 64
87 65
87 66
87 71
87 74
87 76
87 77
87 83
87 87
