88
0 0
0 1
0 3
0 7
0 10
0 11
0 18
0 21
0 23
0 24
0 31
0 32
0 34
0 35
0 43
0 46
0 47
0 48
0 49
0 53
0 54
0 62
0 64
0 66
0 78
0 81
0 82
0 83
1 1
1 2
1 4
1 11
1 13
1 20
1 23
1 28
1 31
1 32
1 34
1 35
1 46
1 49
1 53
1 54
1 66
1 69
1 73
1 76
1 78
1 80
1 81
1 82
1 83
1 84
1 86
1 87
2 0
2 32
2 34
2 43
2 4
2 7
2 64
2 11
2 76
2 78
2 47
2 48
2 18
2 21
2 22
2 23
2 24
2 87
2 60
2 30
3 0
3 28
4 0
4 32
4 4
4 7
4 64
4 80
4 10
4 78
4 48
4 49
4 82
4 84
4 54
4 23
4 24
4 60
4 30
5 0
5 1
5 34
5 5
5 32
5 64
5 74
5 62
5 76
5 82
5 46
5 18
5 84
5 53
5 22
5 28
5 30
5 31
6 0
6 1
6 3
6 5
6 7
6 73
6 74
6 11
6 76
6 46
6 16
6 82
6 67
6 84
6 53
6 78
6 30
7 64
7 2
7 3
7 4
7 38
7 6
7 11
7 78
7 82
7 46
7 15
7 49
7 18
7 83
7 21
8 32
8 1
8 2
8 67
8 6
8 71
8 80
8 76
8 43
8 12
8 34
8 48
8 81
8 18
8 84
8 21
8 23
8 59
8 62
9 64
9 80
9 2
9 4
9 6
9 81
9 74
9 77
9 78
9 48
9 49
9 18
9 84
9 82
9 54
9 24
10 0
10 67
10 37
10 43
10 12
10 48
10 54
10 28
10 31
11 0
11 34
11 3
11 69
11 6
11 7
11 12
11 76
11 13
11 46
11 48
11 18
11 86
11 23
12 64
12 34
12 35
12 4
12 6
12 81
12 11
12 76
12 46
12 80
12 43
12 84
12 21
12 86
12 23
12 62
12 78
12 30
13 32
13 1
13 3
13 4
13 49
13 6
13 7
13 64
13 76
13 11
13 12
13 70
13 78
13 48
13 43
13 67
13 21
13 22
13 54
13 60
13 62
14 56
14 34
15 0
15 34
15 4
15 5
15 7
15 40
15 43
15 76
15 13
15 78
15 47
15 82
15 21
15 23
15 68
15 28
15 37
15 31
16 0
16 1
16 3
16 82
16 6
16 64
16 41
16 11
16 12
16 13
16 46
16 48
16 81
16 75
16 67
16 22
16 28
16 62
17 12
17 81
17 18
17 30
17 23
17 62
18 64
18 32
18 2
18 3
18 4
18 38
18 76
18 34
18 47
18 48
18 49
18 82
18 23
18 28
19 0
19 1
19 2
19 4
19 8
19 11
19 15
19 16
19 18
19 21
19 22
19 23
19 27
19 30
19 31
19 32
19 34
19 43
19 48
19 55
19 60
19 62
19 64
19 76
19 82
22 0
22 1
22 2
22 4
22 6
22 7
22 11
22 12
22 15
22 20
22 22
22 23
22 30
22 31
22 32
22 33
22 35
22 43
22 46
22 48
22 53
22 54
22 64
22 67
22 75
22 81
23 33
23 2
23 3
23 4
23 6
23 9
23 82
23 11
23 12
23 34
23 49
23 18
23 67
23 66
23 63
23 60
23 31
24 0
24 34
26 0
26 3
26 4
26 6
26 7
26 11
26 12
26 18
26 21
26 28
26 34
26 37
26 47
26 49
26 54
26 60
26 62
26 66
26 74
26 76
26 78
26 81
26 82
27 1
27 2
27 3
27 4
27 5
27 6
27 9
27 13
27 18
27 20
27 21
27 22
27 28
27 32
27 35
27 43
27 45
27 47
27 51
27 54
27 66
27 74
27 76
27 80
27 82
27 87
28 0
28 1
28 6
28 64
28 43
28 12
28 78
28 48
28 49
28 53
28 83
28 52
28 21
28 57
28 27
28 29
28 31
29 0
29 80
29 66
29 3
29 6
29 9
29 11
29 13
29 47
29 48
29 43
29 83
29 21
29 54
29 87
29 79
29 60
29 62
30 32
30 34
30 67
30 5
30 6
30 60
30 11
30 12
30 46
30 48
30 76
30 82
30 27
30 28
30 30
31 64
31 48
31 3
31 4
31 6
31 11
31 12
31 78
31 80
31 81
31 84
31 43
31 28
31 30
34 0
34 64
34 66
34 3
34 1
34 8
34 43
34 12
34 13
34 81
34 18
34 84
34 58
34 61
35 32
35 34
35 35
35 6
35 76
35 13
35 78
35 48
35 53
35 22
36 32
36 64
36 3
36 5
36 43
36 13
36 78
36 49
36 18
36 67
36 20
36 22
36 84
36 37
36 30
36 31
37 0
37 2
37 3
37 5
37 81
37 86
37 46
37 48
37 49
37 18
37 84
37 78
37 22
37 24
37 37
37 28
37 29
37 31
38 34
38 67
38 4
38 13
39 0
39 1
39 34
39 43
39 37
39 6
39 39
39 9
39 11
39 76
39 78
39 47
39 83
39 53
39 23
42 64
42 0
42 8
42 74
42 76
42 77
42 46
42 80
42 82
42 54
42 25
42 59
42 31
43 64
43 1
43 34
43 67
43 4
43 37
43 6
43 81
43 9
43 43
43 12
43 82
43 49
43 18
43 53
43 22
43 28
43 31
44 64
44 1
44 2
44 43
44 37
44 8
44 9
44 11
44 81
44 75
44 22
44 87
44 26
44 28
44 62
44 31
46 3
47 16
47 81
47 43
47 7
48 32
48 1
48 2
48 3
48 5
48 6
48 64
48 67
48 12
48 46
48 35
48 53
48 69
48 60
48 78
48 62
48 31
49 0
49 2
49 67
49 76
49 74
49 11
49 12
49 13
49 60
49 43
49 82
49 22
49 23
49 28
50 34
50 3
50 5
50 6
50 7
50 74
50 11
50 76
50 13
50 46
50 15
50 48
50 82
50 83
50 53
50 22
50 25
50 31
53 67
53 4
54 1
54 34
54 4
54 5
54 6
54 81
54 8
54 76
54 43
54 44
54 45
54 46
54 47
54 49
54 82
54 21
54 22
54 53
54 37
56 34
58 2
58 3
58 6
58 9
58 11
58 12
58 13
58 15
58 18
58 28
58 30
58 32
58 33
58 46
58 48
58 53
58 57
58 62
58 74
58 77
58 78
58 83
58 85
59 32
59 80
59 34
59 3
59 81
59 7
59 9
59 43
59 12
59 76
59 49
59 84
59 54
59 24
59 60
59 30
59 31
62 0
62 64
62 4
62 6
62 71
62 74
62 11
62 78
62 46
62 48
62 82
62 53
62 22
62 62
62 24
62 25
62 28
62 30
63 0
63 64
63 3
63 37
63 80
63 42
63 43
63 12
63 78
63 48
63 81
63 18
63 53
63 22
63 23
63 28
63 62
63 31
66 32
66 80
66 34
66 3
66 4
66 78
66 48
66 81
66 18
66 35
66 84
66 21
66 22
66 28
66 30
67 0
67 2
67 3
67 4
67 69
67 6
67 72
67 62
67 12
67 48
67 82
67 20
67 21
67 22
67 24
67 84
67 28
67 30
67 53
68 32
68 1
68 67
68 6
68 7
68 76
68 11
68 12
68 13
68 16
68 81
68 82
68 84
68 21
68 22
68 23
68 28
68 30
69 1
69 22
69 31
74 0
74 64
74 43
74 32
74 69
74 1
74 11
74 76
74 13
74 78
74 47
74 81
74 82
74 30
75 0
75 11
75 13
75 78
75 48
75 84
75 28
75 30
76 28
76 4
76 53
76 6
76 7
81 64
81 34
81 67
81 4
81 7
81 23
82 32
82 64
82 43
82 4
82 69
82 70
82 7
82 75
82 11
82 13
82 18
82 86
82 23
82 36
82 27
82 31
83 2
83 78
83 23
84 22
84 47
87 32
87 1
87 4
87 5
87 75
87 44
87 84
87 23
87 28
87 37
87 62
87 31
