88
0 0
0 1
0 2
0 5
0 6
0 10
0 17
0 18
0 20
0 21
0 22
0 25
0 26
0 27
0 30
0 31
0 32
0 34
0 36
0 37
0 38
0 41
0 42
0 43
0 44
0 45
0 46
0 47
0 51
0 52
0 54
0 57
0 59
0 64
0 66
0 67
0 68
0 70
0 71
0 74
0 76
0 77
0 86
1 0
1 1
1 2
1 3
1 4
1 5
1 13
1 17
1 20
1 21
1 22
1 25
1 27
1 28
1 30
1 31
1 33
1 34
1 36
1 37
1 38
1 39
1 41
1 42
1 43
1 46
1 47
1 48
1 49
1 50
1 54
1 55
1 58
1 59
1 60
1 61
1 62
1 63
1 65
1 66
1 68
1 70
1 74
1 78
1 79
1 86
1 87
2 0
2 4
2 6
2 10
2 17
2 18
2 21
2 27
2 28
2 33
2 36
2 38
2 41
2 44
2 46
2 47
2 48
2 50
2 54
2 55
2 57
2 65
2 66
2 70
2 71
2 73
2 74
2 75
2 76
2 77
2 78
2 79
2 86
6 2
6 6
6 13
6 17
6 21
6 22
6 23
6 25
6 26
6 27
6 33
6 34
6 35
6 36
6 37
6 39
6 41
6 42
6 43
6 46
6 54
6 57
6 58
6 60
6 62
6 67
6 68
6 70
6 71
6 72
6 79
6 87
13 0
13 2
13 4
13 13
13 18
13 20
13 22
13 25
13 26
13 28
13 33
13 34
13 35
13 36
13 37
13 38
13 45
13 46
13 48
13 49
13 52
13 55
13 57
13 58
13 60
13 62
13 64
13 65
13 67
13 68
13 70
13 71
13 72
13 74
13 77
13 78
13 79
13 86
13 87
16 2
16 5
16 20
16 21
16 22
16 25
16 27
16 31
16 33
16 35
16 37
16 41
16 44
16 46
16 54
16 57
16 58
16 62
16 65
16 71
16 72
16 74
16 86
16 87
21 1
21 5
21 13
21 17
21 18
21 20
21 21
21 22
21 25
21 27
21 31
21 34
21 36
21 37
21 38
21 39
21 41
21 45
21 46
21 47
21 48
21 52
21 54
21 55
21 57
21 60
21 62
21 64
21 65
21 66
21 67
21 68
21 70
21 71
21 72
21 74
21 76
21 78
21 86
21 87
27 1
27 3
27 5
27 10
27 17
27 21
27 22
27 23
27 27
27 30
27 31
27 36
27 37
27 38
27 41
27 42
27 43
27 45
27 46
27 48
27 49
27 52
27 55
27 58
27 59
27 62
27 64
27 66
27 67
27 68
27 70
27 71
27 72
27 74
27 76
27 77
27 86
29 0
29 1
29 2
29 5
29 6
29 13
29 17
29 18
29 20
29 21
29 25
29 27
29 33
29 34
29 35
29 37
29 38
29 41
29 43
29 48
29 52
29 54
29 55
29 57
29 59
29 62
29 63
29 64
29 67
29 70
29 72
29 73
29 74
29 75
29 76
29 79
29 87
40 0
40 2
40 3
40 5
40 17
40 18
40 20
40 21
40 22
40 25
40 26
40 27
40 28
40 31
40 32
40 33
40 35
40 38
40 39
40 41
40 42
40 43
40 44
40 45
40 46
40 47
40 48
40 49
40 52
40 54
40 55
40 58
40 59
40 60
40 63
40 64
40 65
40 66
40 67
40 68
40 70
40 72
40 73
40 74
40 75
40 77
40 78
40 79
40 86
49 0
49 1
49 3
49 5
49 6
49 13
49 17
49 18
49 22
49 23
49 26
49 27
49 28
49 31
49 33
49 35
49 36
49 37
49 39
49 41
49 43
49 45
49 47
49 48
49 55
49 57
49 58
49 62
49 63
49 64
49 65
49 66
49 67
49 68
49 70
49 71
49 72
49 74
49 75
49 76
49 78
49 79
49 86
49 87
50 20
50 70
51 0
51 2
51 5
51 10
51 13
51 20
51 21
51 23
51 26
51 27
51 31
51 33
51 34
51 35
51 36
51 37
51 38
51 41
51 42
51 43
51 44
51 45
51 46
51 49
51 50
51 53
51 54
51 55
51 56
51 57
51 59
51 60
51 62
51 63
51 64
51 67
51 68
51 70
51 71
51 72
51 73
51 74
51 76
51 77
51 78
51 79
51 86
51 87
52 1
52 2
52 4
52 6
52 10
52 11
52 13
52 17
52 18
52 20
52 21
52 22
52 27
52 31
52 33
52 34
52 35
52 36
52 38
52 41
52 43
52 45
52 46
52 47
52 48
52 49
52 55
52 57
52 58
52 60
52 62
52 64
52 65
52 66
52 67
52 68
52 71
52 72
52 76
52 77
52 79
58 10
58 13
58 20
58 21
58 22
58 26
58 27
58 31
58 34
58 36
58 38
58 41
58 42
58 46
58 47
58 57
58 60
58 62
58 65
58 66
58 67
58 70
58 87
59 2
59 6
59 13
59 17
59 18
59 20
59 27
59 31
59 34
59 35
59 38
59 39
59 43
59 47
59 67
59 68
59 70
59 71
59 74
59 76
59 77
59 79
59 87
62 1
62 2
62 3
62 13
62 18
62 20
62 21
62 27
62 31
62 33
62 34
62 35
62 36
62 38
62 39
62 42
62 43
62 44
62 45
62 47
62 49
62 52
62 54
62 57
62 58
62 59
62 60
62 62
62 64
62 65
62 66
62 67
62 68
62 70
62 71
62 72
62 74
62 75
62 76
62 86
63 2
63 3
63 4
63 5
63 6
63 13
63 17
63 18
63 20
63 22
63 25
63 27
63 31
63 32
63 33
63 34
63 36
63 37
63 38
63 39
63 41
63 42
63 44
63 47
63 48
63 52
63 54
63 57
63 59
63 60
63 66
63 67
63 68
63 71
63 72
63 73
63 74
63 77
63 79
63 86
63 87
64 0
64 1
64 2
64 4
64 5
64 13
64 17
64 20
64 21
64 22
64 25
64 26
64 27
64 30
64 32
64 33
64 34
64 35
64 36
64 37
64 38
64 41
64 42
64 43
64 46
64 48
64 53
64 54
64 55
64 57
64 58
64 59
64 61
64 62
64 64
64 65
64 66
64 67
64 71
64 72
64 74
64 76
64 78
64 79
64 86
64 87
65 1
65 2
65 5
65 6
65 13
65 17
65 20
65 21
65 22
65 23
65 25
65 27
65 31
65 33
65 34
65 36
65 37
65 38
65 41
65 45
65 46
65 47
65 48
65 49
65 52
65 54
65 58
65 59
65 60
65 62
65 65
65 68
65 70
65 71
65 72
65 74
65 75
65 76
65 78
65 79
65 86
76 0
76 2
76 4
76 13
76 17
76 18
76 20
76 22
76 23
76 26
76 30
76 33
76 34
76 35
76 36
76 41
76 42
76 43
76 45
76 46
76 52
76 53
76 54
76 55
76 57
76 58
76 59
76 62
76 65
76 66
76 68
76 70
76 71
76 73
76 74
76 76
76 78
76 79
76 86
76 87
83 0
83 1
83 5
83 6
83 11
83 13
83 17
83 18
83 20
83 23
83 25
83 26
83 31
83 32
83 34
83 35
83 36
83 38
83 42
83 43
83 45
83 47
83 48
83 52
83 54
83 55
83 59
83 60
83 62
83 66
83 67
83 71
83 72
83 74
83 76
83 78
83 79
83 87
84 0
84 2
84 5
84 6
84 13
84 17
84 20
84 25
84 27
84 31
84 33
84 34
84 36
84 43
84 45
84 54
84 57
84 58
84 62
84 65
84 68
84 70
84 72
84 74
84 76
84 77
84 78
84 87
86 0
86 1
86 2
86 5
86 6
86 13
86 17
86 18
86 21
86 22
86 31
86 33
86 35
86 36
86 37
86 38
86 39
86 41
86 42
86 43
86 45
86 46
86 48
86 49
86 52
86 54
86 55
86 57
86 58
86 60
86 61
86 62
86 64
86 65
86 67
86 68
86 70
86 72
86 73
86 74
86 78
86 79
86 86
86 87
