88
0 64
0 66
0 38
0 71
0 72
0 41
0 84
0 53
0 25
0 27
0 52
0 20
0 31
1 41
1 66
1 36
1 58
1 29
2 64
2 16
2 4
2 73
2 10
2 62
2 77
2 80
2 51
2 84
2 21
2 54
2 41
2 30
3 32
3 2
3 5
3 40
3 73
3 75
3 66
3 14
3 15
3 80
3 51
3 52
3 21
3 87
3 47
3 60
3 61
3 62
3 53
4 51
4 2
4 3
4 70
4 6
4 74
4 12
4 81
4 19
4 20
4 22
4 61
4 62
5 67
5 38
5 39
5 18
5 20
5 60
5 31
6 67
6 4
6 69
6 9
6 46
6 56
6 84
6 23
6 24
6 26
6 60
6 37
7 11
7 13
7 19
7 20
7 22
7 31
7 32
7 38
7 40
7 41
7 44
7 48
7 49
7 53
7 58
7 61
7 62
7 63
7 68
7 71
7 80
7 84
7 87
8 2
8 75
8 68
8 39
8 72
8 42
8 62
8 76
8 45
8 48
8 81
8 21
8 86
8 57
8 30
9 73
9 43
9 4
9 49
9 39
10 38
10 72
10 73
10 74
10 48
10 21
10 22
10 87
10 42
11 39
11 41
11 48
11 22
11 29
11 63
12 69
12 38
12 73
12 77
12 14
12 22
12 87
13 64
13 66
13 70
13 71
13 10
13 34
13 15
13 51
14 64
14 35
14 42
14 77
14 15
14 48
14 84
14 87
14 24
14 57
14 60
15 68
15 2
15 35
15 4
15 5
15 40
15 73
15 74
15 76
15 13
15 77
15 15
15 20
15 66
15 55
15 24
15 25
15 79
15 61
15 62
15 52
16 2
16 6
16 74
16 13
16 56
16 60
17 56
17 87
17 11
17 42
17 23
18 64
18 68
18 6
18 70
18 42
18 61
18 80
18 81
18 58
18 85
18 54
18 26
18 29
18 63
19 32
19 38
19 39
19 73
19 18
19 51
19 20
19 53
19 54
19 24
19 25
19 29
20 0
20 32
20 2
20 66
20 5
20 70
20 71
20 64
20 75
20 76
20 13
20 45
20 49
20 19
20 56
20 53
20 23
20 24
20 25
20 29
21 32
21 75
21 76
21 54
21 38
22 40
22 25
22 42
22 6
23 2
23 67
23 5
23 71
23 40
23 74
23 12
23 35
23 53
23 86
23 23
23 25
23 26
24 66
24 3
24 4
24 86
24 38
24 71
24 72
24 57
24 67
24 13
24 78
24 77
24 81
24 51
24 53
24 54
24 23
24 56
24 25
25 84
25 70
25 39
25 81
25 20
25 86
25 23
25 52
26 2
26 38
26 70
26 74
26 43
26 66
26 46
26 48
26 81
26 51
26 84
26 53
27 33
27 6
27 70
27 39
27 73
27 76
27 62
28 0
28 1
28 40
28 46
28 51
28 61
30 32
30 64
30 66
30 67
30 4
30 69
30 6
30 39
30 74
30 43
30 44
30 48
30 52
30 54
30 23
30 57
30 71
30 70
30 61
30 30
30 63
31 35
31 68
31 5
31 38
31 40
31 41
31 42
31 14
31 84
31 46
31 86
31 23
31 54
31 69
32 3
32 36
32 6
32 70
32 40
32 74
32 46
32 79
32 16
32 86
32 47
32 31
33 64
33 1
33 66
33 68
33 38
33 33
33 12
33 19
33 85
33 29
34 0
34 1
34 67
34 4
34 6
34 32
34 73
34 77
34 15
34 54
34 24
34 36
34 29
35 6
35 38
35 14
35 19
35 21
35 85
36 68
36 5
36 41
36 74
36 43
36 84
36 54
36 87
36 20
36 60
36 42
36 69
37 55
37 34
37 51
37 12
37 87
38 2
38 40
38 9
38 51
38 56
38 60
39 9
39 13
39 19
39 22
39 23
39 26
39 31
39 36
39 38
39 52
39 53
39 58
39 60
39 62
39 63
39 64
39 65
39 67
39 70
39 75
39 76
39 77
40 34
40 68
40 5
40 6
40 40
40 73
40 10
40 76
40 48
40 74
40 53
40 87
40 24
40 25
40 60
40 29
40 62
40 85
41 33
41 66
41 68
41 69
41 65
41 39
41 10
41 71
41 61
41 14
41 47
41 56
41 51
41 52
41 85
41 54
41 24
41 79
41 86
41 42
42 2
42 69
42 39
42 41
42 14
42 18
43 64
43 3
43 38
43 73
43 43
43 44
43 13
43 14
43 9
43 53
43 41
43 63
44 67
44 69
44 38
44 14
44 79
44 81
44 85
44 22
44 57
44 58
44 30
45 32
45 64
45 34
45 35
45 5
45 38
45 72
45 42
45 66
45 77
45 47
45 83
45 22
45 24
45 54
45 61
45 69
46 35
46 4
46 38
46 73
46 10
46 13
46 79
46 24
46 62
47 0
47 32
47 74
47 11
47 55
47 56
47 57
48 2
48 5
48 72
48 13
48 14
48 16
48 81
48 51
48 20
48 40
48 25
49 62
49 60
49 61
49 70
50 1
50 39
50 73
50 74
50 81
50 26
50 10
50 63
51 25
51 15
52 0
52 42
52 43
52 81
52 86
52 25
53 4
53 76
53 15
53 51
53 22
53 56
53 57
54 4
54 11
54 13
54 15
54 16
54 20
54 23
54 25
54 26
54 27
54 40
54 41
54 46
54 53
54 57
54 66
54 67
54 69
54 71
54 74
54 76
54 77
55 64
55 1
55 2
55 43
55 76
55 22
55 24
56 32
56 66
56 67
56 37
56 9
56 46
56 22
56 24
57 73
57 34
57 70
57 57
58 65
58 71
58 22
58 39
58 42
58 43
58 79
58 81
58 86
58 57
58 26
58 61
59 5
59 79
59 53
59 24
59 26
59 21
60 52
60 54
61 63
62 33
62 67
62 39
62 46
62 76
62 77
62 14
62 81
62 20
62 78
62 23
63 36
63 52
63 87
63 24
63 25
63 4
64 52
64 36
64 15
65 74
65 44
65 48
65 51
65 84
65 86
65 23
65 24
65 28
66 64
66 48
66 61
66 47
67 52
67 78
68 72
68 65
69 70
69 40
69 14
69 52
69 23
69 57
70 32
70 1
70 39
70 45
70 57
70 63
71 1
71 2
71 5
71 6
71 72
71 10
71 44
71 14
71 15
71 20
71 57
71 42
72 4
72 6
72 72
72 87
72 22
72 25
72 68
72 60
72 55
72 36
73 32
73 48
73 67
73 37
73 6
73 71
73 72
73 13
73 47
73 16
73 52
73 21
73 25
74 64
74 74
74 76
74 22
74 14
75 0
75 2
75 5
75 76
75 79
75 52
75 22
75 23
76 64
76 68
76 34
76 43
76 66
76 54
76 49
76 42
76 11
76 13
76 16
76 17
76 50
76 67
76 20
76 22
76 57
76 27
76 62
76 69
77 1
77 66
77 4
77 71
77 72
77 10
77 61
77 48
77 86
77 57
77 26
77 74
77 30
78 81
78 27
79 32
79 1
79 3
79 4
79 70
79 38
79 72
79 41
79 74
79 43
79 44
79 13
79 46
79 48
79 52
79 53
79 22
79 56
79 84
79 26
79 86
80 64
80 1
80 68
80 5
80 71
80 73
80 39
80 46
80 56
80 54
80 24
80 25
80 36
81 1
81 66
81 69
81 10
81 76
81 14
81 61
81 52
81 24
81 84
81 42
81 62
82 1
82 5
82 43
82 45
82 47
82 51
82 20
82 21
82 86
82 56
82 25
82 30
82 37
83 34
83 67
83 40
83 9
83 74
83 45
83 14
83 51
83 25
83 42
83 31
84 2
84 35
84 69
84 71
84 10
84 14
84 15
84 48
84 81
84 67
84 20
84 53
84 23
84 84
84 29
84 85
85 39
85 9
85 44
85 87
85 25
85 30
86 0
86 4
86 73
86 42
86 77
86 84
86 26
86 30
87 64
87 69
87 38
87 42
87 46
87 49
87 84
87 56
