88
2 1
2 2
2 3
2 6
2 7
2 10
2 16
2 17
2 20
2 26
2 27
2 30
2 31
2 32
2 35
2 36
2 37
2 38
2 40
2 41
2 42
2 43
2 45
2 46
2 47
2 49
2 55
2 56
2 66
2 67
2 68
2 70
2 72
2 73
2 76
2 77
2 82
2 83
2 84
2 87
4 3
4 36
4 38
4 6
4 7
4 40
4 41
4 77
4 46
4 47
4 17
4 82
4 83
4 20
4 73
4 55
4 72
4 68
5 1
5 6
5 7
5 16
5 30
5 32
5 38
5 43
5 45
5 46
5 47
5 49
5 55
5 66
5 67
5 68
5 73
5 75
5 76
5 80
5 82
5 87
8 32
8 80
8 2
8 3
8 38
8 6
8 7
8 40
8 42
8 67
8 76
8 47
8 16
8 49
8 82
8 35
8 20
8 87
8 83
8 60
13 1
13 3
13 6
13 16
13 20
13 24
13 26
13 32
13 35
13 36
13 37
13 41
13 42
13 43
13 44
13 45
13 46
13 47
13 49
13 55
13 60
13 67
13 68
13 73
13 76
13 77
13 82
13 83
13 87
14 1
14 2
14 3
14 6
14 7
14 10
14 16
14 17
14 21
14 26
14 27
14 30
14 31
14 32
14 35
14 36
14 37
14 38
14 40
14 41
14 43
14 45
14 46
14 47
14 49
14 55
14 56
14 60
14 61
14 64
14 68
14 76
14 77
14 80
14 82
14 83
14 87
19 1
19 2
19 3
19 6
19 7
19 16
19 20
19 26
19 27
19 30
19 31
19 35
19 36
19 38
19 41
19 42
19 43
19 44
19 45
19 46
19 47
19 60
19 66
19 67
19 68
19 72
19 75
19 76
19 80
19 83
19 86
22 1
22 10
22 16
22 20
22 26
22 30
22 31
22 35
22 37
22 38
22 39
22 41
22 42
22 43
22 45
22 46
22 47
22 51
22 55
22 67
22 68
22 70
22 72
22 80
22 83
22 87
23 1
23 3
23 7
23 10
23 16
23 17
23 20
23 26
23 30
23 31
23 35
23 36
23 37
23 39
23 40
23 41
23 42
23 43
23 46
23 47
23 49
23 55
23 56
23 60
23 66
23 67
23 68
23 72
23 73
23 75
23 76
23 77
23 78
23 80
23 82
23 83
23 84
23 87
29 1
29 3
29 6
29 7
29 16
29 20
29 26
29 30
29 31
29 35
29 36
29 37
29 38
29 40
29 43
29 45
29 46
29 47
29 60
29 67
29 72
29 73
29 75
29 76
29 80
29 82
29 83
29 87
34 1
34 3
34 6
34 7
34 9
34 17
34 20
34 26
34 30
34 32
34 35
34 36
34 37
34 38
34 40
34 42
34 45
34 46
34 49
34 55
34 68
34 72
34 73
34 80
34 82
34 83
34 86
34 87
45 1
45 7
45 9
45 10
45 16
45 20
45 30
45 32
45 35
45 36
45 38
45 40
45 41
45 43
45 45
45 46
45 47
45 66
45 67
45 72
45 73
45 76
45 82
45 87
46 1
46 3
46 6
46 7
46 20
46 26
46 27
46 30
46 31
46 32
46 36
46 38
46 40
46 41
46 42
46 43
46 44
46 45
46 46
46 47
46 49
46 51
46 60
46 64
46 66
46 67
46 68
46 71
46 76
46 77
46 83
46 87
48 1
48 2
48 6
48 7
48 16
48 20
48 26
48 27
48 30
48 31
48 32
48 35
48 36
48 37
48 42
48 43
48 44
48 45
48 46
48 47
48 49
48 67
48 68
48 72
48 73
48 76
48 77
48 82
48 83
48 87
50 1
50 2
50 3
50 6
50 7
50 9
50 10
50 16
50 17
50 20
50 26
50 30
50 31
50 32
50 35
50 36
50 37
50 38
50 39
50 40
50 43
50 44
50 45
50 47
50 49
50 55
50 56
50 66
50 67
50 68
50 69
50 72
50 73
50 76
50 77
50 80
50 83
50 87
58 1
58 2
58 6
58 7
58 10
58 16
58 20
58 26
58 27
58 32
58 37
58 38
58 40
58 41
58 42
58 47
58 49
58 51
58 64
58 67
58 68
58 71
58 72
58 75
58 76
58 77
58 83
58 87
59 0
59 2
59 3
59 6
59 7
59 9
59 16
59 20
59 24
59 26
59 27
59 30
59 32
59 35
59 36
59 37
59 38
59 40
59 41
59 42
59 43
59 45
59 46
59 47
59 49
59 60
59 66
59 67
59 68
59 72
59 73
59 76
59 77
59 80
59 82
59 83
59 86
59 87
60 1
60 2
60 3
60 6
60 7
60 16
60 20
60 26
60 30
60 32
60 35
60 36
60 37
60 38
60 40
60 42
60 43
60 45
60 46
60 47
60 55
60 64
60 66
60 67
60 68
60 71
60 72
60 73
60 76
60 80
60 82
60 83
62 32
62 80
62 66
62 35
62 36
62 38
62 6
62 7
62 72
62 42
62 43
62 76
62 45
62 46
62 47
62 16
62 20
62 87
62 68
62 30
62 84
63 1
63 3
63 6
63 7
63 16
63 20
63 26
63 30
63 32
63 35
63 36
63 37
63 38
63 40
63 41
63 42
63 43
63 45
63 46
63 47
63 49
63 55
63 56
63 61
63 64
63 67
63 68
63 69
63 72
63 73
63 75
63 76
63 77
63 82
63 83
63 86
63 87
64 1
64 2
64 6
64 7
64 10
64 17
64 20
64 24
64 26
64 27
64 30
64 32
64 35
64 36
64 38
64 40
64 41
64 42
64 43
64 44
64 45
64 47
64 49
64 55
64 56
64 60
64 67
64 68
64 69
64 72
64 73
64 76
64 77
64 82
64 83
64 84
64 87
65 1
65 2
65 3
65 6
65 7
65 10
65 16
65 20
65 30
65 31
65 32
65 35
65 36
65 37
65 38
65 41
65 42
65 43
65 44
65 45
65 49
65 51
65 56
65 60
65 64
65 67
65 68
65 70
65 72
65 73
65 75
65 76
65 77
65 80
65 82
65 83
65 86
65 87
70 2
70 6
70 7
70 16
70 17
70 20
70 26
70 27
70 30
70 35
70 38
70 40
70 41
70 42
70 43
70 45
70 46
70 47
70 60
70 67
70 68
70 72
70 82
70 83
70 86
70 87
74 1
74 6
74 7
74 16
74 20
74 26
74 31
74 32
74 35
74 36
74 38
74 39
74 40
74 41
74 42
74 43
74 46
74 47
74 49
74 55
74 67
74 68
74 70
74 72
74 73
74 76
74 82
74 83
77 1
77 10
77 16
77 17
77 26
77 36
77 38
77 40
77 41
77 42
77 43
77 45
77 46
77 49
77 55
77 65
77 66
77 67
77 68
77 72
77 73
77 76
77 77
77 82
77 83
77 87
80 1
80 6
80 20
80 26
80 27
80 30
80 31
80 32
80 35
80 36
80 38
80 40
80 42
80 43
80 46
80 49
80 55
80 67
80 71
80 72
80 73
80 76
80 80
80 82
80 83
81 0
81 1
81 2
81 3
81 6
81 9
81 16
81 20
81 24
81 26
81 27
81 30
81 32
81 35
81 36
81 37
81 40
81 41
81 42
81 43
81 45
81 46
81 47
81 49
81 51
81 55
81 60
81 61
81 64
81 66
81 67
81 68
81 69
81 70
81 71
81 72
81 73
81 76
81 82
81 83
81 84
81 87
84 1
84 6
84 7
84 16
84 17
84 27
84 30
84 32
84 35
84 36
84 37
84 38
84 40
84 42
84 43
84 45
84 46
84 67
84 68
84 72
84 76
84 82
84 87
85 0
85 1
85 2
85 6
85 7
85 9
85 10
85 16
85 20
85 24
85 26
85 27
85 30
85 31
85 32
85 35
85 36
85 37
85 38
85 40
85 41
85 42
85 43
85 45
85 46
85 47
85 55
85 60
85 66
85 68
85 69
85 70
85 73
85 80
85 82
85 83
85 84
85 87
