88
0 51
0 67
0 36
0 5
0 65
0 41
0 42
0 12
0 13
0 14
0 15
0 80
0 19
0 20
0 62
0 73
0 79
0 61
0 30
5 4
5 8
5 11
5 12
5 13
5 15
5 18
5 19
5 20
5 22
5 27
5 35
5 36
5 38
5 40
5 41
5 44
5 45
5 51
5 57
5 59
5 67
5 75
5 77
5 82
5 86
6 5
6 6
6 8
6 9
6 10
6 11
6 12
6 13
6 14
6 15
6 19
6 20
6 21
6 23
6 29
6 33
6 34
6 36
6 37
6 42
6 43
6 45
6 49
6 51
6 54
6 57
6 59
6 61
6 63
6 65
6 67
6 68
6 72
6 73
6 75
6 79
6 80
6 83
6 86
6 87
9 1
9 6
9 10
9 12
9 13
9 14
9 15
9 18
9 19
9 22
9 23
9 27
9 29
9 30
9 35
9 36
9 37
9 38
9 39
9 40
9 43
9 45
9 51
9 53
9 57
9 59
9 61
9 62
9 63
9 65
9 66
9 67
9 72
9 73
9 79
9 80
9 81
9 87
10 1
10 6
10 8
10 9
10 10
10 11
10 12
10 14
10 15
10 18
10 20
10 21
10 22
10 23
10 30
10 33
10 35
10 37
10 38
10 39
10 41
10 42
10 44
10 45
10 50
10 51
10 54
10 57
10 59
10 61
10 62
10 63
10 65
10 66
10 67
10 79
10 81
10 83
10 85
10 86
10 87
14 4
14 5
14 6
14 8
14 11
14 12
14 13
14 14
14 15
14 17
14 19
14 20
14 21
14 22
14 23
14 27
14 30
14 35
14 36
14 37
14 40
14 41
14 42
14 43
14 45
14 51
14 57
14 61
14 62
14 63
14 65
14 66
14 67
14 69
14 73
14 79
14 80
14 85
14 86
14 87
16 65
16 67
16 38
16 39
16 73
16 12
16 13
16 79
16 41
16 22
16 87
16 27
16 30
18 6
18 8
18 9
18 10
18 11
18 12
18 13
18 15
18 18
18 20
18 21
18 22
18 23
18 27
18 30
18 34
18 35
18 36
18 37
18 40
18 41
18 42
18 43
18 44
18 45
18 51
18 53
18 54
18 57
18 62
18 65
18 66
18 67
18 68
18 73
18 75
18 79
18 80
18 83
18 85
19 1
19 5
19 6
19 9
19 10
19 11
19 12
19 14
19 15
19 18
19 20
19 22
19 23
19 27
19 29
19 30
19 34
19 35
19 36
19 37
19 38
19 39
19 40
19 41
19 42
19 45
19 51
19 53
19 54
19 57
19 61
19 62
19 65
19 66
19 67
19 68
19 73
19 75
19 80
19 86
19 87
21 5
21 6
21 10
21 11
21 12
21 13
21 19
21 20
21 21
21 27
21 29
21 33
21 35
21 36
21 37
21 38
21 40
21 41
21 42
21 43
21 48
21 54
21 57
21 65
21 66
21 79
21 80
21 83
21 86
21 87
22 1
22 5
22 6
22 8
22 9
22 10
22 11
22 13
22 14
22 17
22 19
22 20
22 21
22 22
22 23
22 27
22 29
22 30
22 33
22 35
22 36
22 38
22 39
22 40
22 41
22 42
22 45
22 51
22 57
22 61
22 65
22 66
22 67
22 68
22 72
22 75
22 79
22 80
22 82
22 83
22 86
24 5
24 6
24 9
24 10
24 11
24 13
24 15
24 20
24 21
24 27
24 29
24 33
24 35
24 36
24 37
24 40
24 41
24 42
24 45
24 51
24 54
24 62
24 63
24 65
24 67
24 79
24 82
24 83
24 87
28 65
28 83
28 67
28 36
28 5
28 6
28 9
28 42
28 11
28 12
28 15
28 80
28 51
28 20
28 54
28 38
28 86
28 29
28 62
30 3
30 5
30 8
30 9
30 10
30 11
30 12
30 14
30 15
30 19
30 20
30 21
30 22
30 27
30 30
30 36
30 37
30 38
30 39
30 40
30 41
30 42
30 43
30 44
30 45
30 48
30 51
30 53
30 57
30 59
30 61
30 62
30 65
30 67
30 68
30 75
30 78
30 79
30 83
30 85
30 86
37 5
37 6
37 9
37 10
37 11
37 12
37 13
37 19
37 20
37 21
37 22
37 27
37 30
37 34
37 35
37 36
37 37
37 39
37 40
37 42
37 43
37 50
37 51
37 54
37 57
37 59
37 61
37 62
37 66
37 67
37 73
37 79
37 80
37 82
37 83
37 86
38 1
38 3
38 5
38 9
38 10
38 11
38 14
38 15
38 19
38 20
38 21
38 22
38 27
38 30
38 33
38 34
38 35
38 37
38 38
38 39
38 40
38 41
38 43
38 44
38 45
38 51
38 54
38 59
38 61
38 62
38 63
38 65
38 66
38 67
38 68
38 75
38 87
40 4
40 5
40 6
40 9
40 10
40 11
40 12
40 13
40 14
40 15
40 18
40 19
40 20
40 21
40 22
40 23
40 27
40 30
40 34
40 38
40 39
40 40
40 41
40 42
40 43
40 48
40 51
40 53
40 54
40 57
40 59
40 61
40 62
40 65
40 66
40 67
40 69
40 75
40 79
40 80
40 81
40 86
40 87
50 3
50 4
50 6
50 9
50 10
50 11
50 12
50 13
50 14
50 15
50 18
50 19
50 20
50 21
50 22
50 27
50 30
50 33
50 36
50 37
50 38
50 39
50 40
50 42
50 43
50 44
50 48
50 53
50 54
50 61
50 62
50 66
50 67
50 68
50 71
50 73
50 75
50 83
50 86
50 87
53 5
53 6
53 9
53 10
53 11
53 12
53 13
53 14
53 15
53 19
53 22
53 27
53 29
53 30
53 33
53 34
53 35
53 36
53 37
53 38
53 40
53 41
53 42
53 44
53 45
53 51
53 53
53 54
53 57
53 59
53 61
53 62
53 65
53 67
53 68
53 75
53 79
53 80
53 82
53 87
54 3
54 5
54 6
54 8
54 9
54 11
54 12
54 13
54 14
54 19
54 20
54 21
54 22
54 27
54 29
54 30
54 33
54 35
54 36
54 37
54 38
54 40
54 41
54 42
54 45
54 47
54 54
54 57
54 61
54 62
54 63
54 65
54 67
54 69
54 73
54 75
54 87
62 4
62 5
62 6
62 11
62 12
62 13
62 14
62 15
62 17
62 19
62 20
62 21
62 22
62 25
62 27
62 29
62 30
62 33
62 35
62 36
62 41
62 42
62 43
62 44
62 45
62 47
62 48
62 51
62 54
62 57
62 59
62 67
62 69
62 73
62 75
62 78
62 79
62 80
62 83
62 85
62 86
62 87
64 5
64 6
64 8
64 9
64 10
64 11
64 12
64 14
64 15
64 18
64 19
64 20
64 21
64 22
64 27
64 29
64 33
64 35
64 36
64 37
64 38
64 39
64 40
64 42
64 44
64 48
64 51
64 54
64 55
64 57
64 61
64 62
64 65
64 67
64 73
64 78
64 80
64 82
64 83
64 86
64 87
65 2
65 3
65 5
65 6
65 9
65 10
65 11
65 12
65 13
65 15
65 18
65 20
65 21
65 22
65 26
65 27
65 30
65 33
65 34
65 37
65 38
65 39
65 40
65 41
65 42
65 50
65 54
65 57
65 59
65 61
65 62
65 65
65 66
65 75
65 78
65 79
65 80
65 82
65 83
65 86
65 87
84 3
84 6
84 8
84 10
84 11
84 12
84 13
84 14
84 15
84 18
84 21
84 22
84 23
84 27
84 30
84 33
84 34
84 35
84 36
84 38
84 41
84 42
84 43
84 54
84 65
84 79
84 80
87 1
87 5
87 6
87 9
87 10
87 11
87 12
87 13
87 14
87 15
87 18
87 20
87 22
87 27
87 33
87 35
87 36
87 37
87 38
87 40
87 41
87 42
87 43
87 51
87 57
87 59
87 61
87 62
87 65
87 68
87 69
87 72
87 79
87 80
87 81
87 85
87 86
87 87
