88
0 2
0 3
0 4
0 6
0 11
0 13
0 14
0 20
0 22
0 23
0 24
0 26
0 27
0 30
0 31
0 32
0 33
0 35
0 36
0 37
0 39
0 40
0 42
0 43
0 44
0 46
0 47
0 48
0 49
0 52
0 53
0 57
0 63
0 64
0 65
0 67
0 68
0 69
0 70
0 71
0 72
0 73
0 74
0 75
0 79
0 81
0 86
0 87
1 6
1 13
1 22
1 23
1 24
1 26
1 29
1 30
1 31
1 33
1 38
1 41
1 42
1 44
1 47
1 48
1 49
1 52
1 53
1 57
1 60
1 61
1 62
1 63
1 64
1 67
1 68
1 72
1 73
1 74
1 75
1 76
1 83
1 87
5 2
5 3
5 4
5 11
5 13
5 14
5 20
5 21
5 22
5 23
5 24
5 25
5 26
5 27
5 30
5 31
5 33
5 34
5 35
5 36
5 37
5 39
5 40
5 41
5 42
5 43
5 46
5 48
5 49
5 52
5 53
5 56
5 57
5 58
5 59
5 62
5 63
5 64
5 65
5 66
5 67
5 68
5 69
5 70
5 71
5 72
5 73
5 74
5 75
5 77
5 78
5 79
5 81
5 86
5 87
7 61
8 2
8 3
8 5
8 6
8 10
8 11
8 14
8 20
8 22
8 23
8 24
8 25
8 26
8 27
8 30
8 31
8 32
8 33
8 34
8 35
8 36
8 37
8 38
8 39
8 40
8 41
8 42
8 43
8 46
8 47
8 49
8 50
8 51
8 52
8 53
8 56
8 57
8 58
8 59
8 60
8 62
8 65
8 66
8 67
8 68
8 69
8 70
8 71
8 72
8 73
8 74
8 75
8 77
8 78
8 81
8 86
8 87
11 2
11 3
11 4
11 6
11 10
11 11
11 13
11 20
11 22
11 23
11 24
11 26
11 27
11 30
11 31
11 32
11 33
11 34
11 35
11 36
11 38
11 39
11 40
11 41
11 42
11 43
11 44
11 46
11 47
11 49
11 50
11 52
11 53
11 56
11 57
11 58
11 60
11 62
11 65
11 66
11 67
11 68
11 69
11 71
11 72
11 73
11 74
11 75
11 77
11 78
11 81
11 83
11 86
11 87
16 2
16 3
16 4
16 6
16 10
16 11
16 13
16 14
16 20
16 21
16 22
16 23
16 24
16 26
16 27
16 30
16 31
16 32
16 33
16 35
16 36
16 37
16 38
16 40
16 44
16 46
16 47
16 48
16 49
16 50
16 52
16 53
16 55
16 56
16 57
16 58
16 60
16 61
16 62
16 63
16 65
16 67
16 68
16 69
16 70
16 71
16 72
16 73
16 74
16 75
16 77
16 79
16 81
16 83
16 86
16 87
18 35
18 36
18 70
18 71
18 75
18 81
18 86
18 56
18 57
18 27
18 60
18 61
18 63
22 2
22 4
22 6
22 11
22 13
22 22
22 23
22 26
22 27
22 31
22 32
22 33
22 34
22 37
22 38
22 39
22 40
22 41
22 42
22 43
22 47
22 48
22 49
22 52
22 53
22 56
22 57
22 58
22 59
22 60
22 61
22 62
22 64
22 65
22 66
22 67
22 68
22 72
22 74
22 75
22 81
22 86
22 87
28 2
28 3
28 6
28 13
28 23
28 24
28 26
28 30
28 31
28 34
28 35
28 36
28 37
28 39
28 40
28 42
28 44
28 46
28 47
28 49
28 50
28 52
28 56
28 57
28 60
28 61
28 62
28 63
28 64
28 65
28 66
28 71
28 72
28 73
28 74
28 75
28 78
28 81
28 86
28 87
29 2
29 3
29 4
29 6
29 22
29 24
29 31
29 34
29 35
29 36
29 37
29 39
29 42
29 43
29 47
29 56
29 64
29 65
29 66
29 68
29 69
29 70
29 73
29 79
29 81
29 86
35 2
35 4
35 6
35 10
35 13
35 16
35 21
35 22
35 23
35 26
35 27
35 30
35 31
35 34
35 36
35 37
35 39
35 40
35 43
35 44
35 49
35 50
35 53
35 56
35 61
35 64
35 65
35 66
35 67
35 68
35 69
35 71
35 72
35 73
35 74
35 75
35 78
35 81
45 2
45 3
45 6
45 11
45 13
45 22
45 23
45 24
45 25
45 26
45 27
45 30
45 32
45 33
45 34
45 35
45 37
45 38
45 39
45 40
45 41
45 42
45 43
45 47
45 49
45 50
45 52
45 57
45 59
45 60
45 62
45 63
45 64
45 65
45 66
45 67
45 69
45 70
45 72
45 74
45 75
45 76
45 78
45 79
45 86
45 87
48 2
48 4
48 5
48 6
48 11
48 13
48 14
48 20
48 22
48 23
48 25
48 26
48 27
48 31
48 32
48 33
48 34
48 36
48 37
48 38
48 39
48 40
48 42
48 43
48 44
48 48
48 50
48 51
48 52
48 53
48 55
48 56
48 57
48 58
48 60
48 61
48 62
48 63
48 64
48 66
48 67
48 68
48 70
48 71
48 72
48 73
48 74
48 76
48 78
48 81
48 83
48 86
48 87
49 2
49 4
49 6
49 11
49 22
49 24
49 26
49 27
49 31
49 32
49 34
49 35
49 36
49 37
49 38
49 39
49 40
49 41
49 42
49 46
49 47
49 48
49 49
49 50
49 52
49 53
49 57
49 58
49 60
49 61
49 62
49 64
49 65
49 66
49 67
49 69
49 73
49 74
49 77
49 81
49 86
49 87
54 2
54 3
54 4
54 11
54 13
54 20
54 21
54 23
54 24
54 26
54 27
54 31
54 33
54 34
54 35
54 36
54 37
54 38
54 39
54 40
54 41
54 42
54 43
54 44
54 47
54 49
54 50
54 52
54 53
54 56
54 58
54 59
54 60
54 62
54 63
54 64
54 65
54 66
54 67
54 68
54 69
54 70
54 71
54 72
54 73
54 74
54 77
54 78
54 79
54 80
54 81
54 83
54 86
54 87
68 2
68 3
68 5
68 6
68 10
68 11
68 13
68 23
68 24
68 25
68 26
68 27
68 31
68 32
68 34
68 36
68 37
68 38
68 40
68 41
68 42
68 43
68 46
68 47
68 49
68 50
68 51
68 53
68 57
68 60
68 61
68 62
68 63
68 64
68 65
68 66
68 67
68 68
68 69
68 70
68 71
68 72
68 73
68 74
68 75
68 76
68 78
68 79
68 81
68 87
82 2
82 4
82 6
82 13
82 21
82 23
82 24
82 27
82 33
82 36
82 39
82 40
82 42
82 43
82 44
82 47
82 50
82 52
82 53
82 60
82 65
82 66
82 67
82 68
82 69
82 70
82 72
82 73
82 74
82 86
83 13
83 22
83 23
83 24
83 27
83 31
83 33
83 35
83 36
83 39
83 40
83 42
83 43
83 47
83 48
83 49
83 50
83 52
83 53
83 59
83 61
83 62
83 64
83 66
83 70
83 71
83 73
83 77
83 81
83 87
84 3
84 5
84 6
84 11
84 13
84 20
84 21
84 22
84 23
84 24
84 26
84 27
84 29
84 30
84 31
84 32
84 33
84 35
84 37
84 38
84 40
84 41
84 42
84 43
84 44
84 46
84 47
84 48
84 49
84 50
84 52
84 53
84 55
84 56
84 57
84 58
84 60
84 62
84 64
84 65
84 66
84 67
84 68
84 69
84 70
84 72
84 73
84 74
84 75
84 76
84 77
84 79
84 81
84 86
84 87
85 2
85 3
85 4
85 6
85 11
85 13
85 20
85 22
85 23
85 26
85 27
85 29
85 30
85 31
85 32
85 33
85 34
85 35
85 36
85 37
85 38
85 39
85 41
85 42
85 43
85 44
85 47
85 48
85 49
85 51
85 52
85 53
85 55
85 57
85 60
85 61
85 62
85 64
85 65
85 66
85 67
85 68
85 69
85 70
85 71
85 72
85 73
85 74
85 75
85 77
85 78
85 79
85 81
85 86
85 87
