88
0 3
0 6
0 55
0 14
0 48
0 18
0 20
0 78
0 87
0 26
0 60
0 29
0 21
1 36
1 6
1 10
1 78
1 29
1 18
1 20
1 14
1 87
1 84
1 58
1 60
1 26
1 21
2 36
2 6
2 10
2 14
2 48
2 17
2 18
2 20
2 78
2 87
2 84
2 60
2 29
2 21
4 3
4 36
4 10
4 78
4 29
4 48
4 20
4 21
4 87
4 84
4 58
4 60
4 26
5 36
5 10
5 14
5 48
5 20
5 21
5 87
5 84
5 26
5 60
5 29
6 3
6 36
6 6
6 78
6 29
6 48
6 18
6 20
6 21
6 26
6 60
6 58
8 36
8 6
8 78
8 29
8 17
8 18
8 20
8 14
8 55
8 84
8 58
8 60
8 26
8 21
9 36
9 6
9 10
9 55
9 78
9 29
9 17
9 84
9 21
9 87
9 20
9 58
9 60
9 26
10 3
10 6
10 10
10 14
10 18
10 78
10 55
10 26
10 59
10 60
10 29
10 21
11 36
11 55
11 78
11 20
11 87
11 26
11 60
12 10
12 26
12 84
12 18
12 21
13 36
13 10
13 78
13 29
13 48
13 18
13 20
13 14
13 87
13 58
13 59
13 60
13 26
13 21
15 36
15 10
15 20
15 21
15 26
15 29
16 36
16 6
16 78
16 29
16 48
16 18
16 20
16 21
16 87
16 84
16 58
16 60
16 26
18 10
18 87
18 78
18 48
18 20
18 14
18 55
18 84
18 58
18 59
18 60
18 29
19 58
19 10
19 26
19 18
19 78
20 36
20 10
20 87
20 14
20 48
20 17
20 18
20 20
20 55
20 26
20 59
20 60
20 29
21 36
21 55
21 14
21 48
21 18
21 20
21 78
21 87
21 84
21 58
21 26
21 29
21 21
22 48
22 18
22 29
22 6
22 55
23 36
23 10
23 55
23 14
23 48
23 18
23 20
23 21
23 87
23 84
23 26
23 60
23 29
24 6
24 78
24 18
24 20
24 21
24 87
24 29
25 6
25 78
25 20
25 21
25 87
25 58
25 29
26 36
26 6
26 10
26 14
26 29
26 18
26 84
26 78
26 58
26 60
26 26
26 21
27 36
27 6
27 10
27 78
27 48
27 17
27 18
27 20
27 14
27 87
27 26
27 60
27 29
27 21
28 36
28 10
28 87
28 14
28 48
28 17
28 18
28 78
28 55
28 58
28 26
28 60
28 29
28 21
29 3
29 6
29 10
29 55
29 14
29 48
29 18
29 21
29 87
29 58
29 60
29 29
30 3
30 10
30 55
30 78
30 18
30 20
30 14
30 87
30 84
30 58
30 59
30 60
30 29
30 21
31 36
31 6
31 10
31 14
31 48
31 17
31 18
31 78
31 87
31 26
31 60
31 29
31 21
32 6
32 10
32 14
32 29
32 48
32 17
32 18
32 20
32 78
32 55
32 84
32 58
32 59
32 60
32 26
32 21
33 36
33 6
33 10
33 14
33 18
33 20
33 21
33 87
33 26
33 60
33 29
34 36
34 10
34 87
34 14
34 29
34 48
34 18
34 84
34 78
34 55
34 20
34 58
34 59
34 60
34 26
34 21
35 14
35 48
35 18
35 20
35 55
35 26
35 60
35 29
36 36
36 6
36 10
36 55
36 14
36 29
36 48
36 18
36 78
36 87
36 58
36 60
36 26
36 21
37 10
37 78
37 17
37 21
37 55
37 60
37 29
38 36
38 6
38 10
38 87
38 14
38 29
38 48
38 18
38 20
38 78
38 55
38 58
38 59
38 60
38 26
38 21
39 36
39 10
39 78
39 55
39 58
39 60
39 29
40 55
40 14
40 20
40 21
40 87
40 29
41 36
41 6
41 10
41 55
41 14
41 29
41 48
41 17
41 84
41 21
41 87
41 58
41 26
42 3
42 36
42 6
42 10
42 55
42 78
42 18
42 20
42 14
42 87
42 84
42 58
42 26
42 60
42 29
42 21
43 3
43 36
43 6
43 10
43 78
43 29
43 48
43 18
43 20
43 21
43 55
43 84
43 58
43 59
43 60
43 26
44 10
44 58
44 18
44 6
44 29
45 10
45 78
45 14
45 18
45 20
45 21
45 87
45 58
45 60
45 26
46 36
46 6
46 10
46 55
46 14
46 48
46 18
46 58
46 20
46 78
46 87
46 84
46 26
46 59
46 29
46 21
47 36
47 6
47 10
47 87
47 14
47 29
47 48
47 17
47 18
47 20
47 21
47 55
47 58
47 26
49 36
49 6
49 10
49 55
49 78
49 29
49 48
49 18
49 84
49 21
49 87
49 20
49 58
49 59
49 60
49 26
50 36
50 6
50 10
50 78
50 26
50 60
50 29
51 6
51 10
51 14
51 48
51 20
51 21
51 26
51 59
51 60
51 58
52 10
52 18
52 20
52 21
52 55
52 60
52 29
53 55
53 78
53 21
53 87
53 58
53 60
53 29
54 48
54 58
54 60
54 29
54 6
55 6
55 10
55 87
55 78
55 18
55 20
55 14
55 55
55 84
55 26
55 60
55 21
56 3
56 36
56 6
56 10
56 55
56 78
56 29
56 48
56 17
56 18
56 84
56 21
56 87
56 58
56 60
56 26
57 36
57 10
57 87
57 78
57 48
57 18
57 20
57 14
57 55
57 84
57 60
57 21
61 36
61 10
61 14
61 18
61 78
61 29
61 21
62 3
62 36
62 6
62 10
62 14
62 29
62 48
62 17
62 18
62 20
62 21
62 87
62 84
62 58
62 60
62 26
63 6
63 10
63 55
63 14
63 29
63 48
63 84
63 78
63 87
63 58
63 60
63 26
63 21
64 3
64 36
64 6
64 10
64 78
64 29
64 20
64 14
64 84
64 26
64 60
64 58
64 21
65 10
65 78
65 48
65 84
65 21
65 26
65 60
65 29
66 3
66 36
66 10
66 87
66 14
66 48
66 18
66 20
66 21
66 55
66 58
66 60
66 26
67 55
67 84
67 87
67 20
67 58
67 60
68 36
68 14
68 48
68 84
68 21
68 20
68 29
69 36
69 10
69 48
69 17
69 84
69 21
69 55
69 20
69 58
69 60
69 29
70 60
70 18
70 20
70 21
70 78
71 6
71 10
71 78
71 29
71 84
71 58
71 26
72 6
72 10
72 87
72 14
72 29
72 18
72 20
72 21
72 55
72 84
72 58
72 26
73 10
73 78
73 84
73 14
73 87
73 58
73 60
73 29
74 36
74 6
74 10
74 55
74 14
74 48
74 18
74 58
74 84
74 78
74 87
74 26
74 60
74 29
74 21
75 60
75 20
75 21
75 14
75 29
76 36
76 10
76 87
76 78
76 48
76 18
76 20
76 21
76 55
76 84
76 26
76 59
76 60
76 29
77 3
77 36
77 6
77 10
77 55
77 78
77 17
77 18
77 58
77 20
77 87
77 84
77 26
77 59
77 60
77 29
78 3
78 36
78 6
78 10
78 14
78 48
78 17
78 84
78 21
78 55
78 26
78 60
78 29
79 10
79 60
79 21
79 78
79 55
80 36
80 10
80 78
80 18
80 14
80 87
80 29
81 3
81 36
81 10
81 55
81 78
81 48
81 18
81 20
81 21
81 87
81 84
81 26
81 60
81 29
82 3
82 36
82 10
82 78
82 48
82 18
82 84
82 14
82 87
82 20
82 58
82 60
82 26
82 21
83 10
83 14
83 17
83 58
83 84
83 78
83 87
83 26
83 60
83 29
83 21
84 36
84 10
84 14
84 29
84 48
84 18
84 20
84 78
84 87
84 58
84 59
84 60
84 26
86 3
86 36
86 6
86 10
86 87
86 14
86 29
86 48
86 18
86 20
86 55
86 84
86 26
86 59
86 60
86 58
87 36
87 6
87 10
87 78
87 48
87 18
87 20
87 21
87 84
87 26
87 60
87 29
