88
3 32
3 66
3 70
3 2
3 53
3 56
4 32
4 1
4 68
4 38
4 71
4 72
4 42
4 78
4 48
4 10
8 0
8 2
8 9
8 10
8 11
8 16
8 18
8 22
8 27
8 31
8 33
8 43
8 48
8 53
8 54
8 55
8 56
8 58
8 59
8 62
8 64
8 70
8 72
8 73
8 74
8 77
8 78
8 82
8 84
8 85
11 1
11 9
11 10
11 11
11 13
11 14
11 16
11 18
11 20
11 27
11 31
11 32
11 43
11 44
11 53
11 54
11 55
11 56
11 58
11 64
11 66
11 68
11 70
11 71
11 72
11 73
11 77
11 79
11 82
11 84
11 87
13 1
13 9
13 13
13 14
13 16
13 18
13 27
13 31
13 33
13 36
13 42
13 44
13 52
13 53
13 55
13 56
13 58
13 60
13 62
13 64
13 66
13 68
13 70
13 72
13 73
13 75
13 77
13 79
13 84
15 0
15 33
15 66
15 71
15 72
15 75
15 13
15 14
15 77
15 18
15 20
15 54
15 87
15 56
15 27
15 60
19 2
19 10
19 11
19 13
19 14
19 16
19 18
19 22
19 27
19 32
19 33
19 36
19 38
19 42
19 43
19 48
19 50
19 54
19 55
19 62
19 64
19 66
19 68
19 70
19 71
19 73
19 74
19 75
19 77
19 78
19 82
19 87
23 32
23 64
23 2
23 66
23 70
23 72
23 10
23 11
23 13
23 14
23 77
23 50
23 74
23 78
23 55
23 68
23 60
23 42
23 31
24 2
24 9
24 10
24 13
24 14
24 18
24 20
24 22
24 31
24 32
24 33
24 42
24 43
24 52
24 54
24 55
24 58
24 60
24 62
24 70
24 71
24 75
24 77
24 84
26 9
26 10
26 12
26 27
26 31
26 33
26 38
26 54
26 56
26 58
26 59
26 62
26 66
26 68
26 70
26 71
26 72
26 73
26 79
26 84
26 85
26 87
27 2
27 11
27 13
27 14
27 16
27 18
27 20
27 22
27 27
27 32
27 38
27 42
27 43
27 54
27 58
27 61
27 62
27 64
27 66
27 71
27 72
27 73
27 74
27 75
27 78
27 79
27 84
27 87
28 64
28 50
28 14
28 48
28 18
28 84
28 62
29 33
29 66
29 73
29 18
29 20
29 58
30 0
30 2
30 9
30 10
30 11
30 12
30 13
30 14
30 18
30 20
30 27
30 32
30 33
30 38
30 42
30 54
30 58
30 62
30 68
30 70
30 71
30 72
30 73
30 74
30 77
30 78
30 79
30 84
30 87
34 1
34 10
34 11
34 13
34 14
34 18
34 22
34 31
34 32
34 33
34 42
34 44
34 48
34 50
34 52
34 54
34 55
34 56
34 60
34 62
34 66
34 68
34 70
34 72
34 73
34 74
34 75
34 77
34 78
34 79
34 84
34 85
34 87
35 0
35 11
35 12
35 13
35 16
35 18
35 20
35 31
35 32
35 33
35 36
35 38
35 42
35 48
35 50
35 53
35 54
35 55
35 58
35 62
35 64
35 68
35 70
35 72
35 73
35 74
35 75
35 77
35 78
35 87
37 1
37 10
37 11
37 13
37 14
37 16
37 18
37 20
37 27
37 31
37 32
37 33
37 38
37 42
37 43
37 48
37 50
37 52
37 54
37 56
37 58
37 64
37 66
37 68
37 70
37 72
37 74
37 75
37 78
37 79
37 82
37 84
37 87
39 1
39 2
39 10
39 13
39 14
39 18
39 20
39 27
39 32
39 54
39 56
39 58
39 60
39 62
39 64
39 66
39 68
39 73
39 75
39 77
39 78
39 79
39 84
39 87
40 9
40 10
40 11
40 13
40 17
40 20
40 27
40 42
40 44
40 52
40 53
40 54
40 55
40 60
40 62
40 64
40 66
40 68
40 72
40 73
40 79
40 82
40 84
41 64
41 66
41 68
41 38
41 72
41 55
41 13
41 79
41 54
41 87
41 36
41 58
41 60
45 0
45 1
45 9
45 10
45 12
45 14
45 16
45 18
45 20
45 27
45 31
45 32
45 33
45 36
45 38
45 42
45 50
45 52
45 54
45 55
45 56
45 58
45 62
45 64
45 66
45 70
45 71
45 74
45 75
45 77
45 79
45 84
46 1
46 2
46 10
46 12
46 13
46 14
46 18
46 20
46 27
46 32
46 33
46 38
46 43
46 44
46 50
46 53
46 54
46 58
46 59
46 60
46 62
46 64
46 66
46 68
46 70
46 71
46 74
46 78
46 79
46 82
46 84
46 87
47 0
47 2
47 9
47 10
47 11
47 16
47 18
47 20
47 22
47 32
47 33
47 48
47 50
47 53
47 55
47 58
47 60
47 62
47 66
47 68
47 71
47 72
47 73
47 74
47 75
47 77
47 78
47 79
47 82
47 84
47 85
47 87
49 32
49 38
49 73
49 11
49 79
49 54
49 55
49 58
50 0
50 1
50 2
50 9
50 10
50 11
50 13
50 16
50 18
50 20
50 22
50 33
50 42
50 43
50 48
50 52
50 53
50 55
50 56
50 62
50 66
50 68
50 70
50 73
50 74
50 75
50 77
50 78
50 79
54 1
54 2
54 9
54 11
54 13
54 16
54 18
54 20
54 27
54 32
54 33
54 42
54 44
54 48
54 53
54 54
54 55
54 58
54 60
54 62
54 66
54 70
54 72
54 73
54 74
54 75
54 77
54 78
54 79
54 84
54 87
57 0
57 1
57 2
57 9
57 12
57 14
57 18
57 20
57 22
57 31
57 32
57 33
57 36
57 43
57 52
57 55
57 58
57 60
57 62
57 64
57 68
57 70
57 71
57 73
57 75
57 77
57 78
57 79
57 84
67 0
67 9
67 11
67 13
67 16
67 20
67 22
67 27
67 31
67 32
67 33
67 38
67 42
67 44
67 48
67 50
67 53
67 54
67 55
67 59
67 60
67 62
67 64
67 66
67 70
67 74
67 75
67 77
67 78
67 79
67 82
67 85
69 9
69 10
69 43
69 84
69 87
70 1
70 2
70 9
70 10
70 11
70 13
70 18
70 20
70 22
70 27
70 33
70 42
70 43
70 52
70 54
70 55
70 56
70 58
70 60
70 62
70 64
70 70
70 72
70 73
70 75
70 82
70 84
70 85
76 2
76 11
76 13
76 16
76 18
76 27
76 32
76 36
76 42
76 44
76 48
76 50
76 52
76 55
76 56
76 59
76 60
76 62
76 64
76 70
76 71
76 72
76 73
76 74
76 77
76 78
76 82
76 85
80 32
80 2
80 68
80 70
80 71
80 72
80 9
80 42
80 75
80 66
80 78
80 77
80 85
80 54
80 55
80 79
80 74
81 32
81 1
81 70
81 33
81 82
81 20
81 27
82 0
82 1
82 2
82 13
82 14
82 18
82 22
82 27
82 31
82 32
82 36
82 42
82 43
82 44
82 50
82 54
82 55
82 58
82 62
82 64
82 66
82 70
82 71
82 72
82 73
82 74
82 77
82 79
82 82
82 85
83 10
83 11
83 13
83 14
83 16
83 18
83 20
83 22
83 27
83 31
83 32
83 33
83 42
83 44
83 50
83 54
83 55
83 56
83 58
83 59
83 61
83 62
83 64
83 70
83 72
83 74
83 75
83 77
83 78
83 82
83 84
83 87
84 0
84 1
84 2
84 10
84 11
84 13
84 14
84 18
84 20
84 22
84 31
84 32
84 33
84 38
84 42
84 48
84 52
84 54
84 62
84 64
84 66
84 68
84 71
84 73
84 74
84 75
84 78
84 79
84 84
84 85
84 87
86 0
86 1
86 2
86 9
86 10
86 13
86 16
86 18
86 20
86 27
86 31
86 32
86 38
86 42
86 43
86 50
86 52
86 54
86 58
86 59
86 62
86 64
86 66
86 70
86 72
86 73
86 75
86 77
86 78
86 79
86 82
86 84
