88
0 1
0 7
0 73
0 43
0 44
0 77
0 76
0 50
0 57
0 22
0 23
0 24
0 25
0 27
0 55
1 43
1 68
1 7
1 9
1 79
1 11
1 44
1 13
1 77
1 50
1 82
1 22
1 73
1 24
1 25
1 71
1 75
1 28
2 68
2 72
2 43
2 44
2 82
2 83
2 22
2 28
4 7
4 9
4 11
4 13
4 22
4 24
4 27
4 28
4 37
4 43
4 44
4 55
4 56
4 57
4 68
4 71
4 72
4 73
4 75
4 76
4 77
4 82
4 83
5 71
5 68
5 7
6 1
6 3
6 68
6 37
6 7
6 72
6 9
6 11
6 44
6 13
6 77
6 76
6 50
6 82
6 22
6 55
6 56
6 57
6 71
6 28
7 1
7 7
7 9
7 11
7 13
7 22
7 24
7 25
7 27
7 28
7 37
7 43
7 44
7 55
7 68
7 71
7 73
7 75
7 76
7 77
7 79
7 83
10 0
10 1
10 3
10 68
10 7
10 72
10 9
10 11
10 44
10 82
10 76
10 43
10 75
10 57
10 22
10 23
10 56
10 25
10 27
10 55
12 1
12 82
12 37
12 71
12 72
12 9
12 43
12 44
12 77
12 73
12 76
12 50
12 83
12 57
12 22
12 55
12 24
12 25
12 79
12 28
13 75
13 37
13 7
13 72
13 73
13 43
13 44
13 82
13 79
13 76
13 50
13 55
13 24
13 25
13 71
17 11
17 7
18 1
18 43
18 68
18 71
18 72
18 9
18 79
18 11
18 44
18 13
18 77
18 73
18 76
18 50
18 83
18 82
18 22
18 55
18 56
18 27
19 1
19 3
19 68
19 7
19 72
19 11
19 76
19 13
19 77
19 43
19 50
19 22
19 55
19 57
19 71
19 79
20 37
20 72
20 9
20 23
20 82
20 55
20 24
21 7
21 73
21 55
21 44
21 9
21 23
21 24
26 0
26 1
26 43
26 68
26 37
26 7
26 72
26 9
26 11
26 44
26 13
26 77
26 50
26 83
26 82
26 22
26 23
26 56
26 57
26 71
26 27
28 43
28 68
28 71
28 9
28 82
28 11
28 44
28 13
28 77
28 76
28 50
28 57
28 22
28 55
28 25
28 75
29 0
29 1
29 3
29 37
29 7
29 72
29 73
29 43
29 13
29 77
29 82
29 83
29 57
29 22
29 23
29 24
29 25
29 71
29 28
29 55
30 1
30 50
30 37
30 7
30 72
30 9
30 76
30 77
30 13
30 82
30 22
30 55
30 73
30 44
31 7
31 73
31 75
31 77
31 79
31 82
31 22
32 1
32 43
32 37
32 71
32 72
32 76
32 11
32 44
32 77
32 82
32 83
32 22
32 23
32 56
32 25
32 55
34 1
34 68
34 37
34 72
34 9
34 23
34 44
34 77
34 83
34 22
34 25
34 24
34 57
34 55
35 1
35 43
35 9
35 11
35 83
35 22
35 25
36 0
36 82
36 37
36 72
36 9
36 43
36 13
36 77
36 73
36 56
36 50
36 22
36 55
36 24
36 25
36 28
37 1
37 7
37 9
37 11
37 22
37 24
37 25
37 27
37 28
37 43
37 44
37 50
37 55
37 56
37 57
37 68
37 73
37 76
37 77
37 79
37 82
37 83
38 75
38 68
38 37
38 7
38 72
38 9
38 43
38 44
38 77
38 79
38 50
38 82
38 22
38 55
38 24
39 0
39 1
39 7
39 9
39 11
39 13
39 22
39 24
39 25
39 28
39 37
39 43
39 44
39 50
39 56
39 57
39 68
39 72
39 73
39 75
39 76
39 77
39 82
40 1
40 43
40 68
40 73
40 75
40 77
40 56
40 82
40 22
40 55
40 24
41 3
41 82
41 37
41 7
41 72
41 73
41 11
41 77
41 79
41 43
41 50
41 57
41 22
41 23
41 24
41 25
41 71
41 27
41 28
41 55
42 1
42 7
42 72
42 9
42 43
42 76
42 77
42 73
42 56
42 82
42 83
42 22
42 55
42 24
42 57
42 71
43 0
43 1
43 3
43 9
43 11
43 13
43 23
43 24
43 25
43 27
43 37
43 43
43 44
43 55
43 57
43 68
43 71
43 72
43 73
43 77
43 82
43 83
45 1
45 3
45 7
45 9
45 11
45 13
45 22
45 24
45 25
45 27
45 37
45 50
45 55
45 56
45 57
45 71
45 72
45 73
45 77
45 79
45 82
45 83
46 1
46 68
46 37
46 7
46 72
46 9
46 43
46 76
46 13
46 44
46 82
46 57
46 55
46 25
47 43
47 68
47 37
47 7
47 72
47 73
47 11
47 77
47 79
47 50
47 83
47 22
47 23
47 56
48 1
48 3
48 82
48 37
48 71
48 72
48 9
48 79
48 43
48 44
48 77
48 73
48 76
48 56
48 75
48 57
48 22
48 23
48 24
48 25
48 27
49 68
49 37
49 71
49 72
49 9
49 43
49 79
49 83
49 22
49 55
49 24
49 25
51 1
51 75
51 68
51 9
51 11
51 76
51 77
51 22
51 73
51 56
51 25
51 27
52 68
52 37
52 72
52 73
52 43
52 13
52 82
52 55
53 1
53 3
53 68
53 7
53 11
53 44
53 13
53 77
53 43
53 22
53 56
53 25
53 71
53 79
53 28
54 0
54 1
54 37
54 7
54 72
54 9
54 79
54 43
54 44
54 77
54 73
54 56
54 82
54 83
54 22
54 23
54 24
54 57
54 71
54 27
55 1
55 43
55 68
55 7
55 72
55 9
55 82
55 11
55 13
55 77
55 75
55 57
55 73
55 55
55 24
55 25
55 71
58 43
58 68
58 7
58 72
58 9
58 11
58 76
58 77
58 79
58 82
58 24
58 13
59 1
59 3
59 68
59 37
59 7
59 72
59 9
59 79
59 11
59 44
59 77
59 73
59 43
59 50
59 83
59 82
59 22
59 56
59 24
59 25
59 75
60 1
60 68
60 37
60 7
60 9
60 71
60 44
60 77
60 79
60 76
60 56
60 22
60 55
60 24
60 25
60 28
63 1
63 68
63 7
63 9
63 82
63 22
63 23
63 24
64 1
64 43
64 68
64 37
64 7
64 72
64 9
64 11
64 76
64 77
64 75
64 50
64 82
64 55
64 25
64 27
66 1
66 68
66 71
66 72
66 9
66 55
66 13
66 77
66 73
66 57
66 22
66 23
66 24
66 25
66 79
67 1
67 68
67 71
67 7
67 79
67 82
67 27
70 68
70 7
70 72
70 9
70 43
70 44
70 13
70 77
70 76
70 82
70 73
70 23
70 56
70 55
70 71
70 79
71 1
71 43
71 68
71 7
71 72
71 73
71 11
71 44
71 79
71 57
71 55
71 24
71 25
71 71
71 27
72 1
72 43
72 68
72 7
72 72
72 9
72 11
72 44
72 13
72 77
72 73
72 50
72 83
72 82
72 22
72 55
72 56
72 57
72 71
72 75
78 68
78 37
78 7
78 73
78 75
78 44
78 77
78 82
78 22
78 9
78 24
78 55
80 1
80 71
80 9
80 7
80 76
80 13
80 77
80 56
80 22
80 23
80 24
80 27
82 1
82 7
82 9
82 22
82 23
82 24
82 27
82 37
82 43
82 44
82 50
82 55
82 56
82 57
82 71
82 72
82 73
82 75
82 76
82 77
82 79
82 83
83 72
83 43
83 77
83 79
83 50
83 83
83 55
83 56
83 57
83 27
84 1
84 43
84 7
84 72
84 73
84 71
84 76
84 77
84 44
84 55
84 24
85 1
85 43
85 68
85 7
85 72
85 44
85 11
85 76
85 13
85 55
85 57
85 71
86 1
86 50
86 68
86 37
86 7
86 44
86 13
86 56
86 82
86 22
86 55
86 24
87 1
87 68
87 71
87 72
87 73
87 44
87 77
87 82
87 22
87 55
87 56
87 28
