88
0 9
0 10
0 14
0 15
0 24
0 25
0 32
0 33
0 34
0 36
0 37
0 38
0 39
0 40
0 42
0 45
0 55
0 56
0 62
0 65
0 67
0 72
0 78
0 86
1 66
1 67
1 5
1 6
1 39
1 9
1 43
1 45
1 14
1 15
1 17
1 82
1 83
1 21
1 55
1 56
1 61
1 37
2 7
4 83
4 35
4 61
4 54
4 31
8 6
8 9
8 10
8 14
8 17
8 24
8 26
8 28
8 33
8 34
8 36
8 37
8 38
8 39
8 40
8 49
8 54
8 60
8 63
8 65
8 70
8 73
8 83
8 86
9 32
9 33
9 35
9 36
9 38
9 6
9 65
9 41
9 77
9 78
9 45
9 14
9 15
9 18
9 83
9 53
9 26
9 47
9 60
9 85
9 63
10 66
10 36
10 72
10 9
10 10
10 43
10 61
10 17
10 85
10 28
10 42
11 6
11 9
11 15
11 17
11 26
11 37
11 38
11 41
11 42
11 43
11 45
11 47
11 49
11 56
11 61
11 63
11 65
11 67
11 78
11 85
11 86
11 87
12 8
12 9
12 17
12 21
12 25
12 30
12 33
12 34
12 36
12 39
12 41
12 46
12 49
12 54
12 57
12 65
12 67
12 70
12 78
12 83
12 86
12 87
13 65
13 6
13 39
13 72
13 10
13 43
13 45
13 15
13 52
13 21
13 87
13 56
13 61
16 64
16 67
16 38
16 6
16 39
16 40
16 9
16 42
16 44
16 45
16 14
16 15
16 17
16 46
16 56
16 72
16 79
16 61
16 31
23 6
23 15
23 21
23 23
23 26
23 28
23 30
23 31
23 32
23 33
23 38
23 43
23 45
23 55
23 56
23 57
23 61
23 62
23 65
23 66
23 76
23 78
23 79
23 84
23 86
23 87
24 5
24 8
24 9
24 10
24 13
24 14
24 17
24 18
24 20
24 26
24 31
24 32
24 34
24 39
24 41
24 42
24 45
24 49
24 53
24 56
24 57
24 61
24 62
24 63
24 67
24 72
24 77
25 6
25 10
25 14
25 17
25 18
25 25
25 26
25 28
25 33
25 36
25 37
25 45
25 49
25 56
25 61
25 62
25 65
25 70
25 73
25 78
25 86
25 87
26 5
26 13
26 14
26 24
26 35
26 39
26 42
26 43
26 46
26 47
26 49
26 56
26 61
26 63
26 65
26 67
26 69
26 71
26 72
26 76
26 78
26 79
26 83
26 84
27 5
27 6
27 10
27 13
27 21
27 24
27 25
27 28
27 33
27 35
27 37
27 38
27 39
27 40
27 41
27 42
27 43
27 53
27 56
27 60
27 61
27 80
27 84
27 86
32 7
32 9
32 10
32 15
32 25
32 26
32 28
32 34
32 36
32 38
32 39
32 43
32 45
32 46
32 49
32 54
32 56
32 62
32 65
32 73
32 78
32 79
32 83
32 85
32 87
36 66
36 35
36 5
36 7
36 77
36 87
36 56
36 25
36 26
36 61
36 62
37 35
37 38
37 39
37 41
37 42
37 45
37 78
37 15
37 83
37 86
37 56
37 57
38 33
38 35
38 65
38 40
38 9
38 10
38 43
38 45
38 14
38 87
38 49
38 18
38 83
38 20
38 78
38 55
38 57
38 26
38 61
39 67
39 37
39 38
39 40
39 41
39 87
39 77
39 78
39 15
39 49
39 84
39 86
39 73
39 6
39 79
39 61
42 68
42 65
42 35
42 63
42 39
42 72
42 9
42 10
42 87
42 14
42 15
42 17
42 73
42 41
42 56
42 25
42 26
42 47
42 31
45 68
45 65
45 67
45 36
45 5
45 38
45 39
45 9
45 42
45 70
45 15
45 17
45 18
45 53
45 86
45 55
45 57
45 28
45 61
45 62
50 41
50 42
51 33
51 67
51 65
51 40
51 41
51 10
51 13
51 78
51 15
51 80
51 18
51 53
51 56
51 26
51 42
51 85
51 31
52 33
52 9
52 49
52 73
52 42
52 45
52 47
52 17
52 84
52 85
52 86
52 41
52 61
52 21
55 65
55 66
55 67
55 36
55 38
55 7
55 40
55 9
55 14
55 47
55 18
55 83
55 52
55 86
55 41
55 24
55 57
55 26
55 61
55 62
56 10
56 15
56 25
56 26
56 28
56 33
56 34
56 35
56 37
56 41
56 45
56 55
56 56
56 60
56 65
56 70
56 71
56 80
56 81
56 83
56 84
56 86
56 87
57 33
57 86
57 70
57 65
57 9
57 42
57 13
57 15
57 83
57 84
57 53
57 73
57 55
57 24
57 57
57 79
57 85
57 31
58 6
58 9
58 10
58 13
58 14
58 15
58 17
58 21
58 26
58 28
58 33
58 34
58 35
58 38
58 39
58 40
58 41
58 42
58 43
58 46
58 53
58 61
58 65
58 66
58 79
59 14
59 18
59 21
59 23
59 24
59 28
59 32
59 33
59 36
59 37
59 38
59 41
59 42
59 45
59 53
59 57
59 62
59 65
59 67
59 78
59 83
59 84
59 86
59 87
60 41
60 10
60 14
60 15
60 17
60 21
60 54
60 26
60 28
60 85
60 31
61 34
61 35
61 5
61 38
61 42
61 70
61 45
61 17
61 67
61 84
61 85
61 56
61 24
61 87
61 60
62 65
62 38
62 39
62 73
62 10
62 43
62 45
62 47
62 17
62 21
62 41
62 25
62 28
62 30
63 32
63 38
63 39
63 72
63 60
63 10
63 87
63 14
63 15
63 17
63 84
63 21
63 54
63 85
63 24
63 26
63 79
63 28
63 61
63 30
63 31
64 8
64 9
64 14
64 15
64 17
64 25
64 28
64 30
64 31
64 32
64 35
64 37
64 38
64 39
64 42
64 45
64 46
64 56
64 61
64 62
64 66
64 67
64 70
64 86
64 87
65 65
65 66
65 3
65 42
65 14
65 15
65 85
65 86
65 87
65 56
65 57
65 26
65 30
66 32
66 67
66 5
66 6
66 39
66 40
66 41
66 87
66 73
66 70
66 46
66 60
66 72
66 53
66 54
66 55
66 25
66 26
66 38
66 28
66 30
67 32
67 33
67 67
67 70
67 38
67 65
67 9
67 42
67 43
67 60
67 78
67 15
67 87
67 83
67 21
67 73
67 41
67 57
67 26
67 28
67 63
70 65
70 35
70 36
70 6
70 39
70 8
70 41
70 60
70 45
70 15
70 18
70 87
70 56
70 47
70 28
70 61
70 31
71 5
71 9
71 14
71 17
71 25
71 32
71 36
71 37
71 38
71 39
71 45
71 46
71 47
71 54
71 55
71 57
71 65
71 67
71 70
71 84
71 85
71 87
72 5
72 9
72 10
72 15
72 17
72 21
72 24
72 30
72 34
72 38
72 43
72 46
72 56
72 60
72 61
72 62
72 63
72 65
72 79
72 83
72 86
72 87
74 66
74 35
74 6
74 49
74 72
74 73
74 42
74 46
74 14
74 17
74 83
74 56
74 21
74 86
74 55
74 24
74 87
74 28
74 61
74 30
75 32
75 34
75 67
75 5
75 39
75 9
75 10
75 87
75 14
75 15
75 80
75 83
75 46
75 54
75 41
75 56
75 26
75 86
75 37
78 65
78 35
78 5
78 70
78 39
78 60
78 10
78 87
78 14
78 61
78 17
78 83
78 84
78 21
78 56
78 24
78 25
78 26
78 28
78 42
78 53
80 34
80 5
80 9
80 55
80 13
80 83
80 86
80 73
80 31
81 10
81 15
81 18
81 21
81 24
81 30
81 31
81 32
81 37
81 38
81 39
81 40
81 43
81 45
81 54
81 55
81 57
81 61
81 64
81 65
81 67
81 77
81 80
81 82
81 83
81 86
84 67
84 39
84 9
84 79
84 43
84 13
84 45
84 83
84 21
84 87
84 56
84 47
84 28
84 62
84 63
