88
0 64
0 68
0 5
0 42
0 11
0 13
0 78
0 17
0 62
0 86
0 54
0 28
0 30
1 0
1 3
1 69
1 38
1 49
1 9
1 23
1 12
1 43
1 53
1 86
1 87
1 55
2 0
2 70
2 42
2 43
2 24
2 63
3 34
3 69
3 9
3 46
3 48
3 84
3 20
3 27
3 28
3 62
3 37
4 34
4 72
4 87
4 46
4 86
4 55
5 0
5 34
5 4
5 69
5 70
5 40
5 47
5 84
5 21
5 86
5 87
5 52
5 54
5 62
6 4
6 9
6 13
6 78
6 53
6 62
7 0
7 72
7 34
7 27
7 59
11 3
11 70
11 12
11 77
11 46
11 63
13 0
13 34
13 43
13 37
13 39
13 11
13 47
13 48
13 17
13 84
13 62
13 54
13 69
13 56
13 71
13 27
13 28
13 30
13 63
15 3
15 4
15 20
15 38
15 71
15 87
15 12
15 84
15 23
15 39
15 27
15 52
15 30
15 31
16 51
16 68
16 43
16 77
16 46
16 45
16 83
16 84
16 62
16 58
16 27
16 28
16 29
16 30
17 37
17 9
17 43
17 46
17 84
17 59
18 5
18 70
18 9
18 42
18 11
18 83
18 21
18 38
18 30
18 63
19 0
19 35
19 39
19 40
19 42
19 87
19 12
19 52
19 21
19 54
19 23
19 26
19 59
19 28
19 58
19 62
20 0
20 54
20 49
20 9
20 12
20 46
20 17
20 84
20 21
20 86
20 61
20 63
21 0
21 32
21 3
21 68
21 37
21 84
21 9
21 11
21 12
21 77
21 46
21 79
21 49
21 20
21 54
21 23
21 52
21 26
21 29
21 62
23 34
23 68
23 37
23 81
23 8
23 43
23 45
23 46
23 48
23 17
23 86
23 40
23 57
23 62
24 84
24 70
24 8
24 12
24 46
24 47
24 20
24 52
24 30
25 0
25 65
25 3
25 68
25 5
25 38
25 81
25 11
25 86
25 46
25 47
25 17
25 52
25 21
25 54
25 56
25 27
25 70
25 30
25 63
27 0
27 37
27 38
27 39
27 9
27 11
27 78
27 77
27 46
27 48
27 49
27 51
27 62
27 54
27 69
27 71
27 63
27 28
27 30
27 31
30 43
30 68
30 37
30 72
30 9
30 11
30 79
30 17
30 24
30 58
30 47
30 29
30 62
31 68
31 70
31 13
31 47
31 48
31 52
31 86
31 56
31 28
31 31
32 34
32 68
32 37
32 70
32 9
32 42
32 11
32 48
32 52
32 23
32 63
32 62
32 31
33 0
33 33
33 37
33 38
33 72
33 73
33 45
33 47
33 9
33 21
33 23
33 57
33 58
34 3
34 68
34 40
34 42
34 46
34 17
34 84
34 21
34 57
34 20
34 10
34 30
34 63
35 0
35 34
35 68
35 5
35 39
35 9
35 12
35 78
35 48
35 62
35 54
35 55
35 57
35 59
35 28
35 30
35 63
36 0
36 66
36 3
36 37
36 71
36 40
36 42
36 13
36 46
36 17
36 52
36 84
36 28
36 29
36 30
36 63
38 35
38 69
38 38
38 9
38 74
38 77
38 78
38 17
38 86
38 24
38 27
38 62
39 34
39 68
39 69
39 39
39 72
39 9
39 46
39 53
39 54
39 87
39 57
40 84
40 34
40 8
40 12
40 78
40 17
40 20
40 86
40 55
40 52
40 59
40 63
41 3
41 72
41 11
41 48
41 40
41 84
41 21
41 54
41 52
41 28
41 62
44 34
44 35
44 4
44 5
44 40
44 63
44 43
44 12
44 86
44 78
44 17
44 20
44 53
44 54
44 26
44 27
44 28
44 58
44 69
44 31
45 0
45 34
45 59
45 37
45 70
45 39
45 8
45 11
45 44
45 77
45 81
45 86
45 58
45 27
46 35
46 4
46 37
46 38
46 43
46 45
46 47
46 49
46 54
46 87
46 63
47 45
47 37
47 42
47 77
47 13
47 48
47 49
47 20
47 57
47 52
47 28
47 29
47 62
49 35
49 5
49 11
49 12
49 47
49 48
49 21
49 54
49 37
49 62
49 69
52 34
52 3
52 37
52 70
52 71
52 42
52 75
52 12
52 45
52 56
52 35
52 86
52 21
52 54
52 23
52 24
52 83
52 27
52 28
52 29
52 62
53 34
53 59
53 37
53 70
53 71
53 9
53 11
53 12
53 48
53 54
53 56
53 38
53 29
54 0
54 4
54 70
54 39
54 40
54 43
54 12
54 77
54 46
54 72
54 52
54 54
54 23
54 84
54 59
54 62
55 68
55 49
55 70
55 71
55 42
55 11
55 77
55 45
55 48
55 17
55 84
55 39
55 28
56 0
56 4
56 38
56 70
56 39
56 72
56 9
56 42
56 8
56 53
56 86
56 58
56 29
56 30
57 35
57 38
57 70
57 49
57 63
57 45
57 59
57 48
57 17
57 53
57 54
57 27
57 30
57 31
58 4
58 37
58 54
58 42
58 11
58 46
58 48
58 49
58 84
58 86
58 24
58 27
58 28
59 34
59 3
59 4
59 69
59 70
59 13
59 46
59 17
59 84
59 86
59 55
59 68
59 63
59 37
60 35
60 39
60 40
60 73
60 42
60 11
60 12
60 46
60 54
60 58
60 28
60 62
61 37
61 38
61 39
61 9
61 11
61 12
61 78
61 47
61 17
61 51
61 55
61 63
61 28
61 60
61 31
64 34
64 3
64 5
64 40
64 10
64 11
64 12
64 78
64 48
64 17
64 42
64 53
64 54
64 87
64 56
64 58
64 27
64 28
64 37
64 31
65 37
65 9
65 11
65 12
65 78
65 52
65 46
65 87
65 56
65 57
65 62
65 27
65 28
65 30
66 34
66 35
66 69
66 39
66 8
66 9
66 12
66 77
66 46
66 17
66 84
66 21
66 72
66 28
67 9
67 27
67 52
69 0
69 34
69 68
69 71
69 8
69 43
69 45
69 77
69 53
69 86
69 62
69 57
69 26
69 59
69 28
69 30
70 35
70 37
70 70
70 11
70 45
70 46
70 47
70 48
70 67
70 52
70 62
70 86
70 30
71 0
71 4
71 37
71 8
71 9
71 12
71 47
71 84
71 54
71 56
71 57
71 28
71 62
72 37
72 39
72 8
72 12
72 46
72 17
72 84
72 53
72 54
72 26
72 61
72 63
73 34
73 35
73 42
73 11
73 77
73 46
73 45
73 3
73 52
73 47
73 61
73 30
74 0
74 34
74 68
74 69
74 38
74 9
74 13
74 78
74 49
74 52
74 62
74 29
74 30
74 37
75 68
75 71
75 40
75 11
75 12
75 77
75 46
75 79
75 72
75 27
75 28
75 29
75 30
76 59
76 4
76 69
76 70
76 12
76 49
76 84
76 54
76 57
76 27
76 29
76 30
76 63
77 0
77 68
77 71
77 47
77 11
77 79
77 48
77 17
77 21
77 54
77 58
77 27
77 62
77 63
78 68
78 39
78 8
78 11
78 78
78 48
78 17
78 21
78 55
78 24
78 46
78 28
79 34
79 3
79 68
79 37
79 49
79 9
79 55
79 17
79 84
79 54
79 23
79 57
79 27
79 69
79 63
81 0
81 3
81 4
81 37
81 70
81 42
81 11
81 86
81 46
81 17
81 35
81 43
81 68
81 28
81 30
82 28
82 29
82 70
83 68
83 5
83 70
83 40
83 9
83 12
83 16
83 56
83 62
83 87
83 24
83 72
83 59
83 28
83 30
83 63
85 72
85 68
86 4
86 37
86 49
86 8
86 63
86 71
86 12
86 45
86 47
86 17
86 84
86 21
86 40
86 56
86 68
86 58
86 27
86 28
86 29
86 62
86 53
87 34
87 68
87 86
87 9
87 12
87 77
87 46
87 48
87 84
87 78
87 54
87 23
87 24
87 58
87 27
87 62
