88
2 64
2 1
2 2
2 3
2 5
2 38
2 7
2 79
2 43
2 66
2 77
2 71
2 49
2 50
2 51
2 22
2 57
2 26
2 54
2 69
2 31
3 1
3 4
3 6
3 7
3 72
3 77
3 14
3 84
3 23
3 57
3 61
3 65
4 2
4 3
4 68
4 5
4 81
4 8
4 43
4 44
4 78
4 40
4 82
4 22
4 72
4 27
4 28
4 61
5 43
5 4
5 5
5 39
5 40
5 7
5 44
5 87
5 50
5 84
5 22
5 55
5 57
5 71
5 28
6 64
6 1
6 68
6 44
6 14
6 50
6 83
6 53
6 22
6 24
6 26
6 63
9 32
9 3
9 68
9 7
9 72
9 76
9 14
9 49
9 84
9 78
9 54
9 24
9 25
9 27
10 3
10 5
10 6
10 8
10 63
10 43
10 86
10 49
10 84
10 54
10 23
10 24
10 26
10 27
10 60
10 31
11 64
11 1
11 2
11 69
11 38
11 71
11 40
11 41
11 63
11 49
11 50
11 51
11 52
11 22
11 27
11 31
12 0
12 38
12 6
12 7
12 73
12 71
12 76
12 77
12 14
12 45
12 81
12 84
12 87
12 28
16 2
16 3
16 68
16 5
16 6
16 7
16 72
16 43
16 14
16 81
16 50
16 67
16 20
16 23
16 87
16 37
17 0
17 72
17 73
17 75
17 45
17 78
17 8
17 51
17 14
17 26
17 60
17 62
17 85
20 83
20 35
20 69
20 6
20 7
20 8
20 73
20 39
20 76
20 13
20 77
20 47
20 72
20 51
20 24
20 25
20 26
20 27
21 64
21 68
21 5
21 6
21 38
21 74
21 75
21 13
21 45
21 83
21 86
21 23
21 24
21 57
21 27
22 66
22 43
22 38
22 72
22 73
22 57
22 75
22 8
22 50
22 53
22 22
22 87
22 24
22 23
24 0
24 68
24 5
24 6
24 7
24 41
24 43
24 13
24 52
24 21
24 22
24 27
24 28
25 67
25 68
25 86
25 7
25 73
25 77
25 13
25 52
25 22
25 57
25 26
25 54
25 31
26 64
26 68
26 73
26 76
26 13
26 14
26 49
26 78
26 22
26 41
26 24
26 4
28 1
28 3
28 38
28 6
28 71
28 72
28 60
28 74
28 13
28 79
28 50
28 56
28 26
28 28
28 63
30 0
30 1
30 66
30 38
30 6
30 7
30 73
30 43
30 45
30 79
30 50
30 51
30 53
30 23
30 56
30 83
30 71
30 27
30 65
30 63
31 0
31 5
31 6
31 71
31 8
31 73
31 78
31 49
31 84
31 86
31 52
31 61
31 31
32 64
32 65
32 4
32 6
32 71
32 72
32 43
32 13
32 81
32 52
32 23
32 24
32 68
32 26
32 61
32 63
34 2
34 3
34 66
34 5
34 6
34 39
34 45
34 77
34 49
34 51
34 22
34 56
34 24
34 63
34 61
34 31
35 66
35 68
35 86
35 72
35 43
35 13
35 78
35 81
35 52
35 22
35 57
35 24
35 4
35 31
36 68
36 1
36 83
36 75
36 4
36 54
36 6
36 7
36 72
36 43
36 13
36 77
36 49
36 51
36 53
36 22
36 57
36 79
36 86
36 69
37 64
37 0
37 66
37 49
37 7
37 72
37 50
37 14
37 40
37 82
37 83
37 87
37 57
37 26
38 0
38 65
38 66
38 1
38 69
38 33
38 72
38 43
38 45
38 23
38 24
38 25
40 68
40 72
40 44
40 14
40 56
40 24
40 26
40 61
40 31
42 1
42 2
42 6
42 7
42 8
42 13
42 14
42 26
42 28
42 31
42 45
42 51
42 53
42 63
42 68
42 69
42 78
42 79
42 82
42 84
42 86
42 87
44 64
44 1
44 2
44 3
44 54
44 6
44 7
44 40
44 41
44 43
44 45
44 72
44 83
44 22
44 73
44 81
44 57
44 71
44 60
44 61
44 69
45 0
45 64
45 69
45 6
45 40
45 41
45 43
45 44
45 45
45 78
45 76
45 49
45 56
45 72
45 27
45 61
46 0
46 1
46 35
46 4
46 5
46 38
46 75
46 76
46 78
46 85
46 22
46 87
46 25
46 26
46 30
47 1
47 3
47 68
47 49
47 71
47 39
47 13
47 45
47 43
47 51
47 54
47 26
48 64
48 72
48 73
48 45
48 78
48 50
48 53
48 25
48 60
49 0
49 1
49 34
49 3
49 68
49 6
49 72
49 73
49 43
49 44
49 78
49 84
49 53
49 86
49 23
49 24
49 25
50 7
50 8
50 14
50 51
50 22
50 24
50 28
50 31
51 64
51 1
51 3
51 4
51 6
51 76
51 43
51 44
51 14
51 83
51 22
51 57
51 26
51 27
51 28
51 61
51 63
52 4
52 38
52 6
52 8
52 73
52 86
52 14
52 79
52 84
52 54
52 24
52 68
52 26
52 28
52 63
54 64
54 69
54 43
54 78
54 56
54 50
54 51
54 52
54 54
54 24
54 57
54 26
56 0
56 1
56 66
56 43
56 4
56 5
56 7
56 41
56 39
56 76
56 14
56 79
56 83
56 84
56 55
56 27
56 60
56 63
58 84
58 66
58 3
58 69
58 8
58 73
58 45
58 14
58 47
58 49
58 52
58 53
58 86
58 57
58 72
58 25
58 63
58 31
62 2
62 3
62 69
62 43
62 66
62 78
62 79
62 83
62 84
62 54
62 57
62 60
63 65
63 75
63 36
63 38
63 39
63 8
63 73
63 7
63 44
63 78
63 49
63 83
63 84
63 22
63 56
63 57
63 61
63 63
64 33
64 69
64 73
64 77
64 78
64 79
64 49
64 14
64 23
64 57
64 26
64 28
64 5
66 1
66 6
66 38
66 39
66 76
66 77
66 14
66 47
66 56
66 83
66 78
66 22
66 24
66 57
66 69
66 63
68 64
68 65
68 69
68 51
68 49
68 43
68 14
68 81
68 83
68 57
68 25
68 26
68 63
68 31
69 3
69 68
69 6
69 75
69 49
69 50
69 57
69 22
69 87
69 25
69 28
69 63
70 0
70 1
70 2
70 3
70 5
70 40
70 76
70 45
70 49
70 20
70 53
70 86
70 25
70 27
70 28
70 69
71 4
71 38
71 7
71 41
71 75
71 44
71 14
71 49
71 50
71 53
71 24
71 25
71 63
71 61
71 31
72 1
72 8
72 14
72 22
72 24
72 26
72 27
72 28
72 32
72 39
72 43
72 51
72 62
72 63
72 66
72 68
72 69
72 70
72 72
72 78
72 81
72 86
72 87
73 65
73 35
73 5
73 40
73 75
73 78
73 3
73 52
73 54
73 87
73 24
73 57
73 26
73 60
73 69
73 63
76 0
76 1
76 66
76 68
76 7
76 60
76 45
76 81
76 83
76 84
76 53
76 54
76 73
76 28
76 61
76 31
77 65
77 3
77 4
77 86
77 72
77 77
77 40
77 22
77 56
77 60
77 63
78 3
78 4
78 49
78 7
78 72
78 43
78 81
78 51
78 53
78 40
78 60
78 61
80 1
80 68
80 5
80 72
80 76
80 57
80 75
80 44
80 78
80 53
80 22
80 23
80 25
80 54
80 69
81 36
81 38
81 6
81 7
81 54
81 75
81 44
81 14
81 49
81 22
81 24
81 27
82 65
82 66
82 69
82 7
82 72
82 60
82 39
82 13
82 78
82 73
82 51
82 22
82 23
82 24
82 28
82 61
82 63
83 64
83 1
83 66
83 43
83 4
83 65
83 7
83 13
83 14
83 77
83 50
83 24
83 25
83 31
84 0
84 1
84 6
84 64
84 13
84 79
84 84
84 53
84 54
84 87
84 60
84 61
85 0
85 1
85 2
85 3
85 4
85 5
85 68
85 7
85 64
85 14
85 79
85 78
85 24
85 25
85 27
85 60
85 69
