88
0 32
0 68
0 66
0 3
0 4
0 37
0 11
0 77
0 49
0 75
0 52
0 87
0 24
0 57
0 26
0 62
1 5
2 39
2 9
2 78
2 46
2 26
2 58
3 34
3 35
3 36
3 70
3 40
3 73
3 67
3 14
3 48
3 51
3 20
3 78
3 84
3 30
3 63
4 2
4 44
4 79
4 62
4 23
4 25
4 28
4 30
5 0
5 32
5 34
5 73
5 10
5 23
5 13
5 19
5 22
5 87
5 63
6 32
6 37
6 39
6 41
6 11
6 12
6 47
6 50
6 21
6 73
6 69
6 57
6 71
6 59
6 62
6 5
7 25
7 52
7 28
7 39
8 67
8 74
8 43
8 78
8 18
8 14
8 57
9 33
9 2
9 3
9 68
9 8
9 41
9 55
9 13
9 45
9 80
9 52
9 21
9 23
9 84
9 30
10 66
10 74
10 11
10 76
10 77
10 78
10 47
10 52
10 87
10 56
10 57
10 28
10 42
10 63
11 64
11 67
11 5
11 71
11 43
11 62
11 87
11 56
11 30
11 63
12 40
12 43
13 79
13 1
13 66
13 5
13 38
13 65
13 42
13 83
13 76
13 15
13 51
13 22
13 23
13 87
13 47
14 68
14 86
15 65
16 0
16 64
16 11
16 39
16 43
16 44
16 79
16 50
16 67
16 86
16 87
16 57
16 71
16 75
16 29
16 63
17 0
17 35
17 36
17 37
17 41
17 11
17 12
17 82
17 46
17 47
17 76
17 50
17 20
17 57
17 28
17 60
17 30
18 33
18 67
18 5
18 71
18 74
18 39
18 76
18 45
18 46
18 85
18 23
18 56
18 25
18 31
19 35
19 67
19 41
19 11
19 12
19 78
19 79
19 83
19 46
19 23
19 87
19 60
19 53
20 32
20 41
20 34
20 68
20 57
22 64
22 32
22 66
22 67
22 68
22 5
22 13
22 78
22 48
22 84
22 22
22 59
22 37
23 1
23 4
23 39
23 72
23 43
23 45
23 78
23 51
23 86
23 25
23 59
24 64
24 32
24 34
24 38
24 41
24 11
24 30
26 42
26 43
26 44
26 78
26 48
26 83
26 23
26 28
27 66
27 34
27 38
27 74
27 76
27 77
27 50
27 82
27 51
27 84
27 30
28 19
28 79
28 75
28 30
28 71
29 19
29 76
29 67
29 44
29 78
30 61
30 4
30 70
30 71
30 9
30 43
30 45
30 14
30 47
30 82
30 19
30 87
30 59
30 28
30 29
30 62
32 35
32 38
32 71
32 41
32 11
32 50
32 82
32 19
32 56
32 59
34 51
34 34
34 3
34 4
34 71
34 44
34 74
34 12
34 46
34 47
34 35
34 86
34 10
34 62
35 2
35 3
35 74
35 43
35 44
35 13
35 23
35 26
35 59
35 61
35 63
36 34
36 68
36 38
36 39
36 40
36 42
36 83
36 77
36 82
36 19
36 84
36 21
36 54
36 23
36 26
36 85
36 63
37 64
37 33
37 65
37 39
37 75
37 13
37 46
37 62
37 54
37 87
37 26
37 59
37 28
37 61
37 30
37 31
38 64
38 1
38 39
38 42
38 75
38 78
38 51
38 20
38 46
38 23
38 56
38 26
38 29
38 62
39 75
39 77
40 35
40 4
40 41
40 74
40 75
40 44
40 76
40 17
40 67
40 86
40 73
40 36
40 26
40 59
40 30
41 43
41 73
41 10
41 11
41 12
41 13
41 46
41 84
41 53
41 86
41 52
41 62
42 32
42 65
42 68
42 84
42 78
42 48
42 82
42 20
42 46
42 24
42 25
42 26
42 62
42 63
43 33
43 66
43 4
43 42
43 43
43 78
43 16
43 51
43 46
43 54
43 57
43 26
43 30
44 32
44 65
44 4
44 71
44 73
44 10
44 76
44 79
44 17
44 50
44 57
44 30
44 63
45 32
45 65
45 34
45 4
45 70
45 39
45 41
45 12
45 78
45 82
45 52
45 87
45 56
45 68
45 26
45 28
45 84
46 64
46 38
46 12
46 43
46 76
46 50
46 83
46 86
46 41
46 56
46 28
46 31
47 19
47 37
47 71
47 76
47 45
47 51
47 56
48 51
48 34
48 66
48 5
48 38
48 9
48 83
48 13
48 46
48 77
48 19
48 22
48 87
48 68
48 62
50 67
50 36
50 69
50 9
50 12
50 13
50 45
50 82
50 20
50 23
50 57
50 63
50 37
51 64
51 51
51 34
51 43
51 37
51 40
51 73
51 11
51 45
51 50
51 19
51 20
51 21
51 87
51 83
51 26
51 63
51 61
51 31
52 33
52 4
52 6
52 71
52 73
52 78
52 47
52 83
52 53
52 86
52 28
52 30
52 63
54 40
54 34
54 45
55 65
55 52
55 77
55 13
56 51
56 34
56 36
56 69
56 38
56 44
56 13
56 78
56 19
56 84
56 46
56 22
56 59
56 28
57 61
59 0
59 66
59 3
59 4
59 5
59 41
59 74
59 75
59 77
59 79
59 82
59 20
59 86
59 26
59 62
60 33
60 34
60 4
60 44
60 42
60 75
60 76
60 45
60 81
60 82
60 54
60 23
60 26
60 63
61 43
61 5
61 71
61 39
61 77
61 50
61 23
61 28
61 29
61 63
62 12
62 27
62 4
62 77
62 15
63 32
63 72
63 9
63 74
63 11
63 17
63 84
63 26
63 59
63 61
64 65
64 67
64 4
64 37
64 38
64 9
64 42
64 75
64 77
64 50
64 87
64 59
64 29
64 62
64 5
65 64
65 65
65 2
65 67
65 86
65 38
65 32
65 43
65 34
65 82
65 19
65 22
65 30
66 32
66 66
66 67
66 70
66 38
66 39
66 72
66 76
66 12
66 79
66 82
66 54
66 23
66 57
66 62
67 64
67 66
67 4
67 5
67 41
67 48
67 51
67 84
67 52
67 26
67 58
67 30
67 31
68 32
68 33
68 67
68 72
68 73
68 77
68 82
68 3
68 84
68 86
68 23
68 26
68 28
68 31
69 32
69 2
69 35
69 40
69 42
69 67
69 13
69 77
69 75
69 51
69 62
69 56
69 25
69 58
69 28
69 74
69 30
70 51
70 68
70 73
70 74
70 55
70 12
70 77
70 46
70 50
70 19
70 84
70 86
70 41
70 63
71 0
71 1
71 67
71 4
71 5
71 32
71 11
71 48
71 82
71 19
71 84
71 56
71 39
71 63
72 68
72 39
72 44
72 77
72 17
72 20
72 86
72 23
72 84
72 58
72 29
72 62
73 65
73 35
73 36
73 69
73 71
73 72
73 76
73 11
73 12
73 13
73 46
73 45
73 75
73 77
73 87
73 68
73 28
73 78
74 32
74 19
74 44
74 47
74 82
74 83
74 21
74 54
74 57
74 59
74 28
74 29
75 66
75 73
75 44
75 46
75 82
75 83
75 26
76 51
76 34
76 67
76 4
76 39
76 72
76 41
76 75
76 12
76 77
76 46
76 47
76 19
76 84
76 87
76 59
77 75
77 5
77 63
77 43
77 50
77 19
77 20
77 57
77 59
77 31
78 36
78 5
78 18
78 54
78 4
78 59
78 69
79 35
80 30
81 37
81 38
81 41
81 74
81 87
81 45
81 50
81 51
81 20
81 23
81 57
81 62
81 5
82 32
82 1
82 35
82 39
82 74
82 71
82 13
82 46
82 77
82 17
82 75
82 67
82 87
82 57
82 28
83 66
83 43
83 73
83 74
83 75
83 13
83 21
83 86
83 41
83 2
83 55
83 26
84 68
84 5
84 71
84 8
84 9
84 43
84 76
84 82
84 46
84 48
84 17
84 50
84 19
84 86
84 41
84 25
86 0
86 65
86 34
86 35
86 5
86 38
86 71
86 77
86 47
86 52
86 59
87 0
87 66
87 4
87 16
87 84
87 59
87 62
