88
0 4
0 5
0 6
0 8
0 12
0 13
0 26
0 28
0 29
0 31
0 34
0 35
0 42
0 46
0 47
0 54
0 68
0 72
0 73
0 76
0 77
0 78
0 86
1 1
1 2
1 5
1 8
1 11
1 13
1 24
1 26
1 29
1 30
1 35
1 37
1 40
1 42
1 44
1 47
1 52
1 68
1 70
1 71
1 73
1 86
2 1
2 3
2 68
2 72
2 11
2 77
2 78
2 81
2 51
2 24
2 31
3 32
3 1
3 2
3 34
3 5
3 70
3 81
3 8
3 44
3 10
3 12
3 13
3 78
3 72
3 20
3 28
3 62
4 7
4 76
4 47
4 80
4 17
4 24
4 26
4 31
5 1
5 43
5 73
5 11
5 13
5 77
5 80
5 47
5 28
5 31
7 0
7 4
7 7
7 13
7 14
7 17
7 24
7 26
7 28
7 29
7 32
7 34
7 35
7 37
7 40
7 42
7 50
7 51
7 52
7 56
7 70
7 73
7 76
7 77
7 78
7 83
8 2
8 35
8 5
8 7
8 12
8 80
8 20
8 86
8 26
8 30
8 31
9 0
9 3
9 4
9 8
9 13
9 20
9 24
9 26
9 29
9 31
9 34
9 35
9 38
9 42
9 43
9 51
9 68
9 69
9 72
9 77
9 81
9 86
9 87
10 2
10 7
10 11
10 13
10 17
10 18
10 20
10 22
10 28
10 31
10 37
10 41
10 42
10 47
10 51
10 56
10 68
10 72
10 73
10 76
10 78
10 83
10 86
10 87
12 2
12 4
12 6
12 7
12 8
12 12
12 20
12 26
12 28
12 35
12 37
12 40
12 42
12 43
12 44
12 50
12 52
12 62
12 68
12 72
12 77
12 81
14 34
14 35
14 5
14 70
14 10
14 11
14 12
14 14
14 47
14 43
14 51
14 86
14 56
14 24
14 83
14 37
14 31
16 1
16 35
16 37
16 6
16 73
16 10
16 14
16 80
16 56
16 50
16 51
16 24
16 26
16 38
16 28
16 29
17 70
17 8
17 10
17 12
17 14
17 17
17 51
17 78
17 42
19 1
19 2
19 35
19 4
19 5
19 38
19 7
19 80
19 44
19 42
19 12
19 77
19 14
19 48
19 17
19 82
19 51
19 78
19 28
20 2
20 35
20 6
20 71
20 73
20 13
20 17
21 68
21 71
21 73
21 77
21 80
21 49
21 56
21 26
21 31
22 34
22 36
22 37
22 77
22 78
22 13
22 51
22 46
22 30
23 1
23 6
23 7
23 8
23 10
23 11
23 12
23 13
23 17
23 20
23 24
23 28
23 30
23 31
23 34
23 35
23 41
23 46
23 52
23 62
23 68
23 80
23 81
23 82
23 86
24 17
24 31
24 5
24 37
24 81
25 12
25 13
25 77
25 17
25 51
25 62
25 26
25 29
25 30
25 31
26 0
26 68
26 11
26 12
26 13
26 80
26 17
26 20
27 2
27 5
27 11
27 76
27 80
27 51
27 56
29 35
29 69
29 7
29 42
29 11
29 14
29 24
29 29
29 5
30 1
30 34
30 6
30 7
30 72
30 12
30 13
30 14
30 50
30 46
30 31
32 37
32 10
32 76
32 13
32 47
32 51
32 20
32 42
33 2
33 68
33 11
33 12
33 47
33 80
33 26
34 1
34 68
34 6
34 11
34 46
34 17
34 24
34 31
35 1
35 2
35 6
35 10
35 14
35 17
35 24
35 28
35 29
35 35
35 38
35 43
35 44
35 51
35 54
35 56
35 62
35 68
35 70
35 73
35 80
35 87
36 5
36 70
36 7
36 40
36 77
36 14
36 80
36 8
36 50
36 87
37 0
37 2
37 3
37 4
37 5
37 7
37 8
37 10
37 14
37 17
37 24
37 26
37 38
37 46
37 48
37 49
37 50
37 51
37 56
37 62
37 78
37 80
37 81
37 86
38 0
38 1
38 11
38 12
38 17
38 22
38 24
38 28
38 31
38 32
38 35
38 37
38 42
38 50
38 68
38 71
38 78
38 80
38 81
38 83
38 86
38 87
43 0
43 6
43 8
43 11
43 12
43 13
43 14
43 17
43 20
43 22
43 24
43 26
43 37
43 47
43 50
43 51
43 62
43 68
43 70
43 76
43 77
43 78
43 80
44 2
44 4
44 5
44 6
44 71
44 73
44 10
44 43
44 12
44 14
44 17
44 50
44 51
44 78
44 86
44 68
44 26
44 70
44 37
46 1
46 2
46 5
46 7
46 8
46 13
46 14
46 28
46 31
46 37
46 41
46 42
46 51
46 56
46 62
46 68
46 70
46 77
46 78
46 80
46 81
46 83
48 35
48 5
48 38
48 42
48 11
48 12
48 28
48 37
49 2
49 35
49 5
49 7
49 73
49 42
49 43
49 12
49 13
49 14
49 47
49 80
49 17
49 37
49 20
49 78
49 71
49 28
49 29
49 31
50 2
50 5
50 7
50 11
50 12
50 13
50 14
50 17
50 20
50 24
50 26
50 28
50 31
50 34
50 35
50 46
50 47
50 51
50 56
50 62
50 68
50 71
50 77
50 81
51 0
51 4
51 5
51 11
51 12
51 14
51 26
51 31
51 40
51 41
51 42
51 43
51 46
51 49
51 51
51 52
51 62
51 71
51 72
51 73
51 76
51 77
51 78
51 80
51 81
58 1
58 2
58 5
58 11
58 12
58 13
58 17
58 24
58 26
58 30
58 32
58 35
58 36
58 37
58 42
58 46
58 51
58 68
58 71
58 77
58 78
58 81
58 83
58 86
59 35
59 70
59 72
59 73
59 43
59 78
59 49
59 56
60 35
60 68
60 37
60 8
60 12
60 78
60 17
60 28
61 80
61 29
61 31
62 8
63 34
63 5
63 73
63 77
63 14
63 17
63 51
63 24
64 4
64 5
64 6
64 8
64 12
64 13
64 14
64 18
64 26
64 28
64 30
64 32
64 37
64 42
64 50
64 51
64 70
64 71
64 72
64 73
64 76
64 78
64 80
64 86
65 5
65 42
65 46
65 13
65 14
65 20
65 78
66 12
66 26
66 76
66 37
66 13
67 42
67 12
67 13
67 14
67 20
67 86
67 24
67 28
68 2
68 68
68 5
68 7
68 12
68 71
68 76
68 14
68 54
68 26
69 76
69 42
69 12
69 51
69 28
69 62
72 1
72 2
72 3
72 36
72 5
72 6
72 8
72 41
72 77
72 46
72 80
72 17
72 50
72 35
72 20
72 78
72 73
72 56
72 24
72 68
72 38
73 0
73 2
73 4
73 10
73 13
73 14
73 17
73 18
73 20
73 26
73 28
73 31
73 41
73 42
73 43
73 44
73 46
73 51
73 70
73 72
73 73
73 81
73 86
74 35
74 38
74 71
74 40
74 78
74 47
74 80
74 20
74 87
74 26
75 37
75 70
75 47
75 51
75 20
75 52
75 28
76 0
76 1
76 2
76 6
76 7
76 8
76 10
76 20
76 24
76 29
76 31
76 37
76 42
76 47
76 50
76 56
76 62
76 68
76 69
76 72
76 77
76 78
76 80
77 0
77 1
77 2
77 5
77 6
77 8
77 10
77 11
77 17
77 20
77 26
77 29
77 34
77 40
77 42
77 46
77 51
77 52
77 62
77 71
77 73
77 77
77 83
78 68
78 5
78 8
78 73
78 11
78 77
78 20
78 28
79 34
79 7
79 73
79 10
79 11
79 77
79 20
79 26
82 37
82 71
82 8
82 73
82 78
82 50
82 14
82 24
82 26
82 28
83 2
83 6
83 7
83 10
83 11
83 13
83 14
83 20
83 24
83 28
83 34
83 36
83 42
83 44
83 48
83 49
83 56
83 62
83 68
83 71
83 72
83 73
83 78
83 80
83 86
84 3
84 7
84 73
84 10
84 77
84 81
84 35
84 20
84 42
84 62
