88
0 33
0 5
0 6
0 21
0 87
0 57
0 61
1 34
1 59
1 6
1 71
1 41
1 75
1 53
1 26
1 27
1 61
1 62
1 63
2 33
2 3
2 68
2 6
2 41
2 75
2 44
2 13
2 87
2 20
2 21
2 54
2 73
2 56
2 25
2 26
2 63
2 60
2 61
2 62
2 53
4 5
4 6
4 13
4 20
4 24
4 26
4 27
4 33
4 44
4 53
4 54
4 57
4 59
4 61
4 62
4 63
4 65
4 67
4 68
4 71
4 75
4 81
4 86
5 33
5 35
5 68
5 5
5 65
5 73
5 71
5 44
5 81
5 75
5 21
5 54
5 56
5 25
5 26
5 59
5 86
5 61
5 62
5 53
7 33
7 35
7 5
7 6
7 65
7 40
7 41
7 42
7 75
7 13
7 67
7 20
7 21
7 54
7 73
7 57
7 26
7 28
7 61
7 62
7 63
8 5
8 6
8 41
8 44
8 81
8 21
8 86
8 87
8 59
8 29
8 62
8 63
9 65
9 68
9 70
9 33
9 54
9 25
9 60
10 67
10 68
10 13
10 21
10 87
10 56
11 33
11 67
11 68
11 70
11 40
11 44
11 75
11 12
11 13
11 20
11 53
11 86
11 57
11 25
11 26
11 60
11 61
11 62
11 63
12 67
12 3
12 68
12 70
12 6
12 81
12 40
12 63
12 42
12 75
12 44
12 56
12 35
12 20
12 21
12 87
12 24
12 57
12 26
12 27
12 53
13 33
13 5
13 6
13 40
13 41
13 42
13 75
13 12
13 44
13 81
13 53
13 54
13 57
13 24
13 25
13 87
13 27
13 70
13 73
13 62
14 33
14 87
14 68
14 61
14 81
16 68
16 5
16 40
16 21
16 87
16 26
20 6
20 13
20 20
20 21
20 26
20 27
20 28
20 40
20 41
20 42
20 53
20 54
20 57
20 59
20 63
20 65
20 68
20 70
20 71
20 75
20 81
20 86
20 87
21 5
21 6
21 13
21 20
21 25
21 29
21 40
21 41
21 42
21 44
21 53
21 54
21 57
21 59
21 62
21 63
21 65
21 67
21 68
21 71
21 75
21 87
22 65
22 67
22 68
22 33
22 41
22 13
22 81
22 20
22 86
22 57
22 25
22 26
27 5
27 6
27 13
27 25
27 26
27 27
27 33
27 41
27 42
27 53
27 54
27 56
27 57
27 60
27 61
27 62
27 63
27 65
27 68
27 70
27 73
27 75
27 81
27 86
29 65
29 5
29 71
29 40
29 41
29 75
29 13
29 81
29 24
29 26
29 62
29 63
30 81
30 26
30 25
30 54
30 87
31 33
31 3
31 5
31 70
31 65
31 41
31 71
31 44
31 75
31 21
31 54
31 56
31 25
31 59
31 60
31 61
31 62
32 65
32 34
32 59
32 70
32 71
32 40
32 41
32 87
32 13
32 81
32 20
32 54
32 57
32 25
32 26
32 27
32 29
32 62
32 63
33 5
33 13
33 20
33 24
33 27
33 28
33 33
33 35
33 40
33 41
33 44
33 53
33 56
33 59
33 60
33 62
33 63
33 67
33 68
33 71
33 73
33 75
33 86
33 87
34 73
34 68
34 21
34 6
34 25
35 3
35 5
35 6
35 13
35 20
35 21
35 25
35 26
35 33
35 41
35 44
35 53
35 54
35 56
35 57
35 61
35 63
35 67
35 68
35 70
35 71
35 73
35 75
35 81
35 86
36 33
36 34
36 67
36 68
36 70
36 6
36 65
36 40
36 73
36 71
36 44
36 13
36 75
36 20
36 53
36 56
36 61
37 33
37 34
37 59
37 5
37 6
37 65
37 40
37 63
37 42
37 81
37 67
37 21
37 86
37 87
37 24
37 57
37 26
37 27
37 70
37 61
37 53
39 3
39 5
39 6
39 13
39 20
39 21
39 25
39 26
39 27
39 28
39 33
39 34
39 35
39 44
39 53
39 54
39 56
39 61
39 62
39 63
39 67
39 68
39 81
39 86
39 87
45 5
45 13
45 20
45 21
45 33
45 40
45 42
45 44
45 53
45 54
45 56
45 57
45 59
45 61
45 63
45 65
45 68
45 70
45 71
45 73
45 86
45 87
46 81
46 87
46 44
46 61
46 71
47 68
47 40
47 81
47 21
47 86
47 87
47 24
47 25
47 59
47 61
47 53
48 65
48 35
48 5
48 6
48 41
48 75
48 13
48 61
48 87
48 53
48 54
48 73
48 56
48 57
48 26
48 27
48 29
48 62
48 63
49 41
49 42
49 75
49 44
49 81
49 56
49 57
49 61
50 33
50 34
50 3
50 5
50 6
50 65
50 40
50 75
50 44
50 59
50 20
50 21
50 25
50 27
50 70
50 81
51 5
51 6
51 13
51 20
51 21
51 26
51 27
51 29
51 33
51 35
51 40
51 41
51 42
51 44
51 54
51 57
51 59
51 60
51 61
51 62
51 65
51 67
51 75
51 81
51 86
51 87
52 5
52 13
52 20
52 21
52 25
52 26
52 27
52 33
52 34
52 56
52 57
52 59
52 61
52 63
52 65
52 67
52 68
52 70
52 71
52 73
52 75
52 81
52 87
58 65
58 59
58 5
58 6
58 71
58 60
58 42
58 20
58 21
58 86
58 73
58 57
58 26
58 27
58 28
58 63
63 33
63 34
63 3
63 68
63 5
63 6
63 71
63 73
63 75
63 13
63 53
63 54
63 57
63 70
63 61
63 63
64 5
64 6
64 20
64 21
64 25
64 26
64 29
64 33
64 35
64 40
64 41
64 44
64 53
64 54
64 56
64 59
64 61
64 62
64 63
64 68
64 71
64 81
64 86
66 65
66 68
66 86
66 6
66 60
66 42
66 75
66 44
66 63
66 81
66 20
66 21
66 54
66 87
66 56
66 27
66 28
66 61
66 53
67 33
67 86
67 35
67 5
67 70
67 71
67 73
67 75
67 81
67 59
67 21
67 54
67 56
67 57
67 26
67 27
67 60
67 61
67 63
68 33
68 67
68 5
68 65
68 73
68 75
68 44
68 13
68 81
68 21
68 54
68 57
68 26
68 59
68 63
69 5
69 6
69 13
69 20
69 21
69 24
69 25
69 27
69 28
69 33
69 41
69 42
69 53
69 54
69 56
69 57
69 60
69 62
69 63
69 65
69 67
69 68
69 70
69 75
69 81
69 87
72 5
72 6
72 13
72 25
72 26
72 27
72 35
72 40
72 41
72 42
72 44
72 54
72 57
72 59
72 60
72 61
72 62
72 63
72 65
72 67
72 68
72 70
72 73
72 75
72 81
72 87
74 33
74 59
74 68
74 70
74 73
74 75
74 81
74 54
74 87
74 56
74 57
74 27
74 60
74 63
75 65
75 35
75 68
75 5
75 71
75 40
75 75
75 13
75 67
75 21
75 24
75 25
75 26
75 27
75 60
75 53
76 33
76 67
76 6
76 44
76 81
76 21
76 27
76 61
77 67
77 68
77 70
77 6
77 71
77 40
77 63
77 87
77 44
77 13
77 21
77 86
77 73
77 27
77 60
77 62
77 53
78 3
78 5
78 6
78 21
78 25
78 26
78 27
78 33
78 35
78 44
78 54
78 57
78 60
78 61
78 62
78 63
78 65
78 73
78 75
78 81
78 86
78 87
79 5
79 6
79 13
79 20
79 25
79 27
79 28
79 29
79 40
79 41
79 42
79 44
79 56
79 59
79 60
79 61
79 63
79 65
79 68
79 71
79 75
79 81
82 42
82 61
82 6
82 87
83 27
84 13
86 33
86 34
86 67
86 5
86 6
86 81
86 53
86 87
86 25
86 60
86 61
86 62
86 63
87 65
87 70
87 35
87 5
87 6
87 40
87 73
87 42
87 75
87 44
87 13
87 87
87 81
87 67
87 54
87 57
87 25
87 26
87 27
87 60
87 29
