88
0 32
0 3
0 68
0 72
0 76
0 13
0 51
0 26
1 32
1 34
1 43
1 68
1 38
1 40
1 11
1 76
1 13
1 48
1 17
1 82
1 23
1 58
2 66
2 67
2 68
2 69
2 42
2 13
2 17
2 85
2 54
2 27
2 30
3 18
3 69
3 40
3 9
3 75
3 13
3 82
3 51
3 21
3 26
3 59
4 67
4 74
4 12
4 46
4 21
4 27
4 85
5 76
6 65
6 37
6 6
6 33
6 13
6 15
6 49
6 85
6 86
6 87
6 38
7 49
7 50
8 33
8 68
8 74
8 48
8 19
8 20
8 54
8 4
8 27
9 33
9 66
9 4
9 38
9 70
9 13
9 79
9 49
9 85
9 30
9 31
10 34
10 4
10 39
10 74
10 75
10 82
10 51
10 28
10 30
10 31
11 66
11 67
11 68
11 38
11 40
11 74
11 75
11 16
11 17
11 21
11 22
11 26
11 29
11 31
12 1
12 34
12 67
12 4
12 5
12 38
12 65
12 71
12 76
12 13
12 80
12 86
12 56
12 69
12 31
13 1
13 67
13 40
13 73
13 3
13 21
13 54
13 59
15 74
16 72
17 1
17 4
17 65
17 75
17 13
17 47
17 48
17 56
17 51
17 24
17 39
17 26
17 27
17 30
18 1
18 66
18 3
18 4
18 33
18 76
18 2
18 79
18 34
18 17
18 30
19 33
19 73
19 76
19 13
19 15
19 21
19 54
19 23
19 25
19 26
19 59
19 60
19 85
19 31
20 1
20 66
20 35
20 36
20 69
20 39
20 41
20 21
20 49
20 51
20 85
20 59
20 28
20 31
21 36
21 38
21 42
21 75
21 82
21 46
21 18
21 87
21 56
21 68
21 58
22 33
22 68
22 70
22 40
22 75
22 12
22 82
22 51
22 86
23 32
23 33
23 3
23 4
23 6
23 40
23 75
23 17
23 82
23 54
23 23
23 68
23 27
23 62
26 1
26 69
26 72
26 74
26 16
26 17
26 82
26 19
26 23
26 27
26 60
26 61
26 37
27 1
27 66
27 3
27 4
27 42
27 55
27 58
27 74
28 1
28 34
28 3
28 4
28 37
28 39
28 42
28 13
28 17
28 53
28 56
28 49
29 1
29 3
29 4
29 5
29 8
29 13
29 17
29 21
29 23
29 27
29 30
29 33
29 37
29 39
29 42
29 44
29 51
29 54
29 59
29 64
29 66
29 76
30 1
30 35
30 68
30 5
30 9
30 10
30 76
30 82
30 55
30 27
30 74
31 1
31 66
31 35
31 42
31 11
31 48
31 17
31 84
31 62
31 59
31 61
31 30
32 0
32 34
32 67
32 74
32 54
32 55
32 56
32 26
32 30
33 67
33 69
33 38
33 43
33 77
33 45
33 48
33 21
33 86
33 23
33 54
33 29
33 30
34 33
34 67
34 74
34 77
34 78
34 13
34 51
34 23
34 47
34 60
34 42
34 31
35 34
35 36
35 40
35 42
35 55
35 44
35 53
35 54
35 23
36 17
36 74
36 50
36 30
36 31
37 64
37 1
37 66
37 9
37 42
37 75
37 76
37 21
37 23
37 56
37 61
38 32
38 51
38 67
38 39
38 78
38 80
38 35
38 22
38 56
38 63
39 32
39 1
39 38
39 8
39 41
39 42
39 12
39 48
39 17
39 50
39 21
39 54
39 56
39 27
39 31
40 1
40 3
40 4
40 37
40 48
40 41
40 43
40 76
40 79
40 16
40 54
40 68
40 26
40 59
40 60
40 69
41 34
41 3
41 68
41 38
41 43
41 76
41 78
41 48
41 17
41 50
41 51
41 23
41 26
41 28
42 1
42 74
42 12
42 13
42 15
42 56
42 24
43 65
43 71
43 60
43 16
43 23
43 56
43 28
43 63
44 34
44 35
44 38
44 60
44 75
44 78
44 80
44 82
44 87
44 59
44 28
45 0
45 32
45 2
45 3
45 4
45 37
45 33
45 74
45 43
45 44
45 78
45 21
45 26
45 31
46 0
46 33
46 2
46 3
46 37
46 40
46 73
46 75
46 13
46 78
46 77
46 49
46 82
46 52
46 23
46 56
46 87
46 59
46 60
46 31
47 34
47 50
47 4
47 72
47 75
47 12
47 13
47 82
47 54
48 32
48 65
48 3
48 5
48 39
48 43
48 78
48 17
48 51
48 26
48 60
49 33
49 2
49 3
49 48
49 10
49 76
49 16
49 50
49 56
49 42
50 1
50 66
50 6
50 76
50 13
50 48
50 49
50 21
50 56
51 4
51 39
51 43
51 78
51 17
51 50
51 21
51 23
51 56
51 27
51 31
52 4
52 69
52 42
52 50
52 78
52 48
52 82
52 21
52 87
52 58
52 60
53 0
53 66
53 67
53 36
53 71
53 74
53 34
53 86
53 23
53 26
53 28
54 66
54 3
54 69
54 38
54 39
54 42
54 43
54 50
54 82
54 85
54 26
54 37
54 31
55 68
55 69
55 39
55 11
55 50
55 84
55 86
55 58
55 27
56 66
56 68
56 69
56 6
56 73
56 34
56 78
56 17
56 82
56 51
56 85
57 33
57 66
57 35
57 9
57 34
57 78
57 79
57 50
57 51
57 20
57 56
57 26
58 80
58 66
58 67
58 5
58 74
58 76
58 45
58 78
58 48
58 82
58 51
58 21
58 26
58 69
58 31
59 32
59 51
59 4
59 38
59 65
59 40
59 42
59 75
59 78
59 15
59 49
59 19
59 20
59 21
59 22
59 56
59 26
59 27
59 28
59 74
59 85
60 32
60 66
60 3
60 38
60 75
60 48
60 17
60 82
60 25
60 31
61 10
61 55
61 78
61 80
61 49
61 83
61 21
61 87
61 31
62 32
62 1
62 48
62 40
63 3
63 54
65 27
65 82
65 19
65 62
65 54
66 0
66 1
66 2
66 43
66 36
66 41
66 75
66 76
66 51
66 54
67 33
67 67
67 8
67 9
67 42
67 43
67 13
67 16
67 49
67 82
67 54
67 73
67 58
67 27
67 31
68 51
68 3
68 68
68 6
68 8
68 42
68 11
68 43
68 35
68 21
68 54
68 56
68 24
68 53
69 33
69 37
69 40
69 41
69 76
69 13
69 15
69 16
69 17
69 82
69 84
69 22
69 56
69 72
69 26
69 28
69 30
70 40
70 1
70 58
70 76
70 30
71 32
71 1
71 66
71 3
71 68
71 86
71 38
71 33
71 42
71 43
71 35
71 22
71 23
71 56
71 26
72 80
72 45
73 32
73 66
73 78
73 16
73 84
73 21
73 27
73 60
73 31
75 32
75 4
75 37
75 38
75 75
75 78
75 48
75 87
75 27
76 37
76 39
76 10
76 75
76 15
76 50
76 19
76 84
76 59
76 30
77 64
77 33
77 73
77 42
77 75
77 46
77 47
77 49
77 83
77 85
77 86
77 55
77 26
77 74
77 31
78 66
78 68
78 40
78 78
78 51
78 21
78 26
78 59
78 58
79 48
79 16
79 17
79 51
79 85
79 23
79 58
79 30
79 63
80 48
80 17
81 33
81 3
81 69
81 38
81 39
81 40
81 43
81 76
81 78
81 17
81 75
81 19
81 21
81 27
81 60
81 85
81 51
82 33
82 34
82 68
82 42
82 43
82 76
82 13
82 48
82 82
82 51
82 20
82 62
82 58
82 74
82 30
83 0
83 43
83 69
83 38
83 42
83 75
83 16
83 52
83 23
83 27
83 37
84 1
84 69
84 6
84 75
84 76
84 13
84 53
84 87
84 27
84 30
84 31
85 32
85 33
85 16
86 64
86 3
86 68
86 6
86 40
86 10
86 76
86 50
86 35
86 84
86 21
86 58
86 59
86 30
87 32
87 69
87 74
87 13
87 46
87 48
87 82
87 51
87 52
87 54
87 26
87 31
