88
0 54
1 34
1 41
1 42
1 43
1 77
1 46
1 84
1 53
1 27
2 32
2 2
2 67
2 37
2 63
2 41
2 43
2 77
2 46
2 52
2 73
2 84
2 87
2 27
2 30
2 31
3 84
3 66
3 3
3 68
3 70
3 7
3 73
3 43
3 17
3 35
3 52
3 53
3 22
3 23
3 55
3 27
3 62
3 31
4 1
4 2
4 67
4 66
4 71
4 76
4 87
4 44
4 34
4 46
4 17
4 19
4 84
4 62
4 54
4 23
4 58
4 29
4 30
5 3
5 73
5 10
5 76
5 13
5 44
5 52
5 9
5 28
6 0
6 42
6 75
6 37
6 72
6 73
6 10
6 43
6 13
6 77
6 47
6 19
6 20
6 54
6 23
6 52
6 87
6 29
6 31
7 45
7 68
7 54
7 77
7 13
7 62
7 22
7 23
7 30
7 63
8 83
9 67
9 4
9 17
9 3
9 22
9 87
10 0
10 32
10 3
10 68
10 33
10 71
10 42
10 23
10 53
10 22
10 87
10 7
10 55
10 27
11 35
12 13
14 0
14 1
14 3
14 33
14 70
14 7
14 72
14 10
14 43
14 13
14 46
14 47
14 87
14 19
14 54
14 23
14 58
14 63
14 29
14 31
15 84
15 46
18 1
18 3
18 7
18 9
18 13
18 17
18 18
18 19
18 34
18 37
18 42
18 43
18 46
18 47
18 49
18 52
18 54
18 58
18 63
18 67
18 70
18 72
18 73
18 75
18 77
18 84
18 86
19 33
19 2
19 54
19 71
19 72
19 10
19 44
19 34
19 49
19 18
19 22
19 69
19 58
19 63
19 30
19 31
22 32
22 35
22 54
22 6
22 39
22 72
22 41
22 71
22 44
22 45
22 77
22 47
22 48
22 73
22 3
22 52
22 22
22 55
22 87
22 29
23 0
23 1
23 2
23 4
23 6
23 8
23 14
23 17
23 27
23 29
23 31
23 32
23 37
23 39
23 41
23 47
23 48
23 49
23 52
23 58
23 63
23 67
23 68
23 70
23 73
23 75
23 77
24 66
24 35
24 4
24 54
24 6
24 71
24 41
24 42
24 43
24 13
24 46
24 73
24 48
24 19
24 52
24 22
24 23
24 67
24 87
24 27
24 69
25 84
25 1
25 67
25 33
25 7
25 9
25 43
25 87
25 13
25 46
25 77
25 48
25 17
25 20
25 53
25 71
25 41
25 52
25 49
25 62
25 63
30 0
30 1
30 2
30 3
30 19
30 29
30 33
30 34
30 35
30 39
30 40
30 42
30 47
30 48
30 49
30 53
30 63
30 68
30 70
30 71
30 72
30 76
30 77
30 87
31 83
31 35
31 68
31 70
31 6
31 39
31 8
31 71
31 13
31 46
31 47
31 48
31 17
31 75
31 67
31 53
31 54
31 55
31 58
31 62
31 63
35 32
35 34
35 67
35 37
35 7
35 41
35 43
35 76
35 13
35 46
35 77
35 48
35 75
35 19
35 52
35 86
35 73
35 87
35 29
35 62
36 0
36 1
36 3
36 54
36 7
36 8
36 41
36 10
36 39
36 44
36 13
36 77
36 48
36 81
36 75
36 84
36 53
36 22
36 87
36 42
36 62
40 1
40 35
40 4
40 71
40 72
40 41
40 42
40 77
40 48
40 49
40 84
40 87
40 25
40 29
40 31
41 1
41 67
41 86
41 72
41 73
41 42
41 3
41 52
41 53
41 22
41 87
41 29
41 31
43 1
43 3
43 4
43 6
43 8
43 9
43 17
43 23
43 29
43 34
43 35
43 42
43 43
43 48
43 52
43 55
43 58
43 62
43 63
43 67
43 68
43 69
43 73
43 83
43 84
44 72
45 0
45 2
45 3
45 10
45 13
45 17
45 23
45 25
45 27
45 29
45 30
45 33
45 34
45 39
45 43
45 48
45 53
45 54
45 55
45 63
45 67
45 68
45 71
45 73
45 77
45 79
45 84
46 32
46 3
46 4
46 70
46 39
46 9
46 10
46 43
46 73
46 48
46 17
46 84
46 54
46 41
46 68
46 58
46 29
47 1
47 4
47 9
47 14
47 18
47 19
47 23
47 29
47 30
47 31
47 33
47 41
47 43
47 44
47 47
47 49
47 52
47 54
47 58
47 63
47 68
47 70
47 71
47 76
47 77
47 84
49 3
49 4
49 6
49 8
49 10
49 13
49 14
49 23
49 25
49 29
49 30
49 33
49 35
49 39
49 41
49 42
49 43
49 48
49 53
49 62
49 63
49 68
49 71
49 72
49 76
49 84
49 87
50 35
50 4
50 37
50 43
50 49
50 67
50 87
50 58
50 63
50 30
50 31
52 32
52 52
53 67
53 68
53 70
53 9
53 43
53 13
53 35
53 55
53 62
55 0
55 32
55 67
55 4
55 33
55 70
55 7
55 40
55 9
55 42
55 39
55 77
55 46
55 47
55 48
55 17
55 55
55 68
55 58
55 62
55 63
56 1
56 2
56 3
56 4
56 7
56 8
56 10
56 20
56 23
56 27
56 30
56 31
56 32
56 35
56 42
56 46
56 54
56 58
56 62
56 67
56 68
56 71
56 73
56 75
56 77
56 84
57 1
57 67
57 37
57 71
57 8
57 9
57 10
57 43
57 78
57 48
57 46
57 73
57 87
57 62
59 75
59 67
59 20
59 7
62 83
62 3
62 4
62 69
62 39
62 8
62 9
62 43
62 77
62 71
62 49
62 19
62 52
62 41
62 73
62 23
62 84
62 58
62 29
62 63
63 32
63 84
63 66
63 3
63 4
63 6
63 41
63 87
63 13
63 77
63 49
63 18
63 52
63 53
63 54
63 73
63 68
63 30
64 66
64 35
64 4
64 37
64 70
64 71
64 40
64 73
64 42
64 43
64 17
64 75
64 83
64 54
64 87
64 72
64 29
64 62
64 31
65 42
65 1
65 3
65 4
65 54
65 6
65 7
65 8
65 10
65 43
65 48
65 17
65 35
65 53
65 22
65 23
65 87
65 27
65 29
65 62
65 63
66 0
66 3
66 4
66 7
66 8
66 9
66 17
66 22
66 23
66 30
66 32
66 42
66 43
66 48
66 49
66 52
66 53
66 54
66 55
66 62
66 68
66 70
66 72
66 77
70 1
70 67
70 68
70 70
70 75
70 77
70 46
70 17
70 18
70 23
70 4
70 27
71 0
71 1
71 67
71 68
71 33
71 70
71 32
71 75
71 87
71 62
71 63
72 1
72 35
72 68
72 70
72 42
72 49
72 27
72 62
73 1
73 4
73 6
73 9
73 10
73 23
73 25
73 33
73 34
73 35
73 37
73 42
73 44
73 45
73 46
73 48
73 52
73 53
73 54
73 55
73 58
73 67
73 84
73 87
76 0
76 6
76 17
76 18
76 19
76 22
76 25
76 27
76 29
76 32
76 33
76 34
76 35
76 37
76 41
76 42
76 46
76 47
76 48
76 55
76 58
76 62
76 68
76 69
76 75
76 76
76 84
79 0
79 9
79 10
79 17
79 19
79 20
79 22
79 27
79 35
79 37
79 41
79 42
79 43
79 44
79 47
79 54
79 58
79 62
79 63
79 67
79 68
79 70
79 75
79 84
79 87
80 4
80 6
80 8
80 10
80 13
80 17
80 20
80 23
80 27
80 30
80 34
80 35
80 39
80 45
80 48
80 52
80 53
80 62
80 63
80 70
80 71
80 72
80 73
80 77
80 80
81 0
81 33
81 3
81 68
81 6
81 71
81 10
81 55
81 13
81 46
81 47
81 18
81 53
81 23
81 58
81 63
81 42
81 31
82 48
82 1
85 29
86 4
86 70
86 73
86 13
86 52
86 41
86 58
87 0
87 3
87 70
87 6
87 7
87 73
87 43
87 77
87 46
87 48
87 53
87 54
87 23
87 62
87 25
87 55
