88
0 1
0 36
0 54
0 70
0 73
0 55
0 77
0 49
0 85
0 22
0 23
0 58
0 27
0 29
0 63
2 1
2 36
2 70
2 65
2 44
2 12
2 79
2 48
2 85
2 23
2 25
2 58
2 27
3 36
3 54
3 70
3 77
3 79
3 48
3 49
3 82
3 85
3 22
3 23
3 25
3 58
3 29
3 63
4 1
4 36
4 70
4 73
4 12
4 79
4 51
4 85
4 54
4 23
4 58
4 27
4 29
5 36
5 73
5 79
5 48
5 58
5 85
5 54
5 26
5 29
7 1
7 36
7 70
7 55
7 12
7 77
7 79
7 49
7 82
7 85
7 54
7 23
7 58
7 29
7 63
8 77
11 1
11 36
11 70
11 73
11 55
11 48
11 49
11 82
11 58
11 85
11 54
11 23
11 26
11 27
11 29
11 63
13 1
13 70
13 44
13 79
13 55
13 12
13 77
13 73
13 82
13 85
13 22
13 23
13 27
13 29
13 63
18 36
18 54
18 73
18 55
18 44
18 77
18 61
18 48
18 49
18 58
18 22
18 23
18 26
18 27
18 29
19 1
19 36
19 70
19 73
19 44
19 77
19 48
19 49
19 82
19 85
19 54
19 58
19 27
19 29
19 63
20 36
20 54
20 70
20 7
20 73
20 55
20 44
20 77
20 48
20 85
20 22
20 23
20 25
20 58
20 27
20 63
21 1
21 36
21 44
21 77
21 61
21 48
21 58
21 53
21 54
21 23
21 26
21 29
21 63
23 1
23 36
23 54
23 70
23 73
23 44
23 77
23 79
23 48
23 58
23 85
23 22
23 23
23 26
23 29
24 36
24 54
24 73
24 79
24 48
24 85
24 22
24 55
24 58
24 63
25 36
25 54
25 70
25 73
25 55
25 77
25 79
25 48
25 82
25 58
25 85
25 22
25 23
25 26
25 27
25 29
27 48
27 36
27 54
27 70
27 55
27 12
27 80
27 85
27 22
27 23
27 26
27 27
27 58
27 63
29 1
29 36
29 54
29 70
29 44
29 12
29 77
29 48
29 85
29 22
29 55
29 58
29 27
29 29
30 1
30 36
30 54
30 70
30 73
30 77
30 79
30 49
30 85
30 22
30 23
30 58
30 27
30 28
30 29
30 63
31 1
31 36
31 54
31 70
31 73
31 77
31 48
31 82
31 51
31 22
31 55
31 68
31 26
31 27
31 29
32 1
32 36
32 54
32 12
32 77
32 79
32 82
32 84
32 85
32 22
32 58
32 29
32 63
33 1
33 36
33 70
33 7
33 80
33 73
33 44
33 77
33 48
33 49
33 58
33 54
33 23
33 26
33 27
33 29
34 68
34 70
34 7
34 73
34 12
34 61
34 48
34 58
34 23
34 36
34 26
34 27
34 29
35 1
35 44
35 77
35 48
35 22
35 55
35 26
35 58
35 63
36 1
36 36
36 54
36 70
36 73
36 55
36 77
36 48
36 85
36 22
36 23
36 26
36 27
36 58
36 63
37 1
37 36
37 70
37 73
37 77
37 79
37 48
37 82
37 85
37 54
37 23
37 26
37 27
37 61
37 63
38 1
38 36
38 54
38 70
38 44
38 77
38 80
38 58
38 84
38 85
38 22
38 55
38 26
38 28
38 29
39 1
39 36
39 12
39 48
39 85
39 23
39 26
39 58
39 63
40 36
40 70
40 77
40 79
40 48
40 58
40 85
40 54
40 23
40 26
40 27
40 29
40 63
41 48
41 68
41 54
41 73
41 77
41 80
41 85
41 22
41 27
41 29
41 63
42 1
42 70
42 12
42 79
42 44
42 77
42 61
42 73
42 85
42 54
42 23
42 58
42 27
42 29
42 63
43 58
43 36
43 54
43 70
43 77
43 61
43 48
43 49
43 51
43 85
43 22
43 23
43 26
43 79
43 28
43 29
44 1
44 36
44 70
44 12
44 55
44 44
44 77
44 73
44 48
44 82
44 54
44 23
44 58
44 79
44 29
45 1
45 36
45 55
45 12
45 77
45 79
45 48
45 85
45 23
45 26
45 58
46 1
46 36
46 70
46 73
46 55
46 44
46 77
46 79
46 48
46 49
46 85
46 23
46 58
46 29
46 63
47 36
47 70
47 12
47 55
47 44
47 73
47 48
47 49
47 85
47 54
47 23
47 68
47 58
47 27
47 29
50 1
50 36
50 70
50 79
50 48
50 49
50 51
50 54
50 23
50 25
50 58
50 27
50 29
52 1
52 36
52 44
52 77
52 48
52 58
52 85
52 25
52 26
52 27
52 29
53 1
53 36
53 70
53 12
53 55
53 44
53 77
53 79
53 48
53 82
53 51
53 85
53 23
53 58
53 29
53 63
55 36
55 70
55 77
55 48
55 85
55 26
55 27
56 70
56 55
56 77
56 79
56 85
56 54
56 23
56 58
56 28
57 36
57 70
57 77
57 48
57 54
57 23
57 58
59 1
59 54
59 70
59 73
59 12
59 77
59 79
59 48
59 85
59 22
59 23
59 58
59 27
59 28
59 29
60 1
60 36
60 70
60 73
60 12
60 48
60 58
60 85
60 54
60 26
60 27
60 29
60 63
61 54
61 70
61 73
61 55
61 77
61 79
61 48
61 49
61 58
61 85
61 22
61 23
61 26
61 27
61 29
61 63
63 1
63 36
63 73
63 55
63 77
63 48
63 58
63 85
63 23
63 26
63 27
63 29
64 70
64 77
64 79
64 48
64 85
64 27
64 29
66 1
66 36
66 70
66 73
66 55
66 44
66 77
66 49
66 85
66 54
66 23
66 25
66 27
66 63
67 1
67 36
67 54
67 70
67 73
67 44
67 77
67 48
67 49
67 85
67 22
67 23
67 58
67 29
67 63
69 54
69 70
69 73
69 55
69 77
69 79
69 22
69 23
69 58
69 28
69 29
70 1
70 36
70 70
70 73
70 55
70 12
70 61
70 48
70 51
70 54
70 23
70 68
70 58
70 27
70 29
71 36
71 73
71 55
71 44
71 77
71 48
71 54
71 23
71 58
71 29
72 54
72 70
72 44
72 12
72 77
72 73
72 48
72 58
72 85
72 22
72 23
72 25
72 26
72 27
72 29
72 63
73 1
73 36
73 70
73 79
73 49
73 82
73 58
73 54
73 23
73 25
73 26
73 27
73 29
74 65
74 36
74 70
74 1
74 77
74 48
74 49
74 85
74 54
74 55
74 58
74 29
74 63
75 36
75 70
75 55
75 44
75 77
75 79
75 48
75 49
75 85
75 54
75 23
75 68
75 26
75 27
75 29
75 63
76 1
76 36
76 54
76 70
76 73
76 55
76 12
76 77
76 79
76 48
76 82
76 22
76 23
76 58
76 27
76 29
77 80
77 54
77 70
77 73
77 55
77 12
77 77
77 61
77 48
77 49
77 22
77 23
77 26
77 29
77 63
78 1
78 54
78 44
78 79
78 12
78 77
78 73
78 48
78 58
78 22
78 23
78 26
78 27
78 29
78 63
79 1
79 36
79 70
79 80
79 44
79 12
79 77
79 48
79 58
79 85
79 73
79 23
79 68
79 26
79 27
79 29
79 63
80 1
80 36
80 70
80 44
80 12
80 77
80 61
80 48
80 49
80 73
80 85
80 54
80 23
80 26
80 79
80 29
80 63
81 36
81 73
81 44
81 77
81 85
81 54
81 23
81 26
81 29
82 36
82 70
82 55
82 44
82 77
82 79
82 48
82 85
82 54
82 23
82 27
82 29
82 53
83 1
83 36
83 70
83 73
83 55
83 12
83 77
83 61
83 48
83 49
83 85
83 23
83 58
83 79
83 29
83 63
86 68
86 73
86 55
86 12
86 77
86 48
86 85
86 54
86 23
86 26
86 27
86 29
86 63
87 1
87 54
87 70
87 7
87 73
87 12
87 48
87 85
87 22
87 55
87 26
87 29
87 63
