88
0 2
0 3
0 4
0 17
0 20
0 21
0 22
0 27
0 35
0 39
0 40
0 41
0 45
0 47
0 54
0 55
0 56
0 58
0 59
0 62
0 68
0 69
0 70
0 72
0 77
0 78
0 79
0 81
0 84
0 86
1 32
1 3
1 37
1 75
1 44
1 77
1 45
1 17
1 56
1 57
1 47
5 2
5 5
5 24
5 31
5 32
5 40
5 44
5 47
5 55
5 56
5 58
5 59
5 62
5 64
5 67
5 69
5 70
5 72
5 75
5 78
5 80
5 81
5 86
6 0
6 1
6 3
6 22
6 24
6 26
6 27
6 33
6 36
6 39
6 44
6 46
6 47
6 49
6 54
6 55
6 57
6 59
6 61
6 62
6 63
6 64
6 65
6 66
6 69
6 70
6 71
6 72
6 75
6 77
6 78
6 79
6 80
6 81
6 84
6 86
7 0
11 0
11 33
11 3
11 44
11 77
11 59
11 84
11 86
11 56
11 58
11 27
12 0
12 2
12 3
12 5
12 13
12 24
12 25
12 26
12 30
12 32
12 33
12 35
12 38
12 40
12 41
12 45
12 47
12 49
12 50
12 52
12 54
12 55
12 56
12 57
12 58
12 62
12 64
12 67
12 68
12 69
12 70
12 71
12 72
12 73
12 75
12 76
12 77
12 78
12 79
12 81
12 82
12 84
12 86
15 62
16 2
16 3
16 13
16 17
16 25
16 26
16 27
16 31
16 34
16 36
16 39
16 44
16 45
16 46
16 47
16 49
16 51
16 52
16 55
16 57
16 58
16 59
16 62
16 65
16 67
16 69
16 70
16 71
16 72
16 73
16 76
16 78
16 79
16 81
16 86
23 0
23 2
23 17
23 26
23 27
23 31
23 32
23 34
23 37
23 39
23 42
23 45
23 47
23 54
23 59
23 64
23 69
23 70
23 71
23 72
23 74
23 75
23 77
23 78
23 84
23 86
24 59
24 49
24 70
24 39
24 72
24 78
24 81
24 84
24 24
24 26
24 27
24 31
26 0
26 2
26 3
26 14
26 17
26 20
26 21
26 25
26 26
26 27
26 29
26 31
26 33
26 34
26 40
26 41
26 44
26 45
26 46
26 47
26 49
26 52
26 54
26 55
26 56
26 58
26 59
26 64
26 66
26 69
26 70
26 71
26 72
26 73
26 74
26 75
26 77
26 78
26 79
26 81
26 83
26 84
26 86
27 0
27 1
27 2
27 3
27 4
27 5
27 17
27 20
27 24
27 25
27 27
27 31
27 32
27 35
27 36
27 41
27 43
27 44
27 47
27 52
27 54
27 55
27 57
27 58
27 60
27 62
27 67
27 69
27 71
27 72
27 74
27 77
27 83
27 84
27 87
28 0
28 1
28 2
28 3
28 5
28 13
28 17
28 20
28 22
28 24
28 25
28 27
28 35
28 36
28 37
28 39
28 43
28 44
28 45
28 47
28 50
28 51
28 52
28 53
28 54
28 55
28 56
28 58
28 59
28 62
28 63
28 67
28 68
28 69
28 70
28 73
28 74
28 75
28 76
28 77
28 78
28 79
28 81
28 83
28 84
28 85
28 86
29 0
29 9
29 17
29 22
29 24
29 26
29 27
29 30
29 31
29 32
29 34
29 35
29 37
29 38
29 39
29 40
29 43
29 44
29 45
29 46
29 47
29 52
29 55
29 56
29 58
29 59
29 62
29 64
29 66
29 67
29 69
29 70
29 71
29 72
29 73
29 74
29 75
29 76
29 78
29 79
29 81
29 82
29 83
29 84
29 86
29 87
31 0
31 3
31 69
31 72
31 75
31 47
31 87
31 59
31 55
31 56
31 25
31 26
31 27
31 62
31 31
35 0
35 1
35 2
35 3
35 5
35 17
35 24
35 25
35 26
35 27
35 31
35 32
35 34
35 35
35 36
35 37
35 39
35 41
35 43
35 44
35 46
35 49
35 52
35 56
35 61
35 62
35 63
35 64
35 67
35 69
35 70
35 71
35 72
35 73
35 74
35 75
35 78
35 79
35 81
35 84
35 85
35 86
35 87
38 0
38 2
38 35
38 66
38 54
38 70
38 71
38 41
38 44
38 34
38 79
38 59
38 51
38 22
38 26
38 27
38 62
38 31
44 0
44 1
44 3
44 21
44 24
44 25
44 26
44 27
44 30
44 31
44 32
44 34
44 35
44 39
44 42
44 44
44 46
44 49
44 52
44 53
44 55
44 56
44 58
44 59
44 61
44 62
44 67
44 69
44 70
44 71
44 72
44 77
44 78
44 79
44 81
44 86
45 1
45 2
45 3
45 20
45 21
45 25
45 27
45 31
45 32
45 44
45 47
45 49
45 52
45 55
45 58
45 59
45 60
45 62
45 69
45 72
45 73
45 77
45 78
45 84
45 86
47 64
47 84
47 2
47 67
47 81
47 71
47 73
47 43
47 44
47 77
47 78
47 47
47 56
47 52
47 55
47 24
47 57
47 58
47 59
47 30
47 31
49 1
49 2
49 3
49 4
49 5
49 17
49 21
49 24
49 27
49 32
49 33
49 43
49 47
49 49
49 50
49 54
49 55
49 56
49 58
49 59
49 62
49 63
49 64
49 68
49 69
49 71
49 72
49 73
49 78
49 79
49 81
49 82
49 83
49 84
49 86
51 0
51 2
51 3
51 17
51 26
51 27
51 30
51 31
51 35
51 37
51 41
51 44
51 47
51 49
51 52
51 55
51 56
51 58
51 62
51 64
51 69
51 71
51 79
51 83
51 84
51 85
54 0
54 1
54 2
54 3
54 13
54 17
54 25
54 26
54 27
54 30
54 31
54 33
54 35
54 37
54 38
54 41
54 42
54 43
54 45
54 46
54 47
54 49
54 53
54 54
54 55
54 56
54 58
54 59
54 62
54 64
54 69
54 70
54 71
54 72
54 73
54 75
54 77
54 78
54 79
54 80
54 81
54 82
54 83
54 84
54 86
55 0
55 2
55 3
55 17
55 22
55 24
55 25
55 26
55 27
55 31
55 32
55 33
55 34
55 35
55 37
55 38
55 44
55 45
55 47
55 49
55 52
55 53
55 54
55 55
55 56
55 57
55 58
55 61
55 62
55 67
55 69
55 70
55 71
55 72
55 73
55 76
55 78
55 79
55 80
55 81
55 83
55 86
63 0
63 2
63 3
63 24
63 25
63 26
63 27
63 31
63 32
63 33
63 39
63 43
63 44
63 46
63 47
63 49
63 52
63 54
63 55
63 56
63 57
63 59
63 62
63 64
63 65
63 69
63 70
63 71
63 77
63 84
64 2
64 3
64 4
64 17
64 22
64 24
64 26
64 27
64 30
64 31
64 32
64 33
64 34
64 35
64 39
64 40
64 43
64 44
64 45
64 46
64 47
64 50
64 51
64 54
64 55
64 56
64 57
64 58
64 59
64 65
64 67
64 71
64 72
64 73
64 75
64 76
64 79
64 81
64 83
64 84
64 85
64 86
67 0
67 84
67 2
67 35
67 69
67 71
67 72
67 75
67 45
67 78
67 47
67 50
67 3
67 52
67 21
67 55
67 56
67 83
67 59
67 60
77 0
77 2
77 3
77 13
77 17
77 25
77 26
77 35
77 44
77 52
77 55
77 56
77 62
77 67
77 69
77 70
77 71
77 73
77 77
77 78
77 79
77 81
79 0
79 35
79 71
79 42
79 47
79 17
79 86
79 56
79 24
79 25
79 27
84 32
84 2
84 67
84 70
84 81
84 77
84 17
84 52
84 55
84 26
84 59
84 58
84 31
86 0
86 3
86 4
86 17
86 22
86 25
86 26
86 27
86 31
86 34
86 35
86 36
86 37
86 39
86 41
86 44
86 45
86 49
86 50
86 52
86 54
86 55
86 56
86 57
86 59
86 62
86 64
86 67
86 69
86 72
86 73
86 75
86 77
86 78
86 84
86 86
