88
0 10
0 76
0 81
0 62
0 22
0 23
0 58
0 42
0 30
1 36
1 7
1 8
1 42
1 45
1 48
1 22
1 60
1 30
2 8
2 10
2 12
2 16
2 18
2 20
2 26
2 28
2 30
2 31
2 36
2 38
2 42
2 44
2 45
2 48
2 50
2 59
2 67
2 69
2 70
2 74
3 1
3 35
3 72
3 10
3 16
3 49
3 22
3 23
3 63
4 16
4 34
4 63
4 42
4 13
5 1
5 7
5 10
5 45
5 47
5 48
5 82
5 83
5 54
5 87
5 28
5 62
6 64
6 50
6 72
6 12
6 76
6 82
6 16
6 18
6 22
6 28
7 34
7 6
7 76
7 46
7 48
7 54
7 26
7 62
7 63
8 32
8 3
8 5
8 8
8 45
8 48
8 18
8 22
8 87
8 26
8 54
8 30
9 64
9 36
9 8
9 42
9 12
9 13
9 48
9 54
9 28
10 74
10 63
10 82
10 47
11 56
12 3
12 38
12 8
12 13
12 47
12 48
12 86
12 28
12 30
13 35
13 36
13 5
13 38
13 81
13 10
13 13
13 16
13 50
13 18
13 83
13 54
13 56
13 68
13 28
13 42
13 30
13 63
14 64
14 34
14 68
14 5
14 71
14 8
14 42
14 43
14 13
14 46
14 47
14 40
14 50
14 74
14 82
14 54
14 23
14 59
14 28
14 29
14 62
16 1
16 34
16 13
16 22
16 62
16 63
17 13
18 5
18 13
19 32
19 1
19 35
19 48
19 81
19 18
19 62
19 23
19 59
19 28
19 30
20 1
20 68
20 5
20 8
20 44
20 76
20 13
20 87
20 28
21 1
21 7
21 8
21 74
21 87
21 12
21 82
21 23
21 26
21 42
22 1
22 36
22 5
22 73
22 10
22 87
22 48
22 17
22 22
22 23
22 54
22 62
23 37
23 8
23 10
23 87
23 45
23 46
23 16
23 82
23 20
23 62
23 22
23 23
23 74
23 54
23 28
23 42
23 30
23 63
24 10
24 5
25 83
25 76
25 45
25 54
25 55
26 5
26 71
26 8
26 16
26 28
26 30
27 70
27 74
27 12
27 45
27 16
27 50
27 22
27 28
27 62
28 32
28 1
28 4
28 54
28 10
28 48
28 18
28 84
28 22
28 24
28 42
29 34
29 38
29 6
29 42
29 75
29 45
29 48
29 50
29 20
29 23
29 87
29 63
30 48
30 5
30 13
30 47
30 16
30 18
30 26
30 28
30 30
31 74
31 26
31 23
32 6
32 42
32 43
32 12
32 13
32 22
32 59
32 10
32 62
33 82
33 12
33 87
34 1
34 34
34 67
34 5
34 38
34 72
34 9
34 10
34 61
34 12
34 13
34 45
34 18
34 74
34 23
34 42
34 63
35 35
35 36
35 10
35 12
35 77
35 13
35 50
35 26
35 30
36 26
36 50
36 23
36 5
36 45
37 42
37 36
37 70
38 8
38 16
38 34
38 82
38 50
39 18
39 7
40 74
40 30
40 12
40 5
40 38
41 67
41 8
41 87
41 84
41 23
41 59
42 8
42 10
42 27
42 87
43 6
43 74
43 12
43 46
43 54
43 23
43 28
43 42
43 30
44 48
44 5
44 13
45 34
45 6
45 8
45 73
45 12
45 50
45 51
45 20
45 87
45 26
45 28
45 58
46 32
46 34
46 50
46 68
46 10
46 83
46 13
46 16
46 18
46 82
46 62
46 22
46 23
46 26
46 27
46 28
46 30
46 63
47 1
47 34
47 54
47 6
47 42
47 12
47 13
47 62
47 22
47 23
47 28
47 30
48 1
48 34
48 68
48 5
48 38
48 8
48 9
48 82
48 46
48 47
48 48
48 50
48 83
48 22
48 26
48 54
48 30
48 63
49 1
49 66
49 44
49 42
49 12
49 82
49 20
49 22
49 23
49 62
50 1
50 34
50 59
50 5
50 38
50 71
50 72
50 76
50 10
50 87
50 12
50 13
50 45
50 48
50 82
50 22
50 23
50 54
51 34
51 67
51 6
51 10
51 43
51 45
51 16
51 18
51 87
51 28
51 42
52 37
52 40
52 12
52 47
52 16
52 82
52 22
52 54
52 62
53 36
53 6
53 8
53 80
53 18
53 54
53 58
53 28
53 62
54 34
54 35
54 5
54 74
54 76
54 45
54 81
54 82
54 26
54 28
54 62
55 1
55 34
55 38
55 6
55 42
55 83
55 22
55 87
55 28
56 5
56 12
56 13
56 48
56 18
56 26
56 59
56 28
56 30
57 10
57 59
57 29
58 48
58 72
58 23
58 13
58 45
58 16
58 54
58 87
58 26
58 47
58 28
58 30
59 36
59 5
59 40
59 63
59 10
59 13
59 49
59 82
59 83
59 84
59 54
59 56
59 26
59 59
59 86
59 74
59 30
59 37
60 34
60 35
60 4
60 38
60 8
60 76
60 10
60 43
60 12
60 13
60 80
60 82
60 51
60 54
60 68
60 26
60 28
60 42
60 62
61 5
61 12
61 13
61 45
61 48
61 50
61 20
61 22
61 26
61 62
62 67
62 42
62 75
62 76
62 45
62 48
62 54
62 59
62 28
62 62
62 63
63 1
63 75
63 5
63 38
63 7
63 8
63 76
63 42
63 55
63 12
63 13
63 46
63 47
63 48
63 87
63 23
63 26
63 28
64 0
64 1
64 34
64 35
64 5
64 6
64 64
64 10
64 87
64 12
64 45
64 16
64 67
64 62
64 86
64 23
64 26
64 28
64 30
64 63
65 1
65 2
65 34
65 36
65 39
65 41
65 10
65 43
65 76
65 13
65 46
65 48
65 75
65 83
65 82
65 54
65 23
65 26
65 30
66 74
66 67
66 28
66 13
66 29
67 67
67 36
67 69
67 43
67 48
67 50
67 23
67 59
67 30
67 5
68 34
68 40
68 12
68 45
68 26
68 62
69 48
69 16
69 18
69 20
69 23
69 59
70 59
70 5
70 8
70 41
70 12
70 13
70 45
70 50
70 62
70 23
70 24
70 47
70 30
71 34
71 5
71 8
71 10
71 13
71 51
71 23
71 62
71 63
72 67
72 54
72 6
72 7
72 9
72 43
72 48
72 82
72 20
72 22
73 12
73 13
73 48
73 18
73 20
73 54
73 87
73 28
73 62
74 1
74 34
74 50
74 5
74 48
74 44
74 42
74 43
74 12
74 13
74 77
74 16
74 18
74 67
74 22
74 54
74 74
75 1
75 3
75 68
75 5
75 48
75 74
75 16
75 54
76 1
76 67
76 5
76 70
76 74
76 18
76 59
76 82
76 23
76 26
76 38
76 30
77 67
77 36
77 5
77 6
77 10
77 12
77 50
77 81
77 18
77 22
77 42
77 62
77 63
78 1
78 8
78 48
78 17
78 54
78 24
78 26
78 59
78 60
78 30
79 8
79 74
79 12
79 48
79 84
79 87
79 10
79 62
79 63
80 36
80 5
80 38
80 74
80 76
80 45
80 47
80 16
80 22
80 87
80 63
80 42
80 69
81 2
81 6
81 8
81 10
81 12
81 17
81 23
81 26
81 28
81 30
81 31
81 36
81 45
81 46
81 47
81 54
81 56
81 62
81 66
81 68
81 74
81 76
81 81
81 82
82 67
82 10
82 12
82 47
82 16
82 20
82 23
82 62
82 63
83 5
83 6
83 76
83 13
83 45
83 18
83 86
83 59
83 28
84 48
84 5
84 8
84 74
84 13
84 47
84 16
84 82
84 26
84 10
84 42
84 63
85 1
85 67
85 82
85 38
85 9
85 10
85 55
85 12
85 13
85 46
85 73
85 81
85 18
85 83
85 54
85 23
85 28
85 74
85 62
85 63
86 68
86 74
86 43
86 82
86 54
86 23
87 1
87 10
87 12
87 13
87 48
87 81
87 23
87 28
87 42
