88
0 70
0 17
0 40
0 11
0 77
0 78
0 81
0 21
0 54
0 26
0 85
1 0
1 59
1 5
1 81
1 71
1 40
1 41
1 76
1 13
1 77
1 48
1 49
1 50
1 67
1 86
1 23
1 72
1 27
2 32
2 64
2 66
2 68
2 86
2 39
2 40
2 9
2 43
2 46
2 47
2 16
2 78
2 54
2 41
2 61
3 43
3 5
3 38
3 39
3 9
3 75
3 60
3 41
3 28
4 34
4 38
4 10
4 55
4 76
4 49
4 62
4 87
4 60
4 30
4 31
5 1
5 38
5 79
5 87
5 28
5 31
6 64
6 33
6 67
6 70
6 38
6 73
6 11
6 44
6 13
6 78
6 15
6 75
6 20
6 86
6 57
6 56
6 25
6 79
7 16
7 17
8 64
8 65
8 66
8 35
8 4
8 70
8 39
8 72
8 41
8 42
8 43
8 47
8 75
8 83
8 52
8 22
8 87
8 60
8 62
9 0
9 33
9 4
9 54
9 6
9 74
9 43
9 45
9 81
9 86
9 55
10 34
10 75
10 68
10 86
10 40
10 9
10 43
10 77
10 60
10 49
10 20
10 53
10 54
10 52
10 28
10 85
11 66
11 75
11 39
11 42
11 11
11 13
11 77
11 79
11 43
11 82
11 87
11 45
12 65
12 68
12 6
12 10
12 55
12 13
12 50
12 86
12 25
12 4
12 42
13 64
13 68
13 66
13 4
13 69
13 71
13 75
13 44
13 13
13 77
13 85
13 86
13 23
13 57
13 30
14 33
14 11
14 45
14 87
15 67
15 68
15 70
15 6
15 40
15 41
15 10
15 76
15 50
15 53
16 66
16 71
16 9
16 10
16 43
16 82
16 78
16 48
16 49
16 50
16 74
16 53
16 22
16 87
16 60
16 29
16 85
16 31
17 36
17 37
17 72
17 73
17 43
17 47
17 81
17 20
17 21
17 57
17 28
20 0
20 65
20 35
20 69
20 9
20 49
20 84
20 85
20 22
20 41
20 31
22 32
22 33
22 51
22 40
22 10
22 12
22 14
22 79
22 48
22 50
22 83
22 20
22 85
22 30
23 72
23 10
23 69
23 62
23 77
24 0
24 34
24 68
24 5
24 41
24 79
24 81
24 86
24 31
24 30
24 69
25 66
25 40
25 9
25 43
25 12
25 2
25 49
25 50
25 20
25 21
25 54
25 57
25 31
26 35
26 39
26 40
26 73
26 11
26 44
26 78
26 43
26 22
26 41
26 55
26 60
27 75
28 1
28 37
28 38
28 42
28 11
28 17
28 83
28 54
28 23
28 55
28 62
28 69
29 82
29 26
29 85
30 0
30 32
30 66
30 71
30 41
30 42
30 45
30 2
30 77
30 83
30 22
30 87
30 60
31 33
31 71
31 8
31 10
31 53
31 86
31 23
31 56
31 59
31 74
32 2
32 67
32 4
32 6
32 40
32 73
32 77
32 84
32 21
32 23
32 68
32 52
33 32
33 65
33 2
33 35
33 5
33 42
33 55
33 12
33 87
33 17
33 50
33 74
33 85
33 23
33 56
33 26
33 59
33 60
33 37
33 62
33 31
34 1
34 2
34 41
34 42
34 12
34 45
34 79
34 48
34 83
34 23
34 60
35 37
35 6
35 72
35 73
35 74
35 12
35 14
35 48
35 40
35 9
35 41
35 27
36 57
36 11
36 20
36 85
36 31
37 66
37 35
37 69
37 70
37 42
37 82
37 84
37 57
37 62
38 64
38 65
38 67
38 86
38 6
38 73
38 75
38 35
38 21
38 22
38 54
38 60
38 30
38 31
39 65
39 22
39 69
39 85
39 77
40 32
40 34
40 72
40 41
40 87
40 13
40 45
40 81
40 84
40 21
40 73
40 25
40 28
40 61
40 53
41 1
41 68
41 69
41 48
41 47
41 87
41 45
41 46
41 15
41 16
41 20
41 57
41 25
41 27
41 31
42 0
42 1
42 35
42 4
42 32
42 40
42 9
42 55
42 82
42 47
42 16
42 75
42 48
42 23
42 30
43 0
43 66
43 11
43 81
43 86
43 30
44 64
44 4
44 5
44 72
44 45
44 79
44 20
44 85
44 86
44 87
44 47
44 62
44 37
45 4
45 72
45 75
45 16
45 49
45 63
46 2
46 23
46 26
46 27
46 28
46 33
46 36
46 39
46 41
46 43
46 49
46 62
46 65
46 66
46 67
46 69
46 74
46 77
46 78
46 85
46 86
46 87
47 65
47 2
47 4
47 70
47 38
47 39
47 40
47 73
47 71
47 13
47 46
47 17
47 87
47 24
47 57
47 28
47 31
48 32
48 36
48 70
48 76
48 52
48 22
49 32
49 65
49 45
49 5
49 72
49 77
49 15
49 20
49 23
49 57
49 69
50 34
50 35
50 4
50 37
50 40
50 41
50 10
50 44
50 66
50 16
50 72
50 53
50 67
50 84
50 21
50 23
50 36
50 29
50 31
51 4
51 69
51 71
51 39
51 13
51 48
51 20
51 87
51 68
51 37
51 5
52 65
52 33
52 11
52 13
52 48
52 49
52 55
52 61
52 63
53 65
53 2
53 68
53 1
53 9
53 10
53 39
53 77
53 81
53 66
53 62
54 74
54 76
54 86
54 71
55 84
55 66
55 43
55 4
55 22
56 73
56 34
56 62
56 38
57 32
57 65
57 11
57 4
57 39
57 73
57 75
57 77
57 45
57 17
57 57
58 64
58 74
58 5
58 31
59 0
59 66
59 4
59 69
59 71
59 9
59 81
59 52
59 62
59 37
59 30
59 31
60 65
60 37
60 41
60 15
60 52
60 86
60 79
60 60
60 61
61 68
61 14
61 87
62 69
62 71
62 43
62 76
62 13
62 77
62 48
62 81
62 82
62 85
62 30
63 0
63 4
63 69
63 71
63 10
63 13
63 48
63 81
63 20
63 86
63 55
63 57
63 49
63 28
64 34
64 3
64 40
64 2
64 13
64 83
64 62
65 72
65 44
65 45
66 0
66 37
66 39
66 41
66 10
66 75
66 76
66 13
66 81
66 82
66 57
67 1
67 2
67 68
67 73
67 74
67 11
67 44
67 13
67 45
67 21
67 36
67 60
67 53
68 33
68 2
68 35
68 4
68 69
68 6
68 49
68 72
68 42
68 66
68 77
68 17
68 82
68 52
68 21
69 40
69 33
69 44
69 37
69 6
70 0
70 33
70 66
70 35
70 68
70 69
70 6
70 48
70 64
70 76
70 10
70 11
70 44
70 16
70 49
70 53
70 54
70 71
70 60
70 63
71 54
71 74
71 75
71 78
71 15
71 17
71 22
71 23
71 57
71 87
71 47
71 31
72 32
72 1
72 3
72 69
72 81
72 39
72 40
72 47
72 79
72 12
72 13
72 78
72 45
72 72
72 52
72 53
72 56
72 58
72 27
72 28
72 31
73 0
73 33
73 34
73 70
73 74
73 44
73 50
73 82
73 83
73 21
73 55
73 60
73 62
74 65
74 39
74 40
74 42
74 75
74 13
74 79
74 85
74 55
74 53
75 35
75 44
75 85
75 6
76 1
76 6
76 43
76 77
76 83
76 60
77 33
77 67
77 5
77 12
77 79
77 59
78 67
78 69
78 75
78 76
78 16
78 35
78 52
78 86
78 55
78 28
78 30
79 67
79 49
79 73
79 76
79 16
79 17
79 35
79 21
79 54
79 57
79 31
80 68
80 22
81 45
82 45
83 48
83 83
84 65
84 75
84 73
84 42
84 11
84 76
84 13
84 41
85 0
85 34
85 71
85 75
85 12
85 77
85 46
85 83
85 52
85 86
85 55
85 31
86 41
86 66
86 17
86 6
86 79
87 32
87 64
87 2
87 36
87 5
87 38
87 9
87 42
87 44
87 45
87 77
87 76
87 66
87 22
87 54
87 30
