88
0 49
0 42
0 51
1 32
1 6
1 39
1 40
1 9
1 61
1 79
1 20
1 53
1 56
1 58
1 47
1 29
2 79
3 9
3 19
3 76
3 15
4 52
5 32
5 1
5 2
5 4
5 37
5 65
5 39
5 60
5 42
5 70
5 21
5 54
5 68
5 27
5 28
5 74
5 69
6 69
6 61
7 65
7 34
7 4
7 69
7 38
7 40
7 41
7 49
7 83
7 86
7 27
7 29
8 65
8 35
8 37
8 46
8 79
8 83
8 20
8 85
8 54
8 56
8 60
8 61
8 53
9 65
9 5
9 38
9 40
9 10
9 12
9 79
9 49
9 18
9 83
9 55
9 47
9 30
9 51
10 32
10 65
10 34
10 51
10 7
10 40
10 9
10 44
10 48
10 83
10 53
10 60
10 29
11 54
11 34
11 83
11 18
11 38
12 0
12 32
12 34
12 4
12 69
12 39
12 40
12 10
12 43
12 13
12 46
12 47
12 51
12 54
12 36
13 34
13 5
13 40
13 10
13 76
13 77
13 46
13 61
13 48
13 78
13 42
13 21
13 55
13 79
13 29
13 69
14 65
14 34
14 35
14 69
14 51
14 10
14 61
14 76
14 13
14 79
14 17
14 83
14 21
14 29
15 32
15 41
15 42
15 53
16 32
16 51
16 34
16 66
16 64
16 41
16 43
16 45
16 61
16 19
16 20
16 53
16 86
16 25
16 79
16 29
16 52
17 65
17 68
17 54
17 43
17 20
17 86
17 25
17 27
17 61
18 64
18 33
18 68
18 49
18 48
18 74
18 78
18 15
18 16
18 17
18 83
18 85
18 24
18 42
19 68
19 65
19 67
19 4
19 49
19 39
19 40
19 41
19 75
19 12
19 13
19 14
19 15
19 17
19 85
19 25
19 29
20 64
20 82
20 7
20 9
20 10
20 39
20 60
20 13
20 47
20 17
20 18
20 52
20 21
20 71
20 28
20 61
21 64
21 34
21 35
21 49
21 39
21 46
21 47
21 17
21 20
21 86
23 32
23 65
23 2
23 4
23 86
23 39
23 9
23 34
23 79
23 48
23 49
23 20
23 21
23 54
23 41
23 58
23 53
24 83
24 3
24 69
24 6
24 9
24 43
24 60
24 13
24 78
24 45
24 48
24 82
24 35
24 20
24 87
24 25
24 28
24 31
25 32
25 19
25 36
25 39
25 40
25 75
25 13
25 15
25 83
25 87
25 24
25 47
26 0
26 4
26 71
26 60
26 76
26 45
26 15
26 49
26 83
26 84
26 22
26 23
26 68
26 28
27 10
27 35
28 67
28 68
28 69
28 72
28 41
28 79
28 76
28 13
28 15
28 18
28 21
28 86
28 57
28 25
28 59
28 28
28 29
29 64
29 65
29 34
29 59
29 69
29 41
29 42
29 2
29 60
29 48
29 83
29 52
29 21
29 54
29 27
29 28
29 53
30 65
30 69
30 46
30 83
30 53
30 27
31 4
31 40
31 41
31 13
31 46
31 61
31 48
31 17
31 51
31 53
31 23
31 24
31 60
31 29
32 51
32 47
33 64
34 32
34 7
34 41
34 42
34 13
34 79
34 49
34 19
34 21
34 86
34 56
34 25
34 60
34 29
35 64
35 32
35 35
35 9
35 10
35 78
35 17
35 82
35 21
35 56
35 29
35 53
36 19
36 35
36 4
36 86
36 9
36 13
36 15
36 83
36 20
36 22
36 69
37 33
37 35
37 54
37 40
37 15
37 48
37 83
37 20
37 86
37 27
37 28
37 61
38 40
38 42
38 47
39 32
39 65
39 1
39 12
39 78
39 51
39 52
40 32
40 64
40 70
40 8
40 12
40 13
40 77
40 15
40 83
40 20
40 21
40 87
40 25
40 47
40 52
41 34
41 78
41 79
41 83
41 20
41 21
41 56
41 58
41 60
42 51
42 4
42 37
42 40
42 41
42 42
42 83
42 55
42 68
42 58
42 60
43 32
43 1
43 2
43 65
43 9
43 42
43 60
43 77
43 47
43 15
43 18
43 20
43 53
43 54
43 27
43 28
43 85
44 64
44 65
44 34
44 4
44 32
44 60
44 13
44 17
44 26
44 27
44 28
44 61
45 6
45 40
45 41
45 42
45 13
45 48
46 79
47 34
47 68
47 70
47 39
47 40
47 46
47 79
47 48
47 17
47 4
47 60
47 29
48 64
48 51
48 69
48 8
48 9
48 60
48 79
48 48
48 83
48 20
48 41
48 27
48 28
48 37
49 35
49 38
49 15
49 42
49 79
49 51
49 53
49 54
49 58
49 27
49 60
50 32
50 35
50 68
50 49
50 39
50 40
50 60
50 86
50 61
50 17
50 20
50 53
50 22
50 28
50 29
51 68
51 69
51 72
51 60
51 76
51 18
51 79
51 17
51 50
51 53
51 86
51 73
51 27
51 28
51 29
52 72
52 34
54 32
54 48
54 4
54 84
54 64
54 41
54 10
54 61
54 15
54 16
54 17
54 18
54 51
54 20
54 53
54 86
54 25
54 47
54 60
54 29
55 32
55 11
56 68
56 40
56 73
56 74
56 15
56 19
57 32
57 64
57 34
57 35
57 68
57 37
57 65
57 40
57 42
57 45
57 77
57 61
57 80
57 49
57 78
57 29
57 5
58 65
58 41
58 49
58 18
58 51
58 54
58 27
59 32
59 64
59 69
59 40
59 41
59 43
59 60
59 78
59 15
59 18
59 83
59 25
59 28
59 29
59 31
60 32
60 64
60 35
60 4
60 49
60 68
60 39
60 60
60 15
60 48
60 17
60 51
60 21
60 86
60 24
60 25
60 26
60 47
60 28
60 85
60 53
61 64
61 1
61 66
61 35
61 4
61 69
61 65
61 72
61 73
61 42
61 43
61 45
61 18
61 51
61 85
61 57
61 71
61 60
61 29
62 53
63 60
63 54
64 64
64 83
64 67
64 68
64 39
64 9
64 10
64 71
64 13
64 79
64 42
64 20
64 41
64 58
64 29
65 64
65 69
65 39
65 40
65 41
65 17
65 18
65 51
65 20
65 53
65 86
65 9
65 28
65 85
66 51
66 20
67 0
67 51
67 4
67 54
67 6
67 9
67 82
67 83
67 86
67 24
67 25
67 60
68 65
68 49
68 7
68 40
68 41
68 44
68 13
68 15
68 17
68 83
68 84
68 25
68 79
68 28
68 29
68 30
70 64
70 32
70 3
70 51
70 40
70 9
70 42
70 76
70 49
70 83
70 21
70 73
70 27
71 27
72 32
72 35
72 69
72 8
72 41
72 42
72 45
72 47
72 80
72 17
72 51
72 20
72 54
72 84
72 79
72 29
73 32
73 34
73 9
73 42
73 61
73 47
73 48
73 19
73 21
73 58
73 28
73 29
73 53
74 66
74 69
74 70
74 43
74 44
74 51
74 85
74 27
75 35
75 69
75 87
76 64
76 48
76 4
76 54
76 72
76 60
76 16
76 40
76 18
76 51
76 21
76 86
76 27
76 28
77 41
77 34
77 27
78 32
78 68
78 39
78 72
78 10
78 79
78 48
78 40
78 20
78 53
78 28
78 61
79 1
79 61
79 65
79 40
79 13
79 47
79 18
79 20
79 53
79 54
79 55
79 25
79 28
79 29
80 40
80 34
80 21
81 25
82 65
82 39
82 45
82 18
82 51
82 53
82 28
82 29
83 51
83 46
83 79
83 18
83 83
83 21
83 23
83 28
83 29
84 32
84 51
84 3
84 38
84 42
84 18
84 78
84 82
84 35
84 84
84 53
84 25
85 73
86 1
86 66
86 4
86 39
86 40
86 76
86 13
86 79
86 83
86 20
86 56
86 47
86 60
87 32
87 1
87 35
87 6
87 65
87 9
87 60
87 47
87 80
87 49
87 82
87 83
87 20
87 53
87 41
87 25
87 79
87 28
