88
1 55
1 54
1 71
4 0
4 80
4 34
4 67
4 36
4 86
4 71
4 73
4 44
4 66
4 79
4 76
4 22
4 55
4 68
4 26
4 61
4 30
5 0
5 2
5 6
5 7
5 8
5 9
5 11
5 16
5 26
5 35
5 36
5 39
5 40
5 44
5 46
5 52
5 54
5 61
5 62
5 66
5 69
5 72
5 73
5 82
5 83
5 86
5 87
6 2
6 7
6 9
6 15
6 16
6 22
6 23
6 26
6 31
6 32
6 33
6 35
6 36
6 44
6 46
6 48
6 49
6 52
6 53
6 54
6 55
6 65
6 66
6 68
6 69
6 71
6 76
6 79
6 80
11 0
11 3
11 7
11 8
11 9
11 11
11 26
11 36
11 40
11 44
11 46
11 49
11 54
11 55
11 61
11 66
11 71
11 73
11 76
11 79
11 80
11 85
11 86
11 87
12 9
12 11
12 15
12 22
12 27
12 32
12 35
12 40
12 42
12 44
12 47
12 49
12 54
12 57
12 62
12 65
12 66
12 69
12 71
12 72
12 76
12 80
12 83
12 84
12 86
13 9
13 22
13 26
13 35
13 36
13 39
13 40
13 42
13 44
13 49
13 53
13 54
13 55
13 59
13 61
13 62
13 66
13 67
13 69
13 70
13 71
13 73
13 76
13 80
13 82
13 83
13 87
15 39
15 44
15 71
16 66
16 35
16 76
16 15
16 53
16 22
16 55
16 31
18 26
18 7
18 46
18 6
18 71
19 0
19 7
19 8
19 9
19 15
19 20
19 22
19 27
19 31
19 34
19 35
19 36
19 44
19 46
19 53
19 66
19 69
19 72
19 73
19 76
19 79
19 86
19 87
23 0
23 2
23 3
23 7
23 9
23 23
23 26
23 27
23 31
23 35
23 36
23 46
23 49
23 53
23 61
23 62
23 66
23 67
23 70
23 71
23 73
23 76
23 77
23 79
23 83
23 86
29 0
29 2
29 7
29 8
29 9
29 11
29 15
29 22
29 26
29 31
29 33
29 35
29 36
29 40
29 44
29 47
29 49
29 52
29 53
29 54
29 62
29 73
29 76
29 77
30 0
30 1
30 2
30 6
30 9
30 11
30 15
30 20
30 22
30 27
30 35
30 36
30 39
30 40
30 44
30 46
30 49
30 53
30 54
30 55
30 61
30 70
30 71
30 72
30 73
30 79
30 80
30 81
30 86
32 0
32 7
32 9
32 11
32 15
32 22
32 30
32 35
32 38
32 39
32 44
32 46
32 49
32 56
32 61
32 62
32 65
32 72
32 73
32 76
32 77
32 83
32 84
32 86
37 1
37 6
37 7
37 8
37 9
37 22
37 26
37 27
37 28
37 34
37 36
37 44
37 46
37 49
37 52
37 53
37 54
37 55
37 61
37 65
37 66
37 67
37 69
37 72
37 76
37 87
38 0
38 2
38 6
38 7
38 8
38 15
38 22
38 25
38 26
38 27
38 30
38 31
38 34
38 35
38 36
38 39
38 42
38 44
38 46
38 49
38 53
38 54
38 55
38 67
38 69
38 71
38 72
38 73
38 76
38 83
38 87
41 0
41 8
41 15
41 22
41 26
41 31
41 34
41 35
41 41
41 44
41 45
41 46
41 49
41 53
41 54
41 55
41 62
41 65
41 66
41 67
41 68
41 79
41 83
41 87
43 0
43 6
43 7
43 9
43 15
43 22
43 26
43 27
43 31
43 33
43 35
43 36
43 39
43 44
43 49
43 52
43 53
43 54
43 55
43 61
43 65
43 66
43 69
43 71
43 76
43 77
43 79
43 80
43 86
49 0
49 1
49 2
49 9
49 22
49 26
49 31
49 34
49 35
49 36
49 40
49 46
49 49
49 53
49 54
49 57
49 59
49 62
49 65
49 66
49 67
49 71
49 72
49 76
49 81
49 82
49 83
49 84
49 86
50 0
50 1
50 36
50 72
50 9
50 44
50 47
50 87
50 62
52 2
52 8
52 9
52 11
52 15
52 22
52 25
52 26
52 34
52 35
52 36
52 46
52 49
52 53
52 55
52 56
52 61
52 66
52 69
52 71
52 73
52 76
52 83
52 84
52 86
57 0
57 1
57 9
57 15
57 22
57 26
57 31
57 34
57 36
57 40
57 44
57 47
57 49
57 52
57 53
57 54
57 55
57 62
57 65
57 66
57 73
57 84
57 86
59 1
59 3
59 8
59 9
59 11
59 15
59 25
59 27
59 30
59 31
59 36
59 39
59 40
59 42
59 44
59 46
59 53
59 54
59 55
59 61
59 62
59 67
59 71
59 76
59 79
59 83
59 85
59 86
59 87
60 0
60 2
60 6
60 7
60 15
60 22
60 23
60 25
60 31
60 34
60 35
60 36
60 44
60 46
60 49
60 53
60 54
60 55
60 56
60 61
60 67
60 68
60 69
60 71
60 72
60 73
60 76
60 79
60 83
60 86
61 33
61 35
61 36
61 54
61 39
61 80
61 73
61 44
61 15
61 76
61 49
61 83
61 52
61 22
61 55
61 26
61 86
61 62
61 31
62 0
62 6
62 7
62 11
62 15
62 16
62 22
62 26
62 27
62 34
62 35
62 36
62 44
62 46
62 49
62 54
62 55
62 61
62 65
62 66
62 69
62 70
62 71
62 72
62 83
62 86
63 0
63 66
63 69
63 7
63 73
63 47
63 49
63 53
64 0
64 3
64 7
64 8
64 15
64 22
64 26
64 31
64 38
64 44
64 46
64 47
64 48
64 49
64 53
64 55
64 57
64 61
64 65
64 66
64 67
64 71
64 76
64 77
64 79
65 0
65 1
65 2
65 7
65 9
65 15
65 22
65 25
65 26
65 30
65 33
65 35
65 36
65 44
65 45
65 52
65 53
65 54
65 55
65 57
65 61
65 62
65 66
65 67
65 73
65 80
65 83
65 86
67 0
67 80
67 66
67 35
67 54
67 71
67 8
67 9
67 44
67 76
67 49
67 67
67 22
67 55
67 25
67 26
67 86
67 69
67 31
69 2
69 8
69 9
69 15
69 22
69 23
69 26
69 31
69 36
69 39
69 40
69 45
69 46
69 53
69 54
69 55
69 59
69 61
69 66
69 67
69 71
69 73
69 76
69 77
69 80
69 82
69 83
69 86
69 87
74 0
74 7
74 9
74 15
74 22
74 25
74 30
74 33
74 34
74 35
74 36
74 46
74 49
74 54
74 55
74 65
74 71
74 73
74 76
74 79
74 82
74 83
74 86
75 0
75 7
75 11
75 15
75 23
75 30
75 31
75 34
75 36
75 44
75 49
75 52
75 53
75 54
75 57
75 62
75 65
75 66
75 69
75 71
75 73
75 79
75 80
75 86
76 0
76 8
76 11
76 15
76 25
76 26
76 34
76 35
76 36
76 38
76 39
76 40
76 44
76 46
76 53
76 54
76 62
76 67
76 71
76 72
76 73
76 76
76 77
76 79
76 83
82 0
82 9
82 15
82 23
82 25
82 26
82 31
82 33
82 35
82 36
82 44
82 46
82 47
82 49
82 52
82 53
82 54
82 65
82 68
82 70
82 71
82 73
82 76
82 84
82 85
82 86
82 87
83 0
83 7
83 9
83 21
83 22
83 26
83 31
83 34
83 35
83 40
83 41
83 44
83 46
83 47
83 53
83 55
83 61
83 62
83 71
83 72
83 73
83 76
83 83
84 0
84 2
84 6
84 8
84 9
84 11
84 15
84 26
84 31
84 34
84 35
84 36
84 38
84 46
84 49
84 52
84 53
84 54
84 62
84 66
84 67
84 69
84 70
84 73
84 76
84 82
84 83
84 84
84 86
86 1
86 7
86 8
86 9
86 22
86 35
86 36
86 44
86 45
86 47
86 52
86 53
86 55
86 56
86 57
86 65
86 66
86 71
86 72
86 73
86 76
86 79
86 82
86 86
86 87
