88
0 32
0 80
0 4
0 81
0 71
0 72
0 73
0 48
0 49
0 20
0 54
0 55
0 56
0 52
0 59
0 63
1 72
1 66
1 67
1 50
2 70
3 64
3 67
3 4
3 37
3 39
3 87
3 78
3 48
3 81
3 51
3 20
3 21
3 22
3 23
3 61
3 31
4 72
4 70
4 71
6 48
6 87
6 51
6 39
7 35
7 68
7 70
7 39
7 42
7 44
7 13
7 46
7 45
7 80
7 82
7 51
7 52
7 53
7 55
7 84
7 30
8 64
8 33
8 66
8 4
8 69
8 38
8 71
8 73
8 76
8 13
8 77
8 81
8 84
8 86
8 26
8 79
8 70
8 30
9 34
10 82
10 28
10 78
11 72
11 4
11 36
12 66
12 67
12 4
12 38
12 71
12 72
12 74
12 43
12 76
12 77
12 50
12 21
12 87
12 28
12 61
12 31
13 64
13 66
13 35
13 4
13 71
13 72
13 13
13 80
13 50
13 83
13 21
13 57
13 59
13 61
13 31
16 66
17 71
18 33
18 22
18 75
18 45
18 13
18 54
19 84
19 66
19 67
19 68
19 70
19 39
19 41
19 10
19 75
19 80
19 49
19 19
19 52
19 21
19 9
19 56
19 57
19 87
20 66
20 72
20 75
20 76
20 47
20 80
20 50
20 19
20 52
20 87
20 83
20 57
21 24
21 51
22 32
22 66
22 70
22 6
22 13
22 77
22 83
22 84
22 25
22 38
22 61
22 31
23 32
23 73
23 24
24 32
24 67
24 3
24 38
24 73
24 43
24 13
24 46
24 77
24 51
24 84
24 78
24 54
24 55
24 58
24 60
25 65
25 2
25 35
25 68
25 6
25 38
25 39
25 9
25 43
25 60
25 82
25 47
25 49
25 75
25 51
25 67
25 28
26 32
26 39
26 79
26 83
26 84
26 53
26 22
26 59
26 60
27 65
27 49
27 48
27 73
27 74
27 75
27 76
27 46
27 80
27 81
27 22
27 30
28 64
28 51
28 35
28 4
28 37
28 9
28 76
28 79
28 81
28 50
28 83
28 56
28 36
28 28
29 32
29 35
29 37
29 72
29 9
29 13
29 82
29 84
29 21
29 22
29 56
29 61
29 30
30 32
30 33
30 66
30 75
30 68
30 37
30 38
30 65
30 64
30 43
30 13
30 80
30 50
30 52
30 71
30 59
31 64
31 67
31 40
31 75
31 80
31 49
31 82
31 30
32 30
32 21
32 46
32 38
32 71
33 49
33 83
33 46
34 51
34 35
34 36
34 71
34 72
34 41
34 10
34 75
34 47
34 80
34 19
34 52
34 22
34 31
35 2
35 35
35 6
35 39
35 9
35 42
35 13
35 47
35 19
35 87
35 57
35 59
35 30
36 32
36 33
36 68
36 70
36 40
36 9
36 76
36 45
36 64
36 81
36 50
36 83
36 20
36 24
36 52
36 27
37 34
37 67
37 86
37 71
37 10
37 43
37 77
37 47
37 80
37 19
37 52
37 21
37 54
37 55
37 87
37 61
37 62
38 34
38 67
38 68
38 39
38 9
38 43
38 77
38 71
38 81
38 82
38 19
38 22
38 58
38 59
38 61
38 31
39 66
39 35
39 4
39 70
39 76
39 13
39 78
39 47
39 30
41 64
41 67
41 61
41 46
42 51
42 34
42 71
42 72
42 41
42 76
42 66
42 50
42 19
42 52
42 22
42 57
42 24
42 25
42 59
43 67
43 4
43 37
43 70
43 74
43 43
43 76
43 13
43 80
43 50
43 84
43 21
43 25
43 75
43 53
44 2
44 52
44 45
44 30
45 82
45 43
45 46
46 32
46 35
46 67
46 68
46 51
46 72
46 9
46 76
46 47
46 19
46 84
46 52
46 61
46 31
47 64
47 0
47 35
47 36
47 48
47 72
47 75
47 80
47 43
47 50
47 19
47 52
47 21
47 61
48 32
48 66
48 67
48 4
48 71
48 9
48 75
48 76
48 46
48 48
48 82
48 22
48 55
48 56
49 66
49 67
49 38
49 9
49 76
49 47
49 48
49 81
49 83
49 21
49 22
49 57
49 31
50 34
50 4
50 71
50 73
50 75
50 81
50 19
50 84
50 54
50 87
50 56
50 27
50 30
51 64
51 68
51 73
51 76
51 77
51 47
51 81
51 82
51 52
51 57
51 27
52 80
52 35
52 39
52 40
52 73
52 10
52 71
52 78
52 48
52 81
52 19
52 53
52 87
52 24
52 25
52 58
52 27
52 61
53 32
53 33
53 66
53 35
53 64
53 9
53 10
53 43
53 47
53 49
53 83
53 52
53 73
53 24
53 84
53 59
53 60
53 31
54 4
54 84
55 19
55 49
55 75
55 61
56 24
56 52
56 78
56 46
57 64
57 6
57 38
57 39
57 46
57 47
57 48
57 81
57 82
57 83
57 84
57 21
57 22
57 55
57 24
57 58
57 37
58 4
58 9
58 10
58 49
58 54
58 55
59 32
59 2
59 70
59 10
59 47
59 80
59 82
59 19
59 52
59 53
59 22
59 87
59 84
59 59
59 60
59 29
59 31
60 32
60 64
60 66
60 35
60 6
60 71
60 72
60 45
60 46
60 47
60 82
60 67
60 20
60 54
60 87
60 27
60 31
61 82
61 83
61 45
61 54
61 55
62 49
62 10
62 51
62 70
63 49
64 32
64 64
64 4
64 37
64 38
64 9
64 10
64 75
64 77
64 47
64 19
64 21
64 55
64 56
64 87
64 74
64 53
65 65
65 35
65 4
65 41
65 10
65 43
65 82
65 48
65 87
65 50
65 19
65 20
65 55
65 24
65 36
65 26
65 75
65 29
66 19
66 43
66 75
66 22
66 46
67 65
67 10
67 31
67 22
67 41
68 64
68 57
68 87
68 38
68 39
69 80
69 24
69 22
69 79
70 31
70 76
70 45
70 21
71 51
71 75
71 70
71 80
71 73
71 79
71 43
71 44
71 13
71 47
71 48
71 50
71 19
71 57
71 59
72 64
72 27
72 77
72 47
73 33
73 34
73 65
73 39
73 40
73 43
73 48
73 49
73 84
73 21
73 54
73 55
73 24
73 25
73 81
73 62
73 53
74 35
74 68
74 40
74 73
74 43
74 76
74 80
74 83
74 52
74 57
74 87
74 4
74 36
74 31
75 80
75 43
75 47
76 65
76 34
76 35
76 72
76 10
76 83
76 46
76 48
76 50
76 19
76 22
76 55
76 57
76 60
77 45
77 67
77 4
77 73
77 10
77 76
77 77
77 13
77 49
77 84
77 87
77 24
77 47
77 31
78 32
78 64
78 67
78 4
78 70
78 11
78 76
78 45
78 46
78 48
78 49
78 82
78 83
78 57
78 27
78 61
79 34
79 35
79 4
79 37
79 70
79 41
79 79
79 60
79 66
79 47
79 76
79 49
79 51
79 84
79 55
79 59
79 28
79 30
80 64
80 33
80 67
80 37
80 38
80 39
80 10
80 71
80 13
80 78
80 81
80 82
80 19
80 56
80 25
80 59
80 30
81 72
81 49
81 10
81 84
81 82
82 64
82 38
82 70
82 71
82 9
82 76
82 45
82 19
82 56
83 32
83 33
83 66
83 70
83 38
83 39
83 64
83 74
83 87
83 83
83 52
83 21
83 22
83 55
83 24
83 30
83 31
84 0
84 66
84 73
84 82
84 9
84 30
85 37
85 38
85 71
85 10
85 43
85 13
85 77
85 80
85 81
85 51
85 84
85 24
85 58
85 79
85 61
85 31
86 65
86 34
86 59
86 70
86 38
86 2
86 78
86 48
86 81
86 67
86 21
86 22
86 87
86 27
86 60
86 31
87 34
87 4
87 69
87 38
87 72
87 73
87 43
87 76
87 78
87 48
87 81
87 82
87 83
87 20
87 54
87 55
87 57
87 61
