88
0 64
0 75
0 69
0 70
0 39
0 73
0 42
0 43
0 78
0 45
0 14
0 51
0 52
0 21
0 24
0 27
1 0
1 80
1 75
1 4
1 57
2 3
2 5
2 9
2 75
2 35
2 55
2 57
2 26
2 37
4 64
4 67
4 70
4 75
4 77
4 18
4 35
4 55
4 60
6 0
6 4
6 5
6 8
6 14
6 26
6 31
6 37
6 38
6 39
6 42
6 43
6 47
6 51
6 52
6 53
6 55
6 56
6 60
6 69
6 71
6 72
6 74
6 75
6 80
6 87
7 64
7 35
7 4
7 69
7 38
7 72
7 14
7 18
7 51
7 21
7 56
7 27
7 63
9 65
9 2
9 38
9 39
9 81
9 18
9 27
9 60
10 64
10 2
10 67
10 5
10 63
10 74
10 12
10 14
10 18
10 78
10 87
10 56
10 27
10 60
10 37
11 51
11 35
11 38
11 39
11 55
11 77
11 45
11 18
11 3
11 87
11 31
12 0
12 2
12 4
12 69
12 39
12 72
12 9
12 74
12 18
12 51
12 55
12 25
12 27
12 63
13 71
13 43
13 47
13 56
13 57
13 27
13 60
13 61
16 2
16 4
16 14
16 18
16 23
16 26
16 27
16 31
16 35
16 42
16 43
16 48
16 51
16 55
16 61
16 64
16 72
16 73
16 78
16 79
16 80
16 87
17 0
17 21
17 60
17 45
17 53
19 65
19 74
19 4
19 12
20 0
20 33
20 2
20 35
20 4
20 65
20 75
20 9
20 71
20 12
20 78
20 47
20 87
20 81
20 18
20 57
20 24
20 25
20 26
20 27
20 31
21 33
21 4
21 5
21 38
21 65
21 73
21 74
21 87
21 44
21 70
21 79
21 48
21 18
21 53
21 23
21 60
24 69
24 39
24 8
24 75
24 12
24 77
24 72
24 18
24 51
24 55
24 24
24 57
24 87
24 27
24 60
24 31
28 48
28 57
29 0
29 64
29 2
29 3
29 4
29 39
29 71
29 12
29 14
29 47
29 80
29 81
29 18
29 78
29 56
29 57
29 26
29 60
29 61
29 63
30 9
30 2
31 33
31 3
31 38
31 74
31 75
31 12
31 45
31 14
31 79
31 80
31 35
31 52
31 55
31 27
32 0
32 64
32 37
32 38
32 71
32 72
32 43
32 70
32 14
32 81
32 18
32 53
32 23
32 60
32 61
33 0
33 4
33 5
33 9
33 12
33 14
33 18
33 23
33 24
33 27
33 31
33 38
33 42
33 43
33 52
33 55
33 61
33 63
33 70
33 73
33 74
33 75
34 33
34 37
34 71
34 8
34 14
34 18
35 0
35 64
35 2
35 4
35 38
35 71
35 9
35 42
35 75
35 12
35 78
35 80
35 18
35 57
35 23
35 56
35 25
35 26
35 60
35 61
35 63
36 0
36 33
36 2
36 75
36 4
36 37
36 70
36 65
36 64
36 43
36 14
36 47
36 51
36 52
36 57
36 23
36 24
36 55
36 71
36 27
36 61
37 64
37 0
37 69
37 65
37 8
37 55
37 14
37 80
37 87
37 57
37 27
37 63
38 4
38 39
38 43
38 51
38 52
38 53
38 87
38 57
38 27
39 64
39 8
39 74
39 44
39 14
39 81
39 27
39 61
40 12
40 18
40 23
40 24
40 25
40 35
40 38
40 39
40 51
40 53
40 55
40 57
40 60
40 61
40 64
40 67
40 69
40 74
40 75
40 77
40 78
40 79
41 0
41 80
41 35
41 74
41 14
41 47
41 48
41 51
41 78
41 54
41 55
41 57
41 27
41 60
41 61
41 31
42 8
42 25
42 18
42 14
43 64
43 4
43 37
43 39
43 72
43 74
43 78
43 8
43 52
43 57
43 27
43 42
44 0
44 2
44 4
44 8
44 14
44 21
44 26
44 27
44 31
44 33
44 37
44 38
44 43
44 48
44 51
44 52
44 53
44 55
44 56
44 60
44 61
44 64
44 71
44 72
44 79
44 81
44 87
45 33
45 67
45 35
45 69
45 70
45 8
45 9
45 74
45 43
45 77
45 14
45 47
45 72
45 75
45 51
45 55
45 25
45 87
45 27
45 60
45 61
46 0
46 65
46 2
46 4
46 37
46 39
46 75
46 12
46 53
46 55
46 56
46 57
46 26
46 27
47 0
47 3
47 4
47 8
47 14
47 18
47 27
47 35
47 38
47 39
47 43
47 47
47 55
47 57
47 60
47 61
47 64
47 67
47 70
47 71
47 74
47 75
47 79
47 80
47 87
48 0
48 2
48 4
48 8
48 12
48 14
48 21
48 23
48 35
48 37
48 39
48 43
48 48
48 53
48 55
48 56
48 61
48 65
48 71
48 73
48 74
48 75
48 78
48 80
48 87
49 0
49 67
49 5
49 54
50 4
50 39
50 43
50 12
50 55
50 27
50 61
50 63
52 0
52 33
52 2
52 35
52 4
52 37
52 39
52 73
52 45
52 14
52 18
52 25
52 27
52 60
52 61
53 0
53 35
53 8
53 12
53 45
53 51
53 31
55 64
55 37
55 39
55 74
55 14
55 51
55 52
55 87
55 24
55 57
56 0
56 4
56 75
56 81
56 52
56 23
56 56
56 60
57 64
57 77
57 80
57 52
57 53
57 55
57 27
57 61
58 64
58 2
58 67
58 39
58 8
58 12
58 77
58 78
58 81
58 3
58 52
58 55
58 27
58 61
62 64
62 35
62 4
62 5
62 39
62 72
62 73
62 74
62 43
62 12
62 47
62 48
62 18
62 51
62 52
62 53
62 55
62 56
62 25
62 60
62 37
63 64
63 33
63 4
63 5
63 8
63 55
63 12
63 77
63 79
63 51
63 87
63 27
63 61
63 37
66 2
66 4
66 8
66 14
66 18
66 23
66 25
66 26
66 27
66 33
66 39
66 43
66 45
66 51
66 54
66 57
66 61
66 67
66 74
66 79
66 80
66 81
66 87
67 2
67 9
67 12
67 18
67 21
67 23
67 24
67 25
67 27
67 42
67 51
67 52
67 55
67 56
67 65
67 69
67 70
67 72
67 73
67 74
67 77
67 79
67 81
67 87
68 8
68 81
68 51
70 64
70 33
70 18
70 14
72 64
72 67
72 4
72 71
72 73
72 39
72 18
72 51
73 64
73 0
73 67
73 47
73 75
73 44
73 14
73 79
73 48
73 18
73 21
73 27
73 61
74 0
74 38
74 39
74 9
74 74
74 43
74 78
74 61
74 55
74 42
75 57
75 18
75 12
75 87
76 0
76 14
76 18
76 21
76 24
76 25
76 26
76 38
76 39
76 53
76 55
76 57
76 60
76 61
76 64
76 65
76 69
76 70
76 72
76 73
76 75
76 77
76 80
76 87
77 64
77 33
77 75
77 4
77 5
77 70
77 39
77 9
77 71
77 12
77 77
77 56
77 21
77 54
77 55
77 24
77 87
77 63
77 81
77 53
78 64
78 4
78 69
78 38
78 72
78 9
78 14
78 18
78 51
79 64
79 71
79 73
79 75
79 44
79 14
79 18
79 51
79 55
79 57
79 27
82 64
82 77
82 14
82 81
82 23
82 27
82 60
82 61
83 2
83 3
83 4
83 5
83 8
83 9
83 14
83 18
83 27
83 31
83 33
83 42
83 43
83 45
83 52
83 53
83 55
83 57
83 60
83 61
83 64
83 65
83 67
83 79
83 81
84 64
84 65
84 75
84 4
84 5
84 8
84 9
84 74
84 43
84 44
84 14
84 80
84 18
84 51
84 73
84 23
84 26
84 27
84 60
86 3
86 4
86 5
86 14
86 18
86 27
86 39
86 43
86 44
86 48
86 51
86 54
86 55
86 60
86 61
86 64
86 65
86 67
86 69
86 71
86 73
86 74
86 75
86 78
86 79
86 87
87 25
87 27
87 70
87 55
