88
0 64
0 1
0 2
0 3
0 4
0 37
0 9
0 11
0 78
0 18
0 35
0 20
0 22
0 57
0 28
0 69
1 64
1 1
1 2
1 3
1 4
1 37
1 71
1 9
1 11
1 78
1 18
1 35
1 20
1 22
1 57
1 69
2 1
2 2
2 3
2 4
2 37
2 71
2 9
2 11
2 78
2 35
2 20
2 22
2 57
2 28
2 62
2 69
3 2
3 35
3 4
3 37
3 71
3 9
3 11
3 78
3 16
3 3
3 20
3 22
3 57
3 28
3 62
5 3
5 4
5 37
5 71
5 9
5 78
5 16
5 18
5 35
5 20
5 22
5 57
5 28
5 69
6 3
6 4
6 37
6 71
6 9
6 11
6 16
6 35
6 20
6 22
6 57
6 28
6 62
6 69
7 2
7 3
7 4
7 37
7 71
7 9
7 35
7 20
7 22
7 57
7 28
7 62
7 69
9 2
9 3
9 69
9 71
9 9
9 11
9 78
9 18
9 35
9 20
9 22
9 57
9 28
9 62
9 37
10 1
10 2
10 3
10 4
10 37
10 71
10 9
10 11
10 78
10 16
10 18
10 35
10 20
10 57
10 28
10 62
10 69
11 2
11 3
11 4
11 69
11 71
11 78
11 18
11 35
11 20
11 22
11 57
11 28
11 37
12 64
12 1
12 2
12 3
12 4
12 37
12 71
12 9
12 11
12 18
12 35
12 20
12 22
12 57
12 28
12 69
13 64
13 3
13 4
13 37
13 71
13 9
13 11
13 78
13 16
13 18
13 35
13 20
13 22
13 57
13 28
13 69
14 35
14 37
14 71
17 2
17 3
17 4
17 37
17 71
17 9
17 16
17 18
17 35
17 20
17 22
17 57
17 28
17 62
17 69
19 64
19 1
19 2
19 3
19 37
19 71
19 9
19 11
19 18
19 35
19 20
19 22
19 57
19 28
19 62
19 69
21 2
21 3
21 4
21 37
21 9
21 11
21 78
21 16
21 18
21 35
21 20
21 22
21 57
21 69
23 3
23 4
23 37
23 71
23 9
23 11
23 16
23 18
23 35
23 20
23 22
23 57
23 28
23 62
25 64
25 1
25 2
25 3
25 4
25 37
25 71
25 9
25 11
25 16
25 18
25 35
25 20
25 22
25 57
25 62
26 3
26 4
26 37
26 71
26 9
26 78
26 18
26 20
26 22
26 57
26 28
26 69
27 2
27 35
27 4
27 69
27 71
27 9
27 3
27 20
27 22
27 57
27 28
27 37
30 1
30 2
30 3
30 4
30 37
30 71
30 9
30 11
30 18
30 35
30 20
30 57
30 28
30 62
30 69
31 3
31 4
31 37
31 71
31 9
31 11
31 16
31 35
31 20
31 22
31 57
31 28
31 69
33 35
33 4
33 37
33 9
33 20
33 57
34 1
34 2
34 3
34 4
34 37
34 71
34 9
34 11
34 18
34 35
34 20
34 22
34 57
34 28
34 62
34 69
35 64
35 3
35 4
35 37
35 71
35 9
35 11
35 18
35 35
35 20
35 22
35 57
35 28
35 62
35 69
36 2
36 3
36 4
36 37
36 71
36 9
36 11
36 78
36 16
36 18
36 35
36 22
36 57
36 28
36 62
36 69
38 1
38 2
38 3
38 4
38 37
38 71
38 9
38 11
38 16
38 18
38 35
38 20
38 22
38 57
38 28
38 62
38 69
39 64
39 2
39 3
39 4
39 37
39 71
39 11
39 35
39 20
39 22
39 57
39 62
40 2
40 3
40 4
40 69
40 71
40 9
40 11
40 35
40 20
40 22
40 57
40 28
40 62
41 1
41 2
41 3
41 4
41 69
41 71
41 9
41 11
41 16
41 18
41 35
41 20
41 22
41 57
41 62
41 37
42 2
42 35
42 4
42 37
42 71
42 9
42 11
42 18
42 20
42 22
42 57
42 28
42 69
44 2
44 3
44 4
44 69
44 71
44 9
44 11
44 16
44 18
44 35
44 20
44 22
44 57
44 28
45 2
45 3
45 4
45 69
45 71
45 9
45 11
45 16
45 18
45 35
45 20
45 22
45 57
45 28
46 64
46 2
46 3
46 4
46 37
46 71
46 9
46 11
46 78
46 18
46 35
46 20
46 22
46 57
46 28
46 69
47 1
47 2
47 3
47 4
47 37
47 71
47 9
47 11
47 78
47 16
47 35
47 20
47 22
47 57
47 62
47 69
48 64
48 1
48 3
48 4
48 37
48 71
48 9
48 11
48 35
48 20
48 22
48 57
48 28
48 69
49 2
49 3
49 4
49 69
49 71
49 9
49 11
49 16
49 18
49 35
49 20
49 22
49 57
49 28
50 1
50 2
50 35
50 4
50 37
50 71
50 9
50 11
50 78
50 16
50 20
50 22
50 57
50 28
50 62
50 69
51 64
51 2
51 3
51 4
51 37
51 71
51 9
51 11
51 18
51 35
51 20
51 22
51 57
51 28
51 62
51 69
52 3
52 4
52 37
52 71
52 9
52 11
52 78
52 18
52 35
52 20
52 22
52 57
52 28
52 69
53 1
53 2
53 3
53 4
53 37
53 71
53 9
53 11
53 16
53 20
53 22
53 57
53 28
53 62
53 69
54 3
54 4
54 69
54 9
54 35
54 20
54 57
55 64
55 2
55 3
55 4
55 37
55 71
55 11
55 78
55 16
55 18
55 35
55 20
55 22
55 57
55 28
55 69
56 1
56 2
56 3
56 4
56 37
56 71
56 9
56 11
56 18
56 20
56 22
56 57
56 28
56 69
58 3
58 4
58 37
58 71
58 9
58 11
58 18
58 35
58 20
58 22
58 57
58 28
58 69
59 28
59 37
59 22
59 71
60 1
60 2
60 3
60 4
60 37
60 71
60 9
60 11
60 78
60 16
60 18
60 35
60 20
60 22
60 57
60 62
60 69
61 64
61 3
61 4
61 37
61 71
61 9
61 18
61 35
61 20
61 22
63 1
63 2
63 3
63 4
63 37
63 71
63 11
63 16
63 18
63 35
63 20
63 22
63 57
63 28
63 69
65 3
65 4
65 37
65 71
65 9
65 11
65 16
65 35
65 22
65 57
65 28
65 69
67 3
67 4
67 37
67 71
67 11
67 16
67 18
67 35
67 20
67 22
67 57
67 28
67 62
67 69
68 64
68 1
68 2
68 3
68 4
68 37
68 71
68 9
68 16
68 18
68 35
68 20
68 22
68 57
68 28
68 69
70 2
70 35
70 4
70 69
70 71
70 9
70 16
70 18
70 3
70 20
70 22
70 57
70 28
70 37
72 1
72 35
72 4
72 37
72 71
72 9
72 11
72 78
72 16
72 18
72 3
72 20
72 22
72 57
72 62
72 69
73 3
73 4
73 37
73 71
73 9
73 11
73 78
73 16
73 18
73 35
73 20
73 22
73 57
73 62
73 69
75 35
75 37
75 71
75 9
75 20
75 57
76 64
76 1
76 2
76 35
76 4
76 69
76 9
76 11
76 78
76 3
76 20
76 22
76 57
76 28
76 62
76 37
77 1
77 2
77 3
77 4
77 37
77 71
77 9
77 78
77 16
77 35
77 20
77 22
77 57
77 28
77 62
77 69
79 3
79 37
79 71
79 9
79 11
79 78
79 16
79 18
79 35
79 20
79 22
79 57
79 28
79 69
80 57
81 64
81 2
81 3
81 4
81 37
81 71
81 9
81 11
81 16
81 18
81 35
81 20
81 22
81 57
81 62
81 69
83 1
83 2
83 3
83 4
83 37
83 71
83 9
83 11
83 35
83 20
83 22
83 57
83 28
84 35
84 4
84 22
85 2
85 35
85 4
85 37
85 71
85 9
85 11
85 78
85 20
85 22
85 57
85 28
85 62
85 69
86 3
86 4
86 69
86 71
86 9
86 11
86 78
86 18
86 35
86 20
86 22
86 57
86 28
86 62
