88
0 2
0 6
0 43
0 34
0 18
0 86
0 57
0 59
0 61
1 1
1 5
1 80
1 19
1 84
1 57
1 61
2 66
2 5
2 39
2 10
2 49
2 18
2 60
3 75
3 79
3 18
3 19
3 86
3 27
4 6
4 70
4 9
4 75
4 80
4 50
5 33
5 5
5 75
5 57
5 30
5 69
6 48
6 2
6 36
6 5
6 71
6 9
6 76
6 16
6 49
6 18
6 84
6 57
6 37
7 42
7 13
7 38
8 32
8 1
8 5
8 6
8 75
8 80
8 50
8 22
9 34
9 68
9 5
9 71
9 8
9 42
9 16
9 84
9 53
10 36
10 69
10 12
10 45
10 16
10 50
10 19
10 55
10 24
10 25
10 60
11 67
11 4
11 5
11 39
11 11
11 12
11 22
11 24
11 29
12 1
12 39
12 74
12 79
12 50
12 54
12 42
13 4
13 6
13 13
13 79
13 84
13 25
14 65
14 3
14 4
14 6
14 9
14 74
14 75
14 11
14 17
14 18
14 55
14 36
14 27
15 32
15 48
15 36
15 37
15 6
15 9
15 10
15 13
15 16
15 17
15 18
15 21
15 22
15 55
15 24
15 27
15 30
16 0
16 3
16 4
16 38
16 6
16 9
16 10
16 43
16 13
16 78
16 16
16 75
16 56
16 26
16 27
17 0
17 65
17 2
17 5
17 38
17 9
17 42
17 44
17 34
17 16
17 17
17 31
18 36
18 71
18 74
18 43
18 13
18 19
19 36
19 11
19 13
19 18
19 22
19 24
19 57
20 65
20 3
20 37
20 6
20 39
20 38
20 9
20 10
20 75
20 16
20 49
20 50
20 51
20 56
20 57
20 27
21 32
21 2
21 67
21 4
21 5
21 6
21 38
21 73
21 34
21 49
21 84
21 55
21 24
21 72
21 27
22 11
22 36
22 6
22 75
22 13
22 29
23 64
23 4
23 6
23 71
23 72
23 41
23 39
23 13
23 55
23 24
23 25
23 28
23 31
24 2
24 36
24 6
24 39
24 9
24 74
24 43
24 48
24 50
24 19
24 84
24 52
25 80
25 2
25 67
25 38
25 42
25 11
25 16
25 51
25 24
25 27
25 30
26 32
26 67
26 36
26 5
26 6
26 11
26 16
26 18
26 38
26 60
26 29
27 65
28 65
28 2
28 36
28 38
28 39
28 80
28 66
28 16
28 50
28 52
28 48
29 64
29 1
29 2
29 67
29 6
29 42
29 13
29 21
29 87
29 25
29 58
30 48
30 34
30 5
30 71
30 73
30 74
30 43
30 13
30 16
30 18
30 53
30 26
30 27
31 68
31 38
31 70
31 71
31 9
31 10
31 11
31 44
31 78
31 86
31 28
32 2
32 39
32 9
32 80
32 17
32 18
32 24
32 27
33 4
33 6
33 38
33 9
33 56
33 36
33 61
34 67
34 37
34 43
34 17
34 50
34 84
34 21
34 28
34 63
35 64
35 6
35 74
35 43
35 13
35 16
35 57
35 21
35 55
35 24
35 25
35 10
36 43
36 36
36 9
36 75
36 13
36 55
37 36
37 10
37 75
37 79
37 18
37 19
37 55
37 42
38 1
38 2
38 38
38 9
38 16
38 24
39 5
39 9
39 74
39 80
39 18
39 19
40 7
40 10
40 43
40 77
40 46
40 50
40 19
41 65
41 4
41 5
41 71
41 73
41 75
41 12
41 16
41 17
41 61
42 66
42 9
42 13
42 49
42 57
42 31
43 32
43 39
43 13
43 52
43 54
43 60
44 32
44 1
44 34
44 36
44 5
44 65
44 8
44 9
44 43
44 77
44 64
44 19
44 52
44 73
44 29
44 31
45 80
45 50
45 5
45 11
45 13
45 16
45 17
45 18
45 19
45 84
45 87
45 24
45 30
46 64
46 51
46 2
46 69
46 38
46 73
46 10
46 11
46 80
46 19
46 55
46 27
47 0
47 64
47 2
47 43
47 71
47 9
47 42
47 75
47 13
47 57
48 36
48 5
48 39
48 43
48 12
48 13
48 57
48 27
49 64
49 33
49 2
49 5
49 65
49 10
49 43
49 66
49 77
49 18
49 52
49 21
49 55
49 24
49 57
49 61
50 1
50 2
50 3
50 12
50 19
50 84
50 57
51 67
51 5
51 70
51 7
51 9
51 75
51 16
51 54
52 1
52 4
52 72
52 10
52 12
52 79
52 80
52 68
52 27
52 74
52 30
52 36
53 32
53 1
53 37
53 6
53 38
53 11
53 78
53 49
53 50
53 19
53 52
53 56
53 24
53 57
53 27
53 72
54 38
54 70
54 41
54 10
54 75
54 76
54 42
54 22
54 57
54 28
54 29
54 31
55 4
55 38
55 10
55 75
55 80
55 55
55 24
56 2
56 68
56 71
56 8
56 10
56 39
56 84
56 54
56 55
56 57
56 26
56 27
56 30
57 65
57 5
57 16
57 7
57 80
57 17
57 18
57 84
57 22
57 55
57 57
57 27
58 36
58 39
58 13
58 80
58 87
58 27
59 33
59 2
59 5
59 73
59 10
59 66
59 16
59 49
59 50
59 51
59 20
59 54
59 27
60 5
60 74
60 75
60 20
60 24
60 84
61 4
61 5
61 38
61 71
61 75
61 17
61 19
61 20
61 57
61 29
61 63
62 65
62 67
62 4
62 37
62 6
62 39
62 10
62 18
62 36
62 28
62 42
62 63
63 0
63 48
63 66
63 68
63 6
63 71
63 8
63 9
63 10
63 16
63 74
63 54
63 56
63 57
63 60
63 42
64 55
65 66
65 50
65 36
65 38
65 7
65 74
65 11
65 13
65 17
65 18
65 19
65 56
65 57
65 61
65 67
66 64
66 4
66 39
66 76
66 13
66 49
66 50
66 52
66 24
66 36
67 65
67 2
67 4
67 38
67 6
67 7
67 10
67 39
67 17
67 18
67 74
67 55
67 84
67 71
67 42
68 33
68 5
68 75
68 80
68 17
68 21
68 57
68 53
69 0
69 1
69 4
69 5
69 51
69 33
69 9
69 10
69 75
69 12
69 77
69 80
69 50
69 19
69 55
69 24
69 70
70 67
70 68
70 37
70 6
70 39
70 9
70 42
70 75
70 16
70 50
70 55
70 4
70 28
71 32
71 2
71 5
71 6
71 39
71 41
71 16
71 19
71 84
71 55
71 38
72 32
72 69
72 39
72 63
72 10
72 55
72 13
72 16
72 87
72 24
72 57
72 27
72 31
73 1
73 2
73 43
73 36
73 71
73 8
73 41
73 75
73 13
73 16
73 87
73 24
73 27
74 65
74 2
74 35
74 36
74 38
74 6
74 1
74 13
74 79
74 80
74 24
75 56
75 66
75 4
75 2
75 13
76 32
76 65
76 5
76 33
76 40
76 17
76 21
76 28
77 43
77 36
77 5
77 49
77 8
77 73
77 87
77 79
77 16
77 17
77 18
77 53
77 55
78 4
78 70
78 6
78 8
78 75
78 13
78 50
78 19
78 20
78 55
78 25
78 29
79 65
79 2
79 68
79 74
79 49
79 50
79 19
79 86
79 4
80 32
80 1
80 2
80 33
80 74
80 80
80 50
80 84
80 57
80 55
80 52
81 65
81 2
81 4
81 38
81 73
81 74
81 43
81 19
81 22
81 9
81 36
81 10
81 55
82 32
82 80
82 43
82 36
82 5
82 39
82 11
82 44
82 78
82 16
82 50
82 67
82 21
82 68
82 26
83 48
83 57
83 27
83 4
83 31
84 38
84 74
84 50
84 19
84 27
84 60
84 31
85 65
85 34
85 5
85 33
85 16
85 57
85 30
86 4
86 9
86 10
86 11
86 76
86 44
86 48
86 84
86 22
86 59
87 0
87 65
87 34
87 36
87 38
87 33
87 74
87 19
87 84
87 56
87 57
87 27
87 30
