88
0 32
0 66
0 3
0 69
0 41
0 44
0 46
0 18
0 67
0 84
0 78
0 73
0 57
0 25
0 61
0 63
1 3
1 13
1 18
1 25
1 26
1 27
1 30
1 40
1 43
1 48
1 51
1 57
1 58
1 62
1 63
1 66
1 67
1 69
1 71
1 72
1 73
1 74
1 75
1 78
1 87
2 18
2 20
2 25
2 26
2 30
2 40
2 42
2 44
2 46
2 50
2 55
2 57
2 58
2 61
2 63
2 65
2 66
2 67
2 71
2 73
2 74
2 75
2 78
2 84
2 87
4 75
4 13
4 30
5 67
5 13
5 55
5 27
5 61
5 62
7 32
7 66
7 36
7 72
7 41
7 55
7 44
7 45
7 78
7 40
7 62
7 87
7 26
7 30
8 3
8 13
8 20
8 25
8 26
8 27
8 30
8 38
8 40
8 42
8 43
8 45
8 50
8 55
8 57
8 62
8 63
8 65
8 69
8 70
8 71
8 73
8 75
8 87
9 64
9 3
9 55
9 13
9 46
9 45
9 62
9 57
9 25
9 26
9 58
9 30
10 3
10 13
10 16
10 18
10 25
10 30
10 32
10 40
10 42
10 44
10 45
10 46
10 48
10 50
10 55
10 58
10 61
10 62
10 63
10 65
10 66
10 67
10 70
10 71
10 74
10 84
10 87
11 66
11 67
11 70
11 38
11 71
11 42
11 13
11 78
11 45
11 20
11 62
11 87
11 57
11 26
11 30
11 63
12 32
12 66
12 3
12 68
12 71
12 40
12 73
12 42
12 45
12 48
12 72
12 67
12 55
12 58
12 27
12 30
14 3
14 13
14 18
14 20
14 26
14 27
14 30
14 32
14 36
14 38
14 40
14 42
14 48
14 57
14 58
14 60
14 67
14 70
14 72
14 74
14 78
14 84
17 32
17 3
17 70
17 40
17 41
17 42
17 87
17 13
17 48
17 18
17 67
17 62
17 73
17 55
17 57
17 26
17 27
17 61
17 30
17 63
19 3
19 13
19 18
19 20
19 26
19 38
19 40
19 41
19 42
19 43
19 45
19 46
19 55
19 58
19 61
19 63
19 66
19 67
19 69
19 70
19 74
19 75
19 87
21 3
21 13
21 15
21 20
21 25
21 26
21 30
21 32
21 40
21 43
21 44
21 46
21 55
21 57
21 59
21 61
21 63
21 65
21 66
21 67
21 70
21 71
21 72
21 73
21 78
22 32
22 65
22 87
22 36
22 69
22 70
22 71
22 41
22 74
22 43
22 46
22 61
22 48
22 57
22 55
22 62
22 25
22 26
22 27
22 58
22 30
23 32
23 3
23 74
23 71
23 40
23 41
23 42
23 48
23 50
23 20
23 55
23 57
23 26
23 60
23 58
23 62
26 32
26 48
26 3
26 69
26 84
26 71
26 72
26 41
26 13
26 61
26 16
26 20
26 57
26 26
26 58
26 30
26 63
28 66
28 67
28 71
28 40
28 44
28 13
28 46
28 50
28 55
28 61
28 62
33 3
33 20
33 26
33 27
33 32
33 40
33 41
33 42
33 45
33 48
33 57
33 58
33 61
33 63
33 65
33 66
33 67
33 69
33 70
33 72
33 73
33 74
33 78
33 84
34 3
34 13
34 18
34 20
34 25
34 26
34 27
34 32
34 38
34 41
34 43
34 46
34 48
34 52
34 55
34 57
34 58
34 61
34 62
34 63
34 65
34 67
34 69
34 71
34 74
34 75
34 78
34 87
35 3
35 18
35 26
35 30
35 32
35 36
35 38
35 40
35 41
35 42
35 44
35 45
35 46
35 48
35 51
35 55
35 61
35 62
35 63
35 67
35 70
35 71
35 73
35 75
35 78
35 84
35 87
37 3
37 13
37 18
37 25
37 27
37 30
37 40
37 42
37 44
37 46
37 52
37 55
37 57
37 61
37 62
37 67
37 69
37 70
37 71
37 72
37 73
37 74
37 84
37 87
39 3
39 13
39 25
39 26
39 27
39 30
39 40
39 41
39 42
39 44
39 45
39 48
39 51
39 55
39 57
39 58
39 62
39 63
39 65
39 67
39 69
39 71
39 75
39 87
43 3
43 36
43 70
43 71
43 40
43 41
43 42
43 87
43 46
43 48
43 72
43 78
43 73
43 26
43 62
46 66
46 69
46 70
46 40
46 41
46 87
46 44
46 45
46 78
46 61
46 72
46 84
46 55
46 25
46 26
46 27
46 58
47 67
47 68
47 71
47 40
47 55
47 13
47 45
47 20
47 87
47 57
47 26
47 29
47 30
47 63
49 64
49 66
49 3
49 36
49 70
49 40
49 41
49 75
49 44
49 46
49 61
49 78
49 67
49 20
49 62
49 55
49 25
49 87
49 29
49 30
52 66
52 3
52 69
52 71
52 72
52 73
52 13
52 15
52 67
52 24
52 27
52 61
52 62
53 3
53 13
53 18
53 27
53 29
53 30
53 36
53 41
53 42
53 44
53 55
53 57
53 58
53 61
53 64
53 65
53 67
53 70
53 71
53 74
53 75
53 78
53 84
53 87
54 3
54 13
54 20
54 27
54 30
54 32
54 38
54 40
54 41
54 42
54 44
54 45
54 46
54 48
54 55
54 57
54 61
54 62
54 63
54 65
54 69
54 71
54 73
54 75
54 78
54 80
54 87
55 65
55 67
55 70
55 38
55 71
55 40
55 74
55 62
55 13
55 72
55 57
55 55
55 25
55 30
55 63
56 3
56 13
56 18
56 20
56 25
56 26
56 30
56 32
56 36
56 38
56 40
56 41
56 43
56 45
56 46
56 51
56 55
56 57
56 59
56 60
56 62
56 63
56 65
56 66
56 67
56 69
56 73
56 80
57 65
57 66
57 3
57 40
57 42
57 43
57 13
57 48
57 72
57 20
57 87
57 57
57 58
57 61
57 63
61 40
61 74
61 75
61 44
61 45
61 51
61 57
61 55
61 25
61 26
61 27
61 30
61 63
62 32
62 3
62 71
62 41
62 74
62 46
62 61
62 67
62 87
62 57
62 26
62 42
62 62
63 66
63 3
63 36
63 41
63 44
63 13
63 78
63 50
63 84
63 87
63 25
63 26
63 27
63 63
66 65
66 67
66 71
66 74
66 87
66 13
66 46
66 45
66 18
66 51
66 78
66 55
66 57
66 58
66 27
71 32
71 70
71 40
71 73
71 74
71 87
71 46
71 16
71 50
71 20
71 55
71 52
71 26
71 62
71 63
76 32
76 65
76 3
76 38
76 70
76 40
76 42
76 45
76 50
76 67
76 57
76 26
76 27
76 62
77 65
77 67
77 71
77 40
77 73
77 74
77 43
77 78
77 87
77 72
77 75
77 62
77 55
77 25
77 26
77 58
77 30
77 63
78 66
78 87
78 71
78 40
78 73
78 43
78 44
78 46
78 72
78 18
78 20
78 78
78 55
78 57
78 26
78 63
79 3
79 13
79 18
79 20
79 25
79 27
79 30
79 32
79 36
79 40
79 41
79 44
79 57
79 62
79 65
79 66
79 67
79 70
79 72
79 73
79 75
79 87
81 3
81 13
81 18
81 20
81 26
81 27
81 30
81 45
81 51
81 55
81 57
81 58
81 62
81 63
81 66
81 67
81 70
81 71
81 72
81 73
81 78
81 84
82 13
82 18
82 25
82 26
82 27
82 30
82 32
82 36
82 42
82 43
82 44
82 45
82 46
82 48
82 55
82 61
82 65
82 66
82 67
82 72
82 73
82 87
83 65
83 18
83 30
83 38
83 70
85 65
85 45
85 87
86 32
86 3
86 69
86 70
86 72
86 42
86 44
86 45
86 46
86 74
86 57
86 24
86 25
86 27
86 61
86 62
87 66
87 3
87 71
87 41
87 42
87 87
87 44
87 13
87 46
87 45
87 67
87 78
87 55
87 57
87 27
87 74
87 30
87 63
