88
1 1
1 3
1 6
1 8
1 13
1 20
1 23
1 28
1 29
1 32
1 33
1 34
1 36
1 38
1 40
1 42
1 43
1 45
1 48
1 51
1 67
1 71
1 73
1 74
1 76
1 77
1 82
1 83
1 86
4 0
4 6
4 8
4 10
4 13
4 18
4 19
4 20
4 23
4 32
4 33
4 34
4 36
4 38
4 41
4 42
4 45
4 52
4 53
4 60
4 62
4 65
4 66
4 68
4 71
4 72
4 74
4 77
4 83
7 1
7 8
7 9
7 19
7 20
7 23
7 29
7 32
7 33
7 34
7 43
7 45
7 48
7 52
7 53
7 60
7 66
7 74
7 77
7 80
7 81
7 82
7 83
7 84
7 86
8 1
8 8
8 10
8 19
8 23
8 32
8 33
8 36
8 38
8 43
8 45
8 51
8 52
8 53
8 55
8 57
8 58
8 60
8 65
8 66
8 68
8 76
8 77
8 82
8 83
8 86
9 1
9 9
9 13
9 19
9 20
9 23
9 24
9 32
9 33
9 34
9 36
9 38
9 40
9 41
9 42
9 43
9 45
9 55
9 57
9 66
9 68
9 71
9 74
9 76
9 79
9 81
9 83
9 86
9 87
11 1
11 6
11 9
11 19
11 23
11 24
11 33
11 34
11 40
11 41
11 43
11 45
11 51
11 56
11 60
11 62
11 67
11 71
11 74
11 77
11 83
11 86
11 87
12 6
12 8
12 13
12 19
12 20
12 32
12 34
12 36
12 38
12 39
12 40
12 41
12 42
12 43
12 51
12 53
12 55
12 56
12 60
12 66
12 70
12 71
12 76
12 77
12 79
12 82
12 83
12 86
12 87
13 0
13 6
13 9
13 10
13 13
13 19
13 23
13 33
13 34
13 36
13 38
13 42
13 45
13 48
13 52
13 55
13 58
13 74
13 76
13 81
13 82
13 83
13 87
15 60
15 13
17 1
17 6
17 10
17 13
17 19
17 29
17 30
17 32
17 33
17 34
17 38
17 40
17 43
17 48
17 55
17 60
17 66
17 71
17 74
17 77
17 79
17 81
17 82
17 83
17 86
17 87
19 6
19 8
19 9
19 13
19 23
19 24
19 32
19 33
19 34
19 36
19 37
19 40
19 43
19 45
19 46
19 57
19 71
19 73
19 77
19 79
19 81
19 82
19 86
19 87
21 1
21 2
21 6
21 8
21 13
21 20
21 23
21 30
21 33
21 34
21 38
21 40
21 42
21 45
21 48
21 55
21 56
21 61
21 63
21 66
21 71
21 72
21 74
21 81
21 82
21 83
21 87
28 0
28 1
28 2
28 6
28 8
28 19
28 24
28 29
28 30
28 32
28 33
28 36
28 37
28 38
28 39
28 52
28 53
28 55
28 57
28 58
28 62
28 66
28 68
28 76
28 77
28 82
28 83
28 86
28 87
29 0
29 1
29 6
29 8
29 19
29 20
29 32
29 33
29 34
29 36
29 38
29 40
29 42
29 43
29 45
29 51
29 52
29 53
29 57
29 58
29 60
29 71
29 77
29 81
29 82
29 83
29 84
29 86
29 87
30 0
30 1
30 2
30 6
30 8
30 13
30 32
30 33
30 34
30 38
30 39
30 40
30 42
30 45
30 48
30 52
30 53
30 58
30 62
30 66
30 74
30 76
30 83
30 86
33 0
33 32
33 34
33 38
33 6
33 33
33 40
33 74
33 71
33 76
33 13
33 45
33 48
33 51
33 84
33 86
33 23
33 83
33 27
33 79
33 65
37 0
37 6
37 13
37 19
37 20
37 23
37 29
37 32
37 33
37 34
37 37
37 38
37 40
37 45
37 52
37 53
37 55
37 65
37 66
37 68
37 73
37 76
37 81
37 83
37 87
38 0
38 1
38 6
38 13
38 19
38 24
38 29
38 30
38 33
38 34
38 36
38 38
38 45
38 58
38 62
38 76
38 77
38 79
38 81
38 82
38 83
38 85
38 86
38 87
40 6
40 9
40 13
40 19
40 20
40 23
40 25
40 30
40 32
40 33
40 36
40 37
40 42
40 45
40 46
40 52
40 55
40 58
40 60
40 62
40 65
40 66
40 71
40 76
40 77
40 87
41 0
41 1
41 6
41 13
41 19
41 23
41 33
41 34
41 36
41 40
41 41
41 42
41 43
41 52
41 57
41 62
41 64
41 66
41 68
41 73
41 74
41 76
41 77
41 81
41 82
41 84
41 86
41 87
42 1
42 6
42 8
42 13
42 20
42 23
42 24
42 32
42 34
42 36
42 38
42 40
42 50
42 52
42 53
42 58
42 60
42 66
42 68
42 71
42 74
42 82
42 83
42 87
43 0
43 1
43 5
43 6
43 13
43 20
43 23
43 32
43 33
43 34
43 36
43 38
43 40
43 42
43 43
43 45
43 48
43 52
43 58
43 59
43 62
43 67
43 68
43 72
43 74
43 76
43 79
43 87
44 0
44 1
44 8
44 9
44 13
44 19
44 20
44 32
44 33
44 36
44 38
44 40
44 42
44 43
44 44
44 45
44 48
44 58
44 60
44 66
44 76
44 79
44 82
44 83
44 85
44 86
44 87
45 1
45 6
45 13
45 20
45 23
45 24
45 30
45 32
45 33
45 42
45 43
45 45
45 52
45 53
45 55
45 60
45 66
45 68
45 71
45 74
45 76
45 77
45 81
45 82
45 83
45 86
45 87
47 1
47 2
47 6
47 13
47 19
47 20
47 24
47 29
47 30
47 32
47 36
47 38
47 40
47 41
47 42
47 43
47 51
47 58
47 60
47 65
47 66
47 67
47 71
47 74
47 76
47 82
50 1
50 9
50 10
50 13
50 19
50 20
50 24
50 29
50 30
50 32
50 33
50 36
50 37
50 38
50 40
50 42
50 43
50 66
50 71
50 74
50 76
50 81
50 83
50 86
50 87
51 1
51 4
51 6
51 9
51 13
51 19
51 23
51 25
51 30
51 32
51 36
51 38
51 42
51 43
51 45
51 48
51 53
51 57
51 58
51 62
51 65
51 66
51 67
51 81
51 82
51 83
51 87
54 42
54 83
54 45
54 62
54 71
56 1
56 8
56 9
56 13
56 23
56 26
56 32
56 33
56 34
56 37
56 39
56 40
56 42
56 45
56 51
56 52
56 53
56 55
56 57
56 58
56 70
56 76
56 77
56 79
56 82
56 83
58 0
58 1
58 2
58 6
58 9
58 19
58 20
58 23
58 24
58 28
58 29
58 32
58 34
58 36
58 40
58 41
58 45
58 46
58 48
58 52
58 60
58 68
58 74
58 76
58 77
58 81
58 82
58 85
58 87
63 1
63 6
63 17
63 20
63 24
63 30
63 32
63 33
63 34
63 38
63 39
63 40
63 42
63 43
63 45
63 50
63 51
63 52
63 53
63 60
63 68
63 74
63 76
63 82
63 83
63 86
63 87
66 1
66 2
66 6
66 8
66 13
66 23
66 24
66 33
66 38
66 40
66 42
66 43
66 45
66 52
66 54
66 55
66 62
66 71
66 74
66 76
66 77
66 79
66 82
66 83
66 86
66 87
67 0
67 1
67 3
67 6
67 20
67 32
67 33
67 36
67 37
67 38
67 42
67 43
67 46
67 52
67 53
67 55
67 57
67 60
67 63
67 68
67 71
67 74
67 76
67 79
67 82
67 83
67 86
67 87
69 0
69 2
69 6
69 13
69 19
69 23
69 24
69 26
69 30
69 32
69 33
69 38
69 40
69 42
69 44
69 45
69 48
69 52
69 55
69 60
69 65
69 66
69 74
69 76
69 77
69 82
69 86
69 87
81 1
81 5
81 6
81 8
81 9
81 10
81 13
81 19
81 20
81 23
81 26
81 29
81 32
81 34
81 36
81 45
81 46
81 52
81 56
81 57
81 60
81 66
81 71
81 72
81 77
81 79
81 81
81 86
81 87
