88
0 59
0 40
0 42
0 15
0 80
0 52
0 53
0 55
0 26
0 27
1 84
1 51
1 66
1 36
1 69
1 38
1 80
1 78
1 46
1 48
1 82
1 19
1 52
1 57
1 55
1 24
1 4
1 61
1 62
2 6
2 76
2 79
2 55
2 25
2 58
3 68
3 70
3 9
3 84
3 86
3 24
3 27
3 60
4 46
5 19
5 66
5 51
5 87
5 57
5 61
5 30
5 63
6 2
6 8
6 87
6 13
6 79
6 82
6 19
6 23
6 57
6 58
6 61
7 65
7 71
7 73
7 10
7 77
7 79
7 82
7 87
7 56
7 26
7 61
8 32
8 65
8 66
8 36
8 6
8 7
8 73
8 82
8 19
8 20
8 57
8 26
8 68
8 61
8 63
9 69
9 42
9 76
9 84
9 21
9 57
9 24
9 25
9 26
9 30
10 64
10 59
10 68
10 69
10 38
10 40
10 44
10 74
10 43
10 12
10 78
10 76
10 81
10 18
10 67
10 86
10 23
10 26
10 27
10 30
11 32
11 51
11 34
11 68
11 72
11 13
11 79
11 80
11 19
11 87
11 57
11 59
11 62
12 64
12 2
12 68
12 70
12 13
12 53
12 24
12 57
12 26
12 60
13 86
13 6
13 8
13 73
13 10
13 78
13 13
13 46
13 48
13 81
13 82
13 20
13 53
13 22
13 55
13 56
13 52
13 74
13 30
15 20
16 71
16 41
16 44
16 77
16 46
16 76
16 52
16 56
17 59
19 65
19 2
19 67
19 38
19 43
19 13
19 19
19 52
19 53
19 55
19 25
20 65
20 66
20 36
20 38
20 39
20 8
20 11
20 13
20 46
20 80
20 40
20 52
20 53
20 87
20 56
20 25
20 61
20 62
21 35
21 69
21 8
21 63
21 10
21 43
21 44
21 20
21 86
21 55
21 58
21 27
21 37
23 72
23 45
23 62
23 61
24 37
24 6
24 7
24 73
24 10
24 71
24 44
24 13
24 77
24 61
24 76
24 20
24 53
24 22
24 74
24 59
24 42
25 65
25 38
25 70
25 74
25 44
25 13
25 48
25 19
25 87
25 42
26 3
26 36
26 37
26 6
26 10
26 44
26 70
26 74
26 51
26 52
26 53
26 86
26 24
26 26
26 60
26 58
27 2
27 68
27 8
27 74
27 43
27 45
27 80
27 50
27 20
27 21
27 24
27 57
27 58
27 63
28 65
28 40
28 12
28 42
28 76
28 44
28 72
28 50
28 19
28 86
28 24
28 58
28 61
28 63
30 24
30 41
30 43
30 57
30 9
31 36
31 86
31 39
31 41
31 44
31 84
31 22
32 36
32 40
32 75
32 46
32 50
32 20
32 24
32 52
33 65
33 3
33 36
33 38
33 6
33 7
33 40
33 74
33 43
33 44
33 77
33 78
33 56
33 50
33 51
33 22
33 23
33 24
33 68
33 60
34 8
34 40
34 36
34 61
34 78
35 34
35 59
35 68
35 37
35 6
35 10
35 75
35 13
35 80
35 87
35 18
35 82
35 52
35 53
35 23
35 56
35 57
35 58
35 38
35 61
35 30
36 40
36 50
36 53
37 68
37 65
37 67
37 36
37 69
37 71
37 10
37 87
37 76
37 18
37 53
37 22
37 55
37 25
37 58
37 42
38 51
38 50
38 43
38 85
38 46
39 64
39 1
39 43
39 11
39 12
39 46
39 23
39 61
40 40
40 33
40 75
40 48
40 7
41 2
41 7
41 43
41 79
41 80
41 19
41 84
41 56
42 34
42 59
42 37
42 6
42 7
42 8
42 41
42 10
42 87
42 13
42 80
42 40
42 18
42 51
42 52
42 53
42 23
42 58
42 27
42 70
42 85
43 36
43 7
43 73
43 43
43 76
43 13
43 46
43 48
43 56
43 50
43 53
43 22
43 24
44 38
46 80
46 82
46 7
46 72
46 41
46 10
46 11
46 13
46 48
46 50
46 20
46 86
46 56
46 57
46 71
46 27
47 2
47 37
47 7
47 40
47 9
47 10
47 44
47 34
47 78
47 79
47 72
47 51
47 84
47 62
47 73
47 30
47 63
48 69
48 86
48 37
49 2
49 3
49 36
49 6
49 41
49 67
49 76
49 49
49 50
49 19
49 20
49 53
49 23
49 68
49 62
50 70
50 6
50 71
50 8
50 9
50 12
50 45
50 78
50 40
50 53
50 24
50 58
50 63
51 56
51 22
51 7
52 58
52 86
52 22
52 37
53 64
53 2
53 36
53 70
53 6
53 71
53 40
53 42
53 76
53 34
53 48
53 51
53 84
53 23
53 25
53 58
53 27
53 30
54 78
55 34
55 74
55 36
55 69
55 70
55 7
55 10
55 82
55 79
55 50
55 52
55 68
55 58
55 59
55 60
55 61
56 3
57 64
57 84
57 70
57 8
57 41
57 10
57 15
57 48
57 82
57 20
57 57
57 86
57 23
57 56
57 25
57 58
57 59
57 42
57 62
58 68
58 6
58 72
58 74
58 13
58 10
58 52
58 58
58 42
59 68
59 6
59 38
59 42
59 18
59 52
59 55
59 26
59 62
60 65
60 66
60 67
60 36
60 37
60 7
60 39
60 44
60 34
60 20
60 86
60 87
60 25
60 58
61 2
61 68
61 69
61 73
61 42
61 11
61 80
61 23
62 73
62 10
62 15
62 48
62 20
62 55
63 64
63 80
63 2
63 66
63 69
63 70
63 40
63 41
63 42
63 87
63 13
63 15
63 48
63 73
63 23
63 68
63 27
63 86
63 74
63 63
64 3
64 8
64 18
64 19
64 20
64 21
64 26
64 30
64 44
64 46
64 52
64 56
64 60
64 64
64 65
64 69
64 70
64 72
64 74
64 76
64 77
64 87
65 32
65 65
65 66
65 43
65 42
65 11
65 18
65 87
66 34
66 67
66 69
66 73
66 42
66 78
66 80
66 46
66 86
67 64
67 34
67 59
67 8
67 74
67 43
67 44
67 48
67 40
67 18
67 51
67 25
67 58
67 27
67 62
69 35
69 38
69 42
69 45
69 46
69 67
69 22
69 57
70 64
70 34
70 40
70 44
70 76
70 60
70 28
71 66
71 68
71 42
71 20
71 87
71 25
71 63
72 67
72 69
72 41
72 10
72 18
72 84
73 64
73 19
73 26
73 67
73 27
74 32
74 51
74 59
74 37
74 6
74 7
74 64
74 46
74 79
74 80
74 50
74 19
74 20
74 21
74 22
74 27
74 60
74 62
74 63
75 64
75 51
75 36
75 69
75 68
75 39
75 76
75 10
75 71
75 44
75 46
75 80
75 81
75 50
75 19
75 52
75 24
75 25
75 30
75 84
76 69
76 70
76 40
76 74
76 76
76 13
76 78
76 48
76 57
76 60
76 37
77 0
77 36
77 69
77 41
77 55
77 52
77 87
77 68
78 2
78 43
78 36
78 37
78 6
78 7
78 41
78 11
78 44
78 80
78 59
78 19
78 20
78 62
78 22
78 73
78 24
78 27
78 30
79 64
79 38
79 6
79 71
79 74
79 11
79 44
79 78
79 61
79 80
79 56
79 19
79 20
79 53
79 24
79 57
79 26
79 79
79 58
79 62
82 82
83 33
83 2
83 38
83 40
83 44
83 79
83 50
83 84
83 21
83 86
83 61
84 34
84 36
84 7
84 74
84 76
84 79
84 80
84 19
84 57
84 25
84 26
84 61
85 68
85 69
85 38
85 11
85 45
85 46
85 51
85 84
85 55
85 27
86 66
86 3
86 69
86 6
86 7
86 72
86 10
86 11
86 70
86 46
86 48
86 43
86 19
86 52
86 87
86 24
86 67
86 59
86 60
86 42
86 63
87 34
87 67
87 68
87 8
87 74
87 43
87 76
87 46
87 18
87 20
87 53
87 86
87 57
87 56
87 52
