88
0 35
0 5
0 41
0 79
0 43
0 12
0 13
0 14
0 47
0 48
0 49
0 75
0 76
0 23
0 55
0 63
0 31
1 0
1 4
1 5
1 38
1 43
1 46
1 22
1 23
1 24
1 55
2 0
2 33
2 34
2 5
2 6
2 44
2 10
2 75
2 12
2 63
2 49
2 57
2 38
2 31
3 0
3 1
3 35
3 32
3 6
3 7
3 41
3 10
3 44
3 14
3 47
3 82
3 19
3 53
3 22
3 23
3 24
3 58
5 36
5 75
5 44
5 48
5 81
5 57
5 28
5 63
6 0
6 68
6 63
6 49
6 53
6 58
6 31
6 85
7 0
7 1
7 2
7 34
7 5
7 38
7 44
7 10
7 12
7 13
7 77
7 47
7 49
7 19
7 24
7 58
7 59
7 70
7 42
7 30
8 1
8 35
8 38
8 9
8 11
8 12
8 46
8 47
8 76
8 17
8 18
8 20
8 22
8 57
8 25
8 75
8 63
9 35
9 38
9 41
9 44
9 14
9 47
9 55
9 63
10 0
10 35
10 40
10 42
10 77
10 47
10 72
10 82
10 53
10 57
10 61
10 62
11 32
11 1
11 2
11 35
11 5
11 70
11 10
11 11
11 77
11 14
11 15
11 48
11 81
11 82
11 52
11 87
11 24
11 57
11 30
11 84
12 48
12 75
12 77
12 80
12 9
12 11
12 13
12 14
12 47
12 16
12 49
12 82
12 19
12 46
12 22
12 41
12 62
12 25
12 28
12 55
12 31
13 65
13 34
13 3
13 33
13 14
13 79
13 16
13 82
13 51
13 87
13 24
13 25
13 26
13 30
14 1
14 3
14 54
14 33
14 16
14 22
14 25
14 58
14 63
14 30
14 31
16 0
16 32
16 35
16 5
16 38
16 49
16 55
16 12
16 14
16 15
16 48
16 17
16 75
16 22
16 23
16 56
16 54
16 86
17 3
17 5
17 15
17 81
17 18
17 58
17 63
17 28
17 30
17 31
18 38
18 6
18 42
18 75
18 12
18 77
18 45
18 80
18 49
18 82
18 19
18 86
18 47
18 63
19 34
19 54
19 38
19 71
19 73
19 42
19 75
19 16
19 49
19 82
19 22
19 26
19 59
19 81
19 58
19 30
19 63
21 0
21 3
21 15
21 16
21 49
21 35
22 0
22 48
22 37
22 38
22 75
22 12
22 13
22 14
22 16
22 21
22 58
22 59
22 28
22 61
23 2
23 75
23 77
23 70
23 71
23 41
23 11
23 12
23 13
23 14
23 45
23 48
23 82
23 51
23 61
23 63
24 1
24 35
24 68
24 5
24 72
24 10
24 43
24 77
24 14
24 18
24 20
24 82
24 55
24 25
24 75
24 42
24 30
24 63
25 32
25 64
25 35
25 70
25 71
25 75
25 43
25 12
25 50
25 51
25 54
25 24
25 26
25 59
25 60
25 30
25 63
26 35
26 41
26 42
26 75
26 47
26 11
26 23
26 57
27 43
28 16
28 36
28 30
29 1
29 35
29 54
29 33
29 41
29 75
29 12
29 77
29 46
29 44
29 16
29 18
29 51
29 22
29 28
29 63
30 1
30 33
30 41
30 82
30 55
30 58
30 61
31 0
31 65
31 35
31 68
31 42
31 12
31 16
31 49
31 19
31 23
31 63
32 52
32 58
32 12
33 56
33 1
35 67
35 10
35 23
35 46
35 55
35 57
35 74
36 48
36 82
36 77
36 8
36 41
36 42
36 43
36 13
36 14
36 47
36 16
36 49
36 18
36 21
36 26
36 30
36 63
37 1
37 38
37 47
37 54
37 25
37 58
37 63
38 9
38 19
38 55
39 48
39 9
39 61
40 0
40 33
40 75
40 48
40 40
40 9
40 42
40 43
40 77
40 14
40 47
40 16
40 18
40 19
40 57
40 63
40 28
40 31
41 0
41 2
41 34
41 4
41 5
41 71
41 42
41 12
41 13
41 14
41 77
41 49
41 18
41 22
41 30
41 63
42 0
42 33
42 75
42 70
42 48
42 9
42 42
42 71
42 76
42 16
42 82
42 19
42 57
42 55
42 25
42 59
42 28
42 31
43 0
43 65
43 35
43 69
43 1
43 9
43 42
43 55
43 12
43 16
43 49
43 23
44 36
44 71
44 11
44 82
44 84
44 57
44 61
44 30
45 0
45 48
45 6
45 80
45 41
45 42
45 75
45 78
45 13
45 77
45 47
45 16
45 17
45 21
45 55
45 24
45 26
45 61
45 30
47 1
47 2
47 65
47 42
47 47
47 81
47 82
47 19
47 20
47 25
47 28
48 1
48 7
48 41
48 16
48 18
48 54
48 28
48 62
49 0
49 6
49 50
49 19
49 85
49 22
49 23
49 59
50 0
50 40
50 44
50 12
50 18
50 19
50 58
51 0
51 48
51 3
51 4
51 9
51 42
51 75
51 16
51 81
52 34
52 71
52 42
52 43
52 12
52 77
52 14
52 49
53 80
53 24
53 82
53 5
53 30
54 3
54 82
54 5
54 6
54 10
54 11
54 12
54 77
54 14
54 15
54 80
54 49
54 75
54 35
54 55
54 58
54 47
54 28
54 31
55 35
55 86
55 72
55 44
55 43
55 12
55 82
55 14
55 47
55 48
55 49
55 75
55 51
55 46
55 22
55 23
55 25
55 58
55 63
56 0
56 49
56 34
56 30
57 0
57 80
57 2
57 5
57 38
57 77
57 42
57 75
57 13
57 14
57 47
57 48
57 82
57 57
57 22
57 55
57 24
57 25
57 63
57 70
57 31
58 1
58 63
58 31
59 44
59 77
59 14
59 16
59 18
59 19
59 22
59 23
59 58
59 30
60 1
60 4
60 33
60 41
60 75
60 15
60 82
60 85
60 54
60 56
60 25
60 47
60 36
60 31
61 36
61 5
61 47
61 19
61 21
61 86
61 55
61 57
61 61
61 31
62 35
62 8
62 9
62 10
62 44
62 48
62 50
62 51
62 22
62 63
62 42
62 31
63 32
63 35
63 37
63 6
63 71
63 40
63 10
63 75
63 78
63 49
63 82
63 67
63 22
63 55
63 58
63 38
63 61
63 30
64 13
65 1
65 34
65 37
65 71
65 42
65 12
65 13
65 47
66 25
67 25
67 4
68 49
68 22
68 23
69 1
69 3
69 71
69 41
69 76
69 13
69 14
69 60
69 18
69 35
69 23
69 57
69 28
70 3
70 70
70 10
70 77
70 15
70 48
70 42
70 31
71 0
71 51
71 35
71 73
71 74
71 48
71 82
71 19
71 22
71 56
71 57
71 63
72 35
72 12
72 49
72 55
72 57
72 58
73 1
73 38
73 23
74 12
74 15
75 0
75 48
75 34
75 5
75 79
75 10
75 87
75 44
75 13
75 45
75 16
75 51
75 55
75 57
75 27
75 42
75 30
76 1
76 38
76 42
76 14
76 47
76 26
76 58
76 31
77 0
77 32
77 35
77 36
77 5
77 10
77 11
77 45
77 47
77 48
77 18
77 23
77 58
77 28
77 74
77 30
77 31
78 0
78 10
79 36
79 10
79 48
79 49
79 18
79 58
79 60
79 30
80 63
80 44
80 13
80 80
80 82
80 51
80 57
80 58
80 59
80 30
80 31
81 0
81 1
81 35
81 82
81 75
81 43
81 61
81 47
81 18
81 54
81 55
81 25
81 26
81 59
81 58
81 30
81 63
82 34
82 75
82 36
82 71
82 8
82 44
82 42
82 11
82 12
82 22
82 58
82 28
82 30
83 33
83 69
83 46
83 47
83 16
83 49
83 22
83 55
84 16
84 58
84 43
84 12
85 33
85 2
85 4
85 10
85 43
85 13
85 14
85 51
85 54
85 55
85 24
85 36
85 59
85 62
86 18
86 58
86 22
87 36
87 9
87 15
87 49
87 22
87 57
