88
0 33
0 74
0 35
0 85
0 87
1 83
1 30
1 70
4 0
4 1
4 6
4 8
4 10
4 13
4 15
4 22
4 24
4 25
4 27
4 30
4 32
4 35
4 39
4 42
4 43
4 45
4 46
4 50
4 54
4 66
4 69
4 72
4 73
4 74
4 79
4 87
5 0
5 5
5 6
5 13
5 15
5 17
5 19
5 24
5 33
5 35
5 38
5 42
5 43
5 45
5 47
5 49
5 55
5 60
5 66
5 73
5 74
5 75
5 79
5 83
5 85
5 86
6 32
6 1
6 83
6 42
6 43
6 13
6 46
6 82
6 51
6 55
6 60
6 30
8 6
8 10
8 22
8 25
8 26
8 27
8 31
8 32
8 34
8 39
8 42
8 43
8 44
8 46
8 47
8 49
8 55
8 60
8 61
8 68
8 69
8 70
8 71
8 72
8 79
8 83
9 32
9 51
9 66
9 5
9 72
9 74
9 44
9 19
9 85
9 60
9 31
10 40
10 13
10 17
10 19
10 85
10 61
11 51
11 34
11 68
11 5
11 38
11 39
11 8
11 10
11 43
11 13
11 46
11 40
11 19
11 85
11 22
11 69
11 25
11 70
11 61
11 30
11 63
12 0
12 1
12 4
12 6
12 8
12 9
12 10
12 13
12 17
12 19
12 27
12 28
12 30
12 33
12 34
12 35
12 39
12 42
12 44
12 50
12 51
12 54
12 68
12 69
12 70
12 73
12 87
13 51
13 66
13 35
13 5
13 6
13 39
13 38
13 10
13 43
13 44
13 19
13 86
13 87
13 25
13 26
13 27
13 60
13 29
14 0
14 5
14 8
14 9
14 19
14 32
14 38
14 40
14 43
14 46
14 47
14 49
14 55
14 60
14 63
14 66
14 68
14 69
14 71
14 74
14 75
14 86
15 0
15 6
15 10
15 13
15 17
15 19
15 22
15 25
15 27
15 33
15 40
15 43
15 51
15 54
15 60
15 61
15 66
15 70
15 72
15 73
15 85
15 87
16 15
17 19
17 34
17 35
17 13
17 55
19 1
19 5
19 6
19 8
19 15
19 17
19 24
19 26
19 33
19 35
19 38
19 39
19 42
19 44
19 45
19 46
19 50
19 51
19 55
19 60
19 63
19 66
19 68
19 71
19 75
19 83
19 85
20 17
20 69
20 6
23 33
23 83
23 5
23 6
23 63
23 72
23 47
23 43
23 46
23 15
23 19
23 87
23 27
23 70
23 30
23 51
26 1
26 8
26 9
26 10
26 13
26 22
26 24
26 26
26 29
26 32
26 33
26 35
26 38
26 39
26 42
26 49
26 50
26 51
26 54
26 60
26 63
26 66
26 68
26 70
26 72
26 80
26 83
26 85
26 86
27 32
27 79
27 38
27 6
27 49
27 8
27 10
27 43
27 15
27 40
27 82
27 51
27 72
27 55
27 24
27 25
27 27
27 42
27 69
27 31
29 17
29 63
30 6
31 73
31 35
31 17
32 9
32 19
32 38
34 1
34 42
34 63
34 70
34 73
35 66
35 68
35 5
35 70
35 10
35 44
35 49
36 1
36 10
36 49
37 9
38 47
38 87
39 71
39 73
39 80
39 51
39 55
39 27
40 32
40 34
40 5
40 70
40 10
40 13
40 79
40 49
40 61
41 0
41 1
41 10
41 13
41 15
41 19
41 24
41 25
41 33
41 34
41 38
41 42
41 44
41 47
41 49
41 50
41 51
41 54
41 60
41 70
41 73
41 79
41 80
41 83
41 85
41 86
42 1
43 1
43 49
43 87
43 5
43 13
44 32
44 40
44 9
44 42
44 43
44 47
45 6
45 8
45 10
45 13
45 15
45 24
45 29
45 30
45 31
45 32
45 33
45 34
45 40
45 46
45 50
45 51
45 60
45 63
45 68
45 69
45 70
45 72
45 74
45 79
45 83
45 87
46 34
46 70
46 72
46 75
46 44
46 61
47 0
47 68
47 5
47 72
47 10
47 46
47 22
47 42
47 69
48 70
48 44
48 45
48 79
48 49
48 25
49 73
49 87
49 51
49 68
49 44
50 10
50 13
50 15
50 17
50 19
50 24
50 25
50 27
50 29
50 30
50 31
50 34
50 38
50 40
50 44
50 45
50 47
50 49
50 51
50 55
50 60
50 61
50 68
50 71
50 73
50 75
50 87
51 1
51 68
51 5
51 38
51 33
51 8
51 9
51 42
51 43
51 46
51 47
51 80
51 72
51 50
51 51
51 85
51 22
51 55
51 74
52 0
52 70
52 39
52 47
52 71
52 45
52 15
52 27
52 63
53 34
53 68
53 5
53 71
53 9
53 10
53 13
53 47
53 17
53 30
54 5
54 9
54 13
54 19
54 22
54 24
54 26
54 34
54 35
54 39
54 40
54 43
54 44
54 45
54 46
54 47
54 50
54 51
54 60
54 68
54 71
54 73
54 74
54 75
54 86
54 87
55 33
55 66
55 87
55 86
55 39
55 8
55 9
55 10
55 83
55 44
55 13
55 45
55 49
55 79
55 73
55 55
55 25
55 26
55 47
56 66
56 4
56 38
56 6
56 8
56 73
56 10
56 44
56 15
56 19
56 74
56 54
56 55
56 24
56 25
56 47
56 60
56 42
56 63
57 32
57 66
57 70
57 9
57 10
57 45
57 50
57 24
57 27
58 1
58 4
58 70
58 13
58 47
58 54
59 32
59 68
59 83
59 35
59 4
59 5
59 70
59 72
59 9
59 44
59 13
59 45
59 80
59 50
59 19
59 73
59 25
59 27
59 61
59 30
62 34
62 35
62 9
62 44
62 45
62 15
62 50
65 0
65 32
65 68
65 5
65 70
65 72
65 43
65 45
65 79
65 80
65 40
65 47
66 32
66 33
66 69
66 70
66 8
66 73
66 10
66 79
66 17
66 50
66 85
66 22
66 27
67 68
67 38
67 71
67 8
67 80
67 72
67 85
67 87
67 61
68 1
68 38
68 8
68 55
68 24
68 63
71 0
71 1
71 34
71 75
71 6
71 39
71 9
71 10
71 43
71 47
71 19
71 73
71 87
71 27
71 30
71 51
72 1
72 5
72 6
72 8
72 13
72 17
72 19
72 24
72 26
72 34
72 38
72 39
72 40
72 44
72 46
72 47
72 51
72 54
72 61
72 68
72 72
72 73
72 74
72 81
72 85
72 87
73 0
73 5
73 6
73 9
73 17
73 19
73 22
73 27
73 33
73 34
73 39
73 43
73 47
73 54
73 55
73 66
73 69
73 70
73 72
73 73
73 74
73 79
73 85
73 86
73 87
74 80
74 50
74 63
74 26
74 47
75 0
75 4
75 9
75 10
75 13
75 15
75 22
75 24
75 25
75 27
75 30
75 33
75 35
75 38
75 40
75 42
75 46
75 51
75 61
75 66
75 69
75 71
75 73
75 79
75 81
75 85
75 87
76 33
76 66
76 74
76 49
76 22
76 87
77 1
77 66
77 4
77 70
77 33
77 9
77 74
77 43
77 44
77 45
77 46
77 47
77 49
77 50
77 51
77 86
77 55
77 68
77 61
78 0
78 1
78 9
78 10
78 13
78 17
78 19
78 26
78 27
78 29
78 30
78 42
78 46
78 47
78 50
78 60
78 66
78 71
78 72
78 73
78 74
78 80
78 87
80 33
80 4
80 69
80 70
80 39
80 72
80 43
80 8
80 51
80 30
84 42
84 44
84 46
84 85
84 25
84 61
85 51
85 5
85 70
85 71
85 8
85 73
85 10
85 44
85 13
85 46
85 61
85 19
85 86
85 69
85 25
85 63
85 42
85 30
85 31
86 6
86 40
86 74
86 10
86 85
86 27
86 29
87 68
87 66
87 75
87 4
87 5
87 70
87 39
87 8
87 42
87 43
87 46
87 50
87 51
87 22
87 87
87 83
87 25
87 71
87 61
87 69
