88
0 27
0 6
1 56
2 0
2 34
2 36
2 37
2 71
2 8
2 74
2 76
2 17
2 18
2 51
2 57
2 60
3 66
3 59
3 36
3 13
3 14
3 86
3 55
3 26
3 27
3 31
4 0
4 67
4 68
4 69
4 70
4 41
4 10
5 64
5 82
5 2
5 59
5 36
5 6
5 71
5 40
5 73
5 42
5 13
5 78
5 47
5 72
5 50
5 79
5 20
5 53
5 57
5 27
5 61
6 0
6 32
6 36
6 6
6 39
6 41
6 10
6 44
6 50
6 51
6 21
6 62
6 63
7 32
7 34
7 3
7 36
7 5
7 6
7 7
7 42
7 39
7 12
7 48
7 75
7 83
7 84
7 55
7 59
7 60
7 37
8 0
8 8
8 13
8 22
8 24
8 26
8 31
8 32
8 34
8 36
8 37
8 40
8 48
8 50
8 51
8 55
8 57
8 59
8 62
8 67
8 70
8 73
8 75
8 79
9 9
9 52
9 55
10 64
10 65
10 66
10 42
10 43
10 61
10 29
10 48
10 58
10 74
11 75
12 1
12 74
12 61
12 31
13 64
13 65
13 2
13 43
13 8
13 41
13 10
13 75
13 50
13 83
13 20
13 21
13 24
14 58
15 24
15 74
15 30
15 22
15 79
16 65
16 4
16 6
16 83
16 25
16 59
17 34
17 12
17 82
17 84
17 87
17 52
17 61
19 0
19 67
19 37
19 38
19 8
19 10
19 14
19 50
19 21
19 57
19 25
19 53
20 75
20 76
20 21
20 61
21 9
21 39
23 0
23 35
23 37
23 6
23 40
23 41
23 74
23 45
23 61
23 52
23 86
23 42
24 0
24 2
24 8
24 13
24 20
24 22
24 23
24 24
24 31
24 36
24 39
24 51
24 52
24 57
24 58
24 64
24 65
24 66
24 68
24 74
24 76
24 78
24 82
25 33
25 38
25 41
25 45
25 13
25 50
25 83
25 58
25 62
25 63
27 66
27 3
27 68
27 37
27 8
27 9
27 10
27 87
27 12
27 86
27 40
27 51
27 22
27 55
27 57
27 26
27 59
27 60
27 62
28 34
28 36
28 12
28 74
28 43
28 76
28 79
28 20
28 55
28 58
28 10
29 1
29 34
29 12
29 42
29 76
29 48
29 82
29 22
29 63
29 28
29 31
30 1
30 6
30 12
30 75
30 76
30 48
30 19
30 9
30 57
30 58
30 63
31 0
31 1
31 64
31 45
31 46
31 48
31 17
31 53
31 55
31 57
31 58
31 60
31 30
32 3
32 36
32 5
32 71
32 40
32 9
32 57
32 11
32 12
32 77
32 48
32 55
32 20
32 41
32 23
32 52
32 26
32 28
32 61
32 30
32 37
33 57
33 75
33 84
33 29
33 20
34 0
34 4
34 55
34 14
34 51
34 21
34 23
34 63
34 31
35 2
35 68
35 70
35 39
35 8
35 17
35 53
35 22
35 23
35 62
36 1
36 3
36 37
36 6
36 63
36 10
36 11
36 14
36 51
36 20
36 52
36 59
36 30
36 31
37 33
37 2
37 67
37 70
37 8
37 9
37 74
37 76
37 34
37 48
37 40
37 50
37 51
37 52
37 41
37 22
37 23
37 57
37 28
37 30
38 66
38 40
38 73
38 48
38 8
38 51
39 0
39 70
39 74
39 50
39 46
39 18
39 53
39 22
39 25
39 42
39 30
39 63
40 1
40 34
40 67
40 66
40 37
40 65
40 8
40 43
40 76
40 13
40 78
40 50
40 51
40 55
40 27
40 29
41 2
41 3
41 13
41 21
41 23
41 27
41 30
41 38
41 39
41 40
41 51
41 52
41 64
41 66
41 67
41 68
41 70
41 72
41 73
41 75
41 78
41 87
42 21
43 64
43 33
43 34
43 68
43 37
43 6
43 65
43 8
43 74
43 75
43 14
43 48
43 49
43 82
43 86
43 87
43 24
43 27
43 60
43 29
43 30
44 0
44 57
44 66
44 67
44 39
44 41
44 10
44 83
44 78
44 42
44 74
44 21
44 55
44 25
44 29
45 0
45 32
45 34
45 35
45 69
45 71
45 72
45 9
45 76
45 13
45 81
45 21
45 54
45 55
45 27
45 30
45 63
46 65
47 35
47 43
47 44
47 14
47 82
47 52
47 55
47 60
47 61
47 31
48 0
48 1
48 35
48 5
48 41
48 43
48 79
48 83
48 57
48 24
48 25
48 61
49 65
49 70
49 6
49 10
49 75
49 13
49 81
49 51
49 52
49 21
49 27
49 63
50 8
50 67
50 78
50 79
51 62
51 75
51 86
51 6
52 64
52 0
52 33
52 6
52 1
52 78
52 49
52 20
52 54
52 57
52 58
52 59
52 60
53 67
53 36
53 38
53 70
53 7
53 72
53 73
53 46
53 20
53 41
54 1
54 75
54 37
54 6
54 39
54 41
54 74
54 71
54 13
54 49
54 83
54 20
54 86
54 87
54 25
54 58
54 30
54 65
55 2
55 67
55 42
55 43
55 84
55 57
55 31
56 77
56 30
56 61
57 0
57 64
57 4
57 72
57 9
57 45
57 14
57 49
57 82
57 83
57 84
57 53
57 26
57 60
57 58
57 31
58 0
58 1
58 5
58 9
58 10
58 12
58 13
58 20
58 31
58 35
58 36
58 37
58 40
58 43
58 51
58 54
58 58
58 59
58 62
58 69
58 72
58 73
58 82
59 73
59 42
59 67
59 50
59 9
60 64
60 65
60 67
60 37
60 6
60 13
60 78
60 81
60 51
60 52
60 46
60 25
61 67
61 6
61 39
61 72
61 73
61 42
61 46
61 8
61 58
61 59
61 62
61 31
62 36
62 5
62 38
62 71
62 76
62 78
62 48
62 82
62 51
62 21
62 86
62 25
62 58
62 29
62 53
63 34
63 3
63 70
63 7
63 8
63 9
63 75
63 79
63 87
63 17
63 41
63 22
63 40
63 72
63 58
63 61
63 31
64 65
64 35
64 37
64 70
64 41
64 42
64 43
64 44
64 54
64 24
65 7
65 12
65 47
65 58
65 27
65 31
66 68
66 2
66 36
66 5
66 71
66 40
66 9
66 74
66 43
66 49
66 50
66 83
66 20
66 85
66 86
66 87
66 25
66 58
66 52
67 0
67 2
67 70
67 8
67 10
67 45
67 84
67 53
67 25
68 65
68 35
68 74
68 45
68 13
68 20
69 40
70 0
70 1
70 34
70 43
70 68
70 5
70 39
70 64
70 9
70 11
70 76
70 13
70 79
70 51
70 86
70 25
70 58
70 61
70 30
71 48
71 73
71 27
71 76
71 86
72 65
72 2
72 75
72 66
72 38
72 39
72 41
72 43
72 12
72 34
72 78
72 21
72 73
72 23
72 25
72 26
72 28
72 31
73 76
73 45
73 13
73 24
73 27
73 61
74 2
74 43
74 40
74 9
74 74
74 11
74 77
74 49
74 62
74 87
74 28
74 42
74 30
74 31
75 32
75 64
75 2
75 67
75 5
75 65
75 11
75 12
75 48
75 17
75 52
75 53
75 86
75 59
75 30
76 67
76 70
76 40
76 76
76 13
76 17
76 59
76 56
76 27
77 51
77 67
77 5
77 70
77 12
77 74
77 76
77 49
77 83
77 59
77 10
77 62
77 63
78 1
78 12
78 76
78 13
78 78
78 55
78 27
79 43
79 76
80 3
81 64
82 64
82 67
82 36
82 39
82 9
82 74
82 45
82 47
82 48
82 21
82 57
82 61
82 62
82 31
83 65
83 37
83 38
83 39
83 8
83 41
83 10
83 77
83 47
83 48
83 40
83 52
83 72
83 27
83 70
83 42
83 81
84 2
85 2
86 32
86 72
86 42
86 50
86 20
86 55
87 1
87 2
87 38
87 71
87 9
87 42
87 34
87 48
87 21
87 31
