88
0 33
0 67
0 65
0 39
0 80
0 41
0 7
0 44
0 13
0 76
0 81
0 50
0 73
0 87
0 27
0 60
0 31
1 33
1 35
1 4
1 60
1 10
1 75
1 13
1 61
1 87
1 85
1 54
1 55
1 24
1 68
1 26
1 59
1 28
1 42
2 32
2 2
2 75
2 68
2 37
2 7
2 41
2 39
2 78
2 81
2 50
2 52
2 21
2 87
2 58
2 27
2 85
3 36
3 54
3 7
3 72
3 41
3 11
3 44
3 78
3 61
3 85
3 22
3 73
3 68
3 26
3 27
3 86
3 58
3 63
4 76
4 75
4 67
4 68
5 36
5 41
5 10
5 75
5 77
5 51
5 52
8 20
9 65
9 66
9 35
9 4
9 37
9 71
9 8
9 11
9 44
9 45
9 40
9 86
9 24
9 36
9 30
9 69
10 20
11 37
11 41
11 74
11 75
11 44
11 77
11 73
11 20
11 22
11 55
11 56
11 84
11 54
11 30
11 31
12 39
13 64
13 66
13 67
13 38
13 39
13 72
13 41
13 42
13 71
13 60
13 81
13 75
13 24
13 27
13 28
13 63
18 80
18 66
18 4
18 5
18 7
18 40
18 44
18 42
18 12
18 77
18 79
18 76
18 18
18 53
18 22
18 60
18 69
18 31
19 81
19 26
19 44
19 77
19 60
20 65
20 67
20 72
20 9
20 10
20 76
20 45
20 79
20 80
20 50
20 85
20 54
20 57
20 60
20 63
21 33
21 5
21 39
21 41
21 10
21 43
21 12
21 77
21 79
21 76
21 81
21 53
21 56
21 26
21 60
21 30
21 31
22 2
22 41
22 42
22 45
22 13
22 51
23 65
23 35
23 4
23 37
23 38
23 43
23 79
23 80
23 18
23 85
23 54
23 58
23 70
23 62
23 63
24 32
24 22
24 76
24 80
24 51
24 21
24 86
24 25
24 26
24 31
25 31
25 65
25 67
25 47
26 18
26 4
26 37
26 55
27 22
27 71
27 74
27 80
27 56
27 54
27 55
27 24
28 67
28 72
28 9
28 12
28 80
28 21
28 22
29 70
29 81
29 41
29 43
29 76
29 13
29 47
29 17
29 73
29 57
29 27
29 61
30 38
30 71
30 52
30 22
30 55
30 57
31 33
31 67
31 35
31 65
31 72
31 9
31 42
31 12
31 45
31 77
31 51
31 52
31 53
31 24
31 58
31 59
31 29
31 62
32 0
32 33
32 66
32 65
32 7
32 10
32 39
32 76
32 13
32 51
32 55
32 57
32 26
32 63
32 61
32 31
33 68
33 70
33 39
33 73
33 43
33 81
33 51
33 20
33 41
33 60
34 65
34 35
34 70
34 71
34 47
34 18
34 54
34 87
34 59
35 8
35 9
35 10
35 43
35 12
35 51
35 60
35 61
35 62
36 32
36 3
36 69
36 38
36 72
36 10
36 11
36 45
36 53
36 37
37 67
37 38
37 20
37 55
37 24
37 84
37 63
38 1
38 2
38 4
38 70
38 38
38 71
38 42
38 77
38 78
38 47
38 48
38 81
38 21
38 26
38 61
39 33
39 2
39 4
39 39
39 40
39 73
39 75
39 13
39 47
39 72
39 18
39 20
39 53
39 56
39 62
39 31
40 68
40 37
40 10
40 77
40 81
40 54
40 57
40 69
41 68
41 33
41 75
41 4
41 70
41 65
41 8
41 9
41 55
41 77
41 82
41 20
41 22
41 41
41 25
41 59
41 61
42 22
42 40
42 42
42 43
42 47
42 81
42 52
42 86
42 24
42 61
43 2
43 35
43 39
43 40
43 10
43 45
43 46
43 77
43 81
43 74
43 21
43 87
43 56
43 57
43 42
43 31
44 32
44 2
44 43
44 37
44 70
44 7
44 72
44 39
44 13
44 47
44 80
44 81
44 82
44 52
44 21
44 69
45 64
45 32
45 33
45 71
45 44
45 79
45 54
45 31
46 35
46 69
46 47
46 74
46 75
46 77
46 13
46 81
46 52
46 85
46 56
46 58
46 79
46 42
47 0
47 33
47 69
47 38
47 39
47 41
47 42
47 44
47 78
47 60
47 80
47 18
47 52
47 53
47 28
47 62
48 65
48 35
48 4
48 70
48 44
48 21
48 54
48 55
48 59
48 28
48 63
49 64
49 65
49 35
49 68
49 38
49 10
49 24
49 62
50 66
50 37
50 8
50 9
50 10
50 87
50 45
50 15
50 40
50 51
50 54
50 55
50 72
50 57
50 79
50 42
50 62
50 63
51 33
51 67
51 39
51 74
51 71
51 45
51 77
51 13
51 48
51 56
51 79
51 24
51 57
51 59
51 62
52 32
52 85
52 21
53 66
53 12
53 61
53 39
54 20
55 33
55 34
55 35
55 4
55 69
55 70
55 40
55 41
55 75
55 48
55 18
55 67
55 85
55 73
55 31
56 23
57 73
57 54
57 71
58 32
58 35
58 68
58 69
58 38
58 39
58 41
58 76
58 22
58 4
58 26
58 27
58 58
59 33
59 38
59 39
59 8
59 73
59 43
59 12
59 78
59 47
59 72
59 51
59 85
59 22
59 57
59 24
59 25
59 79
59 61
60 8
60 29
60 21
60 55
61 65
61 66
61 72
61 10
61 75
61 44
61 77
61 80
61 19
61 20
61 54
61 24
61 26
61 27
61 60
62 67
62 4
62 69
62 70
62 73
62 10
62 47
62 51
62 41
62 30
63 84
63 59
63 5
63 39
63 40
63 63
63 12
63 76
63 49
63 18
63 20
63 22
63 57
63 56
63 25
63 54
63 52
64 72
65 25
65 30
65 38
65 87
66 65
66 34
66 4
66 37
66 70
66 72
66 41
66 42
66 86
66 21
66 22
66 55
66 56
66 54
66 60
66 85
66 69
67 64
67 35
67 69
67 70
67 81
67 40
67 43
67 44
67 45
67 46
67 61
67 59
67 51
67 85
67 27
67 29
68 4
68 39
68 40
68 73
68 75
68 47
68 20
68 54
68 7
69 75
69 69
69 42
69 43
69 44
69 47
69 18
69 20
69 21
69 55
69 52
69 26
69 79
69 62
69 85
70 67
70 71
70 7
70 76
70 13
70 54
70 56
70 60
71 72
71 31
72 3
72 23
72 45
72 20
72 87
72 56
72 52
72 26
73 65
73 66
73 4
73 5
73 33
73 73
73 77
73 48
73 52
73 86
73 59
73 29
74 72
75 1
75 3
75 69
75 39
75 40
75 74
75 71
75 24
75 62
75 37
76 66
76 67
76 37
76 72
76 42
76 75
76 80
76 81
76 51
76 21
76 43
76 87
76 60
76 62
77 72
77 4
78 64
78 67
78 4
78 40
78 42
78 75
78 77
78 46
78 79
78 48
78 20
78 53
78 55
78 56
78 87
78 59
78 62
78 85
79 69
79 38
79 71
79 9
79 10
79 76
79 13
79 50
79 86
79 25
79 62
80 65
80 86
80 69
80 7
80 9
80 10
80 39
80 13
80 77
80 45
80 52
80 21
80 54
80 56
80 25
80 28
80 53
81 83
81 3
81 70
81 38
81 72
81 41
81 42
81 75
81 76
81 73
81 81
81 67
81 52
81 54
81 55
81 26
81 27
81 28
82 0
82 2
82 54
82 70
82 71
82 40
82 76
82 22
82 23
82 61
82 62
83 66
83 68
83 23
84 64
84 69
84 71
84 73
84 46
84 12
84 78
84 85
84 23
84 26
84 60
84 29
85 0
85 68
85 69
85 70
85 7
85 8
85 42
85 71
85 44
85 13
85 47
85 56
85 51
85 86
85 23
85 24
85 87
85 62
86 65
86 66
86 37
86 7
86 10
86 75
86 86
86 78
86 20
86 21
86 54
86 55
86 57
86 74
86 60
86 61
86 30
86 31
87 3
87 4
87 42
87 81
87 21
87 24
