88
0 0
0 3
0 86
0 70
0 71
0 72
0 41
0 43
0 44
0 45
0 73
0 48
0 49
0 53
0 54
0 57
0 25
0 58
0 76
0 62
0 63
1 0
1 3
1 10
1 25
1 41
1 44
1 45
1 46
1 48
1 49
1 53
1 54
1 55
1 56
1 57
1 62
1 63
1 70
1 71
1 72
1 73
1 76
2 0
2 3
2 76
2 46
4 0
4 76
4 44
4 54
5 72
5 41
5 58
5 54
6 25
6 3
6 86
6 54
6 71
10 0
10 3
10 86
10 70
10 71
10 41
10 10
10 44
10 45
10 46
10 76
10 48
10 49
10 57
10 53
10 54
10 55
10 56
10 25
10 58
10 63
13 0
13 3
13 10
13 25
13 37
13 41
13 43
13 44
13 45
13 46
13 48
13 49
13 53
13 54
13 56
13 63
13 70
13 71
13 72
13 73
13 76
13 86
17 71
17 76
17 44
17 54
17 56
17 57
18 71
19 25
20 0
20 3
20 10
20 37
20 41
20 44
20 45
20 46
20 48
20 53
20 54
20 55
20 56
20 57
20 58
20 62
20 63
20 70
20 71
20 72
20 76
20 86
21 25
21 76
22 3
22 86
22 70
22 71
22 72
22 41
22 10
22 43
22 44
22 45
22 46
22 48
22 76
22 73
22 55
22 58
22 62
22 63
23 3
23 54
23 70
23 71
23 41
23 45
23 46
23 48
23 49
23 57
23 86
23 55
23 25
23 62
24 0
24 3
24 86
24 70
24 71
24 72
24 41
24 10
24 44
24 46
24 76
24 53
24 54
24 55
24 25
24 58
24 62
24 63
26 0
26 3
26 86
26 71
26 72
26 41
26 43
26 44
26 46
26 73
26 48
26 49
26 53
26 54
26 57
26 25
26 27
26 76
28 72
28 73
28 45
28 46
28 53
29 49
29 86
29 53
29 46
29 57
30 0
30 3
30 86
30 70
30 71
30 41
30 43
30 44
30 46
30 48
30 76
30 53
30 54
30 57
30 25
30 58
30 62
31 0
31 41
31 62
31 57
32 3
32 86
32 71
32 72
32 41
32 57
32 43
32 44
32 45
32 46
32 48
32 84
32 53
32 54
32 55
32 56
32 25
32 27
33 62
33 86
33 53
33 70
33 71
34 0
34 3
34 86
34 70
34 71
34 41
34 57
34 76
34 46
34 48
34 49
34 53
34 73
34 55
34 25
34 58
34 62
34 63
35 3
35 37
35 70
35 71
35 72
35 41
35 10
35 46
35 73
35 80
35 84
35 53
35 54
35 55
35 25
35 86
35 62
35 63
36 0
36 80
36 3
36 86
36 70
36 72
36 41
36 10
36 44
36 46
36 48
36 76
36 53
36 54
36 55
36 56
36 57
36 62
39 0
39 3
39 86
39 70
39 71
39 72
39 41
39 10
39 43
39 76
39 45
39 46
39 48
39 57
39 53
39 54
39 55
39 56
39 25
39 27
40 0
40 3
40 54
40 70
40 41
40 10
40 76
40 46
40 48
40 53
40 86
40 57
40 58
40 62
41 0
41 3
41 25
41 37
41 41
41 43
41 44
41 45
41 46
41 48
41 49
41 53
41 54
41 55
41 56
41 57
41 58
41 62
41 70
41 72
41 76
41 86
42 0
42 3
42 37
42 70
42 71
42 72
42 41
42 57
42 76
42 45
42 46
42 48
42 49
42 53
42 54
42 55
42 25
42 86
42 62
42 63
43 0
43 3
43 10
43 25
43 37
43 41
43 44
43 45
43 46
43 53
43 54
43 56
43 57
43 62
43 63
43 70
43 71
43 72
43 73
43 76
43 80
43 86
46 0
46 3
46 86
46 70
46 71
46 72
46 73
46 10
46 43
46 76
46 46
46 48
46 49
46 53
46 54
46 57
46 56
46 25
46 58
46 27
46 62
47 0
47 3
47 10
47 25
47 41
47 44
47 45
47 46
47 48
47 53
47 54
47 55
47 57
47 58
47 62
47 63
47 70
47 72
47 76
47 80
47 84
47 86
50 0
50 3
50 10
50 41
50 43
50 44
50 45
50 46
50 48
50 53
50 54
50 55
50 57
50 58
50 62
50 70
50 71
50 72
50 73
50 76
50 80
50 86
51 0
51 3
51 54
51 71
51 41
51 57
51 76
51 46
51 48
51 53
51 86
51 55
51 56
51 25
52 0
52 3
52 10
52 25
52 41
52 43
52 44
52 45
52 46
52 48
52 49
52 53
52 54
52 55
52 56
52 57
52 62
52 70
52 71
52 73
52 76
52 86
59 0
59 3
59 37
59 70
59 72
59 41
59 44
59 45
59 86
59 56
59 54
59 62
59 63
60 0
60 3
60 25
60 41
60 43
60 44
60 45
60 46
60 48
60 49
60 53
60 54
60 55
60 57
60 58
60 62
60 63
60 71
60 72
60 76
60 80
60 86
61 0
61 3
61 10
61 25
61 27
61 37
61 44
61 46
61 48
61 53
61 54
61 55
61 56
61 57
61 58
61 62
61 63
61 70
61 71
61 72
61 73
61 76
64 0
64 3
64 25
64 37
64 41
64 43
64 44
64 45
64 46
64 48
64 53
64 54
64 55
64 57
64 58
64 62
64 63
64 71
64 72
64 73
64 76
64 86
65 0
65 3
65 10
65 25
65 37
65 41
65 44
65 46
65 48
65 53
65 54
65 55
65 56
65 57
65 58
65 62
65 70
65 71
65 72
65 73
65 76
65 86
67 0
67 3
67 70
67 71
67 41
67 10
67 44
67 45
67 46
67 76
67 48
67 49
67 53
67 54
67 55
67 56
67 62
67 63
68 0
68 86
68 70
68 71
68 72
68 41
68 10
68 44
68 46
68 73
68 76
68 49
68 53
68 54
68 55
68 56
68 62
68 63
70 0
70 3
70 10
70 25
70 27
70 41
70 45
70 46
70 48
70 53
70 56
70 57
70 58
70 62
70 63
70 70
70 71
70 72
70 76
70 80
70 84
70 86
72 0
72 25
72 27
72 41
72 44
72 45
72 46
72 48
72 49
72 53
72 54
72 55
72 56
72 57
72 58
72 62
72 63
72 70
72 72
72 73
72 76
72 86
74 0
74 3
74 10
74 41
74 43
74 44
74 45
74 46
74 48
74 49
74 53
74 54
74 55
74 56
74 57
74 62
74 63
74 70
74 71
74 72
74 73
74 76
74 80
75 0
75 3
75 86
75 70
75 71
75 72
75 41
75 44
75 45
75 46
75 76
75 48
75 49
75 53
75 54
75 55
75 25
75 58
76 0
76 3
76 37
76 70
76 71
76 72
76 41
76 43
76 44
76 73
76 48
76 49
76 53
76 54
76 55
76 56
76 57
76 27
76 86
76 76
76 62
77 3
77 27
77 41
77 43
77 44
77 45
77 46
77 48
77 54
77 55
77 56
77 57
77 58
77 62
77 63
77 70
77 71
77 72
77 73
77 76
77 80
77 86
78 0
78 3
78 10
78 25
78 27
78 37
78 44
78 45
78 46
78 49
78 53
78 54
78 55
78 57
78 62
78 63
78 70
78 71
78 72
78 76
78 80
78 86
79 0
79 3
79 54
79 70
79 71
79 41
79 43
79 46
79 53
79 86
79 55
79 25
79 62
79 63
81 0
81 3
81 44
81 86
82 0
82 3
82 71
82 72
82 73
82 57
82 76
82 46
82 48
82 49
82 53
82 86
82 41
82 25
83 25
83 43
83 53
83 62
83 71
84 0
84 10
84 25
84 41
84 44
84 45
84 46
84 48
84 49
84 53
84 54
84 55
84 56
84 57
84 58
84 62
84 63
84 70
84 71
84 72
84 73
84 76
84 86
85 41
87 0
87 3
87 10
87 25
87 27
87 41
87 43
87 44
87 45
87 48
87 49
87 53
87 54
87 55
87 56
87 57
87 58
87 70
87 71
87 72
87 76
87 86
