88
0 32
0 1
0 70
0 67
0 69
0 38
0 39
0 40
0 45
0 18
0 83
0 20
0 53
0 22
0 57
0 58
0 28
0 85
2 0
2 33
2 34
2 3
2 4
2 70
2 38
2 41
2 10
2 83
2 76
2 13
2 45
2 49
2 51
2 21
2 22
2 86
2 25
2 68
2 66
4 64
4 1
4 4
4 70
4 33
4 41
4 76
4 15
4 83
4 84
4 85
4 87
5 1
5 34
5 4
5 38
5 41
5 66
5 76
5 13
5 77
5 50
5 83
5 20
5 53
5 86
5 57
5 36
5 28
5 74
5 85
5 63
6 32
6 1
6 66
6 67
6 38
6 72
6 75
6 13
6 45
6 80
6 18
6 83
6 57
6 63
6 62
6 31
13 34
13 67
13 69
13 6
13 39
13 41
13 75
13 76
13 78
13 48
13 84
13 53
13 23
13 87
15 3
15 4
15 69
15 6
15 7
15 87
15 77
15 78
15 80
15 67
15 20
15 85
15 23
15 36
15 28
15 63
17 64
17 34
17 67
17 68
17 71
17 75
17 44
17 48
17 81
17 84
17 21
17 22
17 28
17 63
21 32
21 66
21 67
21 38
21 7
21 77
21 15
21 48
21 49
21 83
21 86
21 23
21 79
21 28
21 61
21 63
22 0
22 1
22 66
22 67
22 70
22 6
22 32
22 40
22 41
22 71
22 15
22 81
22 22
22 23
22 24
22 58
22 59
22 86
22 62
23 33
23 66
23 67
23 68
23 44
23 21
23 25
23 58
23 59
23 53
23 31
25 0
25 33
25 34
25 6
25 81
25 64
25 76
25 44
25 13
25 77
25 49
25 83
25 20
25 53
25 23
25 59
25 60
25 63
26 1
26 6
26 38
26 74
26 48
26 57
26 30
27 48
27 50
27 68
27 6
27 7
27 9
27 45
27 80
27 18
27 84
27 36
27 28
28 64
28 1
28 34
28 67
28 4
28 69
28 70
28 33
28 75
28 83
28 52
28 21
28 86
28 23
28 68
28 26
28 84
29 0
29 1
29 2
29 69
29 6
29 7
29 74
29 76
29 77
29 78
29 48
29 70
29 30
29 31
30 32
30 67
30 69
30 70
30 73
30 74
30 75
30 15
30 81
30 84
30 59
30 57
30 38
31 84
31 80
31 66
31 68
31 86
31 70
31 7
31 74
31 75
31 13
31 15
31 48
31 20
31 21
31 22
31 57
31 63
31 28
31 53
32 32
32 1
32 34
32 67
32 6
32 41
32 74
32 76
32 66
32 15
32 81
32 83
32 84
32 53
32 28
32 85
33 0
33 32
33 34
33 3
33 38
33 6
33 7
33 40
33 76
33 75
33 12
33 13
33 78
33 72
33 63
34 0
34 32
34 3
34 36
34 76
34 77
34 45
34 83
34 84
34 86
34 26
34 28
34 63
35 68
35 41
35 74
35 45
35 78
35 79
35 48
35 81
35 23
35 36
35 60
36 0
36 66
36 4
36 39
36 41
36 75
36 76
36 45
36 15
36 80
36 28
36 63
37 0
37 33
37 69
37 7
37 40
37 80
37 74
37 71
37 44
37 86
37 78
37 15
37 16
37 84
37 21
37 22
37 28
37 85
38 4
38 6
38 41
38 10
38 75
38 44
38 78
38 80
38 57
38 59
38 74
38 30
39 32
39 66
39 3
39 38
39 41
39 76
39 77
39 80
39 67
39 84
39 21
39 86
39 24
40 66
40 4
40 72
40 41
40 74
40 75
40 44
40 45
40 15
40 76
40 83
40 21
40 63
40 30
40 31
42 70
42 9
42 84
42 85
42 86
42 30
43 0
43 1
43 34
43 59
43 33
43 6
43 32
43 75
43 44
43 13
43 78
43 80
43 84
43 22
43 87
43 38
43 28
43 31
44 0
44 33
44 75
44 69
44 32
44 76
44 71
44 44
44 78
44 48
44 81
44 53
44 86
44 25
44 59
44 60
44 30
45 32
45 33
45 2
45 66
45 70
45 60
45 10
45 76
45 34
45 77
45 80
45 19
45 84
45 85
45 73
45 58
45 63
45 28
45 31
46 3
46 68
46 38
46 6
46 39
46 7
46 80
46 84
46 23
46 56
46 52
47 64
47 33
47 34
47 4
47 41
47 74
47 13
47 77
47 15
47 80
47 81
47 59
47 63
48 33
48 34
48 3
48 38
48 6
48 74
48 75
48 78
48 15
48 67
48 52
48 85
48 86
48 84
48 26
48 70
48 31
49 32
49 33
49 66
49 4
49 38
49 40
49 9
49 87
49 80
49 15
49 48
49 81
49 84
49 21
49 22
49 73
49 26
49 30
49 85
52 32
52 1
52 34
52 69
52 6
52 39
52 8
52 41
52 10
52 75
52 66
52 15
52 48
52 83
52 53
52 74
54 86
54 3
54 38
54 6
54 7
54 74
54 39
54 13
54 75
54 85
54 62
54 22
54 23
54 59
54 70
54 30
54 31
55 32
55 64
55 3
55 69
55 39
55 75
55 77
55 15
55 48
55 21
55 22
55 63
55 86
55 53
55 31
56 67
56 69
56 70
56 7
56 8
56 77
56 78
56 48
56 40
56 83
56 53
56 58
56 59
56 81
56 85
56 31
58 1
58 67
58 70
58 6
58 7
58 40
58 9
58 74
58 48
58 84
58 85
58 20
58 30
59 66
59 3
59 7
59 41
59 44
59 78
59 80
59 83
59 84
59 21
59 22
59 23
59 24
59 59
59 28
59 30
59 53
62 33
62 4
62 70
62 39
62 40
62 73
62 75
62 44
62 80
62 48
62 81
62 83
62 22
62 56
62 30
63 1
63 67
63 36
63 69
63 6
63 40
63 41
63 11
63 44
63 48
63 49
63 83
63 84
63 86
63 59
63 62
63 31
66 0
66 33
66 3
66 39
66 78
66 45
66 77
66 15
66 81
66 21
66 86
66 57
66 58
66 59
66 28
66 85
66 63
67 32
67 33
67 66
67 3
67 38
67 6
67 74
67 75
67 13
67 45
67 81
67 83
67 86
67 70
67 63
68 33
68 3
68 68
68 39
68 73
68 60
68 77
68 79
68 81
68 85
68 28
69 0
69 4
69 49
69 6
69 7
69 8
69 74
69 13
69 77
69 45
69 40
69 50
69 21
69 86
69 30
69 81
70 32
70 1
70 34
70 66
70 7
70 40
70 74
70 39
70 13
70 77
70 15
70 48
70 81
70 52
70 21
70 23
70 68
70 26
70 59
70 53
70 31
71 33
71 75
71 70
71 81
71 8
71 11
71 78
71 80
71 72
71 18
71 83
71 21
71 56
71 59
71 28
71 53
71 31
72 32
72 3
72 67
72 68
72 33
72 38
72 71
72 7
72 83
72 1
72 57
72 4
72 60
73 0
73 33
73 66
73 3
73 6
73 64
73 41
73 74
73 75
73 76
73 77
73 80
73 15
73 48
73 85
73 28
73 63
74 0
74 66
74 3
74 69
74 70
74 39
74 40
74 83
74 18
74 67
74 84
74 85
74 23
74 57
74 63
75 32
75 33
75 70
75 69
75 6
75 63
75 44
75 45
75 48
75 52
75 21
75 59
75 28
75 53
75 85
75 31
76 34
76 3
76 68
76 39
76 41
76 74
76 66
76 67
76 84
76 53
76 86
76 23
76 57
76 85
76 31
80 1
80 3
80 70
80 6
80 7
80 80
80 74
80 75
80 76
80 13
80 45
80 48
80 53
80 23
80 57
80 28
80 85
80 63
81 31
81 33
81 83
81 71
81 39
82 32
82 1
82 34
82 67
82 66
82 70
82 7
82 8
82 44
82 45
82 15
82 80
82 72
82 20
82 21
82 57
82 59
82 84
82 30
82 31
83 32
83 80
83 26
83 86
83 39
85 11
85 38
85 7
85 73
85 75
85 48
85 83
85 85
85 86
85 57
85 30
