88
0 1
0 3
0 36
0 37
0 39
0 73
0 83
0 84
0 85
0 22
0 68
0 26
0 60
0 61
0 63
1 1
1 35
1 36
1 69
1 38
1 9
1 42
1 43
1 76
1 77
1 79
1 23
1 68
1 26
1 60
1 74
2 36
2 37
2 38
2 42
2 43
2 12
2 77
2 47
2 17
2 50
2 53
2 85
2 26
2 27
2 60
2 69
2 31
3 37
3 38
3 39
3 79
3 81
3 50
3 84
3 53
3 27
3 60
3 31
4 37
4 38
4 40
4 63
4 74
4 45
4 47
4 49
4 50
4 26
4 31
4 42
4 62
4 69
5 36
5 69
5 38
5 39
5 9
5 43
5 77
5 15
5 80
5 49
5 50
5 84
5 73
5 25
5 4
5 47
5 60
5 61
5 55
6 68
6 80
6 4
6 37
6 38
6 40
6 9
6 42
6 43
6 12
6 79
6 76
6 17
6 84
6 53
6 54
6 73
6 36
6 61
6 69
8 33
8 37
8 38
8 74
8 12
8 80
8 23
8 60
8 42
9 0
9 3
9 4
9 73
9 42
9 43
9 79
9 81
9 22
9 23
9 26
9 60
10 1
10 35
10 4
10 37
10 80
10 9
10 42
10 43
10 47
10 48
10 50
10 83
10 74
10 85
10 55
10 84
10 26
10 27
10 60
10 61
11 38
11 9
11 42
11 12
11 77
11 15
11 48
11 49
11 50
11 85
11 26
11 63
11 61
11 62
11 31
12 9
12 50
12 27
12 12
12 26
13 0
13 37
13 12
13 50
13 54
13 61
14 35
14 4
14 37
14 38
14 47
14 74
14 43
14 12
14 45
14 77
14 15
14 48
14 17
14 50
14 79
14 54
14 55
14 26
14 27
14 60
14 69
16 0
16 4
16 37
16 38
16 40
16 9
16 74
16 43
16 77
16 15
16 49
16 84
16 85
16 54
16 27
16 60
16 69
17 0
17 3
17 68
17 69
17 9
17 74
17 12
17 77
17 73
17 76
17 83
17 84
17 53
17 22
17 23
17 79
17 60
18 4
18 39
18 73
18 42
18 15
18 80
18 81
18 50
18 79
18 85
18 23
18 25
18 26
18 27
18 74
18 36
19 69
19 42
19 76
19 85
19 54
19 23
19 60
19 74
19 62
20 1
20 4
20 37
20 43
20 45
20 15
20 49
20 50
20 83
20 53
20 55
20 25
20 26
20 60
20 69
21 37
21 81
21 39
21 9
21 42
21 43
21 17
21 50
21 83
21 74
21 54
21 73
21 25
21 26
21 63
21 61
21 31
23 1
23 27
23 61
24 35
24 4
24 39
24 9
24 74
24 12
24 81
24 50
24 84
24 85
24 26
25 68
25 69
25 38
25 39
25 9
25 76
25 77
25 80
25 54
25 26
25 37
28 3
28 4
28 37
28 38
28 40
28 9
28 76
28 47
28 80
28 50
28 55
28 60
28 61
28 69
28 31
29 62
29 68
29 69
29 38
29 47
30 4
30 37
30 39
30 9
30 74
30 43
30 45
30 15
30 49
30 50
30 84
30 53
30 23
30 27
30 60
30 61
30 85
31 68
31 38
31 81
31 40
31 73
31 42
31 76
31 17
31 50
31 25
31 26
31 61
31 4
32 4
32 37
32 38
32 39
32 73
32 74
32 12
32 77
32 47
32 48
32 17
32 50
32 54
32 55
32 27
32 60
32 61
32 69
33 0
33 33
33 69
33 38
33 39
33 9
33 42
33 12
33 15
33 48
33 17
33 84
33 53
33 54
33 73
33 27
33 60
33 85
33 63
34 33
34 37
34 38
34 76
34 77
34 47
34 50
34 23
34 31
37 1
37 4
37 69
37 38
37 40
37 42
37 43
37 12
37 77
37 79
37 17
37 50
37 84
37 53
37 60
37 74
39 9
39 37
40 0
40 3
40 4
40 9
40 42
40 12
40 79
40 80
40 17
40 50
40 23
40 60
40 62
46 0
46 37
46 43
46 53
46 55
46 69
47 33
47 37
47 9
47 43
47 12
47 77
47 47
47 79
47 80
47 53
47 73
47 15
47 61
48 33
48 35
48 69
48 38
48 39
48 9
48 43
48 63
48 79
48 84
48 54
48 26
48 27
48 37
49 49
49 39
49 73
49 43
49 12
49 77
49 47
49 17
49 50
49 84
49 53
49 85
49 27
49 61
49 62
49 69
50 4
50 69
50 73
50 74
50 43
50 12
50 45
50 61
50 22
50 54
50 42
50 37
51 68
51 3
51 4
51 54
51 39
51 73
51 12
51 47
51 50
51 84
51 85
51 22
51 55
51 36
51 27
51 60
51 61
51 62
51 31
52 0
52 1
52 36
52 38
52 39
52 42
52 43
52 77
52 47
52 48
52 81
52 50
52 53
52 55
52 61
52 63
53 1
53 35
53 4
53 37
53 38
53 39
53 76
53 43
53 12
53 81
53 49
53 84
53 22
53 23
53 25
53 54
53 60
53 61
53 69
56 39
56 42
56 43
56 45
56 79
56 80
56 54
56 23
56 26
56 27
56 60
57 68
57 36
57 37
57 40
57 76
57 43
57 12
57 77
57 79
57 50
57 83
57 25
57 60
57 61
57 31
58 0
58 83
58 3
58 4
58 38
58 73
58 42
58 43
58 17
58 35
58 22
58 55
58 26
58 74
58 31
59 26
59 55
60 9
60 61
60 36
60 85
60 23
62 1
62 37
62 40
62 9
62 43
62 60
64 3
64 4
64 69
64 9
64 42
64 76
64 79
64 48
64 50
64 35
64 74
64 22
64 73
64 36
64 26
64 60
64 61
64 63
65 80
65 3
65 4
65 37
65 38
65 39
65 73
65 42
65 76
65 45
65 48
65 81
65 50
65 22
65 68
65 26
65 27
65 61
65 69
66 68
66 39
66 73
66 74
66 43
66 12
66 79
66 80
66 50
66 4
67 69
67 74
67 77
67 81
67 53
67 26
67 27
67 60
67 42
70 33
70 69
70 38
70 39
70 40
70 9
70 74
70 43
70 12
70 15
70 84
70 54
70 73
70 25
70 26
70 61
70 62
70 63
71 0
71 33
71 35
71 4
71 69
71 38
71 39
71 9
71 42
71 12
71 15
71 49
71 74
71 53
71 73
71 23
71 27
71 61
71 62
72 3
72 4
72 69
72 38
72 39
72 9
72 42
72 43
72 12
72 45
72 77
72 49
72 50
72 54
72 61
72 81
73 33
73 69
73 74
73 43
73 12
73 48
73 50
73 84
73 27
73 60
73 62
73 37
74 0
74 3
74 4
74 38
74 39
74 9
74 43
74 45
74 79
74 48
74 50
74 83
74 84
74 22
74 73
74 26
74 60
74 62
74 63
75 0
75 1
75 4
75 38
75 39
75 73
75 74
75 12
75 79
75 17
75 50
75 85
75 26
75 60
75 61
75 63
76 33
76 35
76 4
76 54
76 38
76 80
76 9
76 12
76 45
76 15
76 76
76 17
76 73
76 22
76 55
76 36
76 26
76 61
76 69
76 63
77 48
77 4
77 76
77 12
77 80
77 81
77 50
77 23
77 25
77 26
77 61
78 1
78 39
78 9
78 42
78 43
78 12
78 45
78 77
78 50
78 54
78 73
78 25
78 27
78 60
78 31
79 33
79 4
79 37
79 38
79 39
79 40
79 73
79 42
79 12
79 74
79 85
79 55
79 26
79 61
79 69
82 84
82 33
82 4
82 73
84 35
84 37
84 9
84 42
84 43
84 12
84 79
84 48
84 83
84 53
84 54
84 73
84 26
84 27
84 60
84 61
84 69
86 85
86 40
86 9
86 74
86 43
86 12
86 45
86 79
86 48
86 49
86 84
86 53
86 73
86 25
86 60
86 62
86 63
87 69
87 38
87 9
87 43
87 12
87 53
87 54
87 73
87 25
87 26
87 60
87 61
87 31
