88
0 0
0 2
0 67
0 37
0 8
0 41
0 10
0 34
0 77
0 80
0 49
0 79
0 86
0 63
0 60
0 31
1 0
1 66
1 4
1 71
1 8
1 74
1 43
1 76
1 46
1 49
1 18
1 84
1 21
1 57
1 25
2 33
2 4
2 54
2 38
2 9
2 10
2 75
2 80
2 41
2 86
2 87
2 36
2 58
2 60
3 2
3 52
3 30
4 33
4 43
4 4
4 69
4 51
4 11
4 76
4 79
4 48
4 75
4 19
4 84
4 21
4 54
4 62
4 63
4 60
4 30
4 31
5 34
5 67
5 76
5 58
5 47
6 33
6 34
6 67
6 66
6 5
6 38
6 41
6 74
6 2
6 78
6 80
6 51
6 21
6 73
6 57
6 26
6 58
7 66
7 39
7 7
7 13
7 18
7 85
8 34
8 68
8 6
8 71
8 8
8 73
8 10
8 86
8 25
8 58
8 63
8 31
9 33
9 2
9 75
9 4
9 8
9 41
9 43
9 47
9 72
9 18
9 86
9 26
9 27
9 30
9 63
10 64
10 2
10 4
10 70
10 6
10 39
10 72
10 74
10 43
10 76
10 18
10 84
10 21
10 85
10 24
10 30
10 63
11 2
11 35
11 4
11 38
11 39
11 8
11 74
11 62
11 13
11 14
11 67
11 21
11 36
11 26
11 58
11 30
11 63
12 74
12 58
12 4
12 13
12 7
13 34
13 67
13 72
13 10
13 11
13 46
13 80
13 49
13 82
13 52
13 85
13 22
13 58
13 60
13 29
13 63
14 43
14 4
16 1
16 34
16 36
16 33
16 8
16 9
16 39
16 77
16 48
16 40
16 18
16 22
16 23
16 25
16 87
17 2
17 36
17 74
17 11
17 76
17 50
17 47
17 48
17 18
17 51
17 66
17 22
17 57
17 26
17 58
17 85
17 63
18 0
18 68
18 66
18 67
18 36
18 37
18 38
18 45
18 47
18 49
18 18
18 82
18 86
18 4
18 60
18 63
19 81
19 58
19 4
19 13
19 87
20 6
20 7
20 72
20 73
20 39
20 50
20 46
20 18
20 84
20 29
21 33
21 66
21 4
21 38
21 72
21 42
21 76
21 40
21 82
21 51
21 52
21 87
21 26
21 63
22 66
22 38
22 6
22 11
22 76
22 46
22 20
22 27
22 60
23 33
23 34
23 67
23 38
23 6
23 72
23 10
23 43
23 76
23 13
23 50
23 27
24 80
24 10
24 26
24 58
24 78
25 8
25 33
25 42
25 86
25 57
26 49
26 74
26 63
26 60
26 52
27 24
27 2
27 11
27 85
27 29
28 72
28 80
28 85
29 11
29 85
29 38
30 12
30 62
30 86
30 87
31 33
31 5
31 29
32 68
32 39
32 48
32 18
32 23
32 57
32 28
33 32
33 33
33 43
33 37
33 38
33 39
33 72
33 74
33 11
33 77
33 80
33 54
33 87
33 25
33 26
33 60
34 63
34 61
34 38
34 31
35 42
35 76
35 18
36 64
36 33
36 34
36 5
36 6
36 39
36 8
36 9
36 10
36 11
36 13
36 48
36 18
36 86
36 24
36 70
36 38
36 60
36 62
37 9
37 61
37 57
38 64
38 33
38 2
38 34
38 66
38 8
38 74
38 43
38 76
38 13
38 47
38 59
38 18
38 67
38 85
38 57
38 27
38 63
39 34
39 43
39 38
39 11
39 2
39 13
39 51
39 22
39 87
39 58
39 61
39 62
39 63
40 72
40 24
40 85
41 32
41 33
41 34
41 50
41 4
41 38
41 39
41 8
41 74
41 11
41 13
41 61
41 72
41 18
41 51
41 85
41 87
41 25
41 27
41 60
41 29
42 0
42 2
42 3
42 4
42 69
42 38
42 7
42 8
42 9
42 11
42 34
42 47
42 18
42 20
42 86
42 58
42 60
42 61
42 62
42 63
43 57
43 51
43 60
43 62
43 38
44 36
44 29
44 86
44 39
45 8
46 11
46 51
46 43
46 54
47 77
47 87
48 48
48 59
48 11
48 78
49 38
50 33
50 34
50 67
50 4
50 70
50 74
50 11
50 13
50 78
50 79
50 51
50 85
50 57
50 24
50 36
50 58
50 60
50 62
50 31
51 0
51 32
51 2
51 4
51 69
51 6
51 8
51 10
51 43
51 34
51 46
51 77
51 72
51 18
51 57
51 58
51 59
51 62
51 68
52 32
52 66
52 68
52 54
52 8
52 10
52 43
52 82
52 86
52 23
52 57
52 58
52 30
53 8
53 72
53 74
53 36
53 79
54 32
54 34
54 43
54 66
54 74
54 11
54 76
54 50
54 77
54 18
54 85
54 86
54 25
54 60
54 31
55 48
55 66
55 67
55 36
55 6
55 8
55 9
55 43
55 13
55 34
55 84
55 86
55 87
55 27
56 1
56 66
56 31
56 87
57 33
57 34
57 67
57 4
57 6
57 39
57 72
57 74
57 11
57 66
57 48
57 18
57 21
57 86
57 36
57 26
57 61
58 1
58 66
58 67
58 37
58 74
58 11
58 13
58 43
58 86
58 25
58 58
58 27
58 31
59 0
59 38
59 8
59 73
59 77
59 46
59 29
60 2
60 38
60 6
60 8
60 9
60 11
60 50
60 78
60 79
60 72
60 18
60 86
60 58
60 70
60 29
60 69
60 63
61 32
61 34
61 43
61 36
61 6
61 60
61 42
61 11
61 47
61 18
61 21
61 86
61 25
61 28
61 74
61 30
61 85
62 0
62 68
62 2
62 67
62 4
62 72
62 11
62 76
62 46
62 48
62 75
62 21
62 22
62 85
62 36
62 26
62 27
62 29
62 62
62 63
63 32
63 34
63 67
63 4
63 5
63 72
63 74
63 78
63 10
63 46
63 25
63 37
63 31
64 40
64 24
64 10
64 85
64 30
65 76
65 21
65 6
66 28
66 2
66 36
66 13
67 48
67 33
67 77
67 63
68 0
68 38
68 6
68 39
68 8
68 74
68 13
68 46
68 80
68 72
68 18
68 51
68 62
68 86
68 24
68 26
68 27
68 58
68 30
69 39
69 87
70 64
70 32
70 4
70 6
70 39
70 74
70 85
70 86
70 87
70 24
70 57
70 29
70 30
70 31
71 32
71 39
72 33
72 66
72 34
72 72
72 10
72 76
72 2
72 13
72 87
72 59
72 42
72 63
73 33
73 60
73 30
73 54
74 0
74 33
74 74
74 43
74 44
74 77
74 48
74 51
74 87
74 57
74 58
74 30
74 63
75 0
75 33
75 75
75 4
75 38
75 39
75 8
75 10
75 43
75 45
75 72
75 51
75 74
75 36
75 26
75 58
75 29
75 31
76 33
76 2
76 46
76 23
77 43
77 36
77 38
77 74
77 11
77 76
77 46
77 62
77 86
77 23
77 25
77 58
77 60
77 30
77 85
78 80
78 43
78 54
78 39
79 66
79 39
79 8
79 74
79 11
79 80
79 85
79 58
80 8
80 58
80 60
80 86
81 8
81 63
82 34
82 68
82 72
82 60
82 10
82 76
82 77
82 13
82 48
82 21
82 28
82 29
82 62
83 80
83 36
83 70
83 22
83 31
84 0
84 80
84 2
84 43
84 6
84 8
84 11
84 34
84 48
84 67
84 85
84 21
84 54
84 62
84 24
84 25
84 26
84 59
84 30
84 31
85 80
85 34
85 86
85 38
85 10
85 11
85 77
85 48
85 52
85 53
85 54
85 57
85 25
85 26
85 60
85 61
85 62
86 64
86 33
86 2
86 4
86 38
86 6
86 39
86 8
86 43
86 66
86 80
86 18
86 51
86 26
86 63
86 31
87 0
87 32
87 2
87 34
87 4
87 86
87 6
87 8
87 73
87 43
87 13
87 78
87 80
87 72
87 18
87 51
87 22
87 24
87 36
87 26
87 63
