88
0 33
0 67
0 36
0 39
0 47
0 43
0 13
0 15
0 18
0 35
0 20
0 23
0 27
0 29
1 33
1 3
1 36
1 39
1 42
1 75
1 13
1 83
1 23
1 27
1 31
2 0
2 33
2 83
2 3
2 36
2 69
2 63
2 47
2 42
2 50
2 14
2 15
2 49
2 18
2 35
2 20
2 78
2 23
2 27
2 31
3 0
3 33
3 67
3 3
3 63
3 39
3 47
3 42
3 43
3 14
3 15
3 49
3 75
3 35
3 20
3 23
3 83
3 27
3 29
3 31
4 33
4 67
4 3
4 69
4 39
4 75
4 47
4 43
4 13
4 78
4 15
4 49
4 18
4 35
4 83
4 27
4 29
4 31
5 27
5 31
5 75
5 43
5 23
6 0
6 33
6 83
6 3
6 69
6 39
6 63
6 42
6 75
6 13
6 78
6 15
6 49
6 50
6 35
6 20
6 23
6 47
6 29
6 31
7 0
7 33
7 83
7 3
7 36
7 39
7 75
7 63
7 43
7 13
7 14
7 15
7 18
7 35
7 20
7 78
7 23
7 27
7 29
7 31
8 33
8 35
8 69
8 39
8 47
8 75
8 50
8 63
8 15
8 49
8 18
8 83
8 27
8 29
8 31
9 0
9 33
9 83
9 3
9 39
9 75
9 13
9 14
9 15
9 50
9 49
9 18
9 35
9 20
9 78
9 23
9 47
9 31
10 0
10 33
10 83
10 3
10 69
10 39
10 75
10 47
10 42
10 43
10 13
10 63
10 15
10 49
10 50
10 67
10 20
10 78
10 27
10 29
10 31
11 33
11 83
11 3
11 36
11 75
11 43
11 13
11 14
11 15
11 50
11 67
11 20
11 23
11 47
11 63
12 0
12 33
12 83
12 3
12 39
12 43
12 13
12 15
12 49
12 50
12 35
12 23
12 75
12 29
12 63
13 0
13 67
13 3
13 36
13 69
13 39
13 75
13 42
13 43
13 15
13 18
13 35
13 20
13 23
13 47
13 63
15 0
15 35
15 36
15 69
15 39
15 47
15 42
15 75
15 13
15 63
15 15
15 49
15 18
15 83
15 20
15 78
15 23
15 27
15 31
16 0
16 33
16 83
16 3
16 36
16 69
16 39
16 75
16 63
16 42
16 43
16 50
16 78
16 15
16 18
16 35
16 20
16 23
16 27
16 29
16 31
21 20
21 13
21 47
24 0
24 33
24 67
24 3
24 36
24 69
24 39
24 47
24 43
24 13
24 63
24 15
24 50
24 49
24 18
24 35
24 20
24 83
24 27
24 31
25 0
25 35
25 49
25 42
25 75
25 13
25 15
25 43
25 83
25 20
25 23
25 27
25 31
30 18
30 75
30 29
30 47
32 0
32 33
32 67
32 3
32 63
32 39
32 47
32 75
32 13
32 14
32 15
32 50
32 18
32 35
32 20
32 78
32 83
32 27
32 29
32 31
34 0
34 83
34 67
34 36
34 39
34 42
34 75
34 15
34 49
34 18
34 3
34 20
34 47
34 31
38 0
38 83
38 3
38 36
38 69
38 75
38 47
38 42
38 43
38 13
38 63
38 15
38 49
38 18
38 35
38 20
38 23
38 27
38 29
38 31
40 33
40 83
40 3
40 36
40 39
40 75
40 47
40 42
40 43
40 13
40 63
40 15
40 50
40 49
40 18
40 35
40 20
40 78
40 23
40 27
40 31
41 33
41 43
41 75
41 13
41 47
41 49
41 83
41 20
41 23
41 27
41 63
44 0
44 33
44 67
44 3
44 35
44 39
44 42
44 50
44 49
44 18
44 83
44 63
44 29
44 31
45 0
45 3
45 13
45 14
45 15
45 18
45 20
45 23
45 27
45 29
45 31
45 35
45 36
45 39
45 42
45 47
45 49
45 50
45 63
45 67
45 75
45 83
46 33
46 83
46 3
46 36
46 69
46 63
46 75
46 13
46 15
46 18
46 67
46 20
46 47
46 29
46 31
48 67
48 39
48 42
48 75
48 13
48 15
48 49
48 18
48 35
48 20
48 23
48 63
48 29
48 31
51 0
51 33
51 83
51 3
51 36
51 69
51 39
51 47
51 43
51 13
51 63
51 15
51 49
51 75
51 35
51 20
51 23
51 27
51 29
51 31
52 0
52 33
52 83
52 50
52 36
52 69
52 39
52 75
52 63
52 43
52 13
52 15
52 18
52 67
52 20
52 23
52 27
52 29
52 31
53 63
54 0
54 33
54 67
54 3
54 36
54 39
54 63
54 75
54 13
54 78
54 15
54 49
54 18
54 35
54 20
54 23
54 83
54 27
54 29
54 31
55 0
55 3
55 39
55 42
55 75
55 13
55 47
55 43
55 35
55 23
55 63
55 31
56 69
56 39
56 47
56 43
56 13
56 63
56 15
56 49
56 27
56 29
56 31
57 47
58 0
58 33
58 35
58 69
58 39
58 75
58 42
58 43
58 13
58 78
58 15
58 50
58 49
58 18
58 20
58 23
58 47
58 29
58 63
59 83
59 3
59 39
59 75
59 47
59 43
59 13
59 63
59 15
59 49
59 18
59 35
59 20
59 27
59 31
60 0
60 33
60 67
60 3
60 36
60 69
60 75
60 63
60 43
60 13
60 15
60 49
60 18
60 35
60 20
60 23
60 83
60 27
60 31
61 35
61 39
61 75
61 13
61 47
61 43
61 18
61 83
61 63
61 29
61 31
62 0
62 33
62 3
62 39
62 47
62 43
62 50
62 63
62 15
62 49
62 18
62 83
62 20
62 23
62 27
62 29
62 31
63 0
63 33
63 3
63 39
63 47
63 75
63 63
63 15
63 49
63 50
63 20
63 23
63 27
63 29
63 31
64 3
64 49
64 39
64 63
64 75
64 50
64 43
64 18
64 83
64 20
64 23
64 27
64 31
65 42
65 23
65 47
66 0
66 83
66 3
66 36
66 39
66 75
66 47
66 42
66 43
66 13
66 63
66 15
66 50
66 49
66 18
66 35
66 20
66 23
66 27
66 29
66 31
68 0
68 33
68 75
68 39
68 47
68 43
68 50
68 15
68 18
68 83
68 20
68 23
68 27
68 29
68 63
70 0
70 33
70 35
70 36
70 75
70 47
70 42
70 43
70 13
70 63
70 15
70 49
70 50
70 83
70 20
70 78
70 23
70 27
70 31
71 0
71 33
71 67
71 3
71 69
71 47
71 42
71 43
71 13
71 63
71 15
71 50
71 18
71 35
71 20
71 78
71 83
71 27
71 31
72 0
72 75
72 39
72 63
72 43
72 78
72 15
72 49
72 18
72 83
72 20
72 23
72 47
72 29
72 31
73 0
73 67
73 3
73 36
73 39
73 75
73 47
73 42
73 43
73 13
73 78
73 15
73 49
73 18
73 35
73 20
73 23
73 83
73 27
73 29
73 31
76 0
76 33
76 67
76 3
76 36
76 69
76 39
76 75
76 47
76 42
76 43
76 63
76 15
76 49
76 50
76 35
76 20
76 23
76 83
76 27
76 31
77 33
77 35
77 69
77 39
77 42
77 75
77 78
77 47
77 50
77 83
77 20
77 23
77 63
77 31
79 63
79 75
79 20
79 15
82 33
82 43
82 69
82 39
82 42
82 75
82 13
82 15
82 50
82 18
82 20
82 23
82 29
82 31
84 47
84 20
84 39
85 0
85 33
85 67
85 3
85 36
85 39
85 75
85 63
85 43
85 13
85 78
85 15
85 49
85 50
85 35
85 20
85 23
85 83
85 47
85 29
85 31
86 0
86 33
86 83
86 3
86 69
86 42
86 75
86 13
86 78
86 47
86 50
86 49
86 18
86 35
86 20
86 23
86 27
86 29
86 63
87 67
87 3
87 39
87 75
87 47
87 43
87 13
87 63
87 15
87 50
87 49
87 18
87 35
87 20
87 23
87 83
87 27
87 29
87 31
