88
0 3
0 6
0 7
0 9
0 12
0 13
0 15
0 17
0 19
0 23
0 26
0 27
0 33
0 36
0 41
0 43
0 44
0 57
0 58
0 64
0 69
0 70
0 74
0 79
0 87
1 3
1 6
1 7
1 8
1 9
1 13
1 15
1 17
1 19
1 20
1 23
1 26
1 27
1 31
1 32
1 33
1 36
1 41
1 42
1 43
1 46
1 49
1 50
1 51
1 54
1 60
1 61
1 62
1 63
1 64
1 68
1 71
1 72
1 73
1 74
1 76
1 78
1 85
1 87
2 4
2 6
2 7
2 8
2 9
2 12
2 13
2 14
2 15
2 19
2 23
2 26
2 27
2 31
2 32
2 33
2 36
2 38
2 39
2 41
2 42
2 43
2 44
2 46
2 49
2 50
2 51
2 52
2 58
2 60
2 62
2 63
2 64
2 68
2 70
2 72
2 74
2 75
2 76
2 77
2 78
2 86
2 87
3 7
3 8
3 9
3 13
3 14
3 15
3 19
3 23
3 26
3 27
3 35
3 37
3 41
3 43
3 44
3 49
3 50
3 54
3 58
3 60
3 63
3 64
3 74
3 84
10 3
10 6
10 9
10 13
10 19
10 23
10 36
10 38
10 39
10 41
10 43
10 44
10 49
10 54
10 58
10 60
10 63
10 64
10 74
10 78
10 79
10 87
11 32
11 54
11 6
11 8
11 9
11 12
11 70
11 15
11 49
11 50
11 19
11 41
11 22
11 23
11 26
11 60
11 58
16 3
16 7
16 8
16 9
16 12
16 13
16 23
16 26
16 31
16 32
16 35
16 36
16 38
16 43
16 44
16 50
16 54
16 58
16 60
16 63
16 64
16 70
16 74
16 78
16 84
21 3
21 6
21 7
21 8
21 9
21 12
21 13
21 14
21 15
21 17
21 19
21 20
21 22
21 23
21 24
21 26
21 27
21 31
21 32
21 35
21 36
21 38
21 40
21 41
21 42
21 43
21 46
21 47
21 49
21 52
21 54
21 57
21 60
21 62
21 63
21 64
21 71
21 72
21 74
21 77
21 79
21 86
21 87
23 6
23 7
23 8
23 9
23 12
23 13
23 15
23 19
23 23
23 26
23 32
23 41
23 43
23 44
23 49
23 58
23 63
23 73
23 74
23 76
23 78
23 85
23 87
25 67
25 49
25 39
25 8
25 9
25 74
25 43
25 12
25 15
25 40
25 19
25 85
25 54
25 41
25 26
28 3
28 6
28 8
28 41
28 74
28 43
28 13
28 78
28 50
28 54
28 24
28 58
28 60
29 6
29 8
29 9
29 12
29 14
29 15
29 19
29 22
29 23
29 26
29 27
29 32
29 35
29 36
29 37
29 40
29 41
29 44
29 51
29 58
29 67
29 74
29 77
29 78
29 84
29 86
29 87
30 3
30 6
30 7
30 8
30 9
30 12
30 13
30 15
30 17
30 19
30 23
30 26
30 27
30 32
30 36
30 38
30 44
30 49
30 50
30 63
30 72
30 73
30 74
30 77
30 79
30 87
31 32
31 64
31 35
31 38
31 9
31 74
31 43
31 13
31 15
31 82
31 19
31 41
31 23
31 58
31 27
31 60
31 85
31 63
32 32
32 7
32 8
32 9
32 12
32 13
32 77
32 15
32 40
32 19
32 41
32 57
32 26
32 60
32 44
33 6
33 8
33 41
33 74
33 43
33 12
33 13
33 15
33 82
33 19
33 23
33 26
33 79
33 60
33 58
33 63
36 4
36 6
36 7
36 8
36 9
36 13
36 14
36 19
36 23
36 26
36 27
36 39
36 41
36 43
36 44
36 50
36 51
36 54
36 58
36 60
36 62
36 63
36 72
36 73
36 74
36 77
41 6
41 7
41 8
41 9
41 12
41 13
41 72
41 19
41 20
41 41
41 87
41 26
41 30
41 63
43 32
43 67
43 6
43 7
43 8
43 9
43 12
43 50
43 87
43 26
43 63
43 60
43 58
43 31
44 3
44 6
44 7
44 8
44 9
44 12
44 13
44 15
44 20
44 23
44 26
44 27
44 33
44 36
44 37
44 38
44 40
44 41
44 42
44 43
44 44
44 50
44 54
44 57
44 58
44 63
44 64
44 67
44 69
44 74
44 78
44 79
44 84
44 85
46 3
46 6
46 7
46 8
46 9
46 12
46 13
46 15
46 19
46 23
46 25
46 26
46 38
46 41
46 43
46 46
46 50
46 58
46 60
46 61
46 63
46 73
46 74
46 79
46 84
46 85
47 3
47 6
47 8
47 9
47 12
47 13
47 15
47 19
47 23
47 26
47 37
47 38
47 43
47 44
47 49
47 54
47 58
47 60
47 62
47 63
47 64
47 65
47 67
47 68
47 86
47 87
49 32
49 3
49 36
49 6
49 7
49 8
49 9
49 74
49 43
49 44
49 13
49 78
49 49
49 50
49 19
49 41
49 23
49 58
49 60
49 63
53 3
53 6
53 7
53 12
53 13
53 14
53 15
53 19
53 20
53 22
53 23
53 25
53 26
53 30
53 31
53 32
53 33
53 38
53 40
53 41
53 43
53 44
53 46
53 47
53 49
53 50
53 52
53 58
53 60
53 62
53 63
53 64
53 68
53 72
53 73
53 76
53 78
53 79
53 84
53 86
55 3
55 6
55 7
55 9
55 12
55 13
55 15
55 17
55 22
55 23
55 26
55 27
55 28
55 35
55 36
55 37
55 38
55 41
55 42
55 43
55 44
55 46
55 49
55 50
55 51
55 54
55 56
55 60
55 62
55 63
55 64
55 65
55 67
55 70
55 71
55 74
55 76
55 78
55 84
55 86
55 87
56 64
56 51
56 3
56 6
56 8
56 9
56 43
56 12
56 13
56 15
56 49
56 19
56 20
56 41
56 54
56 23
56 26
56 58
57 64
57 3
57 68
57 38
57 6
57 71
57 8
57 9
57 43
57 13
57 78
57 15
57 49
57 50
57 19
57 86
57 23
57 26
57 27
57 58
57 63
63 6
63 7
63 8
63 12
63 13
63 15
63 19
63 26
63 27
63 31
63 32
63 41
63 42
63 43
63 47
63 49
63 50
63 54
63 63
63 64
63 74
63 78
63 85
63 86
66 3
66 6
66 7
66 8
66 9
66 12
66 15
66 22
66 23
66 25
66 26
66 27
66 32
66 36
66 38
66 39
66 40
66 43
66 44
66 45
66 47
66 49
66 50
66 54
66 58
66 60
66 61
66 63
66 64
66 68
66 69
66 70
66 71
66 72
66 74
66 76
66 77
66 79
66 81
66 82
66 84
66 86
66 87
67 32
67 36
67 39
67 41
67 43
67 44
67 13
67 15
67 19
67 84
67 22
67 26
67 63
77 6
77 7
77 8
77 12
77 13
77 14
77 15
77 19
77 20
77 23
77 24
77 26
77 27
77 32
77 36
77 41
77 42
77 43
77 44
77 46
77 49
77 50
77 51
77 57
77 63
77 64
77 67
77 74
77 78
77 81
77 87
80 3
80 6
80 8
80 9
80 12
80 13
80 15
80 17
80 19
80 23
80 27
80 32
80 33
80 41
80 43
80 58
80 60
80 63
80 64
80 75
80 78
80 87
82 32
82 3
82 6
82 7
82 8
82 9
82 74
82 71
82 12
82 13
82 15
82 17
82 19
82 85
82 54
82 58
82 63
83 3
83 4
83 6
83 7
83 8
83 9
83 12
83 13
83 14
83 17
83 19
83 20
83 22
83 23
83 24
83 27
83 28
83 30
83 32
83 34
83 35
83 37
83 38
83 41
83 43
83 49
83 50
83 51
83 54
83 57
83 58
83 60
83 65
83 68
83 72
83 74
83 75
83 77
83 78
83 84
83 85
83 87
87 87
87 6
87 8
87 9
87 74
87 43
87 44
87 78
87 15
87 50
87 19
87 20
87 41
87 22
87 23
87 26
87 63
