88
0 32
0 33
0 70
0 38
0 73
0 43
0 14
0 61
0 19
0 53
0 23
0 56
0 87
0 27
0 29
0 51
1 44
1 19
1 76
1 87
3 32
3 65
3 44
3 76
3 61
3 60
3 19
3 23
3 28
3 29
3 30
4 51
4 69
4 41
4 74
4 79
4 48
4 81
4 42
4 54
4 55
4 59
4 29
4 30
4 63
5 0
5 33
5 75
5 5
5 38
5 8
5 41
5 10
5 11
5 44
5 82
5 76
5 40
5 18
5 19
5 52
5 21
5 26
5 61
5 30
6 82
6 70
8 64
8 65
8 69
8 32
8 76
8 46
8 84
8 53
8 86
8 33
8 60
8 29
8 30
9 32
9 33
9 35
9 82
9 65
9 39
9 73
9 42
9 11
9 13
9 78
9 47
9 43
9 18
9 19
9 84
9 21
9 55
9 79
9 74
9 30
10 64
10 65
10 34
10 69
10 40
10 76
10 44
10 50
10 46
10 79
10 48
10 18
10 52
10 14
10 57
10 58
12 51
12 34
12 38
12 75
12 44
12 18
12 46
12 79
12 82
12 19
12 52
12 26
12 61
12 63
13 69
13 70
13 8
13 42
13 13
13 14
13 72
13 18
13 51
13 52
13 86
13 23
13 24
13 60
13 74
13 62
15 57
15 42
15 60
15 87
18 8
18 73
18 77
18 79
18 24
18 59
20 32
20 33
20 34
20 35
20 70
20 39
20 8
20 42
20 11
20 44
20 50
20 18
20 20
20 54
20 27
21 34
21 70
21 8
21 73
21 62
21 76
21 77
21 44
21 48
21 20
21 21
21 57
21 28
21 30
22 0
22 59
22 8
22 10
22 43
22 76
22 78
22 61
22 40
22 74
22 87
22 72
22 27
22 29
22 63
23 40
23 74
23 75
23 84
23 30
24 34
24 42
24 43
24 78
24 15
24 50
24 86
24 31
25 34
25 75
25 72
25 11
25 79
25 43
25 18
25 83
25 55
25 57
25 29
26 33
26 34
26 35
26 69
26 41
26 79
26 13
26 77
26 56
26 18
26 51
26 52
26 73
26 24
26 57
26 27
26 29
26 63
27 32
27 39
27 73
27 75
27 76
27 51
27 52
27 41
27 56
27 62
27 31
28 65
28 18
28 5
28 70
30 72
30 82
30 21
30 86
30 55
30 27
30 61
30 62
30 63
31 64
31 33
31 75
31 63
31 10
31 11
31 13
31 78
31 47
31 82
31 19
31 53
31 86
31 27
31 31
32 67
32 69
32 40
32 10
32 44
32 78
32 20
32 54
32 31
33 0
33 65
33 34
33 50
33 84
33 63
33 75
33 44
33 13
33 48
33 18
33 20
33 73
33 24
33 52
33 27
33 61
33 31
34 5
34 39
34 72
34 73
34 42
34 40
34 19
34 20
34 23
34 56
34 26
34 29
34 69
35 32
35 65
35 34
35 11
35 47
35 20
35 55
35 84
35 63
36 64
36 65
36 5
36 33
36 54
36 73
36 10
36 44
36 50
36 20
36 86
36 24
36 52
36 27
38 32
38 69
38 74
38 77
38 14
38 20
38 53
38 56
38 42
39 65
39 5
39 71
39 42
39 75
39 44
39 51
39 57
39 23
39 24
39 39
39 58
39 74
39 63
40 32
40 65
40 69
40 71
40 76
40 77
40 47
40 50
40 20
40 23
40 57
40 58
40 31
40 5
41 33
41 34
41 35
41 70
41 77
41 10
41 11
41 50
41 14
41 47
41 18
41 51
41 78
41 86
41 57
41 25
41 62
42 75
42 39
42 10
42 11
42 77
42 48
42 19
42 23
42 24
42 87
42 60
43 64
43 33
43 72
43 76
43 27
43 61
44 32
44 3
44 55
44 76
44 82
44 87
45 84
45 72
45 5
45 8
45 73
45 55
45 13
45 78
45 79
45 87
45 40
45 75
45 20
45 57
45 23
45 24
45 52
45 56
45 60
45 61
45 62
46 50
46 69
46 72
46 74
46 77
46 79
46 18
46 20
46 21
46 56
46 25
46 30
46 63
47 32
47 34
47 69
47 60
47 46
47 47
47 49
47 50
47 84
47 53
47 24
47 57
47 28
47 29
47 62
48 10
49 32
49 38
49 6
49 72
49 60
49 10
49 87
49 44
49 47
49 50
49 52
49 53
49 86
49 23
49 28
49 42
49 30
49 63
51 48
51 76
51 78
51 63
52 33
52 82
52 5
52 72
52 11
52 77
52 14
52 47
52 48
52 56
52 18
52 21
52 57
52 24
52 46
52 63
52 60
52 62
52 53
53 69
53 71
53 41
53 10
53 75
53 81
53 19
53 53
53 56
53 25
53 27
53 61
54 51
54 69
54 71
54 73
54 42
54 11
54 44
54 14
54 47
54 48
54 19
54 52
54 53
54 56
54 26
54 74
55 65
55 5
55 70
55 71
55 42
55 50
55 46
55 82
55 19
55 20
55 56
55 59
55 30
55 63
56 0
56 81
56 26
56 77
56 56
57 65
57 55
57 30
57 70
57 79
59 5
59 72
59 73
59 44
59 8
59 87
59 58
59 60
59 63
61 0
61 65
61 27
61 32
61 8
61 74
61 13
61 77
61 81
61 82
61 24
61 79
61 42
62 0
62 33
62 34
62 5
62 51
62 65
62 8
62 41
62 42
62 82
62 64
62 79
62 81
62 50
62 19
62 87
62 59
62 61
62 30
65 32
65 79
65 35
65 70
65 63
65 74
65 43
65 14
65 47
65 16
65 82
65 19
65 23
65 24
65 58
65 59
65 62
65 31
66 65
66 5
66 38
66 39
66 40
66 10
66 11
66 44
66 77
66 14
66 47
66 78
66 84
66 21
66 23
66 87
66 63
66 60
66 29
66 30
66 53
67 19
67 42
67 43
67 13
67 53
68 43
68 54
68 38
68 8
68 42
68 75
68 13
68 48
68 84
68 86
68 23
68 55
70 8
70 73
70 76
70 50
70 40
70 82
70 51
70 84
70 23
70 27
70 29
70 30
71 0
71 32
71 70
71 72
71 73
71 77
71 78
71 13
71 46
71 56
71 57
71 27
71 62
71 53
72 0
72 32
72 72
72 44
72 77
72 45
72 48
72 82
72 53
72 86
72 87
72 27
72 61
72 31
73 64
73 65
73 34
73 87
73 5
73 41
73 10
73 11
73 78
73 19
73 54
73 23
73 24
73 58
73 60
74 19
74 33
74 51
74 21
74 53
75 64
75 65
75 5
75 70
75 72
75 73
75 42
75 43
75 76
75 19
75 84
75 53
75 87
75 27
75 29
76 64
76 33
76 34
76 35
76 38
76 10
76 75
76 44
76 82
76 49
76 18
76 62
76 87
76 27
76 30
77 64
77 34
77 69
77 38
77 71
77 8
77 60
77 81
77 44
77 70
77 48
77 40
77 20
77 21
77 87
77 72
77 28
77 53
78 5
78 73
78 74
78 43
78 78
78 79
78 42
78 20
78 46
78 87
78 84
78 29
78 62
79 58
79 5
79 70
79 40
79 43
79 79
79 48
79 18
79 51
79 84
79 54
79 26
79 27
79 29
79 63
80 65
80 5
80 40
80 46
80 50
80 84
80 23
80 60
80 29
81 69
81 78
81 82
81 21
81 86
81 56
81 58
82 65
82 41
82 50
82 46
82 81
82 18
82 20
82 54
82 52
82 63
83 43
83 11
83 76
83 19
83 84
83 86
83 87
84 65
84 35
84 69
84 71
84 72
84 73
84 74
84 44
84 76
84 51
84 20
84 24
84 26
84 60
84 30
85 40
85 25
85 34
85 60
85 82
86 0
86 33
86 84
86 81
86 65
86 40
86 10
86 43
86 13
86 47
86 56
86 19
86 52
86 23
86 24
86 72
86 28
86 42
86 63
87 11
87 37
87 40
87 43
87 48
87 82
87 51
87 86
87 63
