88
0 1
0 34
0 35
0 86
0 65
0 40
0 41
0 10
0 76
0 45
0 72
0 51
0 85
0 54
0 87
0 60
0 61
0 63
1 32
1 1
1 66
1 68
1 33
1 65
1 45
1 83
1 21
1 23
1 56
1 59
1 53
1 31
2 0
2 3
2 72
2 9
2 77
2 46
2 79
2 85
3 79
3 1
3 69
3 51
3 71
3 8
3 74
3 13
3 77
3 45
3 19
3 53
3 57
3 26
3 27
3 30
4 65
4 4
4 72
4 87
4 25
4 62
5 36
5 13
6 0
6 65
6 68
6 37
6 51
6 74
6 48
6 19
6 22
6 55
6 27
6 28
6 31
7 37
7 41
7 10
7 87
7 44
7 45
7 46
7 77
7 19
7 21
7 22
7 57
7 56
7 25
7 54
7 61
7 69
8 4
8 71
8 76
8 49
8 82
8 36
8 58
9 1
9 7
9 8
9 41
9 10
9 11
9 82
10 51
10 34
10 36
10 37
10 70
10 71
10 40
10 9
10 10
10 83
10 13
10 77
10 16
10 19
10 66
10 41
10 29
11 68
11 65
11 34
11 36
11 37
11 8
11 9
11 10
11 76
11 79
11 21
11 86
11 87
11 57
11 58
11 74
11 85
12 68
12 2
12 3
12 36
12 7
12 73
12 42
12 45
12 84
12 21
12 86
12 57
12 26
12 29
12 30
12 63
13 1
13 2
13 3
13 6
13 39
13 40
13 73
13 42
13 71
13 77
13 16
13 51
13 21
13 55
13 26
13 62
14 1
14 13
14 48
14 83
14 25
14 63
16 0
16 48
16 2
16 3
16 68
16 73
16 83
16 44
16 13
16 16
16 76
16 67
16 86
16 55
16 63
17 80
17 56
17 44
18 70
18 72
18 9
18 21
18 25
18 57
20 45
20 22
20 7
21 65
21 66
21 7
21 41
21 76
21 13
21 82
21 83
21 86
22 32
22 2
22 67
22 71
22 74
22 43
22 77
22 34
22 84
22 54
22 55
22 10
22 62
23 74
23 4
24 6
24 76
24 54
24 24
24 25
24 26
25 42
25 83
25 61
25 38
25 39
26 0
26 67
26 40
26 74
26 77
26 45
26 48
26 59
26 20
26 53
26 22
26 47
26 29
26 30
27 0
27 34
27 3
27 38
27 6
27 8
27 9
27 10
27 43
27 44
27 82
27 79
27 80
27 49
27 18
27 83
27 20
27 53
28 1
28 66
28 35
28 36
28 86
28 73
28 10
28 46
28 79
28 80
28 18
28 51
28 22
28 56
28 57
28 59
28 29
28 63
29 22
29 6
29 73
29 74
29 16
29 50
29 86
29 87
29 56
29 25
29 27
29 61
29 62
30 66
30 51
31 1
31 6
31 41
31 43
31 49
31 62
32 0
32 65
32 67
32 4
32 11
32 76
32 13
32 78
32 84
32 23
32 24
32 58
32 27
33 48
33 4
33 6
33 39
33 41
33 43
33 44
33 46
33 16
33 50
33 51
33 84
33 21
33 54
33 23
33 25
33 29
34 64
34 1
34 37
34 7
34 9
34 42
34 71
34 44
34 46
34 79
34 16
34 76
34 19
34 21
34 73
34 25
34 30
35 65
35 68
35 72
35 73
35 74
35 47
35 84
35 26
36 66
36 22
36 40
36 42
36 45
36 48
36 81
36 86
37 32
37 67
37 22
37 40
37 41
37 13
37 49
37 86
38 33
38 68
38 39
38 12
38 23
38 56
38 60
39 0
39 1
39 4
39 76
39 16
39 82
39 51
39 87
40 84
40 3
40 39
40 40
40 9
40 42
40 11
40 79
40 43
40 50
40 51
40 20
40 73
40 57
40 25
40 87
40 28
40 31
41 33
41 9
41 43
41 16
41 82
41 55
41 24
41 63
42 32
42 1
42 34
42 3
42 9
42 42
42 12
42 13
42 47
42 80
42 60
42 83
42 54
42 25
42 63
42 28
42 29
42 31
43 36
43 42
43 79
43 49
43 82
43 26
43 62
44 68
44 34
44 4
44 54
44 8
44 41
44 10
44 75
44 40
44 82
44 22
44 36
44 58
44 63
44 74
44 62
44 31
45 34
45 36
45 37
45 10
45 66
45 55
45 27
45 61
46 72
46 73
47 33
47 83
47 36
47 37
47 38
47 71
47 8
47 9
47 55
47 13
47 78
47 79
47 48
47 49
47 51
47 23
47 87
47 60
47 30
48 83
48 76
48 23
49 64
49 33
49 45
49 67
49 4
49 7
49 41
49 42
49 11
49 12
49 13
49 77
49 44
49 48
49 83
49 73
49 26
49 27
49 61
50 32
50 84
50 68
50 73
50 42
50 43
50 77
50 82
50 57
50 20
50 21
50 86
50 23
50 24
50 55
50 27
50 28
50 30
51 32
51 34
51 3
51 36
51 6
51 40
51 87
51 12
51 16
51 50
51 22
51 57
51 24
51 25
51 26
51 31
52 32
52 33
52 2
52 82
52 86
52 77
52 40
52 80
52 34
52 46
52 45
52 16
52 17
52 50
52 21
52 22
52 59
52 60
52 29
53 0
53 12
53 47
53 48
53 19
53 26
54 29
54 22
55 0
55 1
55 34
55 67
55 6
55 32
55 40
55 64
55 10
55 11
55 80
55 72
55 82
55 19
55 20
55 21
55 87
55 85
55 51
56 66
56 44
56 13
56 49
56 53
56 57
57 69
57 8
57 9
57 42
57 83
57 86
59 59
60 66
60 63
60 60
60 53
60 87
61 0
61 33
61 67
61 68
61 38
61 8
61 77
61 79
61 83
61 20
61 57
61 22
61 23
61 56
61 25
61 27
61 60
62 0
62 2
62 3
62 37
62 38
62 74
62 43
62 76
62 66
62 46
62 82
62 67
62 53
62 83
62 28
62 85
63 0
63 72
63 66
63 68
63 58
64 33
64 66
64 67
64 69
64 44
64 74
64 11
64 12
64 77
64 45
64 80
64 75
64 3
64 28
65 1
65 26
65 27
66 2
66 3
66 9
66 42
66 43
66 34
66 46
66 77
66 48
66 83
66 22
66 23
66 26
66 59
66 61
67 67
67 36
67 7
67 8
67 10
67 11
67 44
67 46
67 48
67 40
67 75
67 51
67 20
67 78
67 63
69 1
69 79
70 2
70 3
70 68
70 39
70 44
70 80
70 21
70 26
70 27
70 61
71 65
71 47
71 53
71 73
72 66
72 42
72 37
72 30
73 0
73 65
73 75
73 37
73 38
73 39
73 43
73 47
73 48
73 49
73 54
73 25
73 27
73 61
73 30
74 0
74 37
74 8
74 76
74 42
74 12
74 45
74 46
74 79
74 48
74 40
74 50
74 19
74 84
74 21
74 57
74 31
75 68
75 8
75 13
75 45
75 46
75 77
75 82
75 59
76 0
76 19
76 38
76 39
76 8
76 9
76 42
76 79
76 16
76 51
76 84
76 54
76 47
77 67
77 69
77 38
77 8
77 10
77 43
77 44
77 72
77 82
77 51
77 20
77 85
77 54
77 55
77 42
78 1
78 35
78 72
78 10
78 77
78 46
78 49
78 57
78 27
78 28
78 63
79 32
79 48
79 34
79 35
79 36
79 70
79 8
79 44
79 16
79 49
79 26
79 27
79 62
80 40
81 65
81 34
81 68
81 71
81 9
81 16
81 50
81 86
81 59
81 60
82 28
82 13
82 31
83 66
83 3
83 4
83 37
83 39
83 40
83 60
83 43
83 44
83 78
83 47
83 50
83 21
83 28
83 61
84 72
84 59
84 86
84 46
84 29
85 52
86 48
86 34
86 3
86 6
86 7
86 8
86 10
86 43
86 76
86 16
86 49
86 84
86 85
86 56
86 57
86 59
86 65
86 31
87 32
87 33
87 2
87 3
87 69
87 72
87 57
87 44
87 66
87 16
87 21
87 55
87 25
87 53
