88
0 51
0 66
0 67
0 9
0 62
0 34
0 48
0 82
0 3
0 21
0 54
0 29
0 30
0 63
1 67
1 49
1 73
1 75
1 44
1 77
1 46
1 45
1 17
1 41
1 23
1 24
1 25
1 47
2 1
2 34
2 3
2 36
2 5
2 76
2 75
2 12
2 13
2 77
2 45
2 87
2 19
2 54
2 23
2 25
2 26
2 59
2 58
2 62
2 69
3 52
3 83
3 12
3 79
4 0
4 62
5 59
5 44
5 23
6 32
6 44
6 39
7 35
7 34
7 3
7 5
7 51
7 9
7 67
7 12
7 45
7 15
7 49
7 19
7 54
7 41
7 25
7 26
7 27
7 73
7 30
7 69
8 43
8 5
8 63
9 2
9 67
9 5
9 9
9 55
9 13
9 59
9 51
9 87
9 24
9 25
9 26
9 27
9 60
10 2
10 5
10 9
10 19
10 27
10 29
10 33
10 34
10 37
10 40
10 44
10 45
10 46
10 47
10 56
10 62
10 72
10 74
10 76
10 77
10 78
10 80
11 48
11 25
11 38
12 0
12 73
12 83
13 4
13 5
13 7
13 12
13 13
13 23
13 24
13 29
13 30
13 34
13 35
13 43
13 44
13 45
13 46
13 47
13 51
13 54
13 59
13 69
13 73
13 74
13 79
13 87
14 9
14 75
16 18
16 51
16 39
17 0
17 51
17 59
17 69
17 70
17 72
17 43
17 12
17 13
17 48
17 49
17 19
17 62
17 87
17 57
17 27
17 28
17 30
17 31
18 2
18 76
18 77
19 38
20 8
20 1
20 51
20 4
21 83
21 73
21 67
21 35
22 1
22 36
22 38
22 74
22 43
22 47
22 80
22 83
22 59
22 29
22 62
22 31
23 33
23 66
23 5
23 71
23 8
23 9
23 43
23 44
23 13
23 80
23 48
23 40
23 19
23 21
23 76
23 23
23 83
23 25
23 87
23 30
24 34
24 21
24 38
24 63
25 0
25 51
25 34
25 3
25 69
25 39
25 44
25 75
25 12
25 77
25 46
25 15
25 76
25 82
25 19
25 87
25 24
25 47
25 29
25 63
26 72
26 41
26 26
26 35
26 62
27 51
27 2
27 69
27 72
27 9
27 74
27 12
27 46
27 47
27 48
27 19
27 23
27 59
28 0
28 67
28 12
28 63
29 24
29 4
29 47
30 2
30 36
30 70
30 87
30 45
30 15
30 86
30 23
30 26
30 27
30 29
31 0
31 2
31 59
31 69
31 38
31 41
31 75
31 12
31 13
31 44
31 76
31 51
31 62
31 54
31 83
31 27
31 29
31 30
31 31
32 4
32 5
32 72
32 12
32 76
32 13
32 46
32 48
32 54
32 23
32 36
32 31
33 2
33 3
33 4
33 13
33 19
33 26
33 27
33 29
33 31
33 32
33 35
33 38
33 43
33 44
33 46
33 48
33 51
33 52
33 54
33 66
33 75
33 77
33 83
34 27
34 76
34 46
34 70
35 41
35 27
35 62
35 31
36 32
36 51
36 66
36 73
36 43
36 12
36 77
36 46
36 48
36 83
36 86
36 63
36 29
36 31
37 2
37 67
37 36
37 38
37 70
37 44
37 12
37 13
37 34
37 51
37 54
37 23
37 24
38 48
38 26
38 31
39 35
39 37
39 41
39 74
39 12
39 47
39 18
39 83
39 52
39 87
39 26
39 59
39 29
40 49
40 51
40 84
40 54
41 79
41 69
41 70
41 77
43 0
43 80
43 59
43 4
43 5
43 39
43 9
43 74
43 13
43 47
43 48
43 49
43 52
43 21
43 54
43 41
43 36
43 27
43 29
43 63
44 0
44 1
44 66
44 4
44 70
44 38
44 72
44 44
44 74
44 12
44 13
44 79
44 19
44 73
44 23
44 24
44 26
44 27
44 30
44 63
45 2
45 3
45 4
45 37
45 8
45 9
45 83
45 13
45 15
45 80
45 87
45 67
45 52
45 73
45 23
45 24
45 25
45 58
45 29
45 63
46 77
47 41
47 74
47 13
47 87
48 3
48 35
48 34
48 67
48 38
48 8
48 48
48 83
48 23
48 27
48 30
49 51
49 67
49 3
49 36
49 5
49 63
49 9
49 74
49 43
49 46
49 79
49 35
49 86
49 87
49 83
49 59
49 61
49 69
49 31
50 48
50 34
50 69
50 70
50 73
50 75
50 44
50 79
50 80
50 83
50 86
50 25
50 28
50 37
51 68
51 80
51 67
51 3
51 36
51 39
51 72
51 74
51 43
51 46
51 15
51 48
51 49
51 51
51 52
51 87
51 25
51 58
51 59
51 63
52 34
53 66
53 3
53 46
54 35
54 66
54 3
54 5
54 8
54 74
54 62
54 76
54 77
54 87
54 59
54 19
54 21
54 54
54 23
54 67
54 26
54 27
54 58
54 30
55 32
55 34
55 3
55 75
55 44
55 45
55 79
55 82
55 83
55 30
56 9
57 49
57 75
57 51
58 86
59 35
59 34
59 3
59 5
59 38
59 41
59 13
59 77
59 45
59 80
59 19
59 20
59 24
59 25
59 59
59 30
59 69
60 51
60 29
60 38
61 65
61 35
61 36
61 5
61 49
61 75
61 13
61 46
61 80
61 43
61 51
61 21
61 86
62 0
62 4
62 8
62 9
62 19
62 23
62 27
62 29
62 34
62 35
62 36
62 37
62 43
62 46
62 48
62 54
62 58
62 69
62 74
62 76
62 77
62 87
63 0
63 1
63 2
63 5
63 22
63 25
63 26
63 27
63 30
63 35
63 36
63 40
63 47
63 54
63 62
63 66
63 69
63 71
63 72
63 76
63 86
63 87
64 49
65 66
65 73
65 48
65 23
65 63
65 31
66 80
66 2
66 3
66 5
66 38
66 72
66 74
66 43
66 12
66 45
66 15
66 48
66 35
66 86
66 24
66 26
66 58
66 69
67 0
67 34
67 69
67 39
67 73
67 75
67 44
67 77
67 15
67 23
67 24
67 87
67 47
67 5
68 35
68 52
68 30
69 58
69 26
69 70
69 29
70 72
70 80
70 76
71 2
71 67
71 36
71 69
71 9
71 75
71 34
71 80
71 82
71 73
71 24
71 59
71 29
72 51
72 2
72 67
72 4
72 5
72 38
72 76
72 62
72 44
72 77
72 15
72 19
72 52
72 21
72 86
72 25
72 58
72 47
72 28
72 30
72 31
73 4
73 5
73 13
73 18
73 19
73 21
73 30
73 35
73 43
73 44
73 46
73 52
73 54
73 59
73 63
73 66
73 67
73 69
73 72
73 76
73 79
73 80
74 0
74 32
74 34
74 3
74 37
74 8
74 43
74 77
74 48
74 69
74 21
74 54
74 57
74 25
74 59
74 28
74 29
74 62
74 63
75 9
75 19
75 22
75 23
75 30
75 31
75 34
75 35
75 37
75 38
75 39
75 43
75 44
75 45
75 55
75 59
75 70
75 73
75 75
75 80
75 82
75 83
76 0
76 2
76 34
76 63
76 39
76 9
76 75
76 44
76 13
76 46
76 76
76 35
76 54
76 23
76 83
76 25
76 26
76 59
76 62
76 31
77 31
77 73
77 51
77 5
77 23
78 37
78 45
79 32
79 51
79 67
79 69
79 40
79 9
79 13
79 48
79 49
79 83
79 87
79 59
80 69
81 83
81 19
81 36
81 87
82 0
82 66
82 59
82 4
82 38
82 8
82 43
82 44
82 15
82 48
82 72
82 18
82 83
82 21
82 54
82 36
82 26
82 47
82 29
82 63
83 75
83 76
83 13
83 19
83 54
83 59
84 45
85 24
85 3
85 62
86 24
86 27
86 23
86 15
87 1
87 2
87 35
87 66
87 38
87 39
87 8
87 73
87 76
87 13
87 78
87 77
87 48
87 72
87 82
87 80
87 87
87 68
87 59
87 31
