88
0 2
0 67
0 66
0 6
0 71
0 77
0 46
0 36
0 28
0 31
1 65
1 50
1 59
1 68
2 3
2 6
2 9
2 19
2 23
2 28
2 30
2 31
2 32
2 33
2 34
2 38
2 44
2 48
2 50
2 51
2 56
2 61
2 64
2 66
2 71
2 73
2 78
2 86
3 64
3 36
3 40
3 9
3 14
3 79
3 49
3 51
3 78
3 86
3 72
3 60
3 63
5 28
6 64
6 66
6 67
6 41
6 74
6 18
6 51
6 20
6 21
6 73
6 28
7 32
7 33
7 67
7 50
7 36
7 69
7 6
7 72
7 9
7 45
7 78
7 18
7 19
7 82
7 54
7 25
7 28
7 61
7 30
7 68
8 33
8 73
8 79
8 84
8 87
8 25
9 67
9 38
9 46
9 47
9 82
9 87
9 58
9 63
10 1
10 2
10 5
10 12
10 17
10 19
10 23
10 24
10 28
10 36
10 37
10 40
10 42
10 46
10 48
10 59
10 60
10 66
10 69
10 72
10 73
10 79
10 82
11 33
11 66
11 6
11 7
11 77
11 79
11 48
11 82
11 24
11 60
11 61
11 65
12 32
12 64
12 34
12 69
12 38
12 8
12 10
12 44
12 79
12 50
12 51
12 54
12 87
12 61
12 63
13 32
13 1
13 34
13 5
13 6
13 41
13 10
13 79
13 17
13 50
13 51
13 87
13 25
13 26
13 28
13 74
13 37
18 32
18 1
18 67
18 4
18 5
18 6
18 7
18 76
18 46
18 52
18 24
18 25
18 33
18 61
18 62
19 64
19 57
19 21
19 63
21 64
21 2
21 35
21 66
21 38
21 6
21 39
21 72
21 9
21 13
21 46
21 18
21 83
21 52
21 53
21 87
21 25
21 26
21 61
21 69
21 63
23 26
23 52
23 31
24 2
24 67
24 70
24 46
24 17
24 51
24 84
24 55
24 20
24 60
25 2
25 5
25 10
25 17
25 84
25 21
25 57
25 28
25 29
26 65
26 5
26 33
26 8
26 46
26 47
26 49
26 18
26 19
26 52
26 24
26 62
27 32
27 9
27 35
27 5
29 2
29 36
30 82
30 37
31 0
31 11
31 87
32 64
32 33
32 83
32 35
32 5
32 8
32 87
32 76
32 15
32 80
32 49
32 19
32 55
32 60
32 61
32 63
33 12
33 83
33 76
33 35
33 60
34 49
34 25
34 55
35 64
35 24
35 52
36 65
36 38
36 8
36 12
36 45
36 26
37 3
37 12
37 13
38 1
38 7
38 8
38 9
38 10
38 13
38 14
38 17
38 21
38 24
38 27
38 32
38 34
38 36
38 39
38 46
38 52
38 54
38 62
38 65
38 68
38 72
38 74
38 78
38 82
39 64
39 1
39 34
39 3
39 33
39 8
39 9
39 74
39 75
39 79
39 48
39 17
39 67
39 52
39 21
39 86
39 24
39 72
39 26
39 61
39 63
40 64
40 65
40 2
40 66
40 45
40 80
40 49
40 18
40 83
40 21
40 24
40 47
40 28
40 53
41 36
41 8
41 75
41 18
41 50
41 19
42 75
42 69
42 45
43 34
43 38
43 74
43 78
43 47
43 10
44 5
44 70
44 72
44 73
44 10
44 60
44 78
44 79
44 83
44 28
45 0
45 1
45 3
45 5
45 13
45 20
45 21
45 25
45 28
45 34
45 35
45 38
45 48
45 49
45 51
45 54
45 57
45 58
45 63
45 65
45 72
45 77
46 80
46 33
46 66
46 19
46 25
47 2
47 87
49 64
49 87
50 32
50 2
50 5
50 7
50 8
50 73
50 76
50 47
50 40
50 52
50 54
50 27
50 69
51 0
51 1
51 83
51 3
51 51
51 39
51 64
51 9
51 71
51 17
51 82
51 19
51 73
51 24
51 26
51 65
51 29
51 63
52 64
52 2
52 3
52 36
52 38
52 6
52 8
52 9
52 66
52 14
52 72
52 82
52 84
52 62
52 86
52 23
52 59
52 60
52 29
52 30
53 73
53 19
53 79
54 66
54 34
54 6
54 45
54 76
54 2
54 13
54 17
54 19
54 25
55 2
55 37
55 8
55 73
55 74
55 17
55 19
55 52
55 54
55 27
56 65
56 34
56 3
56 36
56 5
56 38
56 8
56 73
56 10
56 83
56 66
56 35
56 52
56 21
56 87
56 24
56 84
56 58
56 27
56 74
56 31
57 64
57 34
57 51
57 69
57 87
58 32
58 64
58 2
58 3
58 4
58 6
58 34
58 78
58 45
58 81
58 82
58 35
58 53
58 28
58 63
59 64
59 56
59 19
59 77
59 79
60 65
60 5
60 6
60 8
60 63
60 10
60 17
60 50
60 83
60 84
60 53
60 54
60 24
60 57
60 26
60 38
60 31
61 35
61 4
61 70
61 71
61 40
61 73
61 42
61 11
61 44
61 13
61 79
61 17
61 18
61 82
61 23
61 55
61 26
61 74
61 63
62 0
62 35
62 4
62 86
62 8
62 41
62 13
62 46
62 80
62 83
62 54
62 23
62 56
62 61
62 63
63 0
63 3
63 5
63 9
63 10
63 11
63 15
63 19
63 26
63 30
63 31
63 32
63 34
63 36
63 38
63 40
63 42
63 50
63 63
63 67
63 79
63 82
63 87
64 51
64 67
64 35
64 38
64 8
64 41
64 75
64 45
64 49
64 19
64 52
64 54
64 23
64 72
64 87
65 32
65 33
65 34
65 68
65 38
65 6
65 64
65 73
65 10
65 45
65 77
65 47
65 72
65 50
65 83
65 21
65 28
65 61
65 30
66 3
66 10
66 11
66 19
66 25
66 29
66 30
66 33
66 35
66 42
66 50
66 52
66 60
66 63
66 65
66 66
66 67
66 72
66 73
66 75
66 77
66 78
66 81
66 82
66 86
67 3
67 5
67 9
67 13
67 18
67 19
67 21
67 25
67 26
67 38
67 40
67 45
67 51
67 52
67 57
67 63
67 66
67 67
67 69
67 74
67 82
67 83
67 87
68 0
68 4
68 77
68 47
68 49
68 62
69 0
69 9
69 74
69 3
69 75
70 1
70 7
70 8
70 14
70 19
70 23
70 28
70 30
70 34
70 36
70 38
70 50
70 60
70 62
70 66
70 72
70 78
70 79
70 81
70 82
70 83
70 87
71 65
71 35
71 38
71 72
71 9
71 50
71 46
71 79
71 18
71 52
71 24
71 30
72 1
72 2
72 36
72 39
72 9
72 74
72 45
72 77
72 17
72 82
72 84
72 24
72 25
72 27
72 30
73 32
73 1
73 66
73 9
73 10
73 87
73 82
73 46
73 80
73 18
73 83
73 84
73 41
73 25
73 42
73 63
74 3
74 6
74 9
74 14
74 19
74 23
74 25
74 26
74 28
74 32
74 44
74 46
74 52
74 59
74 60
74 62
74 63
74 64
74 69
74 77
74 79
74 81
75 32
75 65
75 35
75 4
75 37
75 38
75 8
75 44
75 12
75 45
75 47
75 80
75 49
75 20
75 54
75 23
75 24
75 52
75 79
75 30
76 76
76 77
76 50
76 23
76 24
76 59
77 66
77 59
77 87
78 32
78 39
78 8
78 12
78 82
78 78
78 79
78 18
78 84
78 53
78 54
78 25
79 0
79 64
79 32
79 77
79 49
79 50
79 54
79 57
79 25
80 2
80 67
80 37
80 38
80 9
80 74
80 78
80 25
80 28
80 30
81 1
81 10
81 19
81 62
81 24
81 60
81 61
81 30
82 32
82 8
82 46
84 0
84 34
84 75
84 66
84 38
84 6
84 11
84 78
84 61
84 77
84 47
84 51
84 21
84 28
84 29
84 30
84 63
85 35
85 36
85 70
85 71
85 41
85 62
86 32
86 2
86 51
86 52
86 13
87 77
87 13
87 81
87 20
87 27
87 60
