88
1 66
1 9
1 42
1 13
1 78
1 19
1 52
1 54
1 62
2 2
2 4
2 9
2 11
2 13
2 19
2 21
2 23
2 32
2 35
2 36
2 37
2 42
2 48
2 52
2 62
2 63
2 66
2 67
2 71
2 78
2 86
3 32
3 64
3 66
3 67
3 5
3 6
3 40
3 42
3 12
3 13
3 46
3 77
3 81
3 19
3 24
3 57
3 38
3 28
3 62
3 69
4 4
4 70
4 76
4 17
4 18
4 51
4 36
5 0
5 83
5 37
5 38
5 39
5 8
5 9
5 43
5 12
5 13
5 45
5 40
5 19
5 41
5 72
5 79
5 70
5 62
5 81
6 6
6 39
6 8
6 43
6 46
6 21
6 23
6 55
7 23
8 32
8 58
8 29
9 0
9 2
9 3
9 38
9 72
9 41
9 12
9 34
9 77
9 47
9 16
9 17
9 82
9 62
9 86
9 57
9 58
9 30
9 63
10 0
10 66
10 37
10 39
10 43
10 12
10 45
10 77
10 48
10 53
10 86
10 57
10 29
10 85
10 5
11 48
11 81
11 34
11 12
11 77
12 54
13 33
13 83
13 3
13 5
13 40
13 9
13 79
13 43
13 12
13 13
13 47
13 45
13 17
13 35
13 78
13 54
13 27
13 86
13 30
13 63
16 2
16 70
16 39
16 40
16 81
16 19
17 66
17 3
17 86
17 70
17 42
17 75
17 52
17 21
17 22
17 55
17 57
17 63
19 32
19 2
19 5
19 6
19 71
19 9
19 43
19 13
19 47
19 45
19 20
19 41
19 58
19 38
19 29
19 63
20 1
20 3
20 36
20 5
20 6
20 8
20 42
20 76
20 13
20 78
20 77
20 40
20 19
20 21
20 86
20 26
20 38
20 58
20 62
21 2
21 38
21 70
21 8
21 10
21 12
21 47
21 21
21 55
21 53
22 40
22 45
23 35
23 39
23 41
23 12
23 82
23 83
24 56
24 43
24 30
24 6
25 4
25 37
25 9
25 13
25 19
25 52
25 54
25 87
26 81
27 17
28 81
28 82
28 27
28 36
28 47
29 65
29 49
30 65
30 2
30 3
30 36
30 37
30 6
30 1
30 39
30 47
30 56
30 87
30 24
30 55
30 58
31 2
31 3
31 39
31 76
31 77
31 79
31 48
31 19
31 52
31 54
31 29
31 62
31 63
32 33
32 38
32 72
32 9
32 12
32 13
32 45
32 17
32 82
32 52
32 22
32 40
32 56
32 47
33 19
34 1
34 2
34 3
34 33
34 72
34 9
34 77
34 45
34 17
34 52
34 22
34 58
34 29
35 1
35 35
35 4
35 69
35 39
35 9
35 43
35 12
35 45
35 81
35 56
35 62
36 32
36 1
36 2
36 3
36 4
36 86
36 40
36 76
36 43
36 12
36 45
36 47
36 16
36 81
36 35
36 21
36 54
36 56
36 62
36 30
36 63
37 1
37 69
37 39
37 41
37 11
37 77
37 79
37 81
37 19
37 20
37 62
37 57
37 24
37 52
37 30
38 23
38 17
38 87
38 54
38 39
39 40
39 16
39 34
40 0
40 65
40 32
40 37
40 71
40 8
40 17
40 18
40 21
40 36
40 62
41 1
41 2
41 3
41 5
41 8
41 9
41 62
41 13
41 79
41 17
41 19
41 52
41 21
41 55
41 26
41 58
41 30
41 53
42 32
42 1
42 3
42 5
42 40
42 9
42 43
42 17
42 50
42 52
42 22
42 24
42 26
42 69
42 37
43 0
43 66
43 35
43 4
43 38
43 42
43 76
43 45
43 78
43 79
43 82
43 83
43 36
44 19
44 54
44 87
45 0
45 1
45 2
45 3
45 4
45 70
45 41
45 42
45 43
45 13
45 77
45 16
45 81
45 18
45 52
45 82
45 26
45 62
46 32
46 1
46 2
46 43
46 36
46 5
46 70
46 8
46 11
46 12
46 82
46 18
46 58
46 52
46 23
46 26
46 29
47 32
47 5
47 41
47 76
47 47
47 85
47 87
47 26
47 63
47 21
47 29
47 69
48 0
48 32
48 2
48 4
48 5
48 6
48 9
48 10
48 83
48 45
48 77
48 47
48 42
48 52
48 21
48 54
48 55
48 57
48 59
48 86
48 29
49 34
49 67
49 36
49 37
49 8
49 81
49 82
49 19
49 86
49 55
49 24
49 54
49 63
50 0
50 2
50 35
50 4
50 22
50 9
50 45
50 82
50 86
50 87
50 36
50 58
50 54
50 31
51 41
51 66
51 36
51 46
51 47
52 4
52 39
52 72
52 41
52 74
52 43
52 45
52 80
52 42
52 21
52 68
52 29
52 62
53 8
53 41
53 66
53 70
53 38
54 36
55 0
55 1
55 2
55 3
55 69
55 12
55 76
55 82
55 19
55 41
55 62
55 31
56 72
56 66
56 82
56 69
56 86
57 32
57 34
57 35
57 39
57 8
57 10
57 75
57 40
57 50
57 51
57 86
57 72
57 57
57 27
57 42
57 30
57 63
58 0
58 3
58 6
58 8
58 10
58 16
58 21
58 22
58 23
58 24
58 29
58 32
58 34
58 35
58 42
58 55
58 65
58 70
58 72
58 75
58 78
58 87
59 1
59 51
59 52
60 82
60 52
60 70
60 47
61 8
61 1
61 35
61 62
61 6
62 0
62 6
62 16
62 21
62 26
62 29
62 32
62 33
62 38
62 40
62 42
62 43
62 48
62 49
62 57
62 58
62 65
62 69
62 70
62 77
62 81
62 83
63 34
63 35
63 54
63 6
63 81
63 8
63 79
63 13
63 78
63 77
63 17
63 18
63 67
63 22
63 55
63 72
63 58
63 27
63 70
63 29
64 66
64 70
64 6
64 40
64 19
64 52
64 87
64 57
64 63
65 65
65 4
66 3
66 69
66 6
66 41
66 76
66 13
66 60
66 35
66 9
66 26
66 70
66 29
66 63
67 48
67 12
67 13
67 70
68 16
68 57
68 19
68 54
69 32
69 1
69 35
69 65
69 39
69 40
69 9
69 13
69 45
69 17
69 51
69 21
69 41
69 29
69 30
69 63
70 34
70 3
70 69
70 6
70 39
70 40
70 9
70 43
70 12
70 45
70 77
70 83
70 22
70 41
70 57
70 87
70 79
70 86
70 30
71 32
71 66
71 35
71 4
71 39
71 72
71 43
71 79
71 52
71 22
72 1
72 2
72 35
72 36
72 38
72 6
72 9
72 42
72 11
72 45
72 77
72 47
72 43
72 66
72 54
72 55
72 86
72 28
72 29
72 69
73 35
73 31
74 21
75 55
76 2
76 35
76 4
76 5
76 7
76 40
76 39
76 76
76 80
76 43
76 52
76 21
76 86
76 72
76 36
76 63
76 37
77 1
77 66
77 3
77 69
77 39
77 40
77 9
77 43
77 77
77 16
77 82
77 35
77 21
77 22
77 86
77 29
78 36
78 49
78 41
78 42
78 76
78 81
78 83
78 55
78 58
78 63
79 37
79 55
81 0
81 32
81 66
81 4
81 5
81 33
81 8
81 41
81 87
81 12
81 47
81 48
81 81
81 84
81 22
81 23
81 24
81 86
81 29
82 1
82 83
82 3
82 4
82 5
82 6
82 40
82 42
82 55
82 12
82 78
82 47
82 16
82 81
82 82
82 19
82 69
82 23
82 63
82 62
82 35
83 2
83 36
83 38
83 41
83 42
83 77
83 79
83 54
84 5
84 47
85 65
85 66
85 3
85 4
85 69
85 6
85 40
85 76
85 45
85 77
85 17
85 82
85 52
85 21
85 87
86 3
86 4
86 71
86 8
86 12
86 47
86 40
86 35
86 54
86 26
86 58
86 62
87 1
87 2
87 75
87 4
87 37
87 70
87 8
87 43
87 12
87 78
87 48
87 23
87 24
87 36
87 62
87 69
