88
0 35
0 54
0 81
0 7
0 9
0 74
0 12
0 45
0 50
0 17
0 82
0 86
0 27
2 74
2 19
2 58
3 0
3 54
3 9
3 74
3 12
3 79
3 17
3 82
3 19
3 86
4 8
4 14
4 79
4 17
4 82
4 19
4 57
4 15
4 29
5 0
5 79
5 7
5 8
5 9
5 74
5 12
5 45
5 15
5 17
5 19
5 57
5 25
5 58
5 27
5 28
5 60
6 0
6 35
6 54
6 17
6 9
6 50
6 79
6 81
6 82
6 19
6 86
6 58
6 15
6 28
9 0
9 64
9 35
9 82
9 79
9 81
9 8
9 9
9 74
9 45
9 15
9 17
9 50
9 19
9 86
9 27
9 28
10 0
10 60
10 74
10 11
10 12
10 45
10 79
10 17
10 82
10 19
10 86
10 25
10 27
10 28
13 64
13 35
13 82
13 8
13 9
13 74
13 12
13 45
13 15
13 17
13 50
13 19
13 57
13 25
13 58
13 27
13 28
18 0
18 35
18 7
18 8
18 9
18 74
18 11
18 12
18 15
18 16
18 82
18 19
18 86
18 25
18 58
18 27
18 28
18 60
20 0
20 35
20 86
20 81
20 8
20 9
20 74
20 11
20 45
20 79
20 17
20 82
20 19
20 54
20 25
20 28
21 35
21 9
21 74
21 11
21 45
21 79
21 82
21 19
21 54
21 28
22 64
22 79
22 35
22 82
22 81
22 9
22 74
22 12
22 45
22 15
22 16
22 17
22 60
22 19
22 86
22 27
22 28
22 29
24 82
24 81
24 8
24 9
24 79
24 12
24 45
24 60
24 15
24 16
24 17
24 50
24 19
24 25
24 58
24 27
24 28
24 29
26 0
26 64
26 35
26 82
26 81
26 74
26 11
26 45
26 15
26 16
26 17
26 50
26 19
26 57
26 25
26 58
26 79
26 28
29 0
29 79
29 35
29 7
29 8
29 9
29 74
29 45
29 15
29 81
29 19
29 54
29 57
29 25
29 58
29 27
29 28
29 29
30 64
30 54
30 81
30 8
30 74
30 12
30 15
30 16
30 17
30 86
30 27
30 60
31 0
31 35
31 7
31 8
31 9
31 74
31 12
31 16
31 82
31 19
31 57
31 60
32 64
32 81
32 9
32 74
32 11
32 12
32 45
32 16
32 17
32 50
32 19
32 54
32 58
32 27
32 28
32 29
33 0
33 86
33 8
33 74
33 12
33 79
33 16
33 17
33 82
33 19
33 54
33 57
33 25
33 27
33 28
36 7
36 8
36 9
36 74
36 45
36 15
36 17
36 19
36 60
37 0
37 54
37 81
37 74
37 79
37 17
37 82
37 86
37 25
37 58
38 0
38 64
38 35
38 81
38 7
38 9
38 12
38 45
38 15
38 17
38 82
38 19
38 54
38 25
38 58
38 27
38 28
38 60
39 64
39 54
39 7
39 8
39 9
39 12
39 45
39 15
39 17
39 50
39 86
39 27
39 28
39 60
40 64
40 27
40 8
40 9
40 45
40 79
40 50
40 17
40 82
40 57
40 25
40 58
40 15
40 60
41 0
41 79
41 82
41 7
41 8
41 9
41 74
41 11
41 60
41 45
41 15
41 50
41 19
41 54
41 57
41 25
41 27
41 28
42 0
42 64
42 35
42 86
42 81
42 60
42 74
42 12
42 45
42 15
42 17
42 82
42 19
42 54
42 25
42 58
42 27
42 28
43 64
43 35
43 86
43 81
43 8
43 9
43 74
43 60
43 82
43 15
43 17
43 50
43 19
43 54
43 25
43 58
43 27
43 28
43 29
44 79
44 35
44 82
44 7
44 8
44 9
44 74
44 12
44 45
44 15
44 17
44 50
44 19
44 86
44 25
44 27
44 28
44 60
45 64
45 35
45 54
45 60
45 74
45 45
45 15
45 16
45 81
45 82
45 19
45 86
45 27
45 28
46 0
46 64
46 82
46 79
46 7
46 9
46 74
46 12
46 45
46 15
46 81
46 50
46 19
46 86
46 57
46 27
46 60
47 64
47 79
47 35
47 8
47 9
47 74
47 12
47 45
47 15
47 16
47 17
47 50
47 19
47 86
47 57
47 58
47 27
47 28
48 79
48 35
48 82
48 81
48 9
48 74
48 45
48 15
48 17
48 50
48 19
48 86
48 25
48 27
48 28
49 17
49 74
49 19
49 28
51 35
51 9
51 74
51 45
51 60
51 17
51 82
51 19
51 54
51 58
51 27
51 28
52 0
52 64
52 79
52 8
52 9
52 74
52 12
52 45
52 14
52 15
52 16
52 17
52 50
52 19
52 86
52 57
52 27
52 60
53 64
53 0
53 35
53 7
53 8
53 9
53 74
53 15
53 82
53 19
53 86
53 58
53 79
53 28
54 0
54 64
54 81
54 8
54 9
54 74
54 11
54 12
54 82
54 15
54 17
54 50
54 19
54 86
54 25
54 58
54 79
54 60
55 64
55 79
55 35
55 82
55 7
55 8
55 60
55 74
55 12
55 45
55 15
55 17
55 50
55 19
55 54
55 27
55 28
55 29
56 0
56 64
56 79
56 81
56 8
56 9
56 74
56 12
56 45
56 14
56 15
56 16
56 17
56 50
56 19
56 54
56 57
56 27
59 64
59 35
59 86
59 7
59 8
59 60
59 45
59 15
59 17
59 50
59 19
59 54
59 58
59 28
59 29
62 0
62 64
62 35
62 8
62 9
62 12
62 50
62 79
62 16
62 17
62 82
62 19
63 0
63 64
63 35
63 86
63 8
63 74
63 12
63 45
63 15
63 16
63 17
63 82
63 19
63 54
63 25
63 79
63 60
65 35
65 54
65 9
65 45
65 79
65 27
65 17
65 82
65 50
65 25
65 58
65 15
66 64
66 35
66 74
66 12
66 45
66 79
66 27
66 17
66 82
66 19
66 86
66 15
67 0
67 64
67 86
67 81
67 8
67 9
67 74
67 12
67 82
67 15
67 17
67 50
67 19
67 54
67 58
67 79
67 28
67 60
68 0
68 86
68 81
68 7
68 8
68 9
68 74
68 45
68 14
68 79
68 17
68 50
68 19
68 54
68 57
68 25
68 58
68 28
70 0
70 35
70 8
70 9
70 79
70 60
70 82
70 15
70 50
70 19
70 86
70 57
70 25
70 27
70 28
71 0
71 35
71 54
71 9
71 74
71 12
71 45
71 15
71 17
71 79
71 86
71 58
71 27
71 28
72 0
72 64
72 35
72 82
72 7
72 74
72 12
72 45
72 79
72 16
72 50
72 19
72 86
72 25
72 58
72 27
72 28
73 64
73 0
73 17
73 54
73 7
73 9
73 74
73 45
73 15
73 81
73 19
73 86
73 57
73 27
75 82
75 7
75 8
75 60
75 74
75 45
75 15
75 81
75 50
75 19
75 86
75 57
75 25
75 79
75 28
76 0
76 64
76 7
76 8
76 9
76 74
76 45
76 15
76 81
76 19
76 86
76 57
76 79
76 60
77 64
77 35
77 86
77 81
77 7
77 9
77 74
77 12
77 45
77 14
77 15
77 17
77 82
77 19
77 54
77 58
77 27
77 28
78 64
78 35
78 82
78 81
78 8
78 9
78 74
78 45
78 79
78 17
78 50
78 19
78 86
78 57
78 25
78 58
78 27
78 60
79 0
79 64
79 7
79 8
79 9
79 74
79 82
79 15
79 16
79 81
79 50
79 57
79 58
79 79
79 28
80 0
80 35
80 9
80 74
80 45
80 15
80 50
80 17
80 82
80 19
80 54
80 79
83 0
83 64
83 35
83 8
83 9
83 79
83 27
83 81
83 50
83 86
83 58
83 15
84 35
84 8
84 9
84 74
84 45
84 79
84 17
84 82
84 19
84 54
85 19
87 0
87 27
87 74
87 45
87 15
87 50
87 81
87 82
87 19
87 86
87 58
87 79
