88
0 0
0 3
0 6
0 7
0 8
0 11
0 21
0 23
0 25
0 29
0 37
0 41
0 43
0 46
0 47
0 49
0 51
0 53
0 57
0 63
0 71
0 76
0 77
0 86
1 64
1 46
1 47
1 20
1 53
1 54
1 31
2 3
2 8
2 12
2 18
2 20
2 21
2 23
2 25
2 30
2 35
2 38
2 46
2 47
2 51
2 52
2 54
2 55
2 63
2 64
2 65
2 71
2 78
2 80
2 87
3 41
3 77
3 79
3 49
3 51
3 52
3 54
3 57
6 6
6 7
6 11
6 18
6 20
6 25
6 29
6 34
6 37
6 42
6 43
6 46
6 47
6 49
6 52
6 57
6 59
6 63
6 64
6 71
6 76
6 77
6 80
6 85
6 86
8 35
8 4
8 7
8 43
8 77
8 47
8 51
8 84
8 87
8 36
8 30
8 52
9 35
9 71
9 7
9 76
9 51
9 20
9 85
9 52
9 63
10 64
10 33
10 35
10 36
10 6
10 71
10 80
10 11
10 78
10 79
10 48
10 67
10 52
10 57
10 25
10 87
10 84
11 38
11 11
11 77
11 47
11 18
11 53
12 7
12 8
12 11
12 23
12 30
12 33
12 38
12 42
12 46
12 47
12 51
12 52
12 57
12 59
12 63
12 64
12 67
12 76
12 77
12 79
12 80
12 84
12 85
12 87
17 6
17 12
17 18
17 20
17 21
17 23
17 30
17 35
17 46
17 49
17 53
17 54
17 55
17 57
17 59
17 63
17 64
17 71
17 76
17 77
17 79
17 80
17 81
17 85
17 86
17 87
18 84
18 34
18 3
18 69
18 6
18 8
18 41
18 11
18 78
18 47
18 81
18 51
18 52
18 85
18 73
18 57
18 59
18 29
18 63
20 35
20 3
20 41
20 11
20 48
20 49
20 67
20 84
20 86
20 29
24 64
24 33
24 47
24 48
24 18
24 84
24 25
24 20
25 0
25 3
25 37
25 8
25 11
25 76
25 46
25 79
25 85
25 87
25 52
25 21
25 54
25 23
25 25
25 55
25 30
25 53
26 0
26 3
26 18
26 20
26 30
26 31
26 34
26 35
26 36
26 37
26 38
26 42
26 43
26 46
26 48
26 49
26 51
26 52
26 53
26 54
26 55
26 71
26 76
26 79
27 37
27 23
27 77
27 46
27 20
27 54
27 87
27 69
28 0
28 3
28 6
28 7
28 21
28 29
28 30
28 31
28 37
28 41
28 43
28 46
28 48
28 49
28 51
28 52
28 54
28 57
28 59
28 63
28 67
28 76
28 79
28 86
32 86
32 38
32 7
32 8
32 41
32 71
32 77
32 63
32 79
32 83
32 20
32 21
32 54
32 57
32 52
32 59
32 85
32 53
33 54
33 41
33 46
33 79
33 51
33 86
33 87
34 0
34 34
34 35
34 55
34 12
34 79
34 49
34 51
34 20
34 87
34 47
39 36
39 7
39 73
39 12
39 52
39 21
39 55
39 31
40 3
40 7
40 21
40 23
40 29
40 33
40 34
40 36
40 37
40 43
40 47
40 48
40 54
40 55
40 57
40 59
40 63
40 69
40 71
40 76
40 77
40 81
40 85
41 0
41 6
41 11
41 18
41 20
41 21
41 23
41 28
41 29
41 31
41 33
41 34
41 35
41 41
41 43
41 46
41 47
41 48
41 54
41 59
41 64
41 67
41 69
41 73
41 78
41 85
42 35
42 49
42 18
42 3
42 54
42 57
42 63
44 0
44 67
44 36
44 87
44 79
44 57
44 23
44 55
44 31
45 67
45 41
45 12
45 79
45 48
45 57
45 59
46 0
46 6
46 8
46 11
46 12
46 18
46 20
46 21
46 30
46 31
46 33
46 34
46 35
46 36
46 38
46 46
46 51
46 57
46 63
46 64
46 67
46 77
46 79
46 85
47 0
47 84
47 34
47 3
47 36
47 69
47 6
47 7
47 67
47 48
47 49
47 51
47 20
47 21
47 55
47 25
47 87
47 81
48 7
48 87
48 46
48 81
48 21
48 23
48 25
50 48
50 3
50 37
50 6
50 12
50 80
50 18
50 35
50 20
51 43
51 37
51 11
51 12
51 46
51 84
51 86
51 59
51 31
52 6
52 8
52 18
52 25
52 29
52 33
52 34
52 35
52 36
52 43
52 46
52 49
52 55
52 63
52 65
52 71
52 73
52 77
52 79
52 80
52 81
52 85
53 0
53 3
53 6
53 7
53 11
53 12
53 18
53 29
53 31
53 33
53 34
53 36
53 47
53 51
53 52
53 53
53 55
53 59
53 63
53 71
53 77
53 84
53 87
56 37
56 38
56 7
56 8
56 43
56 87
56 59
57 4
57 6
57 7
57 8
57 20
57 30
57 31
57 37
57 41
57 43
57 47
57 51
57 52
57 53
57 54
57 55
57 57
57 65
57 67
57 77
57 80
57 87
59 6
59 11
59 12
59 18
59 20
59 25
59 33
59 34
59 35
59 37
59 43
59 48
59 49
59 51
59 53
59 54
59 55
59 59
59 64
59 67
59 76
59 85
59 87
60 34
60 7
60 43
60 46
60 79
60 85
60 71
60 31
61 6
61 7
61 11
61 12
61 23
61 31
61 34
61 35
61 36
61 37
61 38
61 47
61 48
61 52
61 57
61 63
61 67
61 71
61 73
61 79
61 83
61 84
61 86
62 3
62 6
62 11
62 23
62 25
62 31
62 34
62 36
62 38
62 41
62 47
62 49
62 51
62 53
62 54
62 57
62 63
62 71
62 76
62 77
62 79
62 80
62 82
62 84
62 87
64 6
64 7
64 11
64 20
64 25
64 28
64 31
64 33
64 35
64 37
64 41
64 46
64 47
64 51
64 53
64 55
64 59
64 63
64 64
64 69
64 71
64 76
64 79
64 84
64 86
65 3
65 6
65 7
65 8
65 11
65 20
65 21
65 23
65 31
65 33
65 35
65 37
65 38
65 48
65 51
65 52
65 59
65 64
65 71
65 76
65 77
65 79
65 84
65 85
65 86
65 87
66 34
66 76
66 77
66 49
66 18
66 84
66 59
67 34
67 37
67 71
67 41
67 57
67 11
67 12
67 77
67 46
67 47
67 53
67 51
67 21
67 23
67 25
67 29
67 30
67 31
68 0
68 3
68 6
68 8
68 11
68 17
68 18
68 21
68 23
68 34
68 35
68 36
68 46
68 47
68 48
68 52
68 54
68 63
68 67
68 69
68 71
68 76
68 79
68 85
70 11
70 54
71 3
71 38
71 8
71 46
71 79
71 48
71 20
71 54
72 33
72 37
72 41
72 77
72 51
72 53
72 30
73 8
73 12
73 46
73 84
73 55
73 52
73 63
73 31
74 49
74 31
75 64
75 7
75 76
75 46
75 52
75 30
75 63
76 7
76 8
76 11
76 12
76 23
76 29
76 30
76 31
76 33
76 34
76 41
76 46
76 49
76 53
76 54
76 55
76 63
76 65
76 76
76 77
76 79
76 81
76 85
76 86
77 0
77 64
77 37
77 38
77 71
77 8
77 41
77 77
77 47
77 18
77 20
77 85
77 54
77 23
77 25
77 63
77 84
77 29
77 30
77 52
78 33
78 67
78 38
78 7
78 43
78 77
78 47
78 49
78 52
78 86
78 23
78 57
78 71
78 81
78 29
78 31
81 69
81 7
81 73
81 43
81 20
81 25
81 29
81 30
82 64
82 34
82 6
82 7
82 41
82 71
82 47
82 21
82 23
82 63
82 30
82 85
85 33
85 35
85 85
85 65
85 11
85 12
85 77
85 47
85 67
85 20
85 57
85 54
85 23
85 25
85 63
85 52
85 29
85 55
85 31
86 65
86 43
86 36
86 38
86 6
86 71
86 41
86 11
86 12
86 46
86 47
86 80
86 49
86 18
86 20
86 54
86 57
86 59
