88
0 33
0 36
0 7
0 8
0 9
0 10
0 12
0 49
0 42
0 63
0 29
0 30
0 31
1 2
1 7
1 8
1 9
1 10
1 11
1 18
1 27
1 29
1 30
1 31
1 33
1 34
1 42
1 48
1 49
1 59
1 62
1 63
1 67
1 74
1 75
1 82
3 0
3 7
3 8
3 10
3 11
3 13
3 18
3 27
3 29
3 30
3 31
3 33
3 34
3 42
3 46
3 48
3 49
3 51
3 59
3 62
3 67
3 74
3 82
4 49
4 74
4 13
4 62
5 2
5 8
5 74
5 75
5 34
5 17
5 62
5 27
5 10
5 30
5 31
6 0
6 2
6 7
6 10
6 11
6 12
6 13
6 27
6 29
6 30
6 31
6 33
6 34
6 36
6 42
6 46
6 48
6 51
6 59
6 62
6 63
6 67
6 74
6 75
6 82
7 0
7 2
7 59
7 49
7 8
7 63
7 10
7 67
7 46
7 48
7 40
7 82
7 51
7 74
7 62
7 27
7 29
7 30
7 31
9 33
9 2
9 59
9 36
9 49
9 7
9 63
9 67
9 34
9 48
9 17
9 18
9 51
9 82
9 27
9 62
9 31
14 0
14 2
14 34
14 36
14 63
14 8
14 9
14 10
14 67
14 12
14 13
14 46
14 48
14 40
14 18
14 42
14 82
14 27
14 29
14 30
14 31
15 33
15 11
16 0
16 2
16 7
16 8
16 9
16 10
16 11
16 13
16 17
16 27
16 30
16 31
16 34
16 40
16 42
16 48
16 49
16 51
16 59
16 62
16 63
16 74
20 2
20 67
20 82
20 7
20 8
20 9
20 10
20 75
20 12
20 34
20 48
20 18
20 51
20 74
20 29
20 63
21 0
21 2
21 7
21 8
21 9
21 10
21 11
21 17
21 18
21 27
21 29
21 30
21 31
21 33
21 34
21 40
21 42
21 48
21 49
21 51
21 59
21 62
21 67
21 74
21 75
21 82
23 0
23 33
23 67
23 8
23 10
23 74
23 75
23 13
23 82
23 51
23 59
23 29
23 62
23 63
25 67
25 82
25 10
25 11
25 13
25 48
25 59
25 18
25 51
25 27
25 62
26 0
26 2
26 8
26 9
26 10
26 11
26 12
26 13
26 17
26 18
26 27
26 29
26 30
26 31
26 34
26 36
26 42
26 46
26 48
26 49
26 51
26 59
26 62
26 63
26 74
26 82
28 0
28 2
28 7
28 11
28 13
28 27
28 29
28 30
28 31
28 33
28 34
28 36
28 42
28 48
28 49
28 51
28 59
28 62
28 63
28 67
28 75
28 82
29 0
29 33
29 2
29 34
29 82
29 9
29 42
29 75
29 12
29 13
29 46
29 48
29 49
29 18
29 27
29 29
29 62
32 0
32 2
32 7
32 8
32 10
32 12
32 17
32 29
32 30
32 31
32 33
32 34
32 36
32 40
32 42
32 46
32 48
32 49
32 51
32 59
32 62
32 63
32 74
32 82
34 0
34 2
34 59
34 7
34 8
34 10
34 11
34 34
34 46
34 82
34 51
34 62
34 27
34 42
34 30
34 31
35 0
35 2
35 7
35 8
35 10
35 11
35 12
35 17
35 18
35 27
35 29
35 30
35 31
35 33
35 36
35 42
35 48
35 51
35 62
35 63
35 67
35 74
35 82
38 0
38 2
38 7
38 8
38 9
38 10
38 12
38 13
38 17
38 18
38 27
38 31
38 33
38 34
38 40
38 42
38 51
38 59
38 62
38 63
38 67
38 74
38 75
38 82
39 0
39 2
39 7
39 10
39 12
39 13
39 15
39 17
39 18
39 27
39 29
39 31
39 34
39 48
39 49
39 51
39 59
39 62
39 63
39 67
39 75
39 82
41 0
41 33
41 2
41 8
41 9
41 74
41 75
41 48
41 49
41 82
41 51
41 62
41 59
41 30
41 31
43 0
43 2
43 8
43 9
43 10
43 12
43 13
43 17
43 27
43 30
43 31
43 34
43 36
43 40
43 42
43 46
43 48
43 51
43 59
43 62
43 67
43 74
43 75
43 82
44 0
44 33
44 34
44 82
44 7
44 8
44 63
44 42
44 75
44 12
44 13
44 46
44 17
44 18
44 51
44 40
44 27
44 29
44 62
44 31
45 0
45 7
45 8
45 9
45 10
45 17
45 18
45 27
45 29
45 30
45 31
45 33
45 34
45 36
45 42
45 48
45 49
45 59
45 63
45 67
45 74
45 75
47 0
47 7
47 8
47 9
47 10
47 11
47 12
47 18
47 29
47 30
47 31
47 33
47 34
47 42
47 46
47 48
47 51
47 59
47 62
47 63
47 67
47 74
47 75
47 82
50 0
50 2
50 7
50 8
50 9
50 10
50 12
50 18
50 30
50 31
50 33
50 34
50 40
50 42
50 46
50 48
50 49
50 51
50 67
50 74
50 75
50 82
52 48
52 33
54 33
54 2
54 34
54 7
54 40
54 42
54 13
54 46
54 48
54 49
54 82
54 67
54 62
54 29
54 30
55 0
55 33
55 36
55 8
55 42
55 13
55 51
55 62
56 10
58 33
58 2
58 75
58 7
58 8
58 9
58 74
58 11
58 48
58 59
58 67
58 27
58 29
58 30
59 0
59 2
59 7
59 8
59 10
59 11
59 13
59 17
59 27
59 31
59 33
59 34
59 46
59 48
59 49
59 51
59 59
59 62
59 63
59 67
59 74
59 75
59 82
61 0
61 33
61 2
61 59
61 36
61 7
61 8
61 63
61 10
61 67
61 13
61 48
61 40
61 75
61 51
61 82
61 27
61 42
61 30
61 31
65 0
65 33
65 34
65 67
65 7
65 8
65 42
65 75
65 82
65 46
65 48
65 49
65 18
65 51
65 62
65 74
65 30
65 63
66 0
66 2
66 7
66 8
66 10
66 11
66 13
66 17
66 27
66 29
66 30
66 31
66 34
66 36
66 42
66 46
66 48
66 49
66 51
66 59
66 63
66 67
66 74
66 75
68 7
68 8
68 74
68 75
68 12
68 13
68 46
68 49
68 18
68 63
68 29
68 30
68 31
69 63
70 27
70 75
71 49
71 42
72 0
72 2
72 7
72 8
72 9
72 11
72 12
72 13
72 17
72 18
72 27
72 29
72 30
72 31
72 33
72 36
72 40
72 42
72 48
72 49
72 51
72 59
72 62
72 67
72 75
72 82
73 0
73 2
73 7
73 8
73 9
73 10
73 11
73 13
73 17
73 27
73 29
73 30
73 31
73 33
73 34
73 40
73 42
73 46
73 49
73 51
73 59
73 62
73 63
73 67
73 75
73 82
74 2
74 34
74 49
74 8
74 10
74 13
74 17
74 82
74 27
74 42
74 30
74 63
76 0
76 2
76 7
76 8
76 9
76 10
76 12
76 17
76 27
76 30
76 31
76 33
76 34
76 36
76 48
76 49
76 51
76 62
76 63
76 67
76 74
76 75
76 82
77 33
77 49
78 0
78 34
78 67
78 7
78 75
78 51
78 27
78 63
79 0
79 2
79 10
79 12
79 18
79 27
79 29
79 30
79 31
79 33
79 34
79 42
79 46
79 48
79 49
79 51
79 59
79 63
79 67
79 74
79 75
79 82
81 2
83 0
83 2
83 7
83 8
83 10
83 11
83 12
83 13
83 17
83 18
83 29
83 30
83 31
83 33
83 34
83 36
83 42
83 46
83 48
83 49
83 59
83 62
83 63
83 67
83 74
83 75
84 42
84 82
84 48
84 49
84 18
84 27
84 10
84 30
85 2
85 67
85 8
85 9
85 10
85 75
85 63
85 49
85 82
85 74
85 27
85 29
85 31
86 2
86 7
86 8
86 9
86 10
86 12
86 17
86 27
86 29
86 31
86 33
86 36
86 42
86 46
86 48
86 49
86 51
86 59
86 62
86 74
86 75
86 82
