88
0 83
0 35
0 81
0 41
0 79
0 44
0 46
0 47
0 80
0 17
0 18
0 51
0 52
0 25
0 58
0 59
0 28
0 62
1 33
1 83
1 36
1 65
1 80
1 44
1 46
1 16
1 81
1 18
1 51
1 54
1 25
1 59
1 28
1 62
2 33
2 5
2 80
2 42
2 46
2 79
2 16
2 17
2 18
2 51
2 25
2 62
3 36
3 5
3 42
3 46
3 47
3 80
3 17
3 82
3 52
3 54
3 25
3 58
3 79
3 28
3 62
3 69
4 79
4 35
4 36
4 81
4 40
4 42
4 44
4 46
4 47
4 80
4 17
4 51
4 52
4 25
4 59
4 28
5 16
5 35
5 36
5 5
5 40
5 41
5 44
5 47
5 80
5 62
5 69
7 33
7 36
7 69
7 40
7 80
7 42
7 44
7 46
7 47
7 16
7 17
7 83
7 54
7 25
7 58
7 28
8 33
8 35
8 36
8 5
8 81
8 49
8 42
8 44
8 46
8 17
8 18
8 83
8 59
8 28
8 69
9 49
9 40
9 42
9 44
9 79
9 80
9 81
9 51
9 52
10 33
10 80
10 69
10 65
10 40
10 41
10 46
10 16
10 81
10 83
10 52
10 55
10 25
10 59
10 28
10 29
10 62
11 33
11 35
11 40
11 44
11 47
11 17
11 18
11 51
11 52
11 25
11 28
11 62
12 33
12 35
12 36
12 69
12 81
12 49
12 40
12 41
12 44
12 80
12 17
12 18
12 83
12 52
12 58
12 59
12 28
12 62
13 33
13 35
13 36
13 65
13 40
13 80
13 46
13 16
13 81
13 18
13 51
13 52
13 25
13 59
13 28
13 62
14 33
14 35
15 33
15 83
15 35
15 5
15 81
15 49
15 40
15 42
15 44
15 46
15 47
15 16
15 17
15 18
15 51
15 25
15 59
15 28
15 69
16 33
16 83
16 35
16 36
16 69
16 80
16 41
16 44
16 16
16 81
16 18
16 51
16 54
16 25
16 58
16 59
16 62
19 33
19 35
19 16
19 40
19 41
19 42
19 80
19 49
19 18
19 83
19 28
19 62
20 33
20 83
20 35
20 36
20 40
20 42
20 44
20 46
20 47
20 80
20 81
20 18
20 51
20 54
20 79
20 28
20 29
20 62
22 5
22 42
22 44
22 46
22 79
22 80
22 17
22 18
22 59
22 29
22 62
23 65
23 17
23 69
23 33
23 40
23 80
23 81
23 18
23 51
23 52
23 25
23 59
23 62
24 35
24 36
24 5
24 40
24 42
24 44
24 46
24 80
24 81
24 18
24 51
24 52
24 59
24 28
24 62
24 69
25 35
25 36
25 81
25 41
25 42
25 44
25 82
25 79
25 80
25 17
25 18
25 83
25 52
25 58
25 59
25 28
25 62
27 80
27 35
27 69
27 40
27 41
27 42
27 44
27 46
27 16
27 49
27 18
27 51
27 52
27 21
27 25
27 28
27 62
30 33
30 35
30 36
30 5
30 81
30 65
30 40
30 79
30 44
30 82
30 47
30 16
30 17
30 18
30 51
30 25
30 59
30 28
31 33
31 83
31 81
31 40
31 41
31 42
31 44
31 49
31 18
31 51
31 54
31 55
31 25
31 59
31 28
31 62
33 65
33 35
33 5
33 33
33 40
33 44
33 80
33 81
33 18
33 49
33 62
34 65
34 5
34 81
34 40
34 41
34 42
34 44
34 82
34 46
34 80
34 17
34 18
34 52
34 59
34 28
34 62
34 69
35 36
35 40
35 42
35 47
35 80
35 17
35 51
35 54
35 25
35 28
35 62
37 40
37 59
37 62
38 33
38 35
38 5
38 81
38 49
38 40
38 42
38 44
38 80
38 17
38 18
38 51
38 52
38 55
38 25
38 59
38 28
38 62
40 35
40 49
40 17
40 42
40 44
40 46
40 47
40 80
40 81
40 51
40 59
40 28
40 62
44 33
44 83
44 35
44 36
44 41
44 42
44 44
44 46
44 79
44 17
44 51
44 25
44 58
44 59
44 28
44 62
45 65
45 35
45 36
45 5
45 40
45 42
45 44
45 46
45 79
45 81
45 18
45 52
45 54
45 58
45 59
45 28
45 62
45 69
48 80
48 35
48 36
48 5
48 42
48 79
48 16
48 17
48 18
48 51
48 52
48 54
48 25
48 58
48 28
48 62
52 33
52 36
52 5
52 81
52 40
52 42
52 44
52 79
52 80
52 49
52 82
52 51
52 52
52 25
52 58
52 59
52 62
53 33
53 35
53 36
53 81
53 65
53 40
53 42
53 46
53 49
53 51
53 52
53 54
53 58
53 59
53 62
55 80
55 83
55 35
55 40
55 44
55 46
55 47
55 16
55 81
55 82
55 51
55 52
55 25
55 59
55 28
55 62
56 65
56 35
56 40
56 42
56 44
56 47
56 80
56 17
56 18
56 52
56 59
57 33
57 36
57 69
57 42
57 44
57 46
57 16
57 82
57 51
57 59
57 29
60 79
60 35
60 36
60 69
60 81
60 40
60 42
60 46
60 47
60 80
60 17
60 18
60 51
60 52
60 25
60 59
60 28
61 65
61 35
61 36
61 5
61 33
61 40
61 41
61 44
61 16
61 17
61 18
61 59
61 28
61 69
62 16
62 36
62 69
62 40
62 41
62 44
62 46
62 80
62 81
62 28
63 33
63 83
63 35
63 5
63 41
63 42
63 46
63 47
63 80
63 49
63 18
63 51
63 52
63 54
63 25
63 28
63 62
64 79
64 33
64 35
64 36
64 40
64 41
64 42
64 47
64 80
64 17
64 51
64 52
64 59
64 28
64 62
65 65
65 35
65 5
65 40
65 44
65 47
65 16
65 81
65 82
65 51
65 52
65 25
65 59
65 28
65 62
66 79
66 33
66 35
66 36
66 5
66 40
66 42
66 82
66 47
66 81
66 18
66 51
66 52
66 54
66 25
66 59
66 62
66 69
67 33
67 36
67 5
67 49
67 40
67 41
67 42
67 82
67 80
67 47
67 16
67 17
67 18
67 52
67 25
67 28
68 69
68 17
68 40
68 41
68 42
68 44
68 46
68 81
68 51
68 49
68 59
69 33
69 35
69 36
69 5
69 81
69 40
69 42
69 44
69 46
69 80
69 17
69 52
69 25
69 59
69 62
70 33
70 35
70 36
70 81
70 80
70 42
70 44
70 16
70 17
70 18
70 51
70 52
70 25
70 58
70 59
70 28
70 62
71 33
71 36
71 5
71 40
71 41
71 42
71 44
71 46
71 15
71 80
71 18
71 51
71 52
71 58
71 62
71 69
72 83
72 35
72 69
72 81
72 41
72 42
72 44
72 49
72 18
72 51
72 54
72 25
72 59
72 28
72 62
73 35
73 36
73 5
73 40
73 41
73 79
73 44
73 47
73 80
73 81
73 82
73 51
73 25
73 59
73 62
73 69
74 65
74 83
74 36
74 5
74 40
74 41
74 42
74 44
74 82
74 46
74 80
74 81
74 18
74 51
74 54
74 25
74 59
74 28
75 33
75 35
75 36
75 69
75 49
75 40
75 42
75 44
75 46
75 47
75 16
75 17
75 18
75 51
75 52
75 79
75 28
77 51
77 36
77 5
77 17
77 41
77 81
77 83
77 25
77 28
77 62
78 65
78 35
78 17
78 40
78 42
78 79
78 81
78 51
78 25
78 59
78 28
80 80
80 35
80 36
80 5
80 81
80 40
80 41
80 44
80 79
80 16
80 17
80 52
80 25
80 59
80 62
80 69
84 17
84 35
84 81
86 33
86 83
86 35
86 5
86 81
86 65
86 40
86 41
86 44
86 80
86 17
86 82
86 51
86 25
86 28
86 62
87 33
87 83
87 35
87 69
87 81
87 40
87 44
87 79
87 16
87 17
87 82
87 51
87 52
87 25
87 59
87 62
