88
0 0
0 32
0 83
0 70
0 65
0 7
0 64
0 10
0 82
0 78
0 56
0 50
0 19
0 24
0 25
0 61
0 62
1 0
1 35
1 38
1 7
1 72
1 76
1 46
1 16
1 17
1 51
1 22
1 25
1 29
2 0
2 65
2 69
2 10
2 16
2 82
2 83
2 22
2 56
2 25
2 29
3 0
3 32
3 83
3 69
3 6
3 7
3 10
3 46
3 17
3 82
3 51
3 78
3 22
3 56
3 24
3 25
3 26
3 27
3 70
3 62
3 65
4 6
4 7
4 8
4 10
4 16
4 22
4 24
4 29
4 32
4 35
4 37
4 38
4 49
4 50
4 51
4 52
4 60
4 61
4 62
4 65
4 70
4 72
4 83
5 64
5 32
5 68
5 69
5 70
5 7
5 17
5 50
5 83
5 52
5 22
5 56
5 27
5 31
7 32
7 69
7 38
7 17
7 51
7 52
7 22
7 24
7 60
7 29
8 51
8 83
8 68
8 37
8 6
8 8
8 9
8 16
8 40
8 19
8 20
8 72
8 52
8 26
8 27
8 60
8 29
8 69
8 31
9 32
9 68
9 7
9 8
9 40
9 82
9 83
9 52
9 22
9 56
9 24
9 25
9 26
9 27
9 31
10 0
10 3
10 6
10 7
10 8
10 16
10 17
10 25
10 31
10 38
10 46
10 48
10 51
10 52
10 60
10 61
10 65
10 67
10 68
10 69
10 70
10 72
10 82
10 83
13 0
13 6
13 8
13 16
13 17
13 22
13 26
13 27
13 30
13 31
13 32
13 38
13 40
13 42
13 46
13 52
13 60
13 61
13 64
13 65
13 69
13 72
13 76
13 82
16 32
16 65
16 68
16 69
16 7
16 8
16 10
16 82
16 83
16 52
16 24
16 27
17 64
17 65
17 35
17 37
17 6
17 7
17 40
17 16
17 72
17 82
17 83
17 22
17 27
20 51
20 7
21 52
22 0
22 64
22 35
22 68
22 69
22 6
22 7
22 16
22 51
22 52
22 22
22 26
22 27
22 60
22 61
22 62
22 65
23 32
23 17
23 68
23 61
23 60
24 0
24 65
24 3
24 69
24 51
24 64
24 78
24 16
24 82
24 19
24 55
24 27
25 69
25 70
25 7
25 72
25 17
25 82
25 83
25 24
25 38
26 40
26 27
26 3
26 37
26 78
27 0
27 3
27 6
27 7
27 8
27 16
27 24
27 26
27 27
27 29
27 31
27 32
27 35
27 38
27 40
27 50
27 52
27 61
27 62
27 65
27 68
27 73
27 78
27 82
27 83
30 0
30 65
30 32
30 38
30 6
30 7
30 42
30 17
30 50
30 83
30 22
30 24
30 27
30 51
31 0
31 65
31 69
31 6
31 32
31 72
31 10
31 7
31 16
31 27
31 60
31 29
31 62
32 64
32 69
32 16
32 17
32 83
32 22
32 26
32 61
32 30
33 65
33 7
33 40
33 76
33 83
33 27
33 29
34 64
34 0
34 6
34 7
34 8
34 46
34 83
34 22
34 60
34 29
35 0
35 32
35 37
35 38
35 7
35 8
35 64
35 65
35 16
35 17
35 51
35 52
35 73
35 56
35 24
35 25
35 27
35 60
35 61
35 69
35 31
36 0
36 1
36 10
36 16
36 22
36 24
36 25
36 27
36 29
36 32
36 38
36 42
36 46
36 50
36 52
36 56
36 62
36 64
36 65
36 68
36 69
36 70
36 78
36 83
37 64
37 32
37 29
38 32
38 65
38 38
38 61
38 16
38 50
38 51
38 22
38 27
38 29
39 16
39 27
39 60
40 32
40 64
40 68
40 69
40 6
40 65
40 72
40 82
40 78
40 16
40 17
40 50
40 52
40 22
40 56
40 24
40 26
40 27
40 62
41 0
41 65
41 68
41 69
41 32
41 42
41 16
41 52
41 22
41 24
41 25
41 27
42 40
42 69
42 38
42 7
43 0
43 35
43 3
43 68
43 69
43 51
43 40
43 16
43 17
43 82
43 83
43 52
43 24
43 60
44 64
44 68
44 38
44 40
44 10
44 61
44 16
44 27
44 29
45 27
45 51
45 69
46 16
46 69
47 64
47 0
47 32
47 69
47 7
47 16
47 17
47 50
47 52
47 22
47 60
47 61
48 0
48 32
48 69
48 6
48 71
48 72
48 10
48 78
48 61
48 16
48 83
48 52
48 24
48 27
48 60
48 42
48 30
49 64
49 65
49 69
49 38
49 7
49 78
49 82
49 51
49 26
49 60
49 29
49 31
50 0
50 32
50 7
50 40
50 9
50 78
50 16
50 52
50 61
51 64
51 83
51 37
51 6
51 38
51 10
51 61
51 17
51 82
51 19
51 52
51 22
51 24
51 72
51 26
51 27
51 42
51 30
51 69
52 32
52 51
52 68
52 37
52 38
52 7
52 8
52 64
52 76
52 82
52 61
52 50
52 19
52 20
52 25
52 27
52 60
52 29
52 62
53 8
53 27
54 64
54 38
54 42
54 78
54 16
54 62
54 22
54 27
54 60
54 30
55 32
55 64
55 51
55 60
55 40
56 65
56 68
56 6
56 7
56 78
56 16
56 17
56 83
56 60
56 29
57 24
58 0
58 38
58 8
58 78
58 72
58 82
58 83
58 52
58 22
58 24
58 61
58 62
60 0
60 32
60 69
60 38
60 7
60 10
60 78
60 16
60 17
60 82
60 83
60 22
60 25
60 26
60 27
60 60
60 29
60 65
61 0
61 64
61 32
61 69
61 65
61 7
61 50
61 83
61 22
61 27
62 0
62 65
62 82
62 30
63 32
63 22
63 7
64 0
64 7
64 8
64 10
64 17
64 24
64 26
64 27
64 30
64 31
64 32
64 38
64 51
64 52
64 61
64 62
64 65
64 68
64 69
64 70
64 72
64 82
64 83
64 86
65 64
65 32
65 68
65 69
65 7
65 72
65 56
65 83
65 24
65 60
65 31
66 68
66 70
66 7
66 10
66 16
66 50
66 83
66 22
67 0
67 32
67 3
67 68
67 38
67 35
67 8
67 10
67 17
67 83
67 24
67 29
67 51
68 0
68 6
68 16
68 17
68 22
68 24
68 25
68 26
68 27
68 31
68 32
68 38
68 40
68 46
68 50
68 51
68 52
68 60
68 62
68 64
68 68
68 69
68 72
68 83
70 32
70 19
70 83
70 69
70 7
70 10
70 78
70 17
70 51
70 46
70 56
70 24
70 27
70 61
71 0
71 65
71 69
71 42
71 83
71 20
71 24
71 52
71 26
71 60
72 0
72 32
72 6
72 7
72 17
72 27
72 60
73 65
73 68
73 69
73 6
73 7
73 8
73 51
73 52
73 24
73 60
74 0
74 32
74 83
74 6
74 7
74 64
74 46
74 16
74 50
74 51
74 25
74 27
74 60
74 29
74 31
75 0
75 68
75 69
75 6
75 72
75 12
75 17
75 83
75 52
75 26
75 60
76 72
76 10
76 78
76 16
76 17
76 51
76 40
76 26
76 61
76 31
77 32
77 64
77 68
77 38
77 7
77 10
77 16
77 17
77 83
77 20
77 22
77 56
77 24
77 25
77 65
77 52
78 64
78 65
78 68
78 38
78 6
78 78
78 16
78 17
78 83
78 52
78 22
78 25
78 27
78 70
78 62
79 64
79 65
79 68
79 69
79 7
79 10
79 82
79 32
79 56
79 26
80 82
81 22
82 0
82 68
82 69
82 8
82 46
82 17
82 83
82 25
82 60
82 61
83 0
83 64
83 68
83 71
83 8
83 46
83 16
83 51
83 32
83 24
83 27
83 60
84 30
86 0
86 69
86 6
86 8
86 16
86 40
86 82
86 51
86 22
86 24
86 26
86 60
86 30
87 64
87 32
87 68
87 8
87 78
87 40
87 46
87 22
87 24
87 25
87 26
87 31
