88
0 33
0 69
0 70
0 39
0 41
0 10
0 45
0 46
0 79
0 84
0 53
0 87
0 52
0 62
1 64
1 68
1 4
1 37
1 84
1 40
1 74
1 81
1 82
1 51
1 20
1 22
1 57
1 58
1 27
1 29
1 31
2 64
2 65
2 67
2 35
2 36
2 82
2 9
2 10
2 76
2 45
2 77
2 50
2 51
2 21
2 68
2 58
2 27
2 85
2 63
3 34
3 86
3 39
3 40
3 41
3 74
3 11
3 66
3 47
3 80
3 17
3 50
3 22
3 87
3 24
3 79
3 63
4 57
4 51
4 2
4 3
4 36
4 38
4 65
4 72
4 9
4 42
4 11
4 47
4 49
4 19
4 20
4 53
4 86
4 55
4 52
4 71
4 28
7 2
7 3
7 68
7 39
7 9
7 43
7 34
7 14
7 71
7 84
7 56
7 57
7 26
7 27
7 31
9 64
9 2
9 67
9 70
9 7
9 42
9 39
9 47
9 82
9 19
9 74
9 23
9 57
9 87
9 27
9 29
9 30
9 63
10 0
10 64
10 3
10 36
10 72
10 11
10 47
10 80
10 43
10 67
10 52
10 87
10 24
10 68
10 58
10 29
11 54
12 1
12 3
12 4
12 33
12 74
12 39
12 14
12 71
12 43
12 20
12 54
12 24
12 26
12 60
12 63
13 0
13 3
13 36
13 77
13 9
13 11
13 61
13 46
13 47
13 82
13 67
13 20
13 78
13 86
13 23
13 26
13 29
16 0
16 24
16 58
16 85
16 86
17 33
17 3
17 71
17 10
17 11
17 44
17 46
17 79
17 82
17 54
17 58
17 27
17 60
17 42
17 62
17 31
18 36
19 3
19 9
19 10
19 13
19 19
19 26
19 27
19 29
19 39
19 47
19 50
19 51
19 54
19 56
19 59
19 68
19 70
19 76
19 77
19 80
19 82
19 87
20 68
20 37
20 42
20 75
20 76
20 13
20 47
20 82
20 51
20 52
20 53
20 87
20 56
20 60
20 31
21 0
21 34
21 3
21 86
21 62
21 76
21 45
21 46
21 79
21 18
21 35
21 21
21 22
21 56
21 26
21 75
21 30
21 63
22 67
22 36
22 81
22 39
22 41
22 42
22 76
22 13
22 49
22 50
22 53
22 22
22 23
22 57
22 58
23 0
23 1
23 34
23 3
23 70
23 81
23 9
23 79
23 11
23 76
23 45
23 47
23 17
23 20
23 53
23 41
23 56
23 57
23 27
23 85
23 63
26 2
26 3
26 10
26 76
26 45
26 14
26 77
26 81
26 50
26 51
26 52
26 46
26 60
26 53
26 85
26 31
27 0
27 66
27 67
27 38
27 9
27 42
27 44
27 77
27 46
27 17
27 51
27 84
27 86
27 41
27 60
28 40
28 75
28 79
28 80
28 84
28 54
28 87
28 29
29 68
29 41
29 76
29 51
29 53
29 26
29 62
30 0
30 35
30 68
30 70
30 71
30 41
30 44
30 45
30 46
30 77
30 78
30 19
30 52
30 21
30 56
30 57
30 79
30 29
31 59
31 41
31 42
31 43
31 14
31 79
31 49
31 82
31 87
31 56
31 47
31 31
33 11
34 0
34 33
34 67
34 39
34 64
34 74
34 55
34 13
34 78
34 77
34 49
34 50
34 51
34 84
34 21
34 23
34 57
34 27
34 28
34 29
34 63
35 68
35 75
35 4
35 38
35 40
35 41
35 74
35 43
35 76
35 13
35 14
35 47
35 80
35 52
35 46
35 87
35 36
35 26
35 63
35 30
35 31
36 3
36 68
36 38
36 70
36 39
36 43
36 76
36 79
36 35
36 20
36 85
36 54
36 55
37 0
37 34
37 4
37 38
37 49
37 72
37 9
37 87
37 48
37 17
37 50
37 51
37 54
37 23
37 56
37 68
37 58
38 32
38 64
38 34
38 36
38 54
38 40
38 9
38 10
38 45
38 77
38 73
38 82
38 66
38 53
38 22
38 41
38 57
38 42
38 62
38 63
39 64
39 33
39 34
39 3
39 36
39 37
39 39
39 9
39 74
39 67
39 77
39 14
39 61
39 17
39 19
39 84
39 21
39 23
39 57
39 29
39 85
40 64
40 3
40 4
40 42
40 46
40 79
40 20
40 21
40 54
40 56
40 57
40 58
40 59
40 60
40 10
40 85
41 0
42 64
42 1
42 2
42 35
42 68
42 38
42 71
42 40
42 43
42 13
42 14
42 50
42 87
42 18
42 86
42 23
42 56
42 58
42 75
42 62
43 0
43 1
43 43
43 37
43 38
43 33
43 64
43 42
43 11
43 76
43 13
43 14
43 45
43 20
43 55
43 24
43 60
43 30
43 31
44 64
44 35
44 39
44 77
44 46
44 79
44 17
44 52
44 22
44 87
44 30
45 64
45 68
45 37
45 49
45 9
45 11
45 81
45 51
45 84
45 21
45 54
45 56
45 20
45 29
46 33
46 67
46 3
46 69
46 70
46 39
46 10
46 71
46 47
46 82
46 19
46 84
46 86
46 59
46 60
47 64
47 1
47 3
47 81
47 33
47 40
47 9
47 74
47 13
47 14
47 79
47 49
47 51
47 52
47 21
47 22
47 41
47 26
47 58
47 53
48 58
48 84
48 85
48 55
49 54
50 1
50 34
50 3
50 37
50 9
50 43
50 77
50 49
50 19
50 87
50 56
50 57
50 58
50 28
50 67
52 73
52 44
52 39
53 80
53 49
53 20
53 54
54 67
54 36
54 37
54 11
54 13
54 46
54 50
54 51
54 20
54 82
54 54
54 56
54 4
54 60
54 29
54 85
55 41
55 10
55 14
55 85
55 21
55 31
56 67
56 38
56 71
56 11
56 45
56 14
56 50
56 75
56 19
56 84
56 46
56 63
57 67
57 14
57 63
58 64
58 68
58 73
58 10
58 77
58 45
58 85
58 86
58 55
58 60
58 29
60 64
60 33
60 67
60 70
60 42
60 77
60 49
60 51
60 20
60 21
60 23
60 26
60 74
60 30
60 63
61 70
61 39
61 42
61 48
61 21
61 55
62 67
62 68
62 41
62 80
62 81
62 35
62 20
62 54
63 44
64 0
64 1
64 34
64 71
64 37
64 32
64 10
64 11
64 77
64 18
64 20
64 22
64 58
64 28
64 29
66 32
66 27
66 11
67 27
68 0
68 1
68 2
68 54
68 70
68 40
68 10
68 46
68 80
68 17
68 82
68 51
68 52
68 22
68 55
68 72
68 62
70 64
70 2
70 42
70 45
70 57
70 74
71 10
72 11
72 21
73 10
74 17
74 59
74 22
76 0
76 1
76 66
76 37
76 70
76 42
76 86
76 77
76 79
76 80
76 20
76 21
76 54
76 52
76 58
76 60
76 61
76 62
77 0
77 1
77 2
77 35
77 68
77 5
77 33
77 60
77 39
77 44
77 47
77 75
77 62
77 55
77 87
77 27
77 28
77 61
77 30
77 63
79 64
79 35
79 43
79 13
79 22
79 23
79 26
79 27
80 34
80 3
80 38
80 49
80 40
80 75
80 76
80 14
80 79
80 17
80 84
80 56
80 63
81 0
81 1
81 3
81 36
81 38
81 64
81 76
81 42
81 11
81 44
81 77
81 47
81 19
81 52
81 24
81 84
81 28
82 70
82 71
82 13
82 46
82 20
82 85
82 86
82 29
84 75
84 4
84 37
84 40
84 11
84 46
84 47
84 48
84 87
84 82
84 52
84 54
84 55
84 24
84 84
84 58
84 27
84 86
85 0
85 36
85 69
85 39
85 41
85 42
85 45
85 46
85 84
85 22
85 68
85 26
85 60
85 58
85 62
85 63
86 87
86 36
86 81
86 41
86 79
86 75
86 14
86 60
86 17
86 51
86 52
86 21
86 86
86 55
86 26
86 63
86 28
86 53
87 29
