88
0 70
0 74
0 12
0 77
0 48
0 51
0 61
1 0
1 32
1 35
1 36
1 5
1 6
1 39
1 43
1 44
1 45
1 77
1 61
1 19
1 55
1 56
1 57
1 71
1 27
1 70
1 29
1 31
2 25
2 42
3 33
3 82
3 83
3 20
3 86
4 64
4 36
4 69
4 7
4 10
4 80
4 51
4 24
4 62
5 32
5 2
5 35
5 70
5 7
5 44
5 10
5 39
5 12
5 66
5 79
5 17
5 83
5 20
5 43
5 42
5 63
6 34
6 5
6 38
6 39
6 10
6 44
6 79
6 80
6 86
6 56
6 54
7 33
7 36
7 69
7 6
7 39
7 9
7 43
7 12
7 45
7 44
7 48
7 62
7 54
7 24
7 26
7 30
8 64
8 1
8 34
8 42
8 44
8 47
8 48
8 49
8 28
8 29
8 30
8 63
9 35
9 7
9 40
9 42
9 75
9 15
9 17
9 19
10 32
10 41
10 77
10 80
10 24
11 67
11 74
11 11
11 44
11 48
11 55
12 32
12 1
12 67
12 3
12 68
12 37
12 35
12 76
12 10
12 12
12 46
12 79
12 17
12 19
12 52
12 54
12 69
12 25
12 70
12 30
12 51
13 64
13 75
13 6
13 39
13 41
13 10
13 71
13 45
13 47
13 48
13 82
13 79
13 20
13 25
13 58
13 63
13 31
14 25
14 12
14 69
14 31
16 1
16 67
16 51
16 9
16 10
16 43
16 13
16 46
16 79
16 83
16 86
18 66
18 70
18 7
18 40
18 41
18 74
18 75
18 78
18 17
18 84
18 53
19 64
19 36
19 44
19 75
19 76
19 17
19 54
19 57
19 24
19 25
19 61
20 74
21 17
21 83
21 43
21 37
21 7
22 32
22 1
22 70
22 6
22 39
22 43
22 76
22 46
22 51
22 20
22 86
22 23
23 0
23 34
23 43
23 7
23 72
23 11
23 46
23 47
23 25
24 66
24 6
24 70
24 12
24 44
24 24
25 32
25 1
25 3
25 37
25 38
25 72
25 75
25 12
25 63
26 18
26 78
26 47
27 0
27 34
27 3
27 37
27 7
27 72
27 9
27 42
27 11
27 44
27 13
27 46
27 45
27 82
27 35
27 86
27 83
27 25
27 26
27 61
27 69
28 66
28 39
28 42
28 75
28 26
28 31
29 51
29 6
29 70
29 73
29 47
29 83
29 84
29 24
29 57
30 1
30 66
30 35
30 4
30 5
30 41
30 42
30 11
30 13
30 78
30 77
30 80
30 43
30 82
30 19
30 20
30 83
30 25
30 29
30 30
30 69
31 7
31 10
31 12
31 29
31 32
31 34
31 35
31 40
31 41
31 44
31 54
31 56
31 57
31 63
31 64
31 67
31 70
31 74
31 80
31 82
31 86
31 87
32 32
32 37
32 69
32 77
33 9
34 32
34 80
34 66
34 35
34 6
34 39
34 40
34 73
34 10
34 11
34 76
34 47
34 48
34 83
34 74
34 56
34 84
34 79
34 29
34 63
35 0
35 80
35 34
35 5
35 38
35 7
35 40
35 44
35 74
35 75
35 12
35 46
35 48
35 83
35 20
35 29
35 30
36 43
36 36
36 5
36 70
36 75
36 80
36 84
36 31
37 1
37 69
37 70
37 39
37 40
37 9
37 42
37 43
37 79
37 48
37 82
37 20
37 54
37 56
37 84
37 86
37 31
38 0
38 38
38 47
38 82
38 87
38 25
39 3
39 7
39 17
39 19
39 24
39 32
39 36
39 38
39 39
39 45
39 47
39 51
39 53
39 61
39 67
39 68
39 69
39 70
39 74
39 77
39 78
39 83
39 84
40 80
40 66
40 35
40 63
40 10
40 13
40 78
40 61
40 48
40 82
40 51
40 20
40 54
40 73
40 26
40 27
40 29
40 30
40 31
41 51
41 66
41 3
41 5
41 70
41 40
41 43
41 77
41 79
41 83
41 20
41 38
42 0
42 64
42 38
42 39
42 74
42 71
42 77
42 47
42 17
42 82
42 83
42 53
42 24
42 79
42 62
42 63
43 64
43 34
43 67
43 71
43 10
43 79
43 17
43 26
43 30
44 0
44 32
44 67
44 69
44 39
44 75
44 76
44 14
44 48
44 18
44 24
44 30
44 31
45 64
45 51
45 3
45 9
45 44
45 77
45 46
45 13
45 35
45 86
45 23
45 79
46 66
46 36
46 40
46 14
46 82
46 46
46 63
46 31
47 32
47 33
47 83
47 3
47 5
47 6
47 40
47 41
47 74
47 11
47 45
47 14
47 17
47 75
47 67
47 78
47 25
47 38
47 29
47 30
47 63
48 64
48 1
48 6
48 9
48 82
48 84
48 25
48 61
49 1
49 82
49 54
49 47
50 25
52 1
52 75
52 76
52 45
53 32
53 42
53 22
53 38
53 70
54 32
54 75
54 6
54 7
54 8
54 11
54 12
54 49
54 83
54 20
54 24
54 25
54 31
55 5
55 6
55 7
55 9
55 74
55 11
55 76
55 14
55 82
55 78
55 54
55 41
55 29
56 0
56 64
56 2
56 67
56 66
56 69
56 38
56 40
56 9
56 43
56 34
56 47
56 56
56 51
56 20
56 86
56 41
56 24
56 79
56 61
57 66
57 35
57 69
57 38
57 71
57 10
57 79
57 17
57 52
57 87
57 47
57 42
57 37
58 34
58 40
58 11
58 76
58 79
58 82
58 20
58 55
58 24
59 4
59 5
59 6
59 10
59 11
59 17
59 20
59 26
59 38
59 42
59 56
59 60
59 62
59 66
59 72
59 74
59 75
59 76
59 77
59 80
59 83
59 86
60 76
61 6
61 44
61 46
61 76
61 78
61 14
61 54
61 87
61 24
61 61
63 56
63 17
63 35
63 44
63 61
64 64
64 5
64 38
64 7
64 9
64 10
64 11
64 44
64 77
64 47
64 20
64 86
64 23
64 56
64 39
64 74
64 79
64 61
64 69
65 25
66 2
66 68
66 37
66 70
66 40
66 12
66 78
66 79
66 82
66 24
66 36
66 26
66 30
67 71
67 9
67 74
67 76
67 78
67 79
67 48
67 82
67 29
68 64
68 48
68 25
68 46
68 47
69 64
69 66
69 3
69 5
69 6
69 75
69 34
69 46
69 84
69 54
69 24
69 25
70 17
70 5
71 34
71 37
71 10
71 12
71 14
71 48
71 51
71 56
71 30
71 63
72 66
72 9
72 42
72 75
72 77
72 61
72 48
72 54
72 29
72 30
73 0
73 66
73 39
73 10
73 75
73 80
73 51
73 27
73 61
73 63
74 65
74 74
74 84
74 14
75 56
75 75
75 44
75 30
75 47
76 64
76 3
76 4
76 7
76 40
76 41
76 75
76 12
76 49
76 51
76 54
76 61
77 3
77 5
77 6
77 9
77 11
77 12
77 13
77 15
77 19
77 20
77 24
77 32
77 37
77 41
77 44
77 46
77 54
77 67
77 70
77 74
77 82
77 83
78 11
78 77
78 17
78 51
78 20
78 86
78 87
78 56
78 61
79 32
79 2
79 6
79 70
79 71
79 11
79 22
79 39
79 26
79 63
80 1
80 6
80 9
80 10
80 12
80 17
80 20
80 22
80 24
80 26
80 35
80 39
80 40
80 41
80 43
80 52
80 55
80 61
80 63
80 64
80 70
80 75
80 78
81 0
81 28
81 83
81 76
82 1
82 67
82 40
82 76
82 13
82 46
82 47
82 48
82 17
82 51
82 78
82 86
82 55
82 56
82 72
82 79
83 11
83 44
83 69
84 36
84 69
84 8
84 84
84 86
84 27
84 30
86 0
86 67
86 4
86 71
86 10
86 12
86 45
86 51
86 24
86 61
86 30
86 31
87 1
87 69
87 38
87 49
87 8
87 13
87 80
87 40
87 26
87 61
