88
0 32
0 1
0 34
0 35
0 6
0 7
0 8
0 39
0 49
0 51
0 22
0 87
0 26
0 58
1 35
1 5
1 8
1 43
1 76
1 13
1 46
1 45
1 18
1 20
1 22
1 87
1 26
1 58
2 32
2 1
2 35
2 37
2 38
2 39
2 8
2 43
2 13
2 46
2 49
2 87
2 26
2 58
3 0
3 32
3 34
3 37
3 6
3 8
3 76
3 14
3 18
3 83
3 20
3 85
3 22
3 87
3 38
4 0
4 1
4 34
4 43
4 5
4 32
4 8
4 39
4 76
4 45
4 46
4 49
4 18
4 51
4 87
4 83
4 58
4 37
8 0
8 1
8 6
8 8
8 43
8 76
8 45
8 14
8 18
8 83
8 85
8 46
8 51
9 1
9 34
9 35
9 5
9 6
9 7
9 43
9 76
9 13
9 14
9 49
9 46
9 87
9 58
10 34
10 35
10 5
10 6
10 7
10 43
10 76
10 13
10 14
10 18
10 83
10 87
10 38
10 37
11 34
11 35
11 37
11 6
11 7
11 8
11 39
11 76
11 45
11 14
11 49
11 18
11 51
11 20
11 46
11 87
11 58
11 38
12 0
12 35
12 8
12 45
12 46
12 18
12 26
16 1
16 34
16 35
16 38
16 39
16 8
16 83
16 76
16 13
16 14
16 45
16 49
16 18
16 51
16 46
16 22
16 87
16 58
17 0
17 32
17 35
17 5
17 38
17 7
17 43
17 13
17 14
17 45
17 49
17 18
17 20
17 46
17 22
17 26
17 58
17 85
18 0
18 1
18 37
18 6
18 32
18 76
18 45
18 18
20 0
20 32
20 5
20 7
20 39
20 76
20 13
20 45
20 18
20 51
20 20
20 87
20 26
20 37
21 0
21 1
21 34
21 37
21 6
21 7
21 45
21 22
21 87
21 58
23 0
23 1
23 34
23 35
23 5
23 6
23 39
23 43
23 14
23 18
23 83
23 85
23 22
23 46
24 37
24 8
24 43
24 46
24 18
24 22
26 0
26 1
26 34
26 43
26 37
26 38
26 32
26 7
26 76
26 45
26 51
26 20
26 87
26 83
26 39
26 26
26 58
27 34
27 35
27 37
27 6
27 7
27 39
27 76
27 13
27 14
27 51
27 46
27 22
27 87
27 38
27 85
28 32
28 1
28 34
28 5
28 38
28 7
28 8
28 43
28 45
28 14
28 83
28 20
28 46
28 22
28 87
28 26
29 49
29 35
30 0
30 35
30 37
30 38
30 7
30 8
30 39
30 45
30 46
30 49
30 18
30 51
30 20
30 87
31 0
31 6
31 39
31 8
31 46
31 76
31 13
31 14
31 18
31 20
31 85
31 87
31 58
32 0
32 1
32 34
32 35
32 37
32 39
32 8
32 43
32 45
32 14
32 18
32 51
32 20
32 87
32 58
33 37
33 38
33 39
33 46
33 49
33 14
33 87
34 0
34 1
34 34
34 8
34 76
34 45
34 14
34 49
34 18
34 83
34 20
34 22
34 58
35 0
35 1
35 34
35 35
35 37
35 39
35 8
35 76
35 13
35 14
35 45
35 49
35 20
35 46
35 22
35 87
35 85
36 32
36 39
36 8
36 43
36 13
36 51
36 20
36 85
36 22
36 87
36 26
37 34
37 35
37 5
37 8
37 43
37 45
37 14
37 18
37 83
37 46
37 22
37 26
37 58
37 37
39 0
39 51
39 34
39 38
39 8
39 76
39 13
39 14
39 45
39 18
39 83
39 46
39 87
39 26
40 0
40 35
40 5
40 6
40 7
40 46
40 14
40 51
40 20
40 85
40 87
40 26
40 58
40 37
41 0
41 1
41 34
41 43
41 32
41 6
41 7
41 8
41 39
41 45
41 46
41 20
41 22
41 26
42 0
42 51
42 38
42 6
42 8
42 43
42 13
42 14
42 49
42 83
42 85
42 22
42 87
42 46
43 32
43 34
43 38
43 6
43 43
43 76
43 13
43 46
43 18
43 83
43 85
43 87
43 26
43 58
46 32
46 1
46 5
46 38
46 39
46 8
46 13
46 14
46 45
46 49
46 51
46 20
46 87
46 26
47 32
47 34
47 35
47 5
47 38
47 7
47 8
47 43
47 76
47 45
47 14
47 18
47 51
47 20
47 46
47 87
47 26
47 85
48 1
48 34
48 35
48 39
48 8
48 43
48 13
48 14
48 18
48 83
48 46
48 22
48 87
48 26
49 0
49 35
49 37
49 8
49 43
49 46
49 49
49 22
50 0
50 1
50 34
50 51
50 8
50 43
50 76
50 18
50 83
50 20
50 22
50 26
50 58
52 18
52 22
52 38
52 37
53 7
54 32
54 1
54 34
54 35
54 37
54 38
54 7
54 8
54 39
54 76
54 13
54 14
54 18
54 83
54 20
54 46
54 22
54 26
54 85
55 35
55 76
56 0
56 32
56 35
56 38
56 39
56 8
56 43
56 45
56 14
56 49
56 18
56 51
56 20
56 46
56 87
56 26
56 58
56 85
57 32
57 37
57 38
57 7
57 8
57 43
57 13
57 14
57 49
57 18
57 83
57 22
57 87
59 1
59 34
59 35
59 6
59 7
59 43
59 49
59 51
59 20
59 22
59 87
59 58
60 34
60 35
60 5
60 6
60 43
60 76
60 14
60 22
60 37
61 8
61 34
61 6
61 87
62 1
62 34
62 35
62 6
62 7
62 8
62 83
62 13
62 14
62 18
62 51
62 46
62 22
62 26
62 85
63 0
63 1
63 34
63 35
63 37
63 32
63 39
63 76
63 45
63 46
63 43
63 18
63 85
63 22
63 87
63 26
66 32
66 1
66 34
66 37
66 6
66 8
66 76
66 13
66 14
66 45
66 49
66 18
67 0
67 1
67 34
67 5
67 6
67 32
67 8
67 43
67 13
67 14
67 45
67 18
67 20
67 85
67 87
67 58
67 38
67 37
68 0
68 34
68 35
68 7
68 43
68 76
68 13
68 14
68 45
68 49
68 18
68 83
68 46
68 22
68 87
68 26
68 58
68 85
69 1
69 34
69 38
69 39
69 43
69 76
69 49
69 18
69 51
69 20
69 85
69 22
69 87
70 0
70 1
70 34
70 32
70 5
70 38
70 7
70 76
70 14
70 49
70 18
70 46
70 87
70 26
70 58
71 8
71 22
72 32
72 1
72 34
72 35
72 37
72 6
72 76
72 46
72 18
72 51
72 87
72 26
72 38
73 32
73 34
73 37
73 38
73 7
73 46
73 13
73 14
73 18
73 83
73 85
74 0
74 1
74 34
74 37
74 76
74 45
74 46
74 18
74 87
75 32
75 8
75 13
75 14
75 45
75 49
75 18
75 51
75 22
75 87
76 1
76 34
76 37
76 7
76 8
76 39
76 13
76 14
76 20
76 85
76 22
76 87
76 26
76 58
77 32
77 1
77 34
77 35
77 5
77 7
77 8
77 43
77 76
77 45
77 14
77 18
77 83
77 46
77 22
77 26
77 58
77 37
78 0
78 34
78 5
78 7
78 43
78 45
78 14
78 58
78 26
79 8
79 22
80 34
80 37
80 43
80 45
80 14
80 49
80 51
80 46
80 22
80 87
80 26
80 58
81 35
81 37
81 6
81 7
81 13
81 14
81 45
81 83
81 85
81 22
81 87
81 26
81 58
82 32
82 34
82 35
82 5
82 38
82 8
82 43
82 76
82 13
82 14
82 49
82 18
82 20
82 85
82 37
83 1
83 35
83 5
83 6
83 39
83 43
83 76
83 45
83 14
83 49
83 18
83 83
83 46
83 22
83 37
84 22
86 0
86 1
86 34
86 35
86 49
86 7
86 8
86 39
86 13
86 14
86 43
86 18
86 51
86 20
86 46
86 58
86 85
87 38
87 6
87 7
87 43
87 45
87 18
87 51
87 20
87 85
87 87
