88
0 34
0 27
0 2
0 23
1 72
1 1
2 34
2 36
2 17
2 19
2 22
2 23
2 27
2 60
2 63
3 2
3 37
3 41
3 43
3 9
3 56
3 69
3 5
4 8
4 74
5 33
5 2
5 3
5 5
5 6
5 42
5 11
5 45
5 79
5 86
5 70
5 58
5 38
5 28
5 62
6 64
6 48
6 2
6 3
6 36
6 6
6 74
6 11
6 76
6 34
6 61
6 16
6 50
6 52
6 54
6 23
6 26
6 28
6 58
6 62
7 2
7 34
7 36
7 38
7 9
7 10
7 67
7 13
7 79
7 48
7 17
7 51
7 53
7 86
7 57
7 25
7 58
7 42
7 30
7 85
8 33
8 2
8 67
8 5
8 38
8 7
8 73
8 79
8 48
8 49
8 51
8 22
8 58
8 86
8 30
8 37
9 0
9 2
9 3
9 36
9 54
9 38
9 39
9 9
9 74
9 43
9 13
9 77
9 48
9 17
9 62
9 22
9 58
9 59
9 30
9 69
10 58
10 43
10 28
10 86
11 0
11 2
11 5
11 10
11 11
11 22
11 23
11 24
11 26
11 30
11 33
11 38
11 48
11 50
11 51
11 61
11 62
11 63
11 74
11 78
11 86
11 87
12 2
12 8
12 9
12 10
12 11
12 12
12 13
12 22
12 26
12 28
12 30
12 31
12 37
12 42
12 43
12 50
12 58
12 59
12 63
12 75
12 79
12 82
12 86
13 40
13 48
13 2
14 0
14 48
14 66
14 13
14 16
14 50
14 62
14 61
14 30
16 3
16 36
16 5
16 38
16 39
16 43
16 13
16 19
16 86
16 23
16 58
16 28
16 37
17 2
17 48
17 50
17 51
17 58
17 30
18 5
18 6
18 8
18 11
18 13
18 30
18 34
18 42
18 43
18 50
18 51
18 56
18 58
18 59
18 61
18 62
18 63
18 67
18 71
18 72
18 83
18 86
19 36
20 0
20 72
20 10
20 13
20 79
20 17
20 50
20 51
20 22
20 58
20 59
20 61
20 62
21 1
21 34
21 3
21 38
21 6
21 9
21 42
21 11
21 86
21 48
21 17
21 67
21 41
21 22
21 23
21 25
21 54
21 28
21 62
21 63
22 24
22 38
23 0
23 34
23 7
23 13
23 50
23 86
23 23
23 24
24 62
25 38
25 22
26 2
26 26
26 5
27 33
27 6
27 8
27 43
27 16
27 22
27 62
28 0
28 48
28 34
28 75
28 36
28 5
28 38
28 71
28 76
28 74
28 11
28 12
28 13
28 79
28 16
28 17
28 22
28 26
28 27
28 28
28 62
29 1
29 34
29 59
29 5
29 38
29 39
29 63
29 43
29 44
29 13
29 47
29 48
29 75
29 51
29 62
29 26
29 27
29 70
29 61
29 30
29 37
30 0
30 3
30 36
30 5
30 38
30 75
30 9
30 74
30 43
30 44
30 79
30 48
30 50
30 19
30 23
30 58
30 27
30 28
30 61
30 37
31 34
31 7
32 2
32 6
32 43
32 23
32 58
32 28
32 30
32 63
33 3
33 68
33 49
33 40
33 13
33 77
33 16
33 17
33 83
33 24
33 61
33 62
34 0
34 34
34 66
34 6
34 71
34 72
34 9
34 43
34 13
34 46
34 77
34 17
34 50
34 83
34 22
34 24
34 25
34 26
34 58
34 30
35 67
35 71
35 10
35 76
35 51
35 22
35 30
36 0
36 2
36 4
36 5
36 13
36 16
36 17
36 19
36 21
36 23
36 28
36 34
36 37
36 39
36 40
36 43
36 48
36 51
36 52
36 61
36 64
36 67
37 0
37 1
37 70
37 36
37 37
37 38
37 48
37 8
37 9
37 79
37 44
37 13
37 60
37 16
37 76
37 50
37 51
37 22
37 59
37 28
37 62
38 56
38 23
39 17
39 10
39 81
39 51
39 23
39 58
39 59
40 19
40 75
40 5
40 30
40 53
41 1
41 3
41 36
41 5
41 74
41 79
41 50
41 83
41 62
41 59
41 28
41 42
41 30
42 75
42 37
43 36
44 81
44 50
45 26
45 10
45 51
45 58
46 64
46 1
46 3
46 37
46 6
46 7
46 9
46 10
46 39
46 59
46 43
46 79
46 22
46 23
46 57
46 26
46 38
46 86
46 74
46 62
47 0
47 3
47 37
47 41
47 74
47 23
47 42
47 62
47 31
48 6
48 10
48 13
48 22
48 23
48 28
48 30
48 34
48 38
48 39
48 41
48 42
48 58
48 59
48 60
48 61
48 62
48 63
48 65
48 73
48 79
48 82
49 65
49 2
49 69
49 38
49 39
49 42
49 43
49 23
49 56
49 30
50 63
50 43
50 71
51 38
51 7
51 74
51 79
51 82
51 51
51 85
51 86
51 23
51 26
52 75
52 35
52 44
52 5
52 61
53 59
53 50
53 51
54 50
54 61
54 70
55 65
55 37
55 43
55 76
55 22
55 28
55 30
56 2
56 3
56 9
56 10
56 11
56 17
56 28
56 61
57 0
57 2
57 75
57 68
57 70
57 7
57 73
57 10
57 11
57 13
57 48
57 50
57 21
57 22
57 87
57 59
57 28
57 61
57 62
57 63
58 79
59 0
59 1
59 36
59 5
59 65
59 48
59 42
59 75
59 44
59 13
59 79
59 16
59 17
59 50
59 21
59 23
59 57
59 85
59 37
60 60
61 8
61 42
61 43
61 54
61 87
61 58
61 59
61 62
62 36
62 38
62 77
62 48
62 50
62 51
62 85
62 63
63 48
63 74
63 50
63 22
64 13
65 82
65 63
66 0
66 2
66 67
66 5
66 6
66 9
66 10
66 75
66 86
66 63
66 50
66 74
66 62
66 22
66 26
66 27
66 28
66 58
66 30
66 31
67 2
67 3
67 36
67 38
67 6
67 7
67 11
67 76
67 13
67 79
67 71
67 17
67 53
67 54
67 23
67 62
67 26
67 86
67 30
68 0
68 1
68 3
68 38
68 39
68 43
68 12
68 47
68 51
68 53
68 58
68 61
68 63
69 33
69 3
69 5
69 6
69 72
69 42
69 11
69 13
69 46
69 47
69 48
69 50
69 74
69 85
69 23
69 26
69 79
69 60
69 58
69 69
69 63
70 43
70 37
70 38
70 73
70 74
70 75
70 13
70 17
70 23
70 56
71 6
71 9
71 10
71 22
71 23
71 25
71 26
71 28
71 30
71 38
71 42
71 43
71 44
71 48
71 53
71 58
71 59
71 61
71 67
71 68
71 74
71 83
71 86
72 0
72 34
72 28
72 6
72 63
73 34
73 19
74 69
74 44
74 77
74 50
74 62
74 58
74 28
74 30
75 48
75 23
76 0
76 6
76 11
76 76
76 13
76 16
76 21
76 58
76 30
76 63
77 48
77 23
78 27
78 37
79 65
79 2
79 3
79 4
79 37
79 80
79 9
79 42
79 11
79 13
79 16
79 43
79 50
79 74
79 66
79 41
79 57
79 28
79 61
79 62
80 0
80 64
80 2
80 3
80 4
80 5
80 6
80 7
80 11
80 13
80 16
80 17
80 50
80 51
80 22
80 26
80 75
80 86
80 61
80 62
80 63
81 6
81 43
81 17
81 30
81 28
81 62
81 63
82 67
83 36
83 43
83 48
83 51
83 86
83 26
83 59
83 31
84 0
84 1
84 6
84 11
84 51
84 28
84 62
85 17
85 74
85 51
85 58
85 62
86 3
86 16
86 19
86 25
86 28
86 30
86 34
86 36
86 39
86 42
86 43
86 44
86 46
86 58
86 59
86 61
86 63
86 64
86 74
86 76
86 79
86 82
86 87
87 1
87 11
87 12
87 16
87 22
87 23
87 27
87 30
87 31
87 38
87 39
87 42
87 43
87 49
87 50
87 51
87 62
87 63
87 66
87 73
87 85
87 87
