88
0 0
0 2
0 3
0 7
0 11
0 14
0 17
0 18
0 22
0 25
0 28
0 30
0 36
0 44
0 51
0 53
0 60
0 62
0 64
0 78
0 79
0 85
1 32
1 1
1 72
1 9
1 53
1 27
1 30
2 72
2 65
2 15
2 41
2 39
3 0
3 66
3 67
3 69
3 78
3 24
3 31
4 34
4 35
4 37
4 6
4 7
4 39
4 79
4 16
4 17
4 50
4 54
4 57
4 25
4 61
5 64
5 86
5 84
5 22
5 26
5 29
5 63
6 32
6 3
6 67
6 36
6 51
6 63
6 12
6 83
6 85
6 27
6 53
7 0
7 3
7 6
7 17
7 23
7 24
7 27
7 28
7 34
7 37
7 38
7 39
7 60
7 61
7 62
7 65
7 66
7 70
7 71
7 77
7 78
7 85
7 87
8 66
8 75
8 36
8 5
8 38
8 74
8 43
8 13
8 46
8 79
8 83
8 85
8 70
8 6
8 28
8 61
8 63
9 4
9 5
9 10
9 12
9 14
9 15
9 16
9 18
9 26
9 29
9 32
9 33
9 34
9 36
9 37
9 39
9 41
9 43
9 50
9 53
9 57
9 59
9 60
9 67
9 70
9 73
9 75
9 78
9 83
10 0
10 32
10 36
10 39
10 41
10 74
10 11
10 46
10 79
10 80
10 51
10 84
10 78
10 22
10 73
10 27
10 61
10 63
11 51
11 3
11 57
11 73
11 7
12 5
12 71
12 43
12 50
12 83
12 58
13 0
13 4
13 7
13 9
13 12
13 13
13 17
13 22
13 24
13 27
13 28
13 33
13 35
13 41
13 43
13 46
13 53
13 54
13 55
13 56
13 63
13 65
13 69
13 70
13 73
13 75
13 78
13 86
14 0
14 5
14 6
14 8
14 19
14 24
14 25
14 26
14 28
14 30
14 32
14 38
14 52
14 54
14 61
14 65
14 67
14 69
14 74
14 77
14 84
14 85
15 32
15 65
15 74
15 47
15 83
15 54
15 79
17 22
17 79
18 2
18 3
18 8
18 10
18 15
18 18
18 19
18 24
18 26
18 30
18 33
18 34
18 35
18 47
18 52
18 60
18 61
18 63
18 65
18 69
18 73
18 74
18 75
18 76
18 79
18 84
18 86
19 64
19 34
19 12
19 15
19 19
19 53
21 65
21 66
21 6
21 72
21 9
21 75
21 26
24 0
24 33
24 41
24 77
24 86
24 31
25 2
25 35
25 38
25 72
25 14
25 53
25 61
26 0
26 65
26 34
26 36
26 37
26 75
26 12
26 66
26 77
26 48
26 50
26 85
26 56
26 57
26 61
26 62
27 33
27 5
27 42
27 11
27 15
27 83
27 52
28 65
28 66
28 5
28 72
28 74
28 14
28 17
28 84
28 78
28 58
28 30
29 32
29 34
29 47
30 0
30 35
30 68
30 69
30 38
30 43
30 12
30 13
30 15
30 62
30 22
30 57
30 60
30 30
31 32
31 33
31 2
31 67
31 36
31 69
31 6
31 9
31 42
31 75
31 13
31 15
31 16
31 17
31 52
31 26
31 27
31 70
31 61
31 62
31 63
32 35
32 38
32 9
32 75
32 87
32 52
32 22
32 41
32 56
32 25
32 58
32 59
32 28
32 29
32 62
33 64
33 33
33 66
33 69
33 7
33 76
33 53
33 25
33 37
34 1
34 4
34 69
34 33
34 74
34 39
34 61
34 17
34 18
34 85
34 22
34 23
34 24
34 36
34 26
34 63
34 28
34 29
34 31
35 1
35 2
35 68
35 38
35 12
35 17
35 50
35 53
35 54
35 24
35 31
36 3
36 4
36 6
36 8
36 12
36 13
36 17
36 19
36 22
36 23
36 31
36 34
36 36
36 37
36 43
36 47
36 51
36 54
36 56
36 62
36 64
36 70
36 74
36 76
36 77
36 83
36 86
36 87
37 34
37 67
37 66
37 5
37 39
37 72
37 75
37 42
37 71
37 45
37 78
37 18
37 51
37 52
37 53
37 56
37 83
37 58
37 27
37 30
37 69
38 0
38 33
38 34
38 3
38 4
38 38
38 35
38 13
38 18
38 19
38 52
38 85
38 54
38 87
38 68
38 58
38 59
39 58
39 66
39 26
39 69
39 77
41 42
41 50
41 22
41 87
41 60
41 30
42 3
42 68
42 70
42 52
42 53
42 31
43 64
43 36
43 38
43 60
43 42
43 11
43 77
43 49
43 50
43 51
43 54
43 57
43 25
43 87
43 28
43 61
43 63
45 64
45 67
45 3
45 4
45 75
45 78
45 50
45 14
45 18
45 51
45 52
45 21
45 86
45 57
45 27
45 53
45 31
46 58
46 1
46 5
46 65
46 41
46 13
46 17
46 50
46 51
46 26
46 29
46 30
47 64
47 3
47 13
47 85
47 87
47 24
48 33
48 34
48 35
48 5
48 7
48 72
48 41
48 74
48 43
48 12
48 13
48 14
48 48
48 51
48 78
48 87
48 26
48 59
50 2
50 7
50 12
50 13
50 14
50 15
50 26
50 31
50 37
50 39
50 41
50 47
50 52
50 56
50 57
50 59
50 60
50 65
50 66
50 69
50 72
50 73
50 78
51 34
51 67
51 6
51 75
51 54
51 56
52 0
52 65
52 34
52 3
52 5
52 38
52 72
52 41
52 74
52 77
52 56
52 52
52 24
52 59
52 60
52 37
52 31
54 35
54 69
54 39
54 11
54 84
54 60
54 37
55 50
55 3
55 54
55 47
56 58
56 19
56 85
56 14
58 0
58 2
58 3
58 5
58 6
58 41
58 70
58 12
58 34
58 78
58 17
58 67
58 53
58 22
58 25
58 54
58 60
58 69
59 83
59 37
59 6
59 8
59 77
59 78
59 19
59 54
59 57
59 58
59 28
59 30
60 66
60 68
60 38
60 39
60 8
60 41
60 13
60 14
60 84
60 46
60 24
61 2
61 67
61 39
61 77
61 28
61 61
62 71
62 41
62 79
62 84
62 23
62 25
63 64
63 65
63 66
63 37
63 7
63 71
63 77
63 14
63 61
63 16
63 81
63 19
63 22
63 57
63 29
63 31
64 9
64 18
64 49
64 71
67 1
67 2
67 9
67 13
67 15
67 19
67 25
67 28
67 29
67 30
67 33
67 35
67 36
67 38
67 51
67 52
67 54
67 60
67 61
67 62
67 69
67 71
67 79
67 84
67 86
67 87
70 65
70 35
70 70
70 6
70 1
70 9
70 75
70 47
70 16
70 18
70 19
70 84
72 70
72 79
72 18
72 22
72 24
72 25
73 35
73 39
73 41
73 74
73 19
73 53
74 0
74 6
74 13
74 16
74 17
74 23
74 25
74 27
74 29
74 33
74 37
74 47
74 52
74 57
74 60
74 63
74 64
74 65
74 70
74 72
74 78
74 79
74 86
75 1
75 2
75 3
75 70
75 38
75 8
75 75
75 12
75 13
75 14
75 78
75 19
75 84
75 53
75 83
75 58
75 29
75 62
76 70
76 74
76 77
76 57
76 24
76 25
76 30
77 6
77 42
77 43
77 12
77 13
77 14
77 19
78 36
78 37
78 41
78 46
78 15
78 19
78 26
79 64
79 12
79 15
79 18
79 84
79 54
82 64
82 33
82 59
82 77
82 14
84 36
84 37
84 14
84 77
85 51
85 2
85 34
85 37
85 6
85 9
85 42
85 77
85 14
85 18
85 35
85 78
85 26
86 0
86 2
86 67
86 37
86 60
86 42
86 14
86 81
86 51
86 46
86 85
86 26
86 63
86 28
86 74
86 30
86 53
87 0
87 2
87 5
87 6
87 9
87 11
87 12
87 13
87 29
87 30
87 31
87 36
87 38
87 43
87 45
87 51
87 52
87 54
87 55
87 59
87 69
87 70
87 73
87 83
87 85
87 86
87 87
