88
0 70
0 67
0 5
0 6
0 71
0 41
0 74
0 75
0 44
0 13
0 46
0 81
0 20
0 78
0 56
0 60
0 31
1 67
1 68
1 54
1 6
1 40
1 10
1 43
1 50
1 77
1 80
1 18
1 83
1 53
1 22
1 56
1 58
1 59
2 48
2 65
2 62
3 66
3 35
3 5
3 6
3 10
3 13
3 77
3 48
3 81
3 18
3 19
3 20
3 23
3 56
3 57
3 26
3 38
3 31
4 0
4 68
4 67
4 4
4 70
4 38
4 74
4 55
4 44
4 81
4 20
4 86
4 23
4 52
4 26
4 58
4 30
5 1
5 9
5 83
5 53
5 54
5 61
5 30
6 66
6 67
6 37
6 40
6 77
6 51
6 86
6 57
7 32
7 65
7 68
7 37
7 6
7 80
7 18
7 52
7 60
8 57
8 78
9 64
9 66
9 70
9 42
9 43
9 45
9 81
9 52
9 53
9 86
9 23
9 56
9 55
9 26
9 63
9 31
10 64
10 65
10 83
10 36
10 70
10 38
10 9
10 45
10 48
10 50
10 51
10 54
10 57
10 56
10 25
10 26
10 68
11 56
12 64
12 63
13 0
13 44
13 48
13 81
13 83
13 53
13 23
13 58
13 27
13 61
13 30
13 63
14 67
14 36
14 5
14 42
14 11
14 79
14 35
14 84
14 21
14 54
14 52
14 60
14 30
16 64
16 66
16 68
16 6
16 71
16 40
16 9
16 10
16 43
16 79
16 80
16 72
16 50
16 83
16 52
16 54
16 87
16 56
16 31
17 35
17 4
17 71
17 72
17 41
17 81
17 19
17 22
17 68
17 63
18 0
18 35
18 4
18 41
18 42
18 11
18 13
18 45
18 80
18 43
18 50
18 20
18 53
18 56
18 36
18 47
18 63
19 38
19 11
19 44
19 82
19 80
19 18
19 51
19 23
19 57
19 63
20 0
20 48
20 4
20 69
20 68
20 40
20 64
20 10
20 43
20 78
20 16
20 84
20 21
20 36
20 26
20 58
20 30
20 63
21 1
21 67
21 4
21 5
21 65
21 40
21 42
21 78
21 79
21 49
21 83
21 87
21 72
21 60
21 37
22 1
22 4
22 40
22 81
22 18
22 83
22 63
22 60
22 31
23 35
23 5
23 63
24 56
24 63
25 0
25 32
25 68
25 69
25 45
25 55
25 24
26 32
26 65
26 35
26 38
26 40
26 9
26 87
26 50
26 78
26 48
26 72
26 18
26 21
26 23
26 26
26 60
26 62
26 31
28 34
28 35
28 37
28 38
28 71
28 40
28 41
28 43
28 44
28 48
28 19
28 23
28 26
28 60
28 31
29 32
29 67
29 68
29 38
29 6
29 72
29 9
29 42
29 11
29 52
29 21
29 86
29 26
29 74
29 62
29 53
30 64
30 36
30 10
30 11
30 46
30 56
30 30
30 31
31 65
31 67
31 35
31 37
31 70
31 42
31 79
31 18
31 51
31 62
31 86
31 56
31 26
31 61
31 30
32 67
32 36
32 6
32 71
32 42
32 44
32 50
32 18
32 22
32 23
32 59
32 10
32 63
33 26
33 44
34 26
34 30
35 0
35 35
35 5
35 57
35 46
35 81
35 18
35 19
35 20
35 21
35 55
35 25
35 58
35 60
35 37
35 69
35 31
36 64
36 65
36 36
36 6
36 73
36 44
36 77
36 45
36 19
36 86
36 23
36 59
37 64
37 68
37 5
37 70
37 39
37 72
37 10
37 55
37 44
37 13
37 81
37 19
37 86
37 23
37 30
38 54
38 63
39 18
39 37
39 29
40 4
40 38
40 70
40 71
40 76
40 46
40 47
40 80
40 81
40 20
40 86
40 55
40 52
41 68
41 70
41 43
41 56
41 22
41 55
41 24
41 60
41 62
43 59
43 11
44 64
44 68
44 35
44 4
44 6
44 38
44 71
44 40
44 42
44 43
44 44
44 47
44 25
44 60
44 74
44 31
46 32
46 1
46 4
46 70
46 38
46 72
46 11
46 44
46 80
46 50
46 51
46 52
46 54
46 55
46 36
46 59
46 86
46 63
47 33
47 35
47 68
47 5
47 9
47 74
47 13
47 47
47 48
47 81
47 52
47 22
47 56
47 57
47 54
47 37
48 64
48 34
48 66
48 5
48 40
48 10
48 43
48 44
48 13
48 78
48 80
48 72
48 52
48 55
48 57
48 42
48 31
49 64
49 66
49 67
49 6
49 38
49 71
49 40
49 41
49 43
49 44
49 86
49 50
49 19
49 20
49 53
49 22
49 59
49 70
49 61
49 63
50 64
50 66
50 36
50 5
50 6
50 71
50 41
50 13
50 46
50 45
50 81
50 20
50 53
50 87
50 24
50 52
50 38
52 66
52 4
52 72
52 13
52 80
52 81
52 18
52 84
52 53
52 22
52 26
53 67
53 4
53 37
53 70
53 40
53 9
53 44
53 45
53 78
53 50
53 19
53 22
53 57
53 36
53 60
53 31
54 65
54 66
54 50
54 37
54 6
54 71
54 42
54 11
54 13
54 49
54 18
54 67
54 20
54 22
54 55
54 26
54 30
54 63
55 32
55 33
55 66
55 4
55 68
55 72
55 42
55 44
55 77
55 47
55 18
55 53
55 22
55 87
55 56
55 57
55 61
55 31
56 62
56 5
56 74
56 11
56 44
56 45
56 67
56 20
56 21
56 22
56 55
56 24
56 25
56 58
56 54
56 60
56 30
56 31
57 64
57 1
57 38
57 9
57 42
57 79
57 83
57 52
57 55
57 56
57 59
57 63
58 64
58 67
58 36
58 5
58 6
58 40
58 41
58 43
58 78
58 47
58 80
58 72
58 52
58 21
58 25
58 79
58 70
59 0
59 1
59 35
59 41
59 74
59 43
59 44
59 45
59 46
59 75
59 20
59 21
59 22
59 52
59 59
59 53
60 0
60 64
60 66
60 36
60 5
60 6
60 9
60 10
60 80
60 50
60 53
60 73
60 55
60 57
60 59
60 62
60 37
61 66
61 51
61 68
61 45
61 63
62 3
62 9
62 42
62 79
62 81
62 50
62 21
63 20
64 64
64 51
64 4
64 37
64 70
64 80
64 41
64 13
64 48
64 18
64 19
64 20
64 54
64 56
64 57
64 61
64 84
65 62
65 86
65 31
66 35
66 6
66 73
66 55
66 50
66 20
66 41
66 22
66 23
67 36
67 9
67 13
67 77
67 18
67 55
67 57
67 59
68 11
68 79
70 86
70 36
70 70
70 6
70 41
70 55
70 13
70 46
70 81
70 51
70 84
70 22
70 23
70 60
70 30
71 1
71 42
71 60
71 86
71 41
72 0
72 32
72 22
72 49
72 41
72 75
72 44
72 79
72 81
72 18
72 21
72 86
72 55
72 60
73 26
73 59
73 61
74 48
74 67
74 4
74 6
74 10
74 43
74 13
74 80
74 35
74 22
74 23
74 59
75 40
75 22
75 6
76 26
76 78
77 67
77 9
77 46
77 80
77 81
77 18
77 83
77 53
77 25
77 26
78 65
78 68
78 38
78 6
78 40
78 9
78 11
78 81
78 50
78 83
78 58
78 61
79 32
79 5
80 2
80 55
81 62
82 64
82 66
82 35
82 4
82 41
82 11
82 86
82 87
82 68
82 26
82 59
82 31
83 1
83 66
83 35
83 4
83 85
83 38
83 41
83 42
83 43
83 78
83 18
83 20
83 62
83 22
83 23
83 57
83 87
83 30
83 63
84 0
84 65
84 66
84 68
84 40
84 23
84 13
84 78
84 50
84 86
84 87
84 36
84 58
84 30
85 67
86 0
86 1
86 66
86 35
86 37
86 6
86 33
86 40
86 9
86 42
86 43
86 46
86 80
86 17
86 54
86 26
87 5
87 44
87 18
87 21
87 57
87 26
87 61
