88
0 32
0 40
0 45
0 62
0 87
1 3
1 37
1 71
1 8
1 41
1 13
1 40
1 87
2 3
2 5
2 8
2 22
2 24
2 26
2 27
2 32
2 40
2 41
2 42
2 45
2 49
2 50
2 59
2 62
2 66
2 67
2 68
2 70
2 72
2 77
2 87
3 32
3 66
3 68
3 5
3 38
3 8
3 41
3 42
3 44
3 13
3 45
3 83
3 84
3 22
3 23
3 24
3 58
3 27
3 73
3 62
5 51
5 67
5 5
5 8
5 41
5 13
5 47
5 83
5 22
5 26
5 27
5 58
5 62
6 32
6 59
6 68
6 37
6 38
6 71
6 8
6 73
6 42
6 87
6 44
6 13
6 45
6 17
6 83
6 23
6 26
6 27
6 58
6 62
7 66
7 4
7 37
7 8
7 41
7 42
7 13
7 77
7 50
7 84
7 23
7 24
7 58
7 62
8 3
8 4
8 37
8 70
8 13
8 49
8 23
8 68
8 58
8 59
9 4
9 70
9 41
9 50
9 83
9 24
10 32
10 66
10 59
10 82
10 37
10 38
10 72
10 41
10 42
10 45
10 47
10 17
10 50
10 51
10 84
10 87
10 24
10 58
10 27
10 70
10 62
11 72
11 22
11 27
11 13
11 70
12 51
12 3
12 42
12 77
12 67
12 27
12 62
19 66
19 3
19 4
19 37
19 8
19 41
19 42
19 83
19 13
19 87
19 81
19 51
19 22
19 23
19 58
19 59
19 62
20 32
20 67
20 70
20 40
20 41
20 42
20 51
21 66
21 67
21 5
21 42
21 51
21 22
24 32
24 42
24 13
24 17
24 84
24 22
24 87
24 24
24 26
24 27
25 32
25 3
25 4
25 37
25 38
25 49
25 8
25 41
25 13
25 40
25 50
25 67
25 82
25 24
25 68
25 58
25 59
25 62
25 81
27 41
27 42
27 50
27 51
27 23
27 24
27 62
28 67
28 3
28 49
28 8
28 41
28 42
28 83
28 13
28 77
28 73
28 87
28 40
28 51
28 84
28 22
28 23
28 24
28 72
28 26
28 27
28 58
29 66
29 59
29 82
29 37
29 81
29 71
29 8
29 41
29 42
29 13
29 47
29 49
29 50
29 51
29 84
29 24
29 72
29 58
29 27
29 62
29 69
30 32
30 66
30 59
30 4
30 5
30 70
30 49
30 40
30 41
30 83
30 77
30 17
30 50
30 67
30 24
30 68
30 26
30 27
30 72
30 37
31 32
31 83
31 67
31 68
31 5
31 70
31 40
31 41
31 44
31 45
31 47
31 81
31 82
31 51
31 24
31 27
31 62
31 37
32 32
32 5
32 8
32 13
32 50
32 23
32 24
32 26
32 62
33 32
33 66
33 67
33 37
33 8
33 41
33 13
33 81
33 82
33 83
33 84
33 40
33 26
34 32
34 66
34 67
34 70
34 38
34 71
34 40
34 41
34 13
34 45
34 17
34 50
34 51
34 22
34 73
35 67
35 59
35 68
35 37
35 38
35 49
35 8
35 41
35 42
35 71
35 44
35 13
35 47
35 40
35 51
35 22
35 87
35 58
35 27
35 70
35 62
36 67
36 3
36 37
36 40
36 41
36 44
36 13
36 17
36 50
36 51
36 84
36 22
36 72
36 26
36 27
36 58
36 62
37 68
37 69
37 40
37 41
37 42
37 13
37 8
37 22
37 27
39 66
39 68
39 69
39 81
39 8
39 73
39 42
39 45
39 17
39 50
39 84
39 82
39 23
39 72
39 58
39 59
39 62
40 66
40 67
40 68
40 8
40 41
40 87
40 40
40 51
40 23
40 24
40 72
40 27
41 66
41 68
41 70
41 42
41 83
41 45
41 51
41 84
41 85
41 22
41 87
41 26
43 67
43 37
43 71
43 8
43 42
43 13
43 77
43 49
43 82
43 3
43 24
43 58
43 62
44 67
44 68
44 37
44 70
44 49
44 8
44 73
44 42
44 40
44 50
44 84
44 26
44 59
44 58
44 62
46 32
46 68
46 49
46 73
46 81
46 84
46 87
46 26
46 62
47 32
47 67
47 68
47 5
47 71
47 8
47 41
47 42
47 87
47 13
47 45
47 17
47 50
47 40
47 24
47 62
47 37
48 66
48 67
48 38
48 71
48 8
48 42
48 83
48 82
48 87
48 50
48 51
48 84
48 22
48 23
48 58
48 27
48 62
49 83
49 67
49 37
49 38
49 71
49 8
49 41
49 42
49 45
49 47
49 81
49 50
49 51
49 84
49 22
49 23
49 26
49 70
49 58
49 5
52 32
52 67
52 4
52 37
52 38
52 8
52 73
52 42
52 13
52 77
52 40
52 82
52 83
52 85
52 22
52 87
52 26
52 59
52 58
52 62
53 32
53 37
53 70
53 71
53 8
53 41
53 42
53 82
53 40
53 50
53 84
53 87
53 26
53 27
53 58
53 62
53 81
54 66
54 67
54 5
54 70
54 8
54 73
54 42
54 23
54 81
54 82
54 51
54 87
54 58
54 27
55 32
55 66
55 3
55 5
55 49
55 40
55 73
55 42
55 44
55 45
55 17
55 82
55 51
55 84
55 22
55 87
55 24
55 58
55 27
56 68
56 37
56 42
56 13
56 50
56 84
57 32
57 3
57 68
57 37
57 71
57 72
57 13
57 45
57 67
57 84
57 85
57 22
57 23
57 24
57 26
57 59
58 68
58 37
58 70
58 72
58 73
58 42
58 13
58 40
58 50
58 41
58 87
58 62
60 32
60 66
60 67
60 68
60 69
60 70
60 71
60 8
60 73
60 42
60 45
60 40
60 50
60 83
60 84
60 72
60 26
60 27
60 58
60 81
61 67
61 59
61 37
61 70
61 77
61 40
61 41
61 83
61 13
61 14
61 45
61 87
61 72
61 50
61 51
61 73
61 26
61 47
61 81
61 69
63 32
63 3
63 70
63 40
63 41
63 44
63 77
63 13
63 82
63 22
63 23
63 58
63 27
64 3
64 13
64 24
64 26
64 27
64 37
64 40
64 42
64 45
64 49
64 50
64 51
64 58
64 59
64 62
64 66
64 67
64 68
64 70
64 71
64 72
64 83
64 87
65 32
65 67
65 68
65 5
65 49
65 13
65 45
65 81
65 50
65 51
65 84
65 26
65 59
65 37
66 32
66 70
66 72
66 77
66 8
66 51
66 87
66 24
66 26
70 66
70 67
70 45
70 50
70 87
70 24
70 58
74 3
74 8
74 22
74 23
74 24
74 26
74 27
74 32
74 37
74 40
74 42
74 45
74 51
74 62
74 66
74 67
74 68
74 71
74 73
74 81
74 82
74 84
74 87
75 32
75 67
75 82
75 37
75 40
75 41
75 42
75 13
75 17
75 50
75 84
75 22
75 73
75 27
75 62
76 32
76 67
76 68
76 5
76 49
76 8
76 41
76 42
76 44
76 13
76 45
76 40
76 82
76 51
76 73
76 24
76 26
76 27
76 58
76 69
76 37
77 5
77 8
77 13
77 22
77 24
77 32
77 37
77 38
77 41
77 42
77 47
77 49
77 50
77 51
77 58
77 67
77 68
77 70
77 73
77 81
77 82
77 84
77 87
78 66
78 67
78 68
78 37
78 8
78 41
78 42
78 83
78 13
78 47
78 45
78 40
78 50
78 51
78 22
78 24
78 26
78 27
78 62
79 72
79 87
79 44
79 13
79 81
79 51
79 40
79 58
82 67
82 68
82 5
82 71
82 8
82 41
82 47
82 40
82 82
82 51
82 84
82 87
82 24
82 72
82 58
82 62
82 37
83 67
83 68
83 70
83 72
83 73
83 42
83 13
83 17
83 82
83 51
83 40
83 24
83 27
85 59
85 58
85 83
85 45
86 32
86 51
86 3
86 37
86 38
86 49
86 41
86 42
86 13
86 45
86 81
86 67
86 24
