88
0 0
0 51
0 83
0 5
0 38
0 65
0 73
0 11
0 76
0 46
0 56
0 82
0 19
0 86
0 23
0 24
0 55
0 58
0 62
0 69
1 0
1 51
1 38
1 74
1 76
1 19
1 20
1 86
1 55
1 56
1 57
1 63
3 32
3 65
3 38
3 73
3 74
3 11
3 76
3 14
3 56
3 50
3 19
3 20
3 46
3 23
3 24
3 87
3 60
3 63
4 0
4 33
4 3
4 69
4 38
4 65
4 41
4 11
4 76
4 14
4 73
4 87
4 82
4 51
4 54
4 23
4 56
4 71
4 60
4 31
5 65
5 5
5 73
5 50
5 82
5 87
5 24
5 58
5 63
5 69
6 64
6 82
6 69
6 46
6 5
8 32
8 33
8 5
8 51
8 41
8 74
8 76
8 82
8 19
8 20
8 54
8 73
8 56
8 58
8 69
8 63
9 64
9 65
9 38
9 73
9 76
9 19
9 20
9 86
9 63
9 62
9 51
10 0
10 1
10 3
10 11
10 19
10 23
10 32
10 38
10 41
10 46
10 51
10 54
10 57
10 62
10 64
10 67
10 70
10 74
10 76
10 82
10 86
10 87
12 0
12 5
12 16
12 19
12 20
12 23
12 33
12 38
12 46
12 50
12 51
12 57
12 58
12 60
12 62
12 63
12 69
12 70
12 73
12 74
12 76
12 81
13 0
13 65
13 38
13 70
13 11
13 76
13 86
13 87
13 57
13 54
15 65
15 69
15 73
15 20
15 41
15 86
15 23
15 60
18 0
18 64
18 86
18 70
18 32
18 74
18 20
18 22
18 87
18 56
18 54
18 62
20 0
20 69
20 38
20 74
20 50
20 87
20 24
20 31
21 0
21 33
21 67
21 38
21 41
21 74
21 73
21 45
21 15
21 56
21 82
21 54
21 23
21 24
21 57
21 58
21 60
21 62
21 63
22 69
22 41
22 23
22 14
22 87
22 56
22 57
22 60
22 62
24 81
24 87
25 32
25 33
25 87
25 37
25 51
25 65
25 41
25 74
25 71
25 14
25 49
25 19
25 20
25 54
25 69
25 24
25 57
25 58
25 81
25 62
25 63
26 5
26 38
26 73
26 87
26 50
26 19
26 41
26 54
26 23
26 24
26 63
26 69
27 65
27 87
27 37
27 38
27 74
27 11
27 81
27 82
27 51
27 20
27 86
27 23
27 24
27 57
27 58
27 63
27 60
27 5
28 65
28 70
28 33
28 73
28 87
28 45
28 14
28 82
28 23
30 0
30 32
30 5
30 71
30 41
30 11
30 50
30 80
30 81
30 82
30 86
30 24
30 57
30 31
31 0
31 32
31 87
31 5
31 38
31 33
31 74
31 11
31 76
31 81
31 82
31 19
31 57
31 54
31 23
31 56
31 55
31 58
31 62
31 51
32 33
32 82
32 60
32 5
32 86
33 0
33 65
33 69
33 70
33 33
33 73
33 11
33 20
33 54
33 56
34 0
34 33
34 5
34 38
34 71
34 73
34 81
34 56
34 50
34 19
34 20
34 24
34 58
34 63
34 60
34 51
35 32
35 65
35 69
35 33
35 41
35 74
35 11
35 76
35 50
35 19
35 54
35 55
35 62
35 63
36 0
36 32
36 69
36 70
36 65
36 74
36 71
36 82
36 14
36 49
36 50
36 20
36 57
36 60
36 62
36 31
38 73
38 20
38 86
38 46
39 32
39 33
39 69
39 5
39 70
39 71
39 64
39 74
39 46
39 82
39 19
39 20
39 54
39 55
39 24
39 57
39 58
39 60
39 62
39 31
40 0
40 33
40 87
40 5
40 65
40 32
40 71
40 76
40 82
40 56
40 50
40 51
40 55
40 24
40 58
40 70
40 62
41 32
41 5
41 70
41 11
41 76
41 82
41 86
41 87
41 24
41 62
42 33
42 5
42 38
42 7
42 41
42 74
42 71
42 76
42 86
42 46
42 19
42 20
42 73
42 23
42 24
42 87
42 70
43 32
43 1
43 69
43 65
43 55
43 24
43 57
43 63
43 60
43 62
43 31
44 0
44 32
44 51
44 11
44 76
44 82
44 19
44 20
44 87
44 24
44 23
45 0
45 65
45 69
45 11
45 76
45 46
45 82
45 51
45 22
45 87
45 24
46 0
46 65
46 2
46 5
46 71
46 87
46 76
46 46
46 81
46 50
46 51
46 14
46 23
46 56
46 57
46 62
46 63
47 0
47 32
47 5
47 38
47 33
47 64
47 73
47 74
47 11
47 82
47 50
47 19
47 20
47 54
47 23
47 56
47 57
47 58
47 69
47 63
48 33
49 32
49 11
49 50
49 57
49 86
49 87
49 24
49 55
49 58
49 31
51 24
52 32
52 69
52 41
52 23
52 46
52 82
52 86
52 87
52 56
52 60
52 62
52 63
53 32
53 64
53 71
53 70
53 65
53 73
53 74
53 11
53 76
53 14
53 56
53 82
53 87
53 24
53 57
53 58
53 60
54 0
54 33
54 69
54 87
54 46
54 50
54 19
54 23
54 24
54 58
54 60
54 63
55 0
55 32
55 5
55 65
55 33
55 64
55 71
55 50
55 51
55 20
55 54
55 23
55 24
55 87
55 63
55 70
55 31
56 87
57 60
59 60
59 86
61 33
61 69
61 65
61 73
61 11
61 76
61 82
61 50
61 51
61 20
61 54
61 87
61 24
61 71
61 86
61 62
62 33
62 5
62 71
62 74
62 14
62 50
62 51
62 54
62 23
62 56
62 69
65 32
65 33
65 69
65 70
65 87
65 50
65 23
65 57
65 58
65 62
66 5
66 71
66 41
66 11
66 14
66 81
66 50
66 54
66 55
66 56
66 58
66 60
67 65
68 32
68 51
68 36
68 5
68 38
68 64
68 73
68 11
68 76
68 56
68 50
68 19
68 23
68 24
68 57
68 87
68 60
70 32
70 33
70 86
70 70
70 64
70 41
70 87
70 76
70 14
70 56
70 50
70 51
70 73
70 23
70 24
70 58
70 62
71 0
71 33
71 5
71 71
71 64
71 73
71 87
71 46
71 56
71 19
71 20
71 86
71 23
71 24
71 57
71 69
72 32
72 33
72 86
72 69
72 51
72 71
72 41
72 11
72 76
72 82
72 81
72 50
72 19
72 20
72 73
72 23
72 56
72 70
72 63
73 64
73 65
73 33
73 70
73 71
73 76
73 46
73 51
73 86
73 57
73 60
73 62
73 0
75 32
75 33
75 86
75 70
75 51
75 65
75 64
75 11
75 76
75 82
75 50
75 19
75 20
75 54
75 23
75 24
75 57
75 71
75 63
75 60
75 31
76 32
76 33
76 54
76 38
76 41
76 74
76 76
76 82
76 86
76 56
76 58
76 63
77 0
77 33
77 69
77 70
77 71
77 73
77 74
77 50
77 19
77 20
77 24
77 62
78 64
78 51
78 5
78 41
78 87
78 76
78 86
78 50
78 19
78 54
78 23
78 56
78 58
78 60
78 62
78 63
79 64
79 51
79 38
79 11
79 76
79 46
79 50
79 19
79 20
79 55
79 56
79 60
79 62
80 24
80 63
80 60
80 71
81 32
81 70
81 41
81 11
81 76
81 50
81 14
81 82
81 19
81 24
81 60
82 33
82 86
82 5
82 51
82 65
82 55
82 70
82 46
82 82
82 19
82 54
82 23
82 24
82 87
82 60
82 69
82 63
83 70
83 38
83 71
83 76
83 54
83 87
83 24
83 57
83 58
83 60
83 62
83 63
84 33
84 87
84 70
84 38
84 65
84 41
84 11
84 73
84 60
84 76
84 56
84 19
84 20
84 54
84 55
84 24
84 57
84 58
84 63
84 51
84 31
85 65
86 65
86 69
86 70
86 73
86 74
86 11
86 81
86 50
86 24
86 58
86 63
87 5
87 74
87 76
87 82
87 51
87 56
