88
0 24
0 50
1 7
2 4
2 38
2 76
2 13
2 48
2 87
2 56
2 25
3 35
3 8
3 75
3 82
3 26
3 29
4 1
4 34
4 7
4 47
4 49
4 50
4 55
4 57
5 34
5 67
5 82
5 5
5 39
5 8
5 11
5 76
5 45
5 47
5 48
5 17
5 50
5 19
5 52
5 56
5 24
5 71
5 62
6 64
6 32
6 4
6 7
6 47
6 82
6 25
7 32
7 48
7 66
7 4
7 37
7 38
7 9
7 87
7 45
7 16
7 18
7 83
7 20
7 82
7 41
7 24
7 60
7 29
7 69
8 0
8 2
8 3
8 5
8 11
8 15
8 18
8 19
8 34
8 37
8 42
8 46
8 48
8 49
8 50
8 52
8 56
8 58
8 69
8 71
8 76
8 83
8 85
8 86
8 87
9 32
9 4
9 5
9 13
9 18
9 60
9 61
10 66
10 4
10 41
10 74
10 12
10 50
10 83
10 20
10 36
10 29
11 0
11 2
11 5
11 8
11 10
11 11
11 16
11 19
11 20
11 22
11 25
11 37
11 40
11 41
11 47
11 49
11 58
11 59
11 61
11 65
11 73
11 77
11 84
11 85
11 87
12 65
12 66
12 35
12 68
12 9
12 45
12 78
12 17
12 19
12 20
12 21
12 86
12 87
12 24
12 84
12 58
13 64
13 37
13 38
13 41
13 75
13 13
13 83
13 20
13 87
13 60
14 21
14 62
15 19
15 38
16 56
16 3
16 52
16 69
18 2
18 7
18 8
18 12
18 13
18 19
18 20
18 21
18 25
18 28
18 32
18 34
18 39
18 43
18 48
18 59
18 67
18 68
18 69
18 76
18 77
18 82
18 84
19 0
19 64
19 34
19 50
19 5
19 6
19 39
19 79
19 75
19 45
19 46
19 47
19 18
19 84
19 78
19 24
19 38
19 29
20 32
20 2
20 37
20 74
20 11
20 78
20 17
21 0
21 1
21 3
21 7
21 10
21 13
21 16
21 17
21 28
21 29
21 36
21 37
21 52
21 55
21 59
21 64
21 65
21 67
21 68
21 78
21 83
21 84
21 85
21 86
21 87
24 71
24 8
24 77
24 46
24 21
24 87
25 1
25 2
25 5
25 7
25 8
25 13
25 19
25 21
25 30
25 32
25 34
25 38
25 43
25 47
25 52
25 55
25 56
25 58
25 60
25 61
25 64
25 74
25 82
25 86
26 16
27 12
28 2
28 67
28 8
28 43
28 34
28 3
29 66
30 40
30 65
30 85
31 16
31 9
32 1
32 2
32 71
32 12
32 34
32 78
32 84
33 64
33 1
33 3
33 4
33 38
33 6
33 32
33 10
33 11
33 82
33 18
33 86
33 25
33 29
34 64
34 2
34 37
34 7
34 11
34 78
34 16
35 65
35 61
35 4
35 69
35 74
35 75
35 50
35 46
35 47
35 49
35 18
35 19
35 85
35 54
35 29
36 13
37 32
37 2
37 4
37 8
37 74
37 75
37 12
37 77
37 78
37 47
37 48
37 84
37 21
37 60
37 31
38 1
38 4
38 77
38 79
38 17
38 21
38 47
39 11
39 60
39 37
39 53
40 32
40 2
40 3
40 4
40 69
40 8
40 10
40 34
40 47
40 50
40 19
40 84
40 68
40 58
40 60
40 29
41 64
41 69
41 38
41 8
41 74
41 11
41 13
41 78
41 37
41 86
41 59
41 60
41 29
41 5
42 64
43 33
43 37
43 41
43 74
43 50
43 19
43 58
45 33
45 4
45 38
45 71
45 9
45 10
45 86
45 41
45 24
45 61
46 59
46 19
46 28
47 64
47 65
47 2
47 43
47 5
47 40
47 41
47 10
47 11
47 82
47 16
47 18
47 19
47 52
47 55
47 25
47 75
47 28
47 69
47 37
49 65
49 6
49 47
49 84
49 53
49 55
49 29
50 83
50 67
50 4
50 5
50 71
50 75
50 50
50 18
50 3
50 31
52 32
52 1
52 66
52 4
52 5
52 8
52 9
52 43
52 12
52 64
52 76
52 49
52 18
52 52
52 86
52 87
53 3
53 69
53 7
53 8
53 74
53 39
53 13
53 78
53 43
53 18
53 67
53 86
53 55
53 58
53 59
53 29
54 75
54 43
54 13
54 46
54 45
54 83
54 84
54 47
55 0
55 1
55 34
55 3
55 4
55 5
55 40
55 74
55 67
55 50
55 78
55 17
55 18
55 19
55 66
55 83
55 25
55 27
56 78
57 1
57 4
57 38
57 6
57 71
57 75
57 12
57 13
57 61
57 17
57 50
57 83
57 58
57 29
57 30
58 0
58 1
58 4
58 5
58 6
58 7
58 12
58 13
58 16
58 21
58 25
58 27
58 29
58 37
58 46
58 47
58 59
58 64
58 66
58 69
58 74
58 82
58 83
58 86
59 32
59 49
59 13
59 87
60 2
60 67
60 39
60 77
60 16
60 19
60 87
60 59
61 32
61 66
61 37
61 38
61 7
61 41
61 39
61 13
61 45
61 50
61 51
61 20
61 87
61 24
61 84
61 79
61 60
61 31
62 58
62 50
62 11
62 37
63 64
63 33
63 37
63 6
63 7
63 8
63 9
63 12
63 46
63 50
63 86
63 24
63 61
63 30
64 2
64 37
64 38
64 71
64 10
64 79
64 16
64 24
64 62
65 1
65 4
65 11
65 16
65 17
65 18
65 24
65 31
65 40
65 41
65 45
65 49
65 50
65 52
65 56
65 61
65 62
65 65
65 68
65 72
65 73
65 77
65 78
65 79
65 83
65 85
67 84
67 13
67 38
67 87
68 32
68 33
68 34
68 38
68 71
68 64
68 9
68 74
68 11
68 45
68 16
68 20
68 86
68 25
68 58
68 60
68 52
69 2
69 8
69 10
69 13
69 16
69 18
69 24
69 25
69 29
69 31
69 34
69 39
69 40
69 43
69 48
69 52
69 56
69 58
69 59
69 60
69 68
69 73
69 78
69 79
69 84
70 67
71 32
71 1
71 34
71 36
71 6
71 33
71 41
71 10
71 75
71 12
71 45
71 48
71 49
71 19
71 52
71 24
71 68
71 65
71 31
72 34
72 7
72 76
72 2
72 18
72 52
72 29
73 65
73 66
73 7
73 45
73 58
73 30
74 32
74 66
74 37
74 8
74 52
74 25
74 58
74 60
75 64
75 37
75 74
75 11
75 13
75 46
75 47
75 17
75 82
75 20
75 78
75 86
75 85
75 25
75 69
75 52
76 34
76 67
76 37
76 38
76 11
76 17
76 83
77 65
77 2
77 4
77 7
77 8
77 10
77 11
77 77
77 46
77 47
77 56
77 50
77 83
77 84
77 86
77 55
77 24
77 60
77 61
78 64
78 34
78 68
78 8
78 73
78 12
78 79
78 82
78 52
78 85
78 86
78 87
78 25
78 60
79 3
79 66
79 11
79 75
79 2
79 34
79 18
79 83
79 84
79 87
79 24
79 58
81 29
81 6
82 0
82 4
82 74
82 75
82 77
82 79
82 82
82 19
82 25
82 58
82 63
83 34
83 67
83 38
83 7
83 8
83 10
83 43
83 76
83 13
83 77
83 47
83 16
83 82
83 19
83 20
83 21
83 55
83 25
83 74
83 53
84 32
84 83
84 36
84 38
84 71
84 9
84 78
84 47
84 48
84 82
84 19
84 84
84 21
84 87
84 25
84 28
85 0
85 1
85 75
85 36
85 5
85 6
85 40
85 41
85 43
85 64
85 79
85 48
85 17
85 18
85 19
85 21
85 86
85 72
85 68
85 37
85 31
86 84
86 5
86 39
86 74
86 18
86 49
86 82
86 20
86 55
86 25
87 32
87 1
87 75
87 33
87 65
87 7
87 39
87 78
87 46
87 17
87 83
87 52
87 21
87 86
87 87
87 56
87 60
87 29
