88
0 0
0 1
0 13
0 28
0 32
0 35
0 37
0 38
0 40
0 43
0 44
0 51
0 52
0 54
0 62
0 63
0 64
0 65
0 67
0 69
0 70
0 71
0 72
0 73
0 74
0 75
0 76
0 77
0 83
1 1
1 2
1 8
1 10
1 13
1 18
1 19
1 28
1 32
1 33
1 34
1 35
1 37
1 40
1 44
1 47
1 51
1 62
1 67
1 68
1 69
1 70
1 71
1 72
1 73
1 74
1 75
1 76
1 77
1 78
1 79
1 82
3 0
3 1
3 10
3 18
3 19
3 24
3 32
3 33
3 34
3 35
3 38
3 40
3 44
3 46
3 47
3 51
3 52
3 64
3 65
3 67
3 68
3 70
3 71
3 72
3 73
3 74
3 75
3 76
3 78
3 80
3 81
4 0
4 1
4 2
4 18
4 22
4 24
4 29
4 30
4 34
4 35
4 38
4 40
4 44
4 47
4 51
4 52
4 54
4 56
4 60
4 61
4 62
4 63
4 64
4 67
4 71
4 72
4 76
4 77
4 78
4 83
5 0
5 1
5 34
5 35
5 69
5 70
5 33
5 40
5 64
5 74
5 71
5 76
5 77
5 75
5 67
5 54
5 24
5 83
5 62
6 34
6 35
6 68
6 72
6 42
6 75
6 76
6 78
6 51
6 52
6 54
6 56
6 60
6 74
6 30
7 1
7 13
7 18
7 19
7 22
7 24
7 26
7 28
7 29
7 32
7 33
7 34
7 38
7 39
7 40
7 41
7 42
7 46
7 47
7 61
7 62
7 63
7 64
7 65
7 67
7 68
7 70
7 71
7 73
7 74
7 75
7 77
7 78
7 79
7 80
8 0
8 2
8 13
8 18
8 22
8 24
8 26
8 28
8 29
8 30
8 32
8 35
8 40
8 46
8 47
8 51
8 52
8 54
8 61
8 64
8 65
8 68
8 69
8 70
8 71
8 72
8 73
8 75
8 76
8 77
8 78
8 79
16 0
16 33
16 35
16 69
16 72
16 41
16 74
16 75
16 76
16 80
16 8
16 18
16 24
16 62
17 0
17 32
17 68
17 70
17 8
17 74
17 13
17 79
17 80
17 40
17 18
17 51
17 47
17 62
19 1
19 8
19 13
19 18
19 22
19 24
19 33
19 34
19 35
19 41
19 42
19 43
19 44
19 46
19 51
19 52
19 62
19 63
19 64
19 65
19 68
19 70
19 71
19 73
19 74
19 75
19 76
19 77
19 79
19 80
19 81
20 0
20 2
20 35
20 68
20 71
20 72
20 74
20 18
20 52
21 1
21 8
21 10
21 13
21 18
21 19
21 22
21 28
21 29
21 30
21 32
21 37
21 40
21 41
21 42
21 43
21 44
21 51
21 52
21 54
21 60
21 62
21 65
21 67
21 73
21 75
21 76
21 80
23 0
23 1
23 2
23 18
23 19
23 24
23 29
23 32
23 34
23 35
23 37
23 38
23 40
23 44
23 51
23 52
23 54
23 60
23 61
23 62
23 65
23 67
23 68
23 70
23 72
23 74
23 76
23 77
23 78
23 79
23 80
23 83
25 0
25 1
25 10
25 13
25 18
25 22
25 24
25 27
25 28
25 29
25 32
25 34
25 35
25 39
25 42
25 47
25 51
25 52
25 54
25 60
25 61
25 62
25 63
25 64
25 65
25 69
25 71
25 73
25 75
25 77
25 79
25 83
30 0
30 1
30 2
30 8
30 18
30 19
30 24
30 29
30 30
30 33
30 34
30 35
30 41
30 44
30 46
30 51
30 52
30 54
30 62
30 64
30 65
30 67
30 70
30 75
30 78
30 79
30 80
30 81
31 1
31 2
31 8
31 18
31 19
31 28
31 30
31 32
31 34
31 35
31 37
31 40
31 41
31 42
31 43
31 44
31 47
31 51
31 52
31 54
31 61
31 62
31 64
31 65
31 68
31 69
31 70
31 72
31 73
31 76
31 77
31 80
31 83
34 0
34 1
34 2
34 8
34 10
34 19
34 24
34 29
34 32
34 33
34 34
34 37
34 38
34 40
34 41
34 42
34 47
34 51
34 52
34 60
34 61
34 62
34 63
34 64
34 68
34 70
34 72
34 74
34 77
34 78
34 79
34 81
34 83
35 1
35 18
35 19
35 24
35 28
35 34
35 35
35 38
35 40
35 44
35 46
35 47
35 51
35 52
35 60
35 61
35 63
35 68
35 70
35 71
35 72
35 73
35 74
35 75
35 76
35 78
35 79
35 80
35 81
48 0
48 1
48 10
48 18
48 30
48 32
48 35
48 37
48 38
48 40
48 42
48 43
48 51
48 54
48 60
48 61
48 64
48 65
48 67
48 68
48 69
48 70
48 71
48 72
48 74
48 76
48 77
48 79
48 80
48 81
48 83
49 0
49 1
49 2
49 8
49 18
49 30
49 32
49 35
49 38
49 40
49 41
49 42
49 44
49 47
49 51
49 52
49 61
49 62
49 63
49 65
49 67
49 68
49 69
49 70
49 73
49 74
49 75
49 76
49 77
49 78
49 79
53 0
53 1
53 22
53 24
53 29
53 30
53 32
53 34
53 40
53 41
53 44
53 46
53 47
53 52
53 54
53 60
53 63
53 65
53 67
53 68
53 69
53 70
53 72
53 73
53 75
53 77
53 79
53 80
55 0
55 1
55 2
55 10
55 13
55 18
55 19
55 22
55 24
55 30
55 32
55 33
55 35
55 39
55 40
55 44
55 46
55 47
55 51
55 52
55 54
55 60
55 61
55 62
55 65
55 67
55 70
55 71
55 72
55 74
55 76
55 77
55 78
55 79
57 0
57 1
57 2
57 10
57 13
57 18
57 22
57 28
57 32
57 35
57 38
57 40
57 41
57 42
57 44
57 46
57 51
57 54
57 56
57 62
57 63
57 64
57 65
57 69
57 72
57 74
57 75
57 76
57 79
57 80
57 81
57 82
58 0
58 1
58 18
58 22
58 24
58 27
58 28
58 29
58 30
58 32
58 33
58 34
58 35
58 37
58 38
58 42
58 47
58 51
58 52
58 56
58 62
58 64
58 65
58 69
58 70
58 74
58 75
58 76
58 77
58 79
58 80
58 81
58 83
59 0
59 1
59 13
59 18
59 19
59 24
59 32
59 34
59 35
59 38
59 39
59 44
59 47
59 52
59 56
59 60
59 62
59 63
59 64
59 67
59 68
59 69
59 70
59 71
59 73
59 74
59 75
59 76
59 77
59 78
59 79
62 0
62 1
62 8
62 10
62 13
62 19
62 24
62 30
62 32
62 34
62 37
62 40
62 41
62 42
62 44
62 46
62 47
62 52
62 54
62 60
62 62
62 65
62 67
62 68
62 69
62 71
62 74
62 76
62 77
62 78
62 80
62 83
76 0
76 2
76 8
76 13
76 18
76 28
76 29
76 33
76 34
76 35
76 39
76 40
76 41
76 46
76 47
76 51
76 54
76 62
76 63
76 65
76 68
76 69
76 70
76 71
76 72
76 73
76 74
76 75
76 76
76 77
76 78
76 80
84 1
84 18
84 22
84 24
84 30
84 32
84 33
84 35
84 37
84 38
84 43
84 44
84 47
84 51
84 52
84 62
84 67
84 68
84 72
84 75
84 76
84 79
85 68
85 69
85 72
85 74
85 75
85 44
85 13
85 79
85 40
85 51
85 24
85 61
86 0
86 2
86 10
86 13
86 18
86 29
86 32
86 34
86 35
86 37
86 38
86 41
86 42
86 44
86 47
86 54
86 56
86 60
86 62
86 63
86 64
86 65
86 67
86 68
86 70
86 71
86 72
86 73
86 74
86 75
86 77
86 78
86 79
86 81
87 0
87 2
87 24
87 32
87 35
87 40
87 42
87 44
87 47
87 51
87 52
87 54
87 63
87 64
87 67
87 68
87 69
87 70
87 74
87 76
87 80
87 82
