88
0 35
0 36
0 7
0 8
0 60
0 49
0 84
0 21
0 22
0 87
0 52
0 27
0 28
0 31
1 80
1 66
1 36
1 37
1 70
1 76
1 83
1 44
1 45
1 14
1 77
1 48
1 51
1 53
1 55
1 4
2 36
2 72
2 9
2 75
2 14
2 50
2 23
2 56
3 0
3 80
3 3
3 5
3 72
3 73
3 45
3 15
3 48
3 82
3 84
3 53
3 54
3 24
3 27
3 29
3 63
5 0
5 69
5 71
5 8
5 60
5 75
5 14
5 80
5 49
5 84
5 24
5 59
5 28
5 31
6 64
6 67
6 14
6 80
6 20
6 21
6 54
6 26
6 59
6 61
6 53
7 82
7 76
8 5
8 39
8 41
8 50
8 78
8 49
8 82
8 52
8 46
8 54
8 57
8 37
9 2
9 69
9 70
9 7
9 74
9 75
9 45
9 16
9 83
9 58
9 38
9 61
9 31
10 47
10 52
10 45
10 62
10 15
11 67
11 73
11 12
11 83
11 20
11 60
12 32
12 66
12 5
12 77
12 79
12 13
12 46
12 47
12 49
12 82
12 84
12 54
12 15
12 62
12 69
13 59
13 38
13 41
13 55
13 12
13 14
13 44
13 48
13 49
13 18
13 84
13 86
13 23
13 24
13 47
14 52
14 59
14 84
14 77
14 63
15 2
15 67
15 86
15 72
15 75
15 45
15 47
15 48
15 51
15 84
15 21
15 22
15 57
15 27
15 61
16 48
16 5
16 72
16 73
16 45
16 78
16 60
16 16
16 53
16 28
16 61
16 30
18 22
19 32
19 33
19 67
19 70
19 38
19 63
19 79
19 11
19 77
19 46
19 15
19 20
19 87
19 47
19 31
20 65
20 5
20 6
20 12
20 13
20 22
21 33
21 60
21 57
21 9
22 67
22 6
22 10
22 76
22 78
22 47
22 20
23 80
23 35
23 67
23 60
24 24
24 66
24 67
24 37
24 55
25 0
25 32
25 66
25 35
25 41
25 45
25 46
25 47
25 82
25 51
25 55
25 30
25 31
26 0
26 1
26 67
26 36
26 37
26 65
26 73
26 71
26 12
26 13
26 14
26 80
26 54
26 24
26 25
26 59
27 1
27 38
27 48
27 10
27 80
27 82
27 83
27 59
27 60
27 30
27 31
28 58
28 86
29 70
29 76
29 13
29 82
29 20
29 61
30 69
30 40
30 73
30 42
30 11
30 80
30 49
30 83
30 84
30 86
30 24
31 1
31 2
31 59
31 36
31 11
31 76
31 78
31 53
31 87
31 26
31 27
31 60
32 34
32 4
32 38
32 71
32 75
32 45
32 80
32 82
32 83
32 55
32 27
32 60
33 11
33 27
33 50
33 59
33 39
34 2
34 70
35 32
35 3
35 70
35 41
35 74
35 11
35 77
35 79
35 20
35 21
35 87
35 52
35 53
36 34
36 36
36 69
36 6
36 44
36 48
36 51
36 20
36 86
36 52
36 38
36 30
37 37
37 39
37 8
37 42
37 11
37 12
37 13
37 47
37 49
37 82
37 84
37 54
37 55
37 56
38 66
38 67
38 40
38 10
38 55
38 80
38 35
38 21
38 87
38 42
38 62
39 36
39 71
39 63
39 10
39 75
39 12
39 14
39 48
39 82
39 59
39 42
39 31
40 70
40 11
40 12
40 79
40 51
40 20
40 29
40 30
40 63
41 43
41 8
41 73
41 74
41 75
41 77
41 15
41 50
41 84
41 41
42 66
42 35
42 36
42 69
42 71
42 72
42 9
42 42
42 34
42 21
42 54
42 56
42 57
42 26
43 69
43 6
43 71
43 42
43 76
43 47
43 80
43 52
43 21
43 22
43 55
43 56
43 25
43 37
44 59
44 38
44 6
44 21
45 0
45 37
45 70
45 79
45 43
45 12
45 13
45 77
45 15
45 51
45 20
45 21
45 55
45 27
45 61
46 0
46 33
46 71
47 65
47 36
47 7
47 41
47 10
47 23
47 12
47 45
47 15
47 83
47 86
47 87
48 3
48 78
48 15
48 82
48 84
48 21
48 86
48 87
48 52
48 61
48 85
48 53
49 33
49 34
49 75
49 38
49 43
49 78
49 45
49 46
49 77
49 51
49 53
49 23
49 24
49 58
49 62
50 67
50 38
50 8
50 47
50 48
50 82
50 83
50 22
50 56
50 57
50 58
50 62
51 33
51 66
51 70
51 39
51 9
51 74
51 77
51 15
51 24
51 26
51 61
51 30
51 63
52 75
53 33
53 3
53 36
53 37
53 65
53 40
53 9
53 42
53 71
53 75
53 20
53 52
53 26
53 59
53 60
53 31
54 0
54 70
54 8
54 9
54 78
54 20
54 46
54 86
54 41
54 24
54 53
55 5
55 8
55 45
55 48
55 51
55 23
55 30
56 65
56 2
56 35
56 36
56 70
56 80
56 9
56 75
56 76
56 34
56 48
56 49
56 82
56 58
56 61
56 63
57 0
57 3
57 38
57 39
57 8
57 10
57 71
57 78
57 15
57 40
57 51
57 21
57 79
57 60
57 61
57 62
58 1
58 50
58 5
58 6
58 12
58 74
58 43
58 76
58 45
58 82
58 52
58 55
58 28
59 0
59 64
60 23
60 20
60 69
60 14
60 55
61 1
61 34
61 35
61 71
61 73
61 42
61 76
61 78
61 47
61 16
61 52
61 21
61 22
61 56
61 60
61 62
61 31
62 69
62 6
62 71
62 9
62 7
62 14
62 47
62 83
62 21
62 23
62 58
62 38
62 61
63 80
63 2
63 51
63 30
63 31
64 33
64 38
64 9
64 13
64 46
64 47
64 48
64 49
64 20
64 78
64 54
64 41
64 56
64 52
64 60
64 30
65 34
65 3
65 39
65 73
65 42
65 87
65 13
65 14
65 15
65 16
65 59
65 50
65 35
65 55
65 27
65 30
65 31
66 32
66 65
66 66
66 3
66 33
66 73
66 11
66 34
66 14
66 49
67 0
67 11
67 36
67 5
67 8
67 9
67 75
67 78
67 59
67 52
67 14
67 56
67 27
67 31
68 84
68 66
68 35
68 55
68 6
68 9
68 42
68 43
68 78
68 79
68 20
68 86
68 23
68 52
68 87
68 30
69 8
69 84
69 34
69 36
69 58
70 0
70 39
70 11
70 14
70 79
70 83
70 52
70 53
70 25
70 26
70 59
71 83
71 43
71 52
71 21
71 54
72 33
72 35
72 37
72 65
72 11
72 77
72 14
72 75
72 67
72 86
72 23
72 60
72 61
72 30
72 63
73 16
73 36
73 5
73 40
73 12
73 79
73 80
73 49
73 50
73 55
73 56
73 59
73 37
74 67
74 5
74 73
74 74
74 44
74 13
74 78
74 83
74 63
74 30
74 31
75 67
75 5
75 41
75 63
75 15
75 84
75 22
75 59
75 62
75 31
76 32
76 1
76 67
76 5
76 70
76 8
76 41
76 76
76 48
76 82
76 20
76 53
76 22
76 73
76 60
76 37
77 1
77 69
77 72
77 75
77 15
77 8
77 83
77 54
77 23
77 58
77 47
77 28
77 63
78 74
78 76
79 0
79 65
79 70
79 48
79 42
79 76
79 77
79 16
79 50
79 58
79 31
80 60
80 76
81 16
81 11
81 78
82 0
82 33
82 5
82 39
82 42
82 75
82 76
82 50
82 14
82 82
82 84
82 87
82 26
82 63
84 0
84 32
84 36
84 5
84 6
84 7
84 64
84 74
84 12
84 79
84 80
84 49
84 21
84 54
84 56
84 26
84 59
85 13
86 65
86 38
86 39
86 8
86 9
86 42
86 12
86 15
86 76
86 83
86 84
86 53
86 86
86 27
86 74
87 35
87 5
87 71
87 72
87 73
87 39
87 78
87 47
87 83
87 21
87 24
87 57
87 31
87 37
