88
0 0
0 1
0 2
0 3
0 5
0 8
0 13
0 22
0 24
0 27
0 28
0 29
0 31
0 34
0 35
0 38
0 39
0 40
0 42
0 46
0 51
0 52
0 54
0 56
0 57
0 61
0 63
0 65
0 67
0 70
0 71
0 72
0 73
0 76
0 79
0 82
0 87
6 0
6 2
6 4
6 5
6 8
6 13
6 20
6 22
6 28
6 31
6 35
6 37
6 39
6 40
6 41
6 42
6 43
6 46
6 51
6 54
6 56
6 57
6 60
6 62
6 68
6 69
6 70
6 71
6 72
6 76
6 79
6 82
6 84
6 87
11 0
11 1
11 2
11 3
11 8
11 13
11 20
11 22
11 26
11 27
11 28
11 31
11 34
11 35
11 39
11 40
11 41
11 42
11 43
11 50
11 51
11 54
11 56
11 57
11 65
11 67
11 69
11 70
11 71
11 72
11 76
11 77
11 79
11 82
15 65
15 34
15 3
15 37
15 38
15 40
15 41
15 87
15 77
15 79
15 82
15 51
15 20
15 54
15 73
15 24
15 57
15 26
15 28
15 61
15 63
16 2
16 3
16 6
16 8
16 13
16 19
16 20
16 22
16 28
16 29
16 31
16 35
16 37
16 38
16 40
16 43
16 46
16 48
16 51
16 57
16 61
16 63
16 65
16 68
16 69
16 70
16 71
16 76
16 79
16 86
16 87
17 0
17 1
17 2
17 3
17 5
17 13
17 16
17 19
17 22
17 27
17 30
17 31
17 34
17 35
17 37
17 38
17 39
17 40
17 41
17 42
17 44
17 46
17 52
17 56
17 57
17 62
17 63
17 65
17 67
17 68
17 69
17 70
17 72
17 73
17 76
17 77
17 79
17 82
17 84
17 87
18 0
18 1
18 2
18 3
18 6
18 9
18 10
18 13
18 17
18 20
18 26
18 27
18 28
18 30
18 34
18 35
18 37
18 38
18 39
18 40
18 41
18 42
18 46
18 47
18 51
18 54
18 56
18 57
18 68
18 69
18 70
18 72
18 76
18 77
18 79
18 87
25 0
25 1
25 2
25 3
25 5
25 6
25 9
25 19
25 24
25 26
25 28
25 30
25 31
25 35
25 37
25 39
25 40
25 41
25 43
25 46
25 49
25 50
25 54
25 56
25 57
25 60
25 63
25 65
25 67
25 68
25 69
25 70
25 71
25 72
25 73
25 76
25 79
25 82
25 87
27 2
27 3
27 37
27 6
27 39
27 73
27 57
27 34
27 50
27 20
27 41
27 87
27 52
28 0
28 1
28 2
28 3
28 4
28 6
28 9
28 13
28 19
28 20
28 24
28 28
28 34
28 37
28 39
28 40
28 41
28 42
28 43
28 46
28 50
28 51
28 56
28 57
28 62
28 63
28 65
28 69
28 70
28 72
28 77
28 79
28 82
28 84
30 0
30 2
30 3
30 5
30 6
30 9
30 10
30 19
30 24
30 27
30 28
30 30
30 31
30 34
30 35
30 37
30 38
30 39
30 40
30 42
30 45
30 46
30 52
30 54
30 56
30 57
30 60
30 62
30 65
30 67
30 68
30 69
30 70
30 71
30 72
30 73
30 76
30 77
30 79
30 82
30 86
31 1
31 3
31 4
31 5
31 6
31 13
31 17
31 20
31 22
31 24
31 29
31 30
31 31
31 35
31 37
31 38
31 39
31 40
31 41
31 43
31 47
31 50
31 54
31 56
31 57
31 65
31 67
31 69
31 71
31 72
31 76
31 82
31 86
33 0
33 2
33 5
33 6
33 9
33 16
33 19
33 22
33 24
33 26
33 28
33 31
33 34
33 35
33 37
33 39
33 40
33 41
33 42
33 43
33 46
33 47
33 50
33 51
33 52
33 54
33 56
33 57
33 63
33 69
33 71
33 72
33 73
33 76
33 77
33 79
33 82
33 84
33 86
33 87
35 0
35 4
35 5
35 6
35 8
35 9
35 10
35 17
35 19
35 20
35 24
35 27
35 28
35 37
35 38
35 39
35 50
35 54
35 56
35 57
35 60
35 63
35 67
35 68
35 69
35 70
35 71
35 72
35 73
35 76
35 79
35 82
35 86
35 87
36 0
36 1
36 3
36 6
36 13
36 19
36 22
36 31
36 37
36 40
36 41
36 51
36 52
36 54
36 56
36 57
36 63
36 65
36 67
36 68
36 72
36 76
36 87
39 0
39 1
39 2
39 3
39 5
39 6
39 8
39 10
39 13
39 20
39 22
39 24
39 27
39 30
39 31
39 37
39 39
39 40
39 41
39 42
39 46
39 47
39 50
39 54
39 56
39 60
39 63
39 65
39 67
39 68
39 69
39 70
39 71
39 72
39 73
39 76
39 77
39 82
39 84
39 87
41 0
41 3
41 5
41 6
41 8
41 13
41 20
41 22
41 24
41 26
41 28
41 31
41 34
41 35
41 37
41 38
41 39
41 40
41 41
41 42
41 46
41 51
41 52
41 54
41 56
41 63
41 65
41 67
41 68
41 72
41 73
41 76
41 77
41 79
41 87
42 0
42 1
42 2
42 3
42 5
42 6
42 10
42 20
42 22
42 24
42 27
42 34
42 35
42 40
42 42
42 50
42 51
42 52
42 54
42 56
42 57
42 60
42 63
42 65
42 68
42 69
42 70
42 72
42 73
42 76
42 77
42 79
42 82
42 87
43 0
43 1
43 2
43 3
43 5
43 8
43 9
43 10
43 13
43 20
43 22
43 24
43 26
43 28
43 30
43 31
43 34
43 37
43 39
43 40
43 41
43 44
43 46
43 50
43 51
43 54
43 56
43 63
43 65
43 67
43 68
43 69
43 71
43 72
43 73
43 76
43 77
43 79
43 82
43 86
43 87
54 0
54 2
54 3
54 37
54 70
54 40
54 10
54 76
54 34
54 67
54 22
54 87
54 24
54 57
54 54
54 86
54 42
54 69
54 31
58 0
58 1
58 3
58 4
58 5
58 6
58 9
58 10
58 13
58 16
58 17
58 22
58 28
58 31
58 34
58 35
58 39
58 40
58 41
58 42
58 43
58 46
58 50
58 51
58 52
58 54
58 56
58 57
58 63
58 65
58 67
58 68
58 69
58 70
58 71
58 72
58 73
58 76
58 82
58 84
58 87
64 0
64 1
64 2
64 3
64 6
64 10
64 13
64 20
64 22
64 24
64 26
64 29
64 31
64 34
64 37
64 38
64 41
64 42
64 46
64 47
64 50
64 51
64 52
64 54
64 56
64 57
64 61
64 62
64 63
64 65
64 68
64 70
64 71
64 72
64 73
64 76
64 77
64 86
64 87
71 1
71 2
71 3
71 5
71 6
71 13
71 17
71 20
71 22
71 24
71 28
71 30
71 35
71 37
71 39
71 40
71 41
71 43
71 44
71 46
71 50
71 51
71 54
71 56
71 57
71 63
71 65
71 69
71 70
71 71
71 72
71 73
71 76
71 77
71 87
74 0
74 1
74 2
74 3
74 5
74 10
74 13
74 19
74 20
74 27
74 28
74 34
74 35
74 37
74 39
74 40
74 42
74 46
74 51
74 54
74 56
74 62
74 63
74 65
74 67
74 68
74 69
74 71
74 72
74 76
74 77
74 79
74 82
74 87
82 0
82 1
82 5
82 6
82 9
82 10
82 13
82 22
82 24
82 28
82 34
82 35
82 37
82 38
82 39
82 42
82 43
82 50
82 51
82 54
82 56
82 57
82 63
82 65
82 68
82 69
82 72
82 73
82 76
82 77
82 79
82 86
82 87
83 0
83 1
83 3
83 4
83 5
83 6
83 10
83 16
83 19
83 22
83 24
83 26
83 28
83 31
83 35
83 37
83 38
83 39
83 40
83 41
83 42
83 46
83 47
83 50
83 54
83 56
83 60
83 63
83 65
83 67
83 68
83 69
83 70
83 71
83 73
83 77
83 79
83 82
83 84
