88
0 6
0 9
0 11
0 16
0 22
0 23
0 26
0 31
0 35
0 37
0 40
0 41
0 42
0 43
0 45
0 46
0 58
0 68
0 74
0 81
0 82
0 85
1 6
1 9
1 11
1 22
1 23
1 26
1 29
1 30
1 31
1 35
1 36
1 37
1 41
1 45
1 46
1 48
1 58
1 60
1 68
1 69
1 70
1 78
1 81
2 0
2 1
2 9
2 11
2 12
2 18
2 22
2 23
2 26
2 27
2 31
2 35
2 36
2 37
2 40
2 41
2 42
2 43
2 45
2 46
2 48
2 55
2 58
2 68
2 78
2 81
2 85
3 35
3 68
3 37
3 6
3 81
3 40
3 9
3 11
3 45
3 48
3 43
3 18
3 69
3 23
3 55
3 26
3 30
3 31
4 43
5 26
5 35
5 55
8 1
8 6
8 9
8 11
8 22
8 23
8 30
8 31
8 35
8 36
8 37
8 40
8 41
8 42
8 45
8 46
8 48
8 55
8 60
8 70
8 74
8 81
8 82
8 85
9 0
9 1
9 6
9 9
9 11
9 16
9 18
9 22
9 23
9 26
9 30
9 31
9 35
9 36
9 41
9 42
9 43
9 45
9 46
9 48
9 55
9 68
9 81
9 85
10 0
10 9
10 11
10 12
10 16
10 22
10 27
10 29
10 31
10 36
10 37
10 40
10 41
10 42
10 43
10 45
10 46
10 48
10 55
10 58
10 60
10 62
10 69
10 70
10 74
10 82
10 85
13 0
13 6
13 9
13 11
13 18
13 22
13 23
13 26
13 27
13 30
13 35
13 40
13 41
13 43
13 45
13 46
13 48
13 55
13 68
13 69
13 70
13 78
13 80
13 82
13 85
14 35
14 37
14 41
14 42
14 43
14 26
14 58
14 30
14 31
15 43
15 31
17 0
17 6
17 11
17 12
17 16
17 18
17 26
17 27
17 30
17 35
17 40
17 41
17 42
17 43
17 46
17 48
17 55
17 58
17 60
17 68
17 74
17 80
17 85
18 0
18 1
18 35
18 68
18 37
18 6
18 40
18 43
18 12
18 45
18 81
18 18
18 23
18 26
18 70
18 58
18 30
19 0
19 1
19 6
19 9
19 11
19 12
19 18
19 23
19 26
19 31
19 35
19 36
19 40
19 41
19 42
19 43
19 45
19 55
19 58
19 68
19 78
19 85
24 1
24 6
24 9
24 11
24 16
24 18
24 22
24 26
24 30
24 31
24 35
24 36
24 40
24 43
24 45
24 46
24 48
24 55
24 58
24 60
24 62
24 68
24 70
24 74
24 78
24 81
24 85
25 36
25 70
25 11
25 48
25 55
25 31
28 35
28 74
28 22
28 55
28 30
28 31
30 1
30 9
30 11
30 16
30 22
30 26
30 30
30 31
30 35
30 37
30 40
30 42
30 43
30 45
30 46
30 48
30 58
30 60
30 62
30 68
30 70
30 78
30 81
30 82
30 85
32 0
32 1
32 6
32 9
32 16
32 18
32 22
32 23
32 26
32 27
32 30
32 31
32 36
32 40
32 42
32 43
32 45
32 48
32 55
32 58
32 62
32 68
32 70
32 85
34 0
34 18
34 43
34 58
34 31
36 0
36 1
36 6
36 9
36 12
36 18
36 23
36 26
36 27
36 29
36 30
36 35
36 36
36 37
36 40
36 41
36 42
36 45
36 46
36 48
36 58
36 60
36 70
36 82
36 85
44 9
44 11
44 12
44 22
44 26
44 27
44 31
44 36
44 37
44 40
44 42
44 43
44 48
44 60
44 62
44 68
44 69
44 74
44 78
44 80
44 81
44 82
46 0
46 1
46 9
46 12
46 18
46 22
46 23
46 26
46 30
46 36
46 37
46 40
46 41
46 42
46 43
46 45
46 48
46 55
46 58
46 70
46 82
46 85
47 0
47 35
47 68
47 6
47 9
47 11
47 12
47 43
47 23
47 36
47 26
47 55
47 31
49 0
49 1
49 6
49 9
49 11
49 16
49 18
49 22
49 26
49 27
49 30
49 31
49 35
49 37
49 40
49 41
49 42
49 43
49 45
49 46
49 48
49 58
49 68
49 69
49 70
49 78
49 80
51 42
51 35
51 78
52 0
52 6
52 9
52 11
52 12
52 18
52 22
52 23
52 29
52 30
52 31
52 36
52 40
52 42
52 45
52 46
52 48
52 58
52 62
52 68
52 69
52 70
52 74
52 78
52 80
52 82
52 85
53 43
53 68
53 37
53 70
53 9
53 42
53 11
53 12
53 45
53 46
53 16
53 18
53 82
53 41
53 55
53 26
53 27
53 58
53 30
53 31
54 41
55 35
55 37
55 6
55 40
55 41
55 42
55 43
55 12
55 45
55 46
55 82
55 78
55 22
55 55
55 26
55 70
55 58
55 85
56 48
56 36
56 70
56 41
56 42
56 43
56 45
56 46
56 16
56 18
56 82
56 78
56 22
56 23
56 55
56 27
56 29
56 30
57 0
57 6
57 9
57 11
57 23
57 26
57 27
57 31
57 35
57 36
57 40
57 41
57 42
57 43
57 45
57 46
57 48
57 55
57 58
57 68
57 69
57 70
57 74
57 78
57 82
57 85
59 0
59 40
59 9
59 12
59 58
59 31
61 6
61 9
61 11
61 12
61 16
61 22
61 30
61 31
61 35
61 36
61 37
61 40
61 41
61 42
61 45
61 48
61 58
61 68
61 69
61 70
61 80
61 82
61 85
62 1
62 6
62 9
62 11
62 12
62 16
62 22
62 23
62 29
62 30
62 31
62 35
62 36
62 37
62 40
62 41
62 42
62 43
62 45
62 55
62 68
62 74
62 80
63 64
63 80
63 70
63 6
63 41
63 42
63 43
63 12
63 45
63 78
63 48
63 81
63 58
63 23
63 55
63 26
63 60
63 29
63 30
63 31
65 0
65 1
65 35
65 37
65 70
65 40
65 9
65 74
65 43
65 45
65 46
65 78
65 22
65 41
65 55
65 26
65 58
65 69
65 31
66 35
66 36
66 70
66 40
66 9
66 42
66 55
66 12
66 45
66 78
66 48
66 74
66 41
66 22
66 23
66 68
66 26
66 58
66 30
66 31
68 43
68 36
68 70
68 40
68 9
68 42
68 11
68 12
68 82
68 48
68 81
68 18
68 85
68 22
68 55
68 26
68 27
68 58
68 30
68 31
71 0
71 1
71 11
71 12
71 16
71 22
71 23
71 26
71 27
71 30
71 36
71 37
71 40
71 41
71 42
71 43
71 45
71 48
71 55
71 58
71 60
71 68
71 74
71 82
71 85
72 0
72 40
72 9
72 42
72 43
72 45
72 48
72 22
72 41
72 26
72 31
75 0
75 6
75 9
75 11
75 12
75 16
75 18
75 22
75 26
75 27
75 29
75 30
75 35
75 36
75 37
75 40
75 42
75 43
75 46
75 58
75 69
75 70
75 74
75 78
75 81
75 85
76 0
76 1
76 6
76 9
76 12
76 18
76 23
76 31
76 35
76 36
76 37
76 40
76 41
76 42
76 45
76 48
76 55
76 58
76 62
76 68
76 70
76 74
76 78
76 81
76 82
76 85
82 6
82 9
82 11
82 12
82 16
82 18
82 22
82 23
82 29
82 30
82 31
82 35
82 40
82 41
82 42
82 43
82 45
82 46
82 55
82 58
82 60
82 68
82 70
82 78
82 82
82 85
83 35
83 37
83 9
83 42
83 43
83 85
83 55
83 26
86 0
86 1
86 6
86 12
86 18
86 22
86 23
86 26
86 31
86 35
86 36
86 37
86 40
86 41
86 42
86 45
86 46
86 48
86 68
86 70
86 78
86 81
87 0
87 9
87 12
87 16
87 18
87 23
87 26
87 27
87 29
87 30
87 31
87 35
87 40
87 41
87 42
87 43
87 46
87 55
87 58
87 60
87 68
87 70
87 74
