88
1 0
1 32
1 67
1 38
1 33
1 41
1 39
1 13
1 14
1 19
1 78
1 23
1 27
1 60
1 30
2 0
2 1
2 83
2 35
2 36
2 5
2 38
2 32
2 8
2 76
2 46
2 72
2 18
2 51
2 78
2 57
2 25
2 27
2 60
3 0
3 32
3 38
3 9
3 42
3 87
3 13
3 49
3 82
3 51
3 57
3 23
3 25
3 26
3 62
3 63
6 1
6 66
6 38
6 39
6 72
6 76
6 42
6 11
6 12
6 13
6 78
6 47
6 49
6 82
6 19
6 57
6 60
6 65
7 33
7 66
7 70
7 39
7 9
7 74
7 76
7 78
7 21
7 41
7 60
7 42
9 66
9 38
9 6
9 39
9 73
9 13
9 78
9 47
9 49
9 51
9 23
9 56
9 61
9 30
10 0
10 34
10 38
10 7
10 16
10 82
10 84
10 57
10 60
11 33
11 36
11 39
11 75
11 77
11 14
11 52
11 78
11 46
11 57
11 27
11 63
12 0
12 1
12 86
12 33
12 72
12 9
12 76
12 46
12 79
12 49
12 51
12 21
12 54
12 24
12 59
12 63
13 32
13 1
13 66
13 36
13 38
13 39
13 9
13 41
13 55
13 16
13 82
13 84
13 21
13 54
13 23
13 60
13 74
13 63
15 49
15 66
15 79
15 38
15 47
16 84
16 1
16 2
16 65
16 33
16 74
16 39
16 34
16 14
16 16
16 82
16 51
16 52
16 78
16 86
16 23
16 25
17 65
17 36
17 40
17 42
17 13
17 78
17 49
17 18
17 51
17 20
17 82
17 86
17 57
17 61
19 0
19 33
19 30
19 13
19 38
20 32
20 1
20 35
20 69
20 38
20 64
20 9
20 74
20 46
20 49
20 18
20 84
20 55
20 56
20 57
20 26
20 60
20 63
21 0
21 1
21 59
21 38
21 6
21 39
21 8
21 42
21 14
21 47
21 40
21 51
21 52
21 21
21 87
21 25
21 27
21 70
21 30
23 65
23 66
23 59
23 5
23 8
23 9
23 67
23 12
23 78
23 79
23 76
23 18
23 19
23 84
23 55
23 24
23 87
23 27
23 63
24 0
24 1
24 6
24 38
24 32
24 42
24 76
24 77
24 49
24 82
24 83
24 84
24 53
24 87
24 26
24 59
24 60
24 74
25 0
25 1
25 67
25 33
25 38
25 7
25 64
25 63
25 76
25 78
25 16
25 19
25 73
25 23
25 26
25 27
25 60
25 61
25 51
26 32
26 33
26 34
26 67
26 51
26 39
26 72
26 41
26 87
26 46
26 79
26 49
26 18
26 19
26 84
26 62
26 86
26 55
26 29
26 30
27 32
27 33
27 66
27 38
27 6
27 65
27 8
27 63
27 75
27 76
27 13
27 78
27 72
27 21
27 86
27 25
27 26
27 59
27 61
27 53
28 64
28 33
28 34
28 75
28 39
28 8
28 73
28 71
28 12
28 87
28 47
28 76
28 49
28 82
28 52
28 86
28 23
28 56
28 26
28 79
28 61
30 0
30 1
30 37
30 38
30 33
30 76
30 42
30 12
30 46
30 47
30 19
30 20
30 87
30 84
30 26
30 59
30 79
30 65
31 0
31 51
31 66
31 59
31 84
31 39
31 64
31 73
31 42
31 67
31 49
31 19
31 52
31 86
31 72
31 25
31 27
31 61
31 63
32 32
32 66
32 35
32 6
32 40
32 41
32 83
32 13
32 47
32 56
32 51
32 84
32 21
32 87
32 24
32 25
32 26
32 60
32 72
33 65
33 67
33 38
33 42
33 12
33 13
33 78
33 47
33 82
33 51
33 22
33 56
33 57
33 79
33 60
33 61
33 63
34 51
34 67
34 5
34 71
34 73
34 87
34 76
34 13
34 46
34 47
34 16
34 19
34 78
34 55
34 24
34 79
34 62
35 64
35 34
35 36
35 39
35 73
35 75
35 12
35 84
35 86
35 56
35 57
35 59
35 60
35 30
38 32
38 1
38 34
38 67
38 5
38 38
38 9
38 75
38 12
38 66
38 77
38 47
38 51
38 86
38 87
38 56
38 79
38 61
38 63
39 1
39 86
39 67
39 5
39 65
39 39
39 41
39 12
39 13
39 49
39 82
39 54
39 55
39 57
39 60
39 61
41 0
41 34
41 71
41 9
41 87
41 66
41 46
41 47
41 19
41 78
41 22
41 23
41 25
41 27
41 61
41 85
42 0
42 32
42 34
42 35
42 40
42 42
42 67
42 12
42 66
42 78
42 79
42 82
42 51
42 84
42 27
42 60
42 30
42 63
43 32
43 33
43 69
43 38
43 40
43 9
43 42
43 45
43 78
43 77
43 49
43 52
43 53
43 86
43 56
43 72
43 79
43 74
44 24
44 34
44 87
44 82
44 47
45 0
45 1
45 34
45 59
45 76
45 42
45 12
45 77
45 46
45 79
45 51
45 84
45 53
45 86
45 87
45 27
45 60
45 30
46 64
46 33
46 66
46 35
46 73
46 75
46 34
46 46
46 18
46 9
46 86
46 23
46 61
46 63
47 32
47 1
47 34
47 38
47 39
47 71
47 76
47 13
47 77
47 47
47 51
47 84
47 86
47 87
47 83
47 25
47 59
47 61
48 0
48 9
48 12
48 16
48 18
48 19
48 26
48 27
48 33
48 35
48 39
48 47
48 52
48 66
48 67
48 69
48 70
48 71
48 72
48 75
48 82
48 85
50 0
50 9
50 13
50 16
50 52
50 85
51 1
51 35
51 36
51 38
51 13
51 14
51 51
51 52
51 61
53 64
53 33
53 38
53 65
53 40
53 74
53 76
53 46
53 47
53 82
53 51
53 84
53 21
53 24
53 25
53 60
53 30
53 63
58 1
58 34
58 71
58 9
58 82
58 51
58 84
63 0
63 33
63 67
63 36
63 86
63 42
63 12
63 13
63 46
63 77
63 16
63 49
63 18
63 84
63 78
63 54
63 24
63 25
63 26
64 1
64 66
64 59
64 36
64 6
64 65
64 42
64 55
64 46
64 16
64 71
64 19
64 20
64 78
64 87
64 23
64 67
64 83
64 26
64 27
64 51
65 32
65 51
65 83
65 75
65 70
65 49
65 8
65 74
65 39
65 77
65 78
65 40
65 19
65 86
65 55
65 56
65 59
65 62
66 32
66 33
66 34
66 67
66 5
66 9
66 12
66 66
66 46
66 77
66 82
66 19
66 84
66 57
66 23
66 25
66 26
66 59
66 61
66 30
66 63
67 66
67 35
67 41
67 75
67 82
67 14
67 79
67 16
67 49
67 18
67 51
67 85
67 73
67 60
67 61
67 62
68 0
68 32
68 66
68 67
68 36
68 6
68 38
68 39
68 40
68 9
68 78
68 79
68 49
68 51
68 84
68 87
68 62
68 65
72 32
72 84
72 34
72 82
72 71
72 72
72 41
72 76
72 66
72 47
72 16
72 49
72 18
72 83
72 52
72 53
72 57
72 27
72 63
73 1
73 34
73 67
73 36
73 71
73 41
73 55
73 82
73 73
73 18
73 52
73 22
73 23
73 24
73 87
73 79
73 61
76 66
76 67
76 38
76 39
76 40
76 42
76 75
76 45
76 14
76 77
76 83
76 46
76 86
76 56
76 26
76 79
76 30
78 32
78 65
78 34
78 59
78 8
78 9
78 76
78 13
78 45
78 16
78 49
78 51
78 53
78 56
78 57
78 26
78 47
82 32
82 66
82 75
82 82
82 24
82 59
84 0
84 1
84 5
84 14
84 19
84 30
84 32
84 38
84 42
84 45
84 46
84 49
84 51
84 55
84 60
84 62
84 65
84 66
84 70
84 74
84 78
84 82
84 87
86 0
86 32
86 5
86 8
86 64
86 42
86 12
86 14
86 49
86 51
86 87
86 72
86 57
86 59
86 60
86 62
