88
0 2
0 5
0 6
0 12
0 13
0 19
0 20
0 28
0 30
0 32
0 35
0 40
0 44
0 45
0 46
0 47
0 55
0 56
0 59
0 64
0 66
0 68
0 69
0 70
0 71
0 72
0 73
0 74
0 76
0 78
0 79
0 80
0 81
0 83
1 32
1 9
1 19
1 28
1 30
1 63
2 67
2 35
2 69
2 38
2 81
2 8
2 73
2 10
2 83
2 44
2 13
2 78
2 72
2 50
2 51
2 52
2 22
2 56
2 30
3 3
3 5
3 10
3 19
3 20
3 22
3 23
3 24
3 29
3 35
3 38
3 40
3 47
3 52
3 55
3 56
3 57
3 59
3 63
3 66
3 67
3 68
3 69
3 74
3 79
3 83
3 86
3 87
4 3
4 5
4 6
4 8
4 14
4 19
4 20
4 28
4 29
4 33
4 35
4 36
4 37
4 38
4 41
4 44
4 48
4 50
4 51
4 56
4 57
4 59
4 64
4 66
4 69
4 70
4 71
4 72
4 73
4 79
4 80
4 82
4 83
4 87
5 3
5 5
5 7
5 8
5 10
5 13
5 14
5 18
5 20
5 25
5 28
5 34
5 35
5 37
5 40
5 41
5 44
5 47
5 50
5 52
5 55
5 56
5 57
5 60
5 62
5 66
5 67
5 72
5 73
5 76
5 77
5 78
5 80
5 82
5 83
5 86
6 81
6 50
6 28
7 7
7 8
7 11
7 14
7 23
7 24
7 28
7 29
7 30
7 34
7 46
7 47
7 48
7 51
7 52
7 55
7 59
7 66
7 69
7 70
7 73
7 76
7 78
7 81
7 83
8 56
8 55
8 50
8 67
8 7
9 34
9 72
9 73
9 14
9 40
9 51
9 46
9 55
9 56
9 59
9 28
9 62
9 31
10 0
10 51
10 67
10 69
10 70
10 72
10 80
10 81
10 19
10 87
10 24
10 61
11 64
11 69
11 70
11 71
11 72
11 7
11 19
11 20
11 55
11 24
11 28
11 29
11 30
12 68
12 5
12 14
12 80
12 50
12 78
12 55
12 57
12 26
12 59
13 3
13 6
13 12
13 13
13 18
13 19
13 21
13 23
13 24
13 28
13 29
13 30
13 32
13 34
13 39
13 44
13 46
13 50
13 55
13 59
13 60
13 62
13 68
13 69
13 70
13 72
13 73
13 74
13 81
13 83
14 71
14 55
15 2
15 13
15 14
15 22
15 24
15 28
15 30
15 31
15 32
15 40
15 41
15 44
15 46
15 48
15 55
15 56
15 62
15 65
15 67
15 70
15 72
15 73
15 87
16 34
16 67
16 68
16 46
16 82
16 52
16 62
16 28
16 30
17 0
17 3
17 6
17 8
17 9
17 10
17 11
17 13
17 15
17 17
17 20
17 24
17 34
17 35
17 44
17 46
17 49
17 50
17 51
17 52
17 55
17 59
17 60
17 62
17 64
17 66
17 68
17 69
17 70
17 73
17 76
17 80
17 81
17 83
17 86
18 7
18 40
18 51
18 56
18 30
18 63
19 64
19 68
19 69
19 7
19 73
19 71
19 44
19 14
19 19
19 52
19 78
19 55
19 87
19 28
19 30
19 31
20 48
20 56
20 19
20 76
21 34
21 3
21 68
21 5
21 39
21 74
21 56
21 50
21 24
21 59
21 28
21 30
22 32
22 34
22 3
22 68
22 69
22 70
22 7
22 40
22 82
22 79
22 50
22 19
22 22
22 24
22 60
23 48
23 35
23 67
23 55
24 5
24 14
24 23
24 24
24 28
24 29
24 30
24 32
24 34
24 38
24 44
24 48
24 50
24 51
24 55
24 56
24 59
24 63
24 68
24 69
24 72
24 76
24 77
24 80
26 24
26 60
26 66
26 44
26 5
28 2
28 6
28 11
28 12
28 20
28 24
28 32
28 34
28 35
28 40
28 44
28 47
28 50
28 51
28 52
28 54
28 55
28 56
28 65
28 68
28 71
28 72
28 76
28 77
28 82
29 64
29 34
29 69
29 72
29 11
29 66
29 81
29 18
29 19
29 52
29 57
29 55
29 24
29 25
29 28
29 29
29 30
30 73
30 34
30 28
30 69
31 72
31 68
32 34
32 72
32 66
32 46
32 56
32 30
33 34
34 73
34 78
35 24
35 73
35 68
35 29
35 14
36 28
36 66
36 44
36 70
37 3
37 6
37 11
37 13
37 14
37 19
37 22
37 24
37 28
37 30
37 31
37 35
37 50
37 51
37 55
37 56
37 57
37 59
37 66
37 67
37 68
37 69
37 72
37 76
37 81
38 24
39 28
39 68
39 78
39 14
40 72
40 19
40 55
41 70
41 72
41 12
41 46
41 79
41 78
42 72
44 82
45 40
45 35
45 68
47 64
47 19
47 2
47 67
47 71
47 9
47 75
47 34
47 48
47 18
47 3
47 55
47 56
47 59
48 3
48 7
48 8
48 10
48 12
48 13
48 18
48 20
48 23
48 28
48 30
48 32
48 34
48 40
48 41
48 46
48 48
48 50
48 52
48 55
48 56
48 59
48 60
48 62
48 64
48 67
48 68
48 69
48 70
48 71
48 72
48 73
48 74
48 76
48 80
48 81
48 82
49 24
49 56
49 34
49 28
49 47
50 34
50 35
50 72
50 44
50 80
50 51
50 24
51 66
51 35
51 69
51 70
51 60
51 48
51 17
51 82
51 83
51 56
51 55
51 24
51 28
52 67
52 68
52 69
52 44
52 48
52 50
52 51
52 25
54 82
54 52
55 72
55 24
55 50
55 36
56 66
56 67
56 50
56 14
56 80
56 18
56 24
56 28
56 30
56 63
59 72
59 19
59 28
59 6
60 34
60 68
60 69
60 6
60 71
60 72
60 82
60 80
60 18
60 51
60 22
60 56
60 70
60 30
62 0
62 8
62 10
62 13
62 18
62 24
62 28
62 29
62 30
62 34
62 41
62 46
62 50
62 54
62 55
62 56
62 59
62 63
62 64
62 67
62 70
62 76
62 78
62 80
62 83
62 86
63 5
63 7
63 8
63 9
63 11
63 13
63 19
63 20
63 23
63 29
63 30
63 31
63 34
63 41
63 42
63 44
63 47
63 48
63 49
63 52
63 53
63 55
63 56
63 57
63 64
63 65
63 66
63 67
63 68
63 72
63 73
63 74
63 76
63 81
63 83
64 24
64 66
64 78
64 7
66 73
66 62
68 28
68 50
68 44
68 69
68 6
69 67
69 69
69 6
69 72
69 73
69 81
69 51
69 86
69 23
69 22
69 60
69 5
70 35
70 52
70 46
70 55
72 34
72 51
72 28
72 6
72 55
73 81
73 34
73 67
73 52
73 55
74 24
74 2
74 3
74 46
76 28
76 12
76 69
77 32
77 66
77 69
77 8
77 73
77 60
77 80
77 50
77 19
77 55
77 56
77 28
77 29
77 30
78 66
78 5
78 8
78 74
78 43
78 40
78 22
78 10
79 48
80 66
80 3
80 69
80 6
80 44
80 18
80 20
80 55
80 25
80 59
80 30
80 5
81 6
81 70
81 72
81 44
81 76
81 80
81 18
81 83
81 20
81 62
81 55
81 59
81 30
81 63
82 51
83 56
83 9
83 20
83 78
84 0
84 2
84 3
84 7
84 13
84 14
84 18
84 24
84 25
84 28
84 38
84 44
84 46
84 48
84 49
84 50
84 51
84 56
84 59
84 64
84 69
84 70
84 72
84 73
84 74
84 78
85 3
85 6
85 7
85 14
85 19
85 20
85 24
85 27
85 28
85 29
85 30
85 34
85 35
85 38
85 44
85 45
85 54
85 55
85 57
85 63
85 64
85 66
85 68
85 69
85 70
85 72
85 73
85 78
85 82
86 0
86 68
86 8
86 83
86 59
86 28
87 67
87 40
87 44
87 19
87 55
87 25
87 59
87 28
87 31
