88
0 33
0 35
0 68
0 39
0 71
0 52
0 21
1 64
1 68
1 67
1 36
1 39
1 41
1 10
1 44
1 13
1 76
1 83
1 20
1 21
1 86
1 57
1 24
1 25
1 28
1 85
7 39
7 41
7 46
7 54
7 60
7 31
8 33
8 68
8 40
8 47
8 74
8 77
8 45
8 85
8 87
8 57
8 58
8 27
8 42
8 31
10 64
10 9
10 42
10 13
10 47
10 52
10 57
10 56
10 25
10 61
10 30
12 8
12 23
13 32
13 1
13 34
13 54
13 48
13 77
13 47
13 80
13 50
13 20
13 86
13 57
13 59
13 28
17 68
17 70
17 39
17 9
17 61
17 81
17 53
17 29
17 30
20 64
20 34
20 35
20 38
20 81
20 41
20 80
20 17
20 83
20 20
20 85
20 54
20 87
20 26
20 29
21 1
21 45
21 54
21 33
21 11
21 77
21 13
21 80
21 86
21 87
21 62
23 33
23 2
23 68
23 70
23 40
23 10
23 44
23 49
23 20
23 21
23 24
23 28
23 85
24 33
24 39
24 9
24 74
24 55
24 78
24 49
24 41
24 25
25 33
25 68
25 70
25 8
25 9
25 78
25 20
25 54
25 28
26 66
26 21
26 38
27 2
27 68
27 71
27 44
27 10
27 76
27 77
27 46
27 58
27 74
28 32
28 69
28 39
28 44
28 52
28 24
28 57
28 28
29 34
29 67
29 54
29 73
29 87
29 77
29 45
29 48
29 21
29 86
29 23
29 55
30 49
30 38
30 71
30 9
30 43
30 44
30 78
30 80
30 81
30 83
30 85
30 60
30 61
30 21
31 67
31 39
31 44
31 74
31 87
31 12
31 83
31 23
31 24
31 28
31 10
32 64
32 1
32 43
32 38
32 32
32 87
32 76
32 17
32 83
32 54
32 23
32 58
33 34
33 35
33 68
33 39
33 8
33 43
33 46
33 79
33 53
33 54
33 57
33 56
33 25
34 1
34 39
34 40
34 47
34 42
34 87
34 76
34 13
34 46
34 45
34 18
34 85
34 54
34 23
34 25
34 27
34 60
34 74
35 33
35 67
35 69
35 38
35 9
35 77
35 47
35 81
35 57
35 56
35 25
35 27
35 28
36 0
36 32
36 65
36 39
36 8
36 41
36 42
36 87
36 44
36 13
36 45
36 48
36 76
36 20
36 55
36 57
36 79
36 28
36 81
37 34
37 35
37 42
37 45
37 81
37 87
37 56
38 64
38 34
38 35
38 70
38 38
38 41
38 87
38 77
38 46
38 80
38 20
38 23
38 56
38 57
38 27
38 28
38 61
39 35
39 69
39 70
39 8
39 41
39 43
39 44
39 13
39 46
39 49
39 85
39 25
39 21
39 53
40 32
40 65
40 68
40 54
40 72
40 41
40 46
40 8
40 48
40 17
40 21
40 86
40 56
40 61
41 64
41 80
41 35
41 68
41 81
41 39
41 60
41 74
41 43
41 79
41 48
41 49
41 20
41 23
41 87
41 28
41 29
42 32
42 33
42 34
42 35
42 38
42 77
42 54
42 23
42 59
42 61
42 31
43 33
43 34
43 71
43 44
43 10
43 87
43 12
43 46
43 79
43 21
43 23
43 39
43 55
44 33
44 34
44 68
44 70
44 48
44 76
44 13
44 79
44 80
44 20
45 1
45 59
45 68
45 37
45 70
45 76
45 86
45 80
45 20
45 21
45 54
45 55
45 24
45 25
45 27
45 60
45 85
45 69
46 33
46 40
46 41
46 43
46 44
46 45
46 83
46 21
46 86
46 23
46 24
46 55
46 60
46 61
47 36
47 86
47 40
47 9
47 10
47 13
47 77
47 45
47 80
47 49
47 20
47 85
47 22
47 52
47 47
47 28
47 30
48 64
48 32
48 35
48 49
48 71
48 8
48 9
48 23
48 46
48 81
48 87
48 39
48 61
48 31
49 64
49 65
49 67
49 38
49 71
49 40
49 77
49 78
49 81
49 20
49 87
49 60
49 61
50 32
50 67
50 68
50 38
50 60
50 44
50 48
50 85
50 86
50 28
50 31
52 64
52 86
52 70
52 38
52 39
52 71
52 45
52 46
52 79
52 81
52 78
52 54
52 57
52 59
52 60
53 1
53 40
53 10
53 76
53 77
53 17
53 83
53 86
53 58
53 27
54 65
54 8
54 44
54 76
54 78
54 47
54 49
54 52
54 46
54 23
54 57
55 65
55 39
55 41
55 74
55 43
55 13
55 78
55 47
55 83
55 21
55 86
55 87
55 25
55 53
56 65
56 34
56 8
56 43
56 49
56 24
56 61
57 42
57 1
57 67
57 65
57 71
57 10
57 61
57 81
57 83
57 20
57 85
57 23
57 24
57 29
58 34
58 68
58 40
58 61
58 77
58 13
58 50
58 54
58 47
58 29
58 31
59 33
59 34
59 36
59 69
59 70
59 41
59 42
59 43
59 45
59 49
59 21
59 60
59 85
60 66
60 69
60 70
60 71
60 75
60 44
60 81
60 85
60 54
60 23
60 25
60 49
60 31
61 64
61 34
61 35
61 68
61 38
61 39
61 72
61 41
61 43
61 48
61 71
61 55
61 24
61 58
61 61
62 59
63 78
64 64
64 34
64 35
64 69
64 38
64 49
64 8
64 10
64 77
64 17
64 21
64 54
64 40
64 25
64 86
65 32
65 59
65 39
65 8
65 10
65 71
65 45
65 83
65 20
65 21
65 54
65 87
65 24
65 25
65 27
65 61
65 31
66 0
66 65
66 67
66 10
66 43
66 46
66 55
66 59
66 29
67 1
67 34
67 70
67 33
67 40
67 9
67 10
67 71
67 45
67 47
67 48
67 83
67 20
67 41
67 52
68 70
68 39
68 74
68 87
68 44
68 78
68 47
68 23
68 60
68 10
69 45
69 70
69 46
69 13
69 78
69 77
69 20
69 85
69 57
69 47
70 33
70 34
70 67
70 9
70 78
70 79
70 80
70 81
70 54
70 28
71 33
71 70
71 41
71 57
71 43
71 44
71 77
71 83
71 21
71 86
71 55
71 25
71 58
71 27
71 28
71 85
72 61
72 38
72 71
72 8
72 41
72 10
72 76
72 13
72 44
72 20
72 85
72 47
72 29
72 21
73 13
73 46
73 79
73 17
73 52
73 85
73 60
74 33
74 49
74 8
74 74
74 77
74 81
74 21
74 57
74 25
74 28
75 40
75 47
75 48
75 83
75 54
75 57
75 59
76 1
76 68
76 69
76 71
76 41
76 42
76 79
76 48
76 81
76 55
76 36
76 58
76 61
77 64
77 1
77 69
77 38
77 44
77 46
77 80
77 82
77 83
77 86
77 23
77 27
77 28
77 61
78 1
78 67
78 71
78 39
78 13
78 48
78 49
78 35
78 52
78 25
78 27
79 32
79 34
79 38
79 74
79 44
79 77
79 80
79 81
79 85
79 55
79 58
79 59
79 10
80 1
80 69
80 38
80 71
80 8
80 60
80 12
80 77
80 47
80 17
80 52
80 23
80 28
81 68
81 70
81 49
81 44
81 45
81 78
81 48
81 81
81 21
81 86
81 23
81 57
81 58
81 31
82 65
82 38
82 70
82 71
82 8
82 41
82 10
82 13
82 40
82 20
82 85
82 24
82 52
82 49
83 33
83 40
83 45
83 46
83 49
83 60
83 30
84 1
84 47
84 39
85 32
85 70
85 77
85 44
85 10
85 12
85 13
85 46
85 45
85 49
85 21
85 86
85 23
85 57
85 58
85 47
85 60
85 81
86 64
86 1
86 35
86 70
86 49
86 8
86 9
86 74
86 55
86 17
86 82
86 67
86 40
86 56
86 57
86 71
86 59
86 31
87 34
87 59
87 68
87 9
87 10
87 43
87 77
87 78
87 79
87 49
87 85
87 41
87 56
87 27
87 28
