88
0 0
0 2
1 34
1 45
2 0
2 5
2 10
2 16
2 19
2 28
2 34
2 36
2 37
2 39
2 46
2 47
2 49
2 53
2 54
2 58
2 62
2 63
2 67
2 70
2 73
2 79
2 81
2 86
3 2
3 3
3 11
3 17
3 18
3 22
3 28
3 31
3 32
3 33
3 35
3 38
3 43
3 48
3 59
3 63
3 71
3 75
3 77
3 83
3 86
3 87
4 32
4 33
4 2
4 82
4 37
4 6
4 7
4 10
4 86
4 44
4 65
4 46
4 48
4 18
4 85
4 54
4 28
4 42
4 62
4 31
5 0
5 83
5 3
5 4
5 37
5 6
5 7
5 72
5 42
5 39
5 61
5 77
5 47
5 18
5 19
5 82
5 87
5 29
5 30
6 33
6 3
6 4
6 35
6 7
6 10
6 39
6 76
6 16
6 19
6 52
6 48
6 54
6 87
6 25
6 71
6 59
6 65
6 74
6 30
6 51
7 0
7 51
7 34
7 35
7 36
7 5
7 49
7 40
7 67
7 12
7 66
7 48
7 17
7 19
7 54
7 28
7 62
8 0
8 6
8 8
8 12
8 16
8 18
8 21
8 27
8 33
8 36
8 37
8 46
8 47
8 48
8 49
8 52
8 55
8 58
8 59
8 63
8 66
8 75
8 83
8 85
8 87
9 0
9 2
9 4
9 5
9 6
9 10
9 16
9 17
9 28
9 29
9 35
9 36
9 49
9 50
9 51
9 55
9 58
9 59
9 61
9 62
9 67
9 77
9 79
10 1
10 3
10 9
10 11
10 12
10 17
10 18
10 19
10 21
10 25
10 28
10 31
10 32
10 34
10 40
10 41
10 46
10 48
10 58
10 59
10 62
10 67
10 76
10 83
10 84
10 87
11 0
11 83
11 35
11 5
11 38
11 39
11 41
11 42
11 11
11 46
11 48
11 19
11 84
11 55
11 57
11 87
11 59
11 28
12 2
12 34
12 4
12 49
12 7
12 8
12 41
12 10
12 75
12 44
12 13
12 79
12 48
12 17
12 50
12 83
12 54
12 55
12 36
12 28
13 0
13 2
13 5
13 7
13 12
13 13
13 16
13 18
13 19
13 33
13 35
13 36
13 46
13 47
13 48
13 54
13 56
13 57
13 61
13 66
13 67
13 71
13 73
13 78
13 83
14 67
15 0
15 32
15 34
15 51
15 9
15 23
15 73
15 17
15 83
15 54
15 87
15 28
16 10
16 42
17 65
17 35
17 22
17 7
17 10
17 11
17 43
17 83
17 86
17 87
18 0
18 80
18 2
18 67
18 4
18 8
18 75
18 42
18 11
18 76
18 16
18 17
18 50
18 55
18 24
18 57
18 87
18 59
18 72
19 1
19 34
19 35
19 54
19 38
19 71
19 9
19 75
19 44
19 66
19 77
19 16
19 49
19 18
19 19
19 22
19 87
19 83
19 25
19 62
19 63
20 61
21 65
21 43
21 17
22 0
22 48
22 35
22 37
22 6
22 7
22 9
22 87
22 73
22 47
22 16
22 49
22 82
22 83
22 85
22 54
22 55
22 81
22 62
22 63
23 32
23 65
23 3
23 6
23 41
23 10
23 17
23 19
23 52
24 0
24 75
24 63
25 22
25 7
25 75
25 77
25 17
25 54
25 59
26 19
26 73
26 18
26 83
26 59
26 63
27 28
27 62
28 54
29 65
29 34
29 35
29 7
29 74
29 11
29 12
29 13
29 78
29 16
29 17
29 19
29 43
29 87
29 67
29 83
29 62
30 0
30 2
30 5
30 7
30 12
30 76
30 17
30 82
30 84
30 87
31 16
33 36
33 7
33 8
33 11
33 46
33 16
33 18
33 20
33 22
34 19
34 67
34 76
35 3
35 12
36 73
36 75
36 86
36 46
36 9
37 2
37 67
37 36
37 38
37 6
37 40
37 9
37 17
37 18
37 22
37 23
37 54
38 16
38 54
39 46
39 47
40 7
41 33
41 2
41 43
41 86
41 38
41 39
41 41
41 42
41 11
41 44
41 76
41 48
41 49
41 18
41 67
41 54
41 87
41 83
41 62
42 48
42 59
42 3
43 0
43 7
43 71
43 12
43 13
43 16
43 82
43 19
43 28
43 62
44 3
44 12
45 37
46 11
47 35
47 46
48 48
49 48
50 0
50 35
50 54
50 7
50 41
50 74
50 75
50 12
50 45
50 47
50 16
50 49
50 18
50 83
50 22
50 23
50 59
50 28
50 61
51 0
51 2
51 5
51 7
51 8
51 9
51 11
51 13
51 15
51 16
51 17
51 18
51 19
51 23
51 35
51 38
51 46
51 49
51 59
51 63
51 65
51 66
51 71
51 74
51 83
51 87
52 0
52 52
53 2
53 35
53 38
53 76
53 49
53 19
53 52
53 22
53 59
54 3
54 82
54 37
54 40
54 11
54 13
54 50
54 18
54 83
54 21
54 87
55 0
55 33
55 36
55 7
55 10
55 47
55 16
55 81
55 19
55 59
55 29
56 32
56 34
56 36
56 9
56 48
56 18
56 56
57 2
57 34
57 36
57 82
57 11
57 12
57 77
57 18
57 83
57 84
57 85
57 23
57 59
58 32
58 33
58 83
58 75
58 5
58 7
58 9
58 39
58 12
58 82
58 44
58 17
58 18
58 19
58 85
58 22
58 25
58 54
58 62
59 33
59 83
59 36
59 5
59 7
59 54
59 73
59 79
59 75
59 86
59 15
59 49
59 19
59 21
59 22
59 47
59 28
59 61
59 63
60 77
60 31
61 37
61 40
61 10
61 13
61 45
61 48
61 18
61 19
61 86
61 57
61 28
61 30
62 2
62 5
62 7
62 9
62 10
62 13
62 15
62 17
62 18
62 22
62 23
62 28
62 33
62 34
62 35
62 39
62 45
62 54
62 56
62 57
62 59
62 63
62 67
62 71
62 73
62 83
62 84
63 0
63 2
63 6
63 7
63 11
63 12
63 16
63 17
63 18
63 19
63 28
63 30
63 37
63 42
63 43
63 48
63 50
63 51
63 71
63 78
63 81
63 83
63 85
63 87
64 50
65 2
65 3
65 7
65 9
65 16
65 17
65 18
65 19
65 23
65 27
65 28
65 35
65 36
65 37
65 38
65 42
65 45
65 48
65 49
65 54
65 56
65 57
65 59
65 66
65 72
65 75
65 79
65 82
65 86
66 1
66 3
66 46
66 16
66 22
66 55
66 56
66 59
66 62
67 38
67 72
67 47
67 16
67 19
67 54
68 49
68 9
69 0
70 58
71 34
71 6
71 7
71 19
71 84
71 59
71 63
72 16
72 2
73 19
73 1
73 35
73 5
73 9
73 43
73 18
73 83
73 73
73 23
74 34
74 74
74 58
75 32
75 35
75 4
75 37
75 38
75 49
75 40
75 41
75 10
75 17
75 18
75 62
75 87
75 59
75 28
75 30
76 43
77 43
77 86
77 7
77 11
77 54
77 28
78 16
78 70
79 0
79 33
79 66
79 67
79 37
79 65
79 8
79 10
79 75
79 13
79 49
79 82
79 72
79 56
79 25
79 26
79 59
79 62
79 63
81 0
82 0
82 3
82 5
82 6
82 10
82 17
82 22
82 25
82 28
82 30
82 31
82 34
82 38
82 46
82 47
82 49
82 50
82 58
82 59
82 65
82 69
82 78
82 84
83 2
83 28
83 86
84 48
85 54
86 1
86 8
86 16
86 18
86 19
86 21
86 23
86 30
86 31
86 33
86 37
86 42
86 43
86 45
86 49
86 51
86 59
86 68
86 72
86 78
86 79
86 81
86 83
86 86
86 87
87 0
87 1
87 2
87 4
87 7
87 10
87 12
87 17
87 18
87 28
87 32
87 33
87 35
87 36
87 39
87 46
87 48
87 49
87 52
87 54
87 59
87 63
87 71
87 82
87 83
