88
0 58
0 34
0 67
0 36
0 41
0 77
0 79
0 48
0 51
0 52
0 73
0 26
0 27
0 29
0 62
1 73
1 26
1 27
1 6
1 79
2 64
2 34
2 67
2 4
2 5
2 6
2 73
2 45
2 46
2 77
2 56
2 50
2 51
2 69
2 55
2 24
2 58
2 70
2 37
2 62
2 31
3 4
3 26
3 27
3 31
3 32
3 34
3 37
3 41
3 45
3 46
3 48
3 50
3 54
3 55
3 57
3 58
3 66
3 69
3 70
3 71
3 77
3 78
3 79
3 83
7 48
7 50
7 54
7 55
7 26
7 62
8 34
8 4
8 70
8 6
8 71
8 73
8 48
8 50
8 83
8 55
8 68
8 26
8 27
8 58
8 62
9 45
9 36
9 70
9 6
9 73
9 77
9 79
9 49
9 57
9 26
9 29
10 67
10 70
10 6
10 41
10 77
10 46
10 50
10 57
10 62
11 71
13 48
13 4
13 77
13 6
13 79
15 34
16 57
18 41
18 54
20 70
20 77
20 79
20 48
20 51
20 27
20 62
20 31
21 32
21 34
21 67
21 36
21 37
21 71
21 72
21 73
21 83
21 79
21 48
21 51
21 57
21 54
21 55
21 4
21 58
21 62
21 69
22 67
22 37
22 6
22 71
22 41
22 77
22 48
22 50
22 55
22 58
22 27
22 29
23 27
23 58
23 51
24 4
24 5
24 6
24 23
24 27
24 31
24 34
24 36
24 37
24 45
24 46
24 50
24 51
24 54
24 55
24 57
24 58
24 62
24 64
24 68
24 69
24 71
24 72
24 77
24 79
24 83
28 6
28 23
28 26
28 27
28 32
28 36
28 41
28 45
28 46
28 48
28 50
28 51
28 52
28 55
28 57
28 58
28 62
28 66
28 67
28 68
28 70
28 73
28 77
28 79
30 64
30 34
30 67
30 70
30 71
30 41
30 45
30 46
30 48
30 50
30 58
30 62
31 4
31 37
31 6
31 73
31 55
31 45
31 79
31 50
31 54
31 41
31 57
31 26
31 27
31 62
32 4
32 6
32 23
32 26
32 27
32 31
32 34
32 36
32 37
32 41
32 48
32 49
32 51
32 58
32 62
32 67
32 70
32 71
32 73
32 78
32 79
32 83
33 64
33 67
33 36
33 5
33 6
33 81
33 73
33 50
33 46
33 77
33 49
33 37
33 58
33 57
33 25
33 26
33 70
33 29
33 31
34 32
34 36
34 37
34 6
34 71
34 45
34 46
34 79
34 50
34 51
34 52
34 54
34 55
34 57
34 26
34 58
34 69
35 65
35 34
35 67
35 4
35 70
35 6
35 71
35 73
35 79
35 66
35 77
35 50
35 51
35 54
35 57
35 26
35 27
35 58
35 62
37 64
37 67
37 68
37 71
37 72
37 77
37 45
37 48
37 50
37 52
37 4
37 27
37 62
37 36
38 51
38 34
38 36
38 69
38 70
38 71
38 41
38 77
38 79
38 48
38 83
38 26
38 37
38 31
39 4
39 23
39 26
39 27
39 29
39 31
39 32
39 36
39 37
39 41
39 45
39 46
39 50
39 51
39 52
39 54
39 55
39 57
39 62
39 64
39 67
39 70
39 72
39 78
40 34
40 67
40 68
40 37
40 70
40 77
40 46
40 79
40 80
40 50
40 51
40 55
40 57
40 58
40 29
40 62
40 31
41 67
41 4
41 37
41 6
41 41
41 77
41 54
41 58
41 31
42 36
42 6
42 41
42 78
42 79
42 48
42 46
42 26
42 58
43 64
43 34
43 69
43 70
43 73
43 77
43 54
43 23
43 6
44 32
44 34
44 67
44 4
44 37
44 6
44 41
44 45
44 14
44 79
44 48
44 83
44 46
44 23
44 25
44 62
45 34
45 37
45 55
45 24
45 57
45 26
45 31
46 4
46 37
46 73
46 45
46 46
46 52
46 54
46 57
46 62
47 4
47 6
47 23
47 26
47 31
47 34
47 36
47 37
47 41
47 48
47 50
47 51
47 54
47 55
47 56
47 57
47 58
47 62
47 67
47 70
47 71
47 72
47 77
47 79
48 34
48 67
48 68
48 69
48 70
48 41
48 45
48 77
48 46
48 79
48 55
48 26
48 27
48 37
49 4
49 37
49 41
49 48
49 51
49 58
52 26
52 27
52 32
52 34
52 36
52 37
52 46
52 48
52 49
52 50
52 51
52 52
52 54
52 55
52 57
52 58
52 62
52 69
52 70
52 73
52 79
52 83
53 4
53 6
53 24
53 27
53 31
53 32
53 36
53 41
53 45
53 46
53 48
53 49
53 50
53 51
53 55
53 56
53 64
53 66
53 68
53 69
53 71
53 72
53 73
53 83
55 32
55 64
55 34
55 67
55 4
55 37
55 6
55 72
55 41
55 77
55 50
55 83
55 23
55 58
55 27
55 70
55 31
56 41
56 58
56 37
56 62
57 67
57 36
57 69
57 41
57 77
57 46
57 51
57 55
57 57
57 26
57 62
59 51
59 34
59 67
59 36
59 79
60 32
60 65
60 68
60 37
60 6
60 41
60 77
60 46
60 79
60 51
60 57
60 26
60 70
60 62
60 69
61 4
61 5
61 6
61 26
61 31
61 34
61 36
61 37
61 41
61 45
61 48
61 49
61 51
61 54
61 62
61 64
61 65
61 66
61 67
61 68
61 71
61 72
61 73
61 77
62 48
62 51
62 67
62 45
63 32
63 64
63 67
63 4
63 37
63 6
63 72
63 41
63 48
63 50
63 51
63 52
63 73
63 36
63 26
63 27
63 70
63 29
63 62
63 68
66 34
66 36
66 5
66 70
66 71
66 41
66 83
66 45
66 79
66 50
66 51
66 69
66 57
66 54
66 55
66 4
66 26
66 27
66 58
66 62
66 37
67 32
67 48
67 46
69 48
69 51
69 67
69 57
70 32
70 51
70 4
70 6
70 73
70 55
70 45
70 46
70 83
70 41
70 23
70 26
70 27
70 31
71 26
71 83
71 45
71 6
72 69
72 73
72 79
72 48
72 27
72 62
73 64
73 72
73 67
73 70
73 51
74 4
74 37
74 6
74 77
74 54
74 57
74 26
74 62
74 31
75 4
75 26
75 27
75 29
75 31
75 34
75 36
75 37
75 41
75 46
75 48
75 51
75 54
75 57
75 58
75 64
75 66
75 67
75 70
75 71
75 72
75 73
75 79
75 83
76 6
76 26
76 27
76 34
76 36
76 37
76 41
76 46
76 51
76 56
76 57
76 62
76 64
76 67
76 68
76 69
76 71
76 72
76 73
76 77
76 78
76 79
77 27
77 79
77 51
77 70
77 71
78 4
78 6
78 24
78 26
78 32
78 34
78 36
78 37
78 45
78 46
78 48
78 51
78 54
78 55
78 57
78 58
78 64
78 67
78 70
78 71
78 77
78 78
78 79
78 83
79 34
79 67
79 6
79 70
79 41
79 79
79 48
79 83
82 6
82 26
82 27
82 29
82 31
82 34
82 37
82 46
82 50
82 51
82 54
82 55
82 56
82 58
82 62
82 64
82 65
82 67
82 70
82 71
82 77
82 83
84 4
84 6
84 23
84 27
84 29
84 31
84 32
84 34
84 36
84 37
84 41
84 48
84 50
84 51
84 52
84 54
84 55
84 57
84 58
84 62
84 64
84 67
84 70
84 73
84 77
84 79
85 32
85 68
85 67
85 36
85 70
85 6
85 41
85 55
85 77
85 79
85 48
85 50
85 51
85 52
85 73
85 23
85 57
85 26
85 27
85 29
85 62
86 64
86 34
86 67
86 4
86 37
86 71
86 41
86 79
86 45
86 77
86 50
86 73
86 55
86 36
86 26
86 27
86 29
86 69
86 31
87 32
87 34
87 4
87 37
87 6
87 73
87 77
87 79
87 52
87 55
87 57
87 26
87 29
87 62
