88
0 48
0 2
0 27
0 60
1 38
1 72
1 43
1 14
1 79
1 8
1 20
1 56
1 57
1 63
2 1
2 66
2 4
2 38
2 33
2 8
2 73
2 43
2 14
2 17
2 83
2 53
2 40
2 56
2 30
3 1
3 66
3 35
3 37
3 38
3 33
3 8
3 43
3 12
3 48
3 72
3 54
3 87
3 71
3 62
3 31
4 64
4 34
4 35
4 4
4 7
4 8
4 73
4 39
4 12
4 66
4 47
4 40
4 82
4 53
4 43
4 24
4 79
4 60
5 0
5 1
5 34
5 71
5 76
5 12
5 13
5 17
5 51
5 53
5 86
5 57
6 3
6 35
6 66
6 67
6 38
6 39
6 83
6 77
6 13
6 16
6 34
6 51
6 54
9 0
9 65
9 2
9 35
9 71
9 73
9 74
9 43
9 47
9 48
9 52
10 32
10 1
10 66
10 70
10 74
10 12
10 13
10 14
10 77
10 16
10 17
10 82
10 20
10 62
10 30
14 1
14 17
14 8
14 63
14 10
14 76
14 78
14 81
14 46
14 24
14 27
14 53
14 62
14 31
20 64
20 67
20 70
20 38
20 39
20 72
20 71
20 82
20 79
20 16
20 75
20 83
20 84
20 54
20 87
20 60
20 63
21 64
21 3
21 37
21 40
21 73
21 75
21 77
21 79
21 23
21 24
21 57
21 60
21 30
21 31
22 84
22 33
22 2
22 75
22 38
22 39
22 72
22 43
22 76
22 66
22 47
22 83
22 20
22 53
22 52
22 63
22 30
22 31
24 67
24 38
24 70
24 71
24 47
24 43
24 12
24 13
24 79
24 16
24 54
24 87
24 27
25 32
25 16
25 2
25 67
25 70
25 73
25 12
25 80
25 82
25 54
26 0
26 84
26 67
26 3
26 37
26 71
26 8
26 74
26 79
26 40
26 35
26 20
26 56
26 57
26 60
28 64
28 24
28 74
28 75
28 12
29 0
29 1
29 2
29 35
29 38
29 7
29 73
29 43
29 66
29 16
29 17
29 51
29 23
29 63
29 60
29 31
30 66
30 67
30 5
30 39
30 8
30 74
30 13
30 56
30 37
31 1
31 34
31 43
31 69
31 33
31 8
31 41
31 75
31 47
31 17
31 84
31 72
31 30
31 63
32 65
32 66
32 37
32 40
32 76
32 2
32 14
32 77
32 16
32 21
32 24
32 47
32 62
32 31
33 0
33 1
33 43
33 69
33 70
33 33
33 40
33 74
33 75
33 77
33 79
33 17
33 47
33 30
34 40
35 33
35 2
35 48
35 69
35 38
35 71
35 72
35 34
35 16
35 56
35 24
35 63
35 31
36 66
36 67
36 4
36 5
36 82
36 21
36 56
38 65
38 34
38 67
38 70
38 38
38 39
38 40
38 43
38 12
38 14
38 79
38 16
38 17
38 78
38 72
38 71
38 60
39 1
39 67
39 33
39 12
39 47
39 81
39 83
39 53
39 23
39 56
39 57
39 60
39 31
40 3
40 70
40 38
40 9
40 87
40 14
40 16
40 17
40 83
40 84
40 41
40 24
40 57
40 27
40 60
40 31
41 65
41 35
41 69
41 33
41 8
41 74
41 48
41 56
41 20
41 24
41 57
41 27
41 30
41 31
42 1
42 34
42 35
42 65
42 72
42 10
42 47
42 81
42 62
42 24
42 74
42 30
42 63
44 64
44 33
44 83
44 38
44 48
44 40
44 73
44 74
44 75
44 16
44 51
44 21
44 24
44 57
44 27
44 60
44 31
45 32
45 64
45 66
45 75
45 72
45 43
45 14
45 48
45 56
45 54
45 87
45 24
45 57
45 27
45 62
45 63
46 56
46 74
46 67
46 14
47 0
47 32
47 35
47 33
47 72
47 73
47 74
47 71
47 76
47 47
47 67
47 53
47 24
47 62
47 31
48 5
48 75
48 12
48 20
48 86
48 56
48 31
49 64
49 2
49 4
49 38
49 70
49 8
49 76
49 43
49 12
49 16
49 83
49 20
49 56
49 63
53 65
53 2
53 67
53 1
53 73
53 7
53 76
53 47
53 17
53 82
53 87
53 27
53 63
54 2
54 69
54 38
54 71
54 76
54 74
54 12
54 66
54 47
54 82
54 51
54 53
54 70
54 62
54 31
55 32
55 64
55 83
55 35
55 8
55 76
55 43
55 12
55 77
55 46
55 67
55 54
55 56
55 57
55 62
57 33
57 67
57 39
57 75
57 80
57 17
57 84
57 53
57 27
59 0
59 2
59 69
59 38
59 7
59 73
59 74
59 39
59 76
59 66
59 77
59 47
59 48
59 83
59 20
59 57
59 79
59 60
59 31
60 48
60 35
60 70
60 65
60 39
60 40
60 73
60 74
60 71
60 12
60 16
60 17
60 82
60 53
60 87
60 56
60 27
61 32
61 1
61 2
61 67
61 37
61 70
61 33
61 8
61 39
61 13
61 46
61 82
61 83
61 20
61 62
61 30
62 64
62 1
62 34
62 3
62 70
62 51
62 39
62 72
62 75
62 78
62 48
62 17
62 35
62 53
62 54
62 23
62 83
62 87
63 64
63 34
63 70
63 39
63 43
63 14
63 47
63 48
63 20
63 21
63 54
63 87
63 56
63 31
64 32
64 1
64 66
64 69
64 33
64 40
64 9
64 10
64 43
64 12
64 79
64 76
64 53
64 57
64 62
65 48
65 66
65 67
65 69
65 38
65 65
65 12
65 78
65 47
65 16
65 83
65 20
65 54
65 56
65 57
65 79
65 62
66 0
66 32
66 35
66 69
66 33
66 41
66 71
66 76
66 77
66 79
66 17
66 51
66 20
66 53
66 23
66 56
66 57
66 31
67 2
67 43
67 4
67 39
67 73
67 75
67 12
67 13
67 48
67 17
67 87
67 56
67 57
67 30
68 32
68 69
68 8
68 76
68 12
68 13
68 47
68 80
68 40
68 21
68 23
68 63
68 62
68 5
69 65
69 66
69 40
69 43
69 2
69 14
69 16
69 17
69 83
69 20
69 87
69 24
69 62
69 31
70 32
70 67
70 39
70 71
70 76
70 51
70 53
70 63
70 62
70 31
71 66
71 69
71 8
71 73
71 12
71 77
71 79
71 17
71 20
71 54
71 52
71 13
71 62
71 37
72 1
72 48
72 70
72 33
72 8
72 80
72 43
72 77
72 47
72 16
72 53
72 54
72 23
72 60
72 31
73 64
73 2
73 67
73 4
73 37
73 39
73 8
73 9
73 66
73 40
73 83
73 52
73 57
73 60
73 30
73 63
74 64
74 33
74 3
74 38
74 71
74 73
74 77
74 79
74 16
74 81
74 21
74 54
74 60
74 30
74 63
75 0
75 69
75 38
75 7
75 8
75 75
75 12
75 79
75 16
75 53
75 57
75 30
75 37
76 65
76 2
76 35
76 37
76 70
76 43
76 12
76 82
76 16
76 75
76 53
76 69
76 87
76 27
76 62
76 63
78 65
78 34
78 66
78 37
78 38
78 39
78 8
78 76
78 2
78 13
78 72
78 51
78 20
78 56
78 27
78 70
78 63
79 64
79 67
79 82
79 37
79 39
79 8
79 43
79 12
79 77
79 47
79 17
79 75
79 54
79 69
79 57
79 60
79 62
79 31
81 3
81 69
81 72
81 41
81 10
81 43
81 40
81 21
81 56
81 62
82 64
82 1
82 2
82 34
82 65
82 48
82 8
82 43
82 13
82 14
82 47
82 16
82 72
82 27
82 60
83 32
83 66
83 8
83 63
83 75
83 77
83 73
83 16
83 17
83 83
83 54
83 56
83 24
83 27
83 30
83 31
85 1
85 66
85 35
85 69
85 12
85 14
85 48
85 87
85 56
87 32
87 65
87 69
87 39
87 72
87 9
87 75
87 47
87 16
87 17
87 73
87 24
87 30
87 37
