88
0 0
0 45
0 6
0 85
1 0
1 8
1 42
1 80
1 49
1 20
1 57
1 25
2 5
2 6
3 3
3 5
3 6
3 8
3 12
3 14
3 17
3 20
3 25
3 33
3 36
3 40
3 42
3 45
3 49
3 57
3 58
3 71
3 77
3 80
3 81
3 85
4 0
4 42
5 0
5 1
5 2
5 3
5 4
5 5
5 6
5 12
5 13
5 14
5 17
5 18
5 20
5 25
5 32
5 36
5 42
5 45
5 46
5 47
5 49
5 56
5 57
5 58
5 72
5 73
5 80
5 85
6 32
6 1
6 4
6 42
6 43
6 17
6 82
6 85
6 57
6 25
9 1
9 3
9 8
9 12
9 13
9 25
9 31
9 33
9 34
9 38
9 40
9 42
9 45
9 56
9 62
9 69
9 71
9 72
9 73
9 77
9 81
9 82
9 85
10 33
10 2
10 6
10 12
10 77
10 14
10 45
10 17
10 82
10 85
10 57
10 56
10 25
10 62
13 0
13 2
13 3
13 5
13 6
13 8
13 13
13 17
13 20
13 25
13 30
13 31
13 32
13 36
13 42
13 45
13 46
13 49
13 56
13 57
13 58
13 69
13 71
13 77
13 80
13 82
13 85
19 1
19 12
19 77
19 14
19 49
19 82
19 85
19 57
19 25
19 28
20 1
20 2
20 6
20 12
20 13
20 17
20 20
20 25
20 31
20 32
20 36
20 40
20 42
20 45
20 46
20 47
20 49
20 57
20 58
20 72
20 73
20 77
20 80
20 81
21 32
21 3
21 5
21 49
21 8
21 42
21 76
21 13
21 45
21 17
21 35
21 20
21 57
21 40
21 72
21 25
21 58
21 47
21 62
21 31
22 5
22 42
22 13
22 45
22 80
22 17
22 20
22 85
22 47
23 32
23 5
23 72
23 73
23 77
23 14
23 80
23 49
23 20
23 85
23 55
24 44
24 2
24 12
24 17
25 1
25 3
25 6
25 8
25 12
25 13
25 20
25 30
25 31
25 41
25 42
25 45
25 46
25 47
25 49
25 53
25 56
25 62
25 70
25 71
25 73
25 77
26 0
26 1
26 2
26 5
26 8
26 12
26 17
26 25
26 31
26 32
26 35
26 38
26 40
26 45
26 46
26 49
26 53
26 57
26 62
26 72
26 77
26 81
26 82
26 85
27 1
27 5
28 45
29 17
29 4
30 0
30 3
30 72
30 42
30 12
30 45
30 46
30 80
30 40
30 25
31 1
31 35
31 4
31 5
31 39
31 8
31 73
31 42
31 71
31 12
31 45
31 14
31 47
31 17
31 77
31 57
31 40
31 36
31 49
31 58
31 85
32 72
32 42
32 82
32 85
32 53
32 31
33 41
33 42
33 71
34 8
34 49
35 32
35 1
35 6
35 12
35 76
35 77
35 14
35 45
35 82
35 85
36 49
36 12
36 25
36 20
36 39
37 72
37 42
37 20
37 85
37 47
38 42
38 20
38 82
39 17
39 57
39 71
40 0
40 1
40 2
40 3
40 5
40 6
40 8
40 12
40 13
40 14
40 17
40 20
40 25
40 36
40 38
40 40
40 45
40 47
40 49
40 55
40 56
40 57
40 71
40 73
40 77
40 82
40 85
41 0
41 1
41 32
41 73
41 56
41 25
41 31
43 0
43 1
43 2
43 3
43 5
43 6
43 8
43 9
43 12
43 13
43 14
43 17
43 20
43 28
43 32
43 41
43 45
43 46
43 47
43 49
43 57
43 69
43 71
43 72
43 77
43 80
43 82
43 85
44 0
44 1
44 35
44 5
44 32
44 8
44 44
44 71
44 12
44 80
44 49
44 83
44 20
44 85
44 57
44 56
44 25
44 58
44 29
44 72
45 0
45 3
45 5
45 6
45 8
45 9
45 12
45 13
45 14
45 20
45 25
45 31
45 32
45 35
45 40
45 41
45 42
45 45
45 46
45 49
45 52
45 53
45 56
45 58
45 72
45 80
45 82
45 85
46 6
46 71
46 73
46 13
46 49
46 20
46 85
46 57
46 25
47 1
47 85
48 1
48 3
48 39
48 13
48 17
48 20
48 53
48 57
49 12
49 13
49 46
49 48
49 49
49 18
49 85
49 56
49 25
49 31
50 0
50 1
50 3
50 6
50 12
50 57
50 25
51 49
51 20
51 85
52 32
52 3
52 4
52 39
52 72
52 12
52 76
52 17
52 35
52 20
52 62
52 31
53 0
53 49
54 49
54 43
55 32
55 8
55 42
55 12
55 47
56 1
56 6
56 42
56 45
56 14
56 20
56 46
56 56
56 25
57 1
57 5
57 72
57 42
57 12
57 47
57 49
57 52
57 40
57 25
59 5
59 49
59 8
59 73
59 45
59 46
59 17
59 82
59 20
59 53
59 40
60 5
60 73
60 44
60 77
60 46
60 80
60 41
61 20
62 73
62 42
62 45
62 46
62 47
62 20
62 57
63 0
63 1
63 35
63 5
63 32
63 8
63 41
63 42
63 12
63 45
63 14
63 77
63 49
63 82
63 83
63 20
63 46
63 57
63 72
63 25
63 62
64 0
64 3
64 8
64 12
64 14
64 17
64 18
64 21
64 25
64 40
64 41
64 42
64 43
64 45
64 46
64 53
64 56
64 57
64 62
64 69
64 71
64 72
64 73
64 80
65 73
65 14
66 58
66 6
67 42
67 85
68 4
68 5
68 72
68 73
68 42
68 76
68 46
68 80
68 17
68 20
69 0
69 3
69 5
69 6
69 8
69 17
69 25
69 31
69 40
69 44
69 45
69 46
69 47
69 48
69 49
69 52
69 56
69 57
69 58
69 71
69 74
69 76
69 80
69 81
70 2
70 3
70 73
70 12
70 49
70 20
70 85
71 1
71 5
71 72
71 12
71 13
71 47
71 80
71 49
71 85
71 55
71 62
72 0
72 3
72 5
72 8
72 73
72 12
72 13
72 14
72 47
72 80
72 49
72 82
72 35
72 85
72 57
72 72
72 25
72 58
72 62
72 31
74 1
74 12
74 49
75 45
76 85
76 45
77 32
77 25
77 52
77 14
78 49
78 42
79 46
80 0
80 2
80 6
80 8
80 10
80 13
80 14
80 17
80 20
80 25
80 32
80 40
80 42
80 45
80 47
80 49
80 56
80 58
80 62
80 71
80 77
80 80
80 82
81 0
81 1
81 2
81 3
81 5
81 8
81 12
81 13
81 14
81 17
81 20
81 25
81 30
81 31
81 35
81 36
81 40
81 42
81 44
81 45
81 46
81 47
81 52
81 57
81 73
81 80
81 81
81 82
82 0
82 2
82 3
82 5
82 6
82 8
82 12
82 13
82 14
82 17
82 20
82 33
82 35
82 40
82 42
82 45
82 47
82 49
82 53
82 55
82 56
82 71
82 72
82 76
82 77
82 82
82 85
83 5
83 6
83 13
83 14
83 20
83 25
83 32
83 36
83 38
83 40
83 42
83 46
83 47
83 49
83 57
83 58
83 62
83 72
83 73
83 76
83 77
83 80
83 81
83 85
84 1
84 3
84 5
84 12
84 14
84 17
84 20
84 25
84 32
84 40
84 41
84 42
84 46
84 49
84 52
84 56
84 57
84 62
84 71
84 73
84 76
84 81
84 82
84 85
85 0
85 1
85 2
85 3
85 77
85 5
85 6
85 32
85 72
85 42
85 71
85 12
85 13
85 14
85 45
85 17
85 82
85 20
85 52
85 47
86 0
86 1
86 4
86 5
86 8
86 12
86 13
86 14
86 17
86 18
86 20
86 23
86 25
86 31
86 32
86 35
86 40
86 45
86 46
86 47
86 56
86 58
86 71
86 77
86 80
86 81
86 83
86 85
87 1
87 2
87 3
87 4
87 6
87 77
87 40
87 42
87 12
87 45
87 14
87 47
87 80
87 17
87 82
87 57
87 25
87 30
