88
0 2
0 5
0 10
0 77
0 45
0 18
0 28
1 65
1 70
1 72
1 13
1 14
1 51
1 46
1 27
3 5
3 71
3 8
3 73
3 46
3 80
3 51
3 20
3 23
3 57
3 58
3 63
3 37
4 5
4 40
4 9
4 79
4 75
4 44
4 13
4 14
4 45
4 81
4 51
4 86
4 27
4 28
4 62
6 34
6 5
6 81
6 8
6 79
6 55
6 14
6 47
6 72
6 51
6 20
6 22
6 23
6 83
6 87
6 27
6 30
7 69
7 70
7 8
7 14
7 47
7 40
7 83
7 87
7 56
8 4
8 37
8 38
8 72
8 9
8 44
8 45
8 46
8 80
8 55
8 58
8 28
8 63
9 65
9 35
9 4
9 5
9 71
9 73
9 10
9 45
9 14
9 81
9 20
9 54
9 87
9 58
9 30
9 37
10 2
10 4
10 5
10 70
10 40
10 9
10 13
10 46
10 79
10 81
10 86
10 56
10 57
10 58
10 29
11 65
11 69
11 82
11 83
11 87
11 28
11 30
12 65
12 68
12 6
12 33
12 9
12 75
12 76
12 47
12 80
12 81
12 55
12 4
12 39
14 5
14 9
14 46
14 79
14 18
14 19
14 47
14 29
15 2
15 10
15 47
15 80
15 18
15 86
15 57
15 58
15 28
19 2
19 37
19 38
19 40
19 43
19 76
19 45
19 46
19 80
19 81
19 69
19 23
19 24
19 59
19 70
19 62
19 63
20 2
20 43
20 69
20 72
20 75
20 45
20 46
20 8
20 49
20 18
20 86
20 24
20 58
20 28
21 38
21 71
21 72
21 76
21 46
21 47
21 80
21 19
21 20
21 86
21 55
21 52
21 58
21 28
21 63
22 34
22 77
22 79
22 48
22 51
22 57
22 27
23 0
23 4
23 37
23 70
23 14
23 62
23 86
23 57
23 30
24 33
24 70
24 40
24 9
24 75
24 76
24 13
24 46
24 47
24 80
24 72
24 20
24 87
24 24
24 79
24 30
25 65
25 69
25 8
25 9
25 13
25 46
25 81
25 56
25 55
25 72
25 58
25 27
25 28
25 30
28 24
28 35
28 62
28 30
29 65
29 10
29 55
29 45
29 47
29 80
29 23
29 62
30 33
30 4
30 71
30 8
30 10
30 43
30 77
30 45
30 80
30 83
30 20
30 22
30 47
31 68
31 69
31 71
31 40
31 49
31 20
31 52
32 2
32 68
32 5
32 39
32 76
32 45
32 47
32 83
32 23
32 57
32 58
32 59
32 29
32 30
32 63
33 65
33 37
33 70
33 49
33 73
33 23
33 44
33 77
33 47
33 81
33 19
33 87
33 30
34 5
34 70
34 40
34 73
34 75
34 46
34 79
34 80
34 81
34 24
34 63
35 33
35 34
35 35
35 5
35 73
35 13
35 46
35 80
35 81
35 52
35 87
35 62
36 35
36 70
36 57
36 75
36 14
36 43
36 51
36 46
36 22
36 23
36 24
36 55
36 63
37 2
37 4
37 5
37 73
37 75
37 34
37 45
37 19
37 9
37 55
37 58
37 63
38 59
38 47
38 40
38 9
38 10
38 44
38 13
38 46
38 45
38 81
38 22
38 23
38 57
38 27
38 29
39 33
39 5
39 72
39 48
39 40
39 62
39 56
39 57
39 63
39 30
39 37
40 65
40 4
40 38
40 79
40 80
40 51
40 20
40 62
40 22
40 87
40 58
40 47
40 30
40 31
41 65
41 34
41 35
41 5
41 70
41 76
41 79
41 80
41 57
41 30
42 37
42 73
42 10
42 87
42 45
42 9
42 86
42 23
42 57
42 54
42 29
42 62
42 63
44 2
44 39
44 40
44 9
44 55
44 41
44 87
44 62
44 58
44 59
44 30
44 63
45 37
45 81
45 39
45 73
45 10
45 13
45 47
45 80
45 49
45 69
45 24
45 58
45 59
45 30
45 5
46 4
46 37
46 70
46 40
46 9
46 10
46 75
46 44
46 45
46 80
46 72
46 18
46 86
46 73
46 62
47 33
47 70
47 39
47 8
47 73
47 52
47 59
47 28
47 63
49 65
49 37
49 70
49 33
49 14
49 79
49 80
49 56
49 57
49 87
49 24
49 25
49 58
49 29
51 34
51 73
51 43
51 76
51 45
51 46
51 44
51 57
51 58
52 65
52 2
52 5
52 70
52 40
52 9
52 79
52 14
52 47
52 81
52 20
52 54
52 52
52 63
52 86
52 69
52 37
54 68
54 37
54 38
54 39
54 44
54 77
54 14
54 13
54 81
54 51
54 20
54 23
54 28
54 29
55 38
55 39
55 40
55 9
55 71
55 46
55 47
55 82
55 20
55 73
55 23
55 87
55 27
55 29
55 63
57 65
57 37
57 70
57 39
57 40
57 10
57 45
57 18
57 52
57 86
57 23
57 58
57 38
57 28
58 4
58 5
58 70
58 72
58 43
58 45
58 14
58 80
58 51
58 57
58 54
58 23
58 55
58 27
58 30
60 65
60 35
60 49
60 40
60 9
60 44
60 13
60 45
60 81
60 20
60 86
60 29
60 63
61 65
61 34
61 69
61 70
61 81
61 83
61 20
61 22
61 29
61 62
62 0
62 65
62 4
62 5
62 40
62 73
62 45
62 22
62 9
62 27
63 51
63 4
63 72
63 10
63 75
63 14
63 19
63 87
63 68
63 58
63 28
63 29
63 55
64 4
64 8
64 9
64 75
64 13
64 45
64 51
64 20
64 22
64 52
64 29
65 4
65 37
65 72
65 10
65 75
65 14
65 19
65 52
65 46
65 86
65 87
65 62
66 65
66 37
66 70
66 39
66 9
66 75
66 44
66 80
66 18
66 57
66 38
66 28
66 29
66 62
67 39
67 77
67 19
67 23
67 57
67 62
67 63
68 33
68 69
68 71
68 73
68 10
68 39
68 45
68 51
68 20
68 55
68 56
68 57
68 29
69 33
69 35
69 4
69 5
69 49
69 72
69 9
69 82
69 40
69 18
69 52
69 30
70 65
70 34
70 35
70 8
70 9
70 43
70 14
70 79
70 40
70 18
70 51
70 55
70 57
70 75
70 30
71 65
71 2
71 75
71 81
71 82
71 22
71 23
71 57
71 87
71 27
71 63
72 65
72 35
72 68
72 81
72 8
72 10
72 43
72 47
72 49
72 18
72 19
72 20
72 23
72 72
72 63
73 33
73 38
73 71
73 44
73 45
73 47
73 51
73 20
73 86
73 23
73 52
73 28
73 29
73 63
74 56
74 33
74 37
74 86
75 65
75 2
75 33
75 70
75 71
75 39
75 13
75 47
75 81
75 29
75 62
75 63
76 0
76 4
76 5
76 72
76 73
76 45
76 8
76 19
76 20
76 86
76 23
77 4
77 5
77 6
77 72
77 9
77 75
77 80
77 18
77 86
77 69
77 56
77 87
77 59
77 28
77 30
77 63
78 2
78 43
78 4
78 39
78 72
78 73
78 23
78 45
78 80
78 9
78 55
78 28
79 0
79 33
79 5
79 65
79 39
79 8
79 9
79 10
79 47
79 80
79 57
79 73
79 23
79 25
79 59
80 33
80 83
80 75
80 70
80 39
80 8
80 55
80 76
80 14
80 80
80 18
80 51
80 52
80 46
80 86
80 23
83 33
83 34
83 35
83 5
83 71
83 9
83 10
83 19
83 23
83 25
83 59
83 28
83 30
84 33
84 35
84 51
84 39
84 40
84 73
84 55
84 45
84 46
84 47
84 19
84 86
84 23
84 63
85 72
85 33
85 68
85 63
86 80
86 34
86 4
86 72
86 73
86 10
86 14
86 48
86 81
86 20
86 86
86 55
86 57
86 28
86 62
87 51
87 35
87 69
87 65
87 8
87 80
87 75
87 76
87 13
87 14
87 47
87 48
87 19
87 52
87 56
87 63
