88
0 80
0 1
0 79
0 37
0 41
5 64
5 33
5 83
5 35
5 36
5 81
5 39
5 72
5 41
5 61
5 14
5 15
5 48
5 49
5 82
5 19
5 68
5 29
5 63
6 0
6 1
6 36
6 37
6 71
6 40
6 80
6 75
6 45
6 79
6 48
6 19
6 53
6 23
6 68
6 69
6 63
7 1
7 8
7 13
7 15
7 19
7 20
7 23
7 25
7 29
7 30
7 34
7 36
7 37
7 40
7 45
7 47
7 49
7 53
7 60
7 63
7 70
7 77
7 79
7 80
7 81
7 82
7 83
7 87
8 0
8 1
8 37
8 75
8 13
8 15
8 80
8 49
9 1
9 36
9 69
9 40
9 73
9 76
9 47
9 48
9 49
9 41
9 57
9 63
10 1
10 2
10 3
10 13
10 14
10 20
10 30
10 35
10 36
10 39
10 40
10 45
10 47
10 48
10 49
10 53
10 57
10 60
10 62
10 63
10 68
10 73
10 75
10 76
10 77
10 80
10 81
10 83
11 0
11 1
11 3
11 13
11 15
11 20
11 23
11 25
11 29
11 35
11 37
11 40
11 41
11 45
11 52
11 53
11 57
11 60
11 61
11 63
11 68
11 69
11 70
11 73
11 76
11 77
11 80
11 81
12 0
12 8
12 13
12 15
12 20
12 23
12 25
12 29
12 34
12 35
12 39
12 40
12 41
12 45
12 48
12 49
12 60
12 62
12 63
12 68
12 70
12 73
12 75
12 81
12 82
12 87
16 0
16 1
16 2
16 3
16 70
16 39
16 73
16 75
16 76
16 15
16 80
16 49
16 19
16 53
16 23
16 87
16 79
16 60
16 30
17 64
17 35
17 68
17 69
17 40
17 75
17 15
17 20
17 53
17 23
17 36
17 60
17 62
20 40
20 41
20 87
20 14
20 71
21 35
21 70
21 39
21 8
21 45
21 13
21 63
23 19
23 36
23 29
23 30
23 23
25 0
25 1
25 2
25 13
25 14
25 23
25 29
25 30
25 34
25 35
25 36
25 37
25 39
25 41
25 48
25 63
25 64
25 73
25 75
25 76
25 79
25 80
25 81
25 82
26 1
26 2
26 8
26 13
26 23
26 29
26 30
26 31
26 35
26 36
26 37
26 39
26 40
26 43
26 47
26 48
26 60
26 61
26 63
26 69
26 70
26 77
26 79
26 80
26 81
26 82
26 83
26 87
27 2
27 3
27 14
27 23
27 28
27 29
27 30
27 34
27 36
27 41
27 47
27 48
27 52
27 53
27 60
27 62
27 68
27 70
27 71
27 72
27 79
27 80
27 82
27 83
30 69
30 40
30 73
30 13
30 15
30 80
30 41
30 29
31 0
31 2
31 35
31 40
31 73
31 79
31 49
31 29
31 30
31 63
32 0
32 35
32 68
32 69
32 70
32 39
32 40
32 41
32 76
32 13
32 77
32 45
32 80
32 72
32 19
32 73
32 29
32 30
33 2
33 3
33 8
33 20
33 29
33 30
33 35
33 37
33 39
33 40
33 41
33 47
33 48
33 53
33 68
33 69
33 72
33 73
33 75
33 76
33 77
33 80
33 81
33 82
33 83
33 87
35 25
35 82
35 63
35 68
35 23
36 36
36 39
36 8
36 76
36 80
36 53
36 29
37 0
37 1
37 2
37 8
37 13
37 15
37 20
37 30
37 34
37 39
37 40
37 47
37 48
37 53
37 60
37 63
37 69
37 70
37 71
37 75
37 76
37 79
37 82
37 83
38 35
38 36
38 40
38 41
38 76
38 13
38 80
38 19
38 53
38 57
38 60
38 29
38 30
39 35
39 70
39 41
39 75
39 79
39 81
39 52
39 57
39 15
41 80
41 41
41 82
41 23
41 81
42 2
42 68
42 37
42 39
42 75
42 77
42 15
42 82
42 23
42 45
42 36
42 47
42 60
44 33
44 35
44 68
44 76
44 77
44 80
44 82
44 36
44 61
44 31
46 0
46 13
46 19
46 20
46 23
46 29
46 31
46 34
46 35
46 36
46 37
46 39
46 40
46 41
46 45
46 47
46 53
46 57
46 60
46 69
46 70
46 73
46 75
46 76
46 79
46 80
46 83
46 87
49 0
49 1
49 3
49 69
49 40
49 13
49 77
49 82
49 35
49 87
49 47
49 60
49 29
49 37
50 0
50 1
50 34
50 69
50 73
50 13
50 77
50 20
50 87
51 2
51 13
51 15
51 20
51 22
51 23
51 29
51 30
51 35
51 36
51 37
51 39
51 41
51 43
51 48
51 49
51 52
51 53
51 60
51 61
51 63
51 68
51 69
51 76
51 81
51 82
51 83
51 87
54 1
54 13
54 14
54 15
54 23
54 30
54 31
54 34
54 35
54 37
54 39
54 40
54 41
54 43
54 45
54 57
54 60
54 63
54 69
54 70
54 71
54 75
54 76
54 77
54 80
54 81
54 82
54 83
55 0
55 1
55 3
55 36
55 69
55 68
55 81
55 8
55 64
55 76
55 13
55 15
55 80
55 72
55 25
55 79
55 60
55 29
57 0
57 1
57 2
57 3
57 8
57 15
57 20
57 21
57 30
57 33
57 34
57 37
57 39
57 41
57 48
57 53
57 60
57 61
57 63
57 69
57 70
57 71
57 75
57 81
58 0
58 1
58 8
58 13
58 19
58 20
58 23
58 28
58 29
58 30
58 33
58 35
58 36
58 39
58 41
58 45
58 47
58 48
58 53
58 60
58 63
58 69
58 71
58 73
58 75
58 76
58 77
58 82
59 0
59 1
59 2
59 8
59 19
59 20
59 23
59 29
59 34
59 35
59 37
59 48
59 52
59 53
59 60
59 68
59 69
59 70
59 71
59 73
59 76
59 77
59 79
59 80
59 82
60 34
60 35
60 68
60 40
60 41
60 77
60 45
60 21
60 31
63 0
63 1
63 34
63 35
63 36
63 70
63 41
63 79
63 43
63 76
63 45
63 14
63 15
63 80
63 20
63 53
63 23
63 68
63 87
63 47
63 30
65 68
65 69
65 73
65 75
65 79
65 23
65 47
65 30
65 31
66 1
66 3
66 36
66 40
66 76
66 13
66 77
66 81
66 82
66 53
66 30
67 0
67 1
67 8
67 20
67 23
67 25
67 30
67 31
67 35
67 36
67 37
67 40
67 41
67 43
67 47
67 53
67 60
67 63
67 69
67 76
67 79
67 80
67 81
67 83
68 0
68 48
68 60
68 77
68 87
70 68
70 37
70 45
70 13
70 53
70 87
70 57
74 0
74 1
74 8
74 13
74 15
74 20
74 29
74 30
74 34
74 35
74 36
74 39
74 40
74 48
74 53
74 57
74 60
74 62
74 69
74 73
74 77
74 79
74 80
74 82
74 83
74 87
75 33
75 34
75 39
75 13
75 77
75 30
75 63
77 1
77 34
77 40
77 41
77 45
77 47
77 20
77 53
77 73
77 60
78 0
78 37
78 70
78 39
78 40
78 71
78 14
78 15
78 48
78 82
78 19
78 53
78 25
78 69
78 63
79 68
79 37
79 70
79 39
79 75
79 45
79 53
79 29
82 69
82 71
82 40
82 75
82 76
82 77
82 79
82 80
82 82
82 20
82 53
83 0
83 1
83 2
83 13
83 20
83 31
83 35
83 36
83 37
83 40
83 47
83 53
83 60
83 61
83 63
83 64
83 68
83 69
83 70
83 71
83 73
83 75
83 76
83 77
83 81
83 83
83 87
84 0
84 1
84 83
84 35
84 36
84 39
84 80
84 79
84 71
84 76
84 47
84 48
84 82
84 19
84 20
84 63
84 30
84 31
85 0
85 1
85 2
85 69
85 70
85 71
85 73
85 75
85 76
85 13
85 79
85 48
85 82
85 20
85 23
85 60
85 29
87 0
87 68
87 39
87 77
87 82
87 60
87 29
87 30
87 63
