88
0 2
0 3
0 36
0 5
0 41
0 42
0 14
0 15
0 20
0 22
0 25
0 59
0 37
1 66
1 3
1 5
1 70
1 39
1 10
1 43
1 50
1 48
1 18
1 19
1 54
2 2
2 59
2 5
2 17
2 79
2 81
2 50
2 85
2 23
2 58
2 27
2 61
3 32
3 1
3 83
3 70
3 7
3 8
3 10
3 61
3 18
3 51
3 74
3 54
3 23
3 25
3 27
3 42
3 63
4 3
4 37
4 8
4 81
4 83
4 85
4 59
4 25
4 26
4 27
4 53
5 67
5 39
5 8
5 71
5 15
5 48
5 81
5 7
5 58
5 59
6 51
6 4
6 5
6 6
6 72
6 19
6 36
6 26
7 8
7 9
7 46
7 18
7 25
7 58
7 59
8 1
8 41
8 81
9 51
9 2
9 5
9 6
9 39
9 42
9 49
9 18
9 83
9 52
9 86
9 61
10 65
10 37
10 8
10 42
10 45
10 83
10 86
11 36
11 37
11 6
11 49
11 76
11 10
11 43
11 12
11 77
11 14
11 17
11 20
11 25
11 38
11 74
13 0
13 19
13 4
13 5
13 8
13 9
13 10
13 18
13 82
13 83
13 27
13 61
13 37
14 1
14 43
14 5
14 6
14 72
14 75
14 12
14 79
14 25
14 58
15 36
15 38
15 6
15 7
15 8
15 43
15 13
15 51
15 85
15 54
15 55
15 25
15 27
15 61
16 27
17 64
17 43
17 4
17 5
17 38
17 7
17 8
17 10
17 39
17 45
17 78
17 79
17 81
17 18
17 51
17 20
17 22
17 25
17 71
17 63
17 31
18 86
19 19
20 67
20 4
20 72
20 10
20 43
20 14
20 81
20 83
20 40
20 26
20 27
20 28
21 1
21 2
21 5
21 7
21 8
21 10
21 13
21 14
21 15
21 17
21 21
21 25
21 26
21 29
21 35
21 39
21 41
21 55
21 56
21 58
21 59
21 72
21 77
21 85
21 86
22 27
23 2
23 4
23 38
23 10
23 78
23 15
23 19
23 85
23 54
23 25
23 61
23 63
24 32
24 2
24 35
24 36
24 38
24 81
24 39
24 17
24 85
24 26
24 27
25 4
25 39
25 42
25 43
25 76
25 50
25 23
25 58
26 32
26 3
26 4
26 37
26 38
26 73
26 74
26 18
26 85
26 61
27 65
27 3
27 4
27 37
27 6
27 41
27 74
27 11
27 46
27 84
27 61
28 51
28 6
28 8
28 42
28 43
28 14
28 19
28 27
28 60
28 61
29 0
29 2
29 6
29 8
29 13
29 15
29 17
29 18
29 19
29 32
29 33
29 37
29 38
29 39
29 40
29 43
29 44
29 48
29 49
29 50
29 51
29 52
29 58
29 59
29 61
29 62
29 67
29 77
29 81
29 83
30 50
30 37
30 6
30 43
30 13
30 18
30 85
30 57
30 25
30 59
30 60
30 5
31 2
31 3
31 4
31 5
31 6
31 7
31 8
31 17
31 18
31 19
31 20
31 21
31 34
31 41
31 42
31 43
31 44
31 49
31 50
31 51
31 53
31 54
31 55
31 59
31 67
31 70
31 74
31 75
31 85
31 87
32 51
32 34
32 35
32 6
32 40
32 41
32 14
32 3
32 54
32 59
32 31
33 2
33 3
33 4
33 17
33 13
33 78
33 77
33 81
33 35
33 20
34 64
34 2
34 59
34 41
34 43
34 76
34 13
34 81
34 50
34 83
34 22
34 58
34 27
34 60
35 81
35 35
35 79
36 37
36 6
36 39
36 10
36 14
36 84
36 85
36 25
36 38
36 61
36 31
37 17
37 10
37 58
38 2
38 3
38 37
38 10
38 77
38 17
38 18
38 51
38 84
38 23
38 24
38 59
38 61
39 19
39 3
39 7
39 73
39 42
39 43
39 12
39 14
39 15
39 83
39 55
39 26
39 27
39 58
40 50
40 36
40 6
40 81
40 41
40 74
40 13
40 14
40 45
40 17
40 18
40 53
40 22
40 60
40 61
41 32
41 64
41 2
41 67
41 5
41 81
41 42
41 83
41 14
41 17
41 51
41 55
41 58
41 27
41 61
42 33
42 83
42 67
42 39
42 46
42 17
42 19
42 59
42 87
42 58
42 27
42 30
43 81
43 13
44 65
44 37
44 44
44 76
44 17
44 25
44 58
44 31
45 34
45 3
45 4
45 38
45 6
45 72
45 73
45 75
45 66
45 15
45 56
45 19
45 59
45 24
45 27
46 1
46 39
46 41
46 74
46 60
46 15
46 17
46 54
46 55
46 56
46 59
46 28
46 42
47 38
47 6
47 39
47 8
47 42
47 46
47 15
47 81
47 83
47 55
47 24
47 26
47 60
48 64
48 2
48 6
48 39
48 8
48 50
48 14
48 72
48 18
48 83
48 85
48 22
48 25
48 26
48 27
48 61
49 58
49 2
49 6
49 10
49 43
49 66
49 81
49 18
49 51
49 52
49 26
49 60
49 42
50 1
50 4
50 13
50 17
51 1
51 4
51 5
51 7
51 8
51 13
51 14
51 19
51 26
51 28
51 36
51 39
51 42
51 44
51 54
51 55
51 58
51 65
51 67
51 71
51 81
51 85
52 0
52 26
52 27
52 4
52 7
53 38
54 4
54 42
54 43
54 44
54 50
54 17
54 18
54 85
54 58
54 27
54 60
54 61
55 64
55 13
55 50
55 21
55 55
55 60
55 30
56 50
56 21
56 61
57 1
57 5
57 40
57 82
57 83
57 55
57 59
57 61
58 5
58 6
58 9
58 42
58 76
58 78
58 17
58 20
58 85
58 52
58 38
58 30
59 0
59 2
59 5
59 7
59 8
59 42
59 43
59 25
59 63
60 37
60 39
60 10
60 7
60 12
60 19
60 59
61 42
62 5
62 87
63 79
63 51
63 66
63 74
63 37
63 6
63 54
63 42
63 13
63 46
63 45
63 48
63 18
63 19
63 52
63 22
63 57
63 26
63 27
63 70
63 58
64 19
64 43
64 67
64 5
65 1
65 5
65 6
65 39
65 17
65 25
65 27
66 1
66 2
66 35
66 36
66 8
66 10
66 83
66 14
66 50
66 51
66 22
66 25
66 26
66 28
66 30
67 2
67 3
67 7
67 8
67 10
67 13
67 14
67 15
67 22
67 24
67 25
67 26
67 28
67 43
67 47
67 50
67 51
67 54
67 57
67 61
67 64
67 66
67 67
67 79
67 81
67 83
67 85
67 87
69 1
69 50
69 22
70 1
70 2
70 43
70 37
70 51
70 33
70 9
70 39
70 13
70 19
70 26
70 30
71 14
72 73
72 19
72 37
72 7
73 2
73 4
73 8
73 34
73 55
73 59
73 60
74 1
74 3
74 5
74 8
74 74
74 82
74 87
74 56
74 60
74 61
74 37
75 53
76 1
76 4
76 5
76 7
76 8
76 9
76 75
76 44
76 17
76 84
76 86
76 55
76 60
77 18
77 54
78 67
78 4
78 38
78 7
78 74
78 78
78 49
78 53
78 59
78 25
78 58
78 27
78 62
79 0
79 1
79 2
79 42
79 32
79 10
79 13
79 14
79 61
79 17
79 83
79 29
79 51
80 4
80 38
80 70
80 8
80 74
80 43
80 50
80 83
80 84
80 54
80 55
80 26
80 59
82 51
82 67
82 37
82 43
82 78
82 59
82 83
82 85
82 22
82 54
83 33
83 2
83 34
83 4
83 6
83 39
83 73
83 57
83 75
83 13
83 47
83 50
83 58
83 21
83 54
83 23
83 25
83 26
83 65
83 29
83 63
85 8
85 83
85 38
86 1
86 66
86 67
86 4
86 38
86 7
86 74
86 75
86 15
86 17
86 85
86 54
87 1
87 67
87 5
87 6
87 33
87 8
87 74
87 43
87 14
87 50
87 24
87 59
