88
0 3
0 11
0 15
0 21
0 22
0 28
0 29
0 31
0 33
0 34
0 42
0 43
0 48
0 54
0 66
0 67
0 69
0 70
0 74
0 76
0 77
0 80
3 3
3 7
3 21
3 29
3 34
3 37
3 38
3 39
3 41
3 44
3 46
3 47
3 49
3 51
3 53
3 55
3 57
3 58
3 59
3 63
3 65
3 66
3 67
3 71
3 73
3 74
3 76
3 77
3 83
3 85
5 64
5 66
5 69
5 48
5 49
5 58
5 63
5 31
6 3
6 4
6 7
6 8
6 12
6 14
6 15
6 21
6 22
6 24
6 28
6 29
6 31
6 32
6 33
6 36
6 38
6 39
6 42
6 45
6 48
6 49
6 54
6 56
6 57
6 58
6 59
6 64
6 66
6 67
6 73
6 74
6 76
6 85
7 33
7 3
7 7
7 8
7 41
7 77
7 87
7 29
8 4
8 7
8 8
8 24
8 29
8 31
8 32
8 35
8 37
8 42
8 44
8 46
8 49
8 59
8 65
8 69
8 71
8 72
8 73
8 74
8 76
8 77
8 83
8 86
11 3
11 12
11 20
11 21
11 23
11 29
11 36
11 37
11 38
11 40
11 41
11 42
11 49
11 50
11 58
11 59
11 67
11 69
11 72
11 77
11 85
11 86
11 87
15 57
16 3
16 7
16 21
16 24
16 29
16 31
16 33
16 34
16 38
16 39
16 40
16 41
16 42
16 44
16 55
16 57
16 58
16 59
16 67
16 69
16 72
16 73
16 76
16 83
16 86
17 29
20 3
20 4
20 6
20 7
20 13
20 23
20 33
20 34
20 35
20 37
20 39
20 40
20 42
20 44
20 46
20 48
20 49
20 57
20 64
20 67
20 69
20 70
20 74
20 76
20 80
20 86
24 3
24 12
24 23
24 24
24 25
24 34
24 40
24 42
24 43
24 48
24 54
24 56
24 58
24 59
24 61
24 63
24 69
24 71
24 72
24 73
24 74
24 85
24 86
24 87
25 3
25 7
25 8
25 21
25 23
25 24
25 25
25 33
25 37
25 41
25 46
25 48
25 49
25 55
25 59
25 61
25 63
25 64
25 65
25 71
25 73
25 76
25 77
25 83
25 86
26 4
26 6
26 12
26 15
26 25
26 31
26 34
26 35
26 37
26 40
26 42
26 44
26 48
26 49
26 53
26 54
26 59
26 63
26 67
26 69
26 71
26 72
26 74
26 76
26 77
26 79
26 80
26 83
26 86
26 87
27 2
27 3
27 4
27 6
27 11
27 13
27 21
27 22
27 23
27 28
27 31
27 38
27 40
27 41
27 54
27 56
27 58
27 63
27 67
27 69
27 73
27 74
27 76
27 83
27 85
28 3
28 8
28 41
28 74
28 44
28 72
28 21
28 61
29 3
29 4
29 6
29 7
29 8
29 12
29 21
29 22
29 23
29 24
29 25
29 29
29 33
29 35
29 36
29 39
29 44
29 47
29 49
29 54
29 57
29 58
29 59
29 61
29 63
29 66
29 67
29 73
29 74
29 76
29 77
29 86
30 33
30 67
30 44
30 3
30 61
30 31
34 3
34 7
34 8
34 12
34 20
34 21
34 24
34 25
34 31
34 33
34 34
34 35
34 36
34 37
34 38
34 39
34 40
34 41
34 42
34 46
34 48
34 56
34 57
34 61
34 63
34 66
34 67
34 69
34 70
34 73
34 76
36 7
36 13
36 20
36 21
36 24
36 31
36 33
36 34
36 36
36 39
36 42
36 44
36 45
36 46
36 49
36 54
36 56
36 58
36 59
36 63
36 66
36 67
36 70
36 71
36 73
36 74
36 76
36 77
36 85
36 86
36 87
40 4
40 7
40 11
40 12
40 13
40 21
40 24
40 28
40 29
40 31
40 35
40 36
40 37
40 38
40 39
40 42
40 43
40 44
40 47
40 59
40 61
40 63
40 65
40 66
40 67
40 69
40 71
40 73
40 74
40 76
40 83
40 85
41 3
41 12
41 13
41 21
41 22
41 23
41 32
41 33
41 40
41 47
41 49
41 54
41 55
41 59
41 63
41 65
41 66
41 69
41 71
41 72
41 73
41 83
41 85
41 86
41 87
42 3
42 4
42 21
42 24
42 25
42 34
42 39
42 41
42 43
42 44
42 46
42 47
42 49
42 57
42 67
42 70
42 71
42 72
42 73
42 77
42 80
42 83
42 87
45 4
45 7
45 8
45 11
45 15
45 22
45 23
45 24
45 25
45 28
45 29
45 31
45 32
45 33
45 36
45 39
45 40
45 42
45 43
45 54
45 63
45 64
45 67
45 69
45 73
45 74
45 76
45 77
45 80
45 85
45 86
45 87
47 3
47 4
47 6
47 8
47 12
47 13
47 15
47 21
47 23
47 28
47 33
47 36
47 41
47 42
47 49
47 50
47 57
47 61
47 64
47 65
47 73
47 83
47 86
50 33
50 67
50 4
50 37
50 38
50 7
50 76
50 42
50 11
50 44
50 47
50 56
50 83
50 20
50 85
50 87
50 24
50 25
50 71
50 69
50 63
51 2
51 3
51 4
51 7
51 8
51 11
51 12
51 20
51 22
51 25
51 28
51 29
51 35
51 36
51 41
51 43
51 45
51 49
51 57
51 58
51 61
51 63
51 66
51 67
51 69
51 71
51 73
51 77
51 83
51 85
51 87
55 41
55 76
55 47
55 23
55 24
55 59
55 28
55 31
56 2
56 8
56 15
56 20
56 21
56 24
56 25
56 28
56 29
56 31
56 33
56 34
56 35
56 36
56 37
56 42
56 46
56 47
56 51
56 53
56 59
56 65
56 66
56 69
56 70
56 72
56 74
56 76
56 77
56 86
56 87
58 3
58 15
58 21
58 24
58 28
58 29
58 31
58 34
58 36
58 38
58 39
58 42
58 45
58 49
58 50
58 53
58 58
58 61
58 65
58 69
58 74
58 77
58 80
58 85
58 86
58 87
60 8
60 21
60 23
60 24
60 25
60 28
60 33
60 35
60 36
60 37
60 39
60 42
60 43
60 44
60 45
60 47
60 55
60 59
60 63
60 64
60 72
60 73
60 74
60 76
64 3
64 4
64 6
64 7
64 11
64 12
64 20
64 21
64 24
64 28
64 31
64 33
64 38
64 43
64 46
64 47
64 49
64 54
64 63
64 64
64 66
64 71
64 74
64 80
64 85
66 2
66 4
66 6
66 11
66 14
66 21
66 22
66 23
66 25
66 31
66 34
66 37
66 41
66 43
66 44
66 46
66 49
66 53
66 59
66 63
66 64
66 65
66 67
66 69
66 71
66 73
66 77
66 80
66 83
66 86
68 6
68 7
68 8
68 11
68 12
68 24
68 25
68 29
68 31
68 33
68 34
68 36
68 37
68 39
68 43
68 57
68 58
68 63
68 69
68 71
68 74
68 76
68 85
68 86
68 87
69 11
69 12
69 22
69 24
69 28
69 29
69 31
69 32
69 33
69 37
69 42
69 46
69 48
69 50
69 51
69 54
69 57
69 58
69 59
69 63
69 65
69 66
69 73
69 76
69 83
75 8
75 11
75 12
75 22
75 23
75 24
75 28
75 31
75 36
75 38
75 42
75 49
75 53
75 54
75 57
75 58
75 59
75 66
75 67
75 71
75 73
75 76
75 80
75 85
75 86
78 3
78 6
78 7
78 15
78 21
78 23
78 25
78 29
78 31
78 33
78 37
78 39
78 47
78 48
78 49
78 56
78 57
78 61
78 63
78 65
78 66
78 67
78 69
78 70
78 71
78 72
78 74
78 77
82 65
82 41
83 4
83 14
83 21
83 22
83 25
83 28
83 33
83 34
83 35
83 36
83 37
83 39
83 42
83 49
83 53
83 55
83 57
83 58
83 59
83 61
83 63
83 64
83 65
83 67
83 69
83 73
83 74
83 77
83 80
83 87
