88
0 1
0 34
0 35
0 37
0 39
0 72
0 43
0 12
0 13
0 46
0 77
0 48
0 50
0 67
0 52
0 85
0 22
0 59
1 2
1 35
1 68
1 38
1 6
1 71
1 72
1 10
1 43
1 34
1 45
1 42
1 86
1 55
1 83
1 25
1 60
1 29
1 62
2 2
2 75
2 36
2 5
2 38
2 73
2 70
2 45
2 48
2 49
2 82
2 66
2 54
2 55
2 24
2 26
2 28
2 29
2 62
2 37
3 0
3 2
3 68
3 5
3 6
3 71
3 76
3 87
3 12
3 79
3 48
3 50
3 83
3 69
3 62
3 54
3 55
3 61
3 30
3 31
4 64
4 1
4 83
4 35
4 82
4 70
4 65
4 73
4 74
4 43
4 77
4 47
4 17
4 50
4 79
4 52
4 75
4 60
4 29
5 1
5 2
5 34
5 37
5 33
5 41
5 39
5 44
5 13
5 47
5 76
5 52
5 54
5 24
5 86
5 59
5 60
5 30
5 31
8 37
8 71
9 63
10 0
10 36
10 5
10 6
10 75
10 12
10 77
10 61
10 48
10 17
10 50
10 83
10 82
10 79
10 29
10 62
12 2
12 76
12 13
13 64
13 1
13 75
13 68
13 38
13 33
13 10
13 43
13 45
13 46
13 47
13 51
13 52
13 77
13 23
13 24
13 25
13 26
13 60
16 0
16 1
16 34
16 35
16 68
16 5
16 39
16 40
16 10
16 67
16 44
16 49
16 42
16 22
16 25
16 26
16 27
16 29
16 37
18 33
18 10
18 79
18 50
18 22
18 63
21 51
22 6
22 39
22 72
22 60
22 74
22 12
22 13
22 46
22 77
22 55
22 28
22 42
22 62
22 63
23 10
23 13
23 24
23 25
23 30
23 31
23 35
23 36
23 37
23 46
23 48
23 50
23 51
23 59
23 63
23 64
23 69
23 70
23 72
23 75
23 76
23 82
24 1
24 2
24 68
24 33
24 38
24 71
24 39
24 81
24 86
24 23
24 36
25 65
25 6
25 41
25 43
25 44
25 61
25 79
25 48
25 82
25 52
25 54
25 28
25 29
26 34
26 35
26 36
26 5
26 6
26 42
26 43
26 76
26 13
26 59
26 83
26 52
26 22
26 68
26 27
26 70
26 62
26 37
28 0
28 24
28 37
28 86
28 61
30 0
30 33
30 2
30 6
30 39
30 63
30 43
30 44
30 45
30 47
30 17
30 50
30 20
30 73
30 23
30 55
30 26
30 27
30 31
31 64
31 6
31 42
31 75
31 79
31 80
31 83
31 55
31 26
31 59
31 60
31 61
31 63
33 65
33 54
33 70
33 60
33 10
33 17
33 50
33 83
33 22
33 55
33 27
33 28
33 42
34 5
34 38
34 73
34 46
34 47
34 80
34 17
34 50
34 85
34 86
34 23
34 27
34 31
35 68
35 6
35 38
35 39
35 43
35 77
35 83
35 22
35 31
37 5
37 10
37 12
37 13
37 26
37 28
37 29
37 31
37 35
37 37
37 38
37 39
37 41
37 48
37 51
37 54
37 62
37 64
37 65
37 74
37 75
37 82
38 0
38 1
38 10
38 16
38 22
38 25
38 28
38 30
38 33
38 38
38 41
38 42
38 50
38 63
38 70
38 71
38 72
38 77
38 79
38 82
38 85
38 86
38 87
40 0
40 64
40 35
40 6
40 65
40 72
40 41
40 42
40 46
40 60
40 80
40 50
40 83
40 52
40 73
40 59
40 28
41 16
41 36
41 86
41 48
41 73
41 13
41 80
41 82
41 62
41 22
41 23
41 28
41 30
41 37
43 0
43 33
43 34
43 3
43 36
43 81
43 71
43 10
43 75
43 76
43 46
43 47
43 80
43 49
43 50
43 67
43 54
43 87
43 68
43 27
43 62
44 35
44 70
44 41
44 43
44 44
44 47
44 80
44 50
44 85
44 54
44 25
44 28
44 63
45 64
45 33
45 3
45 36
45 5
45 71
45 10
45 75
45 12
45 13
45 48
45 22
46 2
46 5
46 6
46 23
46 27
46 31
46 34
46 37
46 38
46 41
46 48
46 51
46 60
46 62
46 64
46 67
46 68
46 69
46 70
46 76
46 83
46 86
47 64
47 26
47 12
47 13
47 38
48 82
48 37
48 71
48 72
48 41
48 42
48 13
48 77
48 48
48 50
48 83
48 52
48 85
48 73
48 69
48 86
48 62
48 31
49 1
49 34
49 6
49 41
49 10
49 43
49 76
49 77
49 46
49 17
49 42
51 33
51 34
51 3
51 36
51 71
51 43
51 45
51 46
51 47
51 80
51 17
51 75
51 67
51 20
51 55
51 83
51 26
51 59
51 28
51 62
54 0
54 1
54 3
54 70
54 6
54 72
54 41
54 42
54 55
54 76
54 45
54 47
54 17
54 54
54 23
54 24
54 60
54 29
54 63
55 2
55 36
55 39
55 72
55 60
55 10
55 75
55 73
55 34
55 46
55 45
55 80
55 17
55 82
55 85
55 22
55 55
55 25
55 26
55 47
55 28
56 41
56 25
56 23
57 33
57 35
57 37
57 6
57 41
57 44
57 46
57 60
57 86
57 26
57 59
57 28
57 31
58 34
58 68
58 37
58 70
58 41
58 42
58 43
58 45
58 79
58 48
58 49
58 55
58 47
58 31
59 80
59 2
59 3
59 70
59 39
59 73
59 12
59 13
59 79
59 16
59 34
59 67
59 59
59 24
59 25
59 26
59 27
59 61
59 62
60 65
60 36
60 49
60 38
60 39
60 73
60 44
60 81
60 20
60 85
60 22
60 41
60 24
60 59
61 65
61 35
61 36
61 37
61 6
61 54
61 76
61 12
61 77
61 80
61 49
61 52
61 22
61 24
61 25
61 27
61 29
61 72
62 0
62 10
62 12
62 20
62 22
62 25
62 29
62 30
62 33
62 35
62 38
62 45
62 49
62 51
62 52
62 54
62 59
62 60
62 64
62 73
62 76
62 80
62 82
63 1
63 36
63 5
63 49
63 10
63 43
63 48
63 81
63 83
63 54
63 87
63 24
63 29
63 30
64 1
64 6
64 73
64 46
64 47
64 80
64 49
64 29
65 24
65 55
66 0
66 33
66 69
66 38
66 73
66 76
66 44
66 80
66 22
66 55
66 26
66 29
66 62
67 0
67 65
67 67
67 68
67 5
67 70
67 75
67 83
67 59
67 35
67 30
67 69
68 1
68 16
68 24
68 26
68 29
68 35
68 36
68 42
68 45
68 46
68 47
68 49
68 51
68 67
68 69
68 70
68 71
68 72
68 73
68 75
68 79
68 85
69 39
70 51
70 34
70 72
70 73
70 75
70 45
70 46
70 47
70 40
70 50
70 83
70 52
70 55
71 64
71 33
71 34
71 37
71 60
71 16
71 49
71 51
71 62
71 87
71 28
71 30
71 63
72 34
72 5
72 71
72 12
72 80
72 49
72 52
72 26
72 63
73 0
73 1
73 68
73 64
73 73
73 47
73 23
73 36
74 70
74 42
74 77
74 46
74 55
74 25
74 63
76 3
76 36
76 69
76 6
76 71
76 73
76 76
76 47
76 17
76 50
76 20
76 86
76 23
76 24
76 70
76 29
76 30
77 48
77 42
77 52
77 70
77 22
78 12
79 68
79 5
79 72
79 41
79 46
79 51
79 23
79 26
79 27
79 30
79 31
80 51
80 35
80 79
80 67
80 86
80 27
80 30
82 64
82 70
82 59
82 37
82 38
82 54
82 43
82 13
82 46
82 47
82 17
82 82
82 22
82 87
82 86
82 27
82 60
82 62
83 2
83 67
83 72
83 41
83 45
83 47
83 23
83 31
84 86
84 79
85 12
85 52
86 65
86 35
86 68
86 38
86 41
86 42
86 76
86 80
86 81
86 83
86 54
86 25
87 77
