88
0 19
0 65
0 34
0 75
0 4
0 11
0 12
0 14
0 3
0 86
0 28
1 70
1 39
1 9
1 46
1 16
1 81
1 52
1 57
1 28
2 0
2 8
2 10
2 47
2 16
2 17
2 86
2 27
2 60
2 63
3 3
3 71
3 73
3 7
3 46
3 43
3 84
3 9
3 20
4 0
4 2
4 3
4 37
4 38
4 7
4 72
4 42
4 15
4 18
4 79
4 84
4 23
4 24
4 58
4 63
4 31
5 35
5 3
5 60
5 6
5 25
6 1
6 10
6 13
6 14
6 19
6 23
6 25
6 26
6 33
6 41
6 42
6 43
6 44
6 46
6 52
6 58
6 66
6 75
6 78
6 79
6 80
6 83
6 85
7 2
7 37
7 76
7 81
7 62
7 5
8 7
8 11
8 13
8 26
8 29
8 34
8 35
8 36
8 38
8 49
8 50
8 52
8 56
8 59
8 62
8 71
8 73
8 75
8 77
8 78
8 83
8 86
9 33
9 8
9 9
9 23
9 13
9 48
9 19
9 86
9 87
9 56
9 57
9 26
9 59
10 32
10 4
10 81
10 71
10 40
10 9
10 11
10 72
10 52
10 22
10 73
10 84
10 58
10 63
10 28
10 31
11 31
11 25
11 83
11 36
11 7
12 33
12 66
12 8
12 80
12 42
12 77
12 79
12 16
12 18
12 53
12 57
12 59
12 60
13 1
13 2
13 40
13 73
13 42
13 12
13 50
13 9
13 23
13 28
14 66
14 3
14 6
14 40
14 48
14 17
14 23
14 57
14 58
14 59
14 63
16 57
16 45
17 32
17 80
17 50
17 4
17 47
18 5
18 6
18 9
18 10
18 11
18 17
18 22
18 24
18 25
18 28
18 36
18 37
18 40
18 52
18 53
18 62
18 66
18 67
18 70
18 71
18 72
18 78
18 81
19 6
19 9
19 77
19 15
19 17
19 23
19 24
19 47
19 31
20 2
20 68
20 39
20 11
20 12
20 77
20 79
20 17
20 20
20 23
20 47
21 1
21 7
21 72
21 41
21 76
21 61
21 14
21 79
21 50
21 19
21 58
21 15
21 44
21 63
22 32
22 34
22 66
22 38
22 39
22 9
22 44
22 13
22 15
22 76
22 17
22 21
22 86
22 56
22 61
22 62
22 81
23 65
23 2
23 1
23 69
23 7
23 39
23 80
23 17
23 22
23 55
23 54
23 63
24 16
24 26
24 20
25 7
25 8
25 12
25 17
25 24
25 32
25 36
25 39
25 42
25 43
25 45
25 52
25 57
25 59
25 61
25 67
25 69
25 71
25 72
25 75
25 76
25 85
25 86
26 1
26 4
26 5
26 6
26 7
26 11
26 14
26 15
26 20
26 23
26 24
26 28
26 32
26 35
26 42
26 46
26 49
26 50
26 60
26 69
26 71
26 72
26 73
26 77
27 72
27 65
27 39
27 70
27 1
28 0
28 32
28 5
28 70
28 65
28 8
28 10
28 43
28 76
28 13
28 47
28 17
28 20
28 21
28 40
28 24
28 63
28 37
28 31
29 32
29 37
29 7
29 8
29 9
29 42
29 76
29 14
29 79
29 40
29 78
29 26
29 44
30 50
30 69
30 70
30 81
30 8
30 44
30 42
30 11
30 12
30 45
30 46
30 15
30 16
30 40
30 18
30 78
30 73
30 23
30 25
30 59
31 2
31 43
31 36
31 7
31 41
31 75
31 14
31 83
31 21
31 22
31 29
31 63
32 67
32 76
32 12
32 79
32 16
32 56
32 47
32 30
33 65
33 66
33 4
33 6
33 70
33 71
33 83
33 54
33 57
34 3
34 8
34 10
34 12
34 14
34 24
34 28
34 32
34 34
34 35
34 36
34 42
34 45
34 46
34 52
34 56
34 60
34 61
34 67
34 69
34 77
34 80
34 86
35 4
35 5
35 70
35 46
35 49
35 52
36 4
36 44
36 76
36 13
36 46
36 30
36 63
37 2
37 3
37 5
37 38
37 10
37 44
37 45
37 14
37 81
37 50
37 52
37 56
37 58
37 28
37 30
37 37
38 0
38 1
38 34
38 67
38 38
38 44
38 14
38 84
38 86
38 23
39 32
39 34
39 3
39 69
39 70
39 42
39 67
39 44
39 13
39 46
39 17
39 50
39 35
39 25
39 75
39 28
39 62
40 35
40 38
40 13
40 15
40 47
40 28
40 30
41 2
41 38
41 71
41 72
41 39
41 44
41 15
41 40
41 50
41 52
41 24
42 0
42 33
42 66
42 6
42 72
42 42
42 75
42 44
42 46
42 15
42 48
42 21
42 86
42 56
42 26
42 60
43 59
43 58
43 19
43 52
43 79
44 31
44 35
44 3
44 7
45 65
45 41
45 43
45 77
45 46
45 84
45 60
46 65
46 9
46 75
46 50
46 14
46 18
46 21
46 25
46 28
47 34
47 35
47 6
47 58
47 61
47 30
48 33
48 2
48 43
48 80
48 83
48 52
48 53
48 22
48 87
48 59
49 65
49 34
49 67
49 36
49 5
49 21
49 86
49 24
49 25
49 31
50 80
50 43
50 2
50 3
50 56
52 33
52 66
52 10
52 11
52 45
52 15
52 81
52 83
52 22
52 59
53 53
53 69
53 79
54 56
55 4
56 0
56 6
56 71
56 12
56 57
56 28
57 4
57 70
57 81
57 52
57 58
57 59
57 29
57 62
58 67
58 4
58 39
58 44
58 78
58 49
58 56
58 57
58 63
59 73
59 26
59 45
59 78
59 17
60 16
60 10
60 3
60 84
60 70
61 72
61 17
61 58
61 22
61 63
62 65
62 2
62 39
62 72
62 73
62 75
62 47
62 49
62 18
62 52
62 21
62 57
62 56
62 25
62 26
62 27
63 32
63 69
63 39
63 73
63 44
63 60
63 23
63 25
63 26
63 28
64 66
64 37
64 38
64 72
64 9
64 10
64 76
64 2
64 18
65 65
65 34
65 3
65 40
65 43
65 76
65 81
65 35
65 84
65 58
66 0
66 32
66 2
66 5
66 8
66 76
66 42
66 12
66 77
66 47
66 50
66 22
66 26
66 37
67 1
67 5
67 65
67 72
67 9
67 7
67 14
67 79
67 48
67 81
67 49
69 33
69 34
69 3
69 39
69 42
69 12
69 79
69 60
70 0
70 65
70 34
70 3
70 4
70 5
70 6
70 39
70 72
70 73
70 10
70 71
70 44
70 13
70 47
70 57
70 70
70 42
70 62
71 65
71 2
71 35
71 36
71 71
71 13
71 24
71 60
72 81
72 84
72 6
72 70
72 7
73 0
73 2
73 67
73 9
73 73
73 34
73 46
73 15
73 83
73 53
73 54
73 57
73 25
73 78
73 31
74 65
74 36
74 38
74 7
74 8
74 73
74 10
74 13
74 77
74 16
74 17
75 4
75 71
75 8
75 10
75 16
75 40
75 83
75 84
75 23
75 36
75 61
75 31
76 0
76 70
76 38
76 71
76 47
76 83
76 56
76 30
77 66
77 83
77 86
77 78
77 38
78 1
78 67
78 38
78 77
78 78
78 15
78 56
78 18
78 22
78 24
78 60
79 0
79 4
79 5
79 6
79 11
79 13
79 18
79 19
79 22
79 30
79 33
79 38
79 39
79 47
79 52
79 57
79 59
79 62
79 66
79 71
79 80
79 81
79 84
80 1
80 35
80 9
80 76
80 77
80 78
80 27
80 63
81 34
81 4
81 40
81 10
81 43
81 30
81 63
83 36
83 43
83 80
83 83
83 26
83 59
84 65
84 35
84 69
84 78
84 50
84 21
84 25
84 62
85 33
85 67
85 37
85 6
85 72
85 77
85 14
85 80
85 18
85 56
85 58
85 62
85 16
86 34
86 71
86 73
86 17
86 86
86 31
87 70
87 40
87 10
87 19
87 85
87 86
