88
0 33
0 66
0 35
0 36
0 69
0 71
0 40
0 73
0 42
0 76
0 78
0 79
0 19
0 20
0 26
0 59
0 28
1 33
1 66
1 35
1 36
1 37
1 73
1 42
1 77
1 49
1 53
1 86
1 25
1 26
1 59
1 60
8 32
8 33
8 66
8 67
8 36
8 71
8 40
8 76
8 10
8 12
8 77
8 79
8 49
8 53
8 86
10 35
10 40
10 9
10 10
10 76
10 77
10 78
10 49
10 20
10 86
10 56
10 28
11 19
11 40
11 49
11 51
11 20
11 86
13 64
13 67
13 40
13 9
13 10
13 77
13 78
13 49
13 86
13 24
13 25
13 26
14 33
14 66
14 35
14 71
14 40
14 12
14 76
14 77
14 79
14 80
14 19
14 53
14 58
17 32
17 33
17 66
17 35
17 36
17 37
17 40
17 73
17 10
17 76
17 77
17 79
17 49
17 19
17 53
17 72
17 59
21 32
21 33
21 67
21 37
21 40
21 64
21 10
21 76
21 77
21 49
21 19
21 53
21 86
21 72
21 26
21 28
22 32
22 33
22 66
22 35
22 36
22 37
22 70
22 40
22 73
22 10
22 77
22 53
22 86
22 56
22 59
22 28
22 42
23 64
23 33
23 35
23 36
23 69
23 72
23 10
23 76
23 77
23 79
23 49
23 20
23 53
23 86
23 59
23 28
24 33
24 66
24 35
24 69
24 71
24 40
24 10
24 77
24 79
24 16
24 49
24 67
24 20
24 86
24 25
24 59
24 42
25 66
25 36
25 73
25 10
25 76
25 79
25 49
25 19
25 52
25 53
25 25
25 58
25 59
25 28
27 64
27 66
27 35
27 36
27 37
27 71
27 40
27 76
27 10
27 12
27 79
27 80
27 53
27 86
27 28
30 32
30 33
30 66
30 35
30 71
30 73
30 10
30 76
30 77
30 78
30 79
30 16
30 49
30 19
30 52
30 86
30 59
30 28
30 42
31 64
31 51
31 67
31 36
31 40
31 73
31 10
31 76
31 19
31 52
31 26
32 66
32 71
32 9
32 10
32 76
32 79
32 19
33 33
33 35
33 36
33 37
33 9
33 10
33 77
33 78
33 49
33 58
33 53
33 73
33 26
33 59
33 28
33 42
34 64
34 66
34 35
34 36
34 71
34 40
34 10
34 76
34 78
34 79
34 49
34 19
34 53
34 59
34 60
35 66
35 35
35 40
35 73
35 76
35 49
35 19
35 20
35 53
35 86
35 28
36 73
36 10
36 42
36 37
36 78
38 66
38 35
38 37
38 40
38 73
38 67
38 76
38 51
38 20
38 53
38 86
38 56
38 25
38 26
38 28
38 69
39 33
39 66
39 35
39 36
39 71
39 80
39 9
39 10
39 76
39 78
39 16
39 49
39 19
39 20
39 53
39 86
39 56
40 32
40 80
40 79
40 56
40 71
41 51
41 66
41 35
41 37
41 40
41 60
41 42
41 77
41 79
41 49
41 19
41 20
41 86
41 73
41 72
41 28
42 64
42 66
42 35
42 20
42 37
43 64
43 33
43 67
43 35
43 36
43 71
43 40
43 73
43 10
43 77
43 79
43 49
43 19
43 20
43 53
43 86
43 26
43 28
44 33
44 67
44 71
44 40
44 60
44 10
44 77
44 78
44 79
44 80
44 72
44 19
44 20
44 59
44 28
44 42
45 64
45 33
45 66
45 35
45 36
45 37
45 71
45 40
45 73
45 42
45 67
45 12
45 79
45 76
45 51
45 20
45 53
45 56
45 58
45 28
45 69
46 32
46 33
46 35
46 36
46 8
46 9
46 10
46 76
46 77
46 78
46 40
46 19
46 20
46 53
46 86
46 73
46 25
46 26
46 28
47 32
47 33
47 35
47 37
47 71
47 73
47 42
47 12
47 77
47 78
47 79
47 80
47 67
47 53
47 86
47 26
48 32
48 33
48 35
48 36
48 71
48 64
48 73
48 42
48 12
48 77
48 80
48 79
48 76
48 19
48 20
48 86
48 24
48 59
48 28
49 66
49 36
49 37
49 40
49 73
49 42
49 77
49 79
49 49
49 19
49 20
49 53
49 86
49 28
50 51
50 37
50 49
50 72
50 42
50 76
50 16
50 40
50 19
50 53
50 86
50 59
53 67
53 36
53 19
53 53
53 26
53 59
54 32
54 33
54 66
54 36
54 64
54 9
54 11
54 76
54 77
54 78
54 79
54 16
54 49
54 73
54 72
54 59
54 28
55 32
55 33
55 66
55 71
55 64
55 10
55 77
55 79
55 49
55 19
55 20
55 53
55 86
55 72
55 52
56 66
56 9
56 10
56 76
56 77
56 78
56 79
56 80
56 49
56 19
56 52
56 53
56 86
56 73
56 56
56 59
56 28
56 42
57 66
57 35
57 37
57 71
57 40
57 60
57 10
57 76
57 77
57 78
57 79
57 86
57 73
57 56
57 59
57 28
60 32
60 72
60 10
60 49
60 53
60 25
61 66
61 35
61 36
61 37
61 40
61 10
61 67
61 76
61 77
61 79
61 80
61 72
61 19
61 53
61 86
61 25
61 58
61 42
62 35
62 36
62 76
62 77
62 53
62 86
63 32
63 42
63 53
63 77
63 79
64 33
64 66
64 35
64 70
64 72
64 9
64 42
64 77
64 78
64 80
64 49
64 19
64 26
64 28
65 64
65 66
65 36
65 71
65 40
65 9
65 10
65 76
65 77
65 78
65 79
65 19
65 53
65 86
65 73
65 56
65 26
66 67
66 72
66 42
66 77
66 19
66 20
67 32
67 33
67 36
67 71
67 72
67 73
67 76
67 77
67 79
67 49
67 20
67 53
68 33
68 67
68 36
68 71
68 40
68 9
68 76
68 77
68 79
68 49
68 20
68 53
68 73
68 59
68 60
69 33
69 66
69 35
69 8
69 77
69 49
69 19
69 53
69 56
70 32
70 33
70 37
70 71
70 72
70 10
70 76
70 78
70 40
70 19
70 52
70 53
70 49
71 64
71 66
71 37
71 71
71 40
71 76
71 11
71 12
71 77
71 79
71 19
71 59
72 32
72 66
72 71
72 40
72 76
72 12
72 77
72 79
72 72
72 19
72 53
72 86
72 56
72 26
72 59
73 64
73 66
73 35
73 72
73 73
73 10
73 76
73 12
73 40
73 20
73 86
73 59
73 28
73 42
74 32
74 33
74 66
74 36
74 51
74 40
74 9
74 76
74 77
74 64
74 79
74 56
74 19
74 73
74 24
74 72
74 60
75 33
75 36
75 37
75 71
75 40
75 76
75 78
75 19
75 20
75 56
75 28
76 66
76 35
76 71
76 7
76 80
76 19
76 53
76 24
77 51
77 35
77 36
77 71
77 9
77 42
77 79
77 80
77 19
77 86
77 56
77 26
77 59
78 66
78 36
78 71
78 40
78 73
78 10
78 78
78 79
78 49
78 20
78 86
78 24
79 32
79 33
79 66
79 36
79 71
79 72
79 79
79 20
79 53
79 24
79 28
80 32
80 33
80 66
80 35
80 36
80 37
80 51
80 71
80 64
80 73
80 76
80 72
80 19
80 53
80 86
80 59
80 28
81 33
81 66
81 35
81 37
81 80
81 73
81 42
81 12
81 77
81 79
81 76
81 49
81 19
81 53
81 86
81 25
81 59
82 64
82 51
82 66
82 36
82 37
82 71
82 72
82 73
82 42
82 76
82 77
82 16
82 49
82 19
82 53
82 86
82 59
82 10
83 10
85 33
85 35
85 36
85 37
85 7
85 40
85 10
85 71
85 78
85 79
85 49
85 19
85 20
85 53
85 86
86 66
86 71
86 40
86 9
86 77
86 78
86 79
86 80
86 19
86 20
86 86
87 32
87 66
87 69
87 71
87 40
87 73
87 12
87 79
87 76
87 51
87 86
87 26
87 59
87 28
87 29
