88
3 32
3 1
3 11
3 78
3 82
3 23
4 1
4 2
4 3
4 6
4 7
4 11
4 12
4 13
4 18
4 22
4 23
4 28
4 30
4 31
4 34
4 43
4 46
4 48
4 49
4 64
4 74
4 76
4 78
4 81
4 82
5 0
5 1
5 2
5 3
5 4
5 6
5 7
5 11
5 12
5 13
5 15
5 18
5 21
5 23
5 28
5 31
5 34
5 48
5 49
5 54
5 62
5 64
5 67
5 76
5 78
5 81
5 82
6 0
6 1
6 2
6 3
6 4
6 5
6 6
6 11
6 12
6 13
6 15
6 16
6 18
6 22
6 23
6 28
6 30
6 31
6 32
6 34
6 43
6 47
6 48
6 53
6 64
6 76
6 78
6 80
6 81
6 82
6 84
7 0
7 1
7 3
7 4
7 6
7 11
7 12
7 16
7 18
7 21
7 22
7 23
7 28
7 30
7 31
7 34
7 43
7 64
7 67
7 76
7 78
7 81
8 0
8 1
8 2
8 3
8 4
8 6
8 12
8 13
8 15
8 16
8 18
8 22
8 23
8 28
8 30
8 32
8 43
8 48
8 53
8 54
8 64
8 76
8 78
8 80
8 81
8 82
8 84
9 0
9 1
9 4
9 6
9 7
9 11
9 12
9 13
9 16
9 18
9 22
9 28
9 30
9 31
9 32
9 34
9 43
9 46
9 48
9 53
9 64
9 67
9 76
9 78
9 82
9 84
10 32
10 1
10 34
10 3
10 4
10 64
10 76
10 11
10 12
10 46
10 43
10 18
10 84
10 21
10 28
11 0
11 1
11 2
11 3
11 4
11 81
11 48
11 64
11 11
11 76
11 13
11 78
11 34
11 43
11 82
11 84
11 22
11 23
11 28
11 30
11 31
12 0
12 1
12 2
12 3
12 4
12 6
12 11
12 12
12 13
12 15
12 18
12 21
12 22
12 28
12 30
12 31
12 32
12 43
12 48
12 49
12 62
12 67
12 76
12 78
12 80
12 81
12 82
14 12
14 4
17 0
17 1
17 3
17 6
17 32
17 78
17 48
17 82
20 48
20 34
20 76
23 0
23 1
23 3
23 6
23 7
23 11
23 12
23 13
23 18
23 23
23 28
23 30
23 31
23 32
23 34
23 43
23 48
23 53
23 62
23 64
23 67
23 76
23 80
23 81
23 82
24 0
24 78
28 0
28 1
28 3
28 6
28 11
28 12
28 13
28 18
28 21
28 22
28 23
28 28
28 31
28 32
28 34
28 43
28 48
28 54
28 62
28 64
28 76
28 78
28 80
28 81
28 82
28 84
29 0
29 1
29 2
29 3
29 4
29 11
29 12
29 16
29 18
29 21
29 22
29 23
29 30
29 32
29 34
29 43
29 48
29 54
29 64
29 76
29 78
29 82
29 84
30 0
30 1
30 2
30 34
30 4
30 6
30 32
30 64
30 76
30 43
30 12
30 13
30 78
30 16
30 18
30 82
30 22
30 23
30 28
30 30
30 31
31 32
31 64
31 34
31 43
31 6
31 11
31 12
31 78
31 48
31 81
31 82
31 62
31 22
31 28
31 30
31 31
32 4
34 32
34 1
34 34
34 3
34 4
34 6
34 43
34 13
34 78
34 48
34 81
34 18
34 67
34 82
34 22
34 28
35 0
35 1
35 3
35 4
35 6
35 11
35 12
35 82
35 46
35 48
35 43
35 18
35 78
35 28
35 30
36 0
36 1
36 2
36 3
36 6
36 7
36 11
36 12
36 18
36 21
36 22
36 23
36 28
36 31
36 32
36 34
36 37
36 43
36 46
36 49
36 60
36 62
36 64
36 76
36 78
36 81
36 82
36 84
37 0
37 1
37 3
37 6
37 11
37 12
37 13
37 16
37 18
37 22
37 23
37 28
37 30
37 31
37 34
37 49
37 53
37 64
37 67
37 74
37 76
37 78
37 82
38 64
38 0
38 34
38 80
38 81
38 82
38 28
38 30
39 0
39 1
39 2
39 3
39 6
39 12
39 18
39 22
39 28
39 34
39 37
39 43
39 48
39 53
39 54
39 62
39 64
39 67
39 76
39 78
39 81
39 84
42 0
42 1
42 34
42 6
42 32
42 64
42 76
42 12
42 13
42 46
42 18
42 78
42 22
42 23
42 28
42 31
43 0
43 3
43 4
43 5
43 7
43 11
43 12
43 13
43 18
43 21
43 22
43 23
43 28
43 30
43 32
43 34
43 46
43 47
43 48
43 49
43 53
43 64
43 67
43 76
43 78
43 81
43 82
43 84
44 0
44 1
44 3
44 4
44 6
44 11
44 12
44 13
44 16
44 18
44 21
44 22
44 23
44 28
44 30
44 31
44 32
44 43
44 48
44 49
44 64
44 76
44 81
44 82
46 18
46 34
46 43
46 82
47 64
47 2
47 3
47 6
47 12
47 34
47 81
47 82
48 0
48 1
48 3
48 4
48 6
48 7
48 11
48 13
48 18
48 21
48 22
48 23
48 30
48 31
48 32
48 34
48 43
48 48
48 64
48 76
48 78
48 81
48 82
49 0
49 2
49 3
49 4
49 6
49 11
49 12
49 13
49 18
49 22
49 28
49 30
49 31
49 34
49 43
49 46
49 48
49 53
49 60
49 62
49 81
49 82
50 0
50 1
50 3
50 4
50 7
50 11
50 12
50 18
50 23
50 30
50 32
50 34
50 43
50 46
50 48
50 53
50 54
50 64
50 76
50 78
50 81
50 82
50 84
53 11
53 23
54 0
54 1
54 2
54 3
54 4
54 11
54 13
54 18
54 23
54 28
54 30
54 31
54 34
54 37
54 43
54 46
54 48
54 49
54 53
54 62
54 64
54 76
54 78
54 81
54 82
54 84
55 3
55 6
56 18
56 4
57 11
57 31
59 0
59 1
59 2
59 3
59 4
59 6
59 7
59 11
59 12
59 13
59 15
59 18
59 22
59 23
59 28
59 31
59 32
59 34
59 43
59 48
59 49
59 53
59 62
59 64
59 67
59 76
59 78
59 81
61 48
61 11
61 76
62 0
62 1
62 3
62 4
62 7
62 11
62 12
62 13
62 18
62 22
62 28
62 31
62 34
62 43
62 46
62 48
62 62
62 64
62 76
62 78
62 80
62 81
62 82
63 0
63 1
63 3
63 4
63 6
63 11
63 12
63 15
63 21
63 22
63 28
63 30
63 31
63 32
63 34
63 43
63 48
63 62
63 64
63 76
63 78
63 82
63 84
64 78
66 0
66 1
66 34
66 43
66 4
66 6
66 32
66 64
66 76
66 11
66 12
66 78
66 47
66 48
66 81
66 82
66 21
66 23
66 28
66 30
66 31
67 0
67 1
67 3
67 4
67 6
67 11
67 12
67 16
67 18
67 22
67 23
67 28
67 30
67 31
67 32
67 43
67 46
67 48
67 53
67 62
67 64
67 78
67 82
69 1
69 6
69 43
69 78
69 48
69 81
71 32
71 28
73 4
74 0
74 1
74 34
74 3
74 4
74 5
74 6
74 32
74 64
74 76
74 11
74 12
74 15
74 48
74 43
74 22
74 28
75 32
75 64
75 34
75 43
75 4
75 6
75 76
75 11
75 12
75 48
75 81
75 82
75 23
75 30
75 31
76 0
76 64
76 34
76 67
76 6
76 1
76 46
76 18
77 12
77 43
77 4
81 0
81 1
81 4
81 6
81 64
81 76
81 78
81 18
82 1
82 2
82 3
82 4
82 6
82 7
82 11
82 12
82 13
82 15
82 18
82 22
82 23
82 28
82 31
82 32
82 34
82 43
82 46
82 48
82 53
82 64
82 67
82 76
82 78
82 81
82 84
83 64
83 32
83 0
83 76
83 46
83 18
84 28
84 4
87 0
87 32
87 4
87 6
87 43
87 76
87 82
87 78
87 48
87 18
87 22
87 23
87 28
87 30
87 31
