88
0 0
0 1
0 9
0 13
0 46
0 80
0 18
0 51
0 21
0 22
0 55
0 24
0 28
0 30
0 85
1 40
1 63
1 85
1 55
2 57
2 20
2 37
2 54
2 61
3 34
3 70
3 41
3 13
3 79
3 81
3 55
4 82
4 43
4 68
4 79
5 64
5 36
6 1
6 5
6 70
6 7
6 40
6 9
6 11
6 76
6 49
6 50
6 51
6 22
6 71
6 60
6 61
8 20
8 5
8 86
8 23
9 32
9 2
9 35
9 68
9 37
9 49
9 8
9 43
9 44
9 77
9 40
9 57
9 29
9 30
9 63
10 0
10 64
10 34
10 68
10 54
10 81
10 40
10 43
10 76
10 46
10 47
10 48
10 49
10 50
10 51
10 22
10 55
10 24
10 87
11 2
11 6
11 39
11 42
11 75
11 78
11 79
11 51
11 20
11 54
11 58
11 47
11 29
11 62
12 0
12 67
12 85
12 6
12 63
12 75
12 12
12 79
12 19
12 52
12 53
12 54
12 23
12 57
12 59
12 60
12 30
12 31
13 68
13 5
13 70
13 7
13 72
13 73
13 10
13 78
13 80
13 24
14 40
14 76
14 75
14 68
14 61
16 2
16 3
16 36
16 5
16 38
16 39
16 9
16 42
16 71
16 61
16 47
16 49
16 83
16 52
16 23
16 59
16 70
16 29
17 72
17 28
17 53
17 54
17 55
18 64
18 35
18 68
18 7
18 72
18 12
18 45
18 49
18 3
18 84
18 87
18 58
18 59
18 60
18 62
19 80
19 9
20 73
20 22
20 55
21 64
21 65
21 3
21 5
21 6
21 32
21 41
21 43
21 12
21 82
21 24
21 29
24 33
24 68
24 49
24 9
24 10
24 12
24 81
24 50
24 51
24 52
24 85
24 54
24 23
24 4
25 0
25 2
25 54
25 6
25 41
25 86
25 81
25 19
25 22
25 55
25 24
25 58
25 59
25 60
25 62
26 64
26 43
26 72
26 75
26 80
26 81
26 18
26 51
26 85
26 54
26 29
27 1
27 36
27 86
27 6
27 65
27 40
27 87
27 13
27 78
27 47
27 49
27 84
27 53
27 54
27 23
27 72
27 25
27 79
29 84
29 55
30 64
31 64
31 25
31 86
31 46
32 0
32 32
32 57
33 67
33 36
33 5
33 81
33 7
33 41
33 42
33 43
33 13
33 78
33 45
33 49
33 84
33 62
33 25
33 59
33 4
33 85
34 9
34 18
34 52
34 53
34 55
34 24
34 28
35 64
35 6
35 70
35 13
35 78
35 77
35 55
35 56
35 59
35 62
37 33
37 34
37 42
38 1
38 35
38 36
38 5
38 81
38 7
38 9
38 10
38 43
38 47
38 49
38 74
38 54
38 55
38 68
38 86
38 61
38 62
39 4
39 6
39 7
39 10
39 11
39 20
39 22
39 25
39 30
39 32
39 33
39 34
39 37
39 40
39 41
39 52
39 53
39 56
39 60
39 64
39 76
39 81
40 51
40 71
40 7
40 41
40 43
40 44
40 61
40 75
40 19
40 85
40 56
40 25
40 58
40 59
40 29
41 1
41 67
41 35
41 6
41 40
41 12
41 13
41 49
41 51
41 53
41 54
41 24
41 58
41 27
41 31
42 32
42 1
42 3
42 36
42 5
42 6
42 39
42 41
42 76
42 78
42 17
42 18
42 20
42 24
42 52
42 65
42 30
42 31
43 35
43 6
43 71
43 9
43 42
43 43
43 78
43 18
43 51
43 85
43 73
43 57
43 25
43 75
43 74
43 62
43 31
44 1
44 2
44 35
44 33
44 73
44 12
44 13
44 78
44 45
44 80
44 20
44 21
44 57
44 24
44 25
44 59
44 28
44 61
44 62
45 1
45 74
45 43
45 38
45 81
46 80
46 24
46 20
46 62
47 32
47 33
47 35
47 64
47 70
47 7
47 8
47 60
47 11
47 44
47 13
47 46
47 47
47 43
47 18
47 72
47 58
47 28
47 31
48 75
49 47
50 54
50 23
51 65
51 2
51 68
51 71
51 73
51 74
51 78
51 47
51 22
52 51
52 72
52 60
52 74
52 12
52 45
52 48
52 18
52 83
52 84
52 20
52 58
52 28
52 61
53 64
53 45
53 35
53 4
53 71
53 9
53 74
53 11
53 44
53 13
53 77
53 18
53 21
53 31
54 81
54 44
55 64
55 34
55 4
55 6
55 71
55 40
55 42
55 84
55 53
55 36
56 33
56 68
56 41
56 44
56 47
56 48
56 50
56 22
56 57
56 25
56 26
56 59
56 29
58 51
58 68
58 69
58 38
58 10
58 81
58 19
58 21
58 25
58 53
59 32
59 75
59 5
59 38
59 7
59 40
59 10
59 71
59 13
59 48
59 49
59 52
59 21
59 22
59 23
59 84
59 70
59 42
59 63
60 1
60 34
60 33
60 74
60 80
60 81
60 52
61 65
61 2
61 3
61 36
61 37
61 7
61 10
61 12
61 79
61 49
61 18
61 52
61 87
61 74
61 27
61 29
61 62
61 63
62 64
62 65
62 68
62 69
62 70
62 42
62 75
62 13
62 80
62 52
62 86
62 55
62 22
62 60
63 64
63 1
63 3
63 86
63 39
63 41
63 74
63 43
63 12
63 45
63 47
63 75
63 52
63 22
63 71
63 28
63 63
64 32
64 66
64 67
64 36
64 70
64 6
64 40
64 10
64 79
64 86
64 55
64 58
64 60
64 29
64 63
65 64
65 33
65 70
65 6
65 81
65 72
65 41
65 10
65 75
65 12
65 47
65 49
65 83
65 74
65 86
65 73
65 59
65 61
66 40
66 65
66 62
67 33
67 34
67 67
67 68
67 74
67 7
67 40
67 41
67 10
67 45
67 77
67 49
67 51
67 52
67 85
67 87
67 58
67 28
67 61
67 31
68 32
68 65
68 2
68 35
68 86
68 7
68 41
68 75
68 12
68 44
68 18
68 51
68 20
68 73
68 23
68 26
68 47
68 58
68 63
70 2
70 12
71 0
71 33
71 35
71 4
71 8
71 9
71 74
71 87
71 78
71 79
71 17
71 20
71 73
71 25
71 63
72 2
72 36
72 10
72 43
72 45
72 80
72 17
72 50
72 84
72 66
72 55
72 25
72 87
72 59
72 31
73 72
73 56
73 35
73 68
73 47
74 84
74 1
74 35
74 63
74 7
74 40
74 44
74 42
74 12
74 46
74 79
74 20
74 54
74 56
74 57
74 59
74 31
75 0
75 32
75 3
75 4
75 33
75 38
75 7
75 72
75 76
75 71
75 12
75 13
75 79
75 50
75 83
75 22
75 26
75 59
75 60
76 34
76 5
76 71
76 10
76 75
76 61
76 81
76 52
76 21
76 22
76 87
76 49
76 54
76 42
77 1
77 66
77 75
77 36
77 39
77 80
77 44
77 10
77 71
77 12
77 48
77 50
77 87
77 74
77 31
78 33
78 36
78 61
78 6
78 23
79 71
79 11
79 45
79 78
79 81
79 50
79 23
79 55
79 27
79 29
79 63
81 32
81 40
81 9
81 23
81 78
81 79
81 20
81 86
81 87
81 59
81 60
81 62
82 68
82 84
82 2
82 3
82 36
82 74
82 6
82 42
82 12
82 34
82 48
82 49
82 18
82 52
82 86
82 55
82 25
82 61
83 0
83 32
83 34
83 3
83 7
83 8
83 41
83 42
83 75
83 44
83 13
83 77
83 47
83 73
83 83
83 22
83 23
83 79
83 61
85 40
85 36
86 1
86 3
86 4
86 9
86 11
86 17
86 18
86 24
86 27
86 31
86 35
86 37
86 42
86 46
86 52
86 61
86 62
86 67
86 70
86 79
86 81
86 82
87 64
87 33
87 71
87 73
87 43
87 44
87 61
87 79
87 51
87 85
87 29
87 62
87 53
