88
0 16
0 73
0 59
0 76
1 3
1 69
1 41
1 48
1 17
1 28
1 37
2 66
2 40
2 45
2 18
2 53
2 22
2 23
3 32
3 66
3 3
3 71
3 41
3 74
3 15
3 16
3 17
3 18
3 35
3 84
3 53
3 54
3 73
3 59
4 66
4 37
4 70
4 9
4 2
4 13
4 54
5 3
5 5
5 70
5 49
5 9
5 74
5 43
5 44
5 15
5 16
5 17
5 18
5 35
5 84
5 54
5 55
5 29
5 62
5 69
6 66
6 3
6 68
6 38
6 7
6 8
6 9
6 12
6 44
6 48
6 49
6 35
6 52
6 73
6 55
6 60
8 66
8 3
8 4
8 49
8 38
8 39
8 8
8 10
8 87
8 45
8 17
8 20
8 22
8 40
8 42
8 31
9 32
9 49
9 44
9 20
10 32
10 2
10 38
10 8
10 74
10 13
10 82
10 84
10 53
10 58
10 59
10 31
11 3
11 7
11 8
11 41
11 76
11 15
11 40
11 57
11 26
11 29
12 41
12 12
12 45
12 13
12 86
12 31
13 32
13 2
13 4
13 10
13 49
13 52
13 62
14 4
14 72
14 15
14 40
14 68
14 26
15 52
16 69
16 13
17 0
17 35
17 68
17 5
17 38
17 8
17 73
17 42
17 45
17 82
17 52
17 22
17 57
17 59
19 3
19 36
19 72
19 73
19 10
19 55
19 13
19 16
19 8
19 87
19 29
20 66
20 5
20 38
20 43
20 2
20 13
20 17
20 18
20 20
20 54
20 23
20 45
20 55
20 56
21 32
21 3
21 68
21 5
21 38
21 13
21 48
21 17
21 54
21 23
21 56
21 58
21 29
21 31
22 2
22 7
23 0
23 66
23 22
23 73
23 43
23 13
23 56
23 52
23 53
23 86
23 24
23 25
23 59
23 37
24 34
24 35
24 37
24 70
24 7
24 74
24 61
24 13
24 45
24 87
24 17
24 55
24 57
24 26
24 59
24 29
25 0
25 1
25 2
25 35
25 5
25 70
25 74
25 87
25 44
25 13
25 15
25 48
25 22
25 23
25 58
25 29
25 69
26 59
26 83
27 66
27 35
27 38
27 40
27 9
27 42
27 13
27 15
27 48
27 18
27 74
27 41
27 57
27 58
27 61
30 66
30 59
30 69
30 40
30 42
30 87
30 44
30 15
30 17
30 18
30 56
30 24
30 57
30 27
30 28
30 61
31 0
31 35
31 4
31 37
31 39
31 76
31 77
31 14
31 82
31 3
31 84
31 46
31 54
31 26
31 59
31 53
32 2
32 36
32 38
32 72
32 73
32 82
32 87
32 12
32 13
32 76
32 50
32 83
32 20
32 66
32 23
32 68
32 27
32 29
33 3
33 69
33 71
33 9
33 74
33 44
33 82
33 46
33 76
33 18
33 84
33 53
33 22
33 26
33 28
34 4
34 39
34 9
34 74
34 49
34 53
34 42
35 0
35 49
35 39
35 41
35 42
35 7
35 44
35 13
35 15
35 17
35 54
35 55
35 58
35 74
36 68
36 82
36 34
36 3
36 4
36 38
36 41
36 42
36 11
36 66
36 14
36 17
36 18
36 35
36 84
36 53
36 25
36 58
36 29
37 35
37 4
37 69
37 7
37 40
37 9
37 55
37 12
37 13
37 44
37 48
37 50
37 18
37 23
37 57
37 87
37 60
38 53
38 29
39 0
39 1
39 5
39 38
39 7
39 9
39 42
39 43
39 76
39 77
39 14
39 61
39 82
39 53
39 73
39 23
39 56
39 87
39 29
40 25
40 7
41 2
41 5
41 40
41 77
41 17
41 54
41 29
41 69
42 38
42 43
42 44
42 77
42 48
42 23
42 59
43 66
43 5
43 38
43 54
43 9
43 42
43 44
43 15
43 48
43 17
43 82
43 84
43 22
43 27
43 37
44 17
44 31
45 34
45 44
46 66
46 4
46 5
46 39
46 45
46 14
46 16
46 52
46 22
47 0
47 66
47 5
47 8
47 9
47 44
47 13
47 15
47 18
47 84
47 53
47 22
47 55
47 24
47 25
47 59
47 29
47 69
47 31
48 2
48 68
48 69
48 7
48 9
48 87
48 4
48 26
48 58
49 0
49 35
49 41
49 45
49 49
49 84
49 56
50 5
50 7
50 8
50 10
50 15
50 55
50 74
51 43
52 32
52 4
52 38
52 7
52 40
52 41
52 42
52 39
52 13
52 15
52 82
52 53
52 57
52 61
52 62
53 0
53 32
53 35
53 38
53 7
53 8
53 44
53 39
53 12
53 14
53 16
53 59
53 18
53 76
53 56
53 71
53 27
54 32
54 59
54 4
54 5
54 39
54 12
54 82
54 18
54 52
54 54
54 56
54 68
54 58
54 27
54 61
54 69
55 0
55 1
55 4
55 5
55 39
55 10
55 43
55 76
55 45
55 16
55 52
55 48
55 22
55 55
55 68
55 71
55 86
55 74
55 69
56 49
56 42
56 29
56 7
57 0
57 2
57 3
57 68
57 5
57 38
57 8
57 76
57 42
57 11
57 44
57 35
57 53
57 54
57 23
57 55
57 37
58 1
58 36
58 5
58 7
58 8
58 41
58 74
58 82
58 48
58 40
58 18
58 83
58 54
58 23
58 49
58 69
59 71
59 41
59 42
59 13
59 22
59 56
59 59
60 0
60 71
60 5
60 39
60 8
60 43
60 12
60 45
60 14
60 20
60 78
60 54
60 25
60 26
60 62
61 0
61 32
61 2
61 4
61 8
61 9
61 42
61 55
61 34
61 77
61 45
61 49
61 53
61 23
61 56
61 68
61 60
61 29
62 32
62 66
62 68
62 39
62 54
62 56
62 4
62 59
63 32
63 61
63 35
63 66
63 9
63 82
63 76
63 45
63 15
63 48
63 50
63 18
63 84
63 53
63 29
63 62
64 26
65 34
65 35
65 4
65 70
65 8
65 9
65 11
65 45
65 78
65 49
65 18
65 83
65 52
65 53
65 68
65 31
66 0
66 2
66 39
66 44
66 11
66 12
66 45
66 49
66 50
66 84
66 53
66 22
66 26
66 62
67 3
67 68
67 37
67 38
67 7
67 9
67 23
67 77
67 15
67 17
67 82
67 87
67 39
68 48
68 52
69 1
69 87
69 69
69 9
70 4
70 69
70 8
70 41
70 74
70 45
70 77
70 49
70 18
70 52
70 86
70 23
70 24
70 25
70 26
70 59
70 61
71 68
71 7
71 41
71 10
71 76
71 17
71 84
71 53
71 22
71 56
71 59
71 62
71 31
73 35
73 9
73 42
73 50
73 22
73 58
73 60
74 68
74 86
74 40
74 41
74 44
74 13
74 52
74 22
74 55
74 56
74 57
74 26
74 27
74 58
75 1
75 2
75 4
75 54
75 70
75 71
75 74
75 76
75 14
75 17
75 52
75 22
75 55
75 68
75 26
75 27
75 58
76 3
76 68
76 37
76 38
76 45
76 17
76 83
76 84
76 22
76 23
76 56
76 57
76 58
76 54
76 60
76 69
77 48
77 76
77 69
77 15
78 36
78 37
78 7
78 9
78 42
78 39
78 76
78 14
78 49
78 83
78 20
78 86
78 23
78 56
78 59
79 82
79 71
79 8
79 13
79 14
79 15
79 48
79 72
79 18
79 84
79 24
79 52
79 26
79 60
80 56
80 54
81 2
81 40
81 41
81 83
81 87
81 24
82 32
82 26
82 20
82 5
83 48
83 56
83 2
83 11
83 60
84 4
84 7
84 40
84 9
84 82
84 41
84 58
85 34
85 70
85 38
85 9
85 45
85 23
85 26
85 59
86 34
86 3
86 68
86 5
86 38
86 42
86 76
86 13
86 78
86 45
86 48
86 84
86 57
86 58
86 74
87 3
87 39
87 55
87 44
87 50
87 82
87 23
87 59
