88
0 32
0 66
0 67
0 36
0 5
0 6
0 71
0 8
0 46
0 47
0 83
0 52
0 53
0 26
0 58
0 85
1 0
1 33
1 66
1 36
1 38
1 6
1 7
1 80
1 73
1 42
1 76
1 16
1 49
1 20
1 55
1 52
1 59
1 65
1 63
2 0
2 34
2 71
2 8
2 39
2 82
2 83
2 52
2 87
2 57
2 63
2 31
4 65
4 59
4 39
4 42
4 45
4 49
4 83
4 20
4 84
4 27
5 82
5 59
5 79
6 32
6 64
6 67
6 70
6 6
6 41
6 42
6 76
6 77
6 79
6 16
6 20
6 87
6 58
6 30
13 0
13 33
13 66
13 38
13 6
13 9
13 42
13 46
13 16
13 78
13 86
13 41
13 24
13 26
13 59
16 66
16 70
16 73
16 42
16 81
16 52
16 23
16 26
16 59
16 60
16 63
17 0
17 70
17 6
17 73
17 11
17 80
17 49
17 86
17 30
18 35
18 36
18 38
18 43
18 76
18 79
18 20
18 86
18 24
18 26
18 60
18 31
19 32
19 33
19 34
19 39
19 41
19 11
19 45
19 77
19 21
19 73
19 55
19 24
19 87
19 60
19 85
20 0
20 65
20 43
20 6
20 72
20 73
20 11
20 78
20 13
20 46
20 20
20 21
20 54
20 55
20 52
20 59
20 30
20 85
21 64
21 66
21 67
21 36
21 38
21 6
21 72
21 75
21 35
21 21
21 55
21 58
21 59
22 34
22 5
22 39
22 78
22 79
22 85
22 86
22 63
22 60
22 61
22 31
23 0
23 7
23 40
23 41
23 71
23 78
23 80
23 20
23 24
23 59
23 60
23 31
24 65
24 67
24 36
24 70
24 6
24 71
24 42
24 47
24 74
24 83
24 52
24 21
24 23
24 24
24 26
24 58
24 85
24 31
25 80
25 83
28 65
28 35
28 6
28 8
28 41
28 42
28 11
28 76
28 13
28 46
28 47
28 83
28 52
28 21
28 73
28 55
28 24
28 84
28 59
29 0
29 27
29 52
30 34
30 35
30 38
30 70
30 39
30 8
30 73
30 74
30 47
30 83
30 54
30 41
30 26
30 58
31 0
31 32
31 4
31 6
31 71
31 72
31 73
31 76
31 77
31 49
31 21
31 54
31 87
32 32
32 65
32 70
32 8
32 76
32 78
32 80
32 82
32 20
32 24
32 26
32 63
32 30
32 16
33 24
33 49
33 77
34 33
34 67
34 71
34 74
34 13
34 35
34 57
34 59
34 30
34 31
35 33
35 36
35 39
35 40
35 73
35 76
35 16
35 52
35 86
35 58
36 0
36 34
36 7
36 39
36 77
36 78
36 16
36 84
36 85
36 87
36 24
36 25
36 59
37 32
37 1
37 34
37 75
37 6
37 7
37 8
37 64
37 39
37 76
37 47
37 16
37 86
37 23
37 58
37 60
37 63
38 0
38 34
38 35
38 70
38 7
38 9
38 43
38 76
38 78
38 49
38 23
38 24
38 55
38 87
38 59
38 60
39 32
39 33
39 35
39 36
39 7
39 9
39 43
39 77
39 79
39 81
39 83
39 52
39 41
39 73
39 23
39 24
39 30
39 85
40 64
40 70
40 6
40 39
40 8
40 41
40 7
40 76
40 45
40 77
40 40
40 82
40 83
40 52
40 23
40 71
40 59
40 31
41 33
41 67
41 6
41 38
41 39
41 9
41 43
41 46
41 55
41 58
41 27
41 60
41 63
42 1
42 66
42 35
42 65
42 39
42 72
42 73
42 74
42 75
42 46
42 82
42 67
42 85
42 83
42 59
42 63
43 71
43 7
43 73
43 23
43 78
43 84
43 86
43 87
43 57
43 26
43 58
43 30
44 65
44 35
44 86
44 6
44 7
44 9
44 39
44 76
44 80
44 43
44 83
44 59
44 27
44 30
44 63
45 6
45 38
45 71
45 42
45 76
45 46
45 79
45 56
45 21
45 86
45 24
45 26
45 27
45 78
45 81
46 32
46 1
46 34
46 33
46 38
46 7
46 9
46 39
46 66
46 77
46 82
46 23
46 24
46 57
46 60
46 30
47 32
47 66
47 67
47 36
47 5
47 70
47 73
47 77
47 46
47 47
47 49
47 83
47 53
47 55
47 58
47 59
47 61
48 32
48 66
48 70
48 6
48 71
48 40
48 34
48 80
48 54
48 23
48 27
48 61
49 32
49 1
49 34
49 33
49 80
49 76
49 77
49 79
49 16
49 20
49 21
49 86
49 87
49 52
49 27
49 30
50 8
52 32
52 66
52 36
52 70
52 71
52 8
52 9
52 77
52 78
52 72
52 52
52 85
52 73
52 55
52 57
52 26
52 30
53 32
53 1
53 34
53 43
53 81
53 39
53 8
53 42
53 11
53 40
53 82
53 54
53 87
53 72
53 71
53 27
53 74
53 31
54 75
54 36
54 7
54 40
54 73
54 11
54 13
54 47
54 16
54 82
54 83
54 41
55 65
55 1
55 76
55 23
55 56
55 57
55 59
55 60
55 61
55 31
56 0
56 32
56 38
56 71
56 8
56 9
56 82
56 20
56 21
56 54
56 41
56 30
56 63
57 33
57 43
57 38
57 7
57 40
57 42
57 39
57 77
57 21
57 55
57 60
57 30
60 0
60 32
60 70
60 33
60 40
60 74
60 47
60 83
60 52
60 53
60 86
60 23
60 24
60 57
60 79
60 30
61 65
61 35
61 7
61 80
61 9
61 74
61 11
61 76
61 16
61 82
61 83
61 20
61 21
61 54
61 73
61 24
62 66
62 70
62 6
62 8
62 13
62 46
62 81
62 83
62 21
62 59
62 60
62 85
65 32
65 33
65 66
65 35
65 6
65 7
65 80
65 9
65 71
65 77
65 16
65 52
65 73
65 57
65 59
65 30
65 65
66 0
66 32
66 43
66 70
66 71
66 40
66 73
66 11
66 45
66 77
66 47
66 80
66 72
66 55
66 87
66 79
67 0
67 32
67 34
67 38
67 6
67 39
67 8
67 41
67 11
67 76
67 13
67 46
67 47
67 80
67 82
67 83
67 52
67 21
67 63
69 32
69 65
69 66
69 67
69 36
69 6
69 11
69 80
69 43
69 52
69 86
69 26
70 1
70 49
70 71
70 42
70 39
70 76
70 78
70 81
70 52
70 21
70 23
70 7
70 55
70 53
71 1
71 38
71 39
71 41
71 43
71 85
71 54
71 23
71 55
71 60
71 53
72 32
72 16
72 38
72 7
72 63
72 78
72 47
72 80
72 52
72 59
72 31
73 75
73 49
73 11
73 13
73 79
73 43
73 82
73 57
73 26
73 30
74 1
74 66
74 35
74 33
74 7
74 42
74 39
74 47
74 80
74 52
74 55
74 58
74 30
74 63
75 16
75 11
76 6
76 71
76 23
76 76
76 13
76 87
76 7
76 57
76 58
76 59
77 34
77 59
77 36
77 41
77 43
77 76
77 46
77 80
77 75
77 20
77 85
77 57
77 58
77 27
77 63
78 35
78 87
79 0
79 1
79 66
79 36
79 7
79 8
79 79
79 71
79 76
79 13
79 78
79 47
79 72
79 52
79 59
79 31
80 33
80 67
80 39
80 73
80 57
80 87
80 77
80 46
80 47
80 80
80 81
80 20
80 53
80 55
80 52
80 58
80 27
80 61
81 32
81 35
81 70
81 6
81 7
81 74
81 46
81 82
81 83
81 20
81 21
81 86
81 87
81 52
81 27
81 53
81 30
81 31
82 82
82 23
82 71
83 5
83 9
83 13
83 86
83 73
83 27
83 60
83 31
85 9
85 11
85 47
85 81
85 82
85 20
85 53
85 41
87 34
87 43
87 86
87 70
87 71
87 42
87 11
87 76
87 45
87 46
87 79
87 49
87 83
87 84
87 59
87 24
87 27
87 63
