88
1 6
1 37
1 38
1 39
1 8
1 41
1 12
1 81
1 40
1 54
1 23
1 56
1 49
1 69
2 7
2 8
2 21
2 22
2 23
2 24
2 26
2 34
2 37
2 38
2 39
2 40
2 44
2 53
2 54
2 56
2 57
2 61
2 63
2 64
2 69
2 70
2 72
2 73
2 75
2 76
2 78
2 81
2 87
3 6
3 8
3 11
3 22
3 23
3 24
3 26
3 33
3 34
3 37
3 38
3 39
3 44
3 51
3 53
3 54
3 57
3 60
3 63
3 65
3 66
3 67
3 68
3 69
3 70
3 72
3 74
3 78
3 79
3 81
3 87
4 66
4 69
4 70
4 8
4 41
4 40
4 50
4 22
4 57
4 24
4 72
4 6
4 38
5 6
5 8
5 12
5 21
5 22
5 23
5 25
5 26
5 34
5 37
5 38
5 40
5 41
5 51
5 53
5 57
5 60
5 63
5 65
5 66
5 70
5 76
5 78
5 81
5 84
5 87
9 6
9 8
9 12
9 20
9 24
9 34
9 37
9 38
9 39
9 40
9 41
9 50
9 51
9 54
9 59
9 64
9 65
9 66
9 69
9 70
9 75
9 76
9 78
9 80
9 81
9 87
10 6
10 8
10 11
10 12
10 18
10 21
10 22
10 23
10 25
10 26
10 28
10 33
10 34
10 38
10 39
10 40
10 41
10 49
10 53
10 54
10 56
10 57
10 60
10 63
10 71
10 72
10 76
10 78
10 79
10 80
10 81
10 84
10 87
13 33
13 38
13 6
13 39
13 41
13 78
13 81
13 87
13 24
16 33
16 69
16 70
16 40
16 76
16 79
16 81
16 18
16 22
16 57
16 26
16 54
17 8
17 21
17 23
17 25
17 26
17 33
17 37
17 38
17 39
17 41
17 44
17 49
17 50
17 54
17 57
17 63
17 70
17 76
17 78
17 79
17 81
17 87
19 65
19 66
19 37
19 70
19 8
19 76
19 79
19 81
19 54
19 87
19 57
19 26
19 63
20 37
20 6
20 8
20 23
20 81
20 51
20 40
20 87
20 69
28 34
28 37
28 81
28 40
28 41
28 87
28 66
28 46
28 72
28 20
28 22
28 23
28 57
28 26
28 54
28 63
29 66
29 6
29 38
29 41
29 79
29 23
29 57
30 6
30 8
30 12
30 18
30 21
30 22
30 24
30 26
30 27
30 28
30 37
30 39
30 40
30 41
30 44
30 54
30 57
30 60
30 61
30 65
30 66
30 69
30 70
30 72
30 74
30 76
30 78
30 79
30 81
30 85
31 6
31 12
31 21
31 23
31 33
31 38
31 39
31 40
31 41
31 54
31 59
31 63
31 66
31 67
31 68
31 69
31 72
31 76
31 78
31 79
31 81
31 85
32 65
32 67
32 6
32 33
32 41
32 12
32 50
32 80
32 18
32 22
32 23
32 57
32 63
34 6
34 8
34 18
34 20
34 21
34 22
34 23
34 26
34 34
34 37
34 38
34 41
34 54
34 56
34 57
34 63
34 66
34 69
34 70
34 72
34 73
34 76
34 81
35 66
35 68
35 38
35 6
35 39
35 8
35 41
35 12
35 78
35 79
35 40
35 21
35 22
35 87
35 56
35 25
35 63
35 70
35 53
35 31
36 7
36 8
36 12
36 18
36 21
36 22
36 23
36 26
36 27
36 33
36 37
36 38
36 39
36 40
36 41
36 49
36 50
36 53
36 54
36 57
36 59
36 63
36 65
36 66
36 69
36 70
36 71
36 76
36 78
36 81
36 87
37 66
37 6
37 70
37 71
37 8
37 41
37 76
37 34
37 78
37 40
37 38
41 70
41 6
41 71
41 40
41 12
41 81
41 8
41 87
42 66
42 37
42 6
42 40
42 41
42 76
42 79
42 49
42 18
42 21
42 54
42 24
42 72
42 38
43 65
43 66
43 68
43 6
43 38
43 39
43 8
43 41
43 87
43 76
43 78
43 80
43 72
43 54
43 23
43 57
43 63
43 81
43 69
43 31
45 66
45 67
45 68
45 6
45 8
45 79
45 54
45 24
45 63
46 6
46 8
46 12
46 18
46 21
46 23
46 24
46 37
46 38
46 41
46 46
46 54
46 57
46 59
46 61
46 63
46 65
46 66
46 68
46 69
46 70
46 72
46 76
46 78
46 80
46 81
46 84
47 8
47 12
47 20
47 21
47 22
47 24
47 33
47 37
47 39
47 41
47 46
47 49
47 63
47 66
47 67
47 69
47 72
47 74
47 76
47 79
47 81
47 87
48 6
48 8
48 12
48 18
48 21
48 22
48 23
48 26
48 33
48 34
48 37
48 39
48 40
48 46
48 50
48 51
48 53
48 56
48 57
48 60
48 63
48 64
48 69
48 70
48 72
48 73
48 78
48 79
48 81
48 84
48 87
49 8
49 11
49 12
49 22
49 24
49 26
49 37
49 39
49 40
49 41
49 54
49 57
49 63
49 65
49 69
49 72
49 75
49 76
49 81
49 84
49 85
49 87
50 6
50 7
50 8
50 12
50 18
50 22
50 23
50 24
50 26
50 27
50 31
50 34
50 38
50 39
50 40
50 41
50 54
50 56
50 57
50 63
50 65
50 66
50 69
50 70
50 71
50 72
50 73
50 74
50 75
50 79
50 81
50 87
52 18
52 21
52 22
52 26
52 34
52 38
52 39
52 41
52 54
52 56
52 57
52 63
52 66
52 70
52 71
52 72
52 74
52 75
52 76
52 78
52 79
52 81
52 87
57 33
57 69
57 70
57 40
57 76
57 72
57 56
57 6
58 6
58 8
58 11
58 12
58 18
58 21
58 27
58 37
58 39
58 40
58 41
58 46
58 49
58 51
58 59
58 60
58 63
58 66
58 67
58 69
58 70
58 72
58 78
58 79
58 84
58 85
58 87
62 6
62 8
62 12
62 21
62 22
62 23
62 24
62 26
62 28
62 33
62 34
62 37
62 38
62 39
62 40
62 41
62 56
62 57
62 61
62 63
62 65
62 69
62 70
62 72
62 73
62 75
62 76
62 78
62 79
62 81
62 87
63 6
63 69
63 70
63 8
63 72
63 22
63 26
63 54
63 63
66 66
66 59
66 37
66 6
66 39
66 8
66 41
66 74
66 87
66 76
66 46
66 81
66 22
66 23
66 24
66 26
66 38
66 70
66 61
69 70
69 38
69 39
69 8
69 87
69 76
69 81
69 40
69 21
69 54
69 56
69 24
69 57
69 26
69 60
69 72
69 63
70 33
70 69
70 6
70 8
70 78
70 81
70 54
70 87
70 70
72 37
72 70
72 8
72 76
72 46
72 79
72 81
72 54
72 69
76 70
76 39
76 8
76 41
76 12
76 40
76 72
76 57
77 6
77 8
77 12
77 21
77 22
77 23
77 27
77 33
77 37
77 38
77 39
77 40
77 41
77 46
77 53
77 57
77 59
77 63
77 65
77 66
77 69
77 70
77 72
77 79
77 81
77 85
81 66
81 6
81 7
81 8
81 78
81 81
81 22
81 40
82 6
82 7
82 8
82 12
82 21
82 22
82 24
82 31
82 37
82 39
82 40
82 41
82 46
82 49
82 54
82 56
82 63
82 64
82 66
82 72
82 76
82 78
82 79
82 84
82 87
83 68
83 69
83 6
83 39
83 72
83 41
83 54
83 81
83 18
83 8
83 40
83 38
83 28
85 66
85 38
85 6
85 39
85 8
85 63
85 76
85 70
85 49
85 21
85 22
85 23
85 56
85 57
85 26
85 54
85 60
85 69
85 31
86 6
86 11
86 18
86 20
86 22
86 26
86 34
86 37
86 38
86 39
86 41
86 50
86 54
86 56
86 57
86 63
86 65
86 66
86 69
86 72
86 76
86 79
86 81
86 87
87 65
87 34
87 69
87 6
87 41
87 80
87 81
87 54
87 24
87 70
