88
0 2
0 3
0 6
0 7
0 10
0 13
0 14
0 22
0 24
0 25
0 33
0 39
0 41
0 42
0 51
0 56
0 57
0 58
0 59
0 62
0 65
0 67
0 68
0 71
0 74
0 85
0 87
1 2
1 4
1 5
1 6
1 7
1 10
1 12
1 13
1 14
1 18
1 20
1 22
1 26
1 27
1 32
1 38
1 41
1 42
1 43
1 51
1 53
1 56
1 58
1 71
1 81
1 86
2 2
2 3
2 4
2 5
2 6
2 7
2 9
2 10
2 12
2 14
2 16
2 17
2 18
2 22
2 23
2 24
2 25
2 32
2 33
2 38
2 39
2 41
2 42
2 43
2 51
2 55
2 56
2 57
2 58
2 59
2 60
2 68
2 71
2 72
2 81
2 86
3 2
3 4
3 5
3 6
3 7
3 10
3 12
3 13
3 17
3 18
3 23
3 25
3 31
3 33
3 38
3 41
3 42
3 43
3 45
3 47
3 51
3 57
3 58
3 59
3 61
3 67
3 68
3 70
3 78
3 81
3 85
3 86
3 87
4 4
4 7
4 9
4 10
4 12
4 13
4 14
4 15
4 17
4 19
4 21
4 23
4 24
4 27
4 32
4 38
4 39
4 40
4 43
4 44
4 51
4 55
4 56
4 59
4 61
4 62
4 67
4 68
4 71
4 73
4 74
4 81
4 84
4 85
4 86
6 3
6 5
6 6
6 11
6 12
6 13
6 14
6 15
6 17
6 23
6 27
6 30
6 38
6 41
6 42
6 43
6 51
6 58
6 62
6 63
6 65
6 66
6 68
6 70
6 78
6 81
6 85
6 87
8 33
8 2
8 71
8 5
8 38
8 7
8 39
8 12
8 81
8 56
8 86
8 55
8 24
8 26
8 70
8 62
8 65
9 65
9 2
9 5
9 70
9 33
9 14
9 18
9 62
9 56
9 57
9 61
9 30
11 3
11 4
11 5
11 6
11 7
11 9
11 10
11 15
11 18
11 24
11 25
11 26
11 27
11 32
11 33
11 42
11 43
11 55
11 56
11 58
11 59
11 62
11 65
11 68
11 70
11 71
11 74
11 75
11 81
11 84
11 85
11 87
14 2
14 3
14 7
14 10
14 12
14 14
14 18
14 20
14 21
14 22
14 23
14 24
14 25
14 30
14 38
14 39
14 40
14 43
14 48
14 51
14 55
14 56
14 57
14 58
14 61
14 65
14 67
14 70
14 72
14 78
14 81
14 85
14 86
15 32
15 33
15 2
15 75
15 5
15 7
15 10
15 39
15 13
15 79
15 87
15 81
15 57
15 22
15 23
15 56
15 55
15 58
15 59
15 86
15 62
16 2
16 4
16 5
16 6
16 7
16 9
16 10
16 12
16 14
16 18
16 23
16 30
16 32
16 33
16 35
16 38
16 40
16 42
16 43
16 51
16 53
16 55
16 56
16 58
16 59
16 62
16 65
16 67
16 68
16 70
16 71
16 74
16 75
16 81
16 87
19 3
19 4
19 5
19 7
19 8
19 10
19 12
19 13
19 14
19 15
19 17
19 23
19 24
19 26
19 33
19 38
19 42
19 43
19 51
19 55
19 56
19 57
19 58
19 59
19 61
19 62
19 65
19 68
19 70
19 71
19 72
19 81
19 85
19 86
19 87
25 5
25 10
25 12
25 13
25 22
25 26
25 27
25 32
25 33
25 38
25 40
25 51
25 56
25 57
25 58
25 62
25 64
25 68
25 70
25 71
25 81
25 85
25 86
25 87
26 2
26 4
26 5
26 9
26 10
26 11
26 13
26 22
26 25
26 32
26 38
26 40
26 42
26 55
26 57
26 59
26 62
26 65
26 67
26 70
26 71
26 74
26 86
29 2
29 4
29 5
29 9
29 10
29 13
29 14
29 15
29 18
29 20
29 23
29 26
29 27
29 32
29 33
29 38
29 39
29 41
29 43
29 51
29 56
29 58
29 59
29 62
29 65
29 68
29 70
29 72
29 74
29 78
29 81
29 84
29 85
29 86
29 87
30 2
30 4
30 5
30 7
30 10
30 14
30 17
30 18
30 24
30 26
30 30
30 31
30 32
30 33
30 51
30 60
30 61
30 68
30 70
30 75
30 81
30 85
30 87
31 33
31 71
31 68
31 65
31 7
31 75
31 41
31 39
31 12
31 13
31 17
31 18
31 51
31 20
31 86
31 23
31 56
31 55
31 58
31 59
31 61
33 4
33 7
33 10
33 11
33 13
33 81
33 18
33 51
33 84
33 25
33 58
33 59
33 61
33 30
36 67
36 71
36 10
36 7
36 14
36 61
36 81
36 20
36 56
36 58
36 59
36 42
39 67
39 38
39 74
39 55
39 13
39 15
39 51
39 23
39 58
39 59
39 62
45 33
45 2
45 38
45 71
45 72
45 12
45 13
45 14
45 51
45 84
45 85
45 25
45 59
45 62
48 32
48 43
48 70
48 7
48 9
48 10
48 75
48 13
48 17
48 20
48 23
48 42
49 33
49 59
49 68
49 5
49 38
49 40
49 10
49 12
49 13
49 14
49 20
49 85
49 86
49 55
49 57
49 58
49 27
49 61
50 2
50 5
50 12
50 13
50 20
50 23
50 24
50 32
50 33
50 38
50 51
50 53
50 56
50 58
50 59
50 61
50 62
50 68
50 70
50 72
50 75
50 79
50 84
50 86
51 33
51 2
51 68
51 5
51 70
51 71
51 12
51 13
51 17
51 62
51 86
51 55
51 56
51 25
51 58
51 30
56 32
56 33
56 22
56 9
56 12
56 14
56 81
56 84
56 21
56 86
56 55
56 56
56 57
57 2
57 4
57 5
57 6
57 7
57 9
57 12
57 22
57 23
57 25
57 27
57 32
57 33
57 40
57 41
57 57
57 58
57 59
57 62
57 68
57 71
57 73
57 81
62 0
62 4
62 5
62 6
62 10
62 13
62 14
62 20
62 23
62 32
62 33
62 38
62 39
62 40
62 42
62 57
62 58
62 59
62 61
62 62
62 71
62 74
62 81
62 84
62 86
62 87
68 2
68 3
68 4
68 7
68 9
68 10
68 12
68 13
68 14
68 15
68 23
68 24
68 25
68 31
68 33
68 38
68 40
68 55
68 56
68 57
68 59
68 61
68 62
68 65
68 67
68 68
68 75
68 81
69 3
69 4
69 7
69 8
69 11
69 12
69 13
69 15
69 17
69 20
69 22
69 23
69 26
69 27
69 31
69 32
69 33
69 38
69 42
69 47
69 51
69 55
69 57
69 58
69 59
69 62
69 65
69 68
69 70
69 75
69 81
69 84
69 86
69 87
75 2
75 4
75 9
75 13
75 14
75 15
75 23
75 25
75 32
75 33
75 37
75 41
75 42
75 43
75 51
75 57
75 58
75 62
75 66
75 68
75 71
75 78
75 86
75 87
81 32
81 66
81 68
81 38
81 7
81 55
81 13
81 14
81 86
81 23
81 57
81 61
82 3
82 4
82 5
82 6
82 7
82 8
82 10
82 12
82 13
82 22
82 23
82 24
82 25
82 30
82 32
82 33
82 36
82 38
82 42
82 43
82 51
82 55
82 57
82 59
82 62
82 65
82 68
82 70
82 72
82 81
82 82
82 85
83 33
83 67
83 68
83 5
83 70
83 71
83 14
83 51
83 86
83 87
83 58
83 59
83 62
84 2
84 4
84 7
84 10
84 11
84 12
84 13
84 14
84 15
84 20
84 26
84 32
84 38
84 39
84 41
84 43
84 51
84 55
84 57
84 58
84 59
84 60
84 61
84 62
84 67
84 68
84 70
84 72
84 81
84 84
84 85
84 86
86 2
86 17
86 38
86 70
86 7
86 41
86 43
86 12
86 14
86 81
86 23
86 25
86 59
86 39
87 32
87 65
87 38
87 71
87 9
87 74
87 13
87 51
87 55
87 57
87 59
87 62
