88
0 64
0 2
0 36
0 8
0 77
0 14
0 17
0 19
1 1
1 51
1 41
1 10
1 78
1 49
1 83
1 86
1 23
2 36
2 70
2 8
2 44
2 40
2 19
2 21
2 29
2 63
3 83
3 12
3 55
4 66
4 38
4 8
4 9
4 74
4 45
4 78
4 18
4 23
4 56
4 25
4 63
5 0
5 1
5 2
5 35
5 4
5 69
5 51
5 41
5 43
5 44
5 18
5 19
5 87
5 56
5 58
5 29
5 62
6 80
6 65
6 35
6 55
7 55
7 29
7 13
7 47
8 12
8 45
8 46
8 47
8 56
8 24
8 57
8 59
8 60
8 63
9 0
9 1
9 36
9 37
9 76
9 48
9 18
9 51
9 87
9 58
10 0
10 67
10 5
10 71
10 74
10 50
10 79
10 82
10 35
10 24
11 1
11 2
11 33
11 7
11 8
11 9
12 65
12 34
12 4
12 72
12 9
12 43
12 44
12 77
12 78
12 19
12 52
12 23
12 36
13 3
13 67
13 37
13 71
13 43
13 46
13 50
13 83
13 21
14 32
14 65
14 5
14 41
14 74
14 60
14 14
14 47
14 82
14 20
14 78
14 54
14 23
14 28
14 63
15 65
15 34
15 4
15 40
15 74
15 43
15 53
15 23
15 28
17 8
17 20
17 74
17 68
18 42
18 76
18 37
18 55
19 51
19 45
20 64
20 66
20 35
20 5
20 71
20 73
20 42
20 13
20 46
20 48
20 49
20 18
20 52
20 50
20 28
20 30
20 63
21 1
21 35
21 36
21 70
21 72
21 42
21 79
21 49
21 82
21 21
21 26
21 29
22 19
22 53
22 47
23 2
23 35
23 36
23 5
23 71
23 41
23 43
23 12
23 45
23 46
23 77
23 82
23 52
23 85
23 86
23 61
24 34
24 76
24 47
24 18
24 51
24 84
25 14
26 24
26 18
26 67
26 63
27 32
27 67
27 68
27 42
27 79
27 48
27 19
27 36
27 26
27 47
27 62
27 31
28 66
28 3
28 36
28 7
28 72
28 75
28 77
28 34
28 18
28 21
29 2
29 63
29 30
29 23
30 0
30 67
30 70
30 63
31 10
31 75
31 82
31 13
31 62
32 1
32 71
32 69
32 7
32 40
32 75
32 49
32 20
32 25
32 26
32 60
33 0
33 34
33 4
33 69
33 72
33 41
33 13
33 14
33 40
33 82
33 21
33 87
33 26
34 35
34 73
34 13
34 81
34 82
34 20
34 86
34 57
34 59
34 60
34 31
35 64
35 1
35 2
35 66
35 45
35 81
35 86
35 24
35 26
35 59
35 30
36 65
36 2
36 35
36 68
36 5
36 72
36 23
36 79
36 82
36 51
36 87
36 57
37 4
37 69
37 38
37 12
37 61
37 80
37 21
37 86
37 56
37 57
37 29
37 53
38 64
38 34
38 87
38 68
38 9
38 74
38 23
38 12
38 45
38 44
38 48
38 56
38 51
38 52
38 54
38 41
38 24
38 58
38 47
39 32
39 1
39 83
39 33
39 51
39 7
39 76
39 74
39 71
39 44
39 45
39 81
39 50
39 19
39 20
39 70
39 29
40 51
40 66
40 38
40 7
40 75
40 13
40 45
40 17
40 83
40 2
40 59
40 62
40 81
41 34
41 3
41 40
41 74
41 76
41 77
41 82
41 56
41 57
41 61
41 31
42 0
42 51
42 66
42 36
42 69
42 39
42 8
42 12
42 82
42 14
42 48
42 49
42 18
42 19
42 53
42 86
42 59
42 60
42 61
43 83
43 44
43 38
44 34
44 67
44 4
44 7
44 43
44 81
44 18
44 84
44 54
44 29
45 0
45 35
45 83
45 3
45 37
45 39
45 64
45 9
45 10
45 12
45 45
45 76
45 18
45 19
45 58
45 59
45 69
45 63
46 3
46 5
46 39
46 72
46 12
46 76
46 13
46 45
46 48
46 18
46 35
46 73
46 26
46 58
47 8
47 43
47 46
47 48
47 82
47 19
47 86
47 26
48 35
48 67
48 36
48 5
48 71
48 8
48 42
48 13
48 78
48 79
48 50
48 19
49 0
49 37
49 7
49 8
49 55
49 12
49 78
49 72
49 85
49 87
49 24
49 58
50 0
50 68
50 66
50 4
50 69
50 12
50 13
50 78
50 52
50 46
50 55
50 25
50 29
51 65
51 67
51 69
51 9
51 77
51 46
51 79
51 48
51 50
51 30
51 37
52 2
52 68
52 5
52 70
52 39
52 9
52 76
52 34
52 63
52 38
52 37
53 32
53 66
53 35
53 68
53 77
53 18
53 19
53 86
53 55
53 63
54 81
54 10
54 20
55 32
55 66
55 70
55 40
55 9
55 74
55 45
55 20
55 54
55 25
55 26
55 60
55 42
55 62
56 0
56 74
56 53
56 70
57 34
57 67
57 36
57 72
57 14
57 50
57 35
57 20
57 85
57 87
57 26
57 59
58 1
58 66
58 36
58 6
58 7
58 74
58 77
58 46
58 51
58 23
58 26
58 60
58 63
59 65
59 36
59 8
59 74
59 45
59 14
59 80
59 82
59 51
59 20
59 55
59 57
59 27
59 62
60 51
60 35
60 69
60 74
60 78
60 47
60 81
60 19
60 84
60 53
60 25
60 26
60 28
60 63
61 0
61 1
61 2
61 36
61 69
61 51
61 71
61 64
61 9
61 42
61 12
61 45
61 46
61 72
61 19
61 55
61 74
61 63
62 32
62 35
62 37
62 39
62 44
62 43
62 12
62 3
62 21
62 26
62 62
63 32
63 65
63 34
63 71
63 10
63 79
63 82
63 19
63 85
63 27
63 30
64 23
65 33
65 70
65 43
65 12
65 14
65 49
65 82
65 46
65 87
65 56
65 29
65 63
66 0
66 66
66 4
66 5
66 40
66 9
66 75
66 56
66 20
66 73
66 24
66 36
66 58
66 62
67 2
67 68
67 70
67 7
67 8
67 45
67 77
67 14
67 79
67 49
67 19
67 72
67 30
68 48
68 43
68 31
69 48
69 19
69 78
70 1
70 2
70 35
70 68
70 37
70 38
70 65
70 72
70 44
70 7
70 12
70 79
70 87
71 0
71 1
71 82
71 72
71 9
71 42
71 75
71 45
71 46
71 50
71 83
71 78
71 24
71 57
71 58
71 28
71 85
71 63
72 1
72 34
72 4
72 70
72 40
72 12
72 83
72 87
72 57
73 64
73 33
73 35
73 69
73 7
73 42
73 39
73 46
73 82
73 86
73 31
74 0
74 37
74 71
74 8
74 42
74 43
74 76
74 78
74 79
74 20
74 57
74 25
74 74
75 32
75 1
75 66
75 68
75 46
75 12
75 77
75 14
75 48
75 78
75 36
75 59
75 61
76 65
76 68
76 72
76 77
76 14
76 45
76 18
76 51
76 46
76 26
76 61
77 1
77 5
77 74
77 11
77 44
77 13
77 78
77 51
77 21
77 63
78 0
78 67
78 69
78 7
78 10
78 13
78 52
78 53
78 86
78 61
78 62
78 37
79 64
79 65
79 4
79 0
79 7
79 87
79 44
79 46
79 81
79 83
79 23
79 56
79 39
79 61
80 2
80 68
81 0
81 68
81 49
81 81
81 39
81 40
81 10
81 7
81 46
81 79
81 17
81 50
81 51
81 87
81 69
81 31
82 60
83 64
83 3
83 38
83 71
83 41
83 74
83 75
83 82
83 85
83 62
84 33
84 66
84 4
84 42
84 75
84 14
84 56
85 1
85 82
85 70
85 65
85 7
85 9
85 74
85 39
85 77
85 79
85 18
85 19
85 24
85 57
85 61
85 30
86 65
86 35
86 7
86 12
86 13
86 45
86 26
86 59
86 62
86 31
87 0
87 45
87 36
87 5
87 70
87 77
87 79
87 18
87 21
87 54
87 63
