88
0 33
0 26
0 58
1 64
1 73
1 44
1 61
1 39
2 33
2 27
2 17
3 82
3 61
5 85
5 46
6 4
6 22
6 24
6 25
6 31
6 33
6 36
6 37
6 44
6 46
6 47
6 48
6 49
6 51
6 53
6 57
6 58
6 59
6 63
6 66
6 67
6 69
6 72
6 73
6 74
6 83
6 84
6 85
6 86
6 87
8 0
8 17
8 20
8 22
8 23
8 24
8 25
8 27
8 30
8 31
8 34
8 35
8 39
8 40
8 42
8 44
8 46
8 48
8 49
8 51
8 53
8 58
8 59
8 61
8 62
8 66
8 67
8 69
8 70
8 73
8 74
8 75
8 82
8 84
8 86
8 87
9 42
9 59
9 20
10 85
10 62
10 87
11 0
11 59
11 37
11 39
11 73
11 78
11 46
11 49
11 51
11 53
11 87
11 24
11 27
11 30
11 31
12 33
12 74
12 79
12 25
12 61
12 62
13 6
13 15
13 17
13 20
13 21
13 24
13 27
13 32
13 37
13 39
13 40
13 43
13 44
13 45
13 46
13 47
13 48
13 49
13 51
13 52
13 58
13 62
13 64
13 66
13 67
13 73
13 74
13 75
13 83
13 84
13 87
16 72
16 74
16 20
16 25
16 26
16 62
17 0
17 15
17 20
17 21
17 22
17 24
17 27
17 31
17 33
17 39
17 40
17 42
17 43
17 46
17 47
17 53
17 59
17 61
17 67
17 69
17 73
17 74
17 84
20 0
21 0
21 34
21 36
23 0
23 6
23 22
23 24
23 27
23 30
23 34
23 36
23 37
23 42
23 44
23 45
23 51
23 59
23 62
23 63
23 64
23 66
23 75
23 78
23 84
23 86
23 87
28 4
28 17
28 20
28 22
28 23
28 24
28 25
28 27
28 30
28 31
28 33
28 34
28 35
28 36
28 37
28 39
28 44
28 46
28 47
28 49
28 58
28 59
28 61
28 62
28 66
28 69
28 70
28 72
28 73
28 74
28 75
28 84
30 33
30 59
30 36
30 49
30 40
30 73
30 17
30 84
30 57
30 58
30 27
30 20
30 63
31 32
31 69
31 40
31 63
31 42
31 44
31 61
31 16
31 49
31 82
31 20
31 21
31 73
31 24
31 58
31 27
31 53
31 31
32 66
32 37
32 39
32 74
32 46
32 15
32 17
32 22
32 24
32 25
32 49
32 47
32 58
32 62
32 63
33 0
33 32
33 66
33 75
33 85
33 49
33 40
33 42
33 62
33 47
33 87
33 17
33 20
33 53
33 22
33 23
33 84
33 58
33 61
33 30
33 63
34 17
34 34
34 20
34 53
34 63
35 48
35 17
36 73
37 33
37 67
37 4
37 39
37 72
37 74
37 75
37 22
37 87
37 23
38 16
38 17
38 22
38 23
38 25
38 27
38 28
38 34
38 37
38 39
38 48
38 49
38 52
38 53
38 59
38 61
38 63
38 64
38 67
38 69
38 73
38 74
38 84
38 85
39 33
39 34
39 36
39 37
39 39
39 72
39 42
39 75
39 66
39 47
39 17
39 51
39 20
39 53
39 22
39 85
39 49
39 27
39 58
39 30
39 69
40 0
40 59
40 36
40 69
40 39
40 40
40 42
40 75
40 44
40 46
40 49
40 67
40 20
40 85
40 54
40 23
40 25
40 74
40 27
40 61
40 62
41 0
41 34
41 39
41 40
41 74
41 75
41 66
41 46
41 15
41 84
41 85
41 22
41 24
41 59
41 30
41 31
42 0
42 6
42 17
42 20
42 21
42 23
42 24
42 25
42 27
42 33
42 34
42 36
42 37
42 39
42 40
42 45
42 46
42 49
42 51
42 52
42 53
42 57
42 58
42 61
42 62
42 64
42 66
42 69
42 72
42 74
42 75
42 82
42 84
42 85
43 6
43 16
43 21
43 26
43 27
43 28
43 30
43 37
43 40
43 42
43 45
43 49
43 52
43 59
43 62
43 67
43 70
43 73
43 74
43 75
43 78
43 79
43 82
43 85
43 87
44 4
44 6
44 21
44 22
44 24
44 25
44 27
44 30
44 32
44 33
44 39
44 40
44 42
44 43
44 45
44 46
44 47
44 48
44 49
44 52
44 57
44 58
44 59
44 62
44 63
44 67
44 69
44 70
44 72
44 75
44 82
44 84
44 85
44 87
45 0
45 17
45 20
45 21
45 25
45 26
45 27
45 30
45 32
45 33
45 34
45 36
45 37
45 40
45 42
45 44
45 45
45 46
45 48
45 51
45 52
45 53
45 58
45 59
45 62
45 66
45 67
45 69
45 70
45 72
45 73
45 74
45 75
45 78
45 84
45 85
46 64
46 0
46 66
46 67
46 39
46 75
46 78
46 15
46 43
46 46
46 23
46 25
46 47
46 62
47 85
49 32
49 33
49 70
49 6
49 72
49 73
49 43
49 17
49 57
49 22
49 40
49 24
49 25
49 61
52 0
52 15
52 17
52 20
52 21
52 22
52 24
52 25
52 26
52 28
52 31
52 34
52 36
52 37
52 40
52 46
52 49
52 59
52 61
52 63
52 66
52 67
52 69
52 85
52 86
54 64
54 33
54 3
54 36
54 6
54 40
54 57
54 75
54 82
54 51
54 20
54 53
54 23
54 24
54 25
54 27
54 30
55 66
55 67
55 37
55 72
55 73
55 43
55 44
55 46
55 51
55 21
55 22
55 85
55 24
55 58
55 59
55 61
55 62
55 69
56 0
56 66
56 4
56 37
56 6
56 73
56 78
56 46
56 15
56 17
56 52
56 62
56 85
56 24
56 28
56 61
56 30
56 31
57 4
57 17
57 20
57 24
57 25
57 27
57 30
57 32
57 33
57 37
57 40
57 42
57 47
57 49
57 57
57 58
57 59
57 62
57 63
57 66
57 67
57 69
57 70
57 74
57 75
57 84
57 85
57 87
60 3
60 6
60 9
60 15
60 17
60 21
60 22
60 24
60 25
60 26
60 28
60 33
60 36
60 40
60 42
60 44
60 46
60 47
60 48
60 49
60 51
60 52
60 53
60 63
60 64
60 66
60 67
60 69
60 72
60 73
60 74
60 84
60 85
60 87
65 0
65 6
65 17
65 22
65 25
65 30
65 36
65 37
65 39
65 40
65 42
65 46
65 49
65 53
65 61
65 66
65 67
65 69
65 73
65 75
65 82
65 84
70 32
70 37
70 40
70 74
70 45
70 47
70 48
70 21
70 22
70 87
70 25
70 58
70 62
70 31
71 15
71 16
71 20
71 22
71 23
71 24
71 25
71 27
71 30
71 33
71 37
71 39
71 47
71 51
71 53
71 58
71 61
71 62
71 63
71 66
71 67
71 84
76 42
77 66
77 59
77 37
77 73
77 74
77 75
77 20
77 85
77 87
77 25
77 27
77 21
77 61
77 53
78 0
78 34
78 3
78 69
78 70
78 72
78 63
78 42
78 66
78 61
78 84
78 21
78 57
78 27
78 53
78 31
79 0
79 32
79 34
79 59
79 49
79 40
79 42
79 17
79 67
79 20
79 53
79 87
79 57
79 58
79 27
79 30
79 63
80 0
80 84
80 34
80 37
80 70
80 49
80 42
80 44
80 17
80 20
80 53
80 22
80 85
80 25
80 86
80 69
80 52
81 24
81 49
81 75
81 85
81 46
82 24
82 42
82 58
82 31
83 0
83 32
83 40
83 42
83 20
83 22
83 25
83 63
83 62
83 31
86 0
86 3
86 17
86 20
86 22
86 24
86 25
86 26
86 27
86 28
86 30
86 33
86 36
86 37
86 39
86 40
86 42
86 44
86 47
86 49
86 52
86 53
86 62
86 63
86 67
86 69
86 73
86 74
86 75
86 84
86 85
86 87
87 66
87 69
87 6
87 72
87 63
87 74
87 17
87 85
87 40
87 58
87 59
87 61
87 62
87 37
