88
0 0
0 1
0 5
0 6
0 7
0 9
0 10
0 13
0 27
0 29
0 31
0 32
0 33
0 34
0 36
0 43
0 49
0 51
0 59
0 62
0 63
0 66
0 67
0 76
1 1
1 2
1 8
1 10
1 12
1 17
1 18
1 21
1 26
1 27
1 30
1 33
1 34
1 35
1 46
1 48
1 49
1 51
1 62
1 65
1 66
1 76
1 83
3 6
3 8
3 10
3 16
3 18
3 26
3 27
3 30
3 31
3 33
3 35
3 36
3 40
3 42
3 43
3 49
3 51
3 54
3 55
3 58
3 63
3 66
3 82
3 83
3 86
4 12
4 55
5 32
5 2
5 43
5 82
5 59
5 62
6 32
6 1
6 34
6 67
6 54
6 35
6 10
6 12
6 48
6 59
6 83
6 86
6 27
6 31
7 0
7 1
7 6
7 7
7 8
7 10
7 11
7 12
7 17
7 18
7 27
7 29
7 30
7 32
7 34
7 35
7 40
7 42
7 45
7 48
7 51
7 62
7 66
7 74
7 75
7 76
7 79
7 82
9 1
9 2
9 7
9 8
9 10
9 12
9 13
9 17
9 27
9 28
9 29
9 30
9 31
9 34
9 35
9 43
9 46
9 48
9 49
9 51
9 55
9 59
9 63
9 66
9 67
9 75
9 76
9 79
9 82
9 86
14 0
14 1
14 2
14 6
14 7
14 13
14 16
14 17
14 28
14 32
14 33
14 34
14 36
14 40
14 45
14 46
14 49
14 51
14 55
14 62
14 63
14 65
14 67
14 74
14 76
14 82
14 83
15 63
16 32
16 66
16 67
16 38
16 8
16 42
16 75
16 76
16 82
16 20
16 21
16 10
16 31
20 9
20 10
20 76
20 48
20 17
20 51
20 54
20 74
20 30
21 33
21 2
21 36
21 6
21 74
21 11
21 76
21 79
21 48
21 49
21 82
21 51
21 62
21 55
21 26
21 27
21 30
21 63
23 1
23 2
23 6
23 7
23 8
23 30
23 31
23 32
23 33
23 34
23 38
23 43
23 45
23 48
23 54
23 55
23 58
23 62
23 63
23 66
23 67
23 75
23 76
23 86
25 0
25 67
25 42
25 16
25 49
25 86
26 0
26 32
26 66
26 35
26 6
26 8
26 67
26 48
26 82
26 51
26 21
26 86
26 55
26 26
26 27
26 30
26 63
28 0
28 2
28 6
28 8
28 9
28 12
28 13
28 16
28 21
28 27
28 28
28 30
28 31
28 32
28 33
28 38
28 45
28 46
28 51
28 55
28 62
28 63
28 65
28 67
28 76
28 86
29 2
29 6
29 7
29 8
29 9
29 10
29 18
29 26
29 27
29 29
29 30
29 31
29 32
29 35
29 40
29 42
29 43
29 46
29 48
29 49
29 51
29 55
29 58
29 63
29 67
29 74
29 76
29 79
29 82
32 1
32 2
32 6
32 7
32 8
32 9
32 11
32 13
32 17
32 30
32 31
32 33
32 34
32 35
32 42
32 43
32 46
32 48
32 51
32 54
32 67
32 74
32 76
32 79
34 0
34 1
34 5
34 6
34 9
34 10
34 13
34 17
34 21
34 27
34 30
34 31
34 33
34 35
34 36
34 43
34 45
34 46
34 48
34 49
34 51
34 55
34 58
34 59
34 62
34 66
34 67
34 74
34 75
34 79
35 0
35 1
35 2
35 7
35 8
35 9
35 10
35 11
35 12
35 16
35 28
35 30
35 33
35 34
35 45
35 47
35 49
35 59
35 63
35 67
35 75
35 76
35 83
38 1
38 5
38 6
38 9
38 11
38 13
38 29
38 31
38 32
38 35
38 36
38 42
38 45
38 48
38 55
38 59
38 63
38 66
38 67
38 75
38 82
38 83
38 86
39 0
39 1
39 2
39 5
39 6
39 7
39 8
39 10
39 11
39 12
39 26
39 30
39 31
39 34
39 35
39 38
39 42
39 48
39 51
39 55
39 58
39 59
39 62
39 74
39 75
39 82
41 0
41 1
41 35
41 7
41 10
41 11
41 79
41 55
41 31
43 0
43 1
43 2
43 9
43 18
43 27
43 29
43 30
43 31
43 33
43 34
43 35
43 40
43 42
43 46
43 47
43 49
43 65
43 66
43 67
43 75
43 76
43 86
44 0
44 1
44 5
44 8
44 9
44 10
44 13
44 16
44 17
44 20
44 33
44 34
44 35
44 38
44 43
44 47
44 48
44 49
44 51
44 59
44 62
44 63
44 66
44 67
44 76
44 82
44 83
44 86
45 0
45 1
45 2
45 6
45 8
45 10
45 12
45 18
45 27
45 31
45 32
45 33
45 40
45 43
45 46
45 47
45 48
45 51
45 55
45 62
45 63
45 65
45 74
45 79
45 82
45 86
47 0
47 1
47 2
47 7
47 12
47 16
47 18
47 27
47 31
47 33
47 34
47 40
47 43
47 46
47 48
47 49
47 55
47 62
47 66
47 67
47 75
47 76
47 82
47 86
50 0
50 66
50 35
50 5
50 75
50 45
50 79
50 48
50 49
50 82
50 51
50 54
50 27
50 31
52 31
54 0
54 54
54 8
54 47
54 48
54 49
54 83
54 86
54 28
54 63
55 0
55 33
55 63
55 38
55 7
58 33
58 2
58 35
58 45
58 34
58 79
58 48
58 49
58 27
59 6
59 8
59 9
59 10
59 11
59 21
59 27
59 29
59 31
59 32
59 33
59 34
59 35
59 38
59 43
59 55
59 59
59 62
59 63
59 66
59 67
59 74
59 76
59 86
61 34
61 43
61 42
61 75
61 45
61 16
61 49
61 82
61 55
61 27
61 30
65 2
65 6
65 7
65 8
65 9
65 10
65 26
65 27
65 29
65 30
65 31
65 32
65 33
65 34
65 35
65 42
65 43
65 47
65 48
65 49
65 51
65 54
65 55
65 65
65 66
65 67
65 73
65 75
65 76
65 82
66 1
66 2
66 7
66 8
66 10
66 11
66 12
66 18
66 21
66 27
66 28
66 30
66 32
66 34
66 35
66 43
66 49
66 59
66 62
66 66
66 74
66 75
66 76
68 2
68 5
68 6
68 7
68 8
68 9
68 10
68 11
68 13
68 17
68 29
68 30
68 31
68 36
68 38
68 48
68 49
68 51
68 55
68 59
68 62
68 66
68 74
68 76
70 13
71 18
71 6
72 0
72 32
72 2
72 75
72 63
72 10
72 43
72 76
72 66
72 79
72 16
72 17
72 51
72 73
72 27
72 42
72 62
72 31
73 0
73 33
73 34
73 7
73 9
73 74
73 11
73 82
73 47
73 49
73 18
73 51
73 62
73 55
73 30
73 63
74 0
74 1
74 2
74 7
74 8
74 10
74 12
74 13
74 21
74 27
74 28
74 31
74 33
74 34
74 36
74 40
74 42
74 45
74 48
74 59
74 67
74 74
74 76
74 82
76 0
76 1
76 2
76 6
76 7
76 18
76 26
76 28
76 33
76 42
76 43
76 45
76 47
76 48
76 54
76 58
76 62
76 63
76 65
76 67
76 73
76 74
76 76
76 86
77 47
78 0
78 8
78 74
78 43
78 59
79 1
79 6
79 7
79 12
79 13
79 17
79 21
79 29
79 30
79 31
79 33
79 36
79 38
79 42
79 43
79 45
79 48
79 55
79 58
79 62
79 63
79 67
79 75
79 79
79 82
79 86
83 33
83 2
83 67
83 82
83 8
83 10
83 43
83 66
83 46
83 17
83 75
83 51
83 62
83 55
83 29
83 30
83 63
84 82
84 63
84 5
84 6
84 7
85 33
85 35
85 6
85 10
85 55
85 27
85 29
86 0
86 1
86 6
86 7
86 8
86 13
86 17
86 26
86 29
86 31
86 34
86 35
86 36
86 42
86 43
86 54
86 55
86 58
86 62
86 65
86 66
86 67
86 73
86 79
86 82
