88
0 0
0 33
0 67
0 3
0 5
0 60
0 43
0 76
0 77
0 47
0 16
0 81
0 19
0 20
0 53
0 52
0 28
0 37
0 31
1 33
1 67
1 4
1 9
1 55
1 20
1 41
1 23
1 24
1 26
1 60
2 0
2 1
2 3
2 6
2 11
2 12
2 13
2 16
2 19
2 36
2 40
2 41
2 43
2 44
2 45
2 63
2 71
2 75
2 77
2 82
2 84
2 87
3 1
3 67
3 4
3 73
3 42
3 14
3 47
3 16
3 17
3 50
3 19
3 87
3 25
3 63
3 74
3 30
3 31
5 64
5 32
5 67
5 5
5 6
5 63
5 10
5 11
5 12
5 50
5 38
5 62
5 37
6 35
6 67
6 54
6 38
6 40
6 41
6 14
6 16
6 17
6 3
6 86
6 55
6 26
7 0
7 32
7 4
7 5
7 6
7 33
7 73
7 43
7 77
7 80
7 56
7 52
7 86
7 87
7 24
7 36
7 26
7 62
7 81
8 66
8 4
8 69
8 71
8 73
8 74
8 75
8 78
8 7
8 57
8 26
8 31
9 64
9 33
9 35
9 5
9 38
9 65
9 9
9 43
9 77
9 80
9 19
9 20
9 41
9 22
9 23
9 24
9 25
9 28
9 61
10 2
10 67
10 36
10 7
10 10
10 71
10 66
10 19
10 24
10 60
10 74
11 1
11 2
11 67
11 33
11 73
11 13
11 14
11 45
11 81
11 41
11 57
11 26
11 47
13 34
13 7
13 8
13 41
13 10
13 43
13 76
13 44
13 17
13 20
13 23
13 74
13 62
14 33
14 67
14 38
14 7
14 8
14 9
14 71
14 76
14 20
14 23
14 52
14 30
14 31
15 0
15 2
15 4
15 6
15 9
15 11
15 16
15 17
15 31
15 36
15 42
15 43
15 44
15 52
15 64
15 65
15 69
15 73
15 79
15 81
15 83
15 87
16 0
16 33
16 34
16 4
16 5
16 65
16 8
16 42
16 66
16 77
16 16
16 17
16 50
16 82
16 21
16 87
16 60
16 30
16 63
17 33
17 3
17 36
17 37
17 6
17 65
17 43
17 14
17 16
17 50
17 67
17 62
17 87
17 24
17 26
17 75
17 28
17 30
18 83
18 81
18 71
18 72
18 11
18 44
18 78
18 17
18 19
18 20
18 22
20 0
20 1
20 3
20 6
20 8
20 10
20 12
20 13
20 14
20 17
20 31
20 35
20 36
20 42
20 44
20 45
20 50
20 52
20 61
20 62
20 64
20 67
20 72
20 74
20 77
21 0
21 4
21 5
21 6
21 16
21 19
21 20
21 22
21 30
21 31
21 38
21 52
21 60
21 62
21 63
21 64
21 65
21 67
21 72
21 74
21 83
21 87
24 64
24 2
24 67
24 6
24 7
24 9
24 42
24 76
24 77
24 78
24 79
24 81
24 19
24 84
24 23
24 24
24 57
24 26
24 31
25 1
25 5
25 38
25 40
25 13
25 14
25 79
25 81
25 19
25 26
25 61
25 30
26 2
26 3
26 7
26 9
26 10
26 11
26 19
26 20
26 21
26 23
26 26
26 31
26 33
26 35
26 36
26 38
26 41
26 54
26 67
26 74
26 80
26 84
28 65
28 3
28 5
28 7
28 9
28 77
28 79
28 69
28 62
28 23
28 30
28 37
30 5
30 41
30 74
30 13
30 81
30 83
30 84
30 62
30 86
30 9
30 60
30 30
31 34
31 4
31 9
31 42
31 23
31 73
31 87
31 24
31 36
31 61
31 63
32 1
32 2
32 4
32 72
32 41
32 10
32 82
32 19
32 20
32 22
32 36
32 26
32 52
33 0
33 33
33 2
33 3
33 69
33 64
33 41
33 42
33 76
33 77
33 14
33 81
33 67
33 78
33 23
33 24
33 63
36 32
36 33
36 37
36 6
36 7
36 72
36 47
36 80
36 17
36 19
36 53
36 54
36 62
37 40
37 9
37 2
37 3
43 5
43 73
43 11
43 50
43 81
43 82
43 86
43 87
43 55
43 26
43 63
43 31
47 67
47 4
47 6
47 40
47 73
47 10
47 19
47 52
47 21
47 86
47 60
51 1
51 3
51 4
51 5
51 7
51 11
51 13
51 14
51 16
51 19
51 21
51 26
51 28
51 30
51 38
51 44
51 50
51 54
51 61
51 66
51 67
51 69
51 71
51 77
51 78
51 81
51 82
51 83
52 32
52 67
52 5
52 7
52 73
52 43
52 19
52 84
52 56
52 26
52 63
52 60
52 37
57 64
57 65
57 35
57 41
57 74
57 55
57 78
57 19
57 21
57 23
57 57
57 62
60 0
60 2
60 4
60 5
60 8
60 10
60 13
60 14
60 17
60 22
60 26
60 28
60 30
60 38
60 52
60 57
60 60
60 63
60 67
60 69
60 78
60 79
60 84
61 0
61 6
61 9
61 74
61 75
61 14
61 47
61 16
61 10
61 52
61 73
61 42
61 62
62 0
62 65
62 34
62 4
62 74
62 84
62 7
62 40
62 57
62 43
62 14
62 79
62 16
62 20
62 21
62 23
62 36
62 26
62 52
62 53
62 31
63 34
63 35
63 36
63 5
63 6
63 41
63 10
63 61
63 14
63 60
63 17
63 19
63 20
63 22
63 24
63 25
63 38
63 28
63 42
63 30
64 1
64 2
64 3
64 7
64 8
64 10
64 14
64 17
64 24
64 26
64 30
64 43
64 47
64 52
64 64
64 65
64 66
64 67
64 75
64 76
64 78
64 80
65 32
65 43
65 4
65 37
65 38
65 7
65 41
65 42
65 11
65 12
65 13
65 79
65 80
65 82
65 67
65 52
65 54
65 87
65 56
65 25
65 30
66 65
66 34
66 67
66 37
66 38
66 7
66 9
66 10
66 75
66 13
66 77
66 47
66 19
66 20
66 21
66 55
66 25
66 26
66 60
66 30
66 31
67 36
67 6
67 14
67 17
67 52
67 24
70 2
70 66
70 42
70 45
70 77
70 14
70 13
70 16
70 78
70 28
70 30
70 31
72 64
72 2
72 4
72 37
72 40
72 10
72 14
72 79
72 81
72 83
72 26
72 28
72 30
73 0
73 64
73 34
73 43
73 69
73 74
73 75
73 79
73 16
73 10
73 54
73 42
74 64
74 2
74 3
74 69
74 38
74 7
74 8
74 41
74 42
74 81
74 34
74 77
74 47
74 17
74 19
74 84
74 55
74 24
74 60
74 74
74 63
75 4
75 6
75 7
75 8
75 9
75 10
75 14
75 16
75 20
75 23
75 28
75 30
75 33
75 36
75 37
75 38
75 40
75 41
75 47
75 52
75 62
75 63
75 64
75 69
75 73
75 74
75 82
77 0
77 32
77 7
77 80
77 41
77 77
77 16
77 40
77 19
77 86
77 23
77 61
77 62
78 0
78 5
78 8
78 10
78 14
78 16
78 19
78 21
78 23
78 26
78 28
78 32
78 33
78 36
78 37
78 38
78 53
78 60
78 63
78 73
78 82
78 84
78 87
79 3
79 4
79 7
79 8
79 10
79 11
79 25
79 26
79 28
79 32
79 33
79 37
79 43
79 44
79 45
79 62
79 63
79 66
79 67
79 71
79 73
79 74
79 77
79 81
79 84
84 64
84 1
84 2
84 3
84 77
84 33
84 7
84 8
84 41
84 12
84 13
84 63
84 45
84 17
84 20
84 22
84 24
84 52
84 54
84 72
84 37
85 4
85 38
85 8
85 73
85 10
85 16
85 52
86 2
86 43
86 66
86 37
86 7
86 41
86 10
86 11
86 12
86 13
86 16
86 81
86 75
86 67
86 21
86 23
86 24
86 55
86 61
86 31
87 33
87 66
87 36
87 37
87 70
87 9
87 10
87 87
87 13
87 16
87 20
87 73
87 23
87 26
87 30
87 69
