88
0 64
0 32
0 59
0 5
0 70
0 74
0 43
0 14
0 80
0 85
0 24
0 25
0 27
0 37
1 37
1 42
1 44
1 24
1 28
1 30
2 64
2 35
2 4
2 9
2 77
2 81
2 59
2 25
2 27
2 60
2 29
2 30
2 36
3 51
3 21
3 14
4 35
4 37
4 6
4 8
4 41
4 42
4 87
4 14
4 47
4 17
4 18
4 83
4 74
4 21
4 40
4 72
4 27
4 29
4 30
4 31
5 72
5 24
5 54
6 36
6 6
6 72
6 74
6 84
6 54
6 56
6 58
6 61
7 64
7 3
7 70
7 55
8 4
8 5
8 9
8 10
8 20
8 21
8 24
8 27
8 30
8 43
8 44
8 46
8 47
8 50
8 51
8 52
8 54
8 60
8 71
8 76
8 77
8 79
8 85
8 86
9 34
9 40
9 78
9 47
9 17
9 18
9 85
9 29
10 32
10 36
10 69
10 71
10 9
10 10
10 13
10 14
10 79
10 20
10 46
10 25
10 61
11 8
11 9
11 34
12 87
13 2
13 36
13 39
13 71
13 50
13 54
13 60
14 34
14 36
14 37
14 38
14 8
14 14
14 83
14 20
14 85
14 23
14 52
14 53
14 30
14 31
16 2
16 6
16 19
16 24
16 27
16 31
16 32
16 35
16 36
16 42
16 47
16 49
16 52
16 53
16 56
16 58
16 64
16 69
16 71
16 72
16 77
16 81
16 84
16 87
17 79
18 8
18 80
18 60
18 85
19 0
19 6
19 13
19 14
19 19
19 28
19 30
19 33
19 38
19 41
19 44
19 48
19 54
19 57
19 58
19 60
19 65
19 66
19 69
19 70
19 77
19 81
19 86
19 87
20 48
20 75
20 79
20 80
20 81
20 50
20 83
20 52
20 23
20 55
20 61
20 30
21 33
21 2
21 10
21 78
21 27
21 31
22 14
22 38
22 47
23 40
23 34
23 50
24 2
24 9
24 10
24 13
24 26
24 27
24 28
24 31
24 35
24 38
24 40
24 43
24 44
24 56
24 59
24 61
24 64
24 65
24 75
24 79
24 84
24 86
24 87
26 64
26 32
26 6
26 33
26 14
26 47
26 83
27 72
27 44
27 82
27 21
27 23
27 57
28 80
28 71
29 75
30 65
30 69
30 70
30 33
30 60
30 13
30 79
30 83
30 52
30 53
30 22
30 6
30 27
30 28
31 2
31 34
31 48
31 81
31 83
31 85
31 87
31 59
31 30
32 33
32 37
32 54
32 76
32 86
32 27
33 27
33 28
34 43
34 37
34 81
34 71
34 72
34 10
34 11
34 12
34 47
34 49
34 52
34 54
34 55
34 24
34 87
34 86
34 42
34 30
35 20
35 78
35 38
36 1
36 5
36 8
36 10
36 13
36 21
36 23
36 28
36 36
36 37
36 38
36 42
36 43
36 47
36 52
36 56
36 57
36 58
36 64
36 65
36 76
36 78
36 81
36 85
37 32
37 79
37 78
37 47
38 80
38 68
38 37
38 49
38 72
38 71
38 61
38 48
38 17
38 50
38 19
38 22
38 87
38 24
38 26
38 79
38 58
38 31
39 2
39 9
39 13
39 20
39 27
39 28
39 31
39 32
39 34
39 37
39 38
39 40
39 43
39 49
39 57
39 64
39 71
39 72
39 76
39 80
39 81
39 87
40 38
40 47
40 17
40 85
40 56
40 24
40 57
41 75
41 43
41 86
41 57
41 58
41 27
41 60
42 2
42 5
42 8
42 14
42 19
42 23
42 25
42 27
42 31
42 32
42 34
42 35
42 38
42 40
42 42
42 43
42 48
42 49
42 58
42 60
42 61
42 74
42 78
42 80
42 85
43 71
43 41
43 42
43 43
43 60
43 50
43 83
43 84
43 53
43 87
43 58
43 59
43 28
44 64
44 71
44 8
44 77
44 72
44 85
44 54
44 58
44 60
46 64
46 51
46 83
46 35
46 37
46 39
46 8
46 73
46 43
46 77
46 48
46 81
46 19
46 21
46 71
46 60
46 29
47 32
47 69
47 71
47 8
47 76
47 74
47 43
47 44
47 14
47 72
47 52
47 21
47 86
47 55
47 46
47 58
47 60
48 72
48 44
48 36
48 5
48 78
50 58
50 2
50 50
50 69
51 8
51 19
51 50
51 3
52 32
52 33
52 2
52 5
52 81
52 65
52 41
52 71
52 78
52 14
52 48
52 17
52 52
52 46
52 86
52 55
52 59
52 28
52 85
53 42
53 31
53 47
54 32
54 36
54 54
54 70
54 8
54 76
54 46
54 81
54 22
54 28
55 5
55 10
55 13
55 14
55 17
55 30
55 31
55 32
55 42
55 52
55 54
55 59
55 64
55 68
55 71
55 74
55 75
55 77
55 78
55 79
55 81
55 86
56 2
56 71
56 72
56 9
56 23
56 76
56 14
56 17
56 20
56 54
56 87
56 29
57 0
57 19
57 78
58 33
58 22
58 6
58 42
58 77
58 78
58 48
58 18
58 21
58 86
58 87
58 59
59 64
59 32
59 35
59 7
59 43
59 13
59 48
59 22
59 56
59 30
59 63
60 3
60 4
60 6
60 22
60 24
60 27
60 28
60 31
60 33
60 37
60 39
60 40
60 47
60 48
60 50
60 52
60 54
60 59
60 61
60 64
60 71
60 73
60 86
61 36
61 42
61 79
61 17
61 84
61 22
62 42
62 75
62 46
62 20
62 24
62 52
62 27
63 13
63 14
63 20
63 22
63 27
63 29
63 37
63 38
63 39
63 42
63 43
63 46
63 50
63 54
63 56
63 58
63 61
63 69
63 70
63 77
63 83
63 86
64 32
64 64
64 37
64 38
64 8
64 60
64 42
64 70
64 77
64 81
64 50
64 74
64 85
64 56
64 25
64 58
64 59
64 28
64 61
64 31
65 5
65 77
66 31
66 9
66 79
66 73
66 71
67 64
67 31
68 35
68 8
68 9
68 42
68 43
68 13
68 77
68 47
68 80
68 81
68 83
68 74
68 78
68 54
68 87
68 56
68 57
68 58
68 79
68 29
68 30
69 32
69 36
69 14
69 86
69 4
69 30
70 33
70 55
70 52
70 22
70 71
71 13
71 78
71 50
71 85
71 55
71 61
72 50
72 46
72 22
73 37
73 42
73 44
73 46
73 48
73 51
73 60
73 61
74 60
74 43
74 76
74 77
74 46
74 57
74 28
75 38
75 81
75 48
75 17
75 20
75 56
75 31
76 32
76 4
76 41
76 80
76 56
76 57
76 58
77 32
77 33
77 34
77 3
77 69
77 38
77 40
77 9
77 43
77 76
77 13
77 78
77 77
77 48
77 52
77 53
77 55
77 79
77 62
77 63
78 10
78 14
78 22
78 28
78 30
78 31
78 35
78 38
78 41
78 44
78 46
78 48
78 52
78 53
78 54
78 64
78 72
78 75
78 77
78 80
78 83
78 84
78 85
78 86
79 32
79 38
80 36
80 37
80 14
80 51
80 84
80 86
80 87
80 57
80 27
81 56
81 47
81 39
82 8
82 72
82 56
82 79
83 8
83 9
83 10
83 20
83 23
83 28
83 31
83 36
83 38
83 44
83 46
83 48
83 51
83 56
83 58
83 68
83 70
83 72
83 73
83 76
83 79
83 80
83 84
83 87
84 33
84 34
84 78
84 6
85 8
85 9
85 11
85 16
85 17
85 19
85 20
85 28
85 30
85 31
85 34
85 40
85 43
85 48
85 50
85 54
85 58
85 64
85 66
85 73
85 75
85 78
86 64
86 36
86 9
86 74
86 19
86 53
86 86
86 60
87 1
87 9
87 13
87 20
87 21
87 25
87 28
87 29
87 31
87 36
87 39
87 40
87 43
87 50
87 52
87 53
87 54
87 57
87 58
87 62
87 73
87 75
87 78
87 80
87 81
