88
0 84
0 65
0 75
0 70
0 39
0 9
0 43
0 77
0 73
0 56
0 50
0 52
0 57
0 54
0 41
0 23
0 25
0 71
0 59
0 60
1 3
1 70
1 72
1 9
1 74
1 43
1 45
1 78
1 79
1 20
1 57
1 73
1 41
1 56
1 52
1 87
1 62
1 31
2 3
2 5
2 9
2 25
2 39
2 40
2 41
2 45
2 50
2 51
2 52
2 56
2 60
2 61
2 64
2 65
2 67
2 68
2 71
2 73
2 78
2 87
4 64
4 33
4 66
4 3
4 5
4 70
4 72
4 9
4 43
4 77
4 78
4 79
4 81
4 75
4 51
4 57
4 58
4 59
4 60
4 62
4 69
5 39
6 3
6 19
6 20
6 24
6 25
6 31
6 32
6 40
6 45
6 50
6 51
6 56
6 57
6 61
6 62
6 64
6 65
6 66
6 70
6 78
6 81
6 83
6 86
7 64
7 51
7 50
7 43
7 27
8 3
8 5
8 9
8 19
8 23
8 25
8 31
8 39
8 43
8 51
8 56
8 58
8 59
8 62
8 65
8 66
8 68
8 72
8 75
8 77
8 79
8 83
8 86
8 87
9 41
9 43
9 60
10 3
10 19
10 20
10 25
10 27
10 31
10 37
10 41
10 43
10 45
10 50
10 51
10 52
10 57
10 59
10 64
10 66
10 73
10 74
10 77
10 78
10 79
10 80
10 81
10 87
11 1
11 5
11 9
11 19
11 20
11 24
11 27
11 37
11 43
11 45
11 50
11 57
11 58
11 59
11 60
11 61
11 64
11 65
11 66
11 70
11 73
11 74
11 75
11 78
11 79
11 86
12 64
12 66
12 3
12 5
12 71
12 72
12 43
12 77
12 79
12 80
12 59
12 50
12 51
12 20
12 56
12 57
12 27
12 60
12 63
13 65
13 59
13 39
13 81
13 87
13 27
14 68
14 5
14 71
14 9
14 74
14 81
14 19
14 59
14 60
14 61
14 63
15 65
15 37
15 41
15 74
15 75
15 83
15 27
16 1
16 67
16 68
16 5
16 51
16 39
16 40
16 41
16 81
16 63
16 79
16 72
16 19
16 54
16 56
16 25
16 27
16 65
16 31
17 64
17 65
17 3
17 25
20 66
20 67
20 73
20 74
20 43
20 80
20 19
20 59
20 60
21 56
21 27
21 75
21 54
21 31
22 19
22 39
22 71
23 64
23 9
23 75
23 78
23 81
23 50
23 19
23 52
23 41
25 74
25 59
25 31
26 64
26 40
26 43
26 77
26 19
26 20
27 32
29 64
29 1
29 32
29 81
29 86
29 25
29 59
30 64
30 75
30 82
30 5
30 81
30 71
30 40
30 74
30 43
30 45
30 79
30 72
30 50
30 19
30 86
30 56
30 59
30 60
30 61
30 31
31 19
31 9
31 43
31 78
31 83
31 20
31 87
31 57
31 61
32 24
32 56
32 50
32 57
33 3
33 19
33 20
33 27
33 37
33 45
33 54
33 59
33 60
33 62
33 64
33 66
33 67
33 71
33 72
33 73
33 75
33 77
33 81
33 82
33 84
33 86
34 72
34 19
34 60
34 71
35 9
35 19
35 27
35 31
35 40
35 45
35 50
35 51
35 54
35 59
35 60
35 61
35 65
35 67
35 70
35 71
35 72
35 73
35 74
35 77
35 78
35 86
35 87
36 64
36 1
36 66
36 59
36 65
36 39
36 40
36 41
36 74
36 67
36 77
36 78
36 50
36 51
36 20
36 73
36 83
36 27
36 31
37 67
37 3
37 68
37 5
37 71
37 19
38 75
38 50
38 51
38 52
38 54
38 56
38 61
40 64
40 67
40 3
40 68
40 39
40 73
40 75
40 45
40 78
40 80
40 50
40 19
40 86
40 83
40 59
40 60
40 61
40 31
41 1
41 70
41 9
41 43
41 81
41 82
41 19
41 57
41 59
42 64
42 66
42 59
42 78
42 50
42 86
42 27
43 43
43 84
43 77
44 1
44 3
44 5
44 20
44 27
44 32
44 39
44 41
44 43
44 45
44 51
44 56
44 60
44 61
44 62
44 65
44 67
44 75
44 77
44 78
44 81
44 84
45 3
45 9
45 19
45 39
45 40
45 41
45 43
45 49
45 50
45 51
45 52
45 54
45 56
45 57
45 61
45 64
45 67
45 68
45 74
45 75
45 78
45 87
46 64
46 41
46 81
46 51
46 84
46 73
46 31
47 64
47 33
47 66
47 68
47 5
47 65
47 39
47 72
47 73
47 74
47 45
47 79
47 50
47 51
47 87
47 58
47 60
47 62
47 37
48 72
48 43
48 77
48 19
48 25
48 31
49 3
49 5
49 9
49 25
49 27
49 33
49 39
49 43
49 45
49 54
49 56
49 60
49 61
49 64
49 65
49 67
49 69
49 71
49 72
49 78
49 83
49 87
53 64
53 59
53 68
53 37
53 39
53 9
53 74
53 43
53 78
53 79
53 81
53 67
53 52
53 87
53 56
53 27
55 64
55 51
55 75
55 37
55 65
55 9
55 71
55 77
55 78
55 81
55 50
55 19
55 20
55 54
55 57
55 56
55 25
55 59
55 60
56 66
56 73
56 77
56 78
56 84
56 86
56 41
56 31
57 64
57 58
57 5
62 3
62 19
62 20
62 27
62 31
62 33
62 37
62 39
62 41
62 43
62 45
62 50
62 51
62 56
62 57
62 59
62 61
62 64
62 71
62 72
62 74
62 75
62 78
62 79
62 84
65 65
65 39
65 71
65 78
65 81
65 56
65 25
65 59
65 60
66 32
66 33
66 83
66 3
66 5
66 70
66 81
66 64
66 77
66 78
66 59
66 19
66 20
66 57
66 27
66 61
66 84
67 59
67 37
67 71
67 72
67 9
67 74
67 45
67 78
67 81
67 50
67 73
67 57
67 25
67 27
67 60
67 61
67 62
68 32
68 67
68 3
68 68
68 37
68 70
68 71
68 40
68 74
68 43
68 45
68 78
68 59
68 75
68 19
68 20
68 57
68 23
68 25
68 87
68 27
69 83
69 73
69 67
69 19
69 50
71 66
71 67
71 37
71 50
71 25
71 57
72 71
72 19
72 52
72 87
72 59
72 60
74 75
75 40
75 9
75 57
75 87
76 1
76 5
76 19
76 25
76 27
76 33
76 39
76 40
76 45
76 50
76 51
76 52
76 57
76 58
76 59
76 61
76 62
76 64
76 71
76 72
76 73
76 75
76 77
76 79
76 81
76 82
77 66
77 5
77 39
77 43
77 81
77 50
77 83
77 86
77 60
79 5
79 20
79 25
79 31
79 33
79 39
79 40
79 41
79 43
79 51
79 59
79 60
79 64
79 67
79 68
79 69
79 70
79 71
79 73
79 78
79 79
79 80
79 81
79 82
79 87
80 33
80 72
80 9
80 43
80 40
80 56
80 25
80 27
80 61
81 64
81 79
81 66
81 3
81 5
81 70
81 75
81 74
81 43
81 45
81 78
81 77
81 50
81 19
81 67
81 58
81 59
81 37
82 64
82 66
82 67
82 73
82 45
82 78
82 19
82 58
82 27
82 60
82 61
82 31
83 3
83 9
83 20
83 25
83 27
83 31
83 43
83 45
83 50
83 51
83 59
83 60
83 61
83 64
83 66
83 67
83 68
83 71
83 73
83 74
83 75
83 77
83 78
83 79
83 81
84 5
84 9
84 19
84 20
84 25
84 31
84 39
84 40
84 41
84 43
84 45
84 56
84 57
84 58
84 64
84 67
84 74
84 75
84 78
84 79
84 80
84 81
84 82
84 87
85 1
85 5
85 20
85 25
85 27
85 33
85 37
85 40
85 43
85 45
85 50
85 54
85 56
85 59
85 62
85 64
85 65
85 66
85 73
85 74
85 84
85 86
85 87
86 64
86 19
86 60
87 27
87 75
87 31
