88
0 65
0 66
0 36
0 38
0 7
0 9
0 10
0 55
0 61
0 17
0 50
0 74
0 41
0 22
0 23
0 25
0 58
0 60
0 42
0 62
0 63
2 64
2 65
2 66
2 38
2 9
2 10
2 75
2 12
2 61
2 17
2 50
2 74
2 41
2 23
2 58
2 42
2 62
2 63
3 65
3 66
3 36
3 38
3 9
3 10
3 12
3 17
3 50
3 23
3 58
3 60
3 63
6 66
6 7
6 9
6 10
6 75
6 12
6 17
6 50
6 41
6 58
6 60
6 42
6 62
6 63
10 7
10 9
10 10
10 12
10 17
10 22
10 23
10 25
10 36
10 38
10 41
10 42
10 50
10 58
10 60
10 61
10 62
10 63
10 64
10 65
10 66
10 74
10 75
11 5
11 7
11 9
11 10
11 12
11 17
11 22
11 23
11 25
11 38
11 41
11 42
11 55
11 58
11 60
11 61
11 62
11 63
11 64
11 65
11 66
11 67
11 74
11 75
13 5
13 7
13 9
13 10
13 12
13 17
13 23
13 25
13 36
13 42
13 50
13 55
13 57
13 58
13 60
13 61
13 62
13 63
13 64
13 65
13 66
13 67
13 74
13 75
14 9
14 10
18 66
18 10
18 12
18 17
18 50
18 23
18 58
18 62
19 7
19 9
19 10
19 12
19 17
19 23
19 25
19 36
19 38
19 41
19 50
19 55
19 57
19 58
19 60
19 62
19 63
19 64
19 65
19 66
19 74
19 75
20 66
20 38
20 9
20 10
20 17
20 50
20 23
20 25
20 58
20 61
20 62
20 63
21 64
21 65
21 66
21 67
21 38
21 7
21 9
21 10
21 55
21 12
21 61
21 17
21 50
21 74
21 23
21 25
21 58
21 75
21 60
21 42
21 63
26 65
26 66
26 9
26 10
26 75
26 12
26 61
26 17
26 50
26 74
26 58
26 60
26 42
26 62
26 63
27 64
27 65
27 66
27 67
27 5
27 38
27 7
27 9
27 10
27 75
27 12
27 17
27 50
27 74
27 58
27 60
27 42
27 62
27 63
29 50
29 62
30 66
30 38
30 9
30 10
30 75
30 12
30 17
30 50
30 74
30 55
30 58
30 60
30 42
30 62
30 63
31 66
31 38
31 7
31 9
31 10
31 12
31 17
31 50
31 22
31 23
31 25
31 58
31 60
31 74
31 62
32 7
32 9
32 10
32 12
32 17
32 23
32 25
32 36
32 38
32 41
32 42
32 50
32 55
32 57
32 58
32 60
32 61
32 62
32 63
32 64
32 65
32 66
32 67
32 74
32 75
34 7
34 9
34 10
34 12
34 17
34 23
34 36
34 38
34 41
34 42
34 50
34 55
34 58
34 60
34 61
34 62
34 63
34 64
34 66
34 67
34 74
34 75
35 9
35 10
35 74
35 58
35 25
37 4
37 9
37 10
37 12
37 17
37 22
37 23
37 25
37 36
37 38
37 41
37 42
37 50
37 58
37 60
37 61
37 62
37 63
37 64
37 65
37 66
37 67
37 74
37 75
40 9
40 62
40 63
43 4
43 7
43 9
43 10
43 12
43 17
43 22
43 23
43 25
43 36
43 38
43 41
43 42
43 50
43 55
43 58
43 60
43 61
43 62
43 63
43 65
43 66
43 67
43 74
43 75
44 4
44 7
44 9
44 10
44 12
44 17
44 22
44 23
44 25
44 38
44 41
44 42
44 50
44 55
44 58
44 60
44 62
44 63
44 64
44 65
44 66
44 74
44 75
45 7
45 9
45 10
45 12
45 17
45 22
45 23
45 25
45 36
45 38
45 41
45 42
45 50
45 55
45 58
45 60
45 61
45 62
45 63
45 64
45 65
45 66
45 67
45 74
45 75
46 5
46 7
46 9
46 10
46 12
46 17
46 22
46 23
46 25
46 36
46 38
46 41
46 50
46 58
46 60
46 61
46 62
46 63
46 64
46 65
46 66
46 67
46 74
46 75
47 9
47 10
47 12
47 17
47 23
47 25
47 36
47 38
47 41
47 42
47 50
47 55
47 58
47 60
47 61
47 62
47 63
47 65
47 66
47 67
47 74
47 75
48 66
48 36
48 38
48 9
48 74
48 17
48 50
48 23
48 58
48 60
48 62
48 63
49 9
49 10
49 12
49 17
49 22
49 23
49 25
49 36
49 38
49 41
49 42
49 50
49 55
49 58
49 60
49 61
49 62
49 63
49 64
49 65
49 66
49 67
49 74
49 75
52 66
52 38
52 9
52 10
52 75
52 12
52 17
52 50
52 58
52 60
52 62
52 63
54 60
54 10
54 12
56 4
56 5
56 9
56 12
56 17
56 22
56 23
56 25
56 36
56 38
56 41
56 42
56 50
56 55
56 58
56 60
56 61
56 62
56 63
56 65
56 66
56 67
56 74
56 75
58 4
58 7
58 9
58 10
58 12
58 17
58 22
58 23
58 38
58 41
58 42
58 50
58 55
58 58
58 60
58 61
58 62
58 63
58 64
58 65
58 66
58 67
58 74
58 75
68 5
68 7
68 9
68 10
68 12
68 17
68 22
68 23
68 36
68 38
68 41
68 42
68 50
68 55
68 58
68 60
68 61
68 62
68 63
68 64
68 65
68 66
68 74
68 75
69 36
69 38
69 9
69 10
69 75
69 12
69 17
69 50
69 55
69 25
69 58
69 60
69 42
69 62
69 63
70 66
70 36
70 38
70 7
70 9
70 10
70 12
70 17
70 50
70 74
70 55
70 58
70 60
70 61
70 62
71 5
71 7
71 9
71 10
71 12
71 17
71 22
71 23
71 25
71 36
71 38
71 41
71 42
71 50
71 55
71 58
71 60
71 61
71 62
71 63
71 64
71 66
71 74
71 75
72 5
72 7
72 9
72 10
72 12
72 17
72 23
72 25
72 36
72 38
72 41
72 42
72 50
72 55
72 57
72 58
72 60
72 61
72 62
72 63
72 65
72 66
72 67
72 74
72 75
73 5
73 7
73 9
73 10
73 12
73 17
73 23
73 25
73 36
73 38
73 41
73 42
73 50
73 55
73 58
73 60
73 61
73 62
73 63
73 65
73 66
73 67
73 74
73 75
76 5
76 7
76 9
76 10
76 12
76 23
76 25
76 36
76 38
76 41
76 42
76 50
76 55
76 57
76 58
76 60
76 61
76 62
76 63
76 65
76 66
76 67
76 74
76 75
77 66
77 7
77 12
77 17
77 50
77 23
77 60
77 62
77 63
78 5
78 7
78 9
78 10
78 12
78 17
78 22
78 23
78 25
78 36
78 38
78 41
78 42
78 50
78 55
78 58
78 60
78 62
78 63
78 64
78 65
78 66
78 67
78 74
78 75
79 4
79 5
79 7
79 9
79 10
79 12
79 17
79 23
79 25
79 36
79 38
79 42
79 50
79 55
79 57
79 60
79 61
79 62
79 63
79 64
79 65
79 66
79 74
79 75
81 5
81 7
81 9
81 10
81 12
81 17
81 22
81 23
81 25
81 36
81 38
81 42
81 55
81 58
81 60
81 61
81 62
81 63
81 64
81 65
81 66
81 74
81 75
82 66
82 75
82 38
82 7
82 9
82 10
82 55
82 12
82 17
82 50
82 74
82 41
82 58
82 60
82 61
82 62
82 63
83 9
83 66
83 50
83 62
84 74
84 60
84 62
85 66
85 7
85 10
85 75
85 12
85 17
85 50
85 23
85 58
85 61
85 62
85 63
86 5
86 7
86 9
86 10
86 12
86 17
86 22
86 23
86 25
86 36
86 38
86 50
86 55
86 58
86 60
86 61
86 62
86 63
86 64
86 65
86 66
86 67
86 74
86 75
87 4
87 7
87 9
87 12
87 17
87 22
87 23
87 36
87 38
87 41
87 42
87 50
87 55
87 58
87 60
87 61
87 62
87 63
87 64
87 65
87 66
87 74
87 75
