88
0 83
0 3
0 37
0 6
0 72
0 9
0 55
0 50
0 77
0 80
0 18
0 51
0 73
0 41
0 56
0 62
0 63
1 32
1 4
1 70
1 71
1 40
1 41
1 76
1 45
1 77
1 47
1 80
1 18
1 83
1 55
1 56
1 62
1 63
2 70
2 41
2 43
2 80
2 18
2 83
2 56
3 3
3 4
3 9
3 77
3 80
3 83
3 55
7 32
7 3
7 5
7 70
7 71
7 40
7 9
7 55
7 76
7 50
7 47
7 80
7 72
7 18
7 19
7 73
7 41
7 56
7 30
7 63
8 2
8 3
8 4
8 5
8 6
8 9
8 18
8 19
8 22
8 30
8 32
8 41
8 43
8 46
8 50
8 51
8 55
8 56
8 63
8 71
8 72
8 77
8 80
8 83
9 3
9 4
9 72
9 9
9 80
9 18
9 19
9 41
10 32
10 51
10 83
10 70
10 71
10 40
10 9
10 43
10 76
10 77
10 73
10 80
10 72
10 18
10 19
10 22
10 41
10 56
10 55
10 30
11 51
11 3
11 4
11 72
11 9
11 55
11 77
11 80
11 18
11 19
11 62
11 73
11 41
11 56
11 30
12 32
12 51
12 83
12 3
12 5
12 6
12 71
12 72
12 41
12 50
12 46
12 73
12 80
12 18
12 19
12 22
12 55
12 62
13 32
13 3
13 4
13 41
13 77
13 80
13 51
13 73
13 62
14 32
14 51
14 2
14 3
14 70
14 72
14 9
14 43
14 76
14 50
14 77
14 80
14 18
14 19
14 62
14 55
14 56
14 83
14 30
14 63
15 32
15 83
15 3
15 4
15 70
15 6
15 72
15 9
15 55
15 76
15 45
15 77
15 80
15 18
15 19
15 62
15 41
15 56
15 30
15 63
16 80
16 18
17 72
17 56
20 2
20 3
20 4
20 5
20 6
20 9
20 18
20 19
20 30
20 37
20 41
20 43
20 45
20 47
20 51
20 55
20 56
20 63
20 70
20 71
20 72
20 73
20 76
20 77
21 32
21 51
21 83
21 3
21 80
21 70
21 71
21 72
21 41
21 76
21 45
21 77
21 47
21 48
21 18
21 19
21 82
21 73
21 62
21 63
23 32
23 80
23 3
23 37
23 71
23 72
23 41
23 43
23 45
23 77
23 47
23 50
23 18
23 19
23 62
23 73
23 55
23 56
23 30
23 63
24 32
24 51
24 3
24 4
24 5
24 70
24 71
24 9
24 44
24 45
24 77
24 76
24 19
24 73
24 55
24 56
24 30
25 32
25 51
25 83
25 3
25 4
25 5
25 70
25 71
25 72
25 41
25 76
25 45
25 77
25 80
25 49
25 18
25 19
25 56
25 63
28 56
28 71
29 32
29 3
29 4
29 5
29 6
29 71
29 72
29 9
29 76
29 45
29 77
29 80
29 18
29 19
29 73
29 41
29 56
29 62
30 51
30 83
30 3
30 4
30 70
30 71
30 40
30 41
30 43
30 76
30 80
30 72
30 18
30 19
30 73
30 55
30 56
30 62
30 63
32 32
32 51
32 83
32 3
32 4
32 70
32 76
32 77
32 47
32 80
32 18
32 19
32 54
32 55
33 3
33 4
33 5
33 6
33 71
33 72
33 9
33 76
33 46
33 80
33 62
33 73
33 55
33 63
33 70
33 30
33 37
34 32
34 80
34 83
34 3
34 4
34 70
34 40
34 9
34 45
34 50
34 72
34 18
34 51
34 73
34 56
36 32
36 51
36 83
36 3
36 4
36 77
36 72
36 73
36 76
36 45
36 46
36 47
36 80
36 18
36 19
36 62
36 55
36 56
36 30
36 63
39 32
39 51
39 83
39 3
39 4
39 71
39 72
39 9
39 76
39 77
39 18
39 19
39 41
39 56
39 63
41 3
41 70
41 72
41 9
41 77
41 18
41 51
41 56
41 62
45 32
45 3
45 4
45 71
45 73
45 76
45 77
45 50
45 18
45 51
45 55
45 56
45 62
45 63
46 32
46 51
46 3
46 4
46 5
46 6
46 71
46 40
46 9
46 76
46 80
46 72
46 82
46 19
46 73
46 41
46 56
46 26
46 63
47 32
47 51
47 83
47 3
47 4
47 6
47 71
47 9
47 55
47 80
47 35
47 73
47 41
47 56
47 63
52 32
52 51
52 3
52 4
52 70
52 9
52 42
52 76
52 77
52 47
52 80
52 50
52 19
52 41
52 30
52 31
53 3
53 4
53 70
53 6
53 71
53 72
53 9
53 77
53 80
53 51
53 41
53 56
53 62
55 3
55 4
55 41
55 42
55 76
55 80
55 19
56 19
56 32
56 83
56 5
56 72
56 73
56 77
56 80
56 18
56 51
56 41
56 56
56 30
56 63
57 32
57 51
57 2
57 4
57 5
57 6
57 71
57 9
57 76
57 50
57 46
57 77
57 80
57 18
57 19
57 73
57 41
57 56
57 70
57 62
58 32
58 80
58 3
58 4
58 70
58 71
58 72
58 9
58 55
58 76
58 77
58 46
58 48
58 50
58 51
58 73
58 41
58 56
58 30
58 63
59 32
59 3
59 4
59 6
59 71
59 9
59 55
59 50
59 77
59 80
59 18
59 19
59 73
59 41
59 56
59 63
59 30
59 31
60 32
60 3
60 4
60 72
60 76
60 77
60 51
60 55
60 56
60 63
61 32
61 3
61 72
61 9
61 76
61 50
61 73
61 80
61 18
61 51
61 54
61 55
61 56
61 62
61 31
64 2
64 3
64 6
64 71
64 73
64 76
64 77
64 46
64 47
64 80
64 51
64 56
64 62
64 31
66 3
66 4
66 5
66 70
66 71
66 72
66 9
66 55
66 76
66 45
66 46
66 77
66 80
66 50
66 19
66 73
66 41
66 56
66 63
66 29
66 31
67 51
67 3
67 5
67 70
67 71
67 72
67 41
67 76
67 46
67 48
67 19
67 73
67 6
67 62
68 19
68 32
68 4
68 5
68 51
68 72
68 9
68 76
68 83
68 73
69 32
69 51
69 2
69 3
69 4
69 5
69 70
69 71
69 9
69 76
69 77
69 46
69 19
69 41
69 62
70 83
70 3
70 4
70 70
70 9
70 77
70 80
70 19
70 56
71 4
71 72
71 73
71 76
71 80
71 51
71 41
74 51
74 83
74 3
74 4
74 70
74 38
74 71
74 72
74 9
74 42
74 76
74 50
74 77
74 80
74 18
74 19
74 73
74 41
75 32
75 3
75 71
75 72
75 41
75 77
75 47
75 80
75 50
75 18
75 56
75 62
76 19
76 51
76 3
76 4
76 37
76 70
76 40
76 73
76 77
76 80
76 83
76 9
76 41
76 30
77 32
77 3
77 4
77 71
77 76
77 77
77 80
77 18
77 56
78 32
78 3
78 5
78 6
78 71
78 9
78 76
78 45
78 77
78 47
78 80
78 18
78 51
78 73
78 41
78 56
78 38
78 70
78 37
78 31
79 32
79 51
79 83
79 3
79 4
79 37
79 72
79 41
79 76
79 80
79 18
79 19
79 63
79 30
79 31
81 32
81 83
81 4
81 71
81 72
81 9
81 82
81 76
81 50
81 77
81 18
81 19
81 62
81 73
81 41
81 56
81 30
82 32
82 3
82 4
82 5
82 71
82 72
82 9
82 77
82 46
82 80
82 51
82 73
82 41
82 56
82 62
83 32
83 3
83 71
83 72
83 73
83 76
83 83
83 9
83 41
83 62
85 32
85 5
85 71
85 72
85 9
85 80
85 18
85 41
85 56
86 32
86 51
86 2
86 3
86 5
86 71
86 41
86 83
86 76
86 77
86 80
86 18
86 19
86 55
86 56
86 30
86 63
87 32
87 34
87 3
87 4
87 70
87 38
87 71
87 9
87 47
87 80
87 50
87 19
87 62
87 73
87 41
87 56
87 30
87 63
