88
0 4
0 13
0 19
0 21
0 24
0 28
0 31
0 32
0 39
0 48
0 50
0 52
0 59
0 64
0 70
0 72
0 73
0 76
0 78
0 80
0 83
0 84
1 32
1 70
1 43
1 76
1 82
1 22
1 24
1 59
2 32
3 66
3 67
3 4
3 38
3 71
3 73
3 74
3 75
3 46
3 48
3 49
3 50
3 84
3 22
3 87
3 59
3 28
3 61
3 81
4 82
4 50
4 22
4 61
6 64
6 32
6 70
6 71
6 13
6 61
6 31
7 68
7 66
7 35
7 4
7 70
7 71
7 72
7 43
7 76
7 13
7 47
7 80
7 51
7 84
7 22
7 87
7 24
7 57
7 30
8 66
8 35
8 68
8 70
8 38
8 72
8 9
8 67
8 76
8 45
8 46
8 49
8 50
8 19
8 21
8 73
8 55
8 75
8 31
9 4
10 19
10 50
10 67
10 84
11 32
11 10
11 50
11 22
12 32
12 64
12 66
12 35
12 70
12 39
12 10
12 76
12 80
12 81
12 51
12 84
12 21
12 57
12 61
12 30
13 64
13 66
13 35
13 70
13 75
13 9
13 43
13 82
13 48
13 59
13 50
13 19
13 52
13 22
13 73
13 84
13 87
13 27
13 30
13 31
16 80
19 32
19 64
19 66
19 35
19 39
19 10
19 67
19 76
19 78
19 47
19 80
19 82
19 51
19 84
19 21
19 22
19 87
19 27
19 74
21 74
21 68
23 80
23 34
23 68
25 32
25 84
25 83
25 35
25 4
25 38
25 71
25 10
25 43
25 13
25 49
25 75
25 67
25 52
25 82
25 56
25 24
25 57
25 87
25 30
25 31
26 48
26 83
26 68
26 72
26 10
26 78
26 80
26 81
26 82
26 51
26 52
26 46
26 61
28 32
28 64
28 83
28 35
28 68
28 70
28 9
28 82
28 77
28 50
28 67
28 52
28 21
28 87
28 84
28 59
28 60
30 32
30 66
30 35
30 9
30 10
30 87
30 73
30 13
30 47
30 83
30 22
30 55
30 60
30 61
30 30
30 31
32 70
32 71
32 87
32 77
32 46
32 55
33 48
33 22
33 39
34 34
34 81
34 71
34 72
34 10
34 80
34 49
34 82
34 51
34 84
34 53
34 55
34 59
34 61
34 30
34 31
35 32
35 64
35 4
35 39
35 73
35 43
35 13
35 47
35 48
35 81
35 83
35 84
35 21
35 71
35 60
35 61
35 31
36 32
36 65
36 67
36 70
36 39
36 72
36 80
36 43
36 45
36 77
36 48
36 49
36 82
36 52
36 22
36 87
36 24
36 57
36 84
36 31
37 66
37 67
37 37
37 38
37 81
37 9
37 43
37 73
37 13
37 46
37 47
37 80
37 49
37 51
37 21
37 22
37 55
37 83
37 30
38 32
38 75
38 38
38 72
38 10
38 43
38 76
38 77
38 78
38 47
38 80
38 82
38 83
38 52
38 54
38 24
38 84
38 27
38 30
39 34
39 4
39 38
39 70
39 71
39 39
39 76
39 46
39 80
39 81
39 19
39 84
39 31
40 73
41 64
41 66
41 35
41 75
41 50
41 21
42 66
42 59
42 39
42 71
42 13
42 45
42 81
42 75
42 19
42 21
42 22
42 87
42 47
42 61
42 30
42 53
43 64
43 34
43 66
43 54
43 39
43 72
43 10
43 76
43 13
43 46
43 47
43 49
43 50
43 51
43 52
43 22
43 55
43 56
43 68
43 30
43 31
44 38
44 10
44 13
44 81
44 52
44 31
45 73
45 67
45 54
45 43
46 35
46 4
46 81
46 39
46 72
46 9
46 74
46 43
46 76
46 13
46 47
46 49
46 82
46 83
46 21
46 54
46 87
46 24
46 59
46 30
48 51
48 34
48 3
48 70
48 72
48 9
48 10
48 67
48 59
48 47
48 49
48 50
48 19
48 52
48 22
48 55
48 56
48 83
48 27
48 60
48 73
51 64
51 4
51 38
51 9
51 76
51 47
51 48
51 83
51 52
51 21
51 87
51 57
51 61
51 31
52 32
52 80
52 75
52 37
52 38
52 39
52 9
52 74
52 43
52 82
52 78
52 47
52 48
52 49
52 50
52 83
52 52
52 24
52 57
52 71
52 28
53 64
53 67
53 35
53 4
53 38
53 71
53 43
53 77
53 78
53 47
53 48
53 49
53 19
53 52
53 21
53 68
53 59
53 60
53 53
54 57
54 47
55 81
55 21
55 49
55 47
56 48
56 80
56 4
56 37
56 87
57 66
57 67
57 4
57 70
57 39
57 9
57 43
57 81
57 73
57 49
57 82
57 19
57 52
57 22
57 55
57 84
57 71
57 60
57 31
58 66
58 38
58 9
58 52
58 21
58 22
59 32
59 66
59 4
59 82
59 43
59 76
59 77
59 46
59 47
59 80
59 81
59 50
59 19
59 52
59 78
59 22
59 87
59 83
59 27
59 60
60 66
60 59
60 82
60 70
60 72
60 74
60 75
60 77
60 78
60 48
60 50
60 67
60 21
60 22
60 55
60 24
60 27
60 60
60 61
60 31
61 27
61 87
61 75
61 28
61 71
62 19
62 51
62 43
62 76
62 82
62 83
63 72
63 47
64 32
64 64
64 83
64 35
64 4
64 38
64 39
64 75
64 78
64 81
64 67
64 52
64 54
64 87
64 84
64 65
64 61
64 31
65 51
65 67
65 35
65 4
65 9
65 10
65 43
65 13
65 45
65 48
65 19
65 52
65 21
65 22
65 55
65 84
65 87
65 47
65 28
65 31
66 67
66 37
66 73
66 43
66 9
66 61
67 80
67 59
67 83
67 67
67 38
69 70
69 38
69 9
69 19
69 24
69 27
70 73
70 76
70 19
70 52
70 21
70 31
71 64
71 33
71 66
71 35
71 68
71 38
71 71
71 67
71 76
71 46
71 47
71 50
71 51
71 84
71 55
71 75
71 61
72 67
72 9
72 13
72 80
72 51
72 24
73 32
73 64
73 67
73 35
73 68
73 70
73 38
73 9
73 10
73 43
73 45
73 78
73 77
73 75
73 51
73 84
73 21
73 73
73 24
73 30
74 64
74 82
74 66
74 35
74 4
74 10
74 67
74 78
74 13
74 46
74 47
74 80
74 81
74 75
74 19
74 84
74 21
74 87
74 57
74 31
75 64
75 49
75 50
77 32
77 80
77 67
77 68
77 38
77 72
77 43
77 13
77 47
77 48
77 75
77 19
77 84
77 22
77 59
77 31
78 33
78 66
78 35
78 82
78 38
78 71
78 72
78 73
78 10
78 43
78 77
78 81
78 50
78 83
78 52
78 55
78 24
78 57
78 27
78 31
79 51
79 83
79 35
79 4
79 37
79 38
79 39
79 9
79 75
79 76
79 13
79 78
79 80
79 82
79 19
79 84
79 55
79 68
79 31
80 32
80 83
80 35
80 4
80 81
80 39
80 9
80 10
80 43
80 76
80 49
80 50
80 19
80 52
80 87
80 68
80 71
80 27
81 66
81 67
81 10
81 75
81 47
81 48
83 64
83 80
83 83
83 68
83 70
83 38
83 39
83 72
83 60
83 71
83 78
83 48
83 51
83 52
83 24
83 57
83 59
83 28
83 61
84 32
84 68
84 10
84 78
84 22
84 4
84 61
85 64
85 51
85 66
85 70
85 81
85 72
85 60
85 83
85 76
85 46
85 73
85 48
85 49
85 82
85 19
85 21
85 22
85 55
85 87
85 28
86 4
86 9
86 21
86 24
86 31
86 46
86 48
86 49
86 50
86 51
86 55
86 61
86 64
86 66
86 71
86 72
86 75
86 76
86 78
86 81
86 82
86 87
87 32
87 64
87 83
87 70
87 71
87 72
87 73
87 43
87 76
87 13
87 48
87 81
87 19
87 84
87 55
87 24
87 59
87 61
87 30
