88
1 0
1 83
1 67
1 38
1 7
1 40
1 79
1 71
1 61
1 49
1 75
1 51
1 54
1 87
1 72
1 26
1 59
1 60
1 58
1 81
2 3
2 7
2 76
2 77
2 78
2 47
2 17
2 82
2 20
2 86
2 28
3 0
3 5
3 81
3 72
3 10
3 11
3 12
3 14
3 79
3 16
3 17
3 82
3 74
3 58
3 28
3 42
3 30
4 35
4 70
4 7
4 72
4 73
4 39
4 12
4 45
4 14
4 77
4 16
4 17
4 84
4 53
4 57
4 59
4 28
4 30
4 81
5 0
5 67
5 36
5 5
5 9
5 11
5 13
5 52
5 86
5 60
5 29
5 62
7 1
7 66
7 70
7 72
7 73
7 10
7 16
7 17
7 62
7 54
7 25
7 60
7 30
7 63
8 70
9 34
9 36
9 5
9 81
9 41
9 78
9 17
9 50
9 83
10 34
10 36
10 44
10 77
10 51
10 52
10 21
10 55
10 56
10 61
11 83
11 3
11 70
11 38
11 7
11 9
11 11
11 78
11 80
11 67
11 53
11 87
11 63
11 60
11 61
11 30
11 31
12 51
12 42
12 75
12 37
12 87
13 0
13 2
13 34
13 71
13 9
13 76
13 66
13 47
13 77
13 18
13 83
13 57
13 79
13 31
14 3
14 82
14 70
14 71
14 44
14 75
14 12
14 13
14 16
14 50
14 35
14 52
14 54
14 87
14 58
14 29
14 30
14 31
16 1
16 34
16 36
16 33
16 72
16 9
16 42
16 43
16 47
16 50
16 20
16 21
16 41
16 87
16 59
17 33
17 66
17 70
17 71
17 44
17 79
17 82
17 51
17 53
18 1
18 3
18 37
18 7
18 40
18 42
18 11
18 13
18 79
18 16
18 72
18 51
18 52
18 21
18 54
18 87
19 73
19 21
19 41
20 80
20 48
20 66
20 35
21 32
21 51
21 75
21 68
21 49
21 9
21 71
21 44
21 47
21 80
21 17
21 18
21 19
21 20
21 86
21 25
21 58
21 61
22 1
22 67
22 5
22 33
22 72
22 77
22 17
22 18
22 57
22 30
23 1
23 37
23 33
23 75
23 13
23 17
23 54
26 33
26 2
26 66
26 70
26 71
26 87
26 45
26 79
26 80
26 51
26 20
26 57
26 55
26 24
26 25
26 26
26 63
27 0
27 1
27 5
27 16
27 7
27 41
27 75
27 80
27 54
27 87
27 26
27 28
28 10
28 31
29 0
29 83
29 67
29 72
29 73
29 42
29 44
29 45
29 79
29 80
29 49
29 82
29 51
29 57
29 60
29 61
29 62
30 33
30 35
30 74
30 13
30 45
30 17
30 18
30 83
30 62
30 86
30 28
30 30
31 65
31 3
31 70
31 73
31 76
31 44
31 16
31 82
31 54
31 41
31 26
31 47
31 28
31 61
32 33
32 68
32 5
32 41
32 13
32 47
32 83
32 21
32 86
32 25
32 62
33 0
33 34
33 75
33 36
33 5
33 7
33 9
33 11
33 46
33 50
33 51
33 84
33 53
33 55
33 83
33 59
33 61
33 31
34 1
34 34
34 67
34 70
34 42
34 83
34 30
35 32
35 1
35 37
35 71
35 72
35 12
35 80
35 82
35 84
35 58
35 60
36 32
36 35
36 37
36 72
36 41
36 42
36 75
36 78
36 13
36 77
36 45
36 81
36 18
36 53
36 55
36 26
36 47
36 29
37 26
38 80
38 49
38 28
38 17
39 32
39 1
39 35
39 68
39 5
39 70
39 81
39 43
39 76
39 45
39 78
39 49
39 67
39 53
39 23
39 57
39 61
39 30
40 17
40 42
40 76
41 0
41 11
41 37
41 71
41 54
41 75
41 49
41 19
41 86
41 58
41 27
41 29
42 34
42 35
42 68
42 49
42 7
42 40
42 42
42 43
42 45
42 46
42 17
42 52
42 53
42 87
42 56
42 72
42 26
42 59
43 33
43 71
43 72
43 41
43 77
43 46
43 16
43 18
43 20
43 53
43 55
43 84
43 58
43 28
43 29
43 62
44 66
44 75
44 37
44 70
44 7
44 40
44 60
44 42
44 71
44 80
44 82
44 54
44 87
44 59
44 28
44 63
45 65
45 34
45 43
45 33
45 71
45 11
45 76
45 20
45 21
45 54
45 55
45 56
45 57
45 29
46 18
46 53
47 80
47 43
47 37
47 7
47 72
47 11
47 44
47 13
47 16
47 50
47 83
47 52
47 86
47 57
47 56
47 25
47 59
47 28
48 83
48 11
48 46
49 32
49 1
49 35
49 37
49 70
49 33
49 42
49 71
49 76
49 17
49 18
49 53
49 54
49 57
49 31
50 59
50 84
50 37
50 61
52 75
52 70
53 44
53 30
54 1
54 3
54 10
54 44
54 77
54 82
54 67
54 53
54 61
55 3
55 68
55 12
55 46
55 47
55 16
55 18
55 84
55 29
56 3
56 38
56 72
56 77
56 17
56 35
56 58
56 59
56 28
57 4
57 5
57 39
57 9
57 75
57 77
57 46
57 73
57 18
57 51
57 52
57 82
57 54
57 55
57 24
57 57
57 26
57 63
58 32
58 67
58 71
58 16
58 18
58 57
58 59
60 33
60 78
60 1
61 2
61 35
61 71
61 75
61 13
61 80
61 31
62 1
62 5
62 71
62 10
62 44
62 77
62 47
62 25
62 37
62 31
63 0
63 75
63 41
63 11
63 77
63 79
63 80
63 81
63 43
63 55
64 82
65 81
65 59
65 5
65 87
66 66
66 3
66 7
66 42
66 44
66 78
66 47
66 81
66 51
66 52
66 55
66 56
66 84
66 79
66 61
66 63
67 80
67 52
67 11
67 84
68 33
68 5
68 9
68 42
68 50
68 83
68 73
68 41
69 84
69 33
69 66
69 37
69 46
69 47
69 50
69 51
69 52
69 53
69 86
69 57
69 58
69 79
69 28
69 30
70 5
70 70
70 73
70 10
70 43
70 45
70 16
70 19
70 41
70 87
70 29
71 33
71 71
71 42
71 79
71 20
71 21
71 26
71 47
71 58
72 7
72 75
72 53
72 54
72 25
72 30
73 50
73 7
74 32
74 80
74 67
74 68
74 5
74 7
74 41
74 42
74 11
74 44
74 16
74 18
74 83
74 73
74 25
74 29
74 37
75 9
75 7
76 1
76 33
76 11
76 47
76 81
76 83
76 54
76 56
77 0
77 32
77 34
77 67
77 68
77 37
77 8
77 41
77 11
77 12
77 46
77 76
77 82
77 21
77 86
77 25
77 59
78 77
79 32
79 3
79 5
79 38
79 73
79 62
79 44
79 79
79 16
79 81
79 18
79 51
79 52
79 53
79 56
79 59
79 30
80 0
80 1
80 34
80 35
80 4
80 37
80 32
80 74
80 11
80 47
80 80
80 20
80 87
80 52
80 79
80 29
80 62
80 63
81 43
81 81
81 41
81 11
81 76
81 46
81 79
81 56
81 82
81 51
81 78
81 73
81 24
81 58
81 60
81 63
82 34
82 74
82 71
82 9
82 10
82 11
82 44
82 13
82 80
82 18
82 51
82 20
82 53
82 56
82 83
82 26
82 28
82 61
83 48
83 3
83 81
83 9
83 74
83 43
83 44
83 79
83 16
83 76
83 35
83 26
83 59
83 30
83 63
84 0
84 65
84 3
84 33
84 9
84 42
84 78
84 82
84 51
84 20
84 54
84 59
84 28
84 31
85 32
85 9
85 77
85 48
85 52
85 86
85 57
85 26
85 63
86 33
86 66
86 3
86 68
86 5
86 70
86 40
86 41
86 42
86 79
86 16
86 17
86 57
86 25
86 74
86 31
87 0
87 32
87 2
87 35
87 69
87 49
87 41
87 82
87 79
87 17
87 18
87 53
87 73
87 28
87 61
87 62
87 31
