88
0 0
0 65
0 34
0 4
0 6
0 10
0 75
0 44
0 80
0 50
0 19
0 25
0 59
0 61
1 0
1 65
1 34
1 4
1 8
1 9
1 10
1 75
1 12
1 44
1 80
1 17
1 50
1 25
1 59
1 61
2 0
2 65
2 34
2 75
2 4
2 6
2 8
2 10
2 11
2 44
2 80
2 50
2 19
2 25
2 61
2 68
3 0
3 65
3 34
3 4
3 6
3 80
3 25
3 59
3 61
5 0
5 65
5 34
5 68
5 6
5 8
5 10
5 75
5 44
5 80
5 50
5 19
5 25
5 59
5 61
6 0
6 65
6 34
6 6
6 10
6 75
6 44
6 80
6 50
6 19
6 25
6 59
6 61
11 0
11 65
11 34
11 68
11 6
11 7
11 8
11 10
11 75
11 80
11 50
11 19
11 25
11 59
13 0
13 65
13 34
13 75
13 4
13 6
13 10
13 11
13 44
13 80
13 50
13 25
13 59
13 61
16 0
16 65
16 34
16 4
16 6
16 9
16 10
16 75
16 44
16 80
16 50
16 19
16 25
16 59
16 61
17 0
17 65
17 34
17 75
17 68
17 6
17 11
17 44
17 80
17 50
17 19
17 25
17 59
17 61
17 4
20 0
20 65
20 34
20 9
20 10
20 75
20 44
20 80
20 50
20 25
20 59
20 61
22 0
22 65
22 34
22 4
22 6
22 7
22 8
22 44
22 75
22 12
22 50
22 25
22 59
22 61
22 68
23 0
23 65
23 34
23 75
23 4
23 6
23 7
23 9
23 10
23 11
23 80
23 19
23 25
23 59
23 61
23 68
24 0
24 65
24 34
24 6
24 8
24 10
24 75
24 44
24 80
24 50
24 19
24 25
24 59
24 61
27 68
27 65
27 34
27 4
27 6
27 7
27 8
27 9
27 10
27 75
27 12
27 44
27 80
27 19
27 25
27 59
27 61
28 0
28 65
28 34
28 4
28 6
28 8
28 10
28 75
28 80
28 50
28 25
28 59
28 61
29 0
29 65
29 34
29 68
29 6
29 7
29 8
29 9
29 10
29 11
29 44
29 80
29 50
29 19
29 59
29 61
30 0
30 65
30 34
30 75
30 68
30 6
30 8
30 10
30 11
30 44
30 80
30 50
30 19
30 25
30 59
30 61
31 0
31 65
31 34
31 4
31 6
31 7
31 9
31 10
31 75
31 12
31 80
31 50
31 25
31 59
31 61
31 68
32 0
32 65
32 34
32 75
32 68
32 6
32 8
32 44
32 10
32 11
32 12
32 80
32 50
32 19
32 25
32 59
32 61
33 68
33 65
33 34
33 4
33 6
33 8
33 9
33 10
33 75
33 44
33 80
33 50
33 19
33 25
33 59
33 61
35 0
35 65
35 34
35 4
35 6
35 8
35 44
35 10
35 75
35 12
35 80
35 50
35 19
35 25
35 59
35 61
35 68
36 0
36 65
36 34
36 75
36 4
36 6
36 7
36 8
36 44
36 10
36 11
36 12
36 80
36 50
36 25
36 59
36 61
37 0
37 68
37 34
37 75
37 4
37 6
37 7
37 10
37 11
37 44
37 80
37 50
37 19
37 25
37 59
37 61
38 0
38 65
38 34
38 4
38 68
38 7
38 8
38 9
38 10
38 11
38 44
38 50
38 19
38 25
38 59
38 61
39 0
39 65
39 34
39 4
39 6
39 8
39 9
39 10
39 75
39 44
39 80
39 50
39 19
39 25
39 59
39 61
40 0
40 65
40 34
40 4
40 6
40 9
40 10
40 75
40 44
40 80
40 50
40 19
40 25
40 59
40 61
41 0
41 65
41 34
41 4
41 6
41 10
41 75
41 44
41 80
41 19
41 25
41 59
41 61
41 68
42 0
42 65
42 34
42 4
42 6
42 8
42 10
42 75
42 44
42 80
42 50
42 19
42 25
42 59
42 61
43 0
43 65
43 34
43 75
43 68
43 6
43 7
43 8
43 10
43 11
43 80
43 50
43 19
43 25
43 59
43 61
46 0
46 65
46 34
46 68
46 6
46 8
46 9
46 10
46 75
46 44
46 80
46 17
46 50
46 19
46 25
46 59
46 61
47 0
47 65
47 34
47 68
47 6
47 8
47 44
47 10
47 75
47 12
47 80
47 50
47 19
47 25
47 59
47 61
48 0
48 65
48 34
48 4
48 68
48 7
48 8
48 10
48 75
48 44
48 80
48 50
48 19
48 25
48 59
48 61
49 0
49 65
49 34
49 4
49 6
49 10
49 44
49 80
49 50
49 59
49 61
51 0
51 65
51 34
51 75
51 4
51 6
51 8
51 11
51 44
51 80
51 50
51 19
51 25
51 61
51 68
52 0
52 65
52 34
52 68
52 6
52 7
52 8
52 75
52 44
52 80
52 50
52 19
52 25
52 59
52 61
53 0
53 65
53 34
53 68
53 6
53 9
53 75
53 44
53 80
53 50
53 19
53 4
53 59
53 61
54 0
54 65
54 34
54 4
54 68
54 44
54 10
54 75
54 12
54 80
54 50
54 19
54 25
54 59
54 61
55 0
55 65
55 34
55 75
55 4
55 68
55 44
55 10
55 11
55 12
55 80
55 50
55 19
55 25
55 61
56 0
56 65
56 34
56 4
56 6
56 8
56 9
56 10
56 75
56 44
56 80
56 50
56 19
56 59
56 61
58 0
58 65
58 34
58 4
58 6
58 7
58 9
58 10
58 75
58 44
58 80
58 50
58 19
58 68
58 59
58 61
62 65
62 34
62 68
62 6
62 7
62 10
62 75
62 44
62 80
62 50
62 19
62 25
62 59
62 61
63 0
63 65
63 34
63 4
63 6
63 9
63 10
63 75
63 80
63 17
63 50
63 19
63 25
63 59
63 61
63 68
64 0
64 65
64 34
64 4
64 6
64 10
64 75
64 12
64 80
64 17
64 50
64 19
64 25
64 59
64 61
66 0
66 65
66 34
66 68
66 6
66 7
66 8
66 75
66 44
66 80
66 50
66 19
66 25
66 59
66 61
66 4
67 0
67 65
67 34
67 4
67 6
67 9
67 10
67 75
67 12
67 44
67 80
67 50
67 19
67 25
67 59
67 61
67 68
70 0
70 65
70 34
70 6
70 8
70 9
70 10
70 75
70 44
70 80
70 50
70 25
70 59
70 61
71 0
71 65
71 34
71 75
71 4
71 6
71 9
71 11
71 44
71 80
71 17
71 25
71 59
71 61
72 0
72 65
72 4
72 6
72 8
72 9
72 75
72 44
72 80
72 50
72 19
72 25
72 59
72 61
72 68
74 0
74 65
74 34
74 6
74 8
74 44
74 10
74 75
74 12
74 80
74 50
74 19
74 25
74 59
74 61
75 0
75 65
75 34
75 68
75 6
75 75
75 44
75 80
75 50
75 19
75 25
75 59
75 61
76 0
76 65
76 34
76 4
76 6
76 8
76 10
76 75
76 44
76 80
76 50
76 25
76 59
76 61
76 68
77 0
77 65
77 34
77 4
77 6
77 8
77 10
77 75
77 44
77 50
77 19
77 25
77 59
77 61
77 68
78 0
78 65
78 34
78 4
78 6
78 7
78 8
78 10
78 75
78 44
78 80
78 50
78 25
78 59
78 61
78 68
79 0
79 65
79 34
79 75
79 4
79 6
79 10
79 11
79 44
79 80
79 50
79 19
79 25
79 61
79 68
82 0
82 65
82 34
82 75
82 4
82 6
82 10
82 11
82 12
82 80
82 17
82 50
82 25
82 59
82 61
82 68
84 0
84 65
84 34
84 75
84 4
84 6
84 7
84 10
84 11
84 44
84 80
84 50
84 19
84 25
84 59
84 61
84 68
85 0
85 34
85 75
85 50
85 59
85 61
86 0
86 65
86 34
86 4
86 6
86 9
86 10
86 75
86 44
86 80
86 50
86 19
86 25
86 61
86 68
