88
0 80
0 81
0 12
0 48
0 17
0 83
0 56
0 58
0 59
1 0
1 48
1 2
1 27
1 37
1 17
1 11
1 12
1 80
1 81
1 83
1 56
1 58
1 59
3 2
3 27
3 37
3 17
3 11
3 12
3 80
3 81
3 82
3 83
3 56
3 58
3 59
4 83
4 37
5 48
5 17
5 11
5 80
5 81
5 82
5 83
5 56
5 58
5 27
6 0
6 48
6 2
6 37
6 81
6 11
6 12
6 80
6 17
6 82
6 83
6 56
6 58
6 27
7 0
7 48
7 2
7 27
7 37
7 12
7 80
7 81
7 83
7 56
7 58
7 59
8 0
8 48
8 2
8 37
8 81
8 11
8 12
8 80
8 17
8 82
8 83
8 56
8 58
9 2
9 27
9 37
9 17
9 11
9 12
9 81
9 83
9 56
9 59
10 80
10 11
10 12
10 48
10 17
10 82
10 56
10 58
12 80
12 37
12 11
12 12
12 48
12 83
12 56
12 58
12 27
13 0
13 48
13 37
13 17
13 11
13 12
13 80
13 81
13 82
13 83
13 56
13 59
15 48
15 37
15 11
15 12
15 80
15 81
15 82
15 83
15 56
15 58
16 83
18 0
18 48
18 2
18 37
18 17
18 11
18 12
18 80
18 81
18 82
18 83
18 56
18 58
19 80
19 17
19 58
19 11
19 56
20 48
20 11
20 12
20 80
20 81
20 83
20 56
20 58
22 80
22 37
22 11
22 48
22 81
22 82
22 83
22 56
22 58
22 27
24 48
24 58
24 11
24 12
24 37
25 48
25 2
25 37
25 11
25 12
25 80
25 17
25 82
25 83
25 56
25 58
25 27
26 2
26 37
26 12
26 48
26 81
26 82
26 83
26 56
26 58
26 59
27 48
27 2
27 11
27 12
27 80
27 81
27 82
27 83
27 56
27 58
27 27
28 2
28 59
28 37
28 17
28 11
28 12
28 48
28 81
28 82
28 83
28 56
28 58
28 27
29 0
29 48
29 2
29 27
29 37
29 81
29 11
29 12
29 80
29 17
29 83
29 56
29 58
29 59
30 0
30 48
30 2
30 27
30 37
30 17
30 11
30 12
30 80
30 81
30 82
30 83
30 56
30 58
30 59
31 48
31 2
31 11
31 12
31 80
31 81
31 83
31 56
31 58
31 27
32 0
32 48
32 2
32 27
32 37
32 11
32 12
32 80
32 17
32 82
32 83
32 56
32 58
32 59
33 0
33 48
33 2
33 37
33 11
33 12
33 80
33 81
33 82
33 83
33 56
33 58
33 27
34 0
34 48
34 27
34 37
34 81
34 11
34 12
34 80
34 17
34 82
34 83
34 56
34 58
34 59
35 0
35 48
35 2
35 27
35 37
35 11
35 12
35 80
35 81
35 83
35 56
35 58
35 59
36 0
36 48
36 2
36 37
36 17
36 11
36 12
36 80
36 81
36 82
36 83
36 58
36 27
38 0
38 48
38 2
38 37
38 17
38 11
38 80
38 81
38 82
38 83
38 56
38 58
38 27
39 80
39 11
39 48
39 81
39 83
39 56
39 58
40 48
40 2
40 37
40 17
40 11
40 12
40 80
40 81
40 82
40 83
40 56
40 58
40 27
41 48
41 2
41 37
41 17
41 11
41 12
41 80
41 81
41 82
41 83
41 56
41 58
41 27
42 0
42 48
42 2
42 37
42 81
42 11
42 12
42 80
42 17
42 83
42 56
42 58
42 27
43 0
43 48
43 2
43 37
43 81
43 11
43 12
43 80
43 17
43 82
43 83
43 58
43 27
44 81
44 11
44 12
44 17
44 83
44 56
44 58
45 48
45 81
45 58
45 11
45 56
46 48
46 2
46 27
46 37
46 17
46 11
46 12
46 80
46 81
46 83
46 56
46 58
46 59
47 0
47 48
47 2
47 37
47 81
47 11
47 12
47 80
47 17
47 82
47 83
47 56
47 58
47 27
48 0
48 80
48 2
48 11
48 12
48 48
48 81
48 82
48 83
48 56
48 58
48 27
49 37
49 11
49 12
49 80
49 81
49 82
49 83
49 56
49 58
49 59
50 48
50 2
50 37
50 17
50 11
50 12
50 80
50 81
50 82
50 83
50 56
50 58
50 59
51 0
51 48
51 2
51 37
51 17
51 11
51 12
51 80
51 81
51 82
51 83
51 56
51 58
51 27
52 0
52 48
52 2
52 27
52 37
52 17
52 11
52 12
52 80
52 81
52 82
52 83
52 56
52 58
52 59
53 48
53 2
53 27
53 37
53 17
53 11
53 12
53 80
53 81
53 82
53 83
53 56
53 58
53 59
54 0
54 48
54 2
54 37
54 17
54 11
54 12
54 80
54 81
54 82
54 83
54 56
54 58
54 27
55 0
55 48
55 2
55 37
55 11
55 12
55 80
55 17
55 82
55 83
55 56
55 58
55 27
56 48
56 2
56 37
56 11
56 12
56 80
56 81
56 82
56 83
56 56
56 58
56 27
57 0
57 48
57 2
57 59
57 37
57 11
57 12
57 80
57 81
57 82
57 83
57 56
57 27
58 2
58 37
58 11
58 12
58 48
58 81
58 83
58 56
58 58
58 27
60 48
60 11
60 12
60 80
60 81
60 82
60 83
60 56
60 58
60 27
61 0
61 48
61 2
61 59
61 37
61 11
61 80
61 81
61 82
61 83
61 56
61 58
61 27
62 0
62 2
62 81
62 11
62 12
62 80
62 17
62 82
62 83
62 56
62 58
62 27
63 0
63 48
63 2
63 81
63 11
63 12
63 80
63 17
63 82
63 83
63 56
63 58
63 27
64 81
64 11
64 12
64 80
64 17
64 82
64 83
64 56
64 58
64 27
65 48
65 2
65 37
65 17
65 11
65 12
65 80
65 81
65 82
65 83
65 56
65 58
65 27
66 48
66 2
66 37
66 17
66 11
66 12
66 80
66 81
66 82
66 83
66 56
66 58
66 59
67 0
67 2
67 37
67 81
67 11
67 12
67 80
67 17
67 82
67 83
67 56
67 58
67 27
68 80
68 11
68 12
68 48
68 83
68 56
68 27
69 0
69 48
69 37
69 17
69 11
69 12
69 80
69 81
69 82
69 83
69 56
69 58
69 27
70 48
70 2
70 37
70 17
70 11
70 12
70 80
70 81
70 83
70 56
70 58
70 59
71 48
71 37
71 81
71 11
71 12
71 15
71 80
71 17
71 82
71 83
71 56
71 58
71 27
72 0
72 80
72 2
72 37
72 11
72 12
72 48
72 81
72 83
72 56
72 58
72 27
73 0
73 2
73 27
73 37
73 17
73 11
73 12
73 80
73 81
73 82
73 83
73 56
73 58
73 59
74 2
74 37
74 11
74 12
74 48
74 81
74 82
74 83
74 56
74 58
74 27
75 0
75 48
75 2
75 27
75 37
75 11
75 12
75 80
75 81
75 82
75 83
75 56
75 58
75 59
76 48
76 2
76 27
76 37
76 81
76 11
76 12
76 80
76 17
76 83
76 56
76 58
76 59
77 0
77 48
77 2
77 37
77 81
77 11
77 12
77 80
77 17
77 82
77 56
77 58
77 27
78 0
78 48
78 37
78 17
78 11
78 12
78 80
78 81
78 82
78 83
78 56
78 58
78 59
79 0
79 48
79 2
79 27
79 17
79 11
79 12
79 80
79 81
79 82
79 83
79 56
79 58
79 59
81 0
81 48
81 2
81 37
81 17
81 11
81 12
81 80
81 81
81 82
81 83
81 56
81 58
81 27
85 48
85 2
85 27
85 81
85 11
85 12
85 80
85 17
85 82
85 83
85 56
85 58
85 59
86 0
86 48
86 2
86 37
86 81
86 11
86 12
86 80
86 17
86 82
86 83
86 56
86 58
87 48
87 2
87 27
87 37
87 11
87 12
87 80
87 81
87 82
87 83
87 56
87 58
87 59
