88
0 33
0 3
0 37
0 41
0 49
0 22
0 58
0 28
0 31
2 2
2 3
2 5
2 14
2 16
2 22
2 29
2 31
2 34
2 36
2 37
2 41
2 43
2 53
2 56
2 58
2 69
2 70
2 75
2 77
2 82
2 84
2 85
2 87
3 1
3 2
3 37
3 6
3 47
3 83
3 85
3 22
3 57
3 28
3 31
4 2
4 37
4 41
4 79
4 55
4 5
4 31
5 2
5 27
5 12
5 62
5 55
6 0
6 2
6 3
6 5
6 6
6 10
6 12
6 13
6 22
6 23
6 25
6 28
6 29
6 31
6 35
6 36
6 38
6 40
6 43
6 45
6 48
6 49
6 51
6 52
6 55
6 58
6 59
6 63
6 70
6 71
7 27
7 17
7 87
7 54
7 23
8 34
8 35
8 5
8 6
8 8
8 9
8 10
8 12
8 47
8 48
8 49
8 83
8 76
8 41
8 58
8 27
8 86
8 42
9 5
9 6
9 41
9 47
9 48
9 17
9 27
10 2
10 35
10 5
10 6
10 40
10 41
10 75
10 17
10 84
10 86
10 55
10 56
10 29
11 0
11 1
11 2
11 5
11 6
11 11
11 13
11 17
11 21
11 23
11 25
11 28
11 30
11 31
11 45
11 47
11 49
11 55
11 58
11 70
11 76
11 77
11 83
11 84
11 86
11 87
12 3
12 40
12 12
12 47
12 53
12 60
13 2
13 3
13 36
13 37
13 41
13 11
13 46
13 47
13 48
13 43
13 75
13 20
13 87
13 55
13 57
13 26
13 60
13 29
13 62
14 0
14 64
14 35
14 37
14 49
16 0
16 1
16 2
16 5
16 12
16 14
16 16
16 17
16 20
16 35
16 40
16 41
16 42
16 46
16 49
16 52
16 54
16 55
16 58
16 77
16 81
16 84
17 70
17 40
17 42
17 77
17 78
17 84
18 3
18 35
18 5
18 83
18 52
18 60
20 1
20 3
20 4
20 37
20 43
20 46
20 48
20 20
20 27
21 5
21 12
21 49
21 83
21 55
21 63
21 31
22 2
22 35
22 4
22 5
22 40
22 12
22 45
22 77
22 47
22 48
22 17
22 82
22 52
22 56
22 84
22 59
22 31
23 2
23 35
23 54
23 6
23 40
23 41
23 12
23 15
23 80
23 59
23 83
23 20
23 22
23 87
23 58
23 47
23 62
23 31
26 11
26 46
26 48
26 51
26 22
26 57
26 59
26 29
27 34
27 68
27 5
27 6
27 77
27 78
27 49
27 83
27 54
27 87
27 56
27 58
27 59
27 86
27 37
28 1
28 34
28 3
28 4
28 5
28 6
28 39
28 43
28 59
28 47
28 49
28 22
28 24
28 36
28 26
28 27
28 81
28 29
28 37
29 2
29 10
29 19
29 27
29 30
29 31
29 34
29 35
29 37
29 42
29 43
29 49
29 52
29 53
29 54
29 55
29 56
29 57
29 58
29 59
29 65
29 66
29 69
29 70
29 76
29 83
29 84
29 87
31 0
31 3
31 4
31 5
31 70
31 40
31 43
31 76
31 77
31 47
31 49
31 37
31 83
31 84
31 82
31 58
31 28
31 29
31 85
31 31
33 29
34 3
34 38
34 76
34 50
34 84
34 54
34 55
34 52
34 58
34 62
34 31
35 1
35 2
35 34
35 5
35 6
35 13
35 46
35 47
35 48
35 82
35 84
35 85
35 54
35 58
35 59
35 61
35 30
36 2
36 5
36 6
36 49
36 44
36 46
36 47
36 17
36 83
36 85
36 56
36 27
36 29
36 69
36 31
37 2
37 4
37 7
37 9
37 12
37 20
37 23
37 24
37 29
37 31
37 37
37 40
37 41
37 45
37 47
37 48
37 49
37 52
37 54
37 55
37 56
37 57
37 58
37 59
37 61
37 68
37 80
37 86
38 29
38 87
38 52
38 69
38 47
39 67
39 17
39 49
39 40
39 12
39 81
39 53
39 55
39 58
40 48
40 3
40 6
40 71
40 40
40 41
40 43
40 76
40 77
40 16
40 17
40 85
40 54
40 59
40 62
40 31
41 65
41 83
41 3
41 5
41 6
41 39
41 55
41 76
41 77
41 35
41 69
41 53
41 22
41 23
41 84
41 29
41 62
41 63
42 3
42 54
42 49
42 42
42 11
42 43
42 79
42 48
42 81
42 22
42 56
42 31
43 1
43 3
43 36
43 33
43 6
43 7
43 42
43 12
43 46
43 48
43 84
43 54
43 58
43 59
46 37
46 6
46 41
46 10
46 45
46 60
46 17
46 52
46 87
46 56
46 28
47 34
47 35
47 71
47 40
47 9
47 43
47 13
47 77
47 45
47 48
47 72
47 83
47 85
47 54
47 41
47 61
47 27
47 29
48 2
48 3
48 5
48 6
48 41
48 77
48 48
48 49
48 84
48 59
48 23
48 38
48 29
48 31
49 3
49 37
49 76
49 47
49 83
49 54
49 23
51 6
52 64
52 2
52 3
52 37
52 41
52 83
52 12
52 48
52 59
52 35
52 84
52 22
52 55
52 27
52 86
52 29
53 8
53 3
53 84
53 6
53 55
54 2
54 4
54 5
54 6
54 13
54 15
54 16
54 17
54 20
54 22
54 29
54 31
54 34
54 35
54 37
54 38
54 40
54 41
54 42
54 43
54 49
54 51
54 55
54 58
54 69
54 73
54 76
54 83
54 86
55 2
55 35
55 5
55 6
55 12
55 13
55 83
55 52
55 55
55 27
55 29
56 0
56 56
56 3
56 77
56 63
57 43
57 52
57 13
57 70
58 3
58 5
58 6
58 12
58 17
58 22
58 27
58 29
58 35
58 37
58 39
58 40
58 41
58 43
58 45
58 47
58 52
58 55
58 56
58 59
58 69
58 77
58 84
58 87
59 32
59 3
59 37
59 40
59 41
59 43
59 76
59 59
59 49
59 35
59 20
59 22
59 23
59 56
59 52
59 54
59 28
59 72
59 31
60 1
60 83
60 77
60 49
62 0
62 2
62 4
62 5
62 9
62 12
62 13
62 16
62 17
62 22
62 27
62 29
62 31
62 33
62 34
62 35
62 37
62 40
62 43
62 44
62 49
62 52
62 54
62 59
62 68
62 69
62 83
63 2
63 71
63 73
63 42
63 43
63 34
63 14
63 47
63 83
63 84
63 86
63 56
69 41
69 2
69 29
69 85
69 47
70 37
70 41
70 12
70 77
70 78
70 79
70 46
70 55
70 47
70 31
74 49
74 55
74 17
74 77
74 79
76 84
76 67
76 4
76 8
76 45
76 48
76 53
76 20
76 21
76 54
76 55
76 52
76 58
76 29
76 31
77 2
77 35
77 36
77 70
77 42
77 12
77 77
77 47
77 49
77 19
77 52
77 54
77 55
77 56
77 59
78 2
78 35
78 6
78 47
78 49
78 54
78 56
78 29
79 17
80 5
80 7
80 11
80 12
80 16
80 17
80 18
80 19
80 20
80 26
80 29
80 31
80 35
80 41
80 47
80 48
80 49
80 54
80 56
80 58
80 62
80 75
80 77
80 80
80 83
80 84
81 48
81 41
81 58
81 43
81 17
82 34
82 12
82 77
82 48
82 17
82 55
83 35
83 37
83 81
83 9
83 74
83 77
83 78
83 15
83 17
83 50
83 83
83 52
83 53
83 54
83 41
83 24
83 47
83 86
83 29
83 31
84 3
84 37
84 47
84 48
84 83
84 53
84 54
85 66
85 3
85 4
85 5
85 41
85 77
85 59
85 82
85 83
85 84
85 53
85 22
85 87
85 58
85 54
85 29
86 35
86 37
86 43
86 76
86 15
86 48
86 17
86 83
86 84
86 59
86 23
86 52
86 47
86 31
87 65
87 2
87 66
87 37
87 49
87 74
87 43
87 13
87 77
87 17
87 84
87 55
87 45
87 27
