88
0 32
0 70
0 8
0 73
0 74
0 44
0 78
0 48
0 19
1 3
1 8
1 10
1 12
1 13
1 21
1 27
1 32
1 34
1 36
1 40
1 41
1 42
1 48
1 53
1 60
1 61
1 64
1 67
1 68
1 71
1 73
1 74
1 77
1 79
1 84
1 85
1 87
2 8
2 12
2 21
2 27
2 33
2 35
2 40
2 41
2 42
2 43
2 47
2 53
2 60
2 67
2 70
2 73
2 74
2 78
2 79
2 84
2 86
2 87
4 80
4 2
4 35
4 68
4 37
4 71
4 40
4 73
4 74
4 43
4 34
4 77
4 13
4 48
4 79
4 21
4 56
4 25
4 47
4 53
5 2
5 67
5 68
5 70
5 71
5 73
5 74
5 79
5 80
5 57
8 36
8 5
8 70
8 8
8 60
8 75
8 77
8 78
8 47
8 50
8 53
8 87
8 24
8 28
8 30
8 37
12 34
12 37
12 71
12 41
12 80
12 53
12 86
12 55
12 56
12 31
16 32
16 43
16 66
16 3
20 70
20 71
20 40
20 74
20 43
20 78
20 19
20 87
20 56
20 27
20 28
20 31
21 8
21 10
21 21
21 28
21 31
21 33
21 36
21 40
21 45
21 49
21 51
21 60
21 61
21 64
21 66
21 68
21 72
21 77
21 79
21 80
21 84
21 87
22 32
22 2
22 35
22 68
22 8
22 74
22 75
22 13
22 77
22 48
22 67
22 84
22 21
22 56
22 28
23 2
23 3
23 5
23 13
23 21
23 27
23 31
23 34
23 39
23 41
23 43
23 44
23 45
23 47
23 48
23 53
23 57
23 64
23 65
23 66
23 68
23 70
23 71
23 74
23 80
23 84
23 86
28 2
28 8
28 21
28 27
28 31
28 33
28 34
28 36
28 37
28 40
28 41
28 43
28 45
28 57
28 64
28 68
28 71
28 74
28 76
28 80
28 84
28 86
28 87
30 32
30 37
30 70
30 41
30 74
30 80
30 60
32 2
32 67
32 70
32 71
32 8
32 10
32 78
32 66
32 77
32 47
32 48
32 40
32 19
32 84
32 21
32 86
32 28
32 42
32 30
32 31
33 64
33 32
33 34
33 40
33 73
33 42
33 78
33 48
33 82
33 21
33 41
33 27
33 53
34 67
34 36
34 40
34 73
34 12
34 78
34 19
34 28
34 61
36 32
36 64
36 35
36 70
36 71
36 79
36 43
36 13
36 77
36 47
36 81
36 67
36 78
36 56
36 57
36 27
37 66
37 67
37 70
37 71
37 13
37 79
37 80
37 35
37 27
40 32
40 68
40 41
40 48
40 19
40 84
40 53
40 87
40 60
40 61
41 2
41 3
41 12
41 27
41 31
41 34
41 35
41 40
41 41
41 43
41 50
41 60
41 61
41 64
41 67
41 70
41 72
41 74
41 77
41 78
41 79
41 82
41 86
41 87
42 64
42 33
42 2
42 70
42 71
42 80
42 60
42 42
42 12
42 66
42 48
42 74
42 86
42 87
42 56
42 58
42 28
42 61
44 21
44 25
44 28
44 30
44 32
44 43
44 47
44 49
44 53
44 56
44 57
44 60
44 65
44 66
44 67
44 70
44 71
44 74
44 76
44 77
44 78
44 79
44 87
46 64
46 66
46 37
46 42
46 76
46 47
46 51
46 60
46 61
48 67
48 68
48 70
48 12
48 48
48 61
48 31
50 64
50 80
50 34
50 67
50 37
50 8
50 41
50 87
50 60
50 61
50 47
50 48
50 82
50 84
50 21
50 73
50 56
50 28
50 53
50 31
51 33
51 34
51 59
51 66
51 5
51 40
51 41
51 79
51 87
51 2
51 77
51 47
51 48
51 84
51 21
51 73
51 56
51 27
51 61
51 85
51 53
52 2
52 5
52 28
52 30
52 34
52 35
52 37
52 40
52 41
52 43
52 47
52 48
52 49
52 51
52 56
52 61
52 68
52 72
52 77
52 78
52 79
52 86
53 33
53 2
53 34
53 47
53 56
53 50
53 84
53 21
53 87
53 24
53 27
53 60
53 61
54 2
54 8
54 12
54 27
54 29
54 30
54 31
54 32
54 33
54 36
54 37
54 40
54 42
54 48
54 50
54 53
54 56
54 64
54 67
54 68
54 77
54 79
54 80
54 81
54 84
54 86
55 3
55 5
55 21
55 24
55 28
55 31
55 32
55 33
55 34
55 37
55 40
55 43
55 45
55 47
55 48
55 50
55 51
55 64
55 67
55 68
55 70
55 71
55 73
55 78
55 82
55 84
57 32
57 64
57 68
57 37
57 38
57 71
57 8
57 74
57 75
57 12
57 78
57 47
57 48
57 84
57 21
57 86
57 26
57 28
57 61
57 30
57 85
59 2
59 5
59 10
59 12
59 27
59 28
59 32
59 33
59 34
59 35
59 37
59 48
59 53
59 56
59 60
59 61
59 64
59 66
59 67
59 68
59 70
59 71
59 72
59 74
59 77
59 79
59 84
59 87
61 8
61 21
61 24
61 28
61 31
61 32
61 33
61 34
61 35
61 36
61 42
61 43
61 49
61 50
61 51
61 53
61 56
61 66
61 68
61 70
61 71
61 73
61 74
61 76
61 79
61 80
61 84
62 32
62 66
62 67
62 68
62 40
62 73
62 76
62 45
62 79
62 81
62 41
62 57
66 64
66 33
66 2
66 35
66 40
66 41
66 12
66 34
66 80
66 45
66 48
66 49
66 21
66 56
66 53
66 85
66 31
67 2
67 8
67 27
67 28
67 35
67 40
67 43
67 47
67 48
67 53
67 56
67 60
67 66
67 67
67 68
67 71
67 73
67 74
67 77
67 79
67 80
67 84
67 87
68 64
68 66
68 68
68 37
68 77
68 78
68 50
68 53
68 56
68 26
69 67
69 68
69 8
69 42
69 43
69 84
69 87
69 24
69 26
69 60
71 20
71 21
71 27
71 28
71 30
71 37
71 40
71 41
71 43
71 47
71 56
71 59
71 60
71 61
71 64
71 67
71 68
71 73
71 74
71 77
71 79
71 80
71 84
73 2
73 10
73 12
73 19
73 21
73 24
73 27
73 28
73 32
73 33
73 37
73 40
73 43
73 47
73 53
73 56
73 61
73 66
73 70
73 80
73 82
73 84
73 87
75 32
75 64
75 35
75 37
75 65
75 80
75 43
75 78
75 47
75 48
75 18
75 19
75 86
75 79
75 60
75 31
76 2
76 8
76 10
76 21
76 28
76 30
76 34
76 37
76 46
76 47
76 48
76 51
76 53
76 56
76 60
76 61
76 64
76 67
76 68
76 70
76 71
76 73
76 74
76 75
76 77
76 78
76 82
76 86
78 2
78 3
78 5
78 8
78 27
78 28
78 32
78 33
78 36
78 37
78 40
78 43
78 47
78 56
78 58
78 67
78 71
78 72
78 73
78 75
78 77
78 79
78 86
78 87
80 32
80 35
80 70
80 71
80 72
80 73
80 74
80 60
80 79
80 48
80 41
80 28
81 32
81 33
81 2
81 67
81 70
81 49
81 8
81 41
81 87
81 34
81 64
81 79
81 40
81 84
81 85
81 73
81 56
81 72
81 27
81 60
81 31
82 2
82 8
82 13
82 27
82 30
82 32
82 33
82 35
82 37
82 41
82 42
82 43
82 48
82 53
82 60
82 61
82 64
82 68
82 71
82 72
82 73
82 76
82 78
82 79
82 82
82 86
83 2
83 8
83 10
83 37
83 38
83 40
83 41
83 47
83 57
83 60
83 61
83 64
83 71
83 72
83 74
83 75
83 76
83 77
83 78
83 80
83 84
83 85
83 86
83 87
86 8
86 10
86 19
86 21
86 24
86 27
86 31
86 35
86 43
86 47
86 53
86 56
86 57
86 58
86 60
86 64
86 68
86 71
86 72
86 74
86 77
86 80
86 85
86 87
