88
0 32
0 87
0 36
0 54
0 39
0 41
0 43
0 14
0 47
0 22
0 23
0 68
0 71
0 27
0 61
0 69
0 63
1 64
1 65
1 34
1 37
1 71
1 40
1 73
1 10
1 83
1 81
1 51
1 86
1 23
1 25
1 27
1 29
1 30
1 69
2 64
2 1
2 34
2 3
2 68
2 69
2 65
2 44
2 10
2 75
2 12
2 50
2 18
2 54
2 23
2 61
3 1
3 8
3 44
3 74
3 75
3 12
3 47
3 72
3 9
3 22
3 87
3 29
3 30
3 63
4 64
4 69
4 39
4 43
4 76
4 13
4 52
4 53
4 29
5 64
5 65
5 10
5 69
5 30
6 75
7 32
7 66
7 3
7 68
7 37
7 71
7 8
7 67
7 12
7 45
7 77
7 75
7 51
7 20
7 22
7 61
7 69
7 63
8 64
8 65
8 76
8 13
8 22
9 65
9 36
9 69
9 40
9 78
9 81
9 60
10 87
10 10
10 43
10 69
10 45
11 66
11 3
11 4
11 72
11 44
11 49
11 86
11 25
12 66
12 3
12 69
12 42
12 13
12 52
12 54
12 25
13 65
13 38
13 11
13 44
13 46
13 79
13 20
13 26
13 62
15 8
15 81
15 12
15 22
15 44
16 64
16 65
16 67
16 68
16 38
16 32
16 40
16 43
16 47
16 52
16 23
16 63
17 3
18 32
18 65
18 75
18 69
18 39
18 8
18 80
18 74
18 71
18 44
18 15
18 48
18 81
18 25
18 79
18 61
18 62
19 3
20 73
20 83
20 43
20 38
20 47
21 66
21 71
21 8
21 9
21 40
21 53
21 87
21 27
22 50
22 54
22 78
22 5
23 1
23 2
23 3
23 36
23 38
23 33
23 72
23 10
23 43
23 78
23 79
23 18
23 53
23 86
23 25
23 26
24 33
24 74
24 37
24 38
24 65
24 9
24 42
24 87
24 12
24 47
24 76
24 81
24 18
24 20
24 73
24 24
24 25
24 26
24 61
24 31
25 36
25 7
25 73
25 10
25 39
25 77
25 50
25 52
25 53
25 22
25 87
25 62
25 30
25 63
27 65
27 75
27 36
27 39
27 8
27 9
27 10
27 71
27 13
27 46
27 79
27 40
27 50
27 53
27 72
27 27
27 60
27 29
28 64
28 33
28 83
28 4
28 70
28 68
28 71
28 9
28 42
28 43
28 44
28 13
28 81
28 18
28 51
28 54
28 73
28 57
28 62
28 63
30 32
30 66
30 39
30 40
30 10
30 75
30 44
30 46
30 57
30 63
31 42
31 75
31 36
31 45
32 65
32 36
32 72
32 10
32 11
32 50
32 53
32 62
33 32
33 33
33 39
33 40
33 41
33 74
33 12
33 18
33 23
34 2
34 69
34 9
34 13
34 78
34 20
34 23
34 62
35 9
35 2
35 82
35 23
36 63
36 76
36 39
37 72
37 65
37 43
37 84
37 45
38 32
38 1
38 75
38 36
38 38
38 39
38 64
38 10
38 43
38 12
38 77
38 18
38 20
38 82
38 22
38 25
38 65
38 42
38 62
38 63
39 64
39 66
39 3
39 54
39 38
39 39
39 8
39 41
39 42
39 71
39 70
39 40
39 18
39 67
39 22
39 72
39 86
39 60
39 74
40 65
40 43
40 68
40 69
40 39
40 8
40 42
40 7
40 13
40 78
40 79
40 50
40 40
40 18
40 52
40 21
40 71
40 75
40 62
41 64
41 72
41 75
41 29
42 3
42 36
42 69
42 39
42 42
42 7
42 44
42 13
42 77
42 43
42 75
42 83
42 82
42 22
42 68
42 74
42 62
43 35
43 43
43 12
43 22
43 86
44 64
44 65
44 32
44 40
44 9
44 8
44 53
44 72
45 72
45 50
45 38
46 50
46 54
46 39
46 10
46 75
46 13
46 46
46 79
46 81
46 18
46 20
46 53
46 22
46 57
46 52
46 29
46 63
47 2
47 67
47 36
47 38
47 71
47 72
47 44
47 10
47 43
47 12
47 50
47 77
47 47
47 18
47 73
47 75
47 60
47 63
48 64
48 8
48 43
48 12
48 71
49 32
49 65
49 75
49 39
49 8
49 41
49 71
49 12
49 46
49 18
49 20
49 73
49 25
49 27
49 31
50 32
50 68
50 34
50 67
50 4
50 37
50 38
50 9
50 79
50 12
50 14
50 44
50 18
50 53
50 22
50 36
50 54
50 69
51 64
51 32
51 38
51 40
51 12
51 45
51 50
51 20
51 63
52 10
52 20
52 53
52 79
53 34
53 67
53 38
53 9
53 10
53 43
53 44
53 13
53 20
53 41
53 22
53 23
53 25
53 87
53 62
54 32
54 66
54 67
54 69
54 38
54 71
54 8
54 75
54 87
54 50
54 83
54 20
54 23
54 26
54 27
54 61
55 66
55 67
55 36
55 87
56 64
56 67
56 69
56 70
56 8
56 9
56 42
56 43
56 13
56 47
56 72
56 53
56 22
56 87
56 56
56 79
56 74
56 62
56 63
57 82
57 87
57 54
57 39
58 64
58 36
58 42
58 82
58 25
58 26
59 64
59 73
59 13
59 18
59 20
59 63
60 32
60 3
60 74
60 43
60 12
60 54
61 66
61 10
61 78
61 47
61 18
61 24
62 72
62 3
62 69
62 39
64 64
64 71
64 43
64 13
64 47
64 54
64 39
65 0
65 64
65 34
65 3
65 37
65 39
65 8
65 41
65 42
65 77
65 78
65 50
65 87
65 25
65 27
65 62
65 69
67 29
68 32
68 66
68 3
68 39
68 8
68 9
68 42
68 44
68 81
68 40
68 53
68 22
68 87
69 32
69 40
69 37
69 38
69 71
70 64
70 65
70 2
70 67
70 22
70 73
70 74
70 23
70 79
70 50
70 54
70 55
70 87
70 75
70 62
71 71
71 68
71 69
71 38
71 39
71 8
71 73
71 74
71 43
71 12
71 18
71 53
71 26
71 75
71 70
72 65
72 50
72 82
72 38
72 39
72 72
72 42
72 11
72 13
72 46
72 18
72 20
72 53
72 54
72 87
72 74
73 64
73 33
73 34
73 6
73 8
73 74
73 15
73 50
73 22
73 25
73 60
73 62
73 31
74 65
74 66
74 69
74 72
74 44
74 79
74 16
74 8
74 53
74 54
74 62
74 63
75 9
75 12
75 73
75 81
75 18
75 22
75 23
76 32
76 65
76 66
76 68
76 39
76 43
76 23
76 25
77 32
77 33
77 36
77 69
77 63
77 79
77 43
77 44
77 13
77 73
77 51
77 53
77 54
77 23
77 87
77 27
77 62
77 31
78 34
78 72
78 10
78 75
78 78
78 17
78 22
78 25
78 28
79 68
79 65
79 43
79 36
79 69
79 39
79 73
79 74
79 11
79 50
79 14
79 18
79 67
79 53
79 22
79 57
79 58
79 62
80 64
80 8
80 20
80 77
80 13
81 3
81 68
81 71
81 8
81 10
81 75
81 45
81 46
81 47
81 40
81 67
81 23
81 25
81 42
82 65
82 66
82 3
82 68
82 69
82 70
82 74
82 42
83 64
83 66
83 36
83 8
83 9
83 74
83 43
83 44
83 13
83 78
83 73
83 40
83 50
83 79
83 20
83 54
83 23
83 83
83 27
84 1
84 3
84 69
84 38
84 39
84 8
84 76
84 71
84 44
84 50
84 78
84 77
84 18
84 20
84 24
84 60
85 32
85 1
85 2
85 67
85 68
85 38
85 77
85 8
85 9
85 74
85 43
85 12
85 66
85 64
85 47
85 83
85 61
85 63
86 66
86 37
86 71
86 72
86 73
86 42
86 43
86 76
86 2
86 47
86 40
86 82
86 22
86 23
87 64
87 65
87 66
87 36
87 38
87 39
87 72
87 74
87 87
87 50
87 18
87 53
87 23
