88
1 64
1 2
1 66
1 38
1 6
1 8
1 79
1 70
1 13
1 46
1 15
1 72
1 82
1 83
1 21
1 54
1 86
1 27
1 60
1 53
3 0
3 35
3 36
3 86
3 70
3 71
3 79
3 87
3 13
3 77
3 47
3 49
3 51
3 62
3 54
3 23
3 63
3 30
3 31
4 0
4 10
4 19
4 21
4 30
4 35
4 38
4 45
4 47
4 60
4 62
4 64
4 67
4 69
4 72
4 73
4 74
4 76
4 77
4 78
4 80
4 82
4 87
5 6
5 8
5 11
5 15
5 19
5 25
5 29
5 36
5 40
5 41
5 45
5 49
5 52
5 62
5 64
5 70
5 71
5 72
5 74
5 75
5 79
5 82
5 85
5 86
7 7
7 9
7 11
7 13
7 15
7 23
7 24
7 28
7 31
7 36
7 38
7 49
7 54
7 56
7 57
7 59
7 60
7 65
7 69
7 75
7 82
7 85
9 32
9 66
9 35
9 6
9 71
9 8
9 9
9 74
9 67
9 76
9 77
9 78
9 79
9 19
9 25
9 60
9 29
9 62
10 2
10 8
10 9
10 10
10 11
10 13
10 19
10 24
10 29
10 31
10 33
10 36
10 40
10 45
10 49
10 56
10 59
10 60
10 63
10 64
10 65
10 70
10 71
10 74
10 76
10 77
10 78
10 82
10 85
10 87
11 0
11 33
11 59
11 6
11 40
11 60
11 10
11 11
11 76
11 45
11 15
11 80
11 19
11 73
11 57
11 47
11 28
11 62
11 79
12 1
12 2
12 9
12 10
12 11
12 18
12 19
12 21
12 23
12 35
12 40
12 46
12 47
12 50
12 53
12 59
12 65
12 67
12 69
12 70
12 72
12 73
12 82
12 87
17 0
17 59
20 33
20 2
20 59
20 36
20 70
20 6
20 72
20 41
20 79
20 45
20 13
20 15
20 19
20 52
20 85
20 54
20 27
20 86
20 61
20 51
21 64
21 1
21 2
21 67
21 69
21 71
21 40
21 41
21 76
21 46
21 47
21 72
21 82
21 19
21 52
21 86
21 23
21 56
21 27
21 60
26 1
26 8
26 9
26 15
26 18
26 20
26 21
26 24
26 32
26 38
26 47
26 50
26 54
26 56
26 59
26 61
26 64
26 67
26 75
26 77
26 79
26 85
26 86
27 1
27 2
27 10
27 13
27 19
27 23
27 24
27 27
27 28
27 29
27 30
27 32
27 51
27 57
27 67
27 72
27 73
27 74
27 76
27 78
27 79
27 82
27 85
28 66
28 35
28 70
28 41
28 79
28 62
28 76
28 46
28 47
28 59
28 82
28 19
28 53
28 54
28 24
28 27
28 78
28 30
28 31
29 32
29 33
29 2
29 35
29 82
29 69
29 70
29 8
29 10
29 75
29 66
29 46
29 50
29 86
29 87
29 56
29 59
29 28
29 61
29 62
30 0
30 34
30 67
30 36
30 71
30 72
30 79
30 75
30 77
30 15
30 49
30 85
30 86
30 87
30 57
30 59
30 29
31 67
31 36
31 6
31 73
31 10
31 13
31 15
31 83
31 62
31 23
31 57
31 28
31 30
32 6
32 8
32 19
32 21
32 23
32 27
32 29
32 32
32 33
32 35
32 46
32 47
32 53
32 57
32 66
32 70
32 75
32 77
32 82
32 83
32 86
32 87
33 2
33 67
33 36
33 40
33 75
33 11
33 44
33 45
33 46
33 56
33 50
33 51
33 20
33 21
33 54
33 87
33 24
33 27
33 85
33 53
35 1
35 2
35 9
35 11
35 15
35 19
35 23
35 25
35 27
35 30
35 31
35 36
35 40
35 45
35 46
35 51
35 52
35 53
35 54
35 59
35 60
35 61
35 75
35 77
35 85
35 87
37 33
37 2
37 38
37 9
37 74
37 75
37 60
37 66
37 46
37 47
37 82
37 51
37 52
37 53
37 27
37 28
37 78
37 30
37 85
38 0
38 33
38 2
38 75
38 70
38 6
38 72
38 60
38 74
38 11
38 13
38 78
38 73
38 49
38 50
38 19
38 22
38 23
38 59
38 28
38 31
40 1
40 2
40 59
40 36
40 6
40 33
40 10
40 67
40 78
40 65
40 46
40 49
40 50
40 19
40 53
40 86
40 87
40 27
40 51
40 30
40 31
42 64
42 73
42 13
42 46
42 79
42 82
42 52
42 86
42 41
42 57
42 31
46 1
46 2
46 6
46 9
46 11
46 13
46 15
46 18
46 23
46 24
46 27
46 29
46 32
46 33
46 35
46 41
46 46
46 52
46 54
46 61
46 67
46 69
46 71
46 73
46 76
46 77
46 86
46 87
47 0
47 2
47 35
47 69
47 77
47 8
47 9
47 79
47 75
47 66
47 63
47 60
47 40
47 51
47 85
47 87
47 72
47 59
47 28
47 29
47 31
48 1
48 8
48 10
48 23
48 24
48 31
48 32
48 33
48 35
48 40
48 46
48 47
48 51
48 53
48 56
48 59
48 61
48 63
48 64
48 67
48 73
48 76
48 82
48 83
49 1
49 8
49 18
49 23
49 28
49 31
49 32
49 33
49 34
49 36
49 40
49 41
49 53
49 56
49 59
49 64
49 67
49 69
49 72
49 76
49 77
49 83
52 0
52 1
52 6
52 10
52 30
52 31
52 36
52 40
52 44
52 51
52 52
52 54
52 57
52 61
52 64
52 66
52 67
52 70
52 71
52 72
52 73
52 76
52 77
52 79
52 87
56 0
56 6
56 8
56 9
56 13
56 35
56 38
56 40
56 47
56 50
56 53
56 59
56 60
56 61
56 63
56 64
56 66
56 71
56 72
56 74
56 76
56 77
56 86
59 64
59 33
59 67
59 70
59 71
59 9
59 74
59 11
59 47
59 49
59 20
59 21
59 73
59 41
59 52
59 27
59 60
59 61
59 31
62 10
62 19
62 24
62 27
62 28
62 30
62 32
62 35
62 40
62 45
62 47
62 50
62 52
62 56
62 60
62 66
62 69
62 72
62 75
62 76
62 78
62 85
62 86
63 0
63 2
63 8
63 10
63 11
63 13
63 15
63 21
63 24
63 25
63 27
63 28
63 30
63 31
63 32
63 33
63 40
63 49
63 50
63 67
63 74
63 77
63 78
63 79
63 80
64 0
64 10
64 11
64 18
64 21
64 23
64 24
64 25
64 27
64 29
64 30
64 31
64 32
64 46
64 47
64 50
64 51
64 56
64 60
64 61
64 63
64 64
64 70
64 74
64 75
64 76
64 79
64 82
64 85
64 86
64 87
67 0
67 1
67 2
67 66
67 74
67 6
67 32
67 9
67 10
67 13
67 46
67 45
67 79
67 52
67 78
67 86
67 57
67 47
67 60
67 29
67 62
70 0
70 1
70 15
70 19
70 23
70 24
70 27
70 28
70 30
70 31
70 36
70 40
70 50
70 51
70 52
70 54
70 56
70 65
70 66
70 69
70 73
70 75
70 76
70 78
70 79
70 82
74 32
74 51
74 59
74 36
74 65
74 8
74 47
74 60
74 13
74 46
74 15
74 72
74 19
74 52
74 54
74 73
74 25
74 27
74 28
76 1
76 2
76 6
76 8
76 10
76 15
76 19
76 21
76 23
76 24
76 27
76 28
76 29
76 33
76 35
76 40
76 47
76 49
76 50
76 53
76 59
76 62
76 65
76 69
76 70
76 73
76 74
76 77
76 79
76 82
76 85
76 87
82 1
82 60
86 0
86 10
86 18
86 19
86 25
86 28
86 31
86 36
86 46
86 47
86 49
86 50
86 51
86 52
86 53
86 56
86 57
86 61
86 62
86 66
86 71
86 73
86 79
86 82
86 85
87 0
87 64
87 67
87 70
87 6
87 8
87 9
87 75
87 13
87 78
87 79
87 40
87 18
87 53
87 54
87 56
87 57
87 31
