88
0 32
0 65
0 34
0 3
0 68
0 6
0 8
0 76
0 10
0 44
0 82
0 46
0 40
0 50
0 52
0 78
0 23
0 24
0 59
0 74
0 30
1 68
1 5
1 74
1 48
1 24
1 18
1 19
1 23
1 56
1 59
1 10
1 30
1 63
2 68
2 5
2 6
2 48
2 18
2 19
2 86
2 56
2 26
2 59
3 64
3 1
3 34
3 3
3 68
3 5
3 74
3 13
3 46
3 48
3 50
3 82
3 23
3 59
3 60
3 63
4 64
4 1
4 2
4 3
4 66
4 65
4 8
4 42
4 13
4 48
4 50
4 19
4 82
4 86
4 23
4 68
4 26
4 74
4 30
4 63
7 65
7 2
7 66
7 5
7 6
7 8
7 42
7 87
7 34
7 46
7 40
7 19
7 52
7 23
7 24
7 68
7 74
7 62
7 63
8 64
8 65
8 3
8 68
8 5
8 1
8 74
8 44
8 13
8 81
8 32
8 56
8 24
8 59
9 65
9 2
9 40
9 42
9 82
9 78
9 56
9 50
9 74
9 86
9 87
9 24
9 59
9 10
9 30
10 65
10 2
10 5
10 6
10 42
10 66
10 82
10 19
10 52
10 86
11 8
11 52
11 18
11 44
12 64
12 34
12 3
12 68
12 8
12 46
12 40
12 50
12 19
12 86
12 24
12 63
15 2
15 3
15 68
15 6
15 8
15 13
15 78
15 18
15 19
15 87
15 24
15 59
15 63
16 60
16 66
16 52
16 30
17 32
17 65
17 6
17 40
17 42
17 13
17 78
17 56
17 23
17 24
17 74
17 30
17 63
19 66
19 34
19 6
19 8
19 13
19 46
19 19
19 56
19 26
19 63
20 40
20 34
20 52
20 46
20 63
21 65
21 66
21 68
21 44
21 13
21 19
21 87
22 65
22 66
22 34
22 68
22 42
22 13
22 78
22 82
22 52
22 86
22 87
22 24
22 59
23 1
23 13
23 18
23 87
23 56
23 63
25 32
25 1
25 2
25 3
25 66
25 5
25 65
25 64
25 10
25 44
25 13
25 46
25 34
25 19
25 62
25 87
25 24
25 68
25 26
25 74
25 30
27 32
27 1
27 66
27 68
27 6
27 76
27 10
27 87
27 44
27 78
27 18
27 19
27 52
27 62
27 86
27 23
27 59
27 42
27 30
28 32
28 3
28 6
28 8
28 50
28 56
28 82
28 52
28 24
28 26
28 63
29 56
30 66
30 68
30 5
30 6
30 8
30 10
30 82
30 78
30 40
30 18
30 87
30 26
30 59
30 60
30 42
31 32
31 34
31 8
31 40
31 86
31 24
31 26
31 63
32 2
32 5
32 74
32 44
32 50
32 56
32 82
32 19
32 24
32 26
33 66
33 68
33 6
33 8
33 74
33 44
33 50
33 46
33 48
33 56
33 18
33 62
33 86
33 87
33 24
33 78
33 30
34 1
34 2
34 68
34 65
34 74
34 76
34 13
34 82
34 86
34 87
34 42
35 65
35 34
35 6
35 8
35 76
35 13
35 48
35 40
35 62
35 56
35 30
36 32
36 2
36 34
36 6
36 8
36 13
36 46
36 48
36 40
36 82
36 20
36 62
36 23
36 24
36 52
36 26
36 59
36 60
36 30
36 63
37 1
37 2
37 5
37 65
37 10
37 76
37 50
37 46
37 56
37 18
37 19
37 78
37 24
37 59
37 74
38 66
38 3
38 68
38 8
38 76
38 74
38 44
38 13
38 18
38 19
38 52
38 82
38 86
38 23
38 26
38 62
38 63
39 2
39 6
39 23
39 76
39 48
39 19
39 52
39 87
39 56
39 59
39 63
40 74
40 50
40 30
40 24
40 59
40 62
41 64
41 65
41 3
41 82
41 5
41 6
41 40
41 74
41 76
41 13
41 78
41 48
41 50
41 18
41 52
41 23
41 60
41 63
43 64
43 1
43 66
43 76
43 42
43 44
43 13
43 46
43 18
43 19
43 86
43 59
43 60
43 30
43 63
44 64
44 1
44 6
44 8
44 78
44 40
44 19
44 86
44 24
44 62
44 63
45 32
45 65
45 2
45 34
45 5
45 6
45 40
45 87
45 13
45 78
45 50
45 18
45 19
45 23
45 24
45 26
45 60
46 32
46 65
46 34
46 68
46 5
46 6
46 10
46 13
46 46
46 48
46 78
46 86
46 23
46 42
46 62
47 66
47 3
47 68
47 42
47 13
47 81
47 19
47 56
47 59
47 60
47 63
49 64
49 1
49 2
49 34
49 6
49 65
49 74
49 13
49 78
49 50
49 81
49 18
49 19
49 52
49 86
49 23
49 24
49 59
49 63
51 1
51 66
51 3
51 5
51 6
51 65
51 8
51 10
51 78
51 48
51 40
51 18
51 19
51 74
51 86
51 24
51 81
51 42
51 62
51 63
53 56
53 62
53 86
54 32
54 1
54 2
54 3
54 6
54 65
54 40
54 76
54 10
54 44
54 66
54 46
54 50
54 19
54 74
54 78
54 26
54 60
54 42
54 62
54 63
55 24
55 42
55 26
55 13
56 3
56 6
56 10
56 44
56 86
56 23
56 56
56 59
57 32
57 65
57 34
57 68
57 6
57 8
57 74
57 13
57 87
57 59
57 42
58 64
58 34
58 3
58 68
58 6
58 76
58 74
58 44
58 66
58 56
58 19
58 87
58 24
58 62
58 63
59 5
59 8
59 74
59 76
59 13
59 52
59 86
59 59
59 42
61 1
61 2
61 68
61 8
61 44
61 13
61 46
61 81
61 40
61 23
61 56
61 26
61 63
66 32
66 1
66 2
66 50
66 66
66 81
66 65
66 74
66 44
66 13
66 46
66 48
66 56
66 18
66 52
66 86
66 24
66 59
66 60
66 63
67 65
67 34
67 66
67 74
67 87
67 44
67 13
67 46
67 18
67 19
67 82
67 23
67 56
67 68
67 26
67 63
68 64
68 66
68 10
68 76
68 2
68 19
68 87
68 60
68 30
69 32
69 64
69 2
69 34
69 68
69 5
69 6
69 65
69 10
69 87
69 13
69 78
69 48
69 56
69 18
69 86
69 23
69 24
69 63
70 1
70 6
70 74
70 76
70 13
70 50
70 19
70 24
70 59
70 60
70 30
71 1
71 66
71 68
71 6
71 74
71 13
71 48
71 82
71 86
71 87
71 59
71 60
71 10
72 32
72 1
72 65
72 40
72 64
72 74
72 87
72 76
72 46
72 56
72 18
72 19
72 62
72 86
72 23
72 24
72 26
72 60
72 78
72 30
72 63
73 64
73 1
73 2
73 34
73 66
73 6
73 10
73 76
73 13
73 46
73 48
73 50
73 19
73 52
73 78
73 23
73 56
73 59
73 60
73 82
74 32
74 1
74 68
74 65
74 8
74 13
74 46
74 48
74 18
74 87
74 56
74 26
75 32
75 64
75 66
75 3
75 68
75 65
75 40
75 42
75 44
75 13
75 48
75 86
75 87
75 56
75 59
75 74
76 56
76 24
76 19
76 86
76 6
77 1
77 2
77 68
77 5
77 6
77 8
77 76
77 74
77 44
77 82
77 48
77 40
77 18
77 56
77 86
77 23
77 24
77 59
77 30
78 64
78 32
78 68
78 8
78 13
78 78
78 19
78 86
78 56
78 63
79 64
79 65
79 34
79 56
79 5
79 8
79 10
79 13
79 46
79 48
79 40
79 52
79 23
79 24
79 26
79 60
79 63
81 74
81 86
81 6
83 64
83 1
83 34
83 6
83 65
83 8
83 10
83 76
83 82
83 50
83 19
83 20
83 62
83 86
83 23
83 24
83 59
83 60
83 74
83 30
83 63
84 64
84 2
84 68
84 8
84 34
84 46
84 48
84 66
84 56
84 59
85 68
86 65
86 66
86 68
86 6
86 10
86 56
86 86
86 24
86 60
