88
0 68
0 40
0 10
0 51
0 22
0 23
0 42
0 31
1 1
1 69
1 72
1 9
1 10
1 76
1 77
1 78
1 47
1 48
1 84
1 53
1 87
1 26
1 27
1 42
1 31
2 66
2 68
2 73
2 16
2 23
2 56
3 66
3 36
3 49
3 40
3 73
3 74
3 43
3 16
3 81
3 85
3 56
3 24
3 57
3 42
4 1
4 67
4 6
4 9
4 76
4 78
4 35
4 57
4 59
4 28
4 29
5 16
5 34
5 60
5 58
6 65
6 68
6 37
6 42
6 47
6 16
6 21
6 57
6 59
7 32
7 65
7 2
7 68
7 38
7 39
7 8
7 42
7 71
7 34
7 72
7 85
7 26
7 27
7 58
7 30
8 64
8 62
8 7
10 2
10 3
10 68
10 6
10 73
10 77
10 17
10 35
10 85
10 86
10 57
10 28
10 30
11 65
11 35
11 70
11 1
11 43
11 45
11 20
11 86
11 87
11 56
11 25
12 68
12 73
12 12
12 81
12 21
12 25
13 1
13 2
13 67
13 86
13 6
13 33
13 72
13 9
13 10
13 12
13 78
13 47
13 83
13 20
13 21
13 54
13 55
13 24
13 59
13 85
13 31
15 71
15 73
15 74
15 43
15 12
15 80
15 20
15 60
15 31
16 65
16 33
16 9
16 43
16 73
16 17
16 84
16 57
16 22
16 41
16 25
16 30
16 52
17 32
17 65
17 68
17 47
17 56
17 22
17 24
17 59
18 63
18 6
18 71
20 17
20 30
21 20
21 45
21 54
21 21
22 34
22 67
22 54
22 72
22 41
22 10
22 43
22 13
22 17
22 86
22 56
22 74
23 64
23 7
23 44
23 71
23 12
23 25
24 64
24 35
24 36
24 37
24 8
24 46
24 80
24 22
24 56
25 67
25 68
25 69
25 6
25 44
25 49
25 52
25 57
25 61
25 30
25 31
26 84
26 68
26 13
26 46
27 16
27 36
27 46
27 80
27 51
27 63
28 64
28 34
28 67
28 36
28 40
28 73
28 44
28 52
28 31
29 78
29 51
29 20
29 85
29 87
29 24
30 67
30 45
30 22
31 65
31 10
31 75
31 86
31 56
31 57
31 59
32 40
32 27
32 20
32 30
33 0
33 34
33 68
33 8
33 9
33 10
33 77
33 80
33 17
33 83
33 72
33 85
33 22
33 55
33 56
33 25
33 58
33 62
34 0
34 1
34 70
34 7
34 8
34 9
34 42
34 71
34 12
34 77
34 46
34 76
34 40
34 20
34 78
34 73
34 24
34 87
34 29
34 85
35 65
35 36
35 70
35 6
35 7
35 41
35 10
35 49
35 82
35 52
35 22
35 87
35 27
36 70
36 9
36 78
36 17
36 41
36 86
36 87
36 26
37 26
37 86
37 71
38 2
38 36
38 6
38 43
38 76
38 46
38 16
38 20
38 85
38 22
38 25
39 2
39 69
39 70
39 72
39 41
39 34
39 80
39 17
39 21
39 6
39 59
40 72
40 56
40 75
40 35
40 57
41 65
41 66
41 68
41 49
41 40
41 73
41 10
41 11
41 44
41 77
41 76
41 17
41 83
41 52
41 54
41 87
41 24
41 25
41 42
41 63
42 20
42 68
42 22
42 39
43 2
43 47
43 17
43 20
43 24
43 58
43 79
44 44
44 46
44 49
44 83
44 52
44 26
45 79
46 0
46 65
46 66
46 71
46 73
46 13
46 77
46 16
46 82
46 56
46 28
46 63
47 65
47 34
47 81
47 40
47 73
47 10
47 11
47 44
47 47
47 16
47 17
47 83
47 74
47 72
47 57
47 26
47 59
47 60
47 42
47 30
47 31
48 87
48 11
48 29
48 47
49 65
49 37
49 74
49 11
49 46
49 48
49 85
50 0
50 65
50 67
50 40
50 73
50 10
50 54
50 25
50 58
50 28
51 64
51 37
51 70
51 10
51 52
51 31
52 84
52 66
52 35
52 54
52 38
52 9
52 10
52 17
52 51
52 74
52 21
52 22
52 87
52 57
52 58
52 59
52 29
52 30
52 69
53 64
53 37
53 6
53 73
53 12
53 56
53 25
53 26
53 28
53 62
54 0
54 66
54 35
54 68
54 86
54 7
54 8
54 73
54 42
54 11
54 45
54 16
54 51
54 84
54 53
54 22
54 57
54 58
54 29
54 31
55 33
55 51
55 40
55 41
55 42
55 43
55 13
55 17
55 83
55 56
56 0
56 64
56 35
56 36
56 7
56 40
56 73
56 10
56 76
57 35
57 36
57 70
57 6
57 7
57 8
57 11
57 12
57 45
57 80
57 81
57 75
57 83
57 21
57 22
57 87
57 25
57 63
57 53
58 40
58 48
58 54
59 1
59 36
59 74
59 6
59 48
59 40
59 41
59 10
59 11
59 76
59 13
59 16
59 81
59 52
59 53
59 73
59 65
59 29
59 31
60 32
60 34
60 35
60 71
60 78
60 56
60 84
60 85
60 24
60 25
60 63
60 31
61 33
61 66
61 37
61 8
61 76
61 46
61 80
61 40
61 72
61 27
62 80
62 31
63 64
63 35
63 38
63 6
63 39
63 8
63 9
63 42
63 44
63 61
63 46
63 47
63 17
63 20
63 78
63 41
63 56
63 28
63 29
63 85
64 64
64 35
64 6
64 81
64 17
64 56
64 27
64 28
65 65
65 6
65 41
65 43
65 47
65 22
65 63
66 48
66 68
66 38
66 65
66 10
66 44
66 77
66 79
66 16
66 81
66 83
66 20
66 85
66 25
66 58
66 28
66 74
66 63
67 64
67 65
67 70
67 6
67 7
67 8
67 73
67 42
67 44
67 13
67 20
67 85
67 22
67 57
67 26
67 61
68 24
68 65
68 7
68 20
68 71
70 64
70 35
70 36
70 69
70 8
70 42
70 11
70 76
70 46
70 48
70 59
70 87
70 72
70 27
70 30
71 1
71 2
71 6
71 7
71 72
71 44
71 42
71 75
71 12
71 34
71 46
71 20
71 21
71 23
71 87
71 85
71 63
72 64
72 33
72 75
72 68
72 71
72 40
72 73
72 11
72 44
72 13
72 80
72 17
72 85
72 22
72 23
72 72
72 57
72 59
72 61
72 31
73 32
73 68
73 6
73 70
73 77
73 45
73 17
73 54
73 55
73 24
73 27
74 24
74 41
74 57
74 62
74 71
75 65
75 34
75 1
75 75
75 56
75 30
75 31
76 32
76 64
76 34
76 35
76 36
76 69
76 68
76 71
76 10
76 67
76 52
76 21
76 22
76 57
76 85
77 66
77 75
77 76
77 48
77 49
77 83
77 85
77 86
77 24
77 59
77 53
78 32
78 84
78 2
78 6
78 39
78 72
78 44
78 87
78 12
78 61
78 81
78 51
78 52
78 57
78 22
78 55
78 25
78 79
78 29
78 31
79 13
79 23
79 26
79 42
79 43
79 44
79 45
79 46
79 48
79 51
79 57
79 60
79 64
79 67
79 71
79 72
79 73
79 75
79 78
79 80
79 84
79 87
80 40
80 60
80 37
80 45
81 64
81 1
81 6
81 7
81 13
81 56
81 54
81 24
81 25
81 28
82 0
82 2
82 7
82 11
82 13
82 24
82 31
82 34
82 38
82 40
82 44
82 45
82 51
82 55
82 64
82 66
82 69
82 77
82 79
82 81
82 85
82 86
83 72
83 74
83 69
83 45
84 64
84 7
84 8
84 9
84 42
84 71
84 44
84 45
84 16
84 76
84 20
84 21
84 87
84 56
84 84
84 28
84 74
84 85
84 63
85 16
85 25
85 63
85 12
85 71
86 0
86 1
86 6
86 7
86 44
86 16
86 49
86 20
86 56
86 24
86 57
86 27
86 30
87 65
87 35
87 68
87 69
87 72
87 83
87 22
87 87
87 26
87 54
87 30
