88
0 0
0 2
0 6
0 8
0 13
0 18
0 21
0 23
0 24
0 30
0 31
0 33
0 35
0 37
0 38
0 39
0 40
0 43
0 45
0 47
0 48
0 51
0 52
0 54
0 56
0 60
0 61
0 62
0 67
0 70
0 76
0 77
0 78
0 81
0 84
0 86
0 87
2 0
2 1
2 2
2 4
2 6
2 8
2 10
2 13
2 18
2 21
2 24
2 30
2 31
2 33
2 35
2 37
2 39
2 43
2 46
2 47
2 54
2 76
2 77
2 81
2 84
2 86
2 87
3 0
3 35
3 43
3 76
3 77
3 24
3 60
3 30
5 0
5 1
5 2
5 4
5 6
5 7
5 8
5 10
5 11
5 13
5 21
5 24
5 30
5 31
5 33
5 34
5 35
5 37
5 39
5 40
5 43
5 47
5 48
5 54
5 56
5 60
5 61
5 76
5 77
5 78
5 81
5 87
9 0
9 1
9 2
9 4
9 6
9 8
9 10
9 12
9 13
9 18
9 19
9 24
9 30
9 31
9 32
9 33
9 35
9 37
9 39
9 40
9 43
9 45
9 47
9 48
9 51
9 52
9 54
9 56
9 57
9 60
9 61
9 62
9 66
9 67
9 69
9 74
9 76
9 77
9 79
9 81
9 84
9 86
9 87
13 1
13 2
13 4
13 6
13 7
13 8
13 10
13 12
13 13
13 18
13 21
13 23
13 24
13 27
13 30
13 32
13 33
13 34
13 35
13 37
13 39
13 40
13 43
13 45
13 46
13 47
13 48
13 51
13 52
13 54
13 56
13 60
13 61
13 62
13 66
13 67
13 70
13 74
13 76
13 77
13 78
13 79
13 81
13 82
13 84
13 86
13 87
14 0
14 1
14 2
14 4
14 6
14 7
14 8
14 10
14 11
14 12
14 13
14 18
14 19
14 21
14 23
14 24
14 26
14 27
14 30
14 31
14 32
14 33
14 35
14 37
14 39
14 40
14 43
14 45
14 47
14 48
14 51
14 54
14 56
14 60
14 62
14 66
14 67
14 76
14 77
14 78
14 79
14 81
14 82
14 86
14 87
15 40
17 0
17 35
17 21
17 6
17 47
25 0
25 1
25 2
25 4
25 6
25 8
25 10
25 21
25 24
25 30
25 31
25 32
25 35
25 37
25 39
25 40
25 43
25 46
25 48
25 54
25 60
25 76
25 77
25 79
25 81
25 82
25 86
25 87
27 0
27 1
27 2
27 4
27 6
27 8
27 9
27 11
27 13
27 18
27 21
27 23
27 24
27 30
27 31
27 32
27 33
27 35
27 37
27 39
27 40
27 43
27 46
27 47
27 48
27 52
27 54
27 56
27 60
27 61
27 62
27 66
27 67
27 70
27 76
27 77
27 78
27 81
27 82
27 84
27 86
27 87
29 0
29 1
29 2
29 4
29 6
29 8
29 13
29 18
29 21
29 24
29 30
29 31
29 33
29 35
29 39
29 40
29 43
29 47
29 51
29 54
29 56
29 60
29 76
29 77
29 78
29 81
29 87
34 0
34 1
34 2
34 4
34 6
34 7
34 8
34 9
34 10
34 12
34 13
34 16
34 21
34 23
34 24
34 30
34 31
34 32
34 33
34 35
34 37
34 39
34 40
34 43
34 47
34 49
34 51
34 52
34 54
34 60
34 61
34 62
34 65
34 66
34 67
34 73
34 74
34 76
34 77
34 78
34 79
34 81
34 82
34 84
34 85
34 86
34 87
46 0
46 1
46 2
46 4
46 5
46 6
46 7
46 8
46 9
46 11
46 13
46 16
46 18
46 19
46 21
46 24
46 26
46 30
46 31
46 32
46 33
46 34
46 35
46 37
46 39
46 40
46 43
46 45
46 46
46 47
46 48
46 51
46 52
46 54
46 56
46 57
46 60
46 61
46 66
46 67
46 69
46 70
46 74
46 76
46 77
46 78
46 79
46 81
46 82
46 85
46 87
50 0
50 1
50 2
50 4
50 6
50 8
50 11
50 13
50 21
50 23
50 30
50 31
50 32
50 33
50 37
50 39
50 40
50 43
50 47
50 48
50 54
50 67
50 74
50 76
50 77
50 81
50 84
50 86
50 87
53 0
53 1
53 2
53 4
53 6
53 7
53 8
53 10
53 11
53 12
53 13
53 18
53 21
53 23
53 24
53 30
53 31
53 33
53 34
53 35
53 37
53 38
53 39
53 40
53 43
53 45
53 47
53 48
53 49
53 51
53 52
53 54
53 60
53 61
53 67
53 76
53 77
53 78
53 81
53 84
53 86
53 87
55 0
55 1
55 2
55 4
55 6
55 8
55 11
55 13
55 18
55 21
55 24
55 30
55 35
55 37
55 39
55 40
55 43
55 47
55 48
55 54
55 60
55 67
55 74
55 76
55 77
55 82
55 86
55 87
57 0
57 1
57 2
57 4
57 6
57 8
57 10
57 11
57 13
57 18
57 21
57 23
57 24
57 26
57 30
57 31
57 32
57 33
57 37
57 39
57 40
57 43
57 45
57 46
57 47
57 48
57 49
57 51
57 52
57 54
57 56
57 60
57 61
57 62
57 66
57 74
57 76
57 77
57 78
57 79
57 81
57 84
57 87
58 0
58 1
58 2
58 4
58 6
58 7
58 8
58 11
58 13
58 18
58 21
58 23
58 24
58 30
58 31
58 32
58 34
58 35
58 37
58 39
58 40
58 43
58 45
58 46
58 47
58 48
58 54
58 76
58 77
58 81
58 84
58 86
58 87
59 4
59 8
59 10
59 76
59 81
59 21
59 40
59 60
64 0
64 1
64 2
64 4
64 6
64 7
64 8
64 10
64 11
64 13
64 21
64 23
64 24
64 30
64 31
64 33
64 35
64 37
64 39
64 40
64 43
64 54
64 56
64 60
64 67
64 74
64 76
64 77
64 78
64 81
64 82
64 86
64 87
65 0
65 1
65 4
65 6
65 8
65 13
65 21
65 23
65 24
65 26
65 30
65 31
65 37
65 39
65 40
65 43
65 47
65 54
65 77
65 78
65 79
65 81
65 86
65 87
68 0
68 1
68 2
68 6
68 8
68 9
68 13
68 18
68 21
68 23
68 30
68 31
68 33
68 35
68 37
68 39
68 40
68 43
68 47
68 54
68 60
68 67
68 76
68 77
68 81
68 87
69 1
69 4
69 6
69 8
69 13
69 21
69 24
69 30
69 31
69 33
69 35
69 37
69 39
69 40
69 43
69 46
69 47
69 48
69 52
69 56
69 60
69 62
69 66
69 67
69 69
69 70
69 76
69 77
69 81
69 87
71 0
71 2
71 4
71 6
71 7
71 8
71 9
71 10
71 11
71 21
71 24
71 31
71 33
71 35
71 37
71 40
71 47
71 48
71 54
71 62
71 70
71 73
71 76
71 77
71 78
71 81
71 86
71 87
72 0
72 1
72 2
72 4
72 5
72 10
72 11
72 13
72 18
72 21
72 23
72 24
72 30
72 31
72 32
72 33
72 35
72 37
72 39
72 40
72 43
72 44
72 45
72 46
72 47
72 48
72 49
72 51
72 52
72 54
72 56
72 60
72 61
72 62
72 66
72 67
72 69
72 74
72 76
72 77
72 78
72 79
72 81
72 82
72 84
72 86
72 87
75 0
75 1
75 2
75 4
75 5
75 6
75 7
75 8
75 10
75 11
75 12
75 13
75 16
75 18
75 21
75 23
75 24
75 30
75 31
75 33
75 35
75 37
75 39
75 40
75 43
75 44
75 45
75 46
75 47
75 48
75 49
75 51
75 52
75 54
75 56
75 60
75 61
75 62
75 65
75 66
75 69
75 70
75 74
75 76
75 77
75 79
75 81
75 82
75 84
75 85
75 86
75 87
83 1
83 81
83 35
83 4
83 6
83 33
83 8
83 11
83 13
83 47
83 43
83 18
83 87
83 24
83 39
83 60
83 31
