88
0 0
0 2
0 4
0 5
0 6
0 8
0 10
0 13
0 20
0 21
0 22
0 23
0 24
0 27
0 30
0 31
0 32
0 33
0 34
0 36
0 44
0 46
0 47
0 48
0 52
0 54
0 55
0 56
0 57
0 60
0 61
0 63
0 64
0 68
0 71
0 72
0 74
0 78
0 79
0 80
0 82
0 86
0 87
1 2
1 5
1 6
1 8
1 10
1 13
1 18
1 20
1 21
1 24
1 27
1 28
1 30
1 31
1 33
1 36
1 44
1 45
1 48
1 49
1 53
1 55
1 56
1 60
1 61
1 63
1 64
1 66
1 67
1 68
1 71
1 72
1 74
1 76
1 78
1 83
1 86
8 2
8 3
8 4
8 8
8 9
8 10
8 18
8 20
8 21
8 22
8 23
8 24
8 27
8 30
8 31
8 32
8 33
8 36
8 38
8 40
8 42
8 46
8 48
8 49
8 52
8 53
8 54
8 56
8 59
8 60
8 63
8 64
8 68
8 70
8 71
8 72
8 73
8 74
8 75
8 76
8 77
8 78
8 79
8 80
8 82
8 86
8 87
12 4
12 10
12 13
12 20
12 21
12 22
12 31
12 33
12 36
12 42
12 44
12 45
12 53
12 54
12 56
12 58
12 61
12 64
12 67
12 72
12 74
12 79
12 82
12 86
12 87
13 0
13 2
13 5
13 7
13 8
13 10
13 13
13 20
13 21
13 22
13 23
13 24
13 25
13 26
13 27
13 31
13 33
13 34
13 36
13 37
13 41
13 51
13 52
13 53
13 55
13 56
13 57
13 63
13 65
13 71
13 72
13 74
13 76
13 78
13 79
13 86
17 0
17 4
17 5
17 9
17 10
17 13
17 20
17 21
17 22
17 23
17 25
17 26
17 28
17 30
17 31
17 32
17 33
17 36
17 42
17 44
17 45
17 46
17 47
17 48
17 53
17 54
17 56
17 60
17 63
17 67
17 68
17 74
17 76
17 78
17 79
17 80
18 0
18 2
18 4
18 6
18 8
18 10
18 13
18 17
18 18
18 21
18 22
18 27
18 28
18 31
18 34
18 36
18 37
18 38
18 40
18 44
18 53
18 55
18 56
18 58
18 59
18 60
18 61
18 63
18 64
18 65
18 68
18 72
18 74
18 75
18 76
18 77
18 78
18 79
18 83
18 87
21 4
21 5
21 6
21 9
21 10
21 13
21 19
21 20
21 21
21 22
21 27
21 30
21 33
21 36
21 37
21 38
21 41
21 42
21 45
21 46
21 47
21 49
21 53
21 55
21 56
21 58
21 61
21 63
21 68
21 71
21 72
21 74
21 76
21 78
21 80
21 86
21 87
22 4
22 9
22 10
22 13
22 18
22 20
22 21
22 25
22 26
22 27
22 28
22 32
22 33
22 34
22 36
22 37
22 45
22 47
22 52
22 53
22 54
22 56
22 57
22 58
22 60
22 61
22 63
22 64
22 65
22 68
22 72
22 73
22 74
22 76
22 77
22 79
22 80
22 83
22 86
23 3
23 4
23 5
23 6
23 8
23 10
23 17
23 20
23 23
23 26
23 30
23 31
23 32
23 33
23 36
23 37
23 38
23 40
23 44
23 46
23 49
23 51
23 52
23 55
23 56
23 60
23 61
23 63
23 72
23 73
23 74
23 75
23 78
23 79
23 80
23 86
23 87
27 2
27 8
27 9
27 10
27 13
27 18
27 19
27 20
27 22
27 26
27 27
27 28
27 30
27 31
27 32
27 33
27 38
27 42
27 44
27 49
27 52
27 55
27 56
27 57
27 63
27 67
27 68
27 70
27 72
27 74
27 76
27 78
27 83
27 86
27 87
28 2
28 4
28 6
28 8
28 9
28 13
28 18
28 20
28 21
28 22
28 27
28 30
28 32
28 33
28 36
28 37
28 44
28 45
28 47
28 53
28 54
28 55
28 56
28 60
28 63
28 64
28 68
28 72
28 76
28 77
28 78
28 79
28 80
28 81
28 82
28 86
28 87
29 0
29 2
29 4
29 9
29 10
29 13
29 17
29 18
29 20
29 22
29 27
29 28
29 33
29 38
29 42
29 44
29 53
29 55
29 56
29 57
29 60
29 63
29 65
29 67
29 68
29 70
29 72
29 75
29 76
29 78
29 79
29 86
29 87
30 1
30 2
30 4
30 6
30 13
30 17
30 20
30 21
30 22
30 23
30 24
30 25
30 27
30 28
30 31
30 32
30 33
30 34
30 36
30 37
30 38
30 44
30 45
30 46
30 48
30 51
30 52
30 53
30 54
30 55
30 56
30 60
30 62
30 63
30 64
30 65
30 66
30 71
30 73
30 74
30 76
30 77
30 78
30 79
30 80
30 86
30 87
41 2
41 4
41 8
41 9
41 13
41 20
41 21
41 24
41 25
41 28
41 30
41 31
41 32
41 33
41 36
41 37
41 38
41 40
41 41
41 44
41 45
41 46
41 51
41 56
41 57
41 60
41 61
41 62
41 63
41 64
41 65
41 74
41 76
41 78
41 79
41 80
41 82
41 86
41 87
43 0
43 2
43 4
43 5
43 8
43 9
43 10
43 13
43 18
43 20
43 21
43 22
43 23
43 25
43 26
43 28
43 30
43 31
43 32
43 33
43 36
43 38
43 42
43 44
43 51
43 54
43 62
43 63
43 72
43 73
43 74
43 75
43 76
43 78
43 79
43 83
43 86
45 4
45 9
45 10
45 18
45 20
45 22
45 27
45 28
45 31
45 33
45 34
45 38
45 40
45 43
45 44
45 49
45 52
45 53
45 55
45 57
45 60
45 63
45 64
45 68
45 72
45 74
45 75
45 76
45 77
45 78
45 79
45 81
45 82
45 86
45 87
48 0
48 2
48 4
48 6
48 8
48 10
48 18
48 20
48 21
48 22
48 26
48 27
48 28
48 31
48 34
48 36
48 42
48 49
48 51
48 60
48 61
48 63
48 67
48 68
48 72
48 76
48 78
48 79
48 80
48 83
48 87
49 2
49 4
49 6
49 8
49 10
49 17
49 19
49 20
49 21
49 22
49 23
49 26
49 27
49 28
49 30
49 31
49 32
49 33
49 34
49 36
49 37
49 38
49 45
49 47
49 52
49 56
49 58
49 60
49 62
49 64
49 68
49 70
49 71
49 72
49 73
49 74
49 76
49 78
49 79
49 83
49 85
49 86
49 87
55 1
55 2
55 3
55 4
55 5
55 7
55 8
55 9
55 10
55 13
55 17
55 18
55 21
55 23
55 24
55 25
55 26
55 27
55 30
55 32
55 33
55 36
55 37
55 38
55 42
55 44
55 47
55 49
55 51
55 52
55 53
55 55
55 59
55 60
55 61
55 63
55 64
55 67
55 72
55 74
55 75
55 76
55 78
55 79
55 80
55 83
55 86
55 87
68 1
68 2
68 4
68 6
68 7
68 8
68 9
68 10
68 17
68 18
68 20
68 21
68 22
68 24
68 27
68 28
68 30
68 32
68 34
68 36
68 45
68 47
68 56
68 60
68 64
68 67
68 71
68 72
68 73
68 74
68 76
68 77
68 79
68 80
68 82
68 87
77 4
77 8
77 9
77 10
77 13
77 17
77 18
77 22
77 24
77 26
77 27
77 31
77 32
77 33
77 36
77 38
77 44
77 55
77 56
77 57
77 60
77 61
77 63
77 66
77 67
77 71
77 72
77 73
77 74
77 75
77 76
77 78
77 79
77 80
77 85
77 86
77 87
82 2
82 4
82 5
82 8
82 9
82 10
82 13
82 17
82 19
82 20
82 21
82 22
82 23
82 25
82 27
82 28
82 30
82 31
82 33
82 36
82 38
82 40
82 46
82 49
82 54
82 55
82 56
82 60
82 63
82 64
82 67
82 70
82 72
82 73
82 74
82 75
82 76
82 77
82 78
82 79
82 80
82 82
82 85
82 86
82 87
