88
0 32
0 86
0 42
0 11
0 46
0 52
0 85
0 22
0 23
0 55
0 26
0 28
0 37
1 32
1 52
2 32
2 64
2 42
2 76
2 46
2 85
2 59
3 0
3 32
3 35
3 49
3 40
3 11
3 76
3 82
3 78
3 47
3 43
3 18
3 52
3 53
3 22
3 24
3 25
3 26
3 27
3 28
3 58
4 32
4 28
4 52
4 5
5 0
5 6
5 9
5 11
5 13
5 20
5 21
5 22
5 23
5 26
5 27
5 28
5 29
5 32
5 42
5 43
5 46
5 48
5 51
5 52
5 53
5 55
5 56
5 57
5 58
5 59
5 62
5 64
5 65
5 67
5 70
5 74
5 76
5 78
5 85
6 32
6 40
6 36
6 21
6 28
7 35
8 0
8 1
8 2
8 8
8 9
8 17
8 21
8 22
8 23
8 26
8 27
8 28
8 30
8 31
8 32
8 33
8 34
8 35
8 36
8 40
8 42
8 43
8 48
8 52
8 54
8 55
8 58
8 69
8 71
8 74
8 76
8 81
8 85
8 86
9 28
10 2
11 0
11 20
11 76
11 22
11 28
12 42
12 27
12 76
12 85
13 0
13 11
13 20
13 26
13 27
13 28
13 32
13 36
13 40
13 43
13 46
13 48
13 51
13 52
13 54
13 55
13 58
13 59
13 62
13 63
13 71
13 74
13 76
13 79
13 80
13 82
13 85
16 64
16 67
16 55
16 76
16 46
16 20
16 85
16 23
16 52
16 27
16 28
17 0
17 1
17 2
17 11
17 20
17 21
17 22
17 23
17 26
17 27
17 28
17 29
17 32
17 37
17 42
17 48
17 49
17 52
17 55
17 62
17 70
17 77
17 78
17 79
17 81
17 82
17 85
17 86
18 49
18 74
18 27
18 85
20 0
20 32
20 54
20 41
20 42
20 22
20 27
20 28
20 62
21 56
21 26
22 64
22 23
23 0
23 1
23 9
23 11
23 17
23 20
23 21
23 22
23 23
23 27
23 28
23 31
23 32
23 33
23 34
23 35
23 36
23 38
23 41
23 42
23 43
23 45
23 46
23 47
23 49
23 52
23 53
23 55
23 56
23 62
23 64
23 68
23 72
23 73
23 74
23 76
23 78
23 82
23 83
23 84
23 85
23 86
24 0
24 28
24 26
24 76
24 78
25 28
25 46
26 0
26 1
26 18
26 20
26 22
26 23
26 26
26 27
26 28
26 32
26 35
26 37
26 45
26 47
26 49
26 52
26 54
26 55
26 67
26 70
26 73
26 74
26 76
26 78
26 85
26 86
27 0
27 1
27 4
27 8
27 11
27 17
27 18
27 20
27 22
27 23
27 26
27 27
27 28
27 30
27 31
27 32
27 36
27 42
27 43
27 44
27 45
27 46
27 47
27 49
27 52
27 53
27 54
27 55
27 56
27 58
27 59
27 65
27 67
27 72
27 74
27 79
27 82
27 85
27 87
28 0
28 76
28 42
28 36
28 26
29 26
29 42
29 52
29 85
30 28
30 76
30 85
30 46
31 64
31 32
31 34
31 11
31 77
31 47
31 56
31 26
31 28
31 31
32 32
32 0
32 42
32 77
32 52
32 22
33 58
33 52
33 78
34 32
34 52
34 85
34 62
35 0
35 9
35 11
35 16
35 17
35 20
35 21
35 26
35 27
35 28
35 30
35 32
35 34
35 35
35 36
35 37
35 40
35 43
35 46
35 52
35 54
35 55
35 56
35 61
35 68
35 71
35 74
35 75
35 76
35 77
35 78
35 85
36 0
36 32
36 35
36 40
36 42
36 55
36 76
36 78
36 48
36 82
36 52
36 54
36 23
36 25
36 28
36 74
36 62
37 0
37 3
37 4
37 86
37 40
37 74
37 11
37 82
37 67
37 20
37 85
37 22
37 55
37 36
37 26
37 27
37 62
37 52
38 0
38 23
38 46
38 15
38 52
38 55
39 0
39 32
39 5
39 76
39 25
39 26
39 27
40 32
40 0
40 2
40 13
40 26
40 28
41 64
41 32
41 4
41 33
41 42
41 76
41 47
41 52
41 23
41 36
41 31
42 0
42 32
42 36
42 74
42 76
42 22
42 55
42 26
42 28
43 32
43 52
43 85
43 22
43 23
43 27
43 62
45 28
45 85
46 0
46 32
46 42
46 52
47 64
47 1
47 43
47 77
47 52
47 85
47 55
47 28
48 33
48 27
48 52
48 85
48 28
49 67
49 22
49 74
49 11
49 76
49 21
49 86
49 23
49 26
49 85
50 52
50 23
52 0
52 1
52 7
52 11
52 22
52 23
52 26
52 27
52 28
52 29
52 31
52 32
52 35
52 37
52 40
52 41
52 42
52 43
52 44
52 46
52 52
52 54
52 55
52 56
52 57
52 58
52 59
52 62
52 64
52 66
52 68
52 76
52 77
52 78
52 80
52 82
52 83
52 85
52 86
52 87
53 9
53 76
53 48
53 20
53 85
53 52
53 27
53 30
54 0
54 2
54 6
54 9
54 10
54 11
54 13
54 17
54 22
54 23
54 26
54 27
54 28
54 33
54 34
54 35
54 36
54 37
54 38
54 39
54 41
54 42
54 43
54 46
54 47
54 48
54 52
54 54
54 55
54 56
54 62
54 64
54 67
54 74
54 76
54 77
54 78
54 85
54 86
55 0
55 2
55 5
55 9
55 10
55 11
55 14
55 20
55 22
55 23
55 27
55 28
55 31
55 32
55 35
55 36
55 37
55 39
55 42
55 43
55 47
55 48
55 49
55 52
55 54
55 55
55 56
55 57
55 58
55 62
55 64
55 65
55 67
55 74
55 76
55 77
55 78
55 80
55 82
55 85
55 86
55 87
56 0
56 1
56 8
56 9
56 11
56 20
56 23
56 26
56 28
56 31
56 37
56 40
56 47
56 52
56 55
56 58
56 62
56 63
56 64
56 66
56 69
56 72
56 74
56 75
56 76
56 77
56 78
56 84
56 85
56 86
58 0
58 14
58 17
58 23
58 26
58 27
58 28
58 30
58 32
58 36
58 37
58 40
58 42
58 43
58 44
58 46
58 52
58 55
58 76
58 82
58 83
58 85
59 0
59 1
59 3
59 32
59 42
59 43
59 76
59 77
59 48
59 20
59 85
59 22
59 55
59 56
59 58
59 27
59 28
59 62
60 0
60 1
60 2
60 11
60 20
60 22
60 24
60 26
60 31
60 32
60 39
60 40
60 41
60 42
60 43
60 46
60 47
60 49
60 52
60 55
60 61
60 64
60 74
60 76
60 77
60 82
60 85
60 86
61 0
61 28
61 26
61 52
62 32
62 60
62 28
62 85
63 8
63 26
63 28
63 85
64 0
64 40
64 42
64 75
64 76
64 48
64 81
64 20
64 85
64 52
64 26
64 28
64 58
64 63
65 26
65 85
66 0
66 32
66 3
66 9
66 76
66 85
66 22
66 58
66 27
66 28
66 21
67 64
67 1
67 32
67 42
67 11
67 76
67 85
67 22
67 55
67 27
67 53
68 20
69 52
69 76
69 85
69 46
70 56
70 10
70 43
70 52
71 0
71 28
72 64
72 85
74 32
74 1
74 35
74 54
74 9
74 43
74 76
74 49
74 62
74 22
74 26
74 27
74 28
74 30
75 76
75 86
75 46
75 47
76 52
76 85
76 86
77 32
77 76
77 20
77 22
77 52
77 26
77 60
78 0
78 22
78 76
78 46
78 82
78 84
78 85
78 86
78 23
78 52
78 26
78 62
79 52
79 42
79 76
79 22
79 28
80 0
80 26
80 52
80 61
82 76
82 85
83 26
83 43
83 76
83 78
84 27
84 43
84 28
84 23
85 0
85 36
85 76
85 52
85 85
85 27
85 28
86 32
86 0
86 52
86 85
86 55
86 26
87 0
87 32
87 42
87 11
87 78
87 46
87 27
87 28
