88
0 2
0 6
0 10
0 13
0 21
0 22
0 23
0 26
0 29
0 31
0 35
0 37
0 39
0 40
0 43
0 46
0 47
0 48
0 54
0 55
0 57
0 62
0 66
0 76
0 83
1 2
1 3
1 4
1 37
1 40
1 9
1 10
1 43
1 76
1 13
1 46
1 45
1 34
1 59
1 82
1 52
1 21
1 23
1 36
1 47
1 62
2 35
2 40
2 42
2 43
2 76
2 46
2 47
2 81
2 23
2 26
2 59
2 30
5 1
5 3
5 69
5 42
5 43
5 76
5 46
5 48
5 83
5 21
5 54
5 26
5 62
5 37
7 46
7 62
8 1
8 46
10 37
10 38
10 10
10 76
10 46
10 47
10 81
10 82
10 83
10 21
10 22
10 23
10 62
12 36
12 37
16 1
16 34
16 4
16 37
16 70
16 43
16 76
16 46
16 81
16 83
16 22
16 23
16 31
17 1
17 2
17 4
17 9
17 10
17 23
17 28
17 31
17 35
17 36
17 39
17 40
17 41
17 42
17 43
17 46
17 47
17 62
17 64
17 76
17 81
17 83
19 2
19 10
19 21
19 22
19 23
19 24
19 31
19 34
19 35
19 36
19 40
19 43
19 46
19 47
19 54
19 59
19 62
19 72
19 76
19 82
19 83
19 86
21 2
21 3
21 6
21 9
21 10
21 13
21 21
21 22
21 23
21 31
21 35
21 37
21 39
21 40
21 43
21 46
21 47
21 50
21 51
21 54
21 62
21 71
21 72
21 79
21 82
21 86
22 1
22 9
22 13
22 21
22 23
22 26
22 31
22 35
22 36
22 37
22 38
22 43
22 47
22 54
22 62
22 76
22 77
22 80
22 81
22 83
22 86
22 87
23 2
23 10
23 11
23 13
23 21
23 29
23 31
23 35
23 37
23 39
23 40
23 41
23 43
23 45
23 47
23 48
23 51
23 54
23 59
23 62
23 76
23 77
23 83
23 86
25 1
25 59
25 36
25 37
25 43
25 76
25 77
25 46
25 82
25 21
25 26
25 27
25 31
26 35
26 69
26 40
26 9
26 43
26 76
26 77
26 21
26 54
26 29
26 62
26 31
27 1
27 6
27 10
27 13
27 21
27 23
27 30
27 34
27 35
27 37
27 40
27 43
27 46
27 47
27 53
27 59
27 60
27 62
27 66
27 76
27 81
27 82
27 83
29 66
29 3
29 36
29 37
29 38
29 40
29 10
29 43
29 44
29 46
29 47
29 87
29 21
29 22
29 23
29 24
29 26
29 79
29 31
30 2
30 36
30 43
30 13
30 46
30 82
30 21
30 22
30 23
30 26
30 27
30 31
31 1
31 35
31 38
31 6
31 9
31 10
31 43
31 83
31 21
31 23
31 59
31 61
31 62
32 1
32 66
32 35
32 68
32 6
32 40
32 10
32 43
32 46
32 82
32 83
32 21
32 59
32 42
33 66
33 9
33 10
33 43
33 46
33 83
33 23
33 24
33 62
34 35
34 37
34 40
34 75
34 77
34 46
34 47
34 43
34 21
34 23
34 55
35 35
35 39
35 40
35 10
35 43
35 76
35 47
35 23
35 26
35 62
35 31
36 66
36 3
36 37
36 39
36 40
36 76
36 13
36 47
36 34
36 81
36 83
36 23
37 1
37 2
37 9
37 10
37 13
37 21
37 22
37 23
37 31
37 34
37 35
37 36
37 37
37 38
37 40
37 41
37 43
37 45
37 46
37 47
37 55
37 59
37 60
37 62
37 66
38 2
38 3
38 9
38 10
38 22
38 23
38 25
38 29
38 31
38 37
38 40
38 41
38 42
38 43
38 44
38 46
38 47
38 53
38 54
38 62
38 72
38 76
38 82
38 83
39 34
39 4
39 38
39 6
39 40
39 9
39 10
39 43
39 76
39 66
39 46
39 47
39 48
39 81
39 82
39 83
39 21
39 23
39 36
39 59
39 31
40 0
40 37
40 6
40 42
40 46
40 47
40 80
40 83
40 21
40 63
40 31
44 59
44 38
44 40
44 10
44 76
44 13
44 46
44 77
44 83
44 21
44 22
44 47
44 62
44 31
45 35
45 37
45 10
45 43
45 13
45 22
45 23
45 59
45 62
46 66
46 35
46 39
46 10
46 43
46 76
46 34
46 47
46 21
47 0
47 2
47 9
47 13
47 21
47 22
47 23
47 31
47 34
47 37
47 39
47 40
47 41
47 43
47 46
47 47
47 50
47 58
47 61
47 62
47 66
47 76
47 77
47 81
47 86
47 87
48 2
48 9
48 10
48 21
48 23
48 26
48 27
48 31
48 34
48 39
48 43
48 45
48 46
48 47
48 48
48 54
48 59
48 62
48 66
48 76
48 77
48 82
49 1
49 2
49 6
49 9
49 10
49 21
49 22
49 23
49 29
49 30
49 31
49 34
49 40
49 42
49 43
49 46
49 54
49 62
49 74
49 77
49 80
49 81
49 87
51 37
51 9
51 10
51 43
51 47
51 21
51 22
51 23
51 26
51 62
51 31
52 66
52 37
52 72
52 10
52 76
52 46
52 47
52 40
52 86
52 62
52 31
54 1
54 2
54 6
54 10
54 13
54 20
54 21
54 22
54 23
54 30
54 31
54 32
54 33
54 34
54 35
54 36
54 43
54 46
54 47
54 62
54 76
54 83
54 86
55 34
55 37
55 9
55 43
55 77
55 46
55 45
55 82
55 83
55 22
55 23
55 47
55 62
55 31
59 1
59 2
59 34
59 4
59 37
59 6
59 39
59 10
59 13
59 83
59 21
59 23
59 29
59 35
60 36
60 39
60 9
60 10
60 43
60 76
60 46
60 48
60 81
60 21
60 22
61 1
61 54
61 10
61 76
61 46
61 47
61 81
61 83
61 62
61 22
61 23
61 30
61 31
62 2
62 37
62 10
62 47
62 83
62 21
62 23
62 57
62 62
66 0
66 2
66 6
66 21
66 23
66 26
66 27
66 28
66 31
66 40
66 43
66 46
66 47
66 52
66 62
66 66
66 69
66 76
66 77
66 81
66 82
66 83
66 86
66 87
67 34
67 67
67 37
67 40
67 9
67 10
67 43
67 76
67 13
67 44
67 21
67 31
69 9
69 10
69 21
69 23
69 26
69 31
69 33
69 35
69 37
69 38
69 39
69 40
69 42
69 46
69 47
69 56
69 61
69 62
69 65
69 67
69 72
69 76
69 82
69 83
69 86
69 87
70 2
70 9
70 10
70 43
70 13
70 79
70 81
70 82
70 21
70 47
71 1
71 2
71 3
71 37
71 70
71 9
71 76
71 66
71 47
71 82
71 84
71 21
71 22
71 23
71 62
73 32
73 6
73 40
73 10
73 43
73 77
73 47
73 21
73 54
73 26
74 34
74 54
74 9
74 10
74 43
74 46
74 83
74 53
74 22
74 23
74 62
74 31
75 0
75 2
75 9
75 10
75 21
75 23
75 36
75 37
75 38
75 39
75 43
75 45
75 46
75 47
75 54
75 59
75 62
75 66
75 73
75 76
75 79
75 82
75 83
75 86
77 0
77 3
77 6
77 10
77 13
77 21
77 26
77 27
77 31
77 37
77 38
77 39
77 40
77 41
77 43
77 46
77 47
77 54
77 59
77 62
77 66
77 68
77 76
77 79
77 82
77 83
79 77
79 2
79 3
79 68
79 37
79 71
79 40
79 10
79 34
79 46
79 47
79 81
79 35
79 21
79 86
79 23
79 58
79 59
79 31
83 39
83 40
83 10
83 47
83 83
83 21
83 59
83 28
83 31
85 40
85 10
85 77
85 46
85 47
85 21
85 23
85 26
86 0
86 1
86 40
86 10
86 43
86 76
86 13
86 46
86 77
86 83
86 42
86 62
87 66
87 35
87 36
87 40
87 10
87 43
87 34
87 47
87 81
87 83
87 21
87 23
87 26
87 62
