88
0 3
0 71
0 76
0 13
0 15
0 86
0 87
1 32
1 72
1 80
2 59
2 70
3 64
3 46
3 81
3 56
3 61
3 30
4 80
4 3
4 68
4 5
4 49
4 76
4 10
4 44
4 47
4 48
4 17
4 51
4 84
4 21
4 54
4 55
4 57
4 30
4 63
5 28
5 83
5 36
5 69
5 86
6 0
6 34
6 3
6 38
6 39
6 76
6 87
6 12
6 46
6 15
6 81
6 18
6 51
6 52
6 86
6 23
6 56
6 26
6 28
7 3
7 68
7 5
7 38
7 72
7 74
7 11
7 40
7 84
7 86
7 24
7 61
8 64
8 33
8 4
8 37
8 73
8 21
8 86
8 59
8 61
8 53
9 68
9 69
9 38
9 71
9 44
9 11
9 76
9 78
9 15
9 18
9 86
9 36
9 61
11 37
11 38
11 43
11 47
11 54
11 61
13 33
13 67
13 69
13 6
13 39
13 47
13 49
13 56
13 70
13 5
18 51
18 68
18 37
20 43
20 37
20 38
20 71
20 72
20 47
20 11
20 15
20 17
20 83
20 59
20 27
20 60
20 61
21 33
21 83
21 3
21 4
21 69
21 6
21 42
21 44
21 49
21 82
21 51
21 56
21 23
21 24
21 26
21 29
21 31
22 34
22 36
22 16
22 52
22 53
22 56
22 63
23 64
23 51
23 49
23 10
23 47
23 81
23 83
23 23
23 26
23 61
23 30
25 24
25 25
25 26
25 83
26 33
26 34
26 43
26 68
26 37
26 51
26 9
26 10
26 11
26 12
26 47
26 76
26 82
26 19
26 53
26 25
26 26
26 42
26 62
26 69
27 56
28 33
28 69
28 70
28 71
28 72
28 79
28 80
29 2
29 3
29 37
29 39
29 11
29 77
29 15
29 80
29 18
29 51
29 84
29 21
29 54
29 24
29 25
29 47
29 86
29 61
29 62
30 34
30 43
30 66
30 5
30 71
30 73
30 11
30 12
30 13
30 78
30 15
30 50
30 83
30 84
30 86
30 68
30 26
30 60
30 62
30 69
31 4
31 5
31 38
31 55
31 76
31 47
31 80
31 23
31 25
31 26
31 30
31 69
32 16
32 62
32 87
33 33
33 2
33 38
33 70
33 40
33 44
33 11
33 76
33 34
33 83
33 84
33 54
33 20
34 37
34 39
34 10
34 47
34 18
34 52
34 54
34 56
34 26
34 61
34 62
35 32
35 2
35 37
35 6
35 39
35 43
35 34
35 47
35 49
35 83
35 20
35 53
35 54
35 62
35 84
35 71
35 30
35 81
36 0
36 43
36 37
36 11
36 15
36 82
36 84
36 47
36 62
36 5
37 34
37 5
37 71
37 73
37 10
37 50
37 52
37 86
37 62
37 37
38 40
38 24
38 21
39 0
39 3
39 28
40 0
40 34
40 67
40 36
40 70
40 71
40 10
40 11
40 44
40 18
40 84
40 53
41 36
41 37
41 38
41 81
41 40
41 74
41 62
41 72
41 51
41 69
41 21
41 55
41 68
41 30
41 5
42 68
42 5
42 39
42 42
42 45
42 79
42 18
42 47
43 0
43 3
43 36
43 5
43 70
43 71
43 40
43 45
43 48
43 81
43 83
43 21
43 25
43 59
43 69
44 34
44 69
44 39
44 15
44 16
44 18
44 86
45 34
45 3
45 72
45 10
45 43
45 44
45 13
45 15
45 80
45 86
45 26
45 59
46 0
46 51
46 35
46 4
46 86
46 68
46 62
46 76
46 13
46 47
46 48
46 19
46 21
46 54
46 36
46 26
46 27
46 30
46 63
47 32
47 33
47 34
47 50
47 76
47 77
47 79
47 16
47 18
47 62
47 26
47 30
48 65
48 3
48 60
48 47
48 56
48 18
48 54
48 24
48 25
48 28
49 64
49 34
49 86
49 71
49 74
49 76
49 45
49 15
49 82
49 22
49 26
49 62
49 69
50 0
50 33
50 68
50 39
50 74
50 23
51 80
51 84
51 53
51 86
52 84
52 68
52 6
52 70
52 9
52 10
52 12
52 45
52 44
52 20
52 25
53 65
53 34
53 5
53 8
53 13
53 79
53 82
53 51
53 25
53 26
54 34
54 67
54 43
54 13
54 84
54 25
54 60
54 61
55 0
55 32
55 2
55 34
55 81
55 71
55 10
55 11
55 13
55 15
55 80
55 56
55 51
55 21
55 45
55 57
55 47
55 60
56 68
56 3
56 36
56 69
56 10
56 86
56 78
56 16
56 81
56 62
56 54
56 55
56 56
56 57
56 26
56 59
56 28
56 30
56 63
57 48
57 83
57 35
57 36
57 5
57 51
57 40
57 73
57 79
57 12
57 78
57 15
57 16
57 18
57 19
57 52
57 86
57 25
57 59
58 0
58 37
58 71
58 10
58 45
58 47
58 82
58 83
58 20
58 53
58 55
58 56
58 31
60 32
60 35
60 68
60 69
60 71
60 46
60 80
60 18
60 83
60 56
60 36
61 32
61 66
61 71
61 72
61 73
61 10
61 44
61 15
61 80
61 18
61 53
61 23
61 25
61 47
61 63
62 38
62 71
62 8
62 10
62 43
62 78
62 48
62 51
62 52
62 23
63 64
63 33
63 34
63 5
63 38
63 40
63 73
63 43
63 76
63 46
63 79
63 83
63 21
63 54
63 87
63 57
63 70
63 30
63 85
64 67
64 36
64 37
64 7
64 76
64 77
64 45
64 80
64 84
64 21
64 24
64 20
64 63
65 81
65 3
65 36
65 21
65 61
66 34
66 3
66 12
66 76
66 81
66 84
66 53
66 54
66 30
67 34
67 37
67 18
67 84
67 26
67 30
68 6
68 40
68 73
68 12
68 78
68 81
68 83
68 56
68 60
68 61
69 3
69 54
69 70
69 39
69 76
69 10
69 43
69 12
69 86
69 46
69 16
69 49
69 20
69 22
69 23
69 24
69 28
69 61
69 69
70 66
70 3
70 70
70 10
70 43
70 76
70 13
70 34
70 51
70 54
70 60
71 32
71 4
71 69
71 39
71 12
71 76
71 77
71 82
71 83
71 23
71 36
71 63
71 61
71 37
72 1
72 75
72 36
72 5
72 38
72 7
72 8
72 42
72 43
72 12
72 13
72 77
72 40
72 51
72 22
72 25
72 27
72 86
72 30
73 0
73 51
73 3
73 37
73 38
73 10
73 43
73 15
73 16
73 81
73 35
73 53
73 87
73 26
73 61
73 62
74 24
74 41
74 61
74 49
74 71
75 0
75 80
75 68
75 6
75 81
75 72
75 41
75 74
75 43
75 76
75 13
75 78
75 48
75 49
75 50
75 84
75 85
75 73
75 28
75 63
76 32
76 5
76 38
76 73
76 11
76 77
76 19
76 21
76 22
76 62
76 26
76 53
76 30
76 37
77 0
77 32
77 3
77 37
77 72
77 73
77 10
77 12
77 13
77 50
77 83
77 24
77 60
78 81
78 11
78 59
79 33
79 36
79 37
79 73
79 10
79 43
79 16
79 51
79 84
79 54
79 56
79 25
79 26
79 63
79 86
79 62
79 31
80 32
80 35
80 68
80 72
80 78
80 15
80 52
80 30
81 36
81 70
81 72
81 10
81 11
81 76
81 13
81 18
81 83
81 20
81 21
81 57
81 25
81 62
82 68
82 39
82 78
82 15
82 81
82 18
82 53
82 25
82 26
82 27
82 36
83 5
83 39
83 72
83 74
83 15
83 50
83 25
83 26
83 28
84 64
84 34
84 68
84 69
84 38
84 72
84 83
85 64
85 34
85 69
85 39
85 45
85 24
86 3
86 69
86 6
86 72
86 10
86 11
86 77
86 57
86 86
86 23
86 24
86 55
87 0
87 32
87 2
87 36
87 70
87 81
87 42
87 45
87 79
87 56
87 18
87 54
87 24
87 57
87 74
