88
0 1
0 4
0 5
0 11
0 12
0 19
0 27
0 36
0 38
0 41
0 42
0 43
0 46
0 47
0 50
0 53
0 54
0 55
0 56
0 59
0 63
0 78
0 83
0 86
2 1
2 2
2 6
2 11
2 12
2 14
2 19
2 20
2 23
2 27
2 36
2 39
2 40
2 41
2 42
2 43
2 46
2 48
2 49
2 50
2 53
2 55
2 56
2 58
2 78
2 79
2 81
2 86
4 0
4 36
4 6
4 39
4 12
4 46
4 47
4 81
4 53
4 86
5 39
7 0
7 2
7 4
7 18
7 20
7 23
7 27
7 31
7 38
7 39
7 40
7 41
7 42
7 46
7 47
7 48
7 53
7 55
7 59
7 62
7 68
7 78
7 81
7 82
7 86
9 2
9 4
9 41
9 12
9 34
9 78
9 18
9 83
9 46
9 27
9 62
9 31
10 0
10 1
10 11
10 12
10 18
10 21
10 23
10 27
10 39
10 40
10 41
10 42
10 43
10 46
10 47
10 48
10 55
10 56
10 58
10 59
10 60
10 62
10 68
10 76
10 77
10 78
10 81
10 82
10 86
12 0
12 1
12 2
12 11
12 12
12 19
12 20
12 27
12 32
12 34
12 39
12 40
12 41
12 42
12 43
12 47
12 53
12 55
12 56
12 58
12 59
12 60
12 78
12 79
12 82
12 83
12 85
13 0
13 1
13 2
13 4
13 11
13 12
13 18
13 39
13 41
13 46
13 47
13 48
13 52
13 53
13 55
13 56
13 59
13 62
13 63
13 68
13 77
13 78
13 82
13 83
13 86
16 0
16 1
16 36
16 41
16 42
16 79
16 48
16 81
16 82
16 86
16 23
16 47
17 0
17 3
17 6
17 11
17 12
17 18
17 23
17 27
17 31
17 36
17 38
17 39
17 40
17 41
17 44
17 46
17 47
17 48
17 52
17 53
17 55
17 56
17 58
17 68
17 77
17 82
17 83
17 86
17 87
23 0
23 1
23 2
23 3
23 6
23 11
23 20
23 23
23 27
23 41
23 42
23 43
23 46
23 47
23 48
23 49
23 50
23 52
23 56
23 62
23 78
23 79
23 86
23 87
24 0
24 84
24 2
24 43
24 68
24 39
24 41
24 11
24 12
24 77
24 78
24 44
24 81
24 52
24 53
24 23
24 56
24 55
24 58
24 47
24 62
25 59
25 5
25 11
25 13
25 78
25 83
25 27
30 19
30 46
33 1
33 6
33 11
33 12
33 18
33 27
33 34
33 36
33 41
33 44
33 46
33 47
33 55
33 56
33 58
33 59
33 62
33 78
33 79
33 81
33 82
33 84
33 86
34 1
34 2
34 13
34 18
34 19
34 31
34 38
34 39
34 40
34 42
34 43
34 46
34 48
34 49
34 50
34 53
34 55
34 56
34 58
34 62
34 77
34 78
34 79
34 84
37 0
37 1
37 4
37 6
37 19
37 20
37 27
37 35
37 39
37 42
37 46
37 47
37 48
37 52
37 53
37 58
37 62
37 81
37 82
37 83
37 84
37 86
38 0
38 1
38 11
38 13
38 20
38 31
38 34
38 36
38 39
38 41
38 42
38 46
38 47
38 48
38 50
38 55
38 56
38 58
38 62
38 63
38 77
38 78
38 79
38 81
38 82
38 83
38 86
38 87
40 1
40 2
40 11
40 18
40 23
40 27
40 34
40 36
40 38
40 41
40 42
40 43
40 46
40 47
40 48
40 56
40 58
40 59
40 62
40 63
40 68
40 78
40 79
40 81
40 82
40 86
40 87
42 0
42 1
42 4
42 11
42 19
42 23
42 36
42 39
42 40
42 42
42 44
42 46
42 48
42 53
42 55
42 58
42 60
42 63
42 68
42 69
42 78
42 79
42 83
42 86
44 0
44 2
44 3
44 4
44 11
44 13
44 20
44 23
44 27
44 31
44 39
44 41
44 42
44 43
44 46
44 47
44 48
44 49
44 55
44 56
44 59
44 77
44 81
44 82
44 86
45 0
45 1
45 2
45 6
45 11
45 20
45 27
45 31
45 34
45 39
45 41
45 42
45 43
45 46
45 47
45 48
45 52
45 53
45 58
45 59
45 62
45 77
45 78
45 81
45 82
45 87
50 0
50 1
50 2
50 6
50 12
50 13
50 20
50 23
50 27
50 34
50 41
50 47
50 48
50 52
50 55
50 58
50 59
50 62
50 63
50 77
50 78
50 79
50 81
50 82
50 83
50 86
51 2
51 11
51 13
51 31
51 34
51 38
51 39
51 41
51 42
51 44
51 47
51 48
51 49
51 52
51 54
51 58
51 59
51 62
51 63
51 77
51 78
51 79
51 84
51 86
51 87
53 4
53 6
53 12
53 23
53 27
53 29
53 34
53 35
53 36
53 39
53 41
53 42
53 43
53 46
53 47
53 48
53 49
53 55
53 58
53 59
53 62
53 76
53 81
53 82
53 86
58 0
58 1
58 2
58 36
58 39
58 82
58 55
58 12
58 34
58 46
58 48
58 81
58 50
58 53
58 86
58 23
58 68
58 59
58 78
58 62
59 0
59 2
59 3
59 6
59 11
59 12
59 20
59 23
59 27
59 34
59 35
59 41
59 42
59 43
59 46
59 47
59 48
59 52
59 58
59 59
59 62
59 68
59 78
59 79
59 81
59 82
59 84
59 86
61 1
61 4
61 6
61 12
61 13
61 18
61 20
61 27
61 35
61 36
61 38
61 39
61 40
61 41
61 42
61 47
61 48
61 49
61 52
61 56
61 58
61 62
61 77
61 79
61 81
61 82
61 86
63 0
63 1
63 5
63 11
63 12
63 19
63 21
63 23
63 34
63 38
63 40
63 41
63 42
63 43
63 44
63 46
63 48
63 53
63 56
63 58
63 59
63 78
63 79
63 81
65 0
65 2
65 68
65 11
65 86
65 23
65 56
70 0
70 1
70 2
70 11
70 12
70 20
70 27
70 34
70 35
70 36
70 41
70 42
70 47
70 48
70 53
70 55
70 56
70 58
70 62
70 63
70 76
70 77
70 78
70 83
70 86
71 0
71 1
71 2
71 8
71 11
71 12
71 18
71 23
71 31
71 34
71 39
71 41
71 46
71 47
71 49
71 50
71 53
71 55
71 56
71 58
71 59
71 69
71 78
71 82
71 86
72 0
72 2
72 4
72 13
72 18
72 19
72 23
72 28
72 34
72 36
72 38
72 39
72 42
72 43
72 47
72 55
72 56
72 58
72 59
72 77
72 78
72 81
72 82
72 86
72 87
73 0
73 1
73 2
73 4
73 5
73 6
73 8
73 13
73 19
73 21
73 23
73 27
73 35
73 36
73 38
73 39
73 42
73 43
73 46
73 47
73 48
73 54
73 55
73 56
73 58
73 62
73 77
73 78
73 79
73 82
73 86
74 0
74 1
74 6
74 11
74 12
74 23
74 27
74 34
74 36
74 38
74 40
74 41
74 43
74 44
74 48
74 50
74 55
74 56
74 59
74 62
74 68
74 77
74 78
74 79
74 82
75 0
75 1
75 2
75 12
75 13
75 19
75 23
75 27
75 34
75 36
75 40
75 41
75 42
75 46
75 53
75 54
75 55
75 56
75 58
75 59
75 62
75 77
75 78
75 79
75 81
80 2
80 36
80 49
80 42
80 12
80 13
80 47
80 48
80 81
80 54
80 55
80 56
80 59
81 0
81 11
81 12
81 13
81 20
81 23
81 27
81 28
81 34
81 36
81 38
81 39
81 41
81 42
81 46
81 47
81 53
81 56
81 59
81 62
81 81
81 82
81 86
81 87
82 0
82 1
82 2
82 4
82 6
82 11
82 12
82 20
82 21
82 23
82 27
82 35
82 38
82 39
82 42
82 46
82 47
82 50
82 52
82 53
82 55
82 59
82 62
82 63
82 68
82 77
82 78
82 81
82 82
82 86
