88
0 0
0 64
0 70
0 36
0 37
0 6
0 8
0 83
0 12
0 45
0 19
0 53
0 22
0 57
0 58
0 59
0 60
1 19
1 36
1 6
1 13
1 83
1 84
1 28
2 33
2 58
2 83
2 86
3 28
3 58
3 83
3 36
4 58
4 6
5 33
5 83
5 28
5 6
6 0
6 6
6 8
6 9
6 13
6 19
6 22
6 24
6 25
6 28
6 29
6 32
6 33
6 35
6 36
6 40
6 41
6 43
6 45
6 46
6 50
6 51
6 53
6 54
6 58
6 59
6 60
6 61
6 62
6 63
6 64
6 66
6 67
6 68
6 69
6 71
6 72
6 73
6 74
6 76
6 78
6 80
6 83
6 84
6 85
6 86
6 87
7 64
7 19
8 0
8 5
8 6
8 8
8 10
8 19
8 22
8 25
8 28
8 30
8 32
8 34
8 35
8 36
8 37
8 40
8 41
8 43
8 46
8 47
8 50
8 51
8 52
8 54
8 56
8 58
8 59
8 60
8 62
8 63
8 68
8 79
8 81
8 82
8 83
8 84
8 85
8 86
9 0
9 1
9 6
9 8
9 9
9 10
9 12
9 13
9 17
9 19
9 22
9 24
9 25
9 28
9 32
9 34
9 35
9 37
9 38
9 44
9 45
9 47
9 52
9 54
9 56
9 57
9 58
9 59
9 60
9 61
9 62
9 64
9 65
9 66
9 68
9 69
9 72
9 73
9 74
9 75
9 76
9 77
9 80
9 83
9 85
9 86
9 87
10 19
10 36
10 44
10 13
10 47
10 83
10 58
10 28
12 0
12 1
12 5
12 6
12 8
12 9
12 10
12 12
12 13
12 19
12 22
12 27
12 30
12 32
12 33
12 36
12 37
12 40
12 42
12 43
12 46
12 50
12 51
12 52
12 54
12 56
12 57
12 58
12 60
12 61
12 62
12 64
12 65
12 66
12 68
12 70
12 74
12 76
12 78
12 79
12 80
12 81
12 83
12 84
12 87
13 4
13 6
13 8
13 17
13 19
13 22
13 28
13 29
13 30
13 33
13 34
13 35
13 36
13 37
13 41
13 47
13 52
13 58
13 59
13 62
13 64
13 79
13 83
13 86
16 59
16 36
16 6
17 58
19 0
19 64
19 83
19 36
19 54
19 6
19 71
19 8
19 60
19 68
19 78
19 19
19 22
19 73
19 25
19 58
19 59
19 28
19 61
19 62
19 63
20 19
20 63
21 64
21 19
21 37
21 6
21 70
21 83
21 84
21 85
21 54
21 52
21 58
21 28
21 51
22 0
22 64
22 83
22 36
22 5
22 6
22 71
22 9
22 75
22 78
22 47
22 82
22 19
22 52
22 21
22 22
22 68
22 59
22 28
22 53
23 64
23 34
23 36
23 37
23 6
23 8
23 45
23 17
23 83
23 52
23 54
23 56
23 58
23 59
23 28
24 83
24 19
24 28
24 22
25 64
25 84
25 34
25 67
25 36
25 37
25 6
25 41
25 74
25 75
25 47
25 17
25 19
25 52
25 54
25 56
25 68
25 58
25 60
25 83
26 83
27 74
27 83
27 36
27 37
28 0
28 64
28 83
28 59
28 6
28 8
28 9
28 43
28 60
28 13
28 47
28 48
28 19
28 53
28 41
28 58
28 27
28 28
28 29
28 62
28 31
29 36
29 37
29 6
29 8
29 43
29 50
29 83
29 56
29 58
29 28
30 36
30 6
30 19
30 84
30 28
30 62
30 31
31 19
32 64
32 83
32 28
32 55
33 83
33 6
33 78
33 19
33 58
33 60
33 63
34 83
34 50
34 19
34 28
34 58
35 27
35 50
35 19
35 58
36 19
36 75
36 43
36 60
36 6
37 64
37 51
37 6
37 71
37 72
37 43
37 83
37 59
37 28
38 64
38 19
38 83
38 6
39 58
39 83
39 28
39 6
40 64
40 19
40 68
40 54
40 6
40 83
40 86
40 56
40 25
40 58
40 59
40 28
40 51
41 19
41 36
41 6
41 8
41 44
41 83
41 59
41 28
41 31
42 64
42 6
42 60
42 78
42 19
42 85
42 58
42 28
43 64
43 84
43 35
43 36
43 37
43 6
43 60
43 70
43 77
43 82
43 83
43 52
43 86
43 87
43 56
43 68
43 58
43 59
43 28
44 58
44 83
44 44
44 62
45 64
45 83
45 28
45 37
46 19
46 83
46 36
46 22
46 6
47 69
47 6
47 83
47 52
47 58
47 28
47 37
48 33
48 22
49 64
49 19
50 19
50 36
50 6
50 8
50 43
50 40
50 83
50 84
50 22
50 28
51 36
51 6
51 78
51 19
51 85
51 22
51 58
52 32
52 66
52 68
52 6
52 83
52 46
52 19
52 22
52 36
52 59
53 58
53 82
53 35
53 6
53 70
54 0
54 19
54 6
54 43
54 13
54 83
54 84
54 59
54 28
55 0
55 6
55 8
55 9
55 12
55 13
55 17
55 19
55 21
55 22
55 24
55 25
55 28
55 35
55 36
55 39
55 40
55 43
55 44
55 45
55 47
55 50
55 51
55 53
55 54
55 56
55 58
55 59
55 60
55 62
55 63
55 64
55 65
55 67
55 68
55 71
55 73
55 76
55 77
55 79
55 81
55 82
55 83
55 84
55 85
55 86
56 83
56 19
56 84
56 6
57 6
57 8
57 13
57 19
57 22
57 28
57 33
57 35
57 36
57 37
57 43
57 46
57 51
57 54
57 58
57 59
57 60
57 62
57 65
57 67
57 68
57 74
57 78
57 83
57 84
57 85
58 2
58 6
58 8
58 13
58 17
58 19
58 21
58 22
58 23
58 25
58 27
58 28
58 29
58 31
58 35
58 36
58 37
58 40
58 41
58 42
58 44
58 45
58 46
58 47
58 50
58 51
58 52
58 53
58 55
58 56
58 58
58 59
58 62
58 64
58 68
58 69
58 70
58 74
58 75
58 77
58 78
58 79
58 83
58 84
58 85
59 0
59 6
59 8
59 9
59 10
59 13
59 17
59 19
59 22
59 25
59 27
59 28
59 29
59 32
59 36
59 41
59 42
59 45
59 46
59 47
59 50
59 51
59 52
59 53
59 54
59 55
59 56
59 57
59 58
59 59
59 60
59 61
59 62
59 63
59 64
59 65
59 68
59 69
59 79
59 83
59 84
59 85
59 86
60 64
60 36
60 6
60 83
60 54
60 56
60 27
61 59
61 58
61 19
61 70
62 64
62 19
62 36
62 60
62 83
62 85
62 22
62 58
62 28
63 64
63 6
63 47
63 50
63 83
63 52
63 58
64 58
64 36
64 85
64 6
65 19
65 83
65 62
65 6
66 64
66 58
66 59
66 6
67 19
67 58
67 83
67 36
68 83
68 19
68 58
68 54
69 58
70 58
70 83
70 62
70 6
71 64
71 59
71 83
71 19
72 59
72 83
72 19
72 36
72 28
73 64
73 67
73 8
73 73
73 83
73 58
73 28
74 64
74 65
74 59
74 6
75 28
75 19
75 68
75 60
76 36
76 6
76 19
76 85
76 22
76 58
76 29
77 0
77 37
77 6
77 50
77 19
77 56
77 58
79 64
79 19
79 6
79 43
79 76
79 83
79 58
79 28
80 64
80 84
80 6
80 71
81 58
81 19
82 19
82 36
82 69
82 6
83 6
84 6
85 8
85 13
85 19
85 22
85 32
85 36
85 42
85 43
85 44
85 50
85 51
85 52
85 54
85 57
85 58
85 59
85 60
85 61
85 62
85 64
85 65
85 69
85 72
85 73
85 83
86 64
86 83
86 67
86 36
86 6
86 8
86 60
86 75
86 78
86 40
86 50
86 19
86 84
86 21
86 22
86 73
86 25
86 58
86 28
86 62
87 64
87 0
87 4
87 37
87 6
87 60
87 76
87 82
87 83
87 87
87 58
87 19
87 51
