88
0 44
0 53
1 66
1 7
1 8
1 39
1 12
1 2
1 14
1 79
1 16
1 49
1 50
1 51
1 26
1 27
2 64
3 65
3 34
3 68
3 5
3 6
3 39
3 8
3 74
3 11
3 12
3 50
3 26
3 38
3 60
3 61
3 30
4 70
5 66
5 43
5 38
5 9
5 75
5 12
5 77
5 48
5 51
5 20
5 54
5 73
5 26
5 31
6 35
6 36
6 5
6 71
6 74
6 43
6 77
6 78
6 45
6 31
7 65
7 66
7 67
7 49
7 71
7 73
7 14
7 48
7 81
7 82
7 62
7 23
7 30
7 63
9 32
9 2
9 35
9 39
9 72
9 12
9 76
9 78
9 79
9 26
9 61
9 30
9 63
10 64
10 66
10 36
10 5
10 70
10 7
10 38
10 44
10 80
10 27
10 62
11 66
11 68
11 37
11 7
11 72
11 10
11 39
11 17
11 25
11 60
11 30
11 36
12 59
13 32
13 84
13 69
13 70
13 71
13 9
13 42
13 43
13 44
13 45
13 79
13 20
13 52
13 28
14 70
14 6
14 39
14 40
14 14
14 50
14 20
14 54
14 26
14 59
15 50
15 70
15 71
15 73
15 45
15 49
15 82
15 26
15 27
15 31
16 52
16 77
16 46
17 41
17 67
17 45
18 36
18 6
18 7
18 41
18 43
18 78
18 79
18 48
18 49
18 52
18 68
19 41
19 78
20 67
20 49
20 39
20 40
20 41
20 7
20 14
20 16
20 43
20 61
20 30
21 67
21 20
22 68
22 71
22 10
22 47
22 16
22 49
22 82
22 63
23 33
23 66
23 38
23 73
23 10
23 47
23 86
23 41
23 56
23 26
23 42
24 2
24 35
24 10
24 78
24 81
24 56
24 27
25 64
25 51
25 75
25 68
25 54
25 40
25 11
25 44
25 47
25 43
25 67
25 86
25 36
25 27
26 0
26 34
26 5
26 7
26 41
26 42
26 81
26 82
26 26
26 27
27 11
27 54
27 7
27 75
27 14
27 47
27 46
27 86
27 23
27 39
27 30
28 32
28 65
28 59
28 36
28 70
28 39
28 40
28 45
28 79
28 81
28 47
29 67
29 12
29 79
29 59
29 82
29 20
29 53
29 55
29 27
29 62
30 67
30 68
30 5
30 71
30 74
30 13
30 14
30 45
30 78
30 56
31 0
31 32
31 68
31 70
31 40
31 73
31 10
31 43
31 14
31 49
31 23
32 38
32 40
32 10
32 44
32 77
32 78
32 82
32 52
32 25
32 61
33 33
33 2
33 72
33 9
33 74
33 75
33 13
33 16
33 81
33 27
34 32
34 64
34 35
34 70
34 9
34 42
34 43
34 12
34 14
34 48
34 59
34 52
34 73
34 26
34 27
34 61
35 33
35 22
35 72
35 73
35 10
35 12
35 79
35 86
35 24
35 54
35 5
36 1
36 2
36 65
36 12
36 34
36 49
36 82
36 20
36 53
36 56
36 62
37 65
37 4
37 38
37 39
37 40
37 41
37 48
37 81
37 21
37 26
38 3
38 38
38 7
38 60
38 78
38 51
38 25
38 28
39 1
39 66
39 3
39 82
39 5
39 48
39 40
39 63
39 71
39 13
39 78
39 16
39 49
39 50
39 35
39 20
39 85
39 55
39 26
39 59
39 31
40 65
40 2
40 4
40 54
40 7
40 40
40 41
40 11
40 66
40 47
40 82
40 52
40 53
40 22
40 68
40 27
40 86
40 31
41 33
41 66
41 59
41 7
41 72
41 42
41 43
41 12
41 79
41 16
41 49
41 84
41 53
41 71
41 27
42 32
42 1
42 34
42 59
42 66
42 65
42 7
42 9
42 75
42 44
42 13
42 14
42 47
42 50
42 83
42 86
42 73
42 68
42 58
42 27
42 63
43 0
43 33
43 35
43 38
43 71
43 40
43 41
43 42
43 43
43 81
43 51
43 73
43 31
44 33
44 36
44 38
44 7
44 45
44 51
44 21
44 26
44 58
44 30
45 34
45 5
45 70
45 39
45 41
45 75
45 49
45 85
45 73
45 25
46 32
46 64
46 34
46 36
46 70
46 38
46 65
46 9
46 74
46 43
46 76
46 14
46 47
46 48
46 68
46 59
47 0
47 1
47 34
47 59
47 33
47 64
47 10
47 11
47 66
47 20
47 52
47 71
47 27
47 60
47 74
48 80
48 61
49 2
49 67
49 5
49 39
49 42
49 45
49 13
49 79
49 16
49 82
49 53
49 60
49 29
49 31
50 66
50 68
50 34
50 51
50 62
50 23
50 27
50 30
51 0
51 66
51 35
51 5
51 2
51 46
51 48
51 56
51 60
52 34
52 38
52 41
52 50
52 59
52 60
53 32
53 66
53 38
53 72
53 73
53 42
53 43
53 13
53 46
53 47
53 20
53 56
53 63
53 30
53 31
54 0
54 32
54 66
54 75
54 36
54 38
54 33
54 40
54 10
54 39
54 47
54 72
54 53
54 62
54 65
55 35
55 4
55 49
55 36
55 60
55 61
56 5
56 11
56 12
56 13
56 16
56 29
56 33
56 35
56 38
56 41
56 44
56 45
56 46
56 52
56 56
56 58
56 64
56 69
56 70
56 78
56 81
56 86
56 87
57 32
57 65
57 69
57 40
57 9
57 13
57 45
57 81
57 41
57 23
57 30
57 63
58 5
58 74
58 61
58 81
58 82
58 57
58 25
58 59
58 42
59 32
59 4
59 5
59 7
59 73
59 75
59 12
59 78
59 61
59 48
59 82
59 68
59 29
59 30
59 63
60 65
60 67
60 70
60 7
60 75
60 50
60 52
60 86
60 63
61 67
61 49
61 71
61 72
61 10
61 11
61 14
61 16
61 43
61 60
62 34
63 64
63 34
63 67
63 69
63 70
63 79
63 48
63 19
63 26
63 47
64 67
64 70
64 42
64 48
64 81
64 82
64 35
64 25
64 26
64 62
65 66
65 67
65 4
65 38
65 7
65 9
65 51
65 60
65 30
65 31
66 83
67 9
67 12
68 9
68 39
68 41
68 44
68 16
68 51
68 84
68 87
68 24
68 25
68 27
68 62
69 0
69 50
69 7
69 40
69 41
69 11
69 13
69 78
69 47
69 82
69 52
69 60
69 31
70 35
70 6
70 7
70 41
70 14
70 82
70 53
70 63
71 0
71 34
71 35
71 70
71 10
71 11
71 78
71 84
71 26
71 27
71 60
72 64
72 69
73 32
73 24
73 66
73 52
73 57
74 52
74 62
74 12
74 45
74 70
75 42
75 46
76 75
76 68
76 39
76 9
76 10
76 11
76 12
76 13
76 63
76 48
76 50
76 82
76 62
76 41
76 26
76 27
76 42
76 30
76 31
77 32
77 2
77 36
77 79
77 48
77 84
77 58
77 27
77 31
78 64
78 35
78 5
78 40
78 9
78 74
78 44
78 48
78 63
78 37
79 33
79 2
79 67
79 38
79 6
79 12
79 14
79 16
79 52
79 53
79 25
79 27
79 61
80 64
80 66
80 35
80 4
80 44
80 45
80 79
80 36
80 58
80 29
81 0
81 2
81 68
81 38
81 13
81 78
81 79
81 27
81 31
82 36
82 54
82 38
82 9
82 13
82 14
82 49
82 20
82 86
82 26
82 60
83 50
83 68
83 70
83 41
83 42
83 11
83 12
83 77
83 46
83 82
83 54
84 67
84 5
84 8
84 9
84 40
84 84
84 41
84 26
85 65
85 35
85 70
85 8
85 44
85 74
85 43
85 12
85 78
85 47
85 86
85 25
85 42
85 31
86 2
86 37
86 10
86 51
86 53
86 57
86 25
86 59
86 60
86 62
87 0
87 32
87 2
87 75
87 36
87 5
87 7
87 72
87 11
87 46
87 79
87 51
87 53
87 54
87 24
87 57
87 71
87 86
