88
0 38
0 6
0 71
0 73
0 43
0 49
0 18
0 83
0 7
0 57
0 59
0 30
1 1
1 66
1 5
1 38
1 41
1 81
1 21
1 63
2 3
2 68
2 70
2 38
2 7
2 8
2 55
2 44
2 77
2 80
2 83
2 84
2 23
2 56
2 57
2 59
2 63
3 32
3 1
3 3
3 8
3 41
3 81
3 22
3 26
4 0
4 68
4 69
4 39
4 13
4 36
4 59
4 28
4 30
5 0
5 32
5 35
5 69
5 33
5 64
5 7
5 76
5 77
5 71
5 75
5 67
5 85
5 57
5 24
5 39
5 26
5 59
6 34
6 67
6 38
6 6
6 41
6 74
6 86
6 13
6 81
6 82
6 84
6 21
6 22
6 87
6 70
6 31
7 72
7 44
7 78
7 80
7 40
7 85
7 53
8 74
9 86
10 86
11 48
13 33
13 66
13 35
13 36
13 37
13 7
13 41
13 76
13 77
13 15
13 81
13 22
13 26
13 59
15 48
15 66
15 36
15 39
15 8
15 74
15 45
15 2
15 77
15 80
15 84
15 53
15 59
15 28
17 4
17 70
17 7
17 9
17 43
17 76
17 77
17 46
17 21
17 55
17 36
17 62
18 1
18 4
18 33
18 46
18 15
18 80
18 52
18 86
18 26
18 31
19 38
19 31
20 37
20 15
20 48
20 83
20 20
20 85
20 56
20 53
21 68
21 38
21 6
21 7
21 73
21 74
21 75
21 45
21 15
21 52
21 87
21 58
21 63
22 64
22 34
22 36
22 70
22 74
22 75
22 44
22 45
22 47
22 50
22 82
22 21
22 86
22 83
22 26
22 28
22 31
23 33
23 66
23 38
23 42
23 52
23 30
23 63
24 32
24 6
24 40
24 80
24 22
24 26
24 30
25 34
25 67
25 60
25 76
25 47
25 82
25 20
25 21
25 86
25 24
25 57
25 28
25 30
26 32
26 52
26 22
26 31
27 1
27 2
27 48
27 75
27 80
27 85
27 86
27 56
28 0
28 32
28 36
28 71
28 9
28 74
28 43
28 44
28 13
28 45
28 18
28 20
28 53
28 86
28 55
28 26
29 2
29 4
29 73
29 74
29 76
29 15
29 48
29 20
29 85
29 84
29 21
29 53
30 69
30 7
30 42
30 12
30 47
30 84
30 53
30 23
30 52
30 20
30 63
31 34
31 3
31 38
31 6
31 40
31 75
31 10
31 55
31 44
31 70
31 76
31 18
31 35
31 53
31 23
31 58
31 59
31 28
32 1
32 34
32 67
32 70
32 6
32 41
32 43
32 76
32 13
32 84
32 86
32 56
32 25
32 60
33 33
33 67
33 4
33 40
33 73
33 42
33 75
33 45
33 15
33 80
33 53
33 87
33 27
33 60
33 74
34 1
34 3
34 70
34 39
34 41
34 74
34 75
34 45
34 80
34 23
34 56
34 31
35 0
35 1
35 69
35 38
35 46
35 15
35 81
35 21
35 86
35 23
35 37
36 35
36 41
36 11
36 79
36 48
36 57
36 86
36 55
36 25
36 58
37 4
37 69
37 6
37 8
37 46
37 40
37 84
37 85
37 86
37 23
37 37
37 31
38 67
38 68
38 37
38 70
38 80
38 6
38 28
39 67
39 68
39 38
39 72
39 41
39 75
39 44
39 16
39 81
39 84
39 28
40 34
40 3
40 69
40 40
40 74
40 75
40 78
40 15
40 72
40 83
40 84
40 22
40 47
40 30
41 32
41 4
41 69
41 45
41 50
41 83
41 84
41 28
42 26
42 28
42 22
42 6
42 87
43 33
43 66
43 36
43 37
43 6
43 7
43 75
43 44
43 13
43 78
43 77
43 18
43 51
43 20
43 27
43 69
43 63
44 33
44 7
44 44
44 13
44 15
44 83
44 84
44 21
44 57
44 59
44 28
44 62
44 31
45 32
45 66
45 4
45 6
45 39
45 40
45 11
45 44
45 77
45 78
45 47
45 50
45 83
45 21
45 86
45 24
45 26
45 53
46 64
46 2
46 3
46 4
46 6
46 39
46 66
46 80
46 84
46 53
46 68
47 2
47 71
47 72
47 11
47 77
47 45
47 40
47 20
47 85
47 84
47 26
47 28
48 1
48 66
48 35
48 36
48 70
48 7
48 9
48 39
48 76
48 13
48 19
48 41
48 83
48 59
48 61
49 34
49 75
49 4
49 7
49 41
49 39
49 76
49 15
49 80
49 81
49 83
49 23
49 56
49 55
49 27
49 63
51 32
52 32
52 48
52 4
52 40
52 75
52 45
52 80
52 53
52 23
52 60
52 30
53 33
53 66
53 37
53 40
53 75
53 13
53 57
53 63
54 0
54 80
54 66
54 67
54 4
54 39
54 40
54 41
54 7
54 48
54 83
54 20
54 85
54 86
54 56
54 57
55 32
55 33
55 2
55 39
55 74
55 78
55 79
55 48
55 83
55 52
55 22
55 62
56 0
56 32
56 67
56 69
56 38
56 9
56 15
56 48
56 81
56 83
56 20
56 21
56 22
56 52
56 70
57 1
57 38
58 67
58 40
58 41
58 74
58 13
58 78
58 45
58 81
58 83
58 23
58 63
59 1
59 2
59 3
59 38
59 33
59 41
59 78
59 45
59 46
59 77
59 48
59 49
59 67
59 20
59 53
59 85
59 63
60 55
61 32
61 3
61 6
61 70
61 78
61 85
61 57
62 32
62 33
62 3
62 70
62 7
62 41
62 76
62 77
62 47
62 81
62 83
62 52
62 86
62 56
62 57
63 0
63 1
63 2
63 4
63 6
63 33
63 74
63 39
63 44
63 66
63 48
63 81
63 23
63 36
63 30
63 63
64 45
64 6
65 85
66 1
66 34
66 39
66 44
66 77
66 48
66 83
66 84
66 53
66 56
66 26
66 59
66 63
67 0
67 2
67 40
67 75
67 66
67 80
67 81
67 18
67 21
67 22
67 56
67 58
68 1
68 33
68 10
68 48
68 84
68 85
68 86
68 28
68 30
69 32
69 34
69 67
69 68
69 6
69 41
69 74
69 75
69 76
69 45
69 78
69 80
69 49
69 53
69 26
69 31
70 32
70 4
70 70
70 39
70 40
70 44
70 13
70 80
70 81
70 83
70 84
70 85
70 22
70 55
70 56
70 68
70 30
71 66
71 3
71 60
71 44
71 2
71 83
71 84
71 21
71 86
71 52
71 28
71 53
71 31
72 0
72 34
72 67
72 69
72 7
72 39
72 46
72 84
72 20
72 59
72 31
73 34
73 3
73 36
73 37
73 40
73 74
73 13
73 46
73 15
73 48
73 83
73 20
73 56
73 84
73 31
74 0
74 66
74 67
74 4
74 37
74 6
74 7
74 13
74 15
74 52
74 57
74 36
74 26
74 59
74 28
75 32
75 3
75 5
75 70
75 71
75 41
75 42
75 7
75 48
75 49
75 52
75 85
75 28
76 0
76 32
76 66
76 3
76 36
76 34
76 46
76 52
76 85
76 31
77 35
77 37
77 70
77 13
77 6
77 49
77 84
77 53
77 52
77 26
78 0
78 66
78 38
78 70
78 39
78 80
78 21
78 23
78 57
78 59
79 1
79 83
79 63
80 32
80 1
80 34
80 4
80 69
80 7
80 76
80 13
80 77
80 15
80 80
80 85
80 63
80 28
80 30
80 31
81 81
81 27
81 77
81 22
81 21
82 0
82 33
82 66
82 3
82 36
82 5
82 38
82 41
82 74
82 78
82 81
82 20
82 85
82 73
82 58
82 59
82 70
82 31
83 48
83 33
83 68
83 62
83 63
85 64
85 2
85 4
85 70
85 74
85 75
85 77
85 78
85 15
85 85
85 63
86 32
86 33
86 36
86 70
86 76
86 13
86 77
86 59
86 63
87 32
87 34
87 70
87 39
87 72
87 76
87 15
87 63
