88
0 0
0 1
0 9
0 10
0 13
0 17
0 21
0 27
0 30
0 36
0 37
0 38
0 41
0 45
0 46
0 49
0 52
0 53
0 54
0 56
0 57
0 61
0 62
0 66
0 70
0 72
0 73
0 75
0 77
0 78
0 80
0 84
1 0
1 5
1 10
1 13
1 21
1 30
1 32
1 36
1 37
1 38
1 41
1 42
1 43
1 51
1 52
1 54
1 56
1 61
1 62
1 64
1 66
1 67
1 70
1 71
1 72
1 74
1 75
1 78
1 80
1 83
1 84
1 86
3 0
3 1
3 4
3 5
3 9
3 10
3 13
3 16
3 21
3 25
3 30
3 32
3 33
3 34
3 36
3 38
3 41
3 42
3 45
3 46
3 48
3 54
3 62
3 65
3 68
3 71
3 72
3 73
3 75
3 78
3 79
3 82
3 83
3 87
4 0
4 1
4 3
4 4
4 5
4 9
4 16
4 21
4 27
4 30
4 32
4 34
4 36
4 37
4 41
4 43
4 45
4 46
4 48
4 49
4 50
4 51
4 56
4 57
4 62
4 64
4 68
4 70
4 71
4 72
4 75
4 77
4 78
4 80
4 83
4 84
4 86
4 87
6 0
6 1
6 2
6 36
6 37
6 71
6 64
6 9
6 10
6 45
6 72
6 50
6 83
6 21
6 54
6 73
6 61
6 53
8 38
8 39
8 72
8 74
8 83
8 53
8 61
9 0
9 1
9 4
9 5
9 9
9 10
9 13
9 21
9 24
9 32
9 36
9 37
9 38
9 40
9 41
9 46
9 47
9 48
9 51
9 53
9 54
9 57
9 60
9 61
9 63
9 70
9 71
9 72
9 73
9 74
9 75
9 78
9 80
9 83
9 86
10 0
10 2
10 6
10 10
10 13
10 21
10 30
10 33
10 36
10 37
10 38
10 40
10 42
10 43
10 45
10 46
10 47
10 49
10 50
10 53
10 54
10 57
10 60
10 61
10 62
10 66
10 71
10 72
10 75
10 78
10 79
10 84
10 86
12 48
12 62
12 5
12 70
12 45
16 0
16 1
16 10
16 13
16 25
16 30
16 32
16 33
16 37
16 38
16 40
16 41
16 42
16 45
16 46
16 47
16 48
16 49
16 50
16 52
16 53
16 56
16 61
16 63
16 65
16 70
16 71
16 73
16 75
16 77
16 79
16 80
16 86
18 1
18 5
18 9
18 10
18 13
18 21
18 30
18 32
18 34
18 36
18 37
18 43
18 45
18 46
18 48
18 49
18 51
18 53
18 54
18 61
18 62
18 63
18 65
18 68
18 69
18 70
18 71
18 73
18 85
18 86
18 87
20 0
20 1
20 5
20 10
20 13
20 21
20 24
20 25
20 30
20 32
20 33
20 36
20 37
20 38
20 40
20 41
20 43
20 45
20 47
20 49
20 51
20 53
20 61
20 62
20 66
20 72
20 74
20 77
20 78
20 79
20 83
20 86
20 87
21 0
21 1
21 5
21 10
21 13
21 16
21 21
21 25
21 29
21 30
21 32
21 36
21 37
21 38
21 39
21 41
21 42
21 43
21 45
21 46
21 47
21 48
21 49
21 56
21 62
21 64
21 67
21 70
21 71
21 72
21 74
21 75
21 78
21 79
21 80
21 83
21 86
26 0
26 1
26 4
26 9
26 21
26 25
26 30
26 33
26 36
26 40
26 41
26 43
26 46
26 47
26 48
26 50
26 51
26 53
26 54
26 57
26 64
26 67
26 68
26 69
26 70
26 71
26 72
26 73
26 74
26 76
26 78
26 80
26 87
28 0
28 1
28 3
28 5
28 13
28 24
28 30
28 32
28 33
28 36
28 37
28 38
28 40
28 41
28 42
28 43
28 51
28 57
28 61
28 62
28 65
28 72
28 77
28 78
28 79
28 83
28 84
31 0
31 1
31 4
31 9
31 10
31 13
31 21
31 30
31 37
31 41
31 42
31 45
31 48
31 50
31 52
31 54
31 57
31 66
31 70
31 73
31 74
31 77
31 78
31 79
31 80
31 83
31 84
35 1
35 4
35 10
35 13
35 25
35 30
35 36
35 37
35 39
35 42
35 45
35 50
35 51
35 52
35 53
35 54
35 56
35 57
35 60
35 62
35 65
35 69
35 70
35 71
35 72
35 75
35 76
35 78
35 80
35 83
35 86
44 1
44 5
44 10
44 13
44 25
44 28
44 30
44 32
44 33
44 37
44 40
44 42
44 43
44 45
44 46
44 50
44 54
44 56
44 57
44 61
44 62
44 63
44 65
44 69
44 70
44 71
44 72
44 77
44 78
44 83
44 85
44 86
49 0
49 1
49 5
49 6
49 9
49 10
49 13
49 21
49 30
49 32
49 36
49 37
49 38
49 47
49 48
49 49
49 50
49 51
49 53
49 54
49 60
49 61
49 62
49 63
49 64
49 70
49 71
49 72
49 74
49 75
49 77
49 78
49 83
49 84
49 86
50 0
50 4
50 9
50 10
50 13
50 16
50 21
50 24
50 25
50 33
50 37
50 38
50 40
50 41
50 42
50 43
50 45
50 46
50 49
50 51
50 54
50 56
50 57
50 62
50 65
50 68
50 69
50 71
50 78
50 79
50 83
50 84
50 87
53 0
53 1
53 5
53 10
53 13
53 21
53 24
53 30
53 37
53 38
53 45
53 46
53 47
53 50
53 51
53 53
53 54
53 56
53 57
53 61
53 62
53 66
53 68
53 70
53 71
53 72
53 74
53 77
53 78
53 80
53 83
53 86
53 87
54 0
54 4
54 5
54 13
54 30
54 32
54 37
54 40
54 41
54 43
54 45
54 46
54 49
54 50
54 53
54 54
54 56
54 60
54 61
54 65
54 67
54 69
54 70
54 71
54 72
54 73
54 74
54 78
54 79
54 80
54 83
54 86
54 87
55 0
55 1
55 2
55 6
55 9
55 10
55 21
55 24
55 25
55 32
55 37
55 38
55 41
55 43
55 45
55 47
55 48
55 51
55 53
55 54
55 56
55 62
55 63
55 65
55 68
55 69
55 70
55 71
55 72
55 73
55 76
55 77
55 78
55 83
55 86
55 87
56 5
56 10
56 13
56 21
56 25
56 37
56 38
56 41
56 42
56 45
56 46
56 47
56 48
56 50
56 51
56 52
56 53
56 54
56 56
56 57
56 60
56 61
56 62
56 65
56 70
56 71
56 72
56 74
56 78
56 80
56 83
56 84
58 0
58 5
58 17
58 21
58 25
58 32
58 33
58 36
58 37
58 38
58 41
58 42
58 43
58 46
58 47
58 49
58 50
58 51
58 52
58 54
58 55
58 57
58 60
58 61
58 62
58 65
58 70
58 71
58 72
58 75
58 77
58 78
58 79
58 83
58 84
58 86
60 0
60 1
60 4
60 6
60 9
60 10
60 21
60 27
60 30
60 32
60 33
60 34
60 36
60 37
60 40
60 41
60 42
60 45
60 46
60 48
60 51
60 52
60 53
60 54
60 60
60 61
60 62
60 71
60 72
60 73
60 74
60 77
60 78
60 87
64 0
64 4
64 5
64 10
64 13
64 21
64 25
64 32
64 33
64 36
64 37
64 38
64 39
64 41
64 42
64 45
64 46
64 47
64 53
64 57
64 61
64 65
64 66
64 71
64 72
64 76
64 78
64 79
64 83
64 86
64 87
83 0
83 9
83 10
83 13
83 21
83 24
83 29
83 30
83 36
83 38
83 41
83 42
83 46
83 48
83 49
83 50
83 52
83 53
83 54
83 60
83 62
83 65
83 66
83 67
83 70
83 72
83 73
83 78
83 79
83 80
83 82
83 84
83 86
84 1
84 5
84 9
84 21
84 30
84 33
84 36
84 38
84 40
84 43
84 45
84 48
84 51
84 52
84 53
84 54
84 56
84 62
84 67
84 70
84 75
84 79
84 80
84 82
84 83
84 87
