88
0 1
0 2
0 82
0 54
0 70
0 40
0 41
0 74
0 87
0 34
0 79
0 81
0 50
0 51
0 22
0 73
0 60
0 62
0 69
3 0
3 2
3 59
3 5
3 70
3 71
3 40
3 41
3 10
3 81
3 34
3 73
3 72
3 51
3 21
3 22
3 69
3 54
3 60
3 62
3 63
5 0
5 66
5 5
5 70
5 75
5 44
5 45
5 81
5 22
5 87
5 54
5 37
5 62
5 69
8 0
8 1
8 2
8 5
8 73
8 10
8 11
8 34
8 79
8 81
8 82
8 21
8 87
8 74
8 62
9 1
9 2
9 4
9 69
9 70
9 40
9 9
9 10
9 34
9 45
9 81
9 82
9 22
9 59
9 60
9 62
12 1
12 2
12 5
12 65
12 72
12 9
12 10
12 71
12 34
12 79
12 81
12 50
12 51
12 21
12 22
12 73
12 25
12 60
12 62
18 0
18 2
18 67
18 4
18 5
18 72
18 9
18 11
18 44
18 34
18 81
18 50
18 51
18 53
18 22
18 41
18 24
18 87
18 59
18 60
18 69
19 2
19 4
19 5
19 9
19 10
19 21
19 22
19 24
19 34
19 37
19 41
19 51
19 59
19 63
19 66
19 67
19 71
19 74
19 75
19 81
19 82
19 87
20 1
20 2
20 4
20 5
20 71
20 40
20 9
20 66
20 79
20 72
20 50
20 69
20 53
20 22
20 41
20 24
20 54
20 60
20 62
20 63
23 0
23 2
23 4
23 10
23 21
23 22
23 37
23 40
23 41
23 44
23 50
23 54
23 59
23 60
23 62
23 63
23 64
23 66
23 67
23 69
23 70
23 74
23 81
26 0
26 1
26 5
26 10
26 13
26 21
26 24
26 34
26 37
26 40
26 41
26 50
26 51
26 54
26 62
26 63
26 66
26 67
26 69
26 70
26 79
26 81
26 87
27 0
27 1
27 34
27 67
27 82
27 69
27 70
27 72
27 41
27 10
27 75
27 44
27 13
27 79
27 81
27 50
27 54
27 87
27 74
29 1
29 34
29 3
29 5
29 9
29 10
29 11
29 66
29 73
29 50
29 74
29 21
29 54
29 41
29 87
29 63
29 60
29 53
29 62
29 37
30 0
30 64
30 2
30 67
30 66
30 5
30 40
30 9
30 74
30 87
30 34
30 72
30 50
30 51
30 69
30 21
30 54
30 41
30 24
30 62
30 63
31 0
31 1
31 4
31 5
31 9
31 10
31 11
31 14
31 21
31 22
31 24
31 34
31 37
31 40
31 41
31 60
31 63
31 66
31 69
31 73
31 81
31 82
32 0
32 1
32 4
32 5
32 9
32 11
32 13
32 22
32 34
32 37
32 41
32 50
32 51
32 54
32 59
32 60
32 62
32 63
32 66
32 67
32 72
32 81
32 82
33 0
33 1
33 2
33 3
33 4
33 10
33 21
33 22
33 34
33 37
33 40
33 44
33 45
33 50
33 51
33 60
33 62
33 67
33 69
33 73
33 75
33 79
33 81
33 82
34 0
34 1
34 2
34 4
34 37
34 71
34 41
34 10
34 75
34 34
34 79
34 21
34 24
34 60
34 74
35 64
35 1
35 2
35 4
35 5
35 66
35 71
35 9
35 10
35 82
35 45
35 79
35 81
35 50
35 51
35 21
35 22
35 41
35 59
35 70
35 69
36 64
36 1
36 67
36 82
36 37
36 71
36 72
36 41
36 74
36 11
36 44
36 45
36 50
36 54
36 69
36 87
36 60
36 62
36 63
37 2
37 75
37 4
37 37
37 72
37 41
37 74
37 11
37 34
37 50
37 66
37 22
37 24
37 54
37 62
37 63
38 2
38 50
38 5
38 70
38 72
38 9
38 74
38 13
38 82
38 22
38 41
38 54
38 60
39 4
39 9
39 10
39 13
39 21
39 22
39 34
39 37
39 44
39 59
39 60
39 62
39 63
39 66
39 69
39 70
39 73
39 74
39 79
39 81
39 82
39 87
40 0
40 1
40 34
40 75
40 54
40 70
40 71
40 40
40 9
40 74
40 11
40 44
40 73
40 72
40 21
40 22
40 41
40 87
40 79
40 62
40 69
41 0
41 2
41 34
41 4
41 69
41 71
41 9
41 10
41 13
41 79
41 81
41 50
41 22
41 41
41 63
42 2
42 4
42 5
42 9
42 10
42 13
42 21
42 22
42 34
42 40
42 44
42 45
42 50
42 54
42 59
42 60
42 63
42 64
42 67
42 70
42 81
42 87
43 0
43 2
43 3
43 4
43 37
43 70
43 71
43 75
43 9
43 79
43 67
43 34
43 45
43 50
43 51
43 41
43 87
43 59
43 62
46 0
46 4
46 10
46 21
46 22
46 24
46 37
46 40
46 41
46 44
46 51
46 53
46 54
46 59
46 60
46 66
46 67
46 69
46 71
46 75
46 81
46 87
47 0
47 1
47 2
47 67
47 4
47 37
47 65
47 72
47 9
47 10
47 11
47 34
47 79
47 81
47 50
47 66
47 21
47 54
47 71
47 62
47 69
48 0
48 1
48 2
48 67
48 4
48 5
48 70
48 9
48 66
48 75
48 34
48 81
48 50
48 51
48 21
48 22
48 73
48 54
48 53
48 62
48 37
49 1
49 2
49 66
49 37
49 71
49 72
49 9
49 10
49 75
49 13
49 81
49 50
49 21
49 22
49 87
49 60
49 62
49 69
55 0
55 1
55 2
55 67
55 66
55 5
55 71
55 40
55 9
55 10
55 87
55 34
55 63
55 72
55 82
55 22
55 41
55 54
55 74
55 69
55 37
56 1
56 2
56 75
56 69
56 70
56 9
56 10
56 11
56 44
56 81
56 50
56 21
56 22
56 60
56 74
56 62
56 63
57 0
57 2
57 4
57 54
57 70
57 71
57 9
57 10
57 11
57 13
57 45
57 81
57 79
57 21
57 22
57 41
57 59
57 60
57 62
57 69
58 1
58 69
62 0
62 2
62 4
62 70
62 71
62 41
62 66
62 44
62 13
62 45
62 21
62 87
62 24
62 60
62 63
66 0
66 2
66 67
66 4
66 5
66 71
66 72
66 63
66 79
66 81
66 50
66 51
66 21
66 22
66 69
66 54
66 62
66 37
74 0
74 4
74 5
74 70
74 71
74 72
74 9
74 10
74 87
74 44
74 45
74 81
74 50
74 21
74 22
74 73
74 63
74 60
74 62
74 37
75 34
75 3
75 4
75 5
75 71
75 40
75 9
75 10
75 45
75 79
75 82
75 67
75 66
75 22
75 69
75 54
75 60
75 74
75 62
75 37
76 0
76 2
76 67
76 66
76 5
76 70
76 71
76 73
76 10
76 11
76 34
76 81
76 75
76 82
76 21
76 22
76 60
76 74
76 69
76 37
77 0
77 2
77 4
77 9
77 10
77 11
77 13
77 21
77 37
77 44
77 50
77 51
77 60
77 63
77 66
77 67
77 69
77 72
77 73
77 75
77 81
77 87
78 0
78 2
78 4
78 5
78 81
78 40
78 10
78 44
78 66
78 79
78 72
78 50
78 51
78 22
78 69
78 24
78 63
78 60
78 74
78 62
78 37
79 0
79 2
79 75
79 4
79 69
79 70
79 73
79 10
79 11
79 44
79 45
79 14
79 79
79 81
79 66
79 21
79 22
79 87
79 60
79 74
79 63
83 0
83 2
83 4
83 5
83 81
83 71
83 40
83 41
83 10
83 13
83 79
83 72
83 50
83 66
83 21
83 22
83 73
83 69
83 63
84 34
84 37
84 69
85 0
85 1
85 2
85 34
85 4
85 37
85 72
85 9
85 10
85 87
85 13
85 79
85 50
85 69
85 54
85 41
85 62
85 63
86 1
86 67
86 4
86 70
86 72
86 9
86 82
86 11
86 45
86 81
86 50
86 21
86 54
86 73
86 87
86 63
