88
0 32
0 33
0 35
0 40
0 73
0 10
0 76
0 78
0 61
0 17
0 87
0 25
0 29
1 0
1 1
1 68
1 6
1 10
1 46
1 48
1 53
1 86
1 4
2 65
2 37
2 10
2 46
2 53
2 27
2 30
2 31
3 32
3 1
3 4
3 5
3 65
3 39
3 10
3 77
3 46
3 15
3 48
3 17
3 21
3 28
3 62
3 53
4 0
4 36
4 72
4 74
4 62
4 78
4 14
4 15
4 48
4 46
4 86
4 23
4 79
4 53
4 30
4 31
5 32
5 1
5 2
5 35
5 4
5 65
5 33
5 71
5 62
6 0
6 3
6 36
6 6
6 46
6 15
6 23
6 59
6 28
6 29
7 3
7 4
7 23
7 14
7 48
7 81
7 21
7 86
7 87
7 62
8 65
8 67
9 4
9 70
9 39
9 78
9 48
9 50
9 20
9 21
9 25
9 62
10 2
10 3
10 81
10 49
10 72
10 73
10 42
10 71
10 77
10 14
10 47
10 48
10 17
10 75
10 35
10 78
10 24
10 58
11 33
11 86
12 0
12 32
12 2
12 3
12 33
12 72
12 78
12 34
12 14
12 15
12 81
12 35
12 46
12 54
12 24
12 25
12 58
12 59
12 30
12 53
13 67
13 4
13 39
13 41
13 47
13 24
13 61
13 30
14 65
14 2
14 76
14 81
14 21
14 87
14 27
14 53
15 21
15 15
16 32
16 65
16 34
16 6
16 33
16 73
16 76
16 77
16 85
16 27
16 61
17 28
17 54
18 64
18 1
18 4
18 37
18 6
18 65
18 42
18 78
18 70
18 14
18 47
18 81
18 50
18 79
18 77
18 86
18 23
18 59
18 60
18 61
18 62
19 1
19 17
20 81
20 53
20 30
20 25
21 36
21 78
22 1
22 2
22 3
22 4
22 5
22 38
22 65
22 72
22 73
22 66
22 79
22 48
22 58
22 62
22 23
22 36
22 26
22 27
22 29
22 30
23 3
23 4
23 38
23 10
23 46
23 15
23 81
23 67
23 20
23 62
23 86
23 87
23 24
23 36
23 27
23 60
23 74
23 30
23 85
24 72
24 42
26 1
26 34
26 36
26 5
26 71
26 10
26 61
26 14
26 15
26 48
26 17
26 20
26 77
26 27
26 29
27 33
27 2
27 8
27 47
27 17
27 21
27 58
27 62
27 31
28 0
28 65
28 3
28 4
28 9
28 76
28 14
28 15
28 48
28 21
28 86
28 87
28 24
28 36
28 79
28 28
28 61
28 85
29 32
29 1
29 3
29 4
29 5
29 17
29 48
29 81
29 61
30 32
30 2
30 3
30 4
30 5
30 38
30 72
30 73
30 42
30 76
30 46
30 47
30 48
30 82
30 20
30 53
30 23
30 27
30 70
30 61
30 62
31 36
31 85
31 86
31 79
32 64
32 65
32 2
32 4
32 70
32 73
32 79
32 43
32 61
32 47
32 48
32 81
32 21
32 54
32 25
32 59
32 60
32 29
32 62
32 31
33 32
33 1
33 4
33 37
33 33
33 41
33 15
33 48
33 23
34 32
34 33
34 83
34 3
34 85
34 65
34 39
34 42
34 43
34 14
34 61
34 79
34 20
34 46
34 55
34 58
34 63
34 60
34 53
34 30
34 31
35 32
35 36
35 6
35 72
35 14
35 17
35 29
35 62
36 1
36 4
36 17
36 18
36 26
36 28
36 31
36 32
36 34
36 35
36 36
36 40
36 46
36 47
36 48
36 50
36 58
36 59
36 70
36 78
36 82
36 86
37 33
37 39
37 43
37 76
37 77
37 15
37 21
37 79
37 29
38 65
38 85
38 86
38 25
38 60
38 31
39 38
39 39
39 73
39 76
39 77
39 46
39 21
39 87
39 25
39 60
40 65
40 70
40 7
40 10
40 39
40 77
40 15
40 17
40 21
40 29
40 81
41 1
41 2
41 36
41 6
41 33
41 72
41 73
41 10
41 76
41 79
41 48
41 20
41 53
41 23
41 24
41 57
41 29
41 62
41 65
42 32
42 65
42 35
42 74
42 79
42 21
42 60
42 10
43 1
43 2
43 5
43 6
43 10
43 11
43 24
43 29
43 31
43 34
43 35
43 36
43 39
43 42
43 53
43 61
43 65
43 72
43 76
43 77
43 78
43 79
44 0
44 17
44 21
44 47
45 33
45 2
45 36
45 72
45 73
45 74
45 43
45 23
45 24
45 25
45 59
45 60
46 0
46 1
46 67
46 10
46 76
46 45
46 48
46 53
46 87
46 24
46 27
46 30
47 33
47 60
47 85
47 25
48 2
48 36
48 39
48 9
48 10
48 61
48 76
48 34
48 78
48 47
48 42
48 21
48 24
48 25
48 59
48 28
48 29
48 53
49 60
49 29
50 0
50 65
50 4
50 38
50 32
50 21
50 28
50 62
50 85
51 1
51 36
51 5
51 70
51 43
51 21
51 85
51 87
51 60
51 53
52 2
52 4
52 38
53 1
53 35
53 4
53 33
53 40
53 10
53 39
53 44
53 15
53 48
53 20
53 21
53 86
53 84
53 71
53 79
53 28
53 30
53 53
54 0
54 34
54 3
54 36
54 12
54 77
54 14
54 47
54 55
54 27
55 35
55 5
55 81
55 17
55 20
55 24
55 28
55 30
56 36
56 5
56 8
56 10
56 43
56 17
56 21
56 23
56 29
56 53
57 33
57 2
58 32
58 65
58 36
58 6
58 47
58 74
58 78
58 77
58 14
58 15
58 81
58 79
58 46
58 85
58 27
58 60
58 61
58 62
58 31
59 32
59 34
59 3
59 42
59 14
59 15
59 17
59 35
59 27
59 28
59 74
59 30
60 3
60 36
60 17
60 10
60 76
60 14
60 81
60 87
61 32
61 3
61 5
61 73
61 10
61 77
61 35
61 21
61 56
61 29
61 53
62 0
62 65
62 36
62 32
62 73
62 42
62 81
62 27
62 61
62 31
63 72
63 81
64 33
64 42
64 3
64 35
65 34
65 3
65 4
65 37
65 38
65 39
65 72
65 62
65 76
65 77
65 14
65 79
65 17
65 35
65 53
65 57
65 36
65 60
65 78
65 30
66 32
66 2
66 70
66 6
66 42
66 34
66 14
66 80
66 81
66 85
66 27
66 53
67 0
67 81
67 24
67 47
69 17
69 27
70 42
70 62
70 14
70 23
71 48
71 53
72 0
72 32
72 34
72 38
72 6
72 10
72 77
72 21
72 86
72 24
73 36
73 39
73 72
73 73
73 79
73 23
73 24
73 30
74 3
74 6
74 42
74 43
74 12
74 81
74 86
74 58
75 58
75 60
76 1
76 34
76 5
76 33
76 43
76 79
76 81
76 87
76 24
76 60
76 29
77 72
77 73
77 48
77 58
77 59
77 28
78 32
78 2
78 39
78 42
78 14
78 79
78 48
78 87
78 61
79 1
79 2
79 4
79 5
79 65
79 33
79 73
79 79
79 39
79 77
79 78
79 15
79 17
79 50
79 51
79 21
79 23
79 24
79 27
79 28
79 29
80 0
80 1
80 2
80 3
80 4
80 5
80 6
80 65
80 73
80 42
80 43
80 76
80 77
80 46
80 47
80 81
80 23
80 27
80 29
80 62
80 31
81 33
81 17
82 0
82 65
82 67
82 38
82 10
82 78
82 15
82 48
82 62
82 31
83 10
83 74
83 14
83 31
84 69
84 77
85 1
85 6
85 77
85 13
85 53
85 86
85 62
86 1
86 59
86 5
86 6
86 33
86 72
86 10
86 39
86 61
86 46
86 15
86 17
86 53
86 87
86 24
86 62
86 47
86 65
86 29
86 30
86 31
87 0
87 65
87 2
87 67
87 36
87 5
87 70
87 81
87 40
87 76
87 14
87 47
87 48
87 17
87 20
87 46
87 26
87 61
87 31
