88
0 80
0 35
0 68
0 6
0 72
0 73
0 77
0 46
0 47
0 16
0 82
0 51
0 52
0 78
0 54
0 56
0 57
0 30
0 31
1 4
1 5
1 6
1 16
1 18
1 28
1 30
1 31
1 33
1 36
1 45
1 46
1 47
1 52
1 56
1 57
1 61
1 67
1 68
1 69
1 70
1 71
1 72
1 73
1 74
1 77
1 78
1 81
1 82
1 87
2 4
2 70
2 6
2 71
2 72
2 73
2 74
2 75
2 45
2 49
2 82
2 56
2 57
2 30
3 4
3 6
3 14
3 18
3 27
3 30
3 31
3 33
3 35
3 43
3 46
3 52
3 55
3 56
3 57
3 70
3 72
3 73
3 75
3 76
3 82
3 87
4 35
4 68
4 6
4 71
4 47
4 16
4 82
4 57
4 23
4 36
5 5
5 71
5 72
5 73
5 43
5 46
5 16
5 8
5 57
5 25
7 5
7 6
7 16
7 18
7 27
7 30
7 31
7 33
7 34
7 35
7 40
7 42
7 43
7 46
7 47
7 49
7 51
7 52
7 54
7 56
7 57
7 61
7 70
7 71
7 72
7 73
7 74
7 76
7 78
7 81
7 82
8 4
8 5
8 6
8 14
8 16
8 18
8 26
8 30
8 35
8 36
8 43
8 45
8 46
8 49
8 52
8 54
8 57
8 61
8 68
8 70
8 71
8 72
8 73
8 74
8 76
8 77
8 78
8 82
9 5
9 6
9 14
9 18
9 30
9 31
9 35
9 36
9 43
9 45
9 46
9 54
9 55
9 57
9 61
9 71
9 72
9 73
9 74
9 81
9 82
9 87
10 35
10 71
10 72
10 73
10 74
10 43
10 78
10 40
10 82
10 55
10 56
10 57
10 30
10 31
11 35
11 68
11 5
11 70
11 71
11 72
11 73
11 46
11 81
11 82
11 52
11 55
11 6
11 61
12 36
12 6
12 71
12 8
12 73
12 42
12 18
12 46
12 82
13 68
13 35
13 36
13 5
13 6
13 71
13 42
13 43
13 78
13 45
13 14
13 81
13 18
13 53
13 54
13 87
13 57
13 61
13 30
15 14
15 16
15 18
15 19
15 23
15 30
15 31
15 33
15 34
15 35
15 36
15 40
15 42
15 43
15 46
15 51
15 53
15 55
15 56
15 57
15 61
15 68
15 70
15 71
15 72
15 74
15 76
15 78
16 4
16 6
16 8
16 16
16 18
16 23
16 31
16 33
16 36
16 43
16 45
16 46
16 47
16 51
16 52
16 56
16 61
16 70
16 72
16 74
16 76
16 87
17 35
17 4
17 8
17 74
17 43
17 76
17 46
17 47
17 16
17 52
17 53
17 87
17 56
17 57
17 61
17 30
18 72
18 76
18 18
18 82
18 27
18 31
20 6
20 16
20 18
20 19
20 23
20 30
20 31
20 35
20 36
20 45
20 46
20 47
20 52
20 56
20 57
20 61
20 68
20 72
20 73
20 76
20 77
20 78
20 82
20 83
21 33
21 4
21 5
21 6
21 71
21 72
21 43
21 76
21 46
21 47
21 81
21 82
21 78
21 87
21 56
21 68
21 27
22 4
22 5
22 6
22 14
22 18
22 19
22 30
22 35
22 36
22 43
22 45
22 47
22 49
22 54
22 57
22 67
22 68
22 69
22 70
22 72
22 74
22 77
22 78
22 82
22 87
26 71
26 72
26 73
26 18
26 78
26 82
26 52
26 30
26 31
28 35
28 68
28 6
28 72
28 75
28 45
28 78
28 82
28 57
28 31
29 4
29 5
29 6
29 18
29 30
29 31
29 35
29 36
29 43
29 45
29 46
29 47
29 57
29 61
29 67
29 68
29 69
29 72
29 73
29 74
29 78
29 82
29 87
30 35
30 68
30 5
30 70
30 72
30 73
30 43
30 76
30 77
30 45
30 82
30 56
30 36
30 6
31 36
31 6
31 70
31 43
31 82
31 18
31 53
31 31
32 5
32 6
32 14
32 18
32 23
32 26
32 27
32 31
32 35
32 36
32 43
32 45
32 46
32 47
32 49
32 56
32 57
32 61
32 67
32 70
32 71
32 72
32 74
32 75
32 76
32 78
32 80
32 81
32 82
34 34
34 82
34 51
34 23
34 26
34 61
34 31
36 33
36 35
36 68
36 5
36 6
36 71
36 72
36 73
36 74
36 76
36 14
36 16
36 18
36 52
36 46
36 54
36 56
36 57
36 61
36 30
36 31
37 4
37 5
37 6
37 8
37 16
37 18
37 26
37 27
37 30
37 31
37 34
37 35
37 36
37 40
37 43
37 45
37 46
37 47
37 51
37 52
37 53
37 56
37 57
37 68
37 70
37 71
37 72
37 74
37 77
37 82
38 71
38 73
38 46
38 16
38 49
38 56
38 57
38 61
38 31
46 35
46 4
46 6
46 72
46 76
46 78
46 82
46 83
46 46
46 61
46 31
48 4
48 6
48 8
48 16
48 18
48 30
48 31
48 34
48 35
48 36
48 43
48 45
48 46
48 47
48 51
48 52
48 55
48 56
48 57
48 61
48 68
48 70
48 71
48 72
48 73
48 74
48 77
48 78
48 82
48 87
57 33
57 36
57 5
57 6
57 40
57 45
57 47
57 8
57 18
57 68
58 51
58 34
58 35
58 5
58 6
58 71
58 8
58 43
58 78
58 47
58 49
58 19
58 52
58 54
58 72
58 28
58 61
58 30
58 31
59 68
59 6
59 71
59 74
59 43
59 18
59 52
59 57
59 56
59 4
59 31
62 67
62 4
62 6
62 8
62 73
62 74
62 76
62 18
62 78
62 81
62 82
62 53
62 68
62 31
64 4
64 5
64 6
64 18
64 23
64 25
64 27
64 28
64 30
64 31
64 35
64 40
64 43
64 45
64 46
64 47
64 53
64 57
64 67
64 68
64 70
64 71
64 72
64 73
64 74
64 75
64 76
64 77
64 78
64 81
64 82
64 87
66 4
66 5
66 6
66 16
66 18
66 23
66 27
66 30
66 31
66 33
66 34
66 35
66 36
66 42
66 45
66 47
66 51
66 53
66 55
66 56
66 57
66 61
66 68
66 70
66 71
66 72
66 73
66 74
66 76
66 77
66 78
66 82
67 68
67 70
67 76
67 47
67 57
67 4
67 31
67 61
67 36
74 6
74 72
74 73
74 43
74 18
74 46
74 81
74 82
74 56
74 57
74 30
76 36
76 71
76 72
76 82
76 18
76 68
76 61
77 35
77 36
77 6
77 72
77 76
77 78
77 46
77 23
77 30
77 31
80 4
80 14
80 16
80 23
80 30
80 31
80 33
80 43
80 45
80 47
80 49
80 52
80 56
80 57
80 61
80 67
80 71
80 72
80 73
80 74
80 76
80 78
80 82
82 36
82 70
82 71
82 72
82 73
82 43
82 76
82 14
82 16
82 51
82 53
82 23
82 56
82 68
82 61
82 30
84 4
84 5
84 6
84 8
84 16
84 18
84 23
84 27
84 31
84 40
84 43
84 45
84 46
84 47
84 49
84 51
84 57
84 61
84 68
84 69
84 70
84 71
84 72
84 74
84 75
84 77
84 78
84 81
84 82
85 4
85 5
85 6
85 18
85 26
85 27
85 30
85 31
85 33
85 35
85 36
85 43
85 45
85 49
85 51
85 52
85 53
85 54
85 56
85 57
85 61
85 67
85 71
85 74
85 75
85 76
85 77
85 78
85 81
85 82
85 87
86 5
86 8
86 14
86 16
86 30
86 31
86 43
86 45
86 46
86 47
86 53
86 54
86 56
86 61
86 68
86 71
86 72
86 73
86 74
86 76
86 77
86 82
87 4
87 6
87 18
87 23
87 27
87 30
87 31
87 36
87 46
87 49
87 52
87 56
87 57
87 61
87 68
87 70
87 71
87 72
87 73
87 75
87 76
87 78
87 82
