88
0 69
0 42
0 44
0 50
0 87
0 59
1 87
2 2
2 3
2 4
2 5
2 6
2 10
2 75
2 13
2 15
2 34
2 55
2 68
2 70
2 42
2 30
3 0
3 3
3 5
3 70
3 9
3 42
3 13
3 50
3 83
3 87
3 26
3 59
3 30
4 3
4 5
4 70
4 8
4 42
4 76
4 13
4 48
4 50
4 83
4 87
4 58
4 59
4 61
4 30
4 69
5 48
5 83
5 3
5 5
5 6
5 10
5 43
5 44
5 13
5 16
5 17
5 58
5 87
5 24
5 26
5 59
5 70
5 42
5 30
5 69
6 34
6 6
7 58
7 34
7 3
7 66
7 38
7 6
7 10
7 75
7 76
7 13
7 17
7 51
7 55
7 26
7 59
7 70
7 42
7 30
8 34
8 70
8 6
8 8
8 10
8 87
8 44
8 13
8 17
8 50
8 58
8 84
8 23
8 26
8 59
8 42
8 30
9 2
9 3
9 5
9 70
9 76
9 10
9 43
9 12
9 13
9 48
9 17
9 50
9 59
9 23
9 87
9 27
9 42
9 37
10 69
10 6
10 8
10 73
10 10
10 12
10 14
10 17
10 83
10 72
10 58
10 59
10 42
10 30
11 48
11 2
11 3
11 5
11 38
11 10
11 13
11 50
11 16
11 17
11 18
11 34
11 87
11 26
11 59
11 42
11 69
12 5
12 70
12 42
12 13
12 17
12 58
12 28
13 2
13 10
15 8
15 5
16 69
18 3
18 5
18 38
18 8
18 9
18 10
18 12
18 13
18 17
18 50
18 67
18 87
18 24
18 26
18 70
18 42
19 29
19 30
20 34
20 3
20 66
20 69
20 6
20 42
20 87
20 13
20 48
20 17
20 50
20 23
20 26
20 70
20 58
20 30
21 50
21 69
22 34
22 5
23 50
23 37
23 6
23 76
23 10
23 87
23 44
23 13
23 48
23 18
23 58
23 55
23 26
23 70
23 42
23 30
23 69
24 2
24 3
24 5
24 6
24 8
24 76
24 10
24 44
24 13
24 72
24 87
24 58
24 38
24 70
24 42
24 30
24 69
25 5
25 70
25 8
25 76
25 10
25 55
25 44
25 13
25 17
25 83
25 23
25 26
25 28
25 58
25 69
27 69
27 72
27 44
27 10
27 87
27 12
27 13
27 48
27 50
27 23
27 26
27 58
27 5
28 8
28 42
28 12
28 17
28 83
28 26
28 28
29 69
29 75
29 48
29 17
29 87
29 26
29 30
29 5
30 0
30 34
30 67
30 5
30 6
30 38
30 10
30 87
30 44
30 15
30 50
30 55
30 58
30 27
30 42
30 30
31 48
31 69
31 6
31 9
31 43
31 13
31 16
31 17
31 50
31 26
31 59
31 70
31 30
32 59
32 13
33 1
33 87
33 5
33 6
33 48
33 10
33 71
33 13
33 16
33 17
33 85
33 23
33 26
33 59
33 42
33 30
34 2
34 66
34 70
34 6
34 71
34 8
34 10
34 75
34 13
34 46
34 48
34 58
34 83
34 26
34 59
34 42
34 30
35 2
35 5
35 6
35 44
35 76
35 34
35 46
35 17
35 83
35 87
35 58
35 70
35 30
35 69
36 0
36 1
36 70
36 13
36 50
36 87
36 59
37 1
37 66
37 67
37 70
37 44
37 10
37 12
37 48
37 17
37 50
37 55
37 26
37 59
37 28
37 58
38 34
38 3
38 70
38 8
38 44
38 10
38 87
38 12
38 48
38 50
38 67
38 23
38 58
38 27
38 42
39 34
39 37
39 6
39 58
39 59
39 30
40 1
40 3
40 5
40 6
40 10
40 87
40 44
40 13
40 46
40 50
40 53
40 23
40 58
40 70
40 42
41 2
41 66
41 5
41 8
41 9
41 10
41 44
41 13
41 48
41 50
41 86
41 56
41 58
41 59
41 28
41 42
42 8
42 58
43 2
43 5
43 6
43 10
43 58
43 86
43 26
43 70
43 42
43 30
44 51
44 3
44 70
44 75
44 44
44 13
44 17
44 50
44 83
44 26
44 30
45 48
45 69
46 1
46 3
46 70
46 71
46 8
46 10
46 55
46 12
46 17
46 85
46 23
46 59
46 42
47 3
47 68
47 69
47 6
47 12
47 26
47 30
48 2
48 3
48 69
48 70
48 8
48 10
48 87
48 66
48 48
48 17
48 50
48 85
48 59
48 55
48 24
48 26
48 27
48 28
48 58
48 30
49 3
49 69
49 42
49 13
49 48
49 17
49 86
49 23
49 27
50 66
50 3
50 69
50 38
50 8
50 42
50 13
50 48
50 50
50 23
50 58
50 59
50 5
51 34
51 3
51 69
51 6
51 8
51 42
51 83
51 44
51 13
51 67
51 38
51 70
52 50
52 5
53 48
53 34
53 3
53 70
53 6
53 8
53 9
53 10
53 14
53 16
53 17
53 51
53 46
53 24
53 59
53 42
53 30
54 1
54 5
54 6
54 71
54 23
54 13
54 61
54 48
54 17
54 18
54 87
54 26
54 58
54 30
56 3
56 5
56 9
56 23
56 48
56 17
56 50
56 83
56 87
56 26
56 59
56 58
56 69
57 87
57 23
58 30
58 70
60 2
60 34
60 68
60 38
60 6
60 8
60 10
60 76
60 13
60 14
60 17
60 67
60 59
60 87
60 72
60 27
60 70
60 42
60 30
60 69
61 34
61 3
61 69
61 6
61 8
61 44
61 10
61 12
61 13
61 48
61 50
61 87
61 38
61 30
62 34
62 3
62 69
62 8
62 75
62 87
62 13
62 15
62 48
62 17
62 50
62 86
62 23
62 58
62 27
62 61
62 30
63 1
63 34
63 3
63 5
63 6
63 8
63 9
63 10
63 75
63 12
63 14
63 87
63 17
63 50
63 23
63 58
63 30
64 2
64 3
64 68
64 5
64 6
64 8
64 42
64 70
64 13
64 34
64 50
64 87
64 58
64 59
64 28
64 30
64 69
65 9
65 3
66 58
66 34
66 5
66 6
66 9
66 10
66 83
66 13
66 48
66 50
66 42
66 26
66 59
66 29
66 30
66 69
67 2
67 3
67 69
67 6
67 8
67 10
67 70
67 13
67 48
67 59
67 50
67 87
67 23
67 26
67 27
67 28
67 30
68 9
69 5
69 6
70 2
70 3
70 5
70 6
70 8
70 10
70 44
70 50
70 85
70 87
70 58
70 59
70 42
71 34
71 3
71 5
71 6
71 75
71 10
71 43
71 48
71 17
71 50
71 51
71 84
71 23
71 59
71 42
71 69
72 48
72 34
72 3
72 70
72 8
72 9
72 12
72 13
72 16
72 17
72 58
72 84
72 23
72 26
72 28
72 29
72 30
73 34
73 59
73 5
73 6
73 8
73 10
73 50
73 18
73 85
73 87
73 26
73 38
73 70
73 29
73 69
74 0
74 2
74 34
74 5
74 6
74 8
74 76
74 10
74 75
74 44
74 13
74 48
74 58
74 87
74 26
74 70
74 42
75 3
75 38
75 8
75 48
75 17
75 50
75 59
76 34
76 3
76 5
76 6
76 10
76 87
76 13
76 48
76 17
76 58
76 69
76 26
76 59
76 42
76 30
76 37
77 17
77 67
78 48
78 2
78 9
78 16
78 17
78 50
78 26
79 2
79 3
79 5
79 6
79 8
79 10
79 44
79 13
79 34
79 50
79 38
79 42
79 30
80 0
80 2
80 3
80 66
80 5
80 8
80 10
80 75
80 12
80 13
80 34
80 17
80 50
80 67
80 85
80 87
80 59
80 28
80 69
81 2
81 70
81 6
81 10
81 87
81 34
81 85
81 23
81 58
81 30
82 3
82 87
83 9
83 26
84 26
85 17
86 58
86 13
87 34
87 6
87 5
87 70
87 8
87 9
87 42
87 12
87 50
87 83
87 26
87 58
