88
0 32
0 19
0 66
0 67
0 6
0 75
0 61
0 15
0 51
0 56
0 25
0 26
0 58
1 32
1 1
1 2
1 51
1 26
2 32
2 51
2 2
2 3
2 58
2 74
2 75
2 78
2 56
2 67
2 24
2 26
2 61
3 32
3 1
3 2
3 3
3 5
3 51
3 67
3 66
3 78
3 15
3 56
3 19
3 24
3 26
3 61
5 32
5 1
5 2
5 3
5 5
5 74
5 67
5 66
5 78
5 61
5 75
5 51
5 24
5 25
5 26
5 58
6 3
6 67
6 4
6 56
6 51
6 24
6 61
8 4
8 6
8 75
8 78
8 82
8 19
8 56
8 61
9 32
9 1
9 2
9 67
9 6
9 74
9 66
9 78
9 82
9 19
9 56
9 25
9 26
9 61
9 51
10 32
10 51
10 67
10 75
10 78
10 82
10 19
10 24
10 26
10 58
13 1
13 6
13 75
13 19
13 58
13 61
15 32
15 19
15 2
15 67
15 4
15 6
15 74
15 75
15 78
15 56
15 82
15 51
15 24
15 61
16 32
16 51
16 2
16 75
16 19
16 24
16 58
16 61
18 32
18 1
18 2
18 5
18 6
18 75
18 66
18 61
18 56
18 19
18 24
18 25
18 26
18 58
18 51
19 32
19 51
19 2
19 5
19 6
19 74
19 75
19 61
19 56
19 82
19 19
19 24
19 25
19 26
19 58
20 1
20 67
20 4
20 5
20 6
20 74
20 78
20 15
20 56
20 82
20 51
20 24
20 25
20 26
21 32
21 2
21 5
21 6
21 78
21 15
21 56
21 82
21 24
21 25
21 58
22 1
22 66
22 4
22 6
22 74
22 2
22 82
22 19
22 56
22 58
22 61
22 51
23 32
23 1
23 2
23 5
23 66
23 19
23 58
23 61
24 32
24 1
24 2
24 67
24 4
24 5
24 6
24 74
24 66
24 78
24 61
24 56
24 19
24 24
24 26
24 58
25 32
25 66
25 67
25 5
25 6
25 74
25 2
25 78
25 51
25 26
25 61
26 32
26 2
26 74
26 75
26 78
26 24
26 58
27 32
27 1
27 66
27 67
27 5
27 74
27 2
27 19
27 56
27 61
28 1
28 2
28 74
28 75
28 78
28 19
28 56
28 26
29 32
29 1
29 2
29 67
29 6
29 74
29 66
29 78
29 56
29 82
29 19
29 24
29 58
29 61
29 51
30 51
30 66
30 5
30 6
30 2
30 19
30 25
31 32
31 2
31 67
31 4
31 6
31 74
31 75
31 66
31 78
31 61
31 82
31 19
31 56
31 25
31 26
31 58
33 32
33 1
33 3
33 4
33 6
33 75
33 61
33 78
33 15
33 56
33 82
33 19
33 24
33 26
33 58
34 51
34 2
34 3
34 5
34 6
34 74
34 75
34 78
34 61
34 56
34 82
34 19
34 24
34 25
34 26
34 58
35 32
35 1
35 2
35 4
35 5
35 6
35 74
35 75
35 56
35 82
35 19
35 24
35 25
35 26
35 61
35 51
36 32
36 1
36 2
36 3
36 74
36 67
36 66
36 78
36 61
36 56
36 75
36 51
36 24
36 26
36 58
37 32
37 51
37 66
37 5
37 6
37 74
37 78
37 56
37 19
37 24
37 26
38 32
38 1
38 2
38 3
38 4
38 6
38 74
38 67
38 66
38 78
38 15
38 82
38 19
38 25
38 58
38 51
39 32
39 51
39 66
39 67
39 4
39 5
39 74
39 75
39 61
39 3
39 56
39 25
39 26
39 58
40 32
40 1
40 67
40 5
40 6
40 82
40 19
40 56
40 25
40 58
41 66
41 67
41 5
41 74
41 75
41 2
41 78
41 56
41 82
41 19
41 24
41 58
41 61
42 32
42 51
42 2
42 4
42 5
42 6
42 74
42 75
42 78
42 56
42 82
42 19
42 24
42 25
42 61
43 32
43 1
43 66
43 3
43 5
43 6
43 67
43 61
43 15
43 82
43 51
43 56
43 25
43 26
43 58
44 67
44 3
46 32
46 51
46 2
46 67
46 5
46 6
46 75
46 61
46 15
46 56
46 19
46 24
46 25
46 26
46 58
47 32
47 1
47 2
47 4
47 6
47 75
47 66
47 78
47 15
47 82
47 19
47 24
47 25
47 26
47 61
48 32
48 1
48 2
48 3
48 4
48 5
48 51
48 67
48 66
48 78
48 61
48 75
48 19
48 82
48 56
48 26
48 58
49 32
49 1
49 66
49 4
49 5
49 6
49 74
49 75
49 78
49 56
49 51
49 24
49 26
49 61
50 1
50 2
50 3
50 4
50 5
50 6
50 74
50 75
50 78
50 82
50 19
50 25
50 58
50 61
51 1
51 2
51 67
51 5
51 6
51 74
51 75
51 66
51 78
51 19
51 24
51 25
51 26
51 61
51 51
52 19
53 1
53 6
53 78
53 51
53 56
53 61
54 32
54 1
54 66
54 3
54 4
54 5
54 51
54 74
54 67
54 82
54 78
54 56
54 75
54 19
54 24
54 25
54 26
55 32
55 1
55 2
55 67
55 66
55 5
55 6
55 61
55 78
55 15
55 19
55 56
55 26
55 58
55 51
56 2
56 4
56 5
56 6
56 74
56 75
56 78
56 61
56 56
56 24
56 26
56 58
57 66
57 67
57 74
57 15
57 56
57 24
57 61
58 32
58 1
58 2
58 67
58 5
58 6
58 74
58 75
58 66
58 78
58 61
58 19
58 25
58 26
58 58
59 2
59 67
59 5
59 74
59 66
59 78
59 3
59 56
59 25
59 26
59 58
60 32
60 1
60 2
60 3
60 5
60 6
60 75
60 66
60 78
60 56
60 19
60 24
60 26
60 58
60 51
61 32
61 51
61 2
61 67
61 6
61 75
61 66
61 78
61 56
61 19
61 24
61 26
61 58
62 1
62 2
62 6
62 74
62 78
62 82
62 19
62 56
62 58
62 26
63 32
63 1
63 2
63 67
63 5
63 51
63 74
63 78
63 56
63 82
63 19
63 24
63 26
63 61
64 32
64 1
64 2
64 3
64 6
64 74
64 75
64 66
64 78
64 19
64 25
64 58
64 51
65 32
65 1
65 2
65 3
65 4
65 51
65 74
65 67
65 78
65 15
65 56
65 82
65 19
65 24
65 25
66 2
66 6
66 75
66 78
66 19
66 56
66 61
67 1
67 74
67 51
67 26
67 6
68 32
68 1
68 67
68 5
68 6
68 75
68 82
68 51
68 58
68 61
69 25
69 26
69 3
69 5
69 78
70 32
70 1
70 6
70 78
70 56
70 25
70 26
71 58
71 78
72 66
72 5
72 6
72 58
72 24
72 25
72 26
72 61
73 1
73 2
73 6
73 75
73 51
73 56
73 58
73 61
76 1
76 2
76 3
76 4
76 6
76 74
76 67
76 66
76 78
76 61
76 19
76 24
76 25
76 26
76 58
76 51
77 32
77 1
77 2
77 4
77 5
77 6
77 74
77 78
77 61
77 82
77 19
77 56
77 25
77 26
77 58
77 51
78 32
78 51
78 2
78 5
78 75
78 66
78 78
78 56
78 82
78 19
78 24
78 25
78 26
79 32
79 1
79 66
79 67
79 5
79 6
79 74
79 75
79 61
79 3
79 56
79 26
79 58
79 51
82 51
82 6
82 78
82 19
82 56
82 26
83 32
83 1
83 2
83 5
83 6
83 74
83 75
83 66
83 78
83 82
83 19
83 26
83 58
83 51
84 1
84 66
84 26
84 61
85 32
85 2
85 3
85 5
85 6
85 75
85 66
85 56
85 58
85 61
86 19
86 1
86 66
86 67
86 4
86 5
86 75
86 2
86 78
86 15
86 82
86 3
86 58
86 61
87 32
87 1
87 66
87 67
87 6
87 74
87 75
87 2
87 15
87 19
87 25
87 26
87 61
87 51
