88
0 46
0 47
0 48
0 51
0 86
0 28
0 29
1 23
1 13
1 80
1 50
1 57
1 25
1 58
2 26
2 86
3 65
3 3
3 71
3 41
3 55
3 45
3 14
3 46
3 86
3 23
3 59
3 61
3 30
4 0
4 51
4 3
4 68
4 37
4 6
4 41
4 62
4 44
4 45
4 76
4 59
4 50
4 19
4 53
4 23
4 87
4 27
4 61
4 30
5 72
5 19
5 45
5 6
6 51
6 19
6 28
6 30
9 65
9 83
9 68
9 6
9 71
9 40
9 43
9 44
9 13
9 78
9 45
9 80
9 50
9 51
9 53
9 22
9 56
9 25
9 47
10 64
10 83
10 68
10 86
10 70
10 44
10 77
10 46
10 15
10 81
10 51
10 14
10 22
10 87
10 61
10 63
11 0
11 3
11 68
11 86
11 38
11 41
11 12
11 80
11 81
11 50
11 52
11 22
11 55
11 27
11 28
11 61
11 63
12 1
12 77
12 61
13 20
13 51
13 36
13 13
13 71
14 64
14 37
14 71
14 40
14 41
14 44
14 45
14 78
14 61
14 19
14 46
14 25
14 29
15 0
15 4
15 14
15 19
15 22
15 23
15 28
15 32
15 36
15 41
15 45
15 53
15 55
15 59
15 61
15 65
15 68
15 70
15 74
15 77
15 81
15 85
16 3
16 68
16 38
16 40
16 9
16 55
16 13
16 79
16 81
16 19
16 53
16 22
16 41
16 57
16 58
16 28
16 61
16 63
17 16
17 34
17 86
18 25
18 14
19 65
19 45
20 0
20 37
20 72
20 74
20 44
20 45
20 14
20 79
20 83
20 46
20 58
20 59
20 29
20 30
21 1
21 67
21 3
21 37
21 73
21 57
21 43
21 79
21 51
21 53
21 23
21 83
21 55
21 62
21 31
22 40
22 81
22 34
22 51
22 47
23 64
23 40
23 28
23 57
23 23
24 1
24 3
24 6
24 13
24 25
24 30
24 31
24 43
24 45
24 53
24 57
24 58
24 59
24 65
24 67
24 68
24 70
24 71
24 74
24 80
24 82
24 86
25 33
25 67
25 36
25 37
25 13
25 77
25 49
25 50
25 82
25 86
25 24
25 25
25 59
25 28
25 29
26 25
26 19
26 76
26 47
27 0
27 64
27 59
27 5
27 6
27 65
27 9
27 74
27 71
27 12
27 45
27 47
27 44
27 51
27 23
27 38
27 28
27 61
28 16
28 6
29 68
29 1
29 2
29 36
29 5
29 38
29 41
29 70
29 34
29 81
29 50
29 52
29 25
29 28
29 69
30 41
30 30
30 13
30 54
30 77
31 80
31 57
31 83
31 60
31 61
32 25
32 83
32 43
32 36
33 65
33 36
33 86
33 6
33 46
33 47
33 48
33 19
33 20
33 22
33 25
33 58
34 50
34 68
34 5
34 6
34 53
35 19
35 9
35 3
35 71
36 64
37 81
37 77
37 30
38 64
38 65
38 35
38 70
38 71
38 41
38 45
38 46
38 81
38 14
38 55
38 57
38 63
38 60
38 53
39 64
39 65
39 86
39 70
39 39
39 41
39 71
39 44
39 46
39 47
39 82
39 51
39 22
39 87
39 25
39 58
39 28
39 29
39 30
40 24
40 25
40 77
40 30
41 1
41 74
41 29
41 70
41 57
42 64
42 65
42 72
42 41
42 81
42 53
43 0
43 1
43 70
43 6
43 71
43 40
43 73
43 16
43 83
43 21
43 22
43 55
43 86
43 61
43 30
43 53
44 81
44 44
44 70
45 19
45 6
46 83
46 3
46 36
46 37
46 71
46 72
46 44
46 45
46 16
46 51
46 22
46 57
46 58
46 27
46 29
46 62
47 0
47 33
47 66
47 35
47 37
47 64
47 76
47 44
47 13
47 14
47 47
47 80
47 82
47 46
47 22
47 23
47 26
47 86
47 62
48 38
48 41
48 44
48 77
48 46
48 53
48 55
48 57
49 37
49 70
49 14
49 15
49 80
49 49
49 82
49 51
49 24
49 57
50 64
50 83
50 3
50 68
50 38
50 44
50 13
50 14
50 45
50 35
50 46
50 57
50 28
50 29
50 30
50 63
51 64
51 1
51 39
51 13
51 80
51 83
52 72
52 73
52 3
52 86
53 66
53 68
53 86
53 70
53 71
53 41
53 75
53 44
53 77
53 82
53 20
53 22
53 23
53 52
53 30
54 14
55 68
55 69
55 6
55 74
55 44
55 13
55 61
55 20
55 55
55 70
55 42
56 40
56 48
56 55
57 2
57 3
57 4
57 38
57 6
57 81
57 43
57 78
57 14
57 80
57 49
57 18
57 20
57 21
57 55
57 63
57 60
57 69
57 53
58 61
59 1
59 83
59 63
60 0
60 64
60 2
60 3
60 68
60 6
60 41
60 76
60 14
60 81
60 50
60 19
60 46
60 86
60 73
60 56
60 58
60 78
60 29
60 85
61 0
61 1
61 5
61 6
61 13
61 18
61 20
61 23
61 27
61 29
61 30
61 43
61 46
61 50
61 61
61 64
61 65
61 68
61 70
61 71
61 73
61 81
62 6
62 38
63 3
63 38
63 41
63 45
63 14
63 83
63 53
63 22
63 58
63 61
64 64
64 65
64 3
64 68
64 38
64 9
64 77
64 46
64 80
64 81
64 82
64 19
64 22
64 23
64 58
64 61
65 65
65 51
65 41
65 74
65 83
65 73
65 25
66 51
66 66
66 35
66 68
66 37
66 70
66 65
66 74
66 71
66 45
66 14
66 81
66 18
66 19
66 20
66 86
66 55
66 25
66 28
67 64
67 51
67 36
67 5
67 71
67 41
67 57
67 76
67 77
67 46
67 60
67 82
67 19
67 20
67 53
67 55
67 52
67 59
67 28
67 61
68 64
68 35
68 34
68 3
68 68
68 41
68 75
68 44
68 13
68 77
68 47
68 19
68 20
68 86
68 24
68 57
68 29
68 83
69 33
69 66
69 3
69 4
69 37
69 6
69 65
69 40
69 9
69 42
69 71
69 76
69 60
69 81
69 74
69 53
69 58
69 79
69 28
69 61
69 69
70 80
70 2
70 68
70 37
70 71
70 41
70 74
70 75
70 44
70 13
70 47
70 16
70 81
70 19
70 54
70 83
70 86
70 28
70 61
70 30
71 0
71 3
71 70
71 39
71 41
71 74
71 43
71 13
71 45
71 49
71 18
71 19
71 25
71 58
71 28
72 0
72 64
72 83
72 4
72 70
72 65
72 72
72 80
72 71
72 45
72 14
72 47
72 16
72 51
72 46
72 85
72 87
72 60
72 29
72 30
72 53
73 0
73 51
73 83
73 75
73 45
73 46
73 13
73 50
73 19
73 20
73 86
73 55
73 57
73 58
73 60
73 31
74 0
74 65
74 83
74 70
74 38
74 81
74 41
74 42
74 44
74 13
74 45
74 49
74 51
74 85
74 22
74 57
74 25
74 26
74 30
75 3
75 68
75 37
75 10
75 55
75 45
75 47
75 81
75 19
75 53
75 22
75 23
75 57
75 87
75 28
75 74
75 85
76 64
76 65
76 34
76 5
76 75
76 50
77 32
77 81
77 44
77 57
78 3
78 6
78 71
78 10
78 39
78 49
78 51
78 21
78 55
78 31
79 1
79 66
79 6
79 39
79 15
79 80
79 83
79 53
79 56
79 58
79 59
79 30
80 64
80 1
80 83
80 36
80 86
80 6
80 40
80 41
80 43
80 13
80 14
80 80
80 81
80 51
80 20
80 22
80 25
80 68
80 29
80 31
81 41
81 76
81 29
81 44
82 22
83 80
83 28
83 53
84 64
84 82
84 5
84 79
85 1
85 34
85 68
85 60
85 44
85 80
85 19
85 21
85 57
85 28
85 53
86 57
86 59
86 76
86 6
86 79
87 10
87 19
87 44
87 5
