88
0 0
0 34
0 3
0 71
0 40
0 73
0 11
0 44
0 45
0 46
0 77
0 48
0 76
0 21
0 55
0 56
0 62
0 79
0 61
0 30
1 0
1 65
1 34
1 75
1 7
1 72
1 9
1 39
1 46
1 80
1 17
1 21
1 23
1 55
1 63
1 31
2 32
2 1
2 2
2 3
2 66
2 42
2 72
2 10
2 11
2 12
2 45
2 17
2 75
2 19
2 53
2 22
2 83
2 59
2 29
2 85
2 63
3 67
3 5
3 6
3 49
3 72
3 73
3 11
3 78
3 40
3 18
3 59
3 41
3 38
4 0
4 2
4 72
4 10
4 77
4 28
4 31
5 34
5 74
5 11
5 18
5 83
5 22
5 87
5 30
6 0
6 33
6 34
6 35
6 37
6 65
6 39
6 72
6 16
6 81
6 21
6 54
6 23
6 24
6 57
6 59
6 86
6 29
6 62
7 33
7 67
7 39
7 46
7 49
7 83
10 3
10 43
10 16
10 17
10 50
10 27
11 59
11 83
11 35
11 6
11 70
12 16
12 10
12 43
12 28
12 61
13 64
13 1
13 2
13 34
13 38
13 6
13 67
13 76
13 13
13 75
13 51
13 21
13 54
13 87
13 24
13 57
13 58
13 27
13 86
13 53
14 57
15 80
15 41
15 42
15 75
15 76
15 14
15 15
15 16
15 81
15 83
15 21
15 23
15 58
15 63
17 0
17 34
17 35
17 42
17 76
17 29
17 62
19 1
19 2
19 67
19 70
19 33
19 9
19 74
19 83
19 34
19 79
19 16
19 49
19 51
19 21
19 28
19 29
19 63
20 0
20 1
20 2
20 35
20 4
20 37
20 65
20 41
20 11
20 12
20 66
20 47
20 43
20 50
20 85
20 22
20 68
20 75
20 28
20 29
20 31
22 1
22 3
22 4
22 5
22 12
22 15
22 19
22 22
22 33
22 36
22 37
22 39
22 44
22 45
22 49
22 50
22 54
22 56
22 57
22 63
22 64
22 68
22 69
22 77
22 82
23 65
23 35
23 68
23 69
23 38
23 39
23 72
23 10
23 13
23 15
23 48
23 50
23 21
23 24
23 25
23 26
23 47
23 70
23 74
24 43
26 1
26 5
26 6
26 9
26 11
26 15
26 17
26 20
26 25
26 27
26 32
26 34
26 36
26 41
26 42
26 46
26 51
26 66
26 71
26 73
26 74
26 76
28 66
28 43
28 68
28 37
28 70
28 7
28 39
28 45
28 18
28 20
28 85
28 54
28 55
28 84
28 26
28 27
29 48
29 35
29 68
29 51
29 80
29 49
29 18
29 83
30 1
30 37
30 38
30 39
30 43
30 51
30 23
30 57
30 28
31 0
31 1
31 35
31 82
31 40
31 10
31 75
31 12
31 13
31 78
31 47
31 50
31 83
31 86
31 87
31 59
33 0
34 0
34 43
34 38
34 6
34 7
34 40
34 9
34 75
34 53
34 57
34 25
34 28
34 61
34 31
35 32
35 33
35 67
35 59
35 36
35 86
35 71
35 72
35 73
35 55
35 47
35 48
35 82
35 51
35 52
35 57
35 22
35 23
35 25
35 58
35 27
36 1
36 2
36 3
36 4
36 7
36 10
36 11
36 24
36 27
36 28
36 30
36 31
36 32
36 39
36 40
36 41
36 42
36 43
36 53
36 58
36 61
36 74
36 75
36 78
36 79
37 0
37 2
37 35
37 4
37 37
37 38
37 7
37 72
37 74
37 76
37 45
37 15
37 52
37 54
37 23
37 25
37 58
37 27
38 1
38 3
38 4
38 5
38 11
38 13
38 18
38 21
38 23
38 33
38 35
38 38
38 39
38 41
38 43
38 67
38 68
38 73
38 82
38 85
38 86
38 87
39 0
39 1
39 5
39 39
39 64
39 9
39 71
39 60
39 48
39 17
39 20
39 53
39 22
39 87
39 72
39 28
39 61
39 63
40 68
40 37
40 70
40 75
40 45
40 79
40 19
40 53
40 54
40 38
41 8
41 73
41 57
42 32
42 65
42 34
42 4
42 69
42 71
42 40
42 74
42 87
42 46
42 61
42 16
42 50
42 54
42 23
42 36
42 29
42 30
42 63
43 19
43 37
43 77
43 7
44 8
45 41
45 77
46 0
46 3
46 13
46 15
46 18
46 27
46 28
46 32
46 33
46 34
46 39
46 40
46 48
46 52
46 59
46 62
46 66
46 70
46 71
46 72
46 74
46 75
46 80
46 86
46 87
47 0
47 32
47 2
47 59
47 40
47 42
47 12
47 78
47 15
47 17
47 19
47 72
47 25
47 47
47 74
47 30
48 0
48 1
48 59
48 4
48 5
48 6
48 7
48 38
48 71
48 46
48 15
48 16
48 17
48 82
48 22
48 27
48 70
48 62
49 35
49 37
49 73
49 43
49 19
49 23
49 5
50 0
50 65
50 34
50 43
50 70
50 33
50 40
50 75
50 50
51 0
51 34
51 66
51 7
51 40
51 82
51 71
51 45
51 47
51 72
51 18
51 51
51 53
51 54
51 56
51 83
51 27
51 29
51 63
54 0
54 34
54 4
54 70
54 38
54 71
54 10
54 76
54 78
54 15
54 48
54 49
54 21
54 24
54 58
54 79
54 60
54 31
55 65
55 83
55 35
55 69
55 70
55 7
55 41
55 42
55 43
55 76
55 15
55 48
55 49
55 51
55 59
55 71
55 47
55 86
55 61
55 81
57 1
57 36
57 18
57 85
57 59
57 28
58 34
58 83
58 82
58 77
58 39
60 59
62 0
62 32
62 3
62 36
62 5
62 65
62 42
62 12
62 45
62 14
62 15
62 48
62 49
62 50
62 19
62 77
62 27
62 37
62 30
62 31
63 34
63 75
63 68
63 38
63 72
63 43
63 12
63 13
63 45
63 80
63 17
63 21
63 86
63 62
63 24
63 57
63 58
63 59
63 61
63 30
63 31
66 0
66 2
66 3
66 70
66 39
66 9
66 42
66 15
66 17
66 19
66 85
66 23
66 25
66 63
66 62
66 31
67 32
67 33
67 34
67 69
67 6
67 8
67 9
67 75
67 76
67 45
67 77
67 82
67 62
67 55
67 57
67 70
67 30
67 63
68 0
68 2
68 6
68 13
68 15
68 16
68 31
68 33
68 42
68 45
68 46
68 47
68 53
68 54
68 55
68 57
68 59
68 67
68 68
68 72
68 82
68 85
68 87
69 3
69 4
69 7
69 9
69 10
69 78
69 47
69 52
69 55
69 36
69 29
70 35
70 71
70 10
70 43
70 76
70 79
70 83
71 64
71 3
71 7
71 41
71 22
71 59
72 84
72 1
72 35
72 38
72 6
72 71
72 76
72 13
72 59
72 48
72 49
72 19
72 52
72 22
72 55
72 25
72 26
72 54
72 58
72 62
72 63
73 66
73 35
73 36
73 37
73 38
73 71
73 12
73 13
73 77
73 16
73 17
73 18
73 22
73 23
73 57
74 36
76 32
76 2
76 37
76 41
76 42
76 12
76 61
76 77
76 15
76 17
76 79
76 86
76 24
76 57
76 63
76 28
76 29
76 31
77 58
77 59
77 10
77 3
77 53
80 65
80 7
80 79
80 16
80 23
80 25
82 68
82 2
82 4
82 70
82 38
82 7
82 42
82 11
82 44
82 13
82 46
82 16
82 51
82 53
82 54
82 39
82 27
82 61
82 30
82 31
83 1
83 5
83 8
83 9
83 42
83 43
83 76
83 46
83 47
83 49
83 50
83 87
83 24
83 25
83 26
83 74
83 72
86 6
86 10
86 18
86 20
86 22
86 29
86 32
86 33
86 36
86 42
86 43
86 48
86 53
86 57
86 58
86 61
86 66
86 67
86 69
86 70
86 73
86 74
86 75
86 81
86 83
87 1
87 68
87 75
87 76
87 77
87 23
