88
0 0
0 1
0 36
0 5
0 49
0 41
0 13
0 48
0 81
0 86
0 31
1 53
1 46
3 1
3 2
3 35
3 5
3 71
3 8
3 9
3 51
3 30
5 0
5 34
5 5
5 6
5 39
5 77
5 14
5 48
5 18
5 28
5 30
5 31
6 0
6 34
6 35
6 5
6 6
6 71
6 8
6 14
6 48
6 49
6 19
6 86
6 27
6 28
6 29
6 30
6 81
8 64
8 2
8 41
8 48
8 86
8 26
9 1
9 71
9 39
9 13
9 48
9 49
9 19
9 86
9 87
9 27
9 30
9 31
10 1
10 2
10 35
10 4
10 38
10 6
10 39
10 13
10 14
10 53
10 86
10 87
10 27
10 28
10 31
13 1
13 2
13 5
13 6
13 9
13 12
13 14
13 18
13 19
13 27
13 28
13 29
13 30
13 31
13 34
13 35
13 36
13 40
13 41
13 49
13 51
13 62
13 71
13 72
13 77
13 81
13 85
13 86
13 87
14 0
14 1
14 2
14 4
14 5
14 6
14 8
14 9
14 12
14 14
14 18
14 19
14 26
14 27
14 28
14 31
14 34
14 35
14 38
14 40
14 41
14 46
14 48
14 49
14 53
14 64
14 71
14 81
14 85
14 86
14 87
15 64
15 6
15 49
15 86
15 29
15 31
18 64
20 1
20 2
20 35
20 36
20 6
20 14
20 48
20 49
20 46
20 86
20 29
20 30
21 30
23 2
23 35
23 36
23 41
23 48
23 19
26 0
26 9
26 49
26 19
26 29
26 31
27 51
27 36
27 30
27 86
28 35
29 30
29 6
31 0
31 1
31 2
31 9
31 12
31 18
31 19
31 26
31 28
31 30
31 35
31 36
31 38
31 39
31 40
31 41
31 48
31 49
31 51
31 53
31 62
31 86
31 87
32 53
33 40
33 2
33 39
35 0
35 1
35 5
35 6
35 9
35 10
35 13
35 14
35 19
35 26
35 29
35 30
35 31
35 34
35 35
35 36
35 38
35 40
35 41
35 46
35 48
35 49
35 53
35 62
35 64
35 71
35 77
35 81
35 86
37 53
37 6
38 1
38 2
38 5
38 6
38 8
38 9
38 13
38 14
38 18
38 19
38 29
38 30
38 31
38 35
38 36
38 38
38 39
38 40
38 41
38 46
38 48
38 49
38 51
38 53
38 71
38 77
38 81
38 85
38 86
38 87
39 0
39 64
39 2
39 35
39 36
39 6
39 39
39 34
39 14
39 48
39 19
39 86
39 87
39 26
39 29
40 0
40 35
40 36
40 6
40 71
40 77
40 49
40 51
40 86
40 29
40 30
41 0
41 1
41 5
41 6
41 9
41 12
41 14
41 19
41 27
41 29
41 30
41 31
41 35
41 36
41 38
41 39
41 48
41 49
41 51
41 53
41 71
41 81
41 85
41 86
42 0
42 1
42 2
42 35
42 36
42 6
42 8
42 48
42 49
42 53
42 27
42 29
43 0
43 19
44 1
44 2
44 5
44 6
44 8
44 9
44 10
44 13
44 14
44 18
44 19
44 23
44 27
44 30
44 35
44 36
44 38
44 39
44 40
44 46
44 48
44 49
44 53
44 64
44 65
44 71
44 81
44 85
44 86
44 87
45 0
45 36
45 5
45 71
45 10
45 48
45 27
45 30
45 31
46 1
46 2
46 5
46 6
46 8
46 12
46 18
46 19
46 23
46 27
46 29
46 30
46 31
46 34
46 38
46 39
46 40
46 48
46 49
46 53
46 64
46 71
46 77
46 85
46 86
47 0
47 1
47 34
47 36
47 5
47 6
47 38
47 41
47 62
47 12
47 77
47 64
47 81
47 51
47 53
47 86
47 27
47 28
47 29
47 30
48 0
48 35
48 36
48 5
48 6
48 71
49 35
49 19
51 0
51 1
51 2
51 35
51 36
51 81
51 64
51 41
51 34
51 14
51 48
51 49
51 19
51 53
51 86
51 27
51 85
51 31
52 0
52 1
52 5
52 6
52 8
52 9
52 10
52 12
52 14
52 18
52 19
52 26
52 27
52 30
52 31
52 34
52 35
52 36
52 38
52 39
52 40
52 41
52 46
52 48
52 49
52 51
52 53
52 62
52 64
52 71
52 86
54 0
54 1
54 2
54 35
54 36
54 5
54 6
54 40
54 64
54 46
54 48
54 49
54 19
54 53
54 86
54 29
54 30
54 85
55 0
55 1
55 2
55 4
55 5
55 6
55 8
55 9
55 12
55 13
55 14
55 19
55 27
55 28
55 29
55 30
55 31
55 34
55 35
55 36
55 38
55 39
55 40
55 48
55 49
55 53
55 62
55 64
55 71
55 77
55 81
55 85
55 86
57 0
57 1
57 2
57 5
57 6
57 8
57 9
57 10
57 13
57 14
57 19
57 23
57 26
57 29
57 31
57 34
57 35
57 36
57 38
57 39
57 40
57 41
57 46
57 48
57 51
57 62
57 64
57 71
57 77
57 81
57 86
57 87
58 1
58 19
58 6
59 0
59 1
59 2
59 34
59 36
59 6
59 39
59 64
59 13
59 14
59 77
59 48
59 49
59 19
59 86
59 28
59 29
59 35
60 2
60 36
60 49
60 39
60 48
60 81
60 19
60 27
60 29
60 30
60 31
61 1
61 2
61 5
61 6
61 39
61 12
61 14
61 49
61 51
61 86
61 27
61 30
62 0
62 1
62 2
62 4
62 5
62 9
62 10
62 12
62 13
62 14
62 18
62 19
62 26
62 27
62 28
62 30
62 31
62 34
62 35
62 36
62 39
62 40
62 41
62 48
62 49
62 51
62 53
62 62
62 64
62 71
62 86
62 87
63 0
63 35
63 36
63 6
63 71
63 8
63 41
63 39
63 48
63 19
63 86
63 27
65 0
65 1
65 2
65 5
65 6
65 9
65 10
65 13
65 14
65 18
65 23
65 26
65 27
65 28
65 29
65 30
65 31
65 35
65 36
65 38
65 39
65 46
65 48
65 51
65 53
65 62
65 64
65 65
65 81
65 86
65 87
66 0
66 1
66 2
66 35
66 6
66 71
66 14
66 48
66 19
66 53
66 26
66 28
67 26
67 35
69 0
69 1
69 2
69 5
69 6
69 8
69 10
69 12
69 13
69 14
69 18
69 19
69 23
69 27
69 28
69 29
69 30
69 31
69 34
69 35
69 36
69 38
69 39
69 40
69 46
69 48
69 49
69 51
69 53
69 64
69 71
69 86
69 87
72 0
72 1
72 4
72 5
72 6
72 9
72 12
72 13
72 14
72 18
72 19
72 26
72 27
72 28
72 29
72 30
72 31
72 34
72 35
72 36
72 38
72 39
72 41
72 46
72 48
72 49
72 53
72 71
72 81
72 85
72 86
72 87
74 2
74 35
74 30
75 48
76 1
76 2
76 4
76 5
76 6
76 8
76 10
76 12
76 13
76 14
76 18
76 19
76 28
76 29
76 30
76 31
76 34
76 35
76 36
76 38
76 39
76 40
76 41
76 46
76 48
76 49
76 53
76 62
76 71
76 81
76 85
76 86
76 87
77 1
77 2
77 4
77 5
77 6
77 8
77 9
77 10
77 12
77 13
77 19
77 27
77 28
77 29
77 30
77 31
77 34
77 36
77 39
77 41
77 46
77 48
77 49
77 51
77 53
77 71
77 77
77 81
77 83
77 85
78 2
78 18
78 34
78 86
82 48
82 36
85 0
85 1
85 2
85 35
85 36
85 6
85 71
85 9
85 10
85 12
85 13
85 14
85 48
85 53
85 86
85 27
85 28
85 31
87 0
87 1
87 2
87 4
87 5
87 6
87 8
87 9
87 10
87 14
87 18
87 19
87 23
87 27
87 28
87 29
87 30
87 31
87 35
87 36
87 38
87 39
87 41
87 46
87 48
87 49
87 51
87 53
87 62
87 81
87 86
87 87
