88
0 65
0 67
0 36
0 37
0 70
0 39
0 40
0 10
0 14
0 18
0 20
0 27
1 30
2 64
2 65
2 37
2 39
2 40
2 47
2 80
2 49
2 18
2 20
2 26
2 59
2 60
4 34
4 36
4 70
4 41
4 10
4 11
4 13
4 46
4 83
4 53
4 87
4 42
4 30
6 1
6 5
6 10
6 14
6 20
6 29
6 30
6 33
6 34
6 36
6 42
6 44
6 51
6 52
6 55
6 60
6 61
6 64
6 65
6 77
6 78
6 79
6 81
6 82
7 32
7 65
7 36
7 49
7 1
7 9
7 11
7 13
7 14
7 81
7 20
7 55
7 29
7 30
9 64
9 48
9 38
9 72
9 41
9 14
9 80
9 17
9 51
9 57
9 29
10 32
10 33
10 67
10 36
10 37
10 38
10 65
10 9
10 74
10 43
10 79
10 57
10 63
10 61
10 30
10 31
11 1
11 2
11 4
11 37
11 41
11 55
11 45
11 17
11 57
11 23
11 25
11 26
11 27
12 64
12 34
12 3
12 4
12 71
12 8
12 41
12 43
12 80
12 53
12 23
12 62
12 25
12 61
12 55
12 36
13 2
13 74
13 76
13 46
13 16
13 42
16 0
16 1
16 35
16 36
16 33
16 65
16 32
16 64
16 41
16 11
16 76
16 14
16 61
16 16
16 49
16 51
16 86
16 71
16 79
16 70
16 29
17 42
17 43
19 64
19 72
19 41
19 13
19 18
19 61
20 64
20 61
20 59
20 77
20 47
20 9
20 10
20 11
20 12
20 13
20 46
20 45
20 75
20 51
20 52
20 73
20 67
20 57
20 87
20 27
20 42
21 0
21 64
21 69
21 40
21 80
21 74
21 11
21 12
21 13
21 14
21 61
21 16
21 18
21 23
21 55
21 29
24 1
24 67
24 4
24 72
24 9
24 74
24 11
24 49
24 82
24 59
24 41
24 36
24 27
24 30
28 0
28 77
29 0
29 43
29 4
29 5
29 39
29 40
29 74
29 11
29 59
29 45
29 14
29 47
29 17
29 51
29 54
29 72
29 27
29 29
29 69
29 31
30 3
30 87
31 64
31 35
31 37
31 72
31 73
31 41
31 11
31 48
31 18
31 20
31 21
31 87
31 56
31 61
32 2
32 35
32 69
32 71
32 75
32 41
32 10
32 43
32 49
32 18
32 21
32 56
32 24
32 27
32 29
33 0
33 1
33 4
33 5
33 8
33 9
33 11
33 13
33 14
33 21
33 27
33 29
33 30
33 31
33 32
33 51
33 52
33 53
33 59
33 79
33 82
33 87
34 18
34 39
35 1
35 9
35 13
35 14
35 20
35 27
35 30
35 31
35 32
35 35
35 41
35 44
35 46
35 51
35 57
35 59
35 60
35 71
35 72
35 75
35 77
35 86
36 32
36 65
36 2
36 35
36 4
36 39
36 8
36 76
36 10
36 11
36 12
36 34
36 61
36 49
36 52
36 21
36 87
36 36
36 27
36 29
37 32
37 33
37 67
37 5
37 72
37 43
37 61
37 81
37 18
37 52
37 40
37 56
37 26
37 29
38 36
38 40
38 73
38 10
38 80
38 83
38 20
38 86
38 55
38 24
38 57
38 26
38 63
39 75
39 71
39 43
39 13
39 46
39 48
39 51
39 21
39 87
39 53
40 0
40 2
40 4
40 9
40 10
40 12
40 14
40 16
40 17
40 30
40 39
40 40
40 49
40 51
40 52
40 55
40 60
40 63
40 71
40 75
40 81
40 86
41 64
41 1
41 65
41 9
41 43
41 76
41 14
41 18
41 52
41 86
41 23
41 24
41 55
41 71
41 29
42 1
42 36
42 5
42 8
42 87
42 55
42 60
43 64
43 1
43 2
43 35
43 73
43 10
43 75
43 78
43 80
43 18
43 20
43 55
43 56
43 25
43 87
43 59
44 0
44 1
44 3
44 4
44 11
44 12
44 14
44 18
44 27
44 29
44 36
44 41
44 43
44 45
44 49
44 51
44 55
44 57
44 67
44 69
44 71
44 73
44 79
44 87
45 0
45 1
45 43
45 37
45 32
45 64
45 75
45 11
45 76
45 14
45 61
45 49
45 18
45 83
45 46
45 25
45 27
45 29
45 39
45 63
46 32
46 33
46 2
46 3
46 37
46 39
46 9
46 16
46 59
46 29
46 31
47 0
47 1
47 4
47 10
47 18
47 30
47 33
47 34
47 36
47 39
47 41
47 45
47 49
47 51
47 54
47 57
47 60
47 61
47 63
47 64
47 74
47 78
48 32
48 1
48 2
48 75
48 4
48 38
48 39
48 64
48 73
48 55
48 78
48 77
48 14
48 47
48 51
48 57
48 23
48 56
48 36
48 26
48 27
49 41
49 82
50 40
50 25
50 61
50 24
50 57
52 32
52 2
52 36
52 38
52 73
52 10
52 87
52 12
52 13
52 45
52 17
52 18
52 42
52 55
52 59
52 60
52 29
53 32
53 34
53 14
53 81
53 51
53 53
53 30
55 64
55 32
55 69
55 71
55 10
55 75
55 14
55 48
55 17
55 82
55 49
55 60
56 65
56 4
56 11
56 20
56 55
56 57
56 87
56 60
57 2
57 11
57 72
57 41
57 75
57 18
57 30
58 32
58 64
58 67
58 8
58 41
58 75
58 12
58 82
58 44
58 18
58 20
58 57
58 55
58 24
58 25
58 87
58 60
58 30
62 32
62 1
62 43
62 4
62 37
62 81
62 71
62 64
62 41
62 11
62 76
62 13
62 77
62 61
62 80
62 49
62 51
62 20
62 29
63 1
63 2
63 4
63 69
63 38
63 39
63 40
63 41
63 12
63 14
63 47
63 48
63 49
63 53
63 76
63 60
63 61
63 30
66 0
66 1
66 3
66 36
66 37
66 8
66 73
66 74
66 11
66 12
66 61
66 76
66 43
66 83
66 20
66 23
66 56
66 52
66 27
66 29
66 62
67 64
67 1
67 87
67 4
67 70
67 39
67 8
67 11
67 76
67 14
67 16
67 40
67 78
67 51
67 48
67 54
67 55
67 71
67 61
67 53
68 72
68 75
68 79
68 17
68 53
68 29
70 32
70 10
70 43
70 21
70 55
70 53
72 0
72 4
72 41
72 10
72 80
72 18
72 83
72 27
72 60
72 61
73 0
73 64
73 4
73 70
73 48
73 74
73 11
73 80
73 18
73 83
73 53
73 55
73 56
73 27
74 64
74 4
74 70
74 39
74 41
74 10
74 13
74 78
74 16
74 18
74 51
74 53
74 57
74 27
75 35
75 4
75 8
75 10
75 14
75 16
76 32
76 51
76 83
76 3
76 39
76 64
76 44
76 79
76 12
76 14
76 61
76 80
76 81
76 18
76 35
76 78
76 23
76 25
76 27
76 60
76 29
77 0
77 32
77 75
77 36
77 5
77 38
77 72
77 11
77 76
77 45
77 18
77 52
77 24
77 29
77 62
78 65
78 2
78 43
78 69
78 51
78 11
78 14
78 18
78 83
78 52
78 55
78 26
78 27
78 62
79 2
79 4
79 8
79 10
79 43
79 12
79 47
79 81
79 18
79 83
79 56
79 27
79 31
82 64
82 37
82 76
82 81
82 82
82 55
82 60
83 80
83 37
83 38
83 81
83 8
83 9
83 10
83 43
83 12
83 70
83 16
83 40
83 52
83 57
83 73
83 41
83 55
83 74
83 60
83 29
83 30
84 32
84 64
84 4
84 37
84 65
84 8
84 41
84 13
84 14
84 47
84 52
84 53
84 87
84 36
84 60
84 31
86 0
86 1
86 4
86 5
86 8
86 10
86 11
86 12
86 26
86 27
86 32
86 33
86 36
86 60
86 61
86 62
86 63
86 67
86 71
86 72
86 74
86 76
86 77
86 81
87 38
87 39
87 73
87 75
87 59
87 62
