88
0 10
0 15
0 20
0 33
0 40
0 41
0 43
0 44
0 49
0 53
0 54
0 60
0 64
0 67
0 70
0 74
0 75
0 78
0 79
0 81
0 83
0 86
0 87
1 2
1 5
1 10
1 13
1 15
1 17
1 27
1 31
1 35
1 40
1 45
1 46
1 49
1 53
1 57
1 60
1 67
1 74
1 76
1 77
1 78
1 79
1 80
1 86
2 5
2 10
2 13
2 21
2 24
2 27
2 28
2 31
2 32
2 33
2 45
2 47
2 52
2 53
2 54
2 55
2 58
2 59
2 66
2 74
2 75
2 86
2 87
4 64
4 33
4 2
4 35
4 71
4 40
4 76
4 74
4 87
4 44
4 45
4 77
4 53
4 86
4 55
4 79
4 61
9 43
9 41
9 74
9 75
9 44
9 45
9 20
9 21
9 53
10 1
10 41
10 10
10 45
10 80
10 83
10 86
10 58
10 61
13 39
13 41
13 45
13 78
13 57
13 27
13 28
13 31
19 32
19 33
19 2
19 5
19 64
19 10
19 43
19 13
19 15
19 49
19 74
19 53
19 86
19 55
19 45
19 57
19 58
19 42
24 35
24 37
24 81
24 72
24 41
24 75
24 79
24 80
24 49
24 67
24 87
24 23
24 57
24 58
24 27
24 5
24 31
25 39
25 15
25 47
25 74
25 79
25 17
25 20
25 27
25 28
27 45
27 54
27 70
27 10
27 75
27 77
27 46
27 79
27 52
27 21
27 86
28 33
28 74
28 73
28 10
28 87
28 47
28 20
28 41
28 61
30 33
30 2
30 75
30 66
30 71
30 41
30 74
30 43
30 44
30 13
30 15
30 80
30 17
30 51
30 84
30 53
30 61
30 31
32 33
32 67
32 86
32 40
32 41
32 42
32 13
32 77
32 45
32 80
32 72
32 79
32 20
32 53
32 54
32 52
32 59
33 33
33 83
33 74
33 5
33 38
33 41
33 10
33 45
33 15
33 79
33 20
33 53
33 58
33 27
33 42
35 33
35 44
35 10
35 75
35 76
35 45
35 15
35 81
35 20
35 53
35 57
38 65
38 71
38 40
38 75
38 13
38 79
38 52
38 57
38 39
38 47
38 31
40 32
40 1
40 67
40 5
40 39
40 40
40 41
40 10
40 71
40 44
40 45
40 77
40 75
40 86
40 58
40 27
40 74
41 32
41 64
41 66
41 70
41 40
41 41
41 74
41 75
41 45
41 13
41 80
41 81
41 79
41 20
41 53
41 54
41 52
41 47
41 60
42 67
42 37
42 44
42 13
42 59
42 52
42 21
42 86
42 27
42 28
42 53
43 37
43 10
43 75
43 76
43 45
43 17
43 20
43 86
43 52
44 1
44 66
44 35
44 37
44 65
44 39
44 40
44 10
44 71
44 44
44 70
44 46
44 15
44 80
44 52
44 53
44 54
44 58
44 27
44 60
45 32
45 66
45 5
45 39
45 40
45 41
45 10
45 71
45 15
45 80
45 81
45 20
45 21
45 74
45 27
45 60
45 42
47 32
47 79
47 5
47 39
47 41
47 10
47 44
47 45
47 78
47 15
47 80
47 81
47 51
47 84
47 53
47 54
47 59
47 74
48 1
48 5
48 10
48 24
48 27
48 28
48 32
48 33
48 34
48 37
48 40
48 52
48 53
48 54
48 58
48 65
48 70
48 74
48 75
48 78
48 79
48 80
48 84
48 86
50 32
50 64
50 67
50 5
50 65
50 72
50 10
50 45
50 15
50 80
50 81
50 51
50 52
50 24
50 58
50 59
50 74
50 31
51 5
51 10
51 13
51 15
51 20
51 33
51 35
51 37
51 42
51 43
51 45
51 47
51 52
51 57
51 58
51 65
51 72
51 74
51 78
51 79
51 80
51 86
52 32
52 45
52 70
52 40
52 41
52 13
52 77
52 49
52 20
52 52
52 58
55 10
55 13
55 15
55 17
55 20
55 27
55 33
55 34
55 35
55 41
55 43
55 44
55 46
55 47
55 52
55 53
55 55
55 58
55 60
55 66
55 71
55 74
55 79
55 81
55 83
57 32
57 33
57 35
57 81
57 39
57 40
57 64
57 13
57 77
57 45
57 72
57 51
57 20
57 78
57 86
57 23
57 52
57 27
60 64
60 33
60 67
60 35
60 86
60 40
60 41
60 74
60 13
60 77
60 15
60 80
60 51
60 20
60 21
60 54
60 57
60 58
60 47
61 32
61 66
61 67
61 54
61 40
61 74
61 44
61 79
61 20
61 53
61 86
61 27
62 5
62 13
62 15
62 20
62 21
62 31
62 32
62 33
62 35
62 40
62 41
62 43
62 47
62 49
62 52
62 59
62 61
62 66
62 70
62 72
62 75
62 76
62 77
62 79
62 80
62 81
62 83
64 5
64 10
64 13
64 21
64 28
64 33
64 38
64 41
64 43
64 44
64 52
64 53
64 55
64 57
64 59
64 60
64 67
64 70
64 71
64 72
64 74
64 75
64 76
64 83
64 86
64 87
65 35
65 37
65 70
65 40
65 41
65 10
65 43
65 13
65 78
65 77
65 80
65 81
65 67
65 52
65 53
65 54
65 58
65 86
65 74
68 67
68 5
68 40
68 41
68 77
68 45
68 81
68 87
68 60
69 33
69 34
69 40
69 10
69 78
69 15
69 17
69 51
69 52
69 53
69 27
69 60
70 2
70 5
70 15
70 20
70 21
70 23
70 24
70 27
70 28
70 34
70 39
70 40
70 41
70 45
70 52
70 53
70 60
70 66
70 74
70 78
70 80
70 87
71 65
71 34
71 86
71 40
71 75
71 44
71 13
71 77
71 45
71 80
71 81
71 52
71 53
71 54
71 23
71 24
71 27
71 28
72 1
72 13
72 15
72 20
72 21
72 27
72 31
72 33
72 41
72 43
72 44
72 45
72 51
72 53
72 55
72 58
72 63
72 64
72 66
72 67
72 77
72 80
72 81
72 83
73 64
73 1
73 45
73 33
73 40
73 41
73 10
73 75
73 76
73 13
73 15
73 79
73 20
73 86
73 23
73 58
73 47
73 61
74 32
74 1
74 34
74 35
74 5
74 40
74 41
74 74
74 75
74 15
74 83
74 52
74 53
74 23
74 24
74 87
74 28
75 2
75 13
75 15
75 20
75 35
75 38
75 45
75 49
75 51
75 53
75 54
75 55
75 58
75 61
75 64
75 65
75 66
75 67
75 75
75 76
75 80
75 81
77 32
77 33
77 67
77 5
77 40
77 41
77 79
77 43
77 13
77 45
77 20
77 57
77 27
77 30
77 31
78 64
78 45
78 35
78 5
78 40
78 55
78 13
78 78
78 15
78 81
78 53
78 87
78 58
78 59
79 32
79 33
79 41
79 10
79 45
79 78
79 81
79 51
79 52
79 87
79 58
79 60
79 74
80 32
80 33
80 45
80 66
80 37
80 64
80 10
80 75
80 78
80 13
80 77
80 15
80 20
80 21
80 86
80 27
80 28
81 1
81 5
81 10
81 13
81 15
81 20
81 27
81 31
81 32
81 33
81 40
81 41
81 46
81 49
81 52
81 57
81 58
81 61
81 65
81 66
81 70
81 72
81 74
81 75
81 79
81 81
81 87
82 2
82 35
82 5
82 72
82 74
82 75
82 13
82 46
82 15
82 80
82 83
82 27
82 60
83 1
83 2
83 10
83 13
83 21
83 27
83 35
83 37
83 40
83 41
83 44
83 51
83 53
83 55
83 59
83 61
83 65
83 71
83 74
83 76
83 79
83 80
83 86
83 87
85 32
85 33
85 83
85 59
85 40
85 42
85 43
85 15
85 80
85 75
85 79
85 20
85 21
85 86
85 52
85 27
85 60
86 33
86 5
86 81
86 71
86 40
86 10
86 45
86 78
86 13
86 80
86 72
86 79
86 52
86 57
86 58
86 47
86 74
