88
0 0
0 1
0 2
0 3
0 10
0 13
0 18
0 20
0 28
0 29
0 33
0 36
0 38
0 39
0 41
0 42
0 47
0 49
0 50
0 53
0 61
0 63
0 67
0 70
0 71
0 73
0 77
0 80
0 82
0 87
1 0
1 1
1 2
1 5
1 10
1 13
1 18
1 20
1 26
1 27
1 29
1 31
1 33
1 35
1 36
1 38
1 39
1 41
1 43
1 45
1 47
1 49
1 61
1 65
1 67
1 71
1 73
1 75
1 77
1 82
1 85
1 86
2 0
2 1
2 3
2 8
2 9
2 12
2 13
2 20
2 23
2 26
2 28
2 29
2 30
2 31
2 33
2 35
2 36
2 38
2 39
2 40
2 41
2 42
2 43
2 45
2 49
2 52
2 53
2 55
2 57
2 61
2 62
2 63
2 65
2 67
2 70
2 71
2 73
2 75
2 77
2 82
2 86
2 87
3 0
3 1
3 3
3 6
3 8
3 10
3 13
3 17
3 18
3 20
3 27
3 28
3 29
3 33
3 38
3 39
3 40
3 41
3 42
3 45
3 47
3 50
3 53
3 57
3 58
3 61
3 63
3 65
3 70
3 71
3 72
3 73
3 75
3 77
3 82
3 84
3 85
4 0
4 1
4 7
4 8
4 9
4 10
4 13
4 18
4 20
4 21
4 27
4 28
4 29
4 30
4 31
4 33
4 35
4 36
4 38
4 39
4 40
4 41
4 45
4 46
4 49
4 54
4 56
4 59
4 61
4 62
4 63
4 65
4 71
4 72
4 73
4 75
4 77
4 79
4 82
4 85
4 87
9 0
9 1
9 2
9 3
9 8
9 9
9 10
9 12
9 13
9 20
9 23
9 27
9 29
9 33
9 36
9 38
9 39
9 40
9 41
9 43
9 47
9 48
9 49
9 50
9 55
9 61
9 63
9 65
9 70
9 71
9 75
9 77
9 82
9 87
16 0
16 2
16 3
16 8
16 10
16 13
16 14
16 18
16 20
16 24
16 26
16 27
16 29
16 30
16 31
16 35
16 36
16 38
16 39
16 41
16 43
16 45
16 47
16 49
16 50
16 53
16 56
16 57
16 61
16 63
16 65
16 67
16 71
16 72
16 73
16 75
16 76
16 77
16 79
16 80
16 82
16 86
17 0
17 1
17 4
17 8
17 13
17 18
17 20
17 26
17 28
17 29
17 33
17 35
17 36
17 38
17 39
17 40
17 41
17 43
17 47
17 49
17 53
17 57
17 58
17 63
17 65
17 70
17 71
17 72
17 77
17 82
17 84
17 85
17 87
25 0
25 1
25 3
25 4
25 6
25 8
25 10
25 13
25 18
25 20
25 27
25 31
25 35
25 36
25 38
25 39
25 40
25 41
25 42
25 43
25 46
25 47
25 49
25 50
25 51
25 52
25 53
25 55
25 56
25 57
25 62
25 63
25 68
25 71
25 73
25 75
25 77
25 81
25 85
25 86
27 0
27 1
27 3
27 4
27 8
27 10
27 12
27 13
27 14
27 18
27 20
27 26
27 29
27 33
27 36
27 38
27 39
27 40
27 41
27 45
27 47
27 49
27 50
27 57
27 61
27 63
27 65
27 67
27 71
27 72
27 75
27 77
27 80
27 85
29 0
29 3
29 8
29 12
29 18
29 20
29 21
29 26
29 29
29 30
29 31
29 33
29 35
29 36
29 38
29 39
29 40
29 41
29 42
29 43
29 46
29 49
29 50
29 54
29 55
29 56
29 57
29 59
29 61
29 65
29 67
29 70
29 71
29 73
29 75
29 77
29 80
29 82
29 84
31 0
31 2
31 8
31 10
31 13
31 17
31 18
31 26
31 27
31 28
31 29
31 33
31 35
31 36
31 38
31 41
31 42
31 45
31 46
31 47
31 49
31 57
31 61
31 65
31 67
31 75
31 77
31 82
31 87
33 0
33 3
33 4
33 8
33 10
33 13
33 18
33 27
33 29
33 35
33 36
33 38
33 39
33 40
33 43
33 47
33 49
33 50
33 53
33 56
33 61
33 63
33 67
33 71
33 73
33 75
33 77
33 82
33 85
35 3
35 8
35 10
35 13
35 18
35 20
35 23
35 26
35 27
35 29
35 30
35 31
35 35
35 36
35 38
35 39
35 40
35 41
35 43
35 49
35 56
35 58
35 61
35 63
35 65
35 67
35 71
35 73
35 75
35 76
35 77
35 82
37 0
37 1
37 2
37 3
37 8
37 10
37 13
37 17
37 18
37 20
37 24
37 26
37 28
37 29
37 31
37 35
37 36
37 38
37 39
37 40
37 41
37 42
37 43
37 49
37 50
37 53
37 56
37 57
37 62
37 65
37 67
37 70
37 71
37 73
37 76
37 77
37 82
37 85
37 86
43 0
43 1
43 3
43 8
43 9
43 10
43 12
43 13
43 17
43 18
43 20
43 27
43 28
43 29
43 33
43 35
43 36
43 38
43 40
43 41
43 42
43 43
43 44
43 47
43 49
43 50
43 56
43 57
43 61
43 62
43 63
43 65
43 67
43 70
43 71
43 77
43 82
49 0
49 3
49 6
49 8
49 10
49 12
49 13
49 20
49 21
49 27
49 29
49 31
49 33
49 35
49 36
49 38
49 39
49 40
49 41
49 42
49 43
49 48
49 49
49 50
49 56
49 57
49 61
49 63
49 65
49 67
49 70
49 71
49 72
49 73
49 75
49 77
49 79
49 82
49 87
50 0
50 8
50 10
50 13
50 20
50 27
50 28
50 29
50 31
50 35
50 36
50 38
50 39
50 40
50 41
50 43
50 45
50 47
50 50
50 53
50 57
50 61
50 63
50 65
50 67
50 70
50 71
50 73
50 82
50 85
50 87
55 0
55 1
55 3
55 8
55 10
55 13
55 14
55 27
55 29
55 31
55 33
55 35
55 36
55 38
55 39
55 40
55 45
55 47
55 49
55 50
55 61
55 62
55 63
55 67
55 70
55 71
55 73
55 75
55 76
55 82
55 85
61 0
61 1
61 2
61 4
61 8
61 10
61 13
61 18
61 20
61 26
61 27
61 28
61 29
61 31
61 35
61 36
61 38
61 39
61 40
61 41
61 42
61 43
61 47
61 49
61 50
61 53
61 58
61 65
61 67
61 71
61 73
61 75
61 76
61 77
61 79
61 80
61 82
61 85
61 86
62 0
62 1
62 2
62 8
62 18
62 20
62 21
62 24
62 26
62 27
62 29
62 30
62 33
62 35
62 38
62 39
62 47
62 49
62 52
62 53
62 61
62 63
62 65
62 67
62 70
62 73
62 75
62 77
63 0
63 1
63 5
63 6
63 8
63 10
63 13
63 18
63 21
63 24
63 26
63 28
63 31
63 35
63 36
63 39
63 40
63 41
63 42
63 43
63 47
63 50
63 53
63 56
63 59
63 61
63 62
63 63
63 67
63 68
63 69
63 70
63 71
63 72
63 73
63 75
63 77
63 79
63 80
63 82
63 85
63 87
65 1
65 8
65 10
65 13
65 18
65 20
65 21
65 26
65 31
65 33
65 35
65 36
65 38
65 39
65 40
65 41
65 42
65 43
65 49
65 50
65 53
65 55
65 56
65 58
65 61
65 62
65 63
65 65
65 67
65 70
65 71
65 73
65 75
65 77
65 80
65 82
65 85
79 0
79 1
79 3
79 6
79 7
79 8
79 12
79 13
79 18
79 20
79 27
79 28
79 29
79 31
79 33
79 35
79 36
79 39
79 45
79 46
79 49
79 57
79 61
79 63
79 65
79 67
79 70
79 71
79 73
79 75
79 77
79 79
79 87
87 3
87 8
87 10
87 17
87 18
87 20
87 21
87 27
87 28
87 29
87 30
87 33
87 35
87 39
87 42
87 43
87 47
87 50
87 53
87 61
87 62
87 63
87 67
87 70
87 71
87 73
87 75
87 77
87 82
87 84
