88
1 4
1 37
1 38
1 9
1 15
1 22
1 59
3 0
3 3
3 54
3 7
3 40
3 39
3 13
3 45
3 16
3 17
3 84
3 22
3 23
3 56
3 57
3 59
3 69
4 37
4 43
4 44
4 52
4 22
4 58
4 59
5 0
5 32
5 66
5 3
5 36
5 54
5 40
5 41
5 44
5 59
5 49
5 22
5 55
5 56
5 57
5 26
5 27
5 58
5 69
5 31
6 34
6 3
6 4
6 54
6 38
6 39
6 73
6 74
6 71
6 78
6 15
6 17
6 35
6 22
6 59
6 69
8 32
8 66
8 74
8 8
8 73
8 42
8 55
8 61
8 48
8 40
8 82
8 83
8 20
8 23
8 56
8 26
8 27
8 60
8 29
10 54
10 8
10 9
10 42
10 44
10 18
10 15
10 82
10 84
10 57
10 86
10 55
10 52
10 58
11 0
11 34
11 3
11 4
11 38
11 9
11 44
11 82
11 35
11 52
11 87
13 69
13 72
13 10
13 17
13 22
13 58
13 28
13 29
17 32
17 35
17 4
17 7
17 8
17 9
17 42
17 39
17 45
17 48
17 17
17 82
17 24
17 58
17 59
17 61
19 0
19 32
19 8
19 9
19 43
19 44
19 50
19 48
19 17
19 82
19 41
19 23
19 25
19 59
20 0
20 65
20 3
20 69
20 7
20 76
20 12
20 45
20 15
20 17
20 35
20 20
20 53
20 60
20 31
21 32
21 59
21 4
21 69
21 8
21 41
21 42
21 43
21 44
21 77
21 76
21 49
21 83
21 57
21 25
21 26
21 27
21 31
23 68
23 86
23 38
23 8
23 41
23 42
23 76
23 13
23 61
23 40
23 82
23 52
23 22
23 27
23 29
24 0
24 32
24 34
24 4
24 54
24 72
24 11
24 44
24 82
24 22
24 23
24 25
24 87
24 60
24 55
24 69
25 34
25 4
25 37
25 7
25 8
25 44
25 42
25 71
25 12
25 66
25 48
25 17
25 52
25 54
25 73
25 84
25 58
25 29
27 84
27 34
27 66
27 38
27 8
27 9
27 74
27 44
27 45
27 48
27 49
27 82
27 20
27 22
27 87
27 25
27 29
30 0
30 35
30 37
30 8
30 9
30 74
30 11
30 12
30 45
30 44
30 50
30 56
30 18
30 87
30 41
30 24
30 55
30 26
30 61
31 66
31 3
31 74
31 38
31 39
31 40
31 73
31 42
31 44
31 15
31 48
31 17
31 82
31 52
31 24
31 57
31 59
31 29
32 84
32 43
32 4
32 37
32 7
32 8
32 9
32 74
32 39
32 44
32 45
32 48
32 17
32 52
32 23
32 57
32 27
32 62
32 69
33 3
33 4
33 49
33 70
33 39
33 40
33 41
33 87
33 12
33 45
33 77
33 15
33 16
33 17
33 35
33 52
33 23
33 72
33 36
33 58
34 0
34 34
34 38
34 8
34 42
34 18
34 84
34 59
35 32
35 3
35 70
35 38
35 49
35 9
35 10
35 45
35 77
35 48
35 17
35 35
35 73
35 23
35 26
35 58
35 62
36 3
36 4
36 8
36 9
36 15
36 20
36 22
36 23
36 26
36 35
36 36
36 37
36 38
36 44
36 45
36 55
36 57
36 66
36 69
36 72
36 74
36 76
36 82
36 84
37 48
37 66
37 35
37 4
37 37
37 38
37 39
37 9
37 10
37 43
37 76
37 16
37 49
37 41
37 56
37 25
37 60
37 69
37 31
39 0
39 84
39 66
39 3
39 4
39 70
39 40
39 9
39 55
39 16
39 17
39 20
39 41
39 73
39 23
39 56
39 52
39 26
39 59
39 58
43 32
43 34
43 69
43 7
43 8
43 76
43 42
43 39
43 12
43 48
43 49
43 18
43 84
43 54
43 27
43 86
43 74
43 31
46 32
46 7
46 74
46 48
46 56
46 82
46 55
46 24
46 59
46 42
47 0
47 3
47 4
47 49
47 38
47 7
47 41
47 87
47 73
47 45
47 15
47 50
47 17
47 18
47 52
47 22
47 55
47 24
47 54
47 29
47 69
48 0
48 66
48 38
48 7
48 8
48 39
48 77
48 86
48 59
48 62
49 66
49 4
49 38
49 7
49 23
49 15
49 87
49 57
52 48
52 82
52 37
52 38
52 41
52 44
52 45
52 15
52 16
52 76
52 50
52 58
52 84
52 22
52 55
52 56
52 26
52 73
52 29
53 65
53 3
53 4
53 69
53 38
53 39
53 76
53 74
53 44
53 45
53 78
53 15
53 50
53 84
53 54
53 87
53 26
53 60
54 0
54 3
54 4
54 54
54 70
54 7
54 9
54 42
54 12
54 45
54 76
54 18
54 83
54 52
54 22
54 23
54 56
54 69
55 66
55 35
55 68
55 37
55 7
55 8
55 9
55 71
55 45
55 59
55 48
55 40
55 83
55 20
55 41
55 22
55 23
55 57
55 54
55 61
57 83
57 3
57 4
57 69
57 7
57 74
57 13
57 77
57 49
57 50
57 82
57 52
57 53
57 54
57 84
57 58
57 59
57 31
58 48
58 66
58 4
58 37
58 38
58 9
58 11
58 12
58 16
58 83
58 84
58 41
58 57
58 26
58 59
58 60
58 58
59 41
59 44
59 17
59 82
59 84
59 54
59 23
59 62
60 34
60 3
60 54
60 40
60 9
60 11
60 76
60 13
60 15
60 83
60 52
60 53
60 22
60 26
60 59
60 58
60 69
61 32
61 74
61 4
61 37
61 39
61 8
61 9
61 42
61 12
61 44
61 48
61 40
61 52
61 76
61 87
61 56
61 84
61 26
61 86
61 29
62 66
62 37
62 39
62 40
62 76
62 15
62 52
62 55
62 27
62 62
63 0
63 32
63 49
63 68
63 37
63 38
63 39
63 9
63 10
63 43
63 46
63 71
63 17
63 58
63 52
63 87
63 57
63 26
63 27
63 28
63 29
65 66
65 35
65 38
65 49
65 8
65 42
65 71
65 44
65 59
65 17
65 83
65 54
65 55
65 56
65 27
65 29
65 31
66 0
66 35
66 68
66 40
66 9
66 74
66 76
66 45
66 15
66 16
66 59
66 50
66 84
66 41
66 23
66 27
66 29
66 62
67 35
67 69
67 38
67 8
67 10
67 44
67 61
67 15
67 50
67 52
67 53
67 54
67 55
67 25
67 59
67 86
67 42
67 30
70 0
70 35
70 4
70 38
70 41
70 42
70 11
70 76
70 45
70 48
70 43
70 18
70 20
70 53
70 22
70 23
70 36
70 87
70 29
71 66
71 4
71 70
71 38
71 49
71 41
71 42
71 76
71 17
71 53
71 86
71 25
71 26
71 27
71 60
73 0
73 32
73 39
73 71
73 77
73 45
73 48
73 49
73 25
74 0
74 32
74 3
74 54
74 70
74 39
74 72
74 10
74 55
74 77
74 87
74 82
74 53
74 22
74 23
74 57
74 26
75 0
75 58
75 3
75 39
75 40
75 76
75 42
75 44
75 13
75 77
75 16
75 18
75 35
75 74
75 22
75 55
75 24
75 84
75 26
75 29
76 34
76 35
76 70
76 49
76 41
76 10
76 44
76 76
76 17
76 74
76 53
76 86
76 55
76 56
76 84
76 29
76 31
78 66
78 71
78 37
78 70
78 49
78 43
78 15
78 48
78 17
78 55
78 57
78 58
78 60
78 61
78 62
79 3
79 4
79 40
79 9
79 10
79 45
79 48
79 49
79 82
79 42
79 52
79 41
79 23
79 36
79 29
79 30
85 0
85 34
85 39
85 42
85 7
85 87
85 56
85 59
86 35
86 69
86 71
86 42
86 55
86 46
86 56
86 18
86 74
86 78
86 22
86 23
86 24
86 87
86 28
86 29
87 66
87 39
87 74
87 82
87 61
87 18
87 52
87 53
87 26
87 29
