88
0 64
0 66
0 3
0 38
0 81
0 9
0 42
0 13
0 14
0 56
0 52
0 53
0 86
0 87
0 24
0 29
1 5
1 6
1 75
1 87
1 70
1 61
1 63
2 70
2 35
2 5
2 6
2 71
2 40
2 74
2 86
2 44
2 13
2 45
2 18
2 85
2 54
2 87
2 56
2 59
2 60
2 69
2 63
3 70
3 6
3 40
3 42
3 76
3 45
3 14
3 61
3 82
3 60
3 29
3 63
4 35
4 4
4 6
4 71
4 72
4 11
4 15
4 48
4 49
4 18
4 86
4 31
5 32
5 72
5 73
5 47
5 40
5 84
5 41
5 54
5 23
5 24
5 59
5 61
6 28
6 76
6 77
6 54
6 87
7 0
7 65
7 68
7 70
7 39
7 75
7 45
7 13
7 51
7 20
7 54
7 87
7 56
7 25
7 60
7 62
8 64
8 66
8 4
8 38
8 8
8 42
8 76
8 50
8 77
8 47
8 16
8 72
8 18
8 54
8 55
8 36
9 36
9 6
9 74
9 11
9 13
9 45
9 49
9 84
9 28
9 61
9 31
10 3
10 6
10 77
10 72
10 73
10 76
10 45
10 46
10 15
10 16
10 84
10 86
10 87
10 27
10 61
10 63
11 64
11 65
11 34
11 39
11 72
11 42
11 13
11 46
11 15
11 85
11 56
11 61
12 72
12 63
12 85
12 54
12 23
13 66
13 3
13 70
13 73
13 76
13 77
13 44
13 34
13 35
13 85
13 30
14 34
14 22
14 38
14 87
14 13
14 16
14 49
14 82
14 51
14 85
14 86
14 23
14 54
14 61
15 3
16 33
16 75
16 47
16 85
16 23
16 79
16 63
17 25
17 13
18 5
18 40
18 43
18 46
18 18
18 51
18 26
18 63
19 40
20 0
21 3
21 69
21 70
21 39
21 44
21 74
21 75
21 76
21 77
21 18
21 54
21 38
21 61
22 33
22 35
22 68
22 69
22 6
22 65
22 41
22 74
22 44
22 78
22 79
22 67
22 73
22 23
22 28
22 30
23 34
23 6
23 9
23 23
23 76
23 46
23 80
23 62
23 54
23 87
23 57
23 30
23 31
24 41
24 53
25 32
25 35
25 36
25 9
25 53
25 87
25 59
26 0
26 65
26 68
26 38
26 39
26 9
26 78
26 80
26 18
26 83
26 46
26 54
26 26
26 63
27 64
27 0
27 2
27 33
27 9
27 46
27 25
28 0
28 65
28 38
28 75
28 76
28 47
28 18
28 87
29 0
29 70
29 6
29 74
29 23
29 77
29 45
29 86
29 87
30 72
30 65
30 20
30 49
31 0
31 39
31 41
31 75
31 76
31 13
31 45
31 51
32 64
32 1
32 2
32 35
32 73
32 42
32 11
32 76
32 13
32 43
32 18
32 9
32 57
32 63
33 64
33 70
33 39
33 72
33 74
33 45
33 18
33 28
33 29
34 2
34 69
34 6
34 72
34 41
34 75
34 47
34 17
34 18
34 54
34 87
34 30
35 0
35 65
35 35
35 1
35 72
35 73
35 76
35 52
35 54
35 57
35 27
35 30
35 31
36 0
36 68
36 38
36 9
36 74
36 77
36 85
36 23
36 25
36 59
36 61
37 2
37 67
37 10
37 77
37 46
37 47
37 16
37 34
37 23
37 63
38 5
38 39
38 72
38 9
38 43
38 76
38 16
38 84
38 21
38 52
38 60
39 65
39 34
39 3
39 69
39 39
39 13
39 45
39 48
39 60
39 62
39 63
40 64
40 34
40 72
40 9
40 77
40 78
40 16
40 84
40 24
40 27
40 60
40 61
40 62
41 37
41 39
41 41
41 43
41 13
41 83
41 85
41 55
41 56
42 64
42 65
42 35
42 70
42 72
42 41
42 43
42 77
42 18
42 85
42 58
42 61
42 63
43 68
43 73
43 42
43 79
43 51
43 24
44 0
44 32
44 35
44 36
44 6
44 39
44 9
44 74
44 75
44 76
44 50
44 61
44 18
44 65
44 29
44 63
45 34
45 4
45 72
45 45
45 80
45 40
45 84
45 22
45 56
45 61
45 63
46 38
46 7
46 9
46 74
46 75
46 44
46 73
46 41
46 54
46 23
46 24
46 58
46 61
47 65
47 4
47 39
47 41
47 55
47 52
47 73
47 56
47 29
48 0
48 32
48 67
48 68
48 51
48 39
48 77
48 35
48 56
48 60
49 64
49 65
49 66
49 69
49 70
49 42
49 75
49 50
49 83
49 54
49 24
49 61
49 63
50 65
50 5
50 72
50 41
50 76
50 48
50 60
50 69
51 32
51 34
51 37
51 70
51 72
51 9
51 11
51 60
51 47
51 81
51 18
51 24
51 28
51 61
51 31
52 40
52 86
53 86
53 39
53 44
53 74
53 76
53 15
53 18
53 85
53 22
53 5
54 1
54 34
54 35
54 70
54 16
54 87
54 24
54 63
55 34
55 3
55 39
55 9
55 44
55 13
55 82
55 24
56 64
56 6
56 39
56 75
56 13
56 85
56 87
56 23
56 60
56 63
57 1
57 34
57 5
57 38
57 73
57 10
57 24
58 0
58 32
58 70
58 65
58 33
58 8
58 64
58 11
58 76
58 13
58 78
58 77
58 56
58 84
58 54
58 23
58 24
58 87
58 27
58 61
59 51
59 3
60 64
60 41
60 11
60 76
60 22
60 58
60 63
61 34
61 35
61 77
61 46
61 45
61 24
61 60
62 0
62 1
62 31
62 56
62 40
63 64
63 65
63 34
63 35
63 6
63 39
63 72
63 41
63 74
63 75
63 76
63 45
63 48
63 18
63 85
63 87
63 56
63 25
63 27
63 61
64 0
64 3
64 52
65 0
65 64
65 34
65 3
65 36
65 70
65 39
65 9
65 71
65 76
65 45
65 67
65 53
65 87
65 63
66 1
66 70
66 7
66 73
66 74
66 39
66 50
66 9
66 85
66 54
66 41
66 63
66 65
67 64
67 0
67 71
67 11
67 44
67 85
67 60
68 64
68 65
68 34
68 4
68 6
68 72
68 41
68 74
68 80
68 51
68 55
68 24
68 58
68 27
68 61
68 31
69 35
69 6
69 39
69 9
69 43
69 44
69 15
69 16
69 50
69 23
69 25
70 0
70 2
70 6
70 9
70 44
70 13
70 81
70 18
70 41
70 86
70 23
70 25
70 63
71 65
71 35
71 37
71 70
71 71
71 13
71 79
71 62
71 57
71 38
71 61
71 30
72 64
72 66
72 35
72 70
72 74
72 75
72 44
72 45
72 86
72 23
72 55
73 65
73 67
73 71
73 10
73 84
73 56
73 60
73 29
74 65
74 35
74 42
74 77
74 45
74 18
74 85
74 55
74 24
75 35
75 37
75 6
75 41
75 11
75 76
75 13
75 14
75 77
75 80
75 53
75 23
75 24
75 87
75 60
75 78
75 85
76 65
76 4
76 6
76 33
76 72
76 41
76 10
76 75
76 47
76 40
76 83
76 56
76 28
77 0
77 64
77 32
77 41
77 39
77 18
77 23
77 63
77 30
77 31
78 74
78 36
78 54
79 57
79 77
79 39
80 34
80 35
80 70
80 41
80 75
80 77
80 85
80 62
80 26
80 61
80 30
81 72
81 10
81 75
81 14
81 49
81 19
81 23
81 58
81 42
82 32
82 34
82 71
82 73
82 13
82 45
82 50
82 54
82 26
83 29
83 13
83 85
83 39
84 64
84 39
84 74
84 11
84 80
84 87
85 32
85 42
85 75
85 85
85 55
86 33
86 67
86 69
86 72
86 9
86 74
86 44
86 45
86 81
86 18
86 54
86 41
86 10
87 65
87 75
87 36
87 37
87 6
87 7
87 41
87 74
87 11
87 79
87 49
87 73
87 23
87 24
87 39
87 87
87 70
87 61
87 55
87 69
