88
0 42
0 80
0 35
0 5
0 7
0 8
0 73
0 10
0 43
0 12
0 13
0 47
0 76
0 17
0 19
0 52
0 24
0 29
0 69
0 31
1 43
1 5
1 6
1 8
1 73
1 11
1 76
1 14
1 47
1 17
1 51
1 46
1 26
1 78
1 62
1 63
2 66
2 6
2 77
2 46
2 13
2 17
2 51
2 62
3 66
3 3
3 69
3 38
3 7
3 40
3 10
3 46
3 17
3 28
4 9
4 4
4 5
4 14
4 28
5 2
5 8
5 10
5 45
5 80
5 18
5 56
5 29
5 31
6 64
6 2
6 4
6 71
6 41
6 12
6 78
6 19
6 87
7 1
7 5
7 6
7 81
7 80
7 44
7 12
7 46
7 47
7 48
7 17
7 51
7 20
7 78
7 54
7 87
7 56
7 26
7 70
7 58
7 62
8 4
8 37
8 71
8 12
8 80
8 87
8 24
8 28
9 2
9 43
9 68
9 37
9 71
9 9
9 10
9 11
9 12
9 77
9 76
9 17
9 73
9 56
9 24
9 26
9 62
10 83
10 36
10 5
10 81
10 71
10 8
10 73
10 42
10 11
10 78
10 80
10 17
10 51
10 56
10 85
10 55
10 24
10 87
10 59
10 37
10 31
11 32
11 35
11 38
11 17
11 10
11 76
11 13
11 78
11 81
11 20
11 86
11 31
12 64
12 66
12 5
12 8
12 41
12 42
12 83
12 13
12 17
12 51
12 84
12 73
12 56
12 72
12 26
12 27
12 28
12 30
12 31
13 1
13 35
13 6
13 39
13 77
13 14
13 80
13 19
13 26
14 4
14 38
14 70
14 10
14 76
14 77
14 50
14 19
14 42
14 62
16 0
16 2
16 37
16 70
16 8
16 41
16 34
16 23
16 25
16 26
17 0
17 43
17 78
17 81
17 51
17 24
17 26
17 28
17 31
18 44
18 13
18 6
19 1
19 34
19 3
19 37
19 70
19 42
19 55
19 12
19 77
19 80
19 50
19 35
19 23
19 28
19 62
19 63
20 68
20 38
20 39
20 11
20 77
20 20
20 24
21 0
21 5
21 71
21 73
21 43
21 19
21 20
21 41
21 87
22 0
22 66
22 52
22 37
22 7
23 32
23 2
23 35
23 5
23 6
23 73
23 42
23 12
23 45
23 14
23 77
23 51
23 78
23 86
23 69
23 57
23 26
23 62
23 63
24 80
24 41
24 29
24 37
24 77
25 80
25 42
25 43
25 77
25 61
26 73
26 53
26 38
26 31
27 73
27 86
27 31
29 34
29 68
29 49
29 17
29 71
29 14
29 81
29 20
29 27
30 2
30 69
30 38
30 72
30 77
30 87
30 28
30 29
31 4
31 38
31 72
31 10
31 81
31 56
31 86
31 87
31 24
32 34
32 9
32 74
32 44
32 78
32 16
32 28
33 41
33 12
33 78
33 14
33 87
34 2
34 8
34 42
34 11
34 13
34 46
34 47
34 26
35 49
35 7
35 8
35 41
35 11
35 76
35 13
35 14
35 47
35 17
35 51
35 20
35 73
35 72
35 57
35 26
35 62
36 2
36 7
36 73
36 42
36 45
36 47
36 10
37 32
37 35
37 68
37 5
37 70
37 81
37 72
37 9
37 42
37 11
37 12
37 43
37 67
37 20
37 62
37 86
37 41
37 25
37 55
38 32
38 66
38 4
38 37
38 71
38 42
38 43
38 45
38 46
38 77
38 49
38 50
38 51
38 52
38 85
38 23
38 68
38 26
38 28
38 31
39 66
39 71
39 11
39 12
39 77
39 14
39 78
39 39
40 35
40 69
40 6
40 41
40 13
40 49
40 50
41 1
41 38
41 7
41 72
41 9
41 13
41 17
41 31
42 32
42 2
42 68
42 37
42 8
42 9
42 45
42 78
42 17
42 50
42 86
42 87
42 57
42 31
43 32
43 1
43 35
43 36
43 5
43 38
43 7
43 73
43 74
43 39
43 76
43 14
43 49
43 17
43 53
43 24
43 68
43 26
43 85
43 81
44 1
44 2
44 68
44 37
44 6
44 7
44 8
44 45
44 78
44 80
44 72
44 50
44 86
44 55
44 29
44 63
45 37
45 7
45 41
45 10
45 43
45 13
45 49
45 52
45 56
46 35
46 68
46 5
46 81
46 49
46 8
46 11
46 14
46 17
46 37
46 51
46 20
46 46
46 60
46 29
46 69
46 31
47 43
47 14
47 38
47 53
48 4
48 8
48 46
48 22
48 55
48 24
48 27
49 64
49 1
49 35
49 71
49 8
49 10
49 78
49 47
49 80
49 18
49 83
49 52
49 23
49 42
50 2
50 86
50 6
50 49
50 73
50 81
50 77
50 14
50 47
50 80
50 17
50 51
50 78
50 22
50 85
50 24
50 83
50 87
50 28
50 62
50 31
51 84
51 1
51 68
51 69
51 43
51 76
51 77
51 82
51 51
51 20
51 24
51 57
51 26
51 28
51 30
51 31
52 50
52 51
52 23
53 2
53 67
53 38
53 8
53 42
53 14
53 80
53 51
53 53
53 24
53 27
53 29
54 68
54 38
54 9
54 12
54 19
54 20
54 26
54 62
55 64
55 32
55 36
55 40
55 44
55 12
55 20
55 53
55 24
55 26
55 28
56 56
56 12
56 78
57 2
57 10
57 43
57 34
57 45
57 20
57 56
58 2
58 43
58 68
58 86
58 39
58 9
58 11
58 12
58 13
58 14
58 44
58 48
58 17
58 51
58 20
58 77
58 71
58 26
58 28
58 60
58 31
59 35
59 5
59 72
59 12
59 40
59 51
59 85
60 34
60 35
60 4
60 37
60 78
60 47
61 2
62 31
63 8
63 73
63 42
63 51
63 87
63 57
64 1
64 34
64 35
64 66
64 37
64 6
64 71
64 8
64 42
64 70
64 12
64 13
64 49
64 56
64 24
64 68
64 87
64 28
64 74
64 30
64 31
65 64
65 49
65 42
65 14
66 2
66 12
66 45
66 62
67 65
67 5
67 71
67 11
67 13
67 20
67 28
68 68
68 40
68 11
68 86
68 24
68 28
68 63
69 50
69 34
69 35
69 76
69 37
70 41
70 2
70 11
70 73
71 32
71 71
71 12
71 74
71 62
71 76
71 78
71 81
71 14
71 30
71 31
72 1
72 2
72 35
72 5
72 74
72 77
72 14
72 45
72 20
72 46
72 24
72 26
72 47
72 42
73 0
73 32
73 35
73 68
73 37
73 38
73 72
73 9
73 11
73 12
73 13
73 78
73 45
73 19
73 53
73 41
73 47
73 28
73 51
74 5
74 73
74 77
74 20
74 86
74 55
74 29
75 68
75 69
75 7
75 77
75 20
75 57
76 0
76 64
76 2
76 34
76 68
76 6
76 7
76 72
76 41
76 11
76 13
76 14
76 87
76 17
76 50
76 54
76 55
76 26
76 28
76 63
77 0
77 1
77 35
77 68
77 5
77 32
77 64
77 73
77 42
77 14
77 80
77 24
77 57
77 74
77 30
77 37
78 34
78 3
78 73
78 46
78 80
78 28
79 37
79 71
79 42
79 13
79 77
79 62
80 24
80 66
80 26
81 16
81 68
81 5
81 6
81 75
81 78
81 80
81 49
81 50
81 87
81 57
82 80
82 7
82 74
82 14
82 16
82 10
82 78
82 29
83 64
83 2
83 34
83 68
83 37
83 7
83 40
83 76
83 13
83 77
83 72
83 82
83 51
83 20
83 69
83 24
83 52
83 26
83 59
83 30
83 63
84 35
84 5
84 39
84 49
84 51
84 86
84 56
85 32
85 1
85 66
85 68
85 41
85 80
85 83
85 31
86 68
86 5
86 11
86 44
86 13
86 14
86 20
86 23
86 24
86 58
86 29
87 35
87 8
87 43
87 13
87 78
87 80
87 17
87 14
87 31
