88
1 0
1 3
1 63
1 41
1 42
1 43
1 82
1 14
1 15
1 75
1 57
1 55
1 24
1 25
1 58
1 47
1 31
2 0
2 1
2 75
2 63
2 41
2 42
2 43
2 14
2 15
2 16
2 82
2 19
2 57
2 23
2 25
2 58
2 47
2 55
2 31
4 0
4 16
4 57
5 0
5 1
5 3
5 43
5 12
5 82
5 14
5 15
5 16
5 75
5 57
5 23
5 55
5 58
5 63
5 31
6 0
6 1
6 63
6 47
6 42
6 43
6 12
6 14
6 15
6 16
6 82
6 19
6 55
6 24
6 25
6 58
6 27
6 31
9 0
9 1
9 3
9 41
9 42
9 43
9 12
9 82
9 14
9 16
9 75
9 23
9 25
9 58
9 63
10 0
10 1
10 3
10 63
10 41
10 43
10 12
10 82
10 47
10 15
10 75
10 19
10 57
10 23
10 25
10 58
10 27
10 31
13 0
13 1
13 75
13 41
13 42
13 55
13 12
13 14
13 16
13 82
13 19
13 57
13 23
13 25
13 58
13 63
13 31
14 0
14 1
14 3
14 42
14 43
14 12
14 82
14 14
14 15
14 16
14 75
14 19
14 55
14 24
14 57
14 58
14 47
14 31
16 0
16 1
16 3
16 41
16 42
16 14
16 15
16 16
16 19
16 23
16 24
16 57
16 58
16 47
16 63
17 0
17 1
17 3
17 42
17 43
17 12
17 82
17 15
17 75
17 19
17 57
17 23
17 24
17 25
17 58
17 47
17 55
17 63
18 0
18 1
18 3
18 42
18 43
18 12
18 82
18 14
18 47
18 75
18 19
18 57
18 55
18 24
18 25
18 58
18 63
20 16
20 57
20 75
21 0
21 1
21 41
21 43
21 47
21 16
21 82
21 57
21 23
21 25
21 27
21 55
21 31
22 0
22 1
22 63
22 42
22 43
22 12
22 14
22 47
22 16
22 82
22 57
22 23
22 55
22 58
22 27
22 31
25 1
25 41
25 42
25 75
25 14
25 15
25 82
25 57
25 23
25 55
25 58
25 63
25 31
26 0
26 1
26 63
26 47
26 55
26 12
26 14
26 15
26 16
26 82
26 19
26 23
26 57
26 58
26 27
26 31
28 0
28 42
28 43
28 12
28 82
28 57
28 55
28 25
28 58
28 63
30 1
30 41
30 42
30 75
30 12
30 47
30 16
30 82
30 55
30 24
30 57
30 58
30 63
30 31
31 0
31 1
31 63
31 41
31 42
31 11
31 12
31 14
31 15
31 16
31 82
31 19
31 57
31 23
31 55
31 58
31 47
31 31
32 0
32 1
32 14
32 82
32 24
32 31
32 63
33 0
33 75
33 47
33 55
33 58
33 63
33 31
34 57
34 42
34 75
35 0
35 1
35 3
35 42
35 43
35 12
35 14
35 47
35 82
35 19
35 57
35 55
35 25
35 58
35 63
36 0
36 1
36 42
36 43
36 12
36 14
36 47
36 82
36 19
36 57
36 23
36 25
36 58
36 31
37 0
37 3
37 63
37 75
37 12
37 14
37 15
37 16
37 82
37 19
37 55
37 58
37 47
37 31
38 0
38 14
38 16
38 82
38 55
38 57
38 31
40 1
40 3
40 42
40 43
40 82
40 14
40 15
40 16
40 75
40 19
40 24
40 57
40 58
40 47
40 31
44 0
44 1
44 3
44 41
44 42
44 11
44 12
44 82
44 14
44 47
44 16
44 43
44 75
44 19
44 55
44 57
44 63
44 31
45 0
45 1
45 75
45 63
45 42
45 43
45 14
45 15
45 82
45 57
45 23
45 25
45 58
45 47
45 31
46 58
46 43
46 63
47 0
47 1
47 3
47 41
47 42
47 43
47 12
47 15
47 16
47 82
47 19
47 57
47 23
47 25
47 58
47 63
47 55
47 31
48 0
48 1
48 42
48 75
48 12
48 14
48 47
48 16
48 82
48 19
48 57
48 55
48 25
48 58
48 31
49 1
49 3
49 41
49 42
49 43
49 12
49 14
49 15
49 16
49 75
49 57
49 23
49 55
49 58
49 47
49 63
50 0
50 1
50 3
50 41
50 42
50 75
50 12
50 14
50 47
50 16
50 82
50 55
50 58
50 63
51 0
51 1
51 75
51 43
51 12
51 14
51 47
51 16
51 82
51 57
51 23
51 24
51 55
51 58
51 27
51 63
52 0
52 41
52 42
52 43
52 12
52 14
52 47
52 16
52 82
52 19
52 57
52 55
52 25
52 58
52 63
53 0
53 63
53 43
53 12
53 14
53 16
53 82
53 55
53 57
53 27
53 31
54 0
54 75
54 47
54 42
54 55
54 12
54 15
54 16
54 19
54 57
54 23
54 25
54 58
54 27
54 31
56 3
56 42
56 43
56 12
56 14
56 47
56 19
56 55
56 57
56 58
59 0
59 43
59 41
59 42
59 11
59 82
59 14
59 16
59 75
59 57
59 23
59 25
59 58
59 63
59 55
59 31
60 0
60 1
60 75
60 63
60 41
60 43
60 12
60 14
60 15
60 16
60 82
60 57
60 23
60 24
60 25
60 58
60 47
60 55
60 31
61 0
61 1
61 3
61 42
61 11
61 82
61 14
61 47
61 16
61 43
61 75
61 19
61 55
61 24
61 25
61 58
61 63
61 31
62 0
62 1
62 3
62 41
62 42
62 43
62 12
62 82
62 14
62 15
62 75
62 19
62 57
62 23
62 24
62 55
62 58
62 63
62 31
63 0
63 1
63 3
63 41
63 75
63 12
63 47
63 16
63 82
63 23
63 57
63 58
63 63
63 31
64 0
64 58
64 75
64 63
65 0
65 1
65 43
65 11
65 12
65 82
65 15
65 75
65 57
65 23
65 24
65 25
65 58
65 55
65 31
66 0
66 42
66 14
67 1
67 31
67 14
67 57
68 1
68 75
68 47
68 16
68 82
68 58
68 63
68 31
69 0
69 1
69 3
69 42
69 43
69 12
69 82
69 14
69 15
69 16
69 75
69 19
69 57
69 23
69 25
69 58
69 47
69 31
70 0
70 1
70 3
70 63
70 42
70 11
70 12
70 82
70 14
70 15
70 16
70 75
70 57
70 55
70 25
70 58
70 47
70 31
71 83
71 3
71 63
71 41
71 42
71 43
71 12
71 82
71 14
71 15
71 16
71 75
71 19
71 57
71 24
71 25
71 58
71 47
71 31
72 0
72 43
72 42
72 75
72 12
72 14
72 15
72 16
72 55
72 24
72 57
72 47
72 31
73 0
73 1
73 43
73 14
73 15
73 55
73 25
73 58
73 47
73 31
74 0
74 1
74 43
74 75
74 14
74 47
74 58
75 1
75 63
75 42
75 75
75 14
75 15
75 16
75 82
75 19
75 23
75 25
75 58
75 47
75 31
76 0
76 1
76 75
76 42
76 43
76 12
76 14
76 47
76 16
76 23
76 24
76 25
76 58
76 63
76 55
76 31
77 0
77 75
77 41
77 42
77 55
77 12
77 14
77 47
77 16
77 82
77 57
77 23
77 25
77 58
77 63
77 31
78 16
78 31
78 75
78 47
79 0
79 1
79 75
79 63
79 43
79 12
79 14
79 15
79 16
79 82
79 19
79 23
79 24
79 57
79 58
79 47
79 31
80 0
80 1
80 43
80 3
80 42
80 75
80 14
80 47
80 16
80 82
80 19
80 24
80 57
80 31
80 63
82 0
82 1
82 63
82 41
82 42
82 75
82 12
82 14
82 15
82 16
82 82
82 19
82 55
82 24
82 57
82 58
82 47
82 31
84 75
84 42
84 43
84 12
84 15
84 16
84 23
84 57
84 58
84 31
86 0
86 1
86 75
86 42
86 43
86 16
86 82
86 23
86 63
87 0
87 1
87 3
87 75
87 12
87 14
87 16
87 43
87 82
87 57
87 23
87 55
87 63
87 31
