88
0 80
0 33
0 31
0 61
0 57
1 1
1 34
1 67
1 37
1 6
1 33
1 8
1 74
1 86
1 76
1 66
1 46
1 82
1 20
1 78
1 22
1 84
1 59
1 28
1 69
2 65
2 36
2 5
2 70
2 40
2 41
2 42
2 78
2 47
2 84
2 86
2 23
2 27
2 74
2 31
3 35
3 36
3 5
3 71
3 75
3 3
3 53
4 32
4 2
4 59
4 70
4 47
4 10
4 75
4 77
4 78
4 13
4 21
4 26
4 27
4 53
5 64
5 37
5 8
5 74
5 12
5 50
5 27
5 31
8 64
8 1
8 37
8 40
8 73
8 12
8 48
8 56
8 59
8 60
8 30
10 32
10 34
10 37
10 70
10 60
10 43
10 76
10 86
10 78
10 80
10 84
10 22
10 23
10 24
10 28
10 69
12 1
12 5
12 41
12 13
12 82
12 53
12 22
12 60
12 69
13 65
13 34
13 36
13 73
13 76
13 52
13 23
13 56
16 32
16 64
16 30
16 1
18 36
18 62
18 68
18 46
18 78
19 41
19 67
19 52
19 69
20 32
20 66
20 68
20 40
20 87
20 34
20 79
20 23
21 1
21 2
21 35
21 36
21 5
21 6
21 71
21 73
21 70
21 66
21 78
21 80
21 19
21 58
21 60
21 37
21 31
22 33
22 2
22 73
22 55
22 76
22 13
22 80
22 41
22 86
22 23
23 33
23 35
23 36
23 37
23 40
23 41
23 87
23 13
23 78
23 77
23 72
23 51
23 84
23 55
23 68
23 59
23 28
23 31
24 68
24 47
25 33
25 67
25 4
25 69
25 40
25 76
25 77
25 79
25 80
25 51
25 20
25 21
25 87
25 24
25 84
25 27
26 1
26 69
26 74
26 46
26 47
26 48
26 53
26 23
26 61
27 34
27 37
27 70
27 8
27 75
27 12
27 13
27 78
27 49
27 82
27 20
27 53
27 86
27 23
27 59
27 69
28 64
28 33
28 43
28 36
28 70
28 6
28 75
28 12
28 78
28 80
28 84
28 57
28 60
28 31
29 32
29 36
29 74
29 55
29 59
29 30
30 66
30 51
30 34
30 54
31 26
32 1
32 3
32 5
32 70
32 43
32 76
32 77
32 79
32 56
32 57
32 63
32 60
32 61
32 30
32 37
33 1
33 74
33 75
33 46
33 79
33 82
33 22
33 59
34 48
34 2
34 42
34 45
34 80
34 61
35 64
35 33
35 70
35 40
35 45
35 50
35 20
35 21
35 27
35 60
35 61
35 30
35 63
36 2
36 3
36 68
36 12
36 34
36 46
36 45
36 48
36 55
36 61
36 31
37 67
37 12
37 13
37 87
38 66
38 67
38 4
38 37
38 38
38 8
38 76
38 47
38 48
38 20
38 87
38 60
38 5
40 28
40 84
40 70
40 63
41 66
41 67
41 36
41 10
41 55
41 13
41 46
41 77
41 48
41 56
41 75
41 82
41 20
41 53
41 54
41 23
41 24
41 68
41 79
42 66
42 59
42 36
42 37
42 71
42 40
42 63
42 12
42 47
42 20
42 27
42 60
42 30
42 31
43 64
43 57
43 75
44 64
44 2
44 68
44 41
44 74
44 76
44 46
44 48
44 84
44 86
44 27
44 61
45 64
45 32
45 34
45 36
45 8
45 10
45 50
45 46
45 79
45 82
45 21
45 47
45 31
46 87
46 42
46 79
46 22
46 71
47 32
47 33
47 2
47 35
47 36
47 37
47 6
47 8
47 62
47 34
47 45
47 51
47 21
47 22
47 56
47 68
47 27
47 30
48 72
48 56
48 12
48 61
48 30
49 4
49 6
49 71
49 79
49 50
49 20
49 36
49 30
50 51
50 67
50 36
50 70
50 8
50 41
50 76
50 48
50 40
50 19
50 84
50 54
50 87
50 56
50 28
51 0
51 34
51 67
51 36
51 5
51 74
51 66
51 79
51 48
51 81
51 82
51 20
51 62
51 23
51 30
52 2
52 5
52 72
52 75
52 12
52 66
52 77
52 52
52 85
52 86
52 26
52 60
52 61
53 34
53 5
53 77
53 48
53 85
53 86
53 62
54 4
54 71
54 40
54 41
54 10
54 43
54 12
54 77
54 79
54 80
54 83
54 84
54 53
54 73
54 87
54 60
54 42
54 30
55 64
55 1
55 34
55 37
55 70
55 71
55 8
55 63
55 87
55 76
55 45
55 80
55 51
55 84
55 21
55 85
55 27
55 30
55 31
56 13
57 32
57 35
57 40
57 73
57 42
57 43
57 12
57 47
57 50
57 67
57 53
57 86
57 55
57 27
57 61
57 62
58 21
59 68
59 1
59 2
59 35
59 4
59 8
59 41
59 43
59 13
59 77
59 82
59 51
59 66
59 86
59 87
59 56
59 67
59 29
59 31
60 2
60 39
60 79
60 87
60 59
60 31
61 68
61 2
61 36
61 5
61 70
61 71
61 8
61 74
61 75
61 61
61 80
61 49
61 82
61 21
61 56
61 57
61 53
61 31
62 2
62 22
62 51
62 86
62 58
62 27
62 28
63 32
63 34
63 71
63 74
63 12
63 79
63 81
63 50
63 51
63 84
63 21
63 59
63 30
64 32
64 66
64 67
64 4
64 37
64 75
64 46
64 80
64 56
64 82
64 51
64 78
64 24
64 68
64 28
64 30
65 48
65 68
65 69
65 41
65 43
65 12
65 80
66 64
66 32
66 34
66 43
66 76
66 13
66 77
66 80
66 50
66 51
66 25
66 79
66 28
67 33
67 66
67 82
67 37
67 86
67 76
67 77
67 46
67 48
67 50
67 19
67 53
67 22
67 55
67 56
67 59
67 28
67 30
68 72
68 48
68 68
68 22
68 47
69 67
69 71
69 74
69 13
69 82
69 51
69 84
69 28
70 48
70 50
70 28
71 65
71 34
71 3
71 68
71 70
71 38
71 40
71 41
71 74
71 78
71 48
71 18
71 86
71 73
71 56
71 57
71 27
71 28
72 64
72 66
72 74
72 51
72 84
72 28
73 67
73 5
73 73
73 77
73 46
73 47
73 82
73 53
73 22
73 55
73 54
73 61
74 84
74 5
74 71
74 8
74 73
74 74
74 12
74 86
74 47
74 48
74 82
74 20
74 21
74 22
74 52
74 28
74 85
75 64
75 2
75 43
75 36
75 7
75 40
75 75
75 46
75 86
75 56
75 27
75 60
76 2
76 66
76 6
76 8
76 60
76 10
76 43
76 13
76 46
76 40
76 50
76 82
76 52
76 21
76 22
76 87
76 72
76 63
76 28
76 53
77 53
78 33
78 34
78 4
78 5
78 70
78 8
78 43
78 77
78 40
78 19
78 53
78 61
78 37
79 32
79 64
79 75
79 69
79 70
79 71
79 41
79 74
79 43
79 12
79 13
79 49
79 83
79 73
79 55
80 64
80 1
80 73
80 41
80 75
80 21
80 23
80 55
80 58
81 66
81 3
81 69
81 6
81 71
81 8
81 44
81 75
81 12
81 13
81 76
81 40
81 50
81 52
81 55
81 59
81 61
82 64
82 2
82 35
82 36
82 5
82 70
82 73
82 55
82 12
82 82
82 48
82 50
82 21
82 86
82 23
82 56
82 68
82 75
82 53
83 32
83 66
83 6
83 73
83 43
83 78
83 47
83 80
83 50
83 51
83 54
83 87
83 63
84 0
84 66
84 69
84 70
84 71
84 77
84 13
84 50
84 19
84 20
84 86
84 87
84 59
85 76
85 78
85 47
85 87
85 56
85 59
86 32
86 64
86 6
86 8
86 43
86 78
86 47
86 49
86 50
86 51
86 20
86 21
86 54
86 55
86 56
86 72
86 60
86 61
87 33
87 66
87 35
87 68
87 37
87 71
87 41
87 74
87 43
87 76
87 13
87 82
87 19
87 87
87 5
