88
0 1
0 22
0 30
0 33
0 34
0 39
0 40
0 41
0 45
0 49
0 53
0 56
0 60
0 62
0 64
0 66
0 68
0 70
0 74
0 83
0 84
0 87
1 0
1 1
1 35
1 68
1 69
1 71
1 64
1 41
1 74
1 62
1 45
1 15
1 49
1 21
1 22
1 87
1 59
1 30
1 85
2 32
2 1
2 2
2 68
2 70
2 71
2 40
2 73
2 74
2 12
2 45
2 47
2 49
2 50
2 61
2 30
2 31
5 0
5 1
5 3
5 10
5 12
5 13
5 22
5 28
5 30
5 35
5 45
5 46
5 49
5 50
5 59
5 60
5 61
5 64
5 65
5 70
5 72
5 78
8 64
8 1
8 34
8 3
8 36
8 41
8 10
8 45
8 77
8 47
8 83
8 84
8 62
8 22
8 87
8 59
8 60
8 74
8 30
8 63
9 65
9 70
9 33
9 40
9 10
9 39
9 84
9 53
9 87
9 59
9 61
9 30
16 10
16 12
16 13
16 15
16 22
16 28
16 30
16 31
16 34
16 36
16 40
16 46
16 47
16 60
16 62
16 63
16 66
16 74
16 78
16 83
16 85
16 87
19 3
19 70
19 73
19 10
19 12
19 13
19 46
19 15
19 49
19 83
19 84
19 22
19 56
19 60
21 0
21 1
21 2
21 35
21 36
21 32
21 40
21 73
21 10
21 39
21 12
21 76
21 49
21 26
23 0
23 1
23 2
23 13
23 22
23 26
23 27
23 28
23 30
23 31
23 32
23 34
23 39
23 46
23 50
23 56
23 61
23 62
23 63
23 70
23 74
23 78
23 83
23 84
24 0
24 70
24 71
24 41
24 10
24 45
24 78
24 60
24 16
24 83
24 74
24 53
24 56
24 27
24 28
24 42
24 30
24 63
25 1
25 13
25 15
25 22
25 30
25 34
25 40
25 41
25 42
25 46
25 47
25 56
25 61
25 62
25 63
25 66
25 72
25 73
25 74
25 77
25 84
25 85
25 87
27 0
27 1
27 12
27 15
27 28
27 36
27 45
27 47
27 49
27 52
27 60
27 63
27 66
27 68
27 70
27 72
27 73
27 74
27 76
27 83
27 84
27 87
29 60
29 50
29 12
29 47
31 0
31 32
31 34
31 35
31 66
31 6
31 71
31 73
31 10
31 87
31 76
31 13
31 46
31 45
31 49
31 50
31 53
31 85
31 28
31 62
31 31
32 0
32 1
32 13
32 26
32 30
32 31
32 32
32 34
32 36
32 40
32 41
32 49
32 52
32 53
32 60
32 61
32 62
32 63
32 66
32 71
32 76
32 83
32 84
33 0
33 1
33 3
33 70
33 41
33 10
33 76
33 61
33 78
33 60
33 49
33 50
33 74
33 22
33 87
33 84
33 28
33 42
33 30
35 0
35 66
35 36
35 70
35 40
35 41
35 10
35 12
35 13
35 46
35 47
35 72
35 83
35 84
35 53
35 87
35 25
35 60
35 74
35 62
35 31
37 1
37 2
37 12
37 26
37 28
37 32
37 34
37 38
37 40
37 42
37 43
37 46
37 49
37 50
37 52
37 56
37 57
37 62
37 66
37 72
37 76
37 84
39 1
39 12
39 13
39 20
39 22
39 26
39 28
39 31
39 34
39 41
39 42
39 47
39 49
39 50
39 53
39 56
39 62
39 65
39 67
39 70
39 71
39 74
39 75
39 76
40 64
40 68
40 39
40 74
40 13
40 46
40 45
40 50
40 83
40 25
40 26
40 10
40 42
41 0
41 1
41 35
41 32
41 40
41 64
41 10
41 71
41 12
41 13
41 78
41 77
41 49
41 83
41 84
41 87
41 56
41 72
41 27
41 42
41 62
43 66
43 3
43 40
43 2
43 13
43 49
43 83
43 87
43 26
43 31
47 1
47 3
47 30
47 31
47 35
47 36
47 38
47 42
47 46
47 49
47 52
47 53
47 54
47 55
47 56
47 62
47 63
47 71
47 72
47 73
47 74
47 84
47 85
49 1
49 2
49 72
49 10
49 78
49 82
49 83
49 52
49 46
49 25
49 63
49 42
49 31
50 0
50 64
50 66
50 3
50 39
50 60
50 42
50 13
50 35
50 84
50 62
50 87
50 26
50 27
50 28
50 61
50 30
52 2
52 66
52 39
52 40
52 41
52 12
52 34
52 46
52 47
52 49
52 50
52 83
52 84
52 77
52 63
53 0
53 1
53 68
53 70
53 40
53 73
53 10
53 12
53 45
53 84
53 87
53 27
53 60
53 42
53 62
53 31
54 32
54 34
54 46
54 50
54 20
54 60
55 0
55 2
55 6
55 10
55 13
55 22
55 26
55 28
55 30
55 34
55 40
55 46
55 50
55 59
55 60
55 63
55 64
55 66
55 70
55 76
55 78
55 84
55 87
56 1
56 3
56 10
56 12
56 22
56 26
56 27
56 28
56 30
56 32
56 34
56 45
56 50
56 56
56 60
56 61
56 63
56 66
56 72
56 74
56 77
56 78
56 83
58 64
58 13
58 49
58 53
58 86
58 56
58 30
59 64
59 40
59 41
59 43
59 12
59 13
59 78
59 50
59 25
59 27
59 60
59 30
60 0
60 32
60 66
60 3
60 68
60 64
60 41
60 10
60 13
60 15
60 83
60 84
60 85
60 87
60 56
60 26
60 47
60 60
60 74
60 63
62 66
62 34
62 68
62 70
62 12
62 77
62 78
62 45
62 49
62 52
62 22
62 63
63 0
63 1
63 3
63 65
63 72
63 73
63 10
63 71
63 12
63 76
63 35
63 74
63 22
63 87
63 56
63 27
63 42
63 30
63 63
64 34
64 3
64 66
64 85
64 70
64 71
64 40
64 41
64 87
64 13
64 77
64 47
64 35
64 52
64 78
64 22
64 73
64 25
64 28
64 62
64 63
65 0
65 32
65 3
65 69
65 70
65 72
65 10
65 76
65 45
65 84
65 21
65 54
65 27
66 0
66 1
66 3
66 12
66 13
66 22
66 34
66 35
66 40
66 41
66 42
66 45
66 48
66 49
66 52
66 53
66 60
66 62
66 63
66 64
66 70
66 74
66 79
66 83
66 84
70 0
70 1
70 2
70 10
70 13
70 30
70 31
70 32
70 41
70 50
70 53
70 56
70 62
70 64
70 66
70 70
70 71
70 73
70 74
70 76
70 78
70 82
70 87
71 34
71 66
71 70
71 72
71 41
71 74
71 87
71 12
71 13
71 45
71 53
71 85
71 56
71 68
71 28
71 60
71 62
71 31
72 2
72 10
72 12
72 22
72 25
72 26
72 27
72 28
72 32
72 34
72 39
72 42
72 45
72 46
72 49
72 60
72 72
72 76
72 77
72 82
72 83
72 86
73 0
73 1
73 10
73 22
73 27
73 28
73 30
73 31
73 34
73 41
73 42
73 45
73 49
73 54
73 62
73 63
73 66
73 74
73 77
73 78
73 83
73 87
74 1
74 3
74 13
74 15
74 22
74 35
74 39
74 47
74 49
74 50
74 62
74 63
74 64
74 70
74 71
74 72
74 73
74 74
74 81
74 83
74 84
74 86
78 0
78 1
78 3
78 22
78 26
78 27
78 28
78 34
78 35
78 40
78 41
78 42
78 56
78 63
78 64
78 65
78 68
78 70
78 72
78 76
78 84
78 85
83 0
83 34
83 3
83 66
83 70
83 41
83 42
83 12
83 13
83 76
83 50
83 35
83 74
83 73
83 56
83 25
83 61
83 62
83 63
84 34
84 36
84 69
84 70
84 71
84 72
84 73
84 42
84 87
84 13
84 49
84 50
84 66
84 53
84 85
84 30
84 31
86 0
86 10
86 12
86 15
86 24
86 25
86 26
86 27
86 31
86 40
86 42
86 45
86 50
86 56
86 61
86 62
86 64
86 66
86 67
86 71
86 72
86 77
86 83
