88
0 65
0 34
0 37
0 72
0 9
0 75
0 77
0 51
0 22
0 23
0 24
0 25
0 61
0 30
1 65
1 34
1 43
1 38
1 11
1 76
1 56
1 52
1 86
1 24
1 25
1 60
1 29
1 30
2 34
2 35
2 36
2 37
2 6
2 72
2 60
2 87
2 13
2 46
2 48
2 50
2 52
2 23
2 24
2 68
2 38
2 28
2 61
2 30
2 31
4 4
4 6
4 13
4 22
4 23
4 29
4 31
4 35
4 36
4 39
4 42
4 51
4 56
4 60
4 61
4 63
4 68
4 75
4 76
4 77
4 86
4 87
5 31
6 0
6 33
6 2
6 35
6 36
6 37
6 38
6 39
6 73
6 34
6 46
6 79
6 51
6 22
6 56
6 68
6 54
6 28
6 30
6 65
11 64
11 33
11 34
11 37
11 6
11 81
11 9
11 73
11 56
11 54
11 23
11 24
11 57
11 58
11 61
12 6
12 22
12 23
12 24
12 31
12 32
12 41
12 42
12 43
12 47
12 48
12 52
12 54
12 56
12 61
12 63
12 64
12 65
12 68
12 72
12 73
12 76
12 78
12 79
12 81
13 6
13 13
13 23
13 29
13 30
13 34
13 35
13 37
13 43
13 46
13 51
13 56
13 60
13 61
13 65
13 68
13 70
13 71
13 72
13 76
13 79
13 80
23 4
23 13
23 20
23 30
23 31
23 46
23 47
23 48
23 50
23 51
23 53
23 54
23 56
23 61
23 64
23 65
23 67
23 70
23 72
23 74
23 79
23 81
23 87
24 32
24 64
24 2
24 37
24 72
24 60
24 10
24 11
24 34
24 46
24 47
24 81
24 51
24 52
24 22
24 23
24 56
24 25
24 28
24 30
24 31
25 9
25 11
25 23
25 24
25 25
25 32
25 35
25 37
25 40
25 42
25 46
25 47
25 50
25 51
25 54
25 60
25 61
25 65
25 70
25 72
25 76
25 85
25 87
26 4
26 9
26 13
26 22
26 23
26 24
26 25
26 30
26 31
26 32
26 33
26 34
26 35
26 46
26 47
26 60
26 68
26 70
26 78
26 79
26 80
26 81
26 86
28 0
28 4
28 6
28 11
28 23
28 30
28 31
28 32
28 35
28 47
28 50
28 61
28 63
28 64
28 65
28 73
28 75
28 76
28 77
28 81
28 85
28 87
29 0
29 32
29 34
29 4
29 37
29 70
29 9
29 42
29 13
29 47
29 74
29 56
29 25
29 61
29 63
30 1
30 11
30 18
30 22
30 23
30 31
30 36
30 47
30 48
30 50
30 52
30 54
30 58
30 60
30 63
30 64
30 65
30 68
30 72
30 73
30 74
30 87
31 32
31 65
31 35
31 4
31 37
31 70
31 71
31 72
31 73
31 42
31 43
31 76
31 13
31 46
31 47
31 50
31 51
31 22
31 87
31 68
31 28
32 32
32 2
32 35
32 4
32 86
32 70
32 81
32 9
32 11
32 76
32 78
32 47
32 48
32 43
32 20
32 53
32 73
32 56
32 24
32 57
32 30
34 0
34 20
34 23
34 24
34 28
34 31
34 34
34 35
34 39
34 42
34 43
34 47
34 51
34 54
34 63
34 64
34 67
34 72
34 76
34 77
34 78
34 85
35 0
35 2
35 6
35 13
35 25
35 27
35 28
35 31
35 34
35 37
35 38
35 46
35 50
35 51
35 52
35 56
35 61
35 64
35 65
35 70
35 72
35 76
35 80
35 86
37 64
37 34
37 67
37 4
37 38
37 73
37 43
37 76
37 77
37 47
37 48
37 81
37 50
37 20
37 23
37 68
37 87
37 63
37 60
37 30
37 31
38 64
38 1
38 2
38 4
38 54
38 38
38 39
38 40
38 9
38 70
38 77
38 48
38 51
38 20
38 22
38 87
38 25
38 63
38 52
38 61
38 31
39 1
39 2
39 4
39 6
39 9
39 13
39 18
39 22
39 28
39 31
39 32
39 35
39 36
39 37
39 39
39 43
39 45
39 51
39 54
39 65
39 70
39 86
40 4
40 9
40 13
40 23
40 24
40 29
40 30
40 37
40 38
40 42
40 46
40 50
40 51
40 53
40 56
40 60
40 61
40 63
40 68
40 71
40 78
40 81
44 0
44 32
44 35
44 36
44 37
44 72
44 9
44 42
44 11
44 46
44 81
44 50
44 41
44 22
44 23
44 56
44 25
44 87
44 54
44 28
44 61
45 32
45 1
45 36
45 37
45 6
45 71
45 64
45 9
45 13
45 77
45 45
45 48
45 56
45 52
45 53
45 24
45 25
45 38
45 85
45 81
46 64
46 65
46 86
46 67
46 37
46 39
46 60
46 76
46 13
46 77
46 80
46 81
46 50
46 51
46 85
46 22
46 23
46 56
46 63
46 28
46 31
47 51
47 2
47 34
47 38
47 65
47 72
47 73
47 11
47 13
47 46
47 77
47 81
47 50
47 35
47 52
47 78
47 86
47 25
47 28
47 30
47 85
48 0
48 9
48 18
48 20
48 22
48 24
48 25
48 30
48 34
48 42
48 43
48 45
48 46
48 47
48 50
48 51
48 56
48 60
48 64
48 70
48 80
48 86
49 0
49 36
49 38
49 9
49 42
49 76
49 77
49 60
49 48
49 52
49 87
49 56
49 25
49 58
49 28
49 30
49 63
51 0
51 4
51 13
51 24
51 25
51 28
51 34
51 35
51 38
51 47
51 51
51 54
51 56
51 57
51 60
51 61
51 63
51 65
51 66
51 76
51 77
51 81
51 86
51 87
62 0
62 4
62 9
62 11
62 23
62 28
62 31
62 34
62 35
62 47
62 52
62 60
62 61
62 65
62 67
62 68
62 72
62 74
62 77
62 78
62 79
62 85
62 87
63 1
63 34
63 35
63 36
63 37
63 33
63 80
63 74
63 43
63 45
63 77
63 50
63 81
63 18
63 51
63 52
63 22
63 23
63 67
63 25
63 87
68 0
68 32
68 68
68 6
68 72
68 73
68 87
68 76
68 78
68 47
68 48
68 81
68 50
68 84
68 53
68 22
68 23
68 56
68 57
68 60
68 63
76 0
76 1
76 4
76 6
76 9
76 23
76 24
76 29
76 31
76 35
76 36
76 38
76 41
76 42
76 46
76 48
76 50
76 52
76 56
76 63
76 71
76 76
76 81
76 86
77 0
77 64
77 34
77 35
77 4
77 37
77 70
77 9
77 74
77 43
77 76
77 60
77 48
77 81
77 50
77 22
77 41
77 24
77 28
77 31
78 68
78 1
78 34
78 35
78 4
78 37
78 38
78 65
78 9
78 75
78 76
78 50
78 46
78 18
78 54
78 23
78 24
78 36
78 60
78 30
78 31
81 65
81 4
81 9
81 42
81 75
81 46
81 47
81 81
81 50
81 25
81 54
81 41
81 56
81 36
81 60
81 61
82 4
82 6
82 22
82 24
82 30
82 31
82 36
82 40
82 43
82 50
82 57
82 61
82 63
82 64
82 65
82 71
82 72
82 73
82 76
82 77
82 78
82 85
83 32
83 33
83 35
83 64
83 73
83 42
83 11
83 76
83 77
83 47
83 72
83 51
83 53
83 54
83 60
83 61
83 31
84 1
84 4
84 6
84 9
84 13
84 20
84 24
84 27
84 28
84 29
84 30
84 34
84 37
84 42
84 50
84 51
84 56
84 61
84 64
84 65
84 70
84 78
84 81
84 85
84 86
86 2
86 4
86 11
86 13
86 24
86 30
86 34
86 37
86 40
86 42
86 43
86 46
86 52
86 55
86 58
86 60
86 61
86 64
86 65
86 68
86 76
86 77
86 78
86 81
86 86
87 0
87 4
87 6
87 9
87 23
87 28
87 30
87 32
87 34
87 35
87 38
87 40
87 43
87 56
87 60
87 61
87 65
87 70
87 73
87 75
87 77
87 81
