88
0 36
0 54
0 55
1 2
1 46
1 16
1 49
1 18
1 83
1 63
2 2
2 5
2 7
2 9
2 10
2 11
2 13
2 15
2 16
2 17
2 18
2 19
2 23
2 28
2 29
2 33
2 34
2 35
2 41
2 46
2 47
2 48
2 54
2 55
2 58
2 59
2 62
2 63
2 71
2 83
2 86
2 87
3 0
3 2
3 7
3 8
3 9
3 10
3 12
3 17
3 18
3 19
3 28
3 30
3 34
3 35
3 36
3 37
3 38
3 41
3 43
3 46
3 48
3 49
3 54
3 59
3 62
3 63
3 67
3 75
3 82
3 83
3 87
6 0
6 3
6 5
6 7
6 9
6 10
6 11
6 12
6 16
6 17
6 19
6 22
6 28
6 30
6 31
6 34
6 35
6 37
6 42
6 46
6 47
6 48
6 49
6 54
6 59
6 63
6 67
6 75
6 82
6 83
6 87
8 0
8 2
8 3
8 4
8 5
8 7
8 9
8 10
8 11
8 12
8 13
8 17
8 18
8 19
8 28
8 29
8 30
8 34
8 36
8 39
8 45
8 46
8 47
8 48
8 49
8 54
8 59
8 62
8 67
8 82
8 83
8 86
8 87
9 0
9 2
9 5
9 7
9 9
9 10
9 11
9 16
9 17
9 18
9 19
9 28
9 33
9 34
9 36
9 37
9 38
9 41
9 43
9 48
9 49
9 54
9 58
9 59
9 62
9 75
9 83
9 86
9 87
13 1
13 2
13 3
13 5
13 6
13 7
13 9
13 10
13 11
13 12
13 16
13 17
13 18
13 19
13 22
13 28
13 30
13 33
13 34
13 35
13 36
13 37
13 38
13 39
13 40
13 46
13 47
13 48
13 49
13 54
13 59
13 62
13 67
13 75
13 82
13 83
13 86
13 87
14 28
15 0
15 33
15 34
15 3
15 36
15 5
15 7
15 41
15 11
15 46
15 16
15 18
15 35
15 48
15 86
15 87
15 67
15 59
15 30
15 63
16 49
16 2
17 35
17 36
17 49
17 7
17 9
17 10
17 12
17 17
17 18
17 19
17 54
17 59
17 28
17 62
20 16
21 48
21 19
21 54
22 2
22 5
22 6
22 12
22 13
22 16
22 17
22 19
22 28
22 33
22 34
22 35
22 36
22 42
22 46
22 48
22 54
22 59
22 62
22 63
22 67
22 75
22 82
22 83
22 87
23 0
23 34
23 9
23 75
23 12
23 46
23 18
23 19
23 54
23 59
23 28
23 62
24 18
24 12
24 54
25 19
25 67
25 7
25 10
25 46
25 17
25 18
25 83
25 87
25 28
25 62
25 63
26 48
26 34
26 36
26 49
26 16
26 17
26 87
26 59
27 0
27 17
27 87
28 35
30 34
30 67
30 36
30 37
30 7
30 9
30 11
30 17
30 83
30 54
30 87
30 59
31 49
31 19
32 2
32 13
33 48
33 35
33 5
33 7
33 12
33 16
33 18
33 19
33 54
33 58
33 59
33 62
34 33
34 28
34 17
35 9
35 86
35 46
36 2
36 36
36 6
36 49
36 83
36 22
36 87
37 33
37 83
37 35
37 4
37 37
37 8
37 10
37 11
37 12
37 59
37 16
37 49
37 18
37 67
37 22
37 23
37 54
37 29
37 62
38 34
38 3
39 17
39 2
39 18
40 0
40 87
41 0
41 2
41 3
41 5
41 7
41 9
41 10
41 11
41 12
41 16
41 17
41 18
41 19
41 22
41 30
41 38
41 43
41 46
41 48
41 54
41 59
41 62
41 83
41 87
42 10
42 83
42 28
43 0
43 2
43 36
43 7
43 8
43 10
43 11
43 34
43 48
43 49
43 54
43 87
44 33
44 17
45 0
46 18
47 17
47 3
48 35
48 28
49 38
50 0
50 3
50 6
50 7
50 16
50 18
50 19
50 22
50 28
50 34
50 35
50 36
50 38
50 41
50 48
50 49
50 54
50 62
50 63
50 67
50 75
50 83
50 86
50 87
51 0
51 2
51 3
51 4
51 7
51 9
51 11
51 13
51 15
51 16
51 17
51 18
51 19
51 22
51 28
51 30
51 31
51 33
51 34
51 35
51 36
51 37
51 41
51 43
51 45
51 47
51 48
51 49
51 51
51 55
51 57
51 58
51 59
51 75
51 82
51 83
51 86
51 87
52 0
52 62
52 63
53 0
53 35
53 36
53 49
53 7
53 8
53 9
53 10
53 16
53 17
53 83
53 87
54 0
54 2
54 38
54 6
54 7
54 10
54 12
54 13
54 46
54 48
54 17
54 18
54 54
54 49
54 28
54 62
54 63
55 0
55 2
55 67
55 7
55 75
55 11
55 34
55 46
55 48
55 49
55 18
55 83
55 54
55 59
55 28
56 0
56 49
56 10
56 11
56 17
56 18
56 83
56 59
56 28
56 62
56 63
57 0
57 33
57 34
57 87
57 36
57 49
57 7
57 43
57 12
57 46
57 15
57 17
57 18
57 19
57 54
57 55
57 83
57 58
57 59
57 28
60 18
60 87
61 0
61 33
61 2
61 35
61 36
61 86
61 38
61 10
61 75
61 12
61 34
61 47
61 16
61 17
61 19
61 54
61 87
61 28
61 62
63 0
63 3
63 5
63 7
63 9
63 10
63 11
63 12
63 16
63 17
63 18
63 19
63 22
63 28
63 29
63 33
63 34
63 36
63 43
63 45
63 46
63 48
63 49
63 54
63 62
63 63
63 67
63 75
63 82
63 83
63 86
63 87
64 35
65 0
65 2
65 5
65 6
65 9
65 10
65 11
65 12
65 16
65 18
65 19
65 28
65 30
65 31
65 33
65 34
65 35
65 36
65 38
65 40
65 42
65 43
65 46
65 47
65 48
65 49
65 54
65 55
65 58
65 59
65 62
65 67
65 71
65 75
65 82
65 83
65 86
65 87
66 48
66 2
66 3
66 54
66 67
66 16
66 18
66 19
66 22
66 83
66 59
66 28
67 2
67 3
67 7
67 16
67 19
67 22
67 87
67 28
68 19
68 12
69 9
70 16
70 10
71 0
71 1
71 2
71 33
71 7
71 34
71 49
71 19
71 54
71 28
71 62
72 16
72 41
72 59
72 49
73 0
73 2
73 35
73 36
73 49
73 6
73 7
73 75
73 46
73 17
73 22
73 59
74 34
74 59
74 5
75 0
75 1
75 2
75 36
75 37
75 7
75 9
75 10
75 12
75 46
75 47
75 17
75 18
75 83
75 41
75 54
75 23
75 49
75 59
75 28
75 62
76 37
77 2
77 37
77 48
77 82
77 83
77 87
77 29
77 63
78 48
78 7
79 0
79 2
79 6
79 11
79 12
79 13
79 16
79 17
79 18
79 19
79 22
79 28
79 33
79 35
79 36
79 37
79 38
79 41
79 47
79 48
79 49
79 54
79 55
79 57
79 59
79 62
79 63
79 67
79 83
79 87
81 19
82 0
82 2
82 4
82 6
82 7
82 9
82 10
82 11
82 12
82 16
82 17
82 18
82 19
82 22
82 28
82 33
82 35
82 36
82 37
82 38
82 43
82 46
82 47
82 48
82 49
82 54
82 58
82 59
82 63
82 83
82 87
83 0
83 49
83 19
84 16
84 75
85 16
85 82
86 0
86 2
86 4
86 5
86 6
86 7
86 9
86 11
86 12
86 13
86 15
86 16
86 17
86 18
86 19
86 22
86 28
86 29
86 34
86 35
86 37
86 38
86 43
86 46
86 47
86 48
86 49
86 57
86 59
86 62
86 63
86 82
86 83
86 87
87 2
87 3
87 6
87 7
87 8
87 9
87 10
87 11
87 12
87 13
87 16
87 17
87 22
87 28
87 30
87 34
87 35
87 36
87 39
87 43
87 46
87 47
87 48
87 49
87 54
87 58
87 59
87 62
87 67
87 71
87 82
87 83
87 86
87 87
