88
0 41
0 74
0 7
1 5
1 9
1 18
1 19
1 20
1 31
1 35
1 37
1 41
1 42
1 43
1 45
1 47
1 49
1 53
1 55
1 58
1 59
1 61
1 68
1 71
1 72
1 77
1 87
2 64
2 0
2 72
2 42
2 11
2 77
2 78
2 45
2 80
2 20
2 23
2 25
2 58
3 4
3 18
3 19
3 20
3 21
3 24
3 27
3 30
3 33
3 34
3 35
3 36
3 42
3 49
3 52
3 53
3 58
3 61
3 65
3 67
3 73
3 75
3 76
3 85
3 87
4 65
4 2
4 66
4 69
4 72
4 41
4 74
4 43
4 78
4 13
4 63
4 80
4 19
4 21
4 86
4 85
4 58
4 27
4 61
4 30
4 31
5 75
6 1
6 3
6 5
6 7
6 9
6 10
6 13
6 14
6 18
6 20
6 35
6 39
6 43
6 45
6 47
6 53
6 54
6 59
6 65
6 67
6 68
6 75
6 79
8 34
8 78
9 65
9 35
9 5
9 38
9 7
9 74
9 70
9 77
9 47
9 18
9 21
9 87
9 24
9 60
9 53
9 69
9 31
10 33
10 86
10 25
12 53
13 0
13 34
13 3
13 66
13 5
13 7
13 39
13 13
13 78
13 87
13 43
13 22
13 55
13 49
13 59
14 65
14 37
14 7
14 43
14 14
14 53
15 64
15 1
15 66
15 87
15 86
15 70
15 9
15 74
15 75
15 79
15 22
15 41
15 25
15 26
15 59
15 60
15 31
16 3
16 9
16 18
16 21
16 22
16 23
16 24
16 25
16 26
16 31
16 32
16 33
16 39
16 41
16 52
16 53
16 59
16 61
16 67
16 68
16 70
16 71
16 75
16 79
16 87
17 64
17 0
17 66
17 68
17 65
17 71
17 77
17 78
17 21
17 86
17 87
17 57
17 61
17 53
18 64
18 65
18 2
18 67
18 5
18 72
18 41
18 42
18 55
18 77
18 78
18 47
18 18
18 79
18 21
18 73
18 23
18 24
18 25
18 59
18 61
19 0
19 37
19 6
19 7
19 9
19 71
19 79
19 17
19 20
19 53
19 86
19 41
19 24
19 56
19 61
19 62
20 0
20 1
20 5
20 6
20 9
20 17
20 27
20 41
20 42
20 45
20 47
20 49
20 50
20 58
20 61
20 67
20 70
20 71
20 72
20 73
20 75
20 85
21 72
21 24
21 13
23 1
23 34
23 69
23 6
23 71
23 14
23 49
23 20
23 23
23 33
23 38
23 31
24 41
24 79
25 74
25 69
25 70
25 71
26 65
26 34
26 35
26 5
26 6
26 39
26 72
26 73
26 42
26 45
26 77
26 18
26 52
26 21
26 86
26 85
26 25
26 58
26 59
26 69
26 31
27 6
27 11
27 14
27 17
27 23
27 24
27 25
27 34
27 41
27 43
27 47
27 55
27 58
27 60
27 63
27 64
27 66
27 67
27 69
27 71
27 75
27 78
29 71
29 74
29 75
29 47
29 49
29 18
29 19
29 52
29 53
29 39
29 61
29 30
30 64
30 33
30 34
30 3
30 68
30 65
30 73
30 10
30 14
30 61
30 35
30 74
30 55
30 25
30 26
30 27
30 58
31 34
31 36
31 37
31 6
31 72
31 45
31 68
32 67
32 7
32 72
32 41
32 39
32 13
32 49
32 19
32 53
32 24
32 25
32 30
32 31
33 64
33 33
33 2
33 35
33 69
33 72
33 75
33 44
33 78
33 19
33 21
33 23
33 25
33 27
33 31
34 65
34 35
34 1
34 41
34 74
34 75
34 55
34 24
34 25
34 26
34 27
34 39
34 31
35 25
35 19
35 45
35 78
35 79
36 30
36 79
36 61
36 6
36 47
38 14
38 87
39 64
39 22
39 20
39 13
39 70
40 34
41 3
41 7
41 10
41 13
41 18
41 20
41 21
41 26
41 33
41 34
41 35
41 45
41 47
41 52
41 53
41 58
41 64
41 65
41 68
41 69
41 70
41 74
41 78
41 79
41 85
42 3
42 7
42 9
42 14
42 18
42 19
42 20
42 21
42 22
42 26
42 32
42 35
42 52
42 59
42 61
42 65
42 66
42 68
42 71
42 75
42 78
42 86
43 6
43 7
43 14
43 18
43 19
43 26
43 27
43 41
43 45
43 48
43 49
43 56
43 59
43 64
43 66
43 68
43 69
43 72
43 73
43 75
43 77
43 78
43 79
43 85
43 87
44 47
45 26
46 32
46 1
46 68
46 5
46 6
46 77
46 79
46 20
46 21
46 87
46 26
46 53
47 79
47 45
47 14
47 47
48 34
48 22
51 27
51 60
51 53
52 0
52 32
52 67
52 4
52 69
52 68
52 39
52 64
52 41
52 10
52 45
52 79
52 18
52 51
52 85
52 25
52 59
52 42
52 30
53 1
53 35
53 33
53 6
53 7
53 9
53 74
53 71
53 14
53 79
53 18
53 67
53 69
53 41
53 75
53 65
53 30
53 37
54 6
54 7
54 9
54 10
54 14
54 19
54 22
54 27
54 30
54 32
54 33
54 34
54 35
54 37
54 39
54 47
54 52
54 58
54 61
54 68
54 71
54 73
54 74
54 77
54 79
54 87
55 66
55 67
55 68
55 71
55 75
55 76
55 13
55 79
55 19
55 22
55 87
55 59
55 30
56 1
56 5
56 6
56 9
56 10
56 86
56 14
56 79
56 74
56 22
56 73
56 25
56 27
56 60
56 61
57 3
57 69
57 6
57 9
57 60
57 45
57 47
57 17
57 35
57 52
57 57
57 70
58 10
58 13
58 18
58 21
58 22
58 25
58 26
58 32
58 39
58 41
58 42
58 43
58 47
58 53
58 58
58 62
58 66
58 67
58 68
58 69
58 70
58 72
58 78
58 85
58 86
59 65
59 35
59 68
59 71
59 10
59 11
59 13
59 14
59 47
59 85
59 25
59 61
60 1
60 30
60 41
61 65
61 68
61 6
61 41
61 43
61 45
61 60
63 32
64 13
64 14
65 68
65 73
65 74
65 79
65 21
65 36
65 61
65 31
66 35
66 69
66 70
66 49
66 9
66 75
66 44
66 47
66 17
66 73
66 41
66 24
66 26
66 59
66 58
67 0
67 1
67 37
67 71
67 9
67 57
67 75
67 77
67 78
67 79
67 17
67 20
67 21
67 73
67 55
67 52
67 85
67 30
67 69
68 41
68 21
69 2
69 3
69 5
69 6
69 10
69 11
69 21
69 23
69 25
69 26
69 27
69 34
69 42
69 51
69 53
69 58
69 64
69 65
69 70
69 71
69 72
69 79
70 65
70 35
70 53
70 73
70 71
71 34
71 6
72 33
72 53
72 49
73 1
73 2
73 3
73 6
73 13
73 19
73 20
73 22
73 27
73 31
73 32
73 37
73 47
73 50
73 53
73 61
73 67
73 69
73 71
73 72
73 74
73 77
73 86
73 87
74 33
74 66
74 35
74 68
74 5
74 73
74 10
74 43
74 45
74 17
74 18
74 20
74 85
74 22
74 24
74 25
74 59
74 86
74 61
74 30
74 69
75 0
75 51
75 35
75 38
75 71
75 10
75 49
75 18
75 19
75 87
75 25
76 0
76 33
76 67
76 70
76 6
76 65
76 75
76 10
76 43
76 45
76 78
76 18
76 52
76 85
76 23
76 58
76 59
77 64
77 18
78 64
78 75
78 69
78 7
78 10
78 11
78 47
78 35
78 52
78 25
78 61
78 5
79 65
79 68
79 60
79 33
80 52
82 0
82 23
82 39
83 5
84 18
84 68
85 1
85 35
85 52
85 55
85 24
85 60
86 66
86 69
86 7
86 9
86 61
86 47
86 21
86 26
86 27
86 53
86 30
86 5
87 1
87 66
87 67
87 68
87 6
87 87
87 49
87 20
87 21
87 86
87 23
87 53
