88
0 1
0 23
0 27
0 29
0 31
0 34
0 35
0 40
0 42
0 43
0 44
0 46
0 47
0 48
0 49
0 53
0 56
0 58
0 59
0 69
0 70
0 76
0 77
0 78
0 79
0 80
0 81
0 82
0 85
0 86
4 29
6 1
8 1
8 7
8 10
8 12
8 13
8 20
8 21
8 23
8 27
8 28
8 29
8 30
8 31
8 34
8 35
8 39
8 40
8 41
8 42
8 43
8 44
8 45
8 46
8 47
8 48
8 49
8 53
8 54
8 56
8 58
8 59
8 60
8 68
8 69
8 70
8 76
8 77
8 78
8 79
8 80
8 81
8 82
8 85
9 59
9 78
13 1
13 10
13 13
13 21
13 23
13 27
13 28
13 29
13 30
13 31
13 34
13 35
13 38
13 39
13 40
13 42
13 43
13 45
13 46
13 47
13 48
13 49
13 53
13 54
13 56
13 58
13 59
13 60
13 68
13 69
13 71
13 76
13 77
13 78
13 79
13 80
13 81
13 83
13 84
13 85
13 86
17 1
17 7
17 10
17 12
17 21
17 23
17 27
17 28
17 29
17 30
17 31
17 34
17 35
17 39
17 40
17 42
17 43
17 45
17 46
17 48
17 53
17 56
17 58
17 59
17 69
17 76
17 77
17 78
17 79
17 80
17 81
17 82
17 83
17 85
18 58
28 1
28 12
28 23
28 27
28 28
28 29
28 30
28 31
28 34
28 35
28 39
28 40
28 42
28 43
28 45
28 46
28 48
28 49
28 54
28 56
28 57
28 58
28 59
28 69
28 76
28 77
28 78
28 79
28 80
28 81
28 82
28 83
28 85
32 1
32 7
32 10
32 12
32 13
32 23
32 27
32 28
32 29
32 31
32 34
32 35
32 38
32 39
32 40
32 42
32 43
32 44
32 45
32 46
32 47
32 48
32 49
32 53
32 54
32 56
32 57
32 58
32 59
32 60
32 69
32 76
32 77
32 78
32 79
32 80
32 81
32 82
32 83
32 84
32 85
32 86
37 1
37 10
37 23
37 27
37 29
37 30
37 31
37 34
37 35
37 39
37 40
37 42
37 43
37 45
37 46
37 48
37 49
37 53
37 54
37 56
37 58
37 59
37 69
37 76
37 77
37 78
37 79
37 80
37 82
37 85
46 1
46 7
46 10
46 12
46 13
46 20
46 23
46 27
46 28
46 29
46 30
46 31
46 34
46 35
46 38
46 39
46 40
46 41
46 42
46 43
46 45
46 46
46 47
46 48
46 49
46 53
46 54
46 56
46 57
46 58
46 59
46 60
46 69
46 76
46 77
46 78
46 79
46 80
46 81
46 82
46 83
46 85
46 86
50 1
50 7
50 10
50 11
50 13
50 23
50 27
50 29
50 30
50 31
50 34
50 35
50 38
50 39
50 40
50 41
50 42
50 43
50 44
50 45
50 46
50 47
50 48
50 54
50 56
50 57
50 58
50 59
50 69
50 76
50 77
50 78
50 79
50 80
50 81
50 82
50 83
50 85
50 86
61 1
61 7
61 10
61 11
61 12
61 13
61 21
61 23
61 25
61 26
61 27
61 28
61 29
61 30
61 31
61 34
61 35
61 38
61 39
61 40
61 41
61 42
61 43
61 44
61 45
61 46
61 49
61 53
61 54
61 56
61 57
61 58
61 59
61 60
61 68
61 70
61 76
61 77
61 78
61 79
61 80
61 81
61 82
61 83
61 85
61 86
62 48
62 69
62 31
63 48
64 1
64 10
64 12
64 13
64 20
64 21
64 23
64 25
64 27
64 28
64 29
64 30
64 31
64 33
64 34
64 35
64 38
64 39
64 40
64 41
64 42
64 43
64 44
64 45
64 46
64 47
64 48
64 49
64 53
64 54
64 56
64 57
64 58
64 59
64 60
64 69
64 70
64 76
64 77
64 78
64 79
64 80
64 81
64 83
64 85
64 86
66 1
66 7
66 10
66 12
66 13
66 27
66 29
66 30
66 31
66 33
66 34
66 35
66 38
66 39
66 40
66 42
66 43
66 45
66 46
66 48
66 49
66 53
66 54
66 56
66 58
66 59
66 69
66 76
66 77
66 79
66 80
66 81
66 85
66 86
67 1
67 7
67 10
67 12
67 20
67 21
67 23
67 27
67 28
67 29
67 30
67 31
67 34
67 35
67 39
67 40
67 41
67 42
67 43
67 44
67 45
67 46
67 48
67 49
67 53
67 54
67 56
67 57
67 58
67 59
67 60
67 69
67 71
67 76
67 77
67 78
67 79
67 80
67 81
67 82
67 83
67 84
67 85
67 86
68 1
68 10
68 12
68 21
68 23
68 26
68 27
68 29
68 31
68 33
68 35
68 38
68 39
68 40
68 42
68 43
68 44
68 46
68 47
68 48
68 49
68 53
68 54
68 56
68 57
68 58
68 59
68 60
68 69
68 76
68 77
68 78
68 79
68 80
68 81
68 84
68 85
68 86
71 1
71 7
71 10
71 12
71 13
71 21
71 23
71 27
71 28
71 29
71 30
71 31
71 33
71 34
71 35
71 38
71 39
71 40
71 41
71 42
71 43
71 44
71 46
71 47
71 48
71 49
71 53
71 54
71 56
71 57
71 58
71 59
71 60
71 69
71 71
71 76
71 77
71 78
71 79
71 80
71 82
71 83
71 84
71 85
71 86
72 1
72 10
72 12
72 13
72 20
72 21
72 23
72 27
72 28
72 30
72 31
72 34
72 35
72 38
72 39
72 40
72 41
72 42
72 43
72 44
72 46
72 47
72 48
72 49
72 54
72 56
72 57
72 58
72 59
72 68
72 69
72 76
72 77
72 78
72 79
72 80
72 81
72 82
72 84
72 85
72 86
72 87
73 1
73 12
73 27
73 29
73 34
73 35
73 39
73 40
73 42
73 43
73 49
73 54
73 56
73 57
73 58
73 59
73 69
73 76
73 77
73 78
73 79
73 80
73 86
74 1
74 7
74 10
74 12
74 21
74 27
74 29
74 30
74 31
74 34
74 35
74 38
74 39
74 40
74 42
74 43
74 45
74 46
74 48
74 49
74 54
74 56
74 58
74 59
74 69
74 70
74 71
74 76
74 77
74 78
74 79
74 80
74 81
74 82
74 83
74 85
74 86
75 13
75 21
75 23
75 27
75 28
75 29
75 30
75 31
75 35
75 39
75 40
75 42
75 43
75 44
75 46
75 48
75 53
75 54
75 56
75 58
75 59
75 69
75 76
75 77
75 78
75 79
75 80
75 81
75 82
75 84
75 85
81 1
81 7
81 10
81 12
81 13
81 23
81 27
81 28
81 29
81 31
81 33
81 34
81 35
81 40
81 42
81 43
81 44
81 45
81 46
81 47
81 48
81 49
81 53
81 54
81 56
81 57
81 58
81 60
81 68
81 69
81 71
81 76
81 77
81 78
81 79
81 80
81 81
81 82
81 83
81 84
81 85
81 86
82 1
82 7
82 10
82 12
82 13
82 20
82 23
82 27
82 28
82 29
82 30
82 31
82 34
82 35
82 38
82 39
82 40
82 42
82 43
82 44
82 45
82 46
82 47
82 48
82 53
82 54
82 56
82 57
82 58
82 59
82 60
82 68
82 69
82 76
82 78
82 79
82 80
82 81
82 84
82 85
82 86
83 1
83 21
83 27
83 29
83 31
83 34
83 35
83 39
83 40
83 42
83 43
83 48
83 54
83 56
83 57
83 59
83 69
83 76
83 78
83 79
83 80
83 81
83 86
87 1
87 3
87 11
87 12
87 13
87 20
87 21
87 23
87 27
87 28
87 29
87 30
87 31
87 33
87 34
87 35
87 39
87 40
87 42
87 43
87 44
87 45
87 48
87 49
87 53
87 54
87 56
87 57
87 58
87 59
87 60
87 68
87 69
87 71
87 76
87 77
87 78
87 79
87 80
87 81
87 82
87 85
87 86
87 87
