88
0 64
0 54
0 71
0 9
0 10
0 11
0 79
0 18
0 51
0 55
0 22
0 41
0 25
0 86
0 30
0 63
1 64
1 3
1 36
1 69
1 12
1 45
1 49
1 50
1 57
1 63
1 37
1 5
2 3
2 69
2 71
2 10
2 39
2 12
2 53
2 22
2 25
2 42
3 32
3 64
3 3
3 71
3 10
3 75
3 44
3 61
3 81
3 51
3 20
3 85
3 86
3 59
3 60
3 42
4 72
4 33
4 45
4 78
4 81
5 0
5 65
5 3
5 36
5 38
5 6
5 39
5 72
5 73
5 74
5 71
5 50
5 19
5 53
5 26
5 85
6 67
6 37
6 6
6 8
6 9
6 11
6 18
6 19
6 54
6 55
6 56
8 34
8 73
8 10
8 12
8 61
8 17
8 50
8 52
8 56
8 60
8 42
8 63
9 66
9 36
9 69
9 39
9 73
9 11
9 85
9 25
9 60
9 61
10 65
10 5
10 7
10 72
10 9
10 10
10 39
10 17
10 82
10 51
10 73
10 56
10 24
10 26
10 37
10 69
10 31
12 32
12 34
12 36
12 5
12 8
12 74
12 17
12 50
12 52
12 85
12 86
12 57
12 24
12 25
12 30
12 37
13 33
13 3
13 5
13 6
13 41
13 42
13 11
13 12
13 77
13 48
13 56
13 57
13 59
13 61
15 51
15 34
15 67
15 7
15 74
15 45
15 17
15 18
15 3
15 52
15 86
15 55
16 60
16 37
19 32
19 64
19 68
19 5
19 6
19 41
19 74
19 11
19 45
19 80
19 18
19 51
19 86
19 55
19 87
19 60
19 63
21 65
21 36
21 6
21 38
21 72
21 9
21 10
21 87
21 12
21 49
21 50
21 86
21 73
21 68
21 69
21 63
23 65
23 36
23 38
23 6
23 7
23 72
23 71
23 17
23 19
23 53
23 86
23 55
23 25
23 26
23 85
23 31
24 69
24 10
24 44
24 80
24 18
24 20
24 57
24 25
24 31
25 5
27 32
27 64
27 67
27 69
27 38
27 71
27 72
27 12
27 17
27 50
27 85
27 24
27 63
27 81
27 61
27 31
29 32
29 35
29 6
29 39
29 8
29 50
29 51
29 57
29 87
29 25
30 32
30 51
30 67
30 36
30 5
30 38
30 7
30 9
30 71
30 44
30 46
30 19
30 53
30 57
30 26
30 59
31 79
31 33
31 68
31 65
31 8
31 10
31 45
31 77
31 81
31 50
31 51
31 86
31 56
31 25
31 63
31 31
32 32
32 66
32 67
32 5
32 71
32 9
32 10
32 44
32 18
32 57
32 55
32 24
32 25
32 63
32 69
32 37
33 32
33 34
33 3
33 5
33 12
33 17
33 26
33 59
33 31
34 64
34 35
34 5
34 71
34 41
34 74
34 44
34 78
34 67
34 53
34 22
34 57
34 59
34 60
34 61
34 69
35 51
35 3
35 36
35 69
35 6
35 8
35 44
35 12
35 45
35 19
35 52
35 53
35 54
35 55
35 68
35 26
35 63
36 37
36 39
36 72
36 71
36 44
36 8
36 19
36 52
36 24
36 61
37 69
37 38
37 7
37 72
37 74
37 80
37 19
37 53
37 54
37 56
38 64
38 32
38 37
38 6
38 17
38 10
38 50
38 81
38 18
38 54
38 24
38 49
38 31
43 51
43 34
43 68
43 6
43 72
43 76
43 44
43 66
43 49
43 19
43 52
43 85
43 87
43 56
43 60
44 0
44 32
44 75
44 36
44 38
44 71
44 74
44 11
44 80
44 49
44 51
44 26
44 31
46 3
46 5
46 9
46 42
46 46
46 15
46 86
46 55
46 57
46 26
46 60
46 30
46 31
47 33
47 5
47 6
47 7
47 8
47 9
47 10
47 12
47 73
47 76
47 50
47 19
47 74
47 53
47 54
47 55
47 26
47 38
47 42
47 63
48 35
48 38
48 9
48 45
48 49
48 19
48 22
48 87
48 25
48 60
50 67
50 68
50 69
50 39
50 72
50 44
50 10
50 11
50 12
50 78
50 80
50 50
50 19
50 74
50 59
50 61
50 30
51 3
51 71
51 73
51 7
51 45
51 18
51 51
51 26
51 59
51 61
52 66
52 3
52 69
52 71
52 40
52 78
52 56
52 19
52 22
52 24
53 33
53 68
53 54
53 38
53 72
53 41
53 10
53 82
53 52
53 53
53 22
53 55
53 24
53 26
53 27
53 42
53 85
58 66
58 5
58 73
58 42
58 75
58 45
58 82
58 74
58 57
58 54
58 55
58 25
58 87
58 59
58 60
58 61
58 69
58 37
59 57
61 35
61 49
61 39
61 8
61 42
61 45
61 81
61 51
61 52
61 55
61 57
64 0
64 64
64 49
64 6
64 7
64 9
64 10
64 11
64 12
64 76
64 16
64 17
64 69
64 54
64 55
64 39
64 86
64 30
64 31
65 0
65 67
65 69
65 6
65 73
65 42
65 49
65 86
65 9
65 56
65 61
66 34
66 67
66 68
66 37
66 7
66 44
66 42
66 11
66 12
66 81
66 83
66 85
66 55
66 24
66 74
66 63
67 50
67 82
67 5
67 8
67 73
67 45
67 78
67 17
67 18
67 67
67 52
67 22
67 87
67 57
67 86
67 61
68 32
68 75
68 68
68 49
68 70
68 7
68 72
68 9
68 39
68 17
68 18
68 22
68 87
68 56
68 63
68 81
68 31
69 68
69 36
69 37
69 6
69 7
69 8
69 41
69 39
69 12
69 72
69 18
69 21
69 54
69 25
69 86
70 34
70 36
70 5
70 71
70 73
70 10
70 11
70 45
70 56
70 85
70 69
70 24
70 57
70 26
70 59
70 30
70 63
71 0
71 37
71 49
71 72
71 10
71 87
71 17
71 19
71 52
71 85
71 54
71 55
71 57
71 86
71 31
72 66
72 35
72 68
72 7
72 49
72 51
72 53
72 56
72 59
72 31
73 37
73 39
73 9
73 42
73 11
73 86
73 50
73 52
73 53
73 73
73 55
73 7
73 71
73 60
73 74
73 85
73 63
74 35
74 36
74 37
74 39
74 72
74 44
74 77
74 52
74 53
74 54
74 55
74 56
74 68
75 51
75 67
75 3
75 36
75 38
75 49
75 12
75 79
75 17
75 82
75 19
75 52
75 53
75 86
75 63
75 81
75 31
76 19
76 64
76 59
76 37
76 6
76 75
76 51
76 52
76 85
76 22
76 55
76 57
76 87
76 54
76 86
76 31
77 64
77 68
77 37
77 6
77 8
77 44
77 10
77 11
77 12
77 49
77 50
77 51
77 84
77 22
77 87
77 24
77 57
77 26
77 38
77 74
78 0
78 65
78 49
78 36
78 37
78 7
78 10
78 75
78 77
78 78
78 59
78 17
78 67
78 85
78 22
78 57
78 25
78 26
78 54
78 74
79 32
79 66
79 69
79 6
79 8
79 63
79 87
79 81
79 82
79 51
79 52
79 53
79 22
79 55
79 24
79 57
79 59
79 31
80 64
80 33
80 67
80 5
80 38
80 39
80 73
80 10
80 87
80 44
80 82
80 51
80 52
80 22
80 57
80 25
80 26
80 60
80 69
80 31
81 51
81 36
81 74
81 38
81 71
81 9
81 42
81 44
81 77
81 17
81 50
81 19
81 52
81 53
81 24
81 57
81 61
81 81
82 0
82 64
82 35
82 36
82 74
82 72
82 80
82 42
82 45
82 50
82 18
82 3
82 52
82 86
82 87
82 60
82 61
85 67
85 36
85 39
85 77
85 48
85 17
85 18
85 51
85 87
85 25
86 65
86 71
86 69
86 7
86 8
86 10
86 11
86 12
86 61
86 81
86 19
86 87
86 56
86 39
86 26
86 42
87 33
87 37
87 38
87 42
87 78
87 81
87 50
87 19
87 55
87 59
