88
0 4
0 38
0 9
0 74
0 43
0 77
0 54
0 24
0 42
0 62
1 38
1 70
1 72
1 12
1 50
1 83
1 85
1 54
1 27
1 60
1 61
2 0
2 2
2 73
2 43
2 12
2 50
2 79
2 82
2 85
2 9
2 24
2 61
3 66
3 68
3 69
3 70
3 74
3 45
3 79
3 17
3 20
3 85
3 22
3 38
3 86
3 5
4 33
4 2
4 4
4 37
4 70
4 65
4 72
4 43
4 12
4 34
4 46
4 17
4 53
4 24
4 26
4 78
4 63
5 32
5 66
5 87
5 4
5 37
5 6
5 71
5 73
5 43
5 82
5 46
5 79
5 50
5 53
5 55
5 24
5 26
5 70
5 58
6 0
6 32
6 4
6 5
6 38
6 39
6 9
6 12
6 78
6 82
6 20
6 85
6 25
6 26
6 60
6 61
6 69
6 37
8 35
8 72
8 43
8 81
8 24
8 27
8 30
9 32
9 80
9 70
9 6
9 71
9 40
9 73
9 10
9 15
9 48
9 49
9 50
9 84
9 23
9 47
9 42
9 30
9 31
10 66
10 5
10 70
10 71
10 73
10 74
10 43
10 80
10 49
10 50
10 83
10 22
10 23
10 25
10 26
10 27
10 60
10 69
11 32
11 2
11 3
11 4
11 69
11 38
11 71
11 76
11 66
11 78
11 79
11 48
11 82
11 83
11 21
11 22
11 24
11 58
12 66
12 4
12 6
12 70
12 39
12 12
12 81
12 50
12 83
12 84
12 86
12 26
12 61
13 65
13 2
13 22
13 72
13 73
13 34
13 49
13 50
13 20
13 86
13 24
13 26
13 61
14 32
14 2
14 68
14 38
14 70
14 12
14 42
14 43
14 76
14 50
14 9
14 86
14 55
14 31
16 37
16 6
16 71
16 9
16 74
16 47
16 53
16 24
16 58
16 38
16 60
16 61
17 33
17 2
17 35
17 81
17 71
17 9
17 42
17 66
17 46
17 49
17 83
17 20
17 21
17 84
17 63
18 65
18 35
18 36
18 5
18 70
18 43
18 76
18 78
18 48
18 50
18 53
18 87
18 4
18 60
18 30
18 31
19 3
19 68
19 70
19 72
19 9
19 87
19 77
19 43
19 50
19 54
19 23
19 61
20 43
20 45
20 79
20 48
20 17
20 84
20 21
20 87
20 20
20 60
21 2
21 3
21 4
21 10
21 78
21 48
21 49
21 22
21 58
21 27
21 60
21 61
23 33
23 69
23 39
23 74
23 80
23 10
23 54
23 24
23 37
23 5
24 65
24 36
24 5
24 70
24 26
24 60
24 63
25 0
25 2
25 72
25 9
25 10
25 12
25 79
25 17
25 84
25 21
25 26
25 47
25 60
25 42
28 69
28 71
28 39
28 45
28 78
28 81
28 50
28 84
28 54
28 27
28 63
29 32
29 2
29 4
29 69
29 15
29 50
29 53
29 24
29 27
29 61
29 37
30 65
30 2
30 35
30 36
30 5
30 38
30 73
30 43
30 12
30 34
30 76
30 54
30 60
30 69
30 63
31 1
31 66
31 69
31 39
31 9
31 10
31 71
31 12
31 45
31 78
31 49
31 50
31 20
31 21
31 54
31 60
31 42
32 65
32 66
32 4
32 69
32 6
32 71
32 74
32 39
32 50
32 27
32 70
33 2
33 3
33 5
33 70
33 71
33 72
33 10
33 45
33 46
33 61
33 50
33 21
33 54
33 24
33 25
33 86
33 42
33 37
34 17
34 12
34 21
34 61
37 33
37 68
37 37
37 70
37 39
37 54
37 74
37 43
37 15
37 72
37 20
37 85
37 22
37 71
37 47
37 60
37 69
39 66
39 69
39 42
39 47
39 49
39 85
39 63
40 33
40 66
40 37
40 38
40 39
40 42
40 87
40 12
40 77
40 79
40 20
40 21
40 54
40 23
40 26
40 65
40 61
40 69
40 31
46 72
46 9
46 2
46 68
47 2
47 4
47 81
47 71
47 40
47 73
47 74
47 12
47 78
47 79
47 72
47 84
47 86
47 87
47 26
47 60
47 62
48 35
48 36
48 5
48 38
48 73
48 42
48 12
48 70
48 78
48 81
48 20
48 21
48 86
48 26
48 27
48 60
48 62
48 69
49 33
49 4
49 37
49 6
49 71
49 74
49 50
49 82
49 24
49 68
49 26
50 66
50 35
50 4
50 5
50 38
50 40
50 9
50 42
50 87
50 78
50 48
50 72
50 21
50 69
50 26
50 60
50 62
50 37
51 32
51 65
51 2
51 87
51 37
51 77
51 40
51 73
51 74
51 43
51 45
51 46
51 15
51 48
51 21
51 55
51 25
51 58
51 61
52 32
52 1
52 2
52 37
52 70
52 73
52 43
52 66
52 79
52 80
52 53
52 87
52 24
52 61
52 31
53 0
53 32
53 34
53 35
53 4
53 5
53 38
53 65
53 80
53 70
53 15
53 48
53 83
53 20
53 24
53 68
53 60
53 63
56 66
56 39
56 72
56 9
56 42
56 43
56 2
56 30
57 66
57 4
57 38
57 6
57 9
57 42
57 12
57 82
57 61
57 50
57 21
57 87
57 24
57 26
57 70
57 58
57 30
57 69
58 2
58 5
58 6
58 38
58 42
58 43
58 66
58 77
58 47
58 83
58 74
58 78
58 24
58 84
58 27
58 61
58 69
58 31
59 48
60 34
60 3
60 39
60 73
60 74
60 12
60 45
60 46
60 15
60 80
60 84
60 53
60 87
62 34
62 22
62 38
62 39
62 9
62 76
62 77
62 21
62 86
62 27
62 37
62 30
62 5
64 1
64 9
64 43
64 79
64 21
64 73
64 87
64 26
64 53
65 65
65 66
65 69
65 6
65 9
65 43
65 12
65 77
65 15
65 76
65 17
65 84
65 53
65 54
65 55
65 26
65 27
66 66
66 39
66 73
66 77
66 82
66 53
66 61
67 66
67 87
67 12
67 39
70 1
70 2
70 3
70 37
70 38
70 43
70 66
70 79
70 20
70 21
70 22
70 55
70 84
70 26
70 61
70 85
71 36
71 69
71 38
71 71
71 40
71 42
71 62
71 12
71 70
71 77
71 72
71 84
71 21
71 86
71 55
71 24
71 25
71 60
71 30
72 6
72 38
72 72
72 76
72 78
72 20
72 53
72 54
72 55
72 24
72 25
72 58
72 60
72 61
72 69
73 2
73 35
73 4
73 70
73 6
73 39
73 72
73 9
73 42
73 12
73 13
73 78
73 77
73 86
73 87
73 24
73 36
74 0
74 65
74 2
74 4
74 37
74 40
74 73
74 42
74 45
74 72
74 21
74 22
74 87
74 24
74 68
74 26
74 60
75 0
75 32
75 4
75 5
75 38
75 71
75 20
75 23
75 36
75 26
75 27
75 60
75 61
75 30
75 37
76 65
76 2
76 69
76 72
76 9
76 10
76 78
76 15
76 82
76 20
76 86
76 73
76 24
76 74
76 27
76 61
76 62
76 63
77 33
77 34
77 69
77 6
77 9
77 42
77 43
77 12
77 15
77 21
77 73
77 47
77 61
77 31
78 65
78 2
78 3
78 4
78 5
78 38
78 1
78 42
78 45
78 50
79 0
79 1
79 66
79 5
79 65
79 9
79 43
79 12
79 79
79 50
79 83
79 85
79 87
79 24
79 26
79 63
79 60
79 62
79 37
82 72
82 73
84 2
84 3
84 5
84 6
84 71
84 9
84 74
84 77
84 78
84 50
84 84
84 54
84 73
84 24
84 26
84 38
84 70
84 61
86 32
86 2
86 4
86 70
86 73
86 12
86 78
86 17
86 20
86 53
86 87
86 25
86 60
86 30
86 85
87 66
87 4
87 5
87 6
87 39
87 72
87 73
87 10
87 71
87 81
87 50
87 21
87 55
87 26
87 38
87 85
87 31
