88
0 0
0 36
0 73
0 75
0 44
0 77
0 46
0 15
0 49
0 41
0 87
0 23
0 26
0 31
1 33
1 2
1 4
1 69
1 71
1 8
1 41
1 10
1 76
1 66
1 77
1 15
1 81
1 18
1 82
1 68
1 47
1 29
1 85
1 31
2 33
2 36
2 69
2 38
2 8
2 73
2 77
2 46
2 15
2 82
2 85
2 87
2 56
3 34
3 4
3 69
3 8
3 73
3 75
3 22
3 87
3 56
3 26
3 27
3 31
4 68
4 6
4 73
4 10
4 46
4 9
4 36
4 26
4 29
4 31
5 0
5 80
5 66
5 36
5 6
5 71
5 8
5 41
5 43
5 44
5 77
5 15
5 16
5 81
5 82
5 22
5 55
5 56
5 25
5 59
5 62
6 1
6 2
6 59
6 4
6 6
6 33
6 9
6 10
6 87
6 44
6 77
6 61
6 81
6 18
6 82
6 73
6 23
6 27
6 29
6 85
6 31
7 41
7 61
7 87
8 61
8 35
8 38
8 77
8 40
8 9
8 13
8 63
8 47
8 16
8 59
8 18
8 41
8 73
8 23
8 25
8 27
8 29
8 30
8 31
9 32
9 33
9 34
9 4
9 6
9 77
9 10
9 75
9 13
9 46
9 15
9 49
9 57
9 56
9 36
9 47
9 61
9 68
10 0
10 33
10 68
10 6
10 71
10 40
10 9
10 39
10 76
10 44
10 41
10 59
10 61
11 0
11 2
11 8
11 10
11 23
11 27
11 29
11 32
11 35
11 36
11 40
11 44
11 47
11 48
11 55
11 56
11 57
11 61
11 67
11 68
11 69
11 71
11 81
11 85
12 0
12 2
12 4
12 6
12 71
12 9
12 57
12 66
12 46
12 15
12 81
12 85
12 55
12 25
17 6
17 10
17 13
17 15
17 25
17 26
17 29
17 30
17 31
17 38
17 42
17 43
17 44
17 47
17 55
17 59
17 61
17 63
17 65
17 66
17 68
17 73
17 76
17 77
17 81
17 87
18 2
18 87
18 36
18 38
18 71
18 9
18 75
18 77
18 79
18 81
18 18
18 85
18 57
18 23
18 25
18 26
18 27
18 62
18 63
21 6
21 73
21 44
21 13
21 77
21 23
21 57
21 61
21 30
21 63
22 4
22 69
22 8
22 73
22 10
22 44
22 13
22 46
22 15
22 82
22 53
22 23
22 56
22 57
22 47
22 29
22 85
24 59
24 75
24 36
24 13
24 47
25 33
25 2
25 67
25 6
25 40
25 41
25 10
25 43
25 44
25 13
25 46
25 45
25 76
25 81
25 82
25 56
25 57
25 27
27 1
27 2
27 67
27 4
27 71
27 9
27 43
27 44
27 46
27 47
27 76
27 75
27 57
27 29
27 62
28 33
28 35
28 38
28 1
28 73
28 10
28 75
28 44
28 48
28 42
28 57
28 26
28 27
28 29
28 62
29 34
29 36
29 5
29 8
29 87
29 57
30 32
30 1
30 2
30 68
30 38
30 33
30 8
30 47
30 75
30 44
30 13
30 46
30 15
30 81
30 73
30 77
30 22
30 23
30 27
30 29
30 62
32 32
32 2
32 38
32 6
32 9
32 79
32 45
32 13
32 46
32 15
32 80
32 18
32 20
32 53
32 22
32 23
32 57
32 26
32 47
32 29
32 63
33 35
33 6
33 15
33 82
33 22
33 47
33 62
33 31
35 65
35 34
35 36
35 6
35 38
35 13
35 46
35 48
35 82
35 66
35 87
35 68
35 27
35 61
35 62
36 0
36 2
36 4
36 13
36 15
36 27
36 29
36 31
36 32
36 39
36 41
36 42
36 44
36 46
36 57
36 66
36 68
36 69
36 77
36 82
36 85
36 87
37 66
37 68
37 8
37 9
37 75
37 44
37 46
37 41
37 87
37 25
37 26
37 29
37 63
38 32
38 65
38 2
38 35
38 68
38 8
38 10
38 44
38 13
38 79
38 87
38 4
38 63
38 36
39 1
39 2
39 75
39 44
39 46
39 47
39 18
41 0
41 2
41 6
41 10
41 13
41 15
41 18
41 22
41 31
41 33
41 41
41 42
41 44
41 45
41 57
41 67
41 68
41 73
41 75
41 77
41 82
41 87
42 0
42 1
42 36
42 33
42 38
42 32
42 41
42 42
42 39
42 13
42 77
42 15
42 81
42 82
42 57
42 23
42 25
42 27
43 6
43 9
43 10
43 23
43 27
43 29
43 31
43 33
43 36
43 38
43 42
43 44
43 46
43 47
43 56
43 57
43 68
43 71
43 75
43 76
43 81
43 82
43 87
47 2
47 8
47 10
47 13
47 26
47 27
47 29
47 30
47 33
47 34
47 36
47 38
47 39
47 42
47 48
47 56
47 57
47 59
47 62
47 67
47 68
47 73
47 76
47 81
47 82
47 87
50 33
50 2
50 67
50 36
50 8
50 9
50 10
50 44
50 61
50 47
50 40
50 66
50 41
50 59
50 29
51 75
51 46
51 15
51 53
51 23
51 26
51 29
51 63
54 71
54 75
54 44
54 46
54 22
54 87
54 26
54 29
58 1
58 2
58 6
58 13
58 23
58 25
58 27
58 29
58 31
58 35
58 36
58 39
58 40
58 41
58 42
58 43
58 53
58 59
58 67
58 71
58 75
58 81
60 0
60 32
60 2
60 67
60 36
60 6
60 8
60 41
60 79
60 87
60 76
60 13
60 77
60 47
60 81
60 82
60 23
60 26
60 27
60 61
60 31
61 33
61 71
61 8
61 9
61 10
61 87
61 13
61 77
61 45
61 81
61 79
61 41
61 73
61 23
61 26
61 63
61 42
61 31
62 36
62 75
62 48
62 57
62 22
62 23
62 25
62 87
62 61
63 0
63 2
63 68
63 6
63 8
63 41
63 75
63 66
63 77
63 81
63 55
63 56
63 57
63 29
63 63
65 66
65 67
65 4
65 71
65 40
65 9
65 10
65 75
65 44
65 46
65 47
65 82
65 57
65 23
65 56
65 36
65 26
65 27
65 28
65 29
65 30
66 0
66 6
66 8
66 9
66 15
66 22
66 23
66 27
66 29
66 31
66 33
66 41
66 44
66 57
66 59
66 65
66 66
66 67
66 71
66 73
66 75
66 82
66 87
67 0
67 33
67 2
67 59
67 68
67 71
67 80
67 73
67 87
67 44
67 15
67 16
67 81
67 23
67 57
67 27
67 28
67 31
74 2
74 67
74 4
74 5
74 40
74 73
74 42
74 75
74 44
74 9
74 87
74 23
74 62
74 63
75 65
75 68
75 33
75 71
75 42
75 45
75 61
75 20
75 1
75 23
75 4
75 29
75 30
75 31
76 32
76 33
76 2
76 35
76 36
76 38
76 71
76 8
76 41
76 75
76 66
76 77
76 87
76 82
76 62
76 23
76 57
76 26
76 29
76 30
76 31
77 4
77 6
77 9
77 10
77 33
77 39
77 41
77 43
77 44
77 47
77 53
77 55
77 57
77 59
77 62
77 63
77 66
77 68
77 71
77 73
77 81
77 85
82 2
82 43
82 73
82 42
82 75
82 13
82 15
82 22
82 26
82 27
83 2
83 68
83 38
83 71
83 9
83 42
83 66
83 48
83 81
83 82
83 53
83 55
83 61
83 30
84 0
84 33
84 2
84 59
84 80
84 8
84 9
84 10
84 43
84 44
84 13
84 46
84 47
84 48
84 81
84 18
84 23
84 57
84 27
84 61
84 31
86 32
86 68
86 36
86 6
86 71
86 8
86 9
86 75
86 77
86 46
86 47
86 18
86 85
86 73
86 57
86 25
86 79
86 61
86 30
86 63
87 0
87 1
87 2
87 4
87 10
87 15
87 20
87 23
87 26
87 29
87 32
87 33
87 38
87 39
87 40
87 46
87 66
87 69
87 75
87 79
87 82
87 87
