88
0 1
0 2
0 4
0 5
0 6
0 7
0 9
0 10
0 12
0 13
0 26
0 36
0 37
0 40
0 43
0 47
0 59
0 62
0 63
0 77
0 78
0 83
0 84
0 85
0 86
0 87
1 1
1 37
1 9
1 43
1 47
1 83
1 84
1 85
2 83
2 37
2 85
4 1
4 43
4 37
4 6
4 9
4 10
4 11
4 12
4 77
4 83
4 84
4 85
4 86
4 58
6 1
6 2
6 4
6 5
6 6
6 7
6 8
6 9
6 10
6 12
6 13
6 26
6 36
6 37
6 40
6 43
6 46
6 47
6 59
6 62
6 63
6 77
6 83
6 84
6 85
6 86
6 87
7 1
7 37
7 6
7 9
7 10
7 43
7 12
7 77
7 13
7 83
7 84
7 85
7 86
7 47
8 0
8 1
8 2
8 4
8 5
8 6
8 7
8 8
8 9
8 10
8 11
8 12
8 13
8 20
8 22
8 23
8 26
8 27
8 30
8 32
8 36
8 37
8 40
8 41
8 43
8 44
8 46
8 47
8 56
8 58
8 59
8 60
8 62
8 63
8 69
8 74
8 76
8 77
8 78
8 79
8 82
8 83
8 84
8 85
8 86
8 87
9 1
9 37
9 40
9 9
9 10
9 43
9 12
9 77
9 83
9 85
10 0
10 1
10 2
10 4
10 5
10 6
10 7
10 8
10 9
10 10
10 11
10 12
10 13
10 23
10 26
10 29
10 30
10 36
10 37
10 40
10 43
10 46
10 47
10 58
10 59
10 62
10 63
10 76
10 77
10 79
10 83
10 84
10 85
10 87
11 0
11 1
11 2
11 4
11 5
11 6
11 7
11 9
11 10
11 11
11 12
11 13
11 20
11 22
11 23
11 26
11 27
11 29
11 30
11 32
11 35
11 36
11 37
11 40
11 41
11 43
11 44
11 46
11 47
11 56
11 58
11 59
11 60
11 62
11 63
11 69
11 74
11 76
11 77
11 78
11 79
11 83
11 84
11 85
11 86
11 87
13 1
13 2
13 5
13 6
13 7
13 9
13 10
13 11
13 12
13 13
13 30
13 36
13 37
13 40
13 43
13 46
13 47
13 58
13 59
13 62
13 63
13 77
13 79
13 83
13 84
13 85
13 86
13 87
16 0
16 1
16 2
16 4
16 5
16 6
16 7
16 8
16 9
16 10
16 11
16 12
16 13
16 23
16 27
16 30
16 36
16 37
16 40
16 43
16 46
16 47
16 58
16 59
16 62
16 63
16 77
16 78
16 79
16 83
16 84
16 85
16 86
16 87
18 0
18 1
18 2
18 4
18 5
18 6
18 7
18 8
18 9
18 10
18 11
18 12
18 13
18 20
18 22
18 23
18 27
18 29
18 30
18 32
18 35
18 36
18 37
18 40
18 41
18 43
18 44
18 46
18 47
18 58
18 59
18 60
18 62
18 63
18 69
18 74
18 76
18 77
18 78
18 79
18 82
18 83
18 84
18 85
18 86
18 87
19 1
19 37
19 9
19 10
19 43
19 12
19 77
19 46
19 47
19 83
19 84
19 85
19 86
19 63
20 1
20 37
20 85
22 0
22 1
22 2
22 4
22 5
22 6
22 7
22 8
22 9
22 10
22 11
22 12
22 13
22 23
22 26
22 30
22 36
22 37
22 40
22 43
22 46
22 47
22 58
22 59
22 62
22 63
22 74
22 77
22 78
22 79
22 83
22 84
22 85
22 86
22 87
23 1
23 83
23 37
23 85
26 0
26 1
26 2
26 4
26 6
26 7
26 8
26 9
26 10
26 11
26 12
26 13
26 23
26 26
26 29
26 36
26 37
26 40
26 43
26 46
26 47
26 58
26 59
26 62
26 63
26 77
26 78
26 79
26 83
26 84
26 85
26 86
26 87
27 1
27 43
27 36
27 5
27 6
27 77
27 40
27 9
27 11
27 12
27 13
27 46
27 47
27 83
27 84
27 85
27 86
27 63
27 62
27 37
29 1
29 2
29 4
29 5
29 6
29 7
29 8
29 9
29 10
29 11
29 12
29 13
29 23
29 26
29 29
29 30
29 36
29 37
29 40
29 43
29 46
29 47
29 58
29 59
29 62
29 63
29 77
29 78
29 79
29 83
29 84
29 85
29 86
29 87
30 85
30 37
32 1
32 43
32 85
32 47
33 43
33 85
35 37
35 85
37 43
37 37
37 85
38 0
38 1
38 2
38 4
38 5
38 6
38 7
38 9
38 10
38 11
38 12
38 36
38 37
38 40
38 43
38 46
38 47
38 58
38 63
38 77
38 83
38 85
38 86
38 87
40 0
40 1
40 2
40 4
40 5
40 6
40 7
40 8
40 9
40 10
40 11
40 12
40 13
40 23
40 26
40 27
40 29
40 30
40 36
40 37
40 40
40 43
40 46
40 47
40 58
40 59
40 60
40 62
40 63
40 74
40 77
40 79
40 83
40 84
40 85
40 86
40 87
41 1
41 2
41 5
41 6
41 7
41 9
41 10
41 11
41 12
41 13
41 36
41 37
41 40
41 43
41 46
41 47
41 62
41 63
41 77
41 83
41 84
41 85
41 86
41 87
42 1
42 37
42 6
42 7
42 9
42 10
42 43
42 12
42 77
42 47
42 83
42 84
42 85
42 86
43 1
43 2
43 4
43 5
43 6
43 7
43 9
43 10
43 11
43 12
43 13
43 36
43 37
43 40
43 43
43 46
43 47
43 58
43 62
43 63
43 77
43 79
43 83
43 84
43 85
43 86
43 87
44 85
44 37
46 83
46 43
46 37
46 6
46 85
47 1
47 37
47 6
47 7
47 40
47 9
47 10
47 43
47 12
47 83
47 84
47 85
47 86
48 1
48 37
48 43
48 12
48 47
48 85
52 1
52 37
58 1
58 2
58 37
58 6
58 40
58 9
58 10
58 43
58 12
58 77
58 47
58 83
58 84
58 85
58 86
59 1
59 43
59 37
59 85
60 1
60 37
60 40
60 9
60 43
60 12
60 77
60 47
60 83
60 85
63 10
63 43
63 37
63 85
70 1
70 43
70 37
70 85
76 1
76 37
76 6
76 40
76 9
76 10
76 43
76 77
76 47
76 83
76 84
76 85
76 86
77 1
77 2
77 43
77 36
77 37
77 6
77 40
77 9
77 10
77 11
77 12
77 77
77 46
77 47
77 83
77 84
77 85
77 86
77 87
77 79
77 63
78 43
78 85
79 0
79 1
79 2
79 4
79 5
79 6
79 7
79 8
79 9
79 10
79 11
79 12
79 13
79 23
79 26
79 27
79 29
79 30
79 32
79 36
79 37
79 38
79 40
79 41
79 43
79 44
79 46
79 47
79 58
79 59
79 60
79 62
79 63
79 69
79 74
79 77
79 78
79 79
79 82
79 83
79 84
79 85
79 86
79 87
82 1
82 2
82 4
82 5
82 6
82 7
82 9
82 10
82 11
82 12
82 13
82 30
82 36
82 37
82 40
82 43
82 46
82 47
82 58
82 59
82 62
82 63
82 77
82 83
82 84
82 85
82 86
82 87
83 0
83 1
83 2
83 4
83 5
83 6
83 7
83 9
83 10
83 11
83 12
83 13
83 23
83 26
83 37
83 40
83 43
83 44
83 46
83 47
83 58
83 59
83 62
83 63
83 77
83 78
83 79
83 83
83 84
83 85
83 86
83 87
84 1
84 37
84 9
84 43
84 77
84 85
85 0
85 1
85 2
85 4
85 5
85 6
85 7
85 8
85 9
85 10
85 11
85 12
85 13
85 20
85 23
85 26
85 29
85 30
85 36
85 37
85 40
85 41
85 43
85 46
85 47
85 58
85 59
85 60
85 62
85 63
85 76
85 77
85 78
85 79
85 82
85 83
85 84
85 85
85 86
85 87
86 1
86 37
86 9
86 43
86 12
86 85
87 1
87 83
87 43
87 37
87 86
