88
0 0
0 3
0 4
0 6
0 7
0 12
0 16
0 23
0 24
0 31
0 32
0 37
0 40
0 46
0 48
0 52
0 59
0 62
0 63
0 68
0 75
0 76
0 77
0 78
0 80
0 87
1 32
1 59
1 70
1 74
1 75
1 17
1 51
1 21
1 24
1 27
1 53
3 2
3 3
3 6
3 8
3 12
3 18
3 20
3 25
3 26
3 27
3 28
3 32
3 46
3 48
3 57
3 59
3 61
3 66
3 67
3 71
3 74
3 76
3 77
3 81
3 82
3 87
8 2
8 7
8 16
8 17
8 22
8 26
8 32
8 35
8 39
8 41
8 45
8 48
8 51
8 53
8 59
8 61
8 63
8 65
8 67
8 70
8 74
8 75
8 76
8 77
8 78
8 79
8 81
9 40
9 78
9 80
9 18
9 51
9 53
9 31
10 2
10 3
10 5
10 6
10 7
10 8
10 18
10 20
10 22
10 23
10 24
10 27
10 31
10 32
10 38
10 44
10 48
10 53
10 55
10 57
10 58
10 65
10 66
10 67
10 70
10 72
10 77
10 78
10 87
11 66
11 35
11 4
11 37
11 74
11 12
11 17
11 87
11 24
12 2
12 4
12 6
12 12
12 17
12 24
12 25
12 26
12 28
12 37
12 41
12 45
12 46
12 47
12 53
12 57
12 59
12 63
12 68
12 70
12 71
12 73
12 74
12 77
12 80
12 87
13 0
13 1
13 2
13 3
13 4
13 5
13 12
13 18
13 20
13 22
13 24
13 25
13 27
13 29
13 37
13 41
13 48
13 51
13 55
13 58
13 63
13 75
13 78
13 79
13 87
17 4
17 70
17 6
17 44
17 74
17 76
17 51
17 59
17 28
18 0
18 1
18 2
18 3
18 4
18 6
18 7
18 12
18 17
18 22
18 25
18 31
18 32
18 44
18 45
18 46
18 48
18 51
18 52
18 53
18 55
18 73
18 74
18 77
18 78
18 80
18 81
18 87
19 3
19 4
19 12
19 17
19 22
19 24
19 25
19 26
19 32
19 33
19 34
19 37
19 40
19 46
19 48
19 51
19 53
19 59
19 60
19 61
19 73
19 74
19 76
19 77
19 79
19 84
19 87
20 1
20 2
20 4
20 6
20 12
20 18
20 20
20 26
20 29
20 31
20 32
20 33
20 34
20 37
20 48
20 55
20 57
20 58
20 60
20 66
20 71
20 75
20 77
20 84
20 87
24 32
24 1
24 2
24 67
24 6
24 77
24 48
24 81
24 51
24 24
24 27
28 26
29 33
29 7
29 76
29 17
29 51
29 59
30 1
30 2
30 68
30 70
30 6
30 7
30 8
30 74
30 44
30 66
30 47
30 72
30 22
30 55
30 24
30 25
30 63
31 1
31 2
31 6
31 7
31 8
31 17
31 18
31 22
31 25
31 26
31 37
31 41
31 42
31 44
31 48
31 51
31 52
31 53
31 55
31 59
31 61
31 66
31 68
31 74
31 78
31 81
31 87
32 2
32 3
32 4
32 7
32 12
32 18
32 20
32 26
32 34
32 48
32 49
32 51
32 53
32 55
32 57
32 60
32 66
32 67
32 68
32 71
32 75
32 81
32 82
32 87
35 0
35 2
35 4
35 6
35 7
35 8
35 17
35 22
35 29
35 32
35 37
35 45
35 52
35 55
35 57
35 58
35 60
35 68
35 75
35 76
35 77
35 86
35 87
38 1
38 2
38 3
38 4
38 20
38 24
38 25
38 26
38 28
38 31
38 44
38 45
38 48
38 51
38 52
38 55
38 58
38 59
38 63
38 66
38 70
38 73
38 74
38 75
38 77
39 0
39 2
39 7
39 8
39 12
39 16
39 17
39 20
39 22
39 24
39 29
39 31
39 32
39 35
39 37
39 39
39 41
39 52
39 55
39 67
39 72
39 75
39 80
39 81
39 87
41 1
41 3
41 8
41 12
41 20
41 22
41 24
41 25
41 27
41 28
41 31
41 32
41 33
41 34
41 35
41 37
41 40
41 45
41 47
41 55
41 61
41 63
41 66
41 68
41 71
41 74
41 80
43 1
43 2
43 5
43 6
43 7
43 16
43 17
43 22
43 24
43 25
43 31
43 37
43 38
43 41
43 47
43 51
43 57
43 68
43 70
43 71
43 72
43 73
43 74
43 75
43 76
43 80
46 2
46 4
46 6
46 12
46 16
46 17
46 20
46 23
46 24
46 26
46 31
46 39
46 40
46 48
46 52
46 55
46 58
46 59
46 61
46 66
46 67
46 72
46 77
46 80
46 81
46 86
48 1
48 3
48 7
48 8
48 16
48 17
48 22
48 26
48 32
48 40
48 47
48 48
48 51
48 55
48 57
48 61
48 66
48 71
48 74
48 76
48 78
48 79
48 80
48 81
48 85
48 87
49 32
49 68
49 2
49 3
49 4
49 37
49 6
49 7
49 41
49 71
49 12
49 17
49 20
49 22
49 25
49 28
49 31
50 1
50 66
50 3
50 37
50 6
50 40
50 76
50 17
50 55
50 24
52 32
52 33
52 34
52 3
52 66
52 37
52 6
52 7
52 75
52 45
52 47
52 48
52 87
52 35
52 55
52 24
52 57
52 58
52 27
52 51
54 32
54 65
54 66
54 3
54 37
54 7
54 8
54 73
54 72
54 55
56 0
56 1
56 66
56 4
56 37
56 6
56 7
56 72
56 77
56 80
56 40
56 22
56 63
60 1
60 2
60 3
60 4
60 37
60 7
60 74
60 87
60 12
60 34
60 78
60 45
60 17
60 51
60 52
60 66
60 22
60 55
60 25
60 26
60 79
63 1
63 2
63 3
63 4
63 6
63 7
63 12
63 17
63 20
63 28
63 33
63 38
63 39
63 48
63 51
63 52
63 53
63 55
63 57
63 61
63 63
63 70
63 74
63 75
63 77
63 78
63 80
63 82
63 87
64 1
64 2
64 3
64 6
64 7
64 12
64 18
64 20
64 24
64 28
64 31
64 33
64 39
64 47
64 51
64 53
64 58
64 60
64 63
64 70
64 74
64 76
64 78
64 79
64 80
64 87
72 6
72 8
72 12
72 16
72 17
72 20
72 31
72 34
72 37
72 39
72 41
72 44
72 51
72 55
72 57
72 66
72 70
72 72
72 73
72 75
72 76
72 78
72 79
72 81
72 82
72 87
74 0
74 1
74 2
74 4
74 16
74 17
74 22
74 24
74 25
74 28
74 31
74 32
74 48
74 51
74 55
74 58
74 65
74 67
74 68
74 70
74 71
74 73
74 77
74 80
74 86
76 1
76 2
76 6
76 7
76 17
76 20
76 22
76 24
76 25
76 32
76 35
76 37
76 47
76 48
76 51
76 55
76 58
76 63
76 65
76 66
76 71
76 76
76 77
76 78
76 82
77 0
77 1
77 3
77 17
77 20
77 24
77 26
77 27
77 28
77 29
77 31
77 32
77 37
77 44
77 46
77 47
77 48
77 51
77 57
77 60
77 63
77 66
77 67
77 70
77 73
77 76
77 77
78 1
78 3
78 4
78 6
78 8
78 12
78 16
78 17
78 20
78 23
78 25
78 26
78 32
78 37
78 38
78 39
78 41
78 45
78 46
78 70
78 73
78 74
78 76
78 77
78 79
78 80
78 87
82 24
82 81
82 2
82 3
82 45
83 32
83 48
83 7
83 41
83 74
83 44
83 16
83 17
83 52
83 87
83 24
83 58
83 29
86 0
86 1
86 6
86 7
86 8
86 12
86 16
86 22
86 24
86 28
86 32
86 35
86 45
86 46
86 48
86 51
86 57
86 60
86 70
86 71
86 72
86 73
86 75
86 76
86 78
86 80
86 87
87 2
87 3
87 66
87 37
87 7
87 76
87 74
87 39
87 12
87 34
87 78
87 61
87 75
87 51
87 55
87 57
87 26
87 79
87 60
87 29
