88
0 65
0 2
0 35
0 66
0 37
0 7
0 72
0 73
0 10
0 12
0 13
0 76
0 59
0 52
0 22
0 56
0 57
0 58
0 54
0 63
1 0
1 1
1 86
1 67
1 54
1 6
1 32
1 8
1 73
1 42
1 44
1 13
1 14
1 72
1 50
1 78
1 22
1 23
1 60
1 85
1 65
2 0
2 32
2 37
2 70
2 65
2 72
2 9
2 13
2 77
2 47
2 48
2 52
2 73
2 23
2 29
2 63
3 66
3 68
3 69
3 7
3 8
3 41
3 10
3 71
3 78
3 72
3 52
3 87
3 24
3 84
3 26
3 27
4 1
4 4
4 78
4 47
4 49
4 20
4 24
4 26
4 59
4 58
4 63
5 8
5 1
5 77
5 86
5 71
6 0
6 71
6 76
6 49
6 20
6 30
7 65
7 2
7 67
7 70
7 71
7 39
7 51
8 32
8 33
8 67
8 68
8 5
8 65
8 72
8 41
8 11
8 14
8 47
8 87
8 82
8 20
8 55
8 56
8 71
8 30
9 66
9 71
9 81
9 39
9 8
9 42
9 43
9 44
9 77
9 46
9 87
9 40
9 18
9 51
9 74
9 23
9 55
9 26
9 58
10 64
10 65
10 2
10 4
10 5
10 70
10 72
10 9
10 76
10 77
10 46
10 48
10 81
10 18
10 82
10 73
10 23
10 56
10 26
10 69
10 63
11 32
11 65
11 4
11 38
11 71
11 80
11 73
11 42
11 76
11 48
11 56
11 51
11 52
11 54
11 24
12 66
12 68
12 38
12 71
12 73
12 13
12 78
12 48
12 19
12 20
12 4
12 59
12 60
13 71
13 73
13 44
13 48
13 20
13 85
13 86
13 58
13 30
13 63
15 34
16 36
16 41
16 10
16 45
16 82
16 55
16 27
16 74
16 63
17 65
17 2
17 4
17 71
17 73
17 42
17 11
17 82
17 18
17 57
17 22
17 23
17 24
17 36
17 29
18 65
18 75
18 70
18 6
18 39
18 9
18 42
18 7
18 76
18 77
18 73
18 48
18 49
18 22
18 41
18 71
18 59
18 74
18 62
19 33
19 2
19 70
19 8
19 84
19 86
20 32
20 33
20 2
20 43
20 36
20 37
20 84
20 7
20 72
20 39
20 76
20 77
20 71
20 49
20 82
20 52
20 56
20 57
20 26
20 58
20 31
21 9
21 58
21 63
21 77
21 39
22 65
22 38
22 10
22 11
22 51
22 74
23 13
23 48
23 49
23 51
23 52
23 55
23 56
23 30
23 31
24 63
26 33
26 2
26 36
26 73
26 74
26 45
26 78
26 81
26 19
26 85
26 86
26 24
26 57
26 58
26 27
26 60
26 61
27 0
27 65
27 69
27 72
27 13
27 78
27 86
28 1
28 35
28 4
28 69
28 39
28 73
28 11
28 12
28 77
28 78
28 43
28 75
28 22
28 55
28 56
28 60
30 11
30 4
30 69
30 71
30 41
30 75
30 12
30 23
30 58
30 27
30 30
31 72
31 49
31 42
31 60
31 71
32 73
32 45
32 50
32 52
32 86
32 24
32 58
32 30
33 25
33 52
34 0
34 2
34 35
34 69
34 71
34 72
34 73
34 42
34 11
34 77
34 78
34 56
34 83
34 74
34 87
34 24
34 58
34 60
34 29
34 62
35 65
35 37
35 1
35 76
35 44
35 47
35 48
35 52
35 56
35 26
36 1
36 2
36 7
36 11
36 14
36 18
36 27
36 34
36 39
36 41
36 49
36 52
36 54
36 56
36 58
36 61
36 65
36 70
36 71
36 77
36 81
36 83
36 85
36 86
37 32
37 34
37 69
37 6
37 39
37 72
37 9
37 42
37 83
37 45
37 77
37 17
37 51
37 20
37 53
37 73
37 41
37 56
37 26
37 29
37 62
38 5
38 49
38 41
38 10
38 75
38 78
38 47
38 81
38 85
38 24
38 58
38 30
38 69
39 35
39 4
39 7
39 40
39 41
39 78
39 49
39 22
39 56
39 68
39 63
40 2
40 3
40 4
40 8
40 73
40 74
40 16
40 49
40 18
40 55
40 27
41 0
41 33
41 71
41 63
41 49
41 27
41 31
42 32
42 33
42 2
42 68
42 37
42 38
42 64
42 41
42 42
42 45
42 14
42 77
42 48
42 72
42 84
42 78
42 86
42 56
42 27
42 60
43 3
43 37
43 70
43 7
43 72
43 41
43 42
43 43
43 76
43 13
43 81
43 18
43 84
43 86
43 55
43 24
43 57
43 71
43 63
43 29
43 31
44 0
44 32
44 2
44 3
44 38
44 35
44 13
44 77
44 56
44 67
44 24
44 62
44 31
45 34
45 22
45 41
45 11
45 50
45 86
45 63
46 0
46 32
46 2
46 3
46 66
46 5
46 65
46 7
46 11
46 45
46 49
46 82
46 84
46 86
46 39
46 69
46 31
47 1
47 2
47 4
47 48
47 86
47 24
47 57
47 26
47 30
47 63
48 64
48 4
48 6
48 7
48 72
48 42
48 77
48 14
48 29
48 63
49 4
49 6
49 7
49 9
49 11
49 18
49 27
49 29
49 39
49 41
49 54
49 55
49 57
49 58
49 67
49 68
49 72
49 73
49 74
49 75
49 78
49 86
50 72
50 76
50 22
50 78
50 39
51 63
51 4
51 69
51 86
51 23
52 11
54 33
54 3
54 36
54 69
54 51
54 65
54 44
54 45
54 77
54 81
54 35
54 22
54 56
54 28
54 31
56 32
56 4
56 71
56 8
56 9
56 46
56 44
56 14
56 85
56 60
56 29
57 4
57 69
57 39
57 18
57 50
57 22
58 1
58 34
58 37
58 55
58 48
58 50
58 85
58 87
58 24
58 26
59 2
59 24
59 31
59 35
59 41
59 43
59 46
59 53
59 56
59 57
59 59
59 61
59 63
59 65
59 70
59 71
59 72
59 73
59 75
59 78
59 82
59 86
59 87
60 73
60 11
60 84
60 45
60 6
61 41
62 34
62 67
62 8
62 41
62 10
62 43
62 44
62 2
62 14
62 77
62 49
62 50
62 52
62 73
62 72
62 84
62 30
63 11
63 71
63 9
63 10
63 75
63 78
63 82
63 55
63 57
66 66
66 12
66 34
66 78
66 81
66 87
67 64
67 2
67 3
67 38
67 49
67 8
67 73
67 42
67 45
67 81
67 26
68 64
68 65
68 34
68 3
68 36
68 38
68 43
68 20
68 28
68 31
69 64
69 76
69 46
69 26
69 58
69 30
70 0
70 65
70 67
70 51
70 75
70 13
70 14
70 35
70 63
72 0
72 41
72 42
72 75
72 78
72 86
72 63
73 70
73 6
73 40
73 76
73 50
73 37
74 82
74 50
74 75
74 76
74 13
75 56
75 29
75 46
75 7
76 0
76 32
76 66
76 71
76 39
76 75
76 73
76 42
76 55
76 45
76 46
76 48
76 18
76 20
76 57
76 23
76 52
76 58
76 59
76 63
77 72
77 41
77 42
77 11
77 12
77 14
77 47
77 40
77 19
77 46
77 87
78 83
78 42
78 43
78 31
80 32
80 74
80 43
80 78
80 50
80 24
81 39
81 43
81 76
81 29
81 57
81 61
82 1
82 2
82 66
82 65
82 41
82 10
82 13
82 78
82 48
82 81
82 51
82 84
82 55
82 56
82 68
83 1
83 33
83 72
83 46
83 48
83 56
83 26
85 32
85 24
85 51
85 38
85 63
86 1
86 34
86 4
86 38
86 65
86 42
86 11
86 12
86 51
86 20
86 85
86 22
86 56
86 52
86 59
87 1
87 3
87 6
87 8
87 11
87 13
87 17
87 24
87 36
87 37
87 41
87 45
87 46
87 47
87 48
87 51
87 52
87 56
87 62
87 64
87 65
87 66
87 68
87 69
87 72
87 86
