88
1 0
1 32
1 68
1 38
1 76
1 77
1 79
1 18
1 23
1 59
1 63
2 0
2 13
2 20
2 23
2 30
2 32
2 33
2 35
2 36
2 39
2 46
2 51
2 52
2 55
2 57
2 59
2 60
2 61
2 63
2 66
2 67
2 72
4 65
4 66
4 67
4 68
4 86
4 38
4 74
4 76
4 77
4 46
4 15
4 18
4 51
4 84
4 22
4 60
5 0
5 8
5 13
5 18
5 21
5 22
5 23
5 32
5 33
5 35
5 36
5 37
5 38
5 39
5 43
5 46
5 51
5 52
5 57
5 58
5 60
5 62
5 63
5 65
5 66
5 70
5 72
5 77
5 79
5 86
6 0
6 33
6 67
6 48
6 37
6 70
6 32
6 72
6 76
6 39
6 44
6 77
6 16
6 82
6 22
6 68
6 59
6 60
9 0
9 13
9 15
9 18
9 20
9 21
9 32
9 33
9 35
9 36
9 37
9 38
9 39
9 40
9 43
9 44
9 48
9 51
9 59
9 60
9 61
9 62
9 66
9 68
9 76
9 77
9 78
9 79
9 82
9 84
9 85
13 0
13 2
13 13
13 23
13 32
13 33
13 36
13 37
13 38
13 39
13 40
13 43
13 44
13 46
13 48
13 59
13 60
13 63
13 66
13 68
13 70
13 72
13 76
13 78
13 79
13 82
13 84
15 61
18 32
18 33
18 66
18 39
18 8
18 74
18 76
18 13
18 46
18 77
18 40
18 82
18 52
18 78
18 23
18 72
19 2
19 8
19 12
19 13
19 18
19 21
19 22
19 23
19 32
19 33
19 35
19 37
19 46
19 48
19 51
19 57
19 60
19 63
19 65
19 66
19 68
19 70
19 72
19 76
19 77
19 79
19 82
24 0
24 8
24 10
24 12
24 13
24 15
24 18
24 21
24 30
24 32
24 33
24 37
24 38
24 39
24 40
24 58
24 59
24 60
24 63
24 65
24 66
24 68
24 71
24 72
24 76
24 77
24 78
24 79
24 84
24 86
25 8
25 13
25 18
25 22
25 23
25 30
25 33
25 34
25 35
25 36
25 37
25 38
25 39
25 40
25 49
25 51
25 57
25 59
25 60
25 62
25 63
25 66
25 68
25 70
25 72
25 77
25 78
25 82
25 85
25 86
26 0
26 2
26 13
26 21
26 32
26 33
26 35
26 36
26 38
26 39
26 46
26 48
26 52
26 57
26 59
26 60
26 66
26 70
26 77
26 78
26 79
26 82
26 86
27 0
27 8
27 13
27 18
27 21
27 23
27 31
27 32
27 33
27 35
27 37
27 38
27 39
27 43
27 48
27 49
27 51
27 52
27 57
27 58
27 59
27 60
27 65
27 66
27 68
27 72
27 74
27 76
27 77
27 86
28 2
28 8
28 13
28 18
28 21
28 23
28 32
28 33
28 35
28 37
28 38
28 39
28 43
28 48
28 51
28 52
28 57
28 59
28 61
28 63
28 66
28 67
28 68
28 70
28 72
28 77
28 78
28 82
28 84
28 86
34 0
34 2
34 13
34 14
34 15
34 18
34 22
34 23
34 32
34 37
34 39
34 44
34 46
34 47
34 48
34 55
34 59
34 60
34 61
34 65
34 66
34 67
34 70
34 72
34 77
34 78
34 79
34 82
34 86
36 32
36 66
36 35
36 38
36 39
36 76
36 13
36 78
36 82
36 46
36 23
36 62
46 0
46 2
46 8
46 13
46 19
46 30
46 31
46 33
46 36
46 37
46 40
46 44
46 46
46 47
46 51
46 55
46 57
46 59
46 60
46 63
46 65
46 66
46 68
46 70
46 72
46 76
46 78
46 79
46 82
53 0
53 2
53 8
53 13
53 20
53 23
53 33
53 35
53 36
53 38
53 40
53 43
53 44
53 47
53 48
53 49
53 59
53 60
53 61
53 63
53 65
53 67
53 68
53 70
53 71
53 72
53 77
53 78
53 82
53 86
57 2
57 9
57 10
57 13
57 18
57 30
57 31
57 32
57 33
57 35
57 37
57 38
57 43
57 46
57 47
57 51
57 57
57 59
57 63
57 66
57 67
57 70
57 72
57 74
57 77
57 78
57 82
57 86
58 0
58 18
58 21
58 22
58 23
58 30
58 32
58 33
58 36
58 38
58 40
58 46
58 55
58 57
58 59
58 60
58 61
58 63
58 65
58 66
58 68
58 71
58 72
58 76
58 77
58 78
58 79
58 82
58 84
58 86
63 0
63 2
63 8
63 13
63 20
63 21
63 23
63 31
63 32
63 33
63 37
63 38
63 40
63 46
63 48
63 51
63 57
63 59
63 60
63 62
63 63
63 65
63 66
63 67
63 70
63 72
63 74
63 76
63 77
63 82
66 1
66 2
66 8
66 18
66 31
66 32
66 33
66 37
66 38
66 40
66 43
66 44
66 46
66 48
66 55
66 57
66 58
66 59
66 63
66 66
66 67
66 68
66 70
66 71
66 72
66 76
66 77
66 78
66 80
66 84
67 0
67 8
67 13
67 18
67 23
67 30
67 32
67 37
67 38
67 39
67 40
67 43
67 44
67 46
67 48
67 55
67 57
67 59
67 60
67 65
67 67
67 72
67 76
67 77
67 78
67 79
67 82
67 84
68 2
68 18
68 21
68 23
68 31
68 33
68 37
68 39
68 43
68 44
68 46
68 48
68 57
68 59
68 61
68 63
68 65
68 68
68 76
68 82
68 84
68 86
70 0
70 2
70 13
70 18
70 20
70 21
70 22
70 23
70 35
70 36
70 38
70 39
70 43
70 46
70 59
70 61
70 62
70 63
70 66
70 72
70 74
70 76
70 77
70 78
70 79
70 80
70 82
70 85
71 2
71 8
71 18
71 20
71 21
71 23
71 30
71 32
71 35
71 36
71 37
71 38
71 39
71 40
71 43
71 44
71 46
71 48
71 51
71 55
71 58
71 61
71 62
71 63
71 66
71 67
71 68
71 70
71 78
71 86
73 0
73 2
73 8
73 13
73 18
73 21
73 23
73 32
73 33
73 35
73 36
73 39
73 40
73 49
73 50
73 55
73 59
73 60
73 62
73 63
73 67
73 68
73 72
73 76
73 77
73 78
73 79
73 80
73 82
73 84
73 85
75 0
75 8
75 18
75 23
75 33
75 38
75 39
75 43
75 44
75 46
75 47
75 48
75 52
75 58
75 62
75 63
75 70
75 74
75 77
75 78
75 84
75 86
76 0
76 2
76 11
76 13
76 21
76 22
76 23
76 35
76 37
76 38
76 39
76 43
76 44
76 46
76 49
76 59
76 60
76 62
76 63
76 65
76 66
76 67
76 68
76 72
76 77
76 78
76 79
76 80
76 82
77 0
77 2
77 13
77 15
77 18
77 20
77 30
77 32
77 35
77 36
77 37
77 38
77 44
77 46
77 48
77 51
77 55
77 60
77 62
77 63
77 66
77 72
77 76
77 78
77 79
77 80
77 82
77 84
81 68
81 8
81 76
81 74
81 44
81 13
81 46
81 47
81 18
81 51
81 82
81 86
81 23
81 60
81 62
81 63
83 0
83 2
83 8
83 18
83 19
83 23
83 30
83 32
83 33
83 34
83 35
83 37
83 38
83 40
83 44
83 48
83 60
83 62
83 63
83 67
83 68
83 70
83 72
83 76
83 78
83 79
83 80
83 82
83 86
84 2
84 13
84 16
84 18
84 23
84 30
84 33
84 36
84 37
84 40
84 44
84 46
84 47
84 48
84 51
84 58
84 59
84 60
84 62
84 63
84 68
84 70
84 71
84 72
84 76
84 77
84 78
84 82
84 84
84 85
84 86
86 2
86 8
86 13
86 15
86 18
86 20
86 23
86 30
86 32
86 33
86 37
86 38
86 44
86 51
86 57
86 60
86 62
86 65
86 67
86 68
86 70
86 76
86 77
86 79
86 82
86 85
