88
1 4
1 37
1 70
1 9
1 44
1 18
1 52
1 23
1 56
1 6
2 0
2 1
2 2
2 3
2 4
2 5
2 6
2 7
2 9
2 13
2 15
2 18
2 19
2 23
2 24
2 25
2 26
2 27
2 30
2 31
2 32
2 36
2 37
2 38
2 42
2 43
2 44
2 47
2 48
2 49
2 52
2 56
2 61
2 64
2 70
2 72
2 80
2 87
3 0
3 2
3 4
3 6
3 44
3 13
3 56
3 52
3 24
3 61
5 0
5 1
5 2
5 3
5 4
5 5
5 7
5 9
5 13
5 15
5 18
5 19
5 23
5 24
5 25
5 26
5 30
5 31
5 36
5 38
5 39
5 42
5 43
5 44
5 47
5 52
5 56
5 61
5 70
5 72
5 80
5 86
5 87
6 0
6 1
6 2
6 3
6 4
6 5
6 6
6 7
6 9
6 13
6 15
6 18
6 19
6 23
6 24
6 25
6 26
6 27
6 28
6 30
6 31
6 34
6 36
6 37
6 38
6 42
6 44
6 47
6 48
6 49
6 52
6 56
6 61
6 64
6 70
6 74
6 77
6 80
6 86
6 87
7 0
7 1
7 2
7 3
7 4
7 5
7 6
7 9
7 13
7 15
7 18
7 19
7 23
7 24
7 25
7 26
7 27
7 28
7 31
7 32
7 34
7 36
7 37
7 38
7 39
7 42
7 43
7 44
7 47
7 48
7 52
7 56
7 61
7 70
7 72
7 79
7 80
7 86
7 87
8 0
8 1
8 3
8 4
8 6
8 7
8 9
8 13
8 15
8 17
8 18
8 23
8 26
8 27
8 28
8 30
8 37
8 38
8 42
8 44
8 47
8 48
8 52
8 56
8 61
8 70
8 72
8 80
9 0
9 1
9 3
9 4
9 5
9 6
9 7
9 9
9 13
9 15
9 18
9 19
9 23
9 24
9 25
9 26
9 27
9 28
9 30
9 31
9 32
9 34
9 36
9 37
9 38
9 39
9 42
9 43
9 44
9 47
9 48
9 52
9 56
9 61
9 64
9 70
9 72
9 74
9 80
9 86
9 87
10 42
10 52
11 0
11 4
11 44
11 18
11 23
11 56
12 0
12 56
12 3
12 70
14 4
16 0
16 1
16 2
16 3
16 4
16 5
16 6
16 7
16 9
16 13
16 15
16 17
16 18
16 23
16 25
16 26
16 27
16 30
16 36
16 37
16 39
16 42
16 43
16 44
16 47
16 48
16 52
16 56
16 61
16 70
16 72
16 80
16 86
16 87
20 47
21 0
21 52
22 56
22 4
22 61
22 70
26 0
26 36
26 6
26 70
26 72
26 15
26 80
26 56
26 28
26 61
28 1
28 2
28 3
28 4
28 5
28 6
28 7
28 9
28 13
28 15
28 17
28 18
28 19
28 23
28 24
28 25
28 26
28 27
28 28
28 30
28 31
28 32
28 34
28 36
28 37
28 38
28 39
28 42
28 43
28 44
28 47
28 48
28 49
28 52
28 56
28 61
28 64
28 70
28 72
28 77
28 86
28 87
29 0
29 4
29 70
29 44
29 18
29 52
30 0
30 1
30 2
30 3
30 4
30 5
30 6
30 7
30 9
30 13
30 15
30 18
30 19
30 23
30 24
30 25
30 26
30 28
30 30
30 31
30 32
30 34
30 36
30 37
30 38
30 39
30 42
30 43
30 44
30 47
30 48
30 49
30 52
30 56
30 61
30 64
30 70
30 72
30 77
30 79
30 80
30 86
30 87
40 0
40 1
40 2
40 4
40 5
40 6
40 7
40 9
40 13
40 15
40 18
40 19
40 23
40 24
40 25
40 26
40 27
40 28
40 30
40 31
40 32
40 34
40 36
40 37
40 38
40 39
40 42
40 43
40 44
40 47
40 48
40 49
40 52
40 56
40 61
40 70
40 72
40 80
40 86
40 87
43 0
43 1
43 2
43 3
43 4
43 6
43 7
43 9
43 13
43 15
43 18
43 19
43 23
43 24
43 25
43 26
43 27
43 28
43 30
43 31
43 32
43 34
43 36
43 37
43 38
43 39
43 42
43 43
43 44
43 47
43 48
43 52
43 56
43 61
43 70
43 72
43 80
43 86
43 87
44 0
44 4
44 44
44 13
44 48
44 18
45 13
45 70
46 0
46 4
46 70
46 7
46 44
46 13
46 48
46 56
46 61
46 31
49 0
49 1
49 2
49 3
49 4
49 5
49 6
49 7
49 9
49 13
49 15
49 17
49 18
49 19
49 23
49 24
49 25
49 26
49 27
49 28
49 30
49 31
49 32
49 34
49 36
49 38
49 39
49 42
49 43
49 44
49 47
49 48
49 49
49 52
49 56
49 59
49 61
49 64
49 70
49 72
49 80
49 86
49 87
50 0
50 4
50 70
50 6
50 7
50 13
50 15
50 18
50 52
50 23
50 56
50 27
52 0
52 2
52 3
52 4
52 5
52 6
52 9
52 13
52 18
52 23
52 24
52 26
52 27
52 28
52 30
52 36
52 38
52 44
52 47
52 48
52 49
52 52
52 56
52 61
52 70
52 72
52 80
52 87
53 0
53 1
53 2
53 3
53 4
53 5
53 6
53 7
53 9
53 13
53 15
53 19
53 23
53 24
53 25
53 26
53 27
53 28
53 30
53 31
53 34
53 36
53 37
53 38
53 39
53 42
53 43
53 44
53 48
53 49
53 52
53 56
53 61
53 64
53 70
53 72
53 74
53 80
53 86
53 87
55 0
55 32
55 6
55 70
55 44
55 13
55 15
55 56
55 52
55 24
55 38
55 61
58 0
58 4
58 5
58 6
58 44
58 80
58 52
58 70
60 0
60 1
60 2
60 3
60 4
60 6
60 7
60 13
60 15
60 18
60 19
60 24
60 25
60 26
60 27
60 28
60 30
60 31
60 32
60 36
60 37
60 38
60 39
60 42
60 43
60 47
60 48
60 49
60 52
60 56
60 61
60 70
60 72
60 80
60 86
60 87
61 18
61 70
68 0
68 70
69 0
69 70
69 6
69 52
69 27
69 5
71 0
71 4
73 0
73 1
73 2
73 3
73 4
73 5
73 6
73 7
73 9
73 13
73 15
73 18
73 23
73 24
73 25
73 26
73 27
73 28
73 30
73 31
73 32
73 34
73 36
73 37
73 38
73 39
73 42
73 43
73 44
73 47
73 48
73 49
73 52
73 56
73 61
73 64
73 70
73 72
73 80
73 86
76 56
76 18
76 61
77 0
77 1
77 2
77 3
77 4
77 5
77 6
77 7
77 9
77 13
77 15
77 18
77 23
77 24
77 25
77 26
77 27
77 28
77 30
77 31
77 36
77 37
77 38
77 42
77 43
77 44
77 47
77 48
77 52
77 56
77 61
77 70
77 72
77 80
81 0
81 52
83 0
83 56
83 61
83 6
84 0
84 1
84 2
84 3
84 4
84 5
84 6
84 7
84 9
84 13
84 15
84 18
84 19
84 23
84 24
84 26
84 27
84 28
84 30
84 31
84 32
84 36
84 37
84 38
84 39
84 42
84 43
84 44
84 47
84 48
84 49
84 52
84 56
84 61
84 64
84 70
84 72
84 77
84 80
84 87
85 70
86 0
86 1
86 2
86 3
86 4
86 5
86 6
86 7
86 13
86 15
86 18
86 19
86 23
86 24
86 25
86 26
86 27
86 30
86 31
86 32
86 36
86 37
86 38
86 42
86 43
86 44
86 47
86 49
86 52
86 56
86 61
86 64
86 70
86 72
86 80
86 87
87 0
87 1
87 2
87 3
87 4
87 5
87 6
87 9
87 13
87 15
87 18
87 19
87 23
87 24
87 25
87 26
87 27
87 28
87 30
87 31
87 34
87 36
87 37
87 38
87 39
87 42
87 43
87 44
87 47
87 48
87 52
87 56
87 61
87 64
87 70
87 72
87 86
87 87
