88
1 0
1 1
1 5
1 7
1 8
1 10
1 13
1 15
1 18
1 22
1 23
1 24
1 28
1 29
1 30
1 31
1 32
1 34
1 35
1 36
1 37
1 38
1 39
1 40
1 41
1 42
1 45
1 46
1 47
1 48
1 49
1 52
1 56
1 60
1 62
1 64
1 66
1 67
1 69
1 70
1 72
1 74
1 77
1 81
1 82
1 83
1 86
1 87
6 0
6 1
6 2
6 3
6 5
6 7
6 8
6 10
6 13
6 18
6 19
6 22
6 24
6 25
6 26
6 27
6 29
6 31
6 32
6 34
6 35
6 36
6 37
6 38
6 39
6 40
6 41
6 42
6 45
6 46
6 47
6 48
6 49
6 52
6 53
6 54
6 55
6 56
6 60
6 62
6 64
6 66
6 67
6 69
6 70
6 71
6 72
6 73
6 74
6 77
6 78
6 81
6 82
6 86
6 87
7 0
7 1
7 3
7 5
7 7
7 8
7 10
7 13
7 18
7 19
7 22
7 23
7 24
7 28
7 29
7 30
7 31
7 32
7 34
7 35
7 36
7 37
7 38
7 39
7 40
7 41
7 42
7 45
7 46
7 47
7 48
7 49
7 52
7 55
7 56
7 60
7 62
7 64
7 66
7 67
7 68
7 69
7 70
7 71
7 72
7 73
7 74
7 77
7 78
7 81
7 83
7 86
7 87
9 3
9 5
9 8
9 10
9 13
9 18
9 22
9 23
9 24
9 26
9 28
9 29
9 30
9 31
9 32
9 35
9 36
9 37
9 38
9 39
9 40
9 41
9 42
9 45
9 46
9 48
9 52
9 55
9 56
9 57
9 60
9 62
9 64
9 66
9 69
9 70
9 72
9 73
9 74
9 77
9 78
9 81
9 83
9 86
9 87
11 0
11 1
11 2
11 3
11 5
11 7
11 8
11 13
11 18
11 19
11 22
11 23
11 24
11 25
11 26
11 28
11 29
11 30
11 31
11 32
11 34
11 35
11 36
11 37
11 38
11 39
11 40
11 41
11 42
11 45
11 46
11 47
11 48
11 49
11 51
11 52
11 53
11 55
11 56
11 57
11 60
11 62
11 64
11 66
11 68
11 69
11 70
11 72
11 73
11 74
11 77
11 78
11 80
11 81
11 82
11 86
11 87
12 0
12 1
12 3
12 5
12 7
12 10
12 13
12 18
12 19
12 23
12 24
12 25
12 26
12 27
12 28
12 29
12 30
12 31
12 32
12 34
12 35
12 36
12 37
12 38
12 39
12 40
12 41
12 42
12 45
12 46
12 47
12 48
12 52
12 54
12 55
12 56
12 57
12 60
12 62
12 64
12 66
12 67
12 69
12 70
12 71
12 72
12 73
12 74
12 78
12 81
12 82
12 86
12 87
14 0
14 1
14 2
14 5
14 7
14 8
14 10
14 13
14 18
14 19
14 22
14 23
14 24
14 25
14 26
14 27
14 28
14 29
14 30
14 31
14 32
14 34
14 35
14 36
14 37
14 38
14 39
14 40
14 41
14 42
14 45
14 47
14 48
14 49
14 52
14 54
14 55
14 56
14 57
14 60
14 61
14 62
14 64
14 66
14 69
14 70
14 71
14 72
14 74
14 77
14 78
14 80
14 81
14 83
14 86
14 87
16 0
16 1
16 2
16 3
16 5
16 8
16 10
16 13
16 18
16 19
16 22
16 23
16 25
16 27
16 28
16 29
16 30
16 31
16 32
16 33
16 34
16 35
16 36
16 37
16 38
16 39
16 40
16 41
16 42
16 45
16 46
16 47
16 48
16 49
16 52
16 54
16 55
16 56
16 60
16 62
16 64
16 66
16 67
16 69
16 70
16 72
16 74
16 77
16 78
16 81
16 86
16 87
20 0
20 1
20 2
20 3
20 5
20 7
20 10
20 13
20 18
20 22
20 23
20 24
20 27
20 28
20 29
20 30
20 31
20 32
20 34
20 35
20 36
20 37
20 38
20 39
20 40
20 41
20 42
20 45
20 46
20 48
20 50
20 52
20 54
20 55
20 56
20 60
20 62
20 64
20 66
20 69
20 70
20 71
20 72
20 73
20 74
20 77
20 78
20 80
20 81
20 83
20 85
20 86
20 87
22 0
22 1
22 2
22 3
22 5
22 7
22 8
22 10
22 13
22 18
22 22
22 23
22 24
22 27
22 28
22 29
22 30
22 31
22 32
22 34
22 35
22 36
22 37
22 38
22 39
22 41
22 42
22 45
22 46
22 47
22 48
22 50
22 52
22 54
22 56
22 57
22 62
22 64
22 66
22 67
22 69
22 70
22 72
22 73
22 74
22 77
22 78
22 81
22 83
22 87
23 0
23 1
23 2
23 3
23 5
23 8
23 13
23 18
23 22
23 23
23 24
23 28
23 29
23 30
23 31
23 32
23 34
23 35
23 37
23 38
23 39
23 41
23 42
23 45
23 46
23 47
23 48
23 52
23 55
23 56
23 60
23 62
23 64
23 66
23 67
23 70
23 71
23 72
23 73
23 74
23 77
23 78
23 80
23 81
23 83
23 86
23 87
44 0
44 2
44 3
44 5
44 7
44 8
44 10
44 13
44 18
44 19
44 22
44 23
44 24
44 25
44 26
44 27
44 28
44 29
44 30
44 33
44 34
44 35
44 36
44 37
44 38
44 39
44 40
44 41
44 42
44 45
44 46
44 47
44 48
44 49
44 52
44 54
44 55
44 56
44 60
44 61
44 62
44 64
44 66
44 68
44 69
44 70
44 72
44 73
44 74
44 77
44 78
44 80
44 81
44 82
44 83
44 86
44 87
58 0
58 1
58 2
58 3
58 5
58 8
58 10
58 18
58 23
58 24
58 29
58 30
58 31
58 32
58 34
58 35
58 36
58 38
58 39
58 40
58 42
58 47
58 48
58 52
58 55
58 56
58 60
58 62
58 66
58 67
58 69
58 70
58 71
58 72
58 74
58 81
58 83
58 86
58 87
63 0
63 1
63 2
63 3
63 5
63 7
63 8
63 10
63 13
63 18
63 19
63 22
63 23
63 24
63 27
63 28
63 29
63 30
63 31
63 34
63 35
63 36
63 37
63 38
63 39
63 40
63 41
63 42
63 45
63 46
63 47
63 48
63 49
63 52
63 55
63 56
63 60
63 62
63 64
63 66
63 67
63 68
63 69
63 70
63 72
63 73
63 74
63 75
63 78
63 81
63 83
63 85
63 86
63 87
76 1
76 2
76 3
76 5
76 8
76 10
76 13
76 18
76 22
76 24
76 28
76 29
76 30
76 31
76 32
76 34
76 35
76 36
76 37
76 38
76 39
76 40
76 42
76 45
76 46
76 47
76 48
76 49
76 52
76 54
76 55
76 56
76 60
76 62
76 66
76 67
76 69
76 70
76 72
76 73
76 74
76 78
76 80
76 81
76 83
76 86
76 87
84 0
84 1
84 2
84 3
84 5
84 8
84 10
84 15
84 18
84 22
84 23
84 24
84 26
84 27
84 28
84 29
84 30
84 31
84 32
84 34
84 35
84 36
84 37
84 38
84 39
84 40
84 41
84 45
84 46
84 47
84 48
84 49
84 51
84 52
84 54
84 55
84 56
84 57
84 60
84 62
84 64
84 66
84 67
84 69
84 70
84 72
84 73
84 74
84 77
84 78
84 80
84 81
84 82
84 83
84 86
84 87
85 0
85 1
85 2
85 3
85 7
85 8
85 10
85 13
85 18
85 19
85 22
85 23
85 24
85 25
85 26
85 27
85 28
85 29
85 30
85 31
85 32
85 34
85 35
85 36
85 37
85 38
85 39
85 40
85 41
85 42
85 45
85 46
85 47
85 48
85 49
85 52
85 54
85 55
85 56
85 57
85 60
85 62
85 66
85 67
85 69
85 70
85 72
85 73
85 74
85 75
85 77
85 78
85 80
85 81
85 82
85 83
85 86
85 87
