88
0 1
0 2
0 3
0 69
0 51
0 77
0 40
0 63
0 79
0 12
0 34
0 46
0 47
0 72
0 19
0 25
0 58
0 59
0 70
0 30
0 31
1 66
1 3
1 68
1 73
1 75
1 12
1 46
1 47
1 87
1 4
1 60
2 33
2 3
2 68
2 72
2 10
2 47
2 51
2 25
2 62
3 64
3 0
3 2
3 73
3 78
3 49
3 19
3 24
3 57
3 26
4 50
4 87
4 77
4 69
4 71
5 33
5 35
5 38
5 40
5 73
5 78
5 51
5 87
5 63
6 65
6 2
6 72
6 12
6 66
6 77
6 17
6 24
6 26
6 59
6 61
6 63
7 68
7 72
7 73
7 78
7 19
7 86
7 23
7 24
7 25
8 1
8 69
8 71
8 72
8 11
8 12
8 49
8 57
8 33
9 0
9 48
9 2
9 35
9 5
9 38
9 9
9 11
9 12
9 45
9 15
9 16
9 49
9 51
9 85
9 83
9 25
9 44
9 30
10 42
11 0
11 3
11 6
11 11
11 12
11 19
11 52
11 57
11 25
11 58
12 64
12 1
12 2
12 3
12 4
12 5
12 35
12 7
12 8
12 42
12 34
12 47
12 19
12 52
12 86
12 87
12 24
12 26
12 31
13 1
13 2
13 6
13 7
13 13
13 24
13 30
13 31
13 32
13 34
13 37
13 39
13 42
13 43
13 48
13 49
13 51
13 53
13 59
13 69
13 72
13 85
13 86
14 3
15 32
15 33
15 2
15 35
15 82
15 69
15 39
15 9
15 79
15 77
15 47
15 48
15 49
15 50
15 51
15 52
15 24
15 59
15 62
15 63
16 0
16 71
16 62
16 53
16 24
16 57
16 30
17 1
17 2
17 3
17 81
17 76
17 46
17 49
17 82
17 51
17 85
17 54
17 24
17 26
17 59
17 61
17 63
18 0
18 32
18 2
18 3
18 6
18 33
18 8
18 12
18 13
18 34
18 81
18 19
18 62
18 22
18 85
18 24
18 25
18 58
18 51
18 30
18 31
19 0
19 1
19 5
19 6
19 71
19 9
19 74
19 43
19 12
19 45
19 46
19 47
19 51
19 52
19 21
19 86
19 41
19 60
19 53
19 69
19 37
20 1
20 2
20 4
20 11
20 19
20 32
20 34
20 44
20 47
20 49
20 52
20 53
20 54
20 56
20 58
20 59
20 62
20 63
20 65
20 71
20 72
20 75
21 33
21 11
21 57
22 85
23 0
23 2
23 69
23 6
23 39
23 72
23 11
23 12
23 47
23 48
23 49
23 50
23 51
23 62
23 22
23 57
23 26
23 70
23 30
24 65
24 34
24 35
24 7
24 9
24 74
24 75
24 46
24 47
24 19
24 57
24 26
24 62
25 34
25 67
25 5
25 71
25 72
25 47
25 48
25 51
25 52
25 57
25 25
25 26
25 63
26 33
26 34
26 68
26 69
26 6
26 39
26 72
26 41
26 74
26 43
26 13
26 46
26 83
26 52
26 24
26 25
26 58
26 63
26 31
27 32
27 2
27 68
27 39
27 72
27 11
27 34
27 78
27 77
27 82
27 19
27 52
27 85
27 22
27 61
27 63
28 0
28 65
28 69
28 6
28 44
28 12
28 13
28 47
28 87
28 24
29 32
29 28
30 32
30 1
30 34
30 3
30 6
30 33
30 72
30 45
30 47
31 64
31 1
31 2
31 68
31 6
31 10
31 34
31 46
31 48
31 49
31 52
31 26
31 59
31 30
31 31
32 68
32 1
32 3
32 36
32 5
32 39
32 72
32 41
32 74
32 47
32 50
32 57
32 63
32 62
32 31
33 32
33 34
33 3
33 10
33 11
33 19
33 54
33 31
34 32
34 66
34 68
34 6
34 81
34 72
34 10
34 76
34 77
34 47
34 17
34 82
34 19
34 56
34 25
34 59
35 73
35 67
35 69
35 25
36 49
36 77
37 0
37 63
37 77
37 49
37 25
37 59
37 31
38 0
38 1
38 2
38 68
38 54
38 6
38 32
38 42
38 12
38 13
38 46
38 45
38 77
38 21
38 22
38 25
38 26
38 63
38 60
38 62
38 31
39 0
39 33
39 72
39 13
39 49
39 52
39 24
39 30
40 32
40 1
40 33
40 72
40 76
40 13
40 87
40 56
40 30
40 63
41 19
41 52
41 86
41 63
42 0
42 34
42 3
42 36
42 37
42 6
42 39
42 8
42 71
42 13
42 46
42 47
42 19
42 52
42 77
42 69
42 68
42 26
42 27
42 62
42 31
43 1
43 3
43 11
43 13
43 15
43 19
43 31
43 33
43 36
43 46
43 51
43 60
43 63
43 67
43 68
43 69
43 72
43 73
43 76
43 77
43 81
43 83
43 87
44 4
44 70
44 7
44 13
44 24
44 58
44 63
44 31
45 25
45 10
45 74
45 46
45 87
46 0
46 32
46 2
46 68
46 5
46 38
46 49
46 77
46 11
46 12
46 66
46 46
46 47
46 48
46 17
46 21
46 22
46 69
46 59
46 30
46 63
47 0
47 33
47 68
47 5
47 48
47 49
47 52
47 23
47 26
48 10
48 52
48 87
49 33
49 47
49 57
49 6
49 73
50 32
50 65
50 68
50 39
50 72
50 9
50 42
50 12
50 13
50 46
50 77
50 49
50 51
50 24
50 57
50 79
51 32
51 34
51 37
51 76
51 77
51 47
51 51
51 26
51 27
51 30
51 31
52 34
52 35
52 36
52 69
52 47
52 19
52 24
52 57
52 37
53 2
54 8
54 86
55 0
55 34
55 3
55 6
55 12
55 77
55 82
55 28
55 31
56 52
56 75
56 68
56 57
56 39
57 33
57 3
57 40
57 75
57 12
57 45
57 15
57 43
57 61
58 32
58 1
58 68
58 33
58 47
58 48
58 19
58 56
58 26
58 59
58 31
59 1
59 68
59 69
59 39
59 43
59 33
60 0
60 32
60 36
60 6
60 11
60 81
60 61
62 0
62 1
62 2
62 5
62 33
62 73
62 83
62 77
62 79
62 49
62 19
62 52
62 21
62 63
62 69
62 31
63 24
63 4
63 53
64 32
64 2
64 34
64 71
64 72
64 75
64 66
64 50
64 51
64 54
64 59
64 63
65 57
65 28
66 34
66 3
66 11
66 49
66 51
66 52
66 30
66 31
67 0
67 69
67 70
67 51
67 24
67 57
68 57
68 5
69 24
69 12
70 64
70 1
70 6
70 33
70 72
70 41
70 11
70 12
70 46
70 53
70 57
70 59
70 60
70 62
71 3
71 36
71 6
71 38
71 40
71 46
71 52
71 23
71 25
72 1
72 2
72 3
72 5
72 10
72 19
72 23
72 26
72 31
72 34
72 38
72 40
72 46
72 48
72 49
72 52
72 62
72 63
72 67
72 78
72 79
72 87
73 32
73 3
73 10
73 44
73 13
73 78
73 19
73 22
73 63
74 3
74 68
74 69
74 6
74 87
74 27
75 57
75 3
76 33
76 26
76 6
77 83
77 68
77 69
77 6
77 77
77 8
77 45
77 46
77 15
77 17
77 51
77 87
77 24
77 57
77 72
78 1
78 2
78 9
78 12
78 13
78 15
78 26
78 30
78 33
78 37
78 40
78 48
78 49
78 51
78 56
78 62
78 65
78 68
78 72
78 77
78 78
78 81
79 32
79 6
80 32
80 34
80 5
80 46
80 48
80 49
80 21
80 24
80 57
81 73
81 87
81 19
81 76
81 71
82 1
82 68
82 6
82 52
83 0
83 33
83 67
83 3
83 68
83 69
83 8
83 64
83 12
83 77
83 46
83 47
83 49
83 51
83 62
84 27
85 26
86 56
86 1
86 83
87 0
87 5
87 70
87 72
87 44
87 11
87 12
87 77
87 49
87 52
87 87
87 57
87 26
87 59
87 30
87 31
