88
0 0
0 4
0 7
0 9
0 18
0 20
0 21
0 25
0 26
0 27
0 30
0 32
0 36
0 38
0 44
0 48
0 49
0 51
0 53
0 57
0 58
0 65
0 70
0 72
0 74
0 75
0 79
1 4
1 9
1 18
1 20
1 25
1 26
1 27
1 31
1 32
1 33
1 36
1 38
1 40
1 45
1 46
1 47
1 48
1 49
1 53
1 55
1 57
1 58
1 61
1 63
1 65
1 70
1 72
1 73
1 74
1 75
1 79
1 80
1 87
2 3
2 5
2 8
2 18
2 20
2 21
2 22
2 25
2 26
2 27
2 30
2 32
2 33
2 34
2 36
2 38
2 39
2 43
2 45
2 46
2 47
2 48
2 53
2 55
2 57
2 58
2 61
2 63
2 65
2 70
2 71
2 72
2 73
2 74
2 75
2 76
2 79
2 80
2 82
2 87
3 1
3 5
3 9
3 14
3 18
3 20
3 21
3 22
3 25
3 26
3 27
3 30
3 31
3 32
3 33
3 34
3 36
3 39
3 40
3 41
3 43
3 45
3 47
3 48
3 49
3 51
3 53
3 55
3 57
3 58
3 61
3 65
3 71
3 72
3 73
3 74
3 75
3 76
3 82
4 36
4 5
4 70
4 9
4 79
4 75
4 61
4 82
4 20
4 53
4 55
4 25
4 26
4 27
4 58
6 34
6 4
6 49
6 70
6 39
6 8
6 9
6 75
6 45
6 47
6 48
6 40
6 82
6 20
6 53
6 73
6 25
6 58
6 29
6 30
6 36
10 4
10 7
10 9
10 18
10 20
10 25
10 26
10 27
10 30
10 33
10 34
10 40
10 44
10 45
10 47
10 48
10 49
10 53
10 55
10 57
10 58
10 61
10 63
10 65
10 70
10 73
10 74
10 75
10 76
10 79
10 80
10 82
13 32
13 65
13 34
13 4
13 70
13 7
13 72
13 74
13 75
13 47
13 18
13 20
13 57
13 55
13 36
13 26
13 27
13 58
13 30
16 55
17 34
17 4
17 74
17 47
17 82
17 20
19 0
19 4
19 5
19 9
19 18
19 20
19 26
19 27
19 31
19 33
19 34
19 36
19 38
19 40
19 43
19 44
19 45
19 46
19 47
19 48
19 49
19 53
19 54
19 55
19 57
19 58
19 61
19 62
19 66
19 70
19 71
19 72
19 73
19 74
19 75
19 76
19 79
19 82
19 87
22 0
22 1
22 4
22 7
22 8
22 9
22 20
22 25
22 27
22 30
22 32
22 34
22 36
22 40
22 43
22 44
22 45
22 47
22 48
22 49
22 53
22 55
22 57
22 63
22 65
22 66
22 67
22 70
22 72
22 73
22 74
22 75
22 76
22 80
22 82
22 83
22 86
24 4
24 7
24 20
24 25
24 26
24 27
24 29
24 32
24 33
24 36
24 38
24 45
24 47
24 53
24 55
24 58
24 61
24 62
24 66
24 70
24 72
24 73
24 74
24 75
24 80
24 83
24 87
34 33
34 4
34 70
34 39
34 72
34 73
34 75
34 45
34 80
34 47
34 48
34 49
34 20
34 53
34 57
34 26
34 27
34 58
35 34
35 75
35 4
35 7
35 73
35 74
35 43
35 44
35 66
35 47
35 80
35 49
35 18
35 20
35 57
35 55
35 36
35 26
35 27
35 58
37 3
37 4
37 9
37 14
37 18
37 20
37 21
37 23
37 25
37 26
37 27
37 30
37 32
37 33
37 34
37 36
37 39
37 40
37 45
37 47
37 48
37 49
37 53
37 55
37 57
37 58
37 61
37 65
37 70
37 71
37 72
37 73
37 74
37 75
37 79
37 80
37 82
37 87
42 4
42 7
42 8
42 9
42 18
42 20
42 25
42 26
42 30
42 31
42 34
42 36
42 39
42 41
42 45
42 47
42 49
42 53
42 55
42 57
42 58
42 61
42 63
42 65
42 66
42 70
42 71
42 73
42 74
42 75
42 79
42 80
42 82
44 65
44 4
44 74
44 39
44 40
44 9
44 57
44 75
44 46
44 80
44 49
44 20
44 53
44 55
44 72
44 36
44 26
44 27
44 58
45 8
45 18
45 20
45 21
45 23
45 25
45 26
45 27
45 30
45 32
45 33
45 34
45 39
45 40
45 41
45 43
45 44
45 45
45 47
45 48
45 53
45 57
45 58
45 61
45 63
45 65
45 72
45 73
45 74
45 75
45 79
45 87
50 4
50 7
50 8
50 9
50 18
50 20
50 27
50 30
50 31
50 32
50 33
50 34
50 36
50 39
50 40
50 43
50 45
50 46
50 47
50 48
50 49
50 53
50 55
50 57
50 58
50 63
50 65
50 70
50 71
50 72
50 73
50 75
50 76
50 79
50 80
50 82
50 86
52 4
52 5
52 7
52 8
52 9
52 18
52 20
52 23
52 25
52 26
52 31
52 32
52 34
52 36
52 38
52 40
52 41
52 43
52 47
52 53
52 57
52 58
52 65
52 66
52 70
52 72
52 73
52 74
52 75
52 79
52 80
52 82
52 85
56 0
56 33
56 34
56 36
56 70
56 7
56 40
56 74
56 75
56 82
56 47
56 80
56 18
56 79
56 55
56 25
56 26
56 27
56 58
58 32
58 4
58 70
58 7
58 73
58 82
58 75
58 61
58 47
58 80
58 18
58 20
58 21
58 57
58 25
58 26
58 27
58 36
58 53
58 31
59 4
59 7
59 9
59 18
59 20
59 26
59 27
59 30
59 34
59 48
59 55
59 57
59 58
59 63
59 65
59 72
59 73
59 74
59 75
59 80
59 82
59 87
60 5
60 7
60 8
60 9
60 18
60 20
60 25
60 26
60 27
60 33
60 34
60 36
60 39
60 47
60 48
60 49
60 55
60 57
60 58
60 63
60 65
60 67
60 70
60 71
60 73
60 75
60 76
60 79
60 80
62 34
62 36
62 7
62 73
62 79
62 75
62 47
62 48
62 20
62 53
62 55
62 57
62 26
62 27
62 58
64 65
64 4
64 74
64 43
64 47
64 48
64 53
66 4
66 5
66 7
66 9
66 18
66 20
66 21
66 23
66 25
66 26
66 27
66 31
66 32
66 33
66 34
66 36
66 39
66 45
66 46
66 47
66 48
66 49
66 55
66 57
66 58
66 61
66 66
66 72
66 73
66 74
66 75
66 76
66 79
66 82
66 86
70 4
70 7
70 18
70 25
70 27
70 30
70 31
70 32
70 33
70 34
70 36
70 38
70 39
70 40
70 44
70 45
70 46
70 47
70 49
70 53
70 55
70 57
70 58
70 61
70 65
70 66
70 70
70 74
70 79
70 80
70 82
70 87
72 34
72 75
72 36
72 70
72 7
72 40
72 74
72 71
72 82
72 48
72 18
72 20
72 57
72 26
72 27
73 4
73 71
73 44
73 76
73 80
73 82
73 57
73 55
73 25
73 58
73 27
73 36
77 32
77 65
77 87
77 36
77 70
77 39
77 40
77 9
77 75
77 45
77 47
77 80
77 49
77 82
77 53
77 41
77 57
77 26
77 79
78 4
78 25
78 26
78 27
78 31
78 34
78 36
78 39
78 44
78 47
78 48
78 49
78 53
78 55
78 57
78 61
78 65
78 66
78 67
78 70
78 73
78 74
78 79
78 80
78 82
78 87
81 4
81 8
81 9
81 14
81 18
81 20
81 26
81 27
81 30
81 31
81 32
81 33
81 34
81 36
81 38
81 39
81 40
81 43
81 45
81 47
81 48
81 53
81 54
81 55
81 57
81 58
81 65
81 66
81 67
81 70
81 72
81 73
81 74
81 75
81 79
81 80
83 4
83 7
83 18
83 20
83 25
83 26
83 27
83 30
83 33
83 34
83 36
83 39
83 43
83 45
83 47
83 48
83 53
83 55
83 57
83 58
83 61
83 63
83 70
83 72
83 74
83 76
83 80
