88
0 64
0 65
0 72
0 42
0 75
0 20
0 23
0 55
0 87
0 60
0 30
1 3
1 6
1 39
1 45
1 79
1 53
1 86
1 30
2 64
2 70
2 83
2 53
2 55
2 57
2 58
3 40
3 58
3 62
4 76
4 23
4 12
4 47
5 33
5 44
5 7
6 6
6 71
6 72
6 73
6 76
6 78
6 81
6 87
6 61
6 30
7 41
7 67
7 46
7 59
8 35
8 70
8 38
8 49
8 8
8 43
8 76
8 47
8 40
8 19
8 52
8 55
8 58
8 79
8 62
9 65
9 35
9 39
9 43
9 76
9 46
9 47
9 57
9 59
10 65
10 2
10 63
10 75
10 12
10 13
10 49
10 55
10 27
10 62
10 31
11 32
11 33
11 66
11 50
11 4
11 69
11 39
11 13
11 14
11 47
11 18
11 20
11 46
11 57
11 60
11 85
12 1
12 66
12 3
12 69
12 16
12 33
12 8
12 41
12 14
12 80
12 54
12 55
12 61
12 37
13 34
13 66
13 69
13 8
13 83
13 13
13 77
13 80
13 49
13 51
13 20
13 22
13 57
13 58
13 86
13 62
14 54
14 72
14 18
14 53
14 86
14 63
15 32
15 33
15 82
15 76
15 70
17 45
18 0
18 3
18 38
18 73
18 74
18 14
18 18
18 19
18 52
18 87
19 0
19 64
19 43
19 33
19 7
19 39
19 13
19 81
19 50
19 51
19 53
19 54
19 57
19 26
20 65
20 34
20 68
20 73
20 12
20 53
20 54
20 58
20 27
20 61
20 63
21 64
21 2
21 71
21 73
21 76
21 79
21 51
21 20
21 29
21 31
22 34
23 8
23 44
23 51
23 85
23 54
23 23
23 57
23 59
23 61
24 64
24 0
24 6
24 72
24 41
24 12
24 47
24 49
24 54
24 57
25 48
26 64
26 65
26 41
26 12
26 77
26 86
26 23
26 57
27 33
27 59
27 69
27 70
27 10
27 44
27 51
27 83
27 53
27 27
27 28
27 42
27 30
27 37
28 67
28 61
28 23
29 14
30 32
30 1
30 3
30 8
30 74
30 75
30 12
30 14
30 47
30 80
30 40
30 50
30 46
30 59
30 78
30 31
31 67
31 4
31 8
31 75
31 14
31 40
31 84
31 21
31 68
31 36
31 31
32 35
32 67
32 51
32 71
32 72
32 47
32 7
32 13
32 79
32 83
32 55
32 57
32 26
32 27
33 0
33 2
33 69
33 38
33 39
33 72
33 42
33 12
33 84
33 53
33 57
33 25
33 26
33 61
33 63
34 33
34 4
34 69
34 81
34 73
34 10
34 11
34 12
34 80
34 49
34 50
34 83
34 52
34 56
34 25
34 31
35 83
35 35
35 37
35 8
35 41
35 10
35 55
35 13
35 61
35 49
35 75
35 51
35 20
35 54
35 23
35 72
35 59
35 29
36 64
36 75
36 77
36 83
36 24
36 27
37 34
37 37
37 6
37 7
37 8
37 41
37 43
37 44
37 77
37 46
37 47
37 76
37 84
37 85
37 87
37 24
37 59
37 69
38 0
38 51
38 3
38 72
38 73
38 13
38 49
38 82
38 19
38 86
38 87
38 26
38 59
39 36
39 37
39 71
39 8
39 10
39 75
39 77
39 45
39 40
39 53
39 25
40 32
40 35
40 7
40 45
40 46
40 79
40 59
40 19
40 53
40 27
40 61
41 26
41 27
42 0
42 32
42 35
42 4
42 37
42 71
42 39
42 77
42 14
42 43
42 82
42 25
42 49
43 51
43 70
43 74
43 75
43 76
43 49
43 18
43 19
43 86
43 57
43 58
43 61
43 63
44 77
45 33
45 3
45 63
45 79
45 61
45 18
45 35
45 84
45 53
45 23
45 24
45 26
45 59
45 58
45 31
46 1
46 3
46 35
46 7
46 8
46 60
46 71
46 77
46 49
46 83
46 63
46 65
46 31
47 32
47 1
47 3
47 68
47 65
47 33
47 73
47 71
47 12
47 61
47 82
47 67
47 53
47 86
47 55
47 24
47 29
47 63
48 34
48 67
48 10
48 61
48 80
48 85
48 29
49 65
49 12
49 30
50 0
50 34
50 67
50 72
50 10
50 45
50 47
50 80
50 35
50 20
50 23
50 56
50 61
50 30
51 9
51 11
51 12
51 14
51 47
51 86
51 41
51 24
51 55
51 31
52 0
52 65
52 71
52 10
52 77
52 45
52 19
52 53
52 47
52 60
52 61
53 32
53 34
53 6
53 41
53 57
53 58
54 33
54 67
54 4
54 70
54 7
54 8
54 9
54 10
54 12
54 79
54 49
54 86
54 23
54 72
54 61
55 11
55 36
55 37
55 6
55 72
55 75
55 45
55 8
55 51
55 54
55 87
55 30
56 80
56 51
56 75
56 12
57 19
57 35
57 3
57 4
57 69
57 7
57 8
57 77
57 18
57 67
57 84
57 87
57 59
58 33
58 3
58 35
58 11
58 45
58 46
58 49
58 83
58 22
58 87
58 25
58 26
58 59
58 58
59 40
59 1
59 35
59 20
60 0
60 66
60 6
60 39
60 40
60 73
60 75
60 2
60 45
60 80
60 72
60 51
60 58
60 27
61 65
61 66
61 69
61 6
61 71
61 73
61 51
61 57
61 24
61 25
61 63
61 37
62 6
62 40
62 10
62 46
62 79
62 16
62 51
62 84
62 85
62 86
62 52
63 65
63 3
63 38
63 72
63 10
63 75
63 12
63 51
63 20
63 85
63 59
63 29
63 53
64 0
64 68
64 39
64 76
64 13
64 46
64 21
64 24
64 57
64 58
64 59
65 50
65 12
66 65
66 66
66 69
66 1
66 41
66 42
66 39
66 78
66 79
66 57
66 37
67 32
67 1
67 66
67 35
67 68
67 81
67 64
67 8
67 41
67 10
67 46
67 79
67 40
67 84
67 53
67 73
67 27
67 61
68 0
68 33
68 48
68 39
68 41
68 44
68 80
68 49
68 20
68 23
68 59
69 8
69 56
69 84
70 65
70 36
70 6
70 71
70 76
70 78
70 18
70 19
70 53
70 87
70 57
70 60
70 63
71 51
71 34
71 3
71 7
71 8
71 80
71 35
71 20
71 53
71 57
71 31
72 35
72 49
72 8
72 12
72 78
72 79
72 48
72 40
72 51
72 84
72 58
73 64
73 51
73 71
73 61
73 14
73 79
73 81
73 83
73 53
73 22
73 57
73 25
73 29
73 63
74 33
74 37
74 7
74 12
74 46
74 52
74 53
74 23
74 30
75 1
75 66
75 40
75 42
75 55
75 45
75 18
75 84
75 53
75 87
76 51
76 3
76 69
76 49
76 8
76 9
76 43
76 12
76 14
76 16
76 40
76 19
76 26
76 59
76 31
77 64
77 66
77 35
77 38
77 7
77 8
77 44
77 12
77 13
77 47
77 67
77 52
77 86
77 57
77 25
77 79
78 32
78 66
78 3
78 7
78 39
78 45
78 77
78 16
78 67
78 21
78 86
78 57
78 25
78 71
78 30
78 63
79 64
79 24
79 51
79 59
80 6
80 83
80 86
80 59
80 29
80 62
81 8
81 49
81 59
82 0
82 1
82 3
82 36
82 84
82 81
82 64
82 41
82 12
82 45
82 78
82 76
82 49
82 20
82 86
82 57
82 61
82 31
83 0
83 33
83 66
83 3
83 74
83 39
83 64
83 42
83 71
83 76
83 49
83 67
83 20
83 24
83 61
84 0
84 35
84 4
84 37
84 6
84 9
84 76
84 77
84 48
84 59
84 18
84 20
84 73
84 57
84 27
84 61
84 62
86 0
86 32
86 6
86 7
86 40
86 12
86 77
86 80
86 49
86 51
86 87
86 24
86 59
87 0
87 33
87 3
87 70
87 41
87 10
87 77
87 82
87 20
87 23
87 27
