88
0 0
0 1
0 34
0 4
0 6
0 65
0 10
0 43
0 13
0 14
0 15
0 16
0 17
0 50
0 51
0 46
0 23
0 83
0 77
0 85
0 66
2 65
2 34
2 43
2 4
2 37
2 10
2 75
2 12
2 13
2 14
2 82
2 84
2 58
3 65
3 34
3 4
3 37
3 6
3 43
3 12
3 77
3 82
3 84
3 23
3 25
3 58
3 38
3 31
5 65
5 4
5 37
5 6
5 77
5 13
5 58
14 49
14 10
14 36
14 14
15 1
15 77
15 37
15 6
15 17
16 1
16 34
16 37
16 6
16 10
16 43
16 12
16 13
16 46
16 77
16 23
16 30
18 0
18 1
18 4
18 6
18 9
18 10
18 12
18 13
18 14
18 15
18 21
18 25
18 30
18 31
18 35
18 36
18 37
18 38
18 39
18 43
18 46
18 49
18 57
18 58
18 65
18 66
18 75
18 77
18 82
18 83
18 84
18 86
19 1
19 4
19 6
19 10
19 11
19 12
19 13
19 14
19 15
19 16
19 17
19 21
19 30
19 31
19 34
19 36
19 37
19 43
19 47
19 49
19 57
19 58
19 63
19 65
19 75
19 77
19 82
19 83
19 84
19 86
21 65
21 10
21 35
21 15
22 65
22 34
22 35
22 36
22 38
22 6
22 10
22 12
22 13
22 77
22 15
22 49
22 83
22 84
22 57
22 25
23 0
23 1
23 4
23 6
23 10
23 11
23 12
23 13
23 14
23 15
23 16
23 17
23 21
23 23
23 25
23 30
23 31
23 34
23 35
23 37
23 38
23 39
23 46
23 47
23 57
23 58
23 65
23 66
23 75
23 77
23 82
23 83
23 84
23 86
24 1
24 35
24 37
24 6
24 49
24 10
24 12
24 13
24 15
24 17
24 82
24 83
24 84
24 21
24 25
26 65
26 49
26 6
26 1
26 10
26 14
26 17
26 83
26 84
27 1
27 35
27 37
27 6
27 9
27 12
27 49
29 14
30 65
30 37
30 6
30 10
30 12
30 14
30 15
30 83
30 21
30 86
30 57
30 58
31 1
31 34
31 36
31 6
31 65
31 10
31 43
31 12
31 13
31 14
31 15
31 80
31 17
31 82
31 77
31 84
31 46
31 86
31 83
31 25
31 85
33 65
33 35
33 37
33 1
33 10
33 13
34 1
34 34
34 35
34 4
34 6
34 65
34 10
34 12
34 13
34 14
34 77
34 16
34 49
34 82
34 83
34 84
34 21
34 86
34 25
34 58
35 0
35 1
35 4
35 6
35 9
35 10
35 12
35 13
35 14
35 16
35 17
35 21
35 23
35 26
35 30
35 34
35 36
35 37
35 38
35 43
35 49
35 50
35 51
35 63
35 65
35 66
35 75
35 77
35 82
35 83
35 84
35 85
35 86
36 65
36 35
36 37
36 6
36 10
36 12
36 13
36 77
36 82
36 83
40 35
40 37
40 10
40 77
40 15
40 83
40 84
41 0
41 1
41 6
41 10
41 11
41 13
41 14
41 17
41 25
41 35
41 43
41 46
41 49
41 50
41 58
41 65
41 66
41 80
41 82
41 83
41 85
41 86
42 1
42 37
42 6
42 10
42 43
42 13
42 15
42 83
42 25
42 58
44 1
44 35
44 4
44 37
44 77
44 14
44 13
44 49
44 84
44 58
44 15
45 17
45 13
45 6
45 47
46 1
46 35
46 36
46 37
46 6
46 65
46 10
46 75
46 12
46 46
46 47
46 16
46 17
46 82
46 83
46 21
46 25
47 0
47 1
47 4
47 6
47 9
47 10
47 13
47 14
47 15
47 17
47 21
47 23
47 25
47 34
47 35
47 36
47 37
47 43
47 47
47 49
47 51
47 57
47 58
47 65
47 77
47 82
47 83
47 84
47 85
47 86
48 65
48 34
48 35
48 37
48 38
48 10
48 66
48 14
48 15
48 16
48 49
48 83
48 85
48 25
48 63
49 0
49 1
49 4
49 6
49 12
49 13
49 14
49 15
49 16
49 17
49 21
49 23
49 25
49 30
49 34
49 35
49 36
49 37
49 38
49 46
49 47
49 50
49 58
49 65
49 77
49 80
49 82
49 83
49 84
49 86
52 1
52 35
52 37
52 6
52 10
52 13
52 14
52 77
52 82
52 84
52 21
52 38
52 30
53 65
53 12
53 14
53 15
53 17
53 82
53 83
53 84
53 25
54 65
54 35
54 4
54 49
54 6
54 1
54 10
54 17
54 82
54 83
54 84
54 57
54 25
55 65
55 10
55 4
55 82
55 6
57 0
57 1
57 4
57 6
57 9
57 10
57 12
57 13
57 14
57 15
57 17
57 21
57 25
57 26
57 31
57 34
57 35
57 36
57 37
57 46
57 49
57 50
57 57
57 65
57 77
57 82
57 83
57 84
57 86
59 65
59 35
59 6
59 1
59 10
59 13
59 47
59 83
59 58
60 1
60 4
60 6
60 10
60 12
60 13
60 14
60 17
60 21
60 23
60 25
60 34
60 35
60 37
60 43
60 46
60 47
60 49
60 65
60 77
60 82
60 83
61 65
61 37
61 10
61 75
61 12
61 77
61 83
61 84
61 57
62 1
62 36
62 49
62 6
62 65
62 10
62 13
62 77
62 17
62 83
62 21
62 86
62 25
62 58
63 1
63 35
63 4
63 37
63 6
63 65
63 12
63 13
63 14
63 15
63 17
63 82
63 83
63 77
63 86
63 25
64 1
64 35
64 36
64 37
64 6
64 49
64 43
64 12
64 13
64 46
64 15
64 16
64 17
64 83
64 86
67 1
67 4
67 10
67 12
67 13
67 14
67 15
67 17
67 21
67 23
67 31
67 34
67 35
67 36
67 37
67 43
67 46
67 49
67 57
67 58
67 65
67 66
67 75
67 77
67 82
67 83
67 84
67 85
67 86
68 1
68 34
68 35
68 4
68 37
68 10
68 77
68 14
68 17
68 83
69 1
70 65
70 35
70 6
70 10
70 13
70 77
70 84
70 47
71 1
71 4
71 37
71 6
71 39
71 10
71 12
71 77
71 14
71 17
71 84
71 86
71 36
71 49
71 30
71 65
72 1
72 4
72 6
72 10
72 12
72 13
72 15
72 17
72 25
72 34
72 37
72 38
72 46
72 47
72 49
72 51
72 57
72 66
72 77
72 80
72 82
72 83
72 84
72 85
76 1
76 4
76 6
76 9
76 10
76 12
76 13
76 14
76 15
76 17
76 21
76 23
76 25
76 30
76 31
76 34
76 35
76 36
76 37
76 38
76 39
76 43
76 49
76 50
76 57
76 58
76 65
76 66
76 75
76 77
76 83
76 84
78 1
78 6
78 10
78 13
78 14
78 15
78 17
78 21
78 23
78 25
78 31
78 34
78 35
78 36
78 37
78 38
78 43
78 46
78 47
78 49
78 65
78 66
78 75
78 77
78 80
78 82
78 83
78 84
78 85
79 65
79 35
79 37
79 6
79 14
79 82
80 0
80 1
80 4
80 6
80 9
80 10
80 12
80 13
80 14
80 15
80 16
80 17
80 21
80 23
80 25
80 26
80 30
80 34
80 35
80 36
80 37
80 43
80 47
80 49
80 50
80 51
80 65
80 66
80 75
80 77
80 82
80 83
80 84
80 86
81 1
81 34
81 77
81 37
81 6
81 65
81 10
81 12
81 13
81 14
81 15
81 17
81 82
81 83
81 85
81 23
82 65
82 13
82 37
82 6
82 1
83 0
83 6
83 10
83 13
83 14
83 15
83 23
83 25
83 30
83 35
83 37
83 43
83 46
83 49
83 50
83 58
83 65
83 77
83 82
83 83
83 84
83 85
83 86
84 0
84 6
84 10
84 13
84 77
84 15
84 17
84 83
84 84
87 65
87 35
87 36
87 10
87 77
87 13
87 17
87 83
87 84
87 25
87 15
