88
0 69
0 7
0 8
0 50
0 78
0 48
0 18
0 52
0 60
1 32
1 64
1 34
1 35
1 7
1 8
1 44
1 83
1 12
1 14
1 48
1 51
1 78
1 25
1 63
1 29
1 31
3 32
3 69
3 7
3 40
3 12
3 50
3 78
3 77
3 48
3 49
3 18
3 20
3 53
3 55
3 24
3 52
3 63
3 60
3 30
3 31
4 7
4 8
4 12
4 14
4 17
4 20
4 25
4 29
4 30
4 31
4 35
4 39
4 40
4 44
4 50
4 51
4 55
4 60
4 63
4 64
4 69
4 71
4 73
4 74
4 77
4 78
4 81
4 87
5 64
5 84
5 18
5 12
5 78
7 18
7 87
7 60
7 78
7 7
8 64
8 33
8 68
8 44
8 50
8 78
8 47
8 18
8 84
8 14
8 29
9 32
9 51
9 40
9 12
9 47
9 49
9 18
9 83
9 52
9 25
9 63
10 6
10 7
10 12
10 14
10 17
10 18
10 24
10 29
10 30
10 32
10 39
10 40
10 47
10 48
10 50
10 51
10 52
10 55
10 60
10 61
10 64
10 66
10 71
10 73
10 77
10 78
10 84
10 87
11 64
11 6
11 72
11 73
11 78
11 80
11 49
11 18
11 51
11 52
11 14
11 8
11 63
12 50
12 35
12 84
12 18
12 29
13 64
13 6
13 39
13 40
13 41
13 78
13 84
13 55
13 24
13 25
15 2
15 39
15 8
15 44
15 7
15 12
15 77
15 78
15 47
15 84
15 87
15 60
15 30
15 63
19 8
19 73
19 12
19 78
19 44
19 50
19 52
19 55
19 24
19 47
19 60
19 29
20 64
20 8
20 55
20 50
20 14
20 49
20 18
20 87
20 56
20 63
21 64
21 83
21 77
21 63
21 8
21 44
21 74
21 12
21 50
21 14
21 47
21 40
21 18
21 51
21 56
21 59
21 60
21 29
21 30
21 31
22 2
22 7
22 8
22 12
22 14
22 18
22 20
22 24
22 29
22 30
22 39
22 47
22 48
22 50
22 52
22 59
22 60
22 63
22 64
22 69
22 72
22 73
22 74
22 78
22 83
22 84
22 85
22 87
23 6
23 7
23 8
23 12
23 14
23 17
23 24
23 29
23 31
23 35
23 36
23 39
23 40
23 48
23 49
23 52
23 55
23 59
23 60
23 63
23 64
23 71
23 72
23 73
23 74
23 84
23 87
26 6
26 7
26 8
26 14
26 18
26 25
26 30
26 31
26 35
26 41
26 47
26 51
26 52
26 55
26 56
26 60
26 63
26 77
26 78
26 81
26 83
26 84
27 8
27 12
27 14
27 18
27 24
27 25
27 29
27 31
27 35
27 39
27 41
27 47
27 51
27 52
27 53
27 60
27 64
27 66
27 69
27 71
27 73
27 77
27 78
27 84
27 87
30 24
30 52
30 12
30 14
30 87
32 64
32 66
32 6
32 39
32 8
32 44
32 72
32 18
32 63
34 64
34 39
34 8
34 7
34 14
34 49
34 50
34 52
34 57
34 29
35 66
35 71
35 14
35 50
35 78
35 60
36 2
36 6
36 7
36 8
36 14
36 18
36 24
36 25
36 31
36 35
36 40
36 47
36 49
36 50
36 55
36 56
36 60
36 63
36 64
36 69
36 71
36 77
36 78
36 83
36 85
36 87
37 69
37 71
37 14
37 50
37 84
37 21
37 63
37 30
37 85
38 32
38 34
38 75
38 7
38 39
38 44
38 66
38 14
38 18
38 51
38 53
38 24
38 25
38 71
38 78
38 60
38 29
38 63
39 64
39 6
39 7
39 72
39 47
39 81
39 18
39 51
39 52
39 60
39 29
39 63
40 32
40 64
40 2
40 35
40 68
40 69
40 7
40 8
40 12
40 14
40 47
40 40
40 18
40 51
40 52
40 53
40 87
40 24
40 60
40 78
40 31
41 72
41 84
41 78
41 14
41 63
42 64
42 72
42 73
42 78
42 84
42 87
42 25
42 52
42 31
43 8
43 12
43 14
43 24
43 30
43 31
43 32
43 35
43 36
43 41
43 47
43 50
43 51
43 52
43 53
43 55
43 60
43 64
43 68
43 72
43 73
43 77
43 78
43 81
43 84
44 32
44 35
44 69
44 7
44 40
44 12
44 77
44 78
44 48
44 18
44 51
44 84
44 85
44 55
44 25
44 60
44 29
44 30
45 6
45 7
45 12
45 18
45 20
45 24
45 32
45 35
45 39
45 44
45 47
45 49
45 52
45 55
45 60
45 63
45 64
45 68
45 69
45 73
45 77
45 83
45 84
45 85
46 8
46 20
46 29
46 30
46 32
46 36
46 39
46 40
46 41
46 44
46 47
46 50
46 51
46 52
46 55
46 59
46 60
46 63
46 64
46 66
46 69
46 72
46 78
46 81
46 87
47 84
47 34
47 36
47 7
47 40
47 44
47 39
47 12
47 50
47 77
47 47
47 48
47 18
47 52
47 87
47 24
47 68
47 29
47 63
50 8
50 65
50 50
50 12
50 40
51 64
51 6
51 7
51 40
51 41
51 74
51 50
51 14
51 47
51 48
51 18
51 73
51 55
51 24
51 60
51 63
53 67
53 69
53 6
53 71
53 8
53 73
53 49
53 18
53 83
53 63
53 31
54 2
54 7
54 8
54 14
54 18
54 24
54 29
54 30
54 31
54 32
54 35
54 39
54 44
54 48
54 49
54 51
54 52
54 53
54 55
54 59
54 63
54 64
54 67
54 69
54 71
54 78
54 81
54 83
54 87
55 64
55 6
55 39
55 7
55 49
55 50
56 6
56 7
56 12
56 14
56 18
56 20
56 24
56 29
56 32
56 35
56 39
56 48
56 50
56 52
56 53
56 55
56 60
56 63
56 68
56 70
56 71
56 73
56 77
56 83
56 84
56 85
58 32
58 2
58 67
58 81
58 7
58 8
58 60
58 50
58 14
58 77
58 49
58 18
58 51
58 78
58 73
58 55
58 56
58 25
58 59
58 28
58 30
59 66
59 74
59 14
59 18
59 87
59 25
59 60
61 35
61 36
61 7
61 72
61 12
61 77
61 78
61 52
61 14
61 55
61 24
61 60
61 31
62 7
62 8
62 12
62 14
62 18
62 30
62 31
62 32
62 35
62 36
62 41
62 44
62 47
62 49
62 50
62 52
62 53
62 55
62 60
62 63
62 64
62 70
62 71
62 77
62 83
62 87
63 64
63 73
63 18
63 14
63 7
65 32
65 8
65 51
65 87
66 50
66 36
66 8
66 73
66 12
66 77
66 17
66 18
66 83
66 60
66 29
67 64
67 84
67 35
67 69
67 39
67 8
67 60
67 14
67 18
67 20
67 78
67 25
67 52
67 31
68 52
68 63
68 44
68 55
75 73
75 60
75 29
75 30
76 2
76 7
76 14
76 18
76 25
76 31
76 40
76 44
76 47
76 48
76 49
76 51
76 52
76 53
76 55
76 59
76 64
76 66
76 67
76 69
76 78
76 81
76 83
76 87
78 7
78 8
78 81
78 18
78 60
78 29
79 24
79 51
79 36
79 53
79 63
80 8
80 12
80 14
80 17
80 29
80 31
80 32
80 35
80 44
80 48
80 49
80 50
80 52
80 53
80 60
80 63
80 64
80 67
80 72
80 78
80 80
80 81
80 83
80 85
80 87
84 64
84 2
84 7
84 72
84 34
84 50
84 20
84 87
84 60
84 63
85 6
85 7
85 12
85 14
85 15
85 17
85 18
85 25
85 30
85 35
85 36
85 39
85 44
85 48
85 49
85 50
85 52
85 53
85 55
85 60
85 63
85 73
85 78
85 81
85 84
85 85
86 64
86 8
86 12
86 78
86 50
86 83
86 52
86 14
86 63
86 31
87 34
87 73
87 44
87 78
87 48
87 52
87 14
87 55
87 63
87 60
87 53
