88
0 38
0 7
0 74
0 79
0 85
0 57
0 28
0 42
1 32
1 2
1 34
1 68
1 6
1 7
1 72
1 73
1 42
1 39
1 77
1 81
1 56
1 62
2 32
2 80
2 5
2 6
2 72
2 74
2 76
2 47
2 48
2 82
2 20
2 56
2 57
2 58
2 59
2 31
3 32
3 2
3 4
3 38
3 72
3 9
3 10
3 11
3 76
3 79
3 48
3 17
3 21
3 57
3 58
3 61
3 53
4 0
4 1
4 35
4 4
4 6
4 44
4 82
4 14
4 47
4 49
4 18
4 20
4 21
4 23
4 24
4 28
5 0
5 65
5 69
5 6
5 8
5 9
5 87
5 76
5 77
5 48
5 17
5 82
5 55
5 58
5 61
6 0
6 32
6 74
6 39
6 9
6 10
6 47
6 80
6 49
6 58
6 20
6 21
6 24
6 26
6 42
6 53
7 65
7 2
7 3
7 5
7 6
7 8
7 41
7 87
7 80
7 49
7 82
7 35
7 20
7 85
7 23
7 28
7 63
8 0
8 34
8 3
8 49
8 6
8 7
8 11
8 66
8 14
8 43
8 84
8 21
8 86
8 24
8 46
8 26
8 70
8 62
8 53
9 33
9 36
9 37
9 38
9 43
9 76
9 70
9 46
9 48
9 21
9 86
9 24
9 57
9 28
9 69
9 31
10 2
10 4
10 39
10 40
10 9
10 10
10 14
10 80
10 56
10 62
10 23
10 24
10 61
10 30
10 85
11 65
11 34
11 35
11 68
11 5
11 9
11 11
11 12
11 46
11 44
11 80
11 84
11 85
11 55
11 56
11 62
11 63
12 2
12 35
12 36
12 40
12 42
12 11
12 76
12 46
12 79
12 49
12 52
12 54
12 23
12 24
12 68
12 58
12 28
12 31
13 0
13 1
13 66
13 4
13 33
13 65
13 32
13 80
13 42
13 11
13 70
13 14
13 48
13 74
13 85
13 39
13 26
13 28
13 58
13 63
14 1
14 34
14 36
14 70
14 8
14 11
14 79
14 48
14 84
14 21
14 86
14 56
14 58
14 28
14 85
14 31
18 0
18 32
18 67
18 68
18 5
18 38
18 7
18 70
18 77
18 85
18 24
18 57
18 33
18 63
18 28
18 61
18 31
19 32
19 65
19 3
19 4
19 5
19 38
19 8
19 10
19 76
19 59
19 19
19 84
19 23
19 56
19 36
19 26
19 27
19 70
19 68
20 32
20 66
20 3
20 36
20 5
20 6
20 38
20 9
20 42
20 11
20 78
20 17
20 21
20 23
20 26
20 27
21 0
21 1
21 34
21 35
21 36
21 70
21 8
21 10
21 76
21 56
21 83
21 24
21 74
21 62
21 31
22 33
22 66
22 35
22 5
22 70
22 8
22 6
23 0
23 35
23 68
23 5
23 38
23 7
23 9
23 74
23 43
23 76
23 77
23 14
23 84
23 22
23 55
23 26
23 70
23 37
26 0
26 73
26 71
27 24
27 65
27 34
27 58
27 7
28 32
28 68
28 66
28 36
28 10
28 76
28 46
28 47
28 84
28 21
28 86
28 56
28 57
28 79
28 78
28 30
29 34
30 32
30 80
30 2
30 68
30 70
30 39
30 8
30 74
30 11
30 14
30 61
30 48
30 49
30 21
30 56
30 26
30 53
30 31
31 32
31 34
31 35
31 85
31 6
31 7
31 8
31 74
31 39
31 76
31 84
31 21
31 55
31 62
31 31
34 35
34 36
34 70
34 73
34 10
34 23
34 12
34 14
34 48
34 81
34 21
34 87
34 58
34 62
35 65
35 2
35 33
35 6
35 1
35 9
35 74
35 12
35 13
35 85
35 58
35 28
35 62
36 0
36 1
36 5
36 32
36 79
36 48
36 49
36 19
36 20
36 21
36 23
36 24
36 84
36 56
36 62
37 32
38 1
38 70
38 65
38 10
38 76
38 13
38 79
38 80
38 18
38 20
38 55
38 42
39 0
39 2
39 34
39 68
39 9
39 13
39 56
39 85
39 86
39 24
39 4
39 26
39 27
39 31
40 32
40 1
40 2
40 68
40 39
40 8
40 9
40 11
40 76
40 48
40 72
40 82
40 62
40 24
40 26
40 28
40 30
41 32
41 35
41 4
41 5
41 6
41 39
41 8
41 9
41 10
41 79
41 80
41 62
42 32
42 1
42 3
42 5
42 7
42 10
42 14
42 79
42 87
42 74
42 62
42 31
43 70
43 6
43 39
43 44
43 75
43 76
43 80
43 49
43 20
43 21
43 28
43 85
44 0
44 68
44 70
44 44
44 47
44 48
44 85
44 58
45 5
46 35
46 6
46 38
46 49
46 8
46 42
46 11
46 44
46 47
46 80
46 40
46 55
46 58
46 70
46 69
46 31
47 24
47 84
47 76
47 70
48 34
48 6
48 7
48 10
48 39
48 47
48 19
48 54
48 28
48 63
49 48
50 7
53 32
53 65
53 2
53 75
53 37
53 6
53 7
53 8
53 42
53 39
53 80
53 58
53 84
53 21
53 26
53 29
53 63
54 0
54 66
54 4
54 9
54 42
54 13
54 79
54 80
54 20
54 26
54 62
55 32
55 1
55 2
55 35
55 68
55 5
55 45
55 4
56 64
56 38
56 46
56 84
56 85
56 23
56 20
56 31
57 1
57 2
57 3
57 51
57 39
57 8
57 76
57 34
57 14
57 72
57 82
57 35
57 22
57 26
57 28
57 58
57 31
58 32
58 2
58 69
58 38
58 7
58 8
58 74
58 34
58 46
58 10
58 84
58 58
58 28
58 29
59 1
59 34
59 67
59 4
59 38
59 7
59 8
59 41
59 74
59 11
59 60
59 56
59 84
59 24
59 28
59 62
60 3
60 68
60 5
60 7
60 11
60 52
60 4
60 39
61 48
61 68
61 5
61 40
61 10
61 11
61 46
61 47
61 80
61 84
61 58
61 30
61 31
62 34
62 3
62 68
62 38
62 6
62 10
62 11
62 12
62 35
62 21
62 56
62 58
62 60
62 74
62 85
62 31
63 34
63 6
63 38
63 8
63 49
63 20
63 21
63 56
65 76
65 77
65 62
68 0
68 2
68 34
68 69
68 8
68 9
68 74
68 13
68 46
68 35
68 25
68 26
68 58
68 5
69 9
69 34
69 5
69 21
70 0
70 3
70 4
70 70
70 38
70 39
70 40
70 41
70 76
70 46
70 73
70 22
70 23
70 36
70 28
72 47
73 2
73 68
73 6
73 7
73 74
73 39
73 79
73 17
73 24
73 26
73 27
73 31
76 32
76 1
76 2
76 35
76 4
76 70
76 7
76 9
76 43
76 44
76 46
76 81
76 67
76 52
76 57
76 26
76 30
77 0
77 59
77 4
77 37
77 70
77 9
77 46
77 48
77 62
77 38
77 30
79 0
79 4
79 37
79 42
79 11
79 14
79 20
79 56
79 58
80 0
80 33
80 2
80 4
80 74
80 76
80 46
80 47
80 49
80 83
80 52
80 62
80 68
80 20
82 0
82 1
82 34
82 68
82 70
82 8
82 87
82 76
82 14
82 47
82 80
82 56
82 46
82 23
82 24
82 58
82 79
82 30
83 3
83 70
83 7
83 9
83 11
83 76
83 13
83 80
83 81
83 84
83 56
83 57
83 58
83 31
84 1
84 2
84 4
84 7
84 73
84 10
84 11
84 34
84 14
84 61
84 80
84 56
84 51
84 21
84 46
84 57
84 58
84 42
84 85
85 4
85 38
85 6
85 7
85 8
85 42
85 11
85 45
85 48
85 49
85 19
85 20
85 21
85 56
85 24
85 26
85 85
86 9
86 18
86 3
86 68
86 74
87 67
87 3
87 5
87 6
87 7
87 41
87 43
87 76
87 70
87 79
87 82
87 51
87 85
87 83
87 38
87 28
87 29
87 31
