88
0 32
0 9
0 75
0 60
1 48
1 73
1 80
1 17
1 85
1 24
1 25
2 0
2 4
2 5
2 9
2 10
2 11
2 17
2 22
2 25
2 26
2 27
2 32
2 37
2 43
2 47
2 50
2 51
2 61
2 66
2 69
2 72
2 75
2 77
2 81
2 83
2 84
2 85
3 60
3 36
3 5
3 62
3 77
4 33
4 8
4 73
4 74
4 11
4 12
4 77
4 48
4 81
4 50
4 87
4 25
4 26
4 61
5 32
5 33
5 2
5 37
5 81
5 71
5 72
5 74
5 66
5 78
5 17
5 83
5 87
5 27
5 60
5 29
6 10
6 12
6 61
6 78
6 63
7 5
7 42
7 11
7 14
7 18
7 83
7 86
7 60
7 61
8 1
8 43
8 10
8 11
8 13
8 78
8 77
8 48
8 59
8 50
8 83
8 24
8 27
8 60
8 61
9 0
9 32
9 75
9 70
9 71
9 8
9 10
9 11
9 44
9 51
9 74
9 85
9 23
9 25
9 42
10 66
10 44
10 47
10 52
10 53
10 24
10 25
10 60
11 72
11 58
11 19
11 44
12 7
12 8
12 42
12 78
12 47
12 81
12 86
12 24
12 26
12 60
13 0
13 2
13 7
13 9
13 10
13 11
13 14
13 22
13 23
13 25
13 26
13 27
13 32
13 36
13 37
13 38
13 39
13 41
13 42
13 49
13 63
13 67
13 72
13 75
13 76
13 81
13 86
13 87
14 65
14 72
14 78
14 80
14 17
14 51
14 14
14 24
14 27
14 63
16 43
17 70
17 49
17 9
17 10
17 75
17 12
17 13
17 78
17 61
17 17
17 50
17 51
17 74
17 60
17 42
18 0
18 2
18 6
18 73
18 74
18 75
18 46
18 79
18 81
18 85
19 32
19 33
19 67
19 4
19 7
19 8
19 74
19 39
19 76
19 13
19 14
19 45
19 72
19 50
19 82
19 46
19 25
19 71
19 62
20 0
20 17
20 67
20 60
20 53
21 0
21 3
21 4
21 7
21 12
21 13
21 14
21 18
21 21
21 22
21 23
21 24
21 25
21 42
21 47
21 51
21 52
21 54
21 55
21 61
21 63
21 71
21 75
21 86
21 87
22 0
22 4
22 8
22 10
22 11
22 13
22 14
22 20
22 23
22 32
22 41
22 46
22 48
22 58
22 61
22 63
22 66
22 72
22 74
22 80
22 81
22 85
22 87
23 4
23 8
23 9
23 10
23 12
23 13
23 14
23 17
23 18
23 19
23 25
23 29
23 32
23 33
23 36
23 40
23 42
23 47
23 60
23 61
23 66
23 72
23 75
23 77
23 79
23 82
23 86
24 32
24 34
24 37
24 70
24 74
24 43
24 76
24 81
24 62
25 26
25 12
26 19
26 66
26 71
26 7
26 44
26 78
26 50
26 83
26 86
26 63
27 32
27 2
27 37
27 7
27 42
27 75
27 79
27 80
27 50
27 83
27 86
27 87
27 60
27 61
28 0
28 74
28 47
29 32
29 1
29 2
29 35
29 66
29 7
29 9
29 43
29 13
29 50
29 18
29 75
29 60
29 29
29 62
29 63
30 2
30 47
30 81
30 86
30 25
30 26
30 31
31 0
31 66
31 8
31 74
31 75
31 48
31 53
31 59
31 29
32 24
32 66
32 59
32 60
32 87
33 33
33 7
33 77
33 78
33 80
33 82
34 81
34 74
34 50
35 1
35 11
35 12
35 52
35 81
36 32
36 2
36 71
36 39
36 72
36 74
36 11
36 13
36 14
36 48
36 75
36 86
36 23
36 26
36 60
36 61
37 2
37 3
37 7
37 8
37 10
37 13
37 18
37 19
37 24
37 26
37 43
37 48
37 49
37 52
37 61
37 62
37 63
37 66
37 74
37 75
37 76
37 77
37 78
37 79
37 85
37 86
38 32
38 75
38 52
39 8
39 75
39 85
39 70
39 7
40 27
40 59
40 3
40 78
40 63
41 2
41 67
41 81
41 7
41 9
41 10
41 75
41 77
41 46
41 49
41 42
41 83
41 26
41 59
41 29
42 0
42 32
42 3
42 68
42 54
42 70
42 33
42 8
42 74
42 47
42 81
42 83
42 85
42 22
42 23
42 24
42 27
42 29
43 2
43 75
43 66
43 7
43 11
43 13
43 78
43 77
43 50
43 52
43 53
43 26
43 27
43 62
43 63
44 48
44 73
44 42
44 77
44 61
45 32
45 33
45 63
45 25
45 7
46 0
46 32
46 61
46 66
46 9
46 79
46 11
46 12
46 13
46 47
46 44
46 83
46 58
46 27
46 29
46 31
47 0
47 33
47 2
47 40
47 42
47 81
47 19
47 85
47 58
47 60
48 0
48 8
48 50
48 72
48 23
49 81
49 66
49 60
49 74
49 55
50 5
50 74
50 11
50 12
50 17
50 50
50 60
50 61
51 43
51 60
51 13
51 53
52 32
52 66
52 11
52 9
52 75
52 13
52 50
52 21
52 63
53 2
53 72
53 9
53 10
53 11
53 81
53 82
54 74
55 0
55 17
55 78
55 14
55 7
56 24
57 0
57 67
57 78
58 32
58 33
58 2
58 71
58 43
58 12
58 14
58 47
58 50
58 54
58 23
58 60
58 63
59 0
59 59
59 74
59 13
59 17
59 51
59 26
59 27
59 60
60 1
60 66
60 70
60 74
60 75
60 77
60 48
60 17
60 50
60 83
60 21
60 25
60 27
60 61
60 30
60 63
61 32
61 70
61 74
61 20
61 21
61 26
61 29
61 63
62 33
62 2
62 35
62 81
62 7
62 8
62 9
62 10
62 78
62 48
62 17
62 83
62 21
62 23
62 85
63 0
63 36
63 5
63 7
63 10
63 43
63 77
63 47
63 81
63 52
63 24
63 63
64 50
64 72
64 73
64 74
64 12
64 77
64 78
64 18
64 20
66 75
66 47
66 82
66 51
66 52
66 53
66 26
67 0
67 11
67 72
67 41
67 75
67 77
67 78
67 13
67 22
67 25
67 26
67 47
68 32
68 61
68 72
68 77
68 14
68 13
68 17
68 83
68 52
68 22
68 27
68 29
69 75
69 7
69 72
69 74
69 11
69 78
69 77
69 14
69 17
69 21
69 87
69 62
69 25
69 27
69 30
69 63
70 2
70 10
70 17
70 83
70 87
70 26
71 9
71 44
71 81
72 32
72 36
72 8
72 12
72 14
72 80
72 17
72 85
72 62
73 19
74 33
74 66
74 59
74 36
74 81
74 7
74 9
74 47
74 17
74 52
74 73
74 57
74 26
74 27
74 60
74 63
75 0
75 66
75 87
76 7
76 9
76 75
76 14
76 85
76 87
76 63
77 1
77 43
77 36
77 5
77 7
77 8
77 11
77 13
77 81
77 50
77 51
77 53
77 68
77 33
77 60
77 63
78 8
78 10
78 44
78 48
78 17
78 51
78 62
79 4
79 78
79 14
79 48
79 85
79 87
79 63
80 43
80 7
80 8
80 74
80 75
80 47
80 17
80 58
80 60
81 0
81 33
81 74
81 61
81 77
81 47
81 81
81 50
81 78
81 86
81 79
81 60
81 29
81 62
81 63
82 2
82 5
82 43
82 12
82 66
82 45
82 48
82 81
82 27
83 0
83 1
83 2
83 82
83 37
83 75
83 66
83 78
83 50
83 51
83 52
83 85
83 87
83 83
83 61
84 0
84 81
84 82
84 31
85 0
85 83
85 67
85 4
85 40
85 11
85 12
85 45
85 17
85 50
85 51
85 23
85 24
85 58
85 27
86 7
86 8
86 10
86 39
86 12
86 13
86 61
86 48
86 81
86 83
86 86
86 24
86 26
86 42
86 30
87 0
87 66
87 67
87 37
87 39
87 9
87 10
87 78
87 17
87 85
87 23
87 25
87 26
87 60
87 29
87 30
