88
0 2
0 67
0 4
0 5
0 6
0 39
0 74
0 62
0 66
0 79
0 21
0 22
0 69
0 56
0 57
0 26
0 63
0 61
0 30
0 53
1 83
1 35
1 4
1 69
1 6
1 39
1 74
1 75
1 76
1 61
1 17
1 67
1 84
1 62
1 22
1 57
1 79
1 29
1 30
1 85
2 69
2 74
2 75
2 76
2 46
2 53
2 61
2 30
2 63
7 2
7 35
7 5
7 6
7 39
7 74
7 75
7 66
7 67
7 84
7 21
7 85
7 56
7 28
7 61
7 69
7 63
9 2
9 67
9 36
9 5
9 6
9 74
9 43
9 76
9 79
9 75
9 83
9 84
9 62
9 85
9 57
9 26
9 61
9 30
9 69
10 65
10 66
10 35
10 4
10 5
10 39
10 74
10 43
10 76
10 79
10 84
10 21
10 22
10 62
10 57
10 26
10 63
10 61
10 30
10 53
11 69
11 76
11 46
11 53
11 57
11 21
12 75
12 39
12 74
12 43
12 46
12 79
13 6
13 39
13 75
13 76
13 84
13 85
13 57
13 26
17 65
17 2
17 35
17 36
17 69
17 6
17 39
17 67
17 76
17 46
17 79
17 3
17 85
17 22
17 56
17 63
20 66
20 35
20 36
20 5
20 39
20 74
20 62
20 76
20 79
20 75
20 51
20 84
20 21
20 54
20 69
20 4
20 85
20 63
20 61
20 30
20 53
21 66
21 36
21 69
21 74
21 43
21 76
21 79
21 50
21 56
21 61
21 30
21 63
24 67
24 69
24 39
24 76
24 79
24 85
24 57
24 61
24 63
25 2
25 35
25 36
25 5
25 39
25 74
25 43
25 46
25 79
25 75
25 84
25 21
25 22
25 85
25 56
25 68
25 63
25 61
25 62
25 53
28 2
28 67
28 36
28 5
28 70
28 39
28 43
28 66
28 46
28 85
28 75
28 83
28 84
28 21
28 69
28 62
28 57
28 26
28 30
28 53
30 66
30 67
30 5
30 84
30 53
30 61
31 2
31 35
31 4
31 69
31 6
31 39
31 74
31 76
31 66
31 79
31 51
31 84
31 53
31 54
31 85
31 56
31 61
31 62
31 63
32 35
32 2
32 67
32 5
32 62
33 35
33 36
33 6
33 43
33 79
33 50
33 85
33 62
33 57
33 61
33 30
33 63
34 2
34 35
34 36
34 5
34 39
34 74
34 75
34 76
34 66
34 67
34 84
34 53
34 22
34 69
34 56
34 57
34 85
34 61
34 62
34 63
35 2
35 35
35 36
35 5
35 6
35 74
35 43
35 76
35 66
35 79
35 75
35 84
35 53
35 57
35 56
35 4
35 61
35 85
35 69
36 66
36 3
36 4
36 5
36 6
36 39
36 43
36 76
36 46
36 79
36 75
36 35
36 84
36 21
36 54
36 85
36 62
36 61
36 30
36 63
37 2
37 67
37 39
37 74
37 43
37 76
37 21
37 56
37 29
37 30
38 66
38 35
38 4
38 5
38 6
38 39
38 74
38 43
38 46
38 75
38 67
38 84
38 21
38 57
38 62
38 36
38 26
38 28
38 30
40 65
40 66
40 35
40 4
40 5
40 6
40 39
40 74
40 43
40 76
40 46
40 84
40 21
40 69
40 62
40 36
40 63
40 61
40 30
40 53
41 2
41 35
41 5
41 74
41 43
41 76
41 46
41 50
41 67
41 62
41 85
41 57
41 75
41 28
41 61
41 30
41 69
42 65
42 2
42 35
42 36
42 69
42 39
42 74
42 75
42 76
42 66
42 79
42 83
42 21
42 85
42 56
42 26
42 61
42 30
42 53
44 84
44 1
44 66
44 35
44 4
44 5
44 39
44 74
44 43
44 76
44 79
44 75
44 62
44 21
44 57
44 56
44 36
44 61
44 30
44 63
45 79
45 65
45 2
45 35
45 5
45 6
45 39
45 74
45 43
45 76
45 46
45 61
45 75
45 67
45 21
45 22
45 54
45 29
45 30
45 63
46 51
46 2
46 36
46 39
46 75
46 83
46 53
46 57
46 61
46 30
46 63
47 65
47 75
47 6
47 74
47 43
47 76
47 46
47 79
47 51
47 84
47 21
47 56
47 57
47 63
47 61
47 62
47 53
48 1
48 67
48 69
48 70
48 39
48 76
48 35
48 53
48 57
49 76
49 2
49 35
49 36
49 53
52 66
52 4
52 69
52 6
52 74
52 62
52 61
52 51
52 84
52 21
52 57
52 79
52 29
52 30
52 63
53 65
53 2
53 67
53 39
53 74
53 62
53 46
53 79
53 75
53 84
53 53
53 57
53 26
53 61
53 30
54 35
54 69
54 6
54 74
54 75
54 76
54 46
54 79
54 85
54 22
54 56
54 57
54 61
54 62
55 3
55 5
55 6
55 39
55 75
55 76
55 79
55 53
55 62
55 61
55 30
57 66
57 35
57 69
57 75
57 76
57 46
57 79
57 43
57 53
57 57
57 26
57 61
57 62
57 85
58 2
58 69
58 39
58 76
58 21
58 56
58 57
58 61
58 63
59 2
59 3
59 36
59 70
59 6
59 39
59 67
59 76
59 66
59 79
59 75
59 35
59 21
59 22
59 85
59 57
59 61
59 30
59 53
60 35
60 36
60 5
60 6
60 74
60 75
60 46
60 79
60 53
60 62
60 30
60 63
64 68
64 2
64 67
64 36
64 69
64 6
64 39
64 74
64 62
64 76
64 66
64 79
64 75
64 51
64 21
64 4
64 63
64 30
64 53
65 65
65 2
65 35
65 68
65 69
65 6
65 39
65 74
65 67
65 66
65 75
65 3
65 84
65 53
65 57
65 61
65 63
70 66
70 35
70 36
70 6
70 39
70 74
70 43
70 79
70 75
70 84
70 53
70 54
70 56
70 62
70 61
70 30
70 85
71 1
71 75
71 5
71 6
71 39
71 74
71 43
71 76
71 79
71 85
71 84
71 53
71 54
71 69
71 62
71 57
71 26
71 65
71 61
71 30
71 63
72 1
72 67
72 35
72 36
72 5
72 39
72 74
72 75
72 76
72 46
72 79
72 51
72 84
72 53
72 69
72 26
72 61
72 62
72 63
73 51
73 2
73 35
73 4
73 5
73 6
73 39
73 74
73 67
73 76
73 66
73 75
73 3
73 85
73 53
73 54
73 69
73 61
73 62
73 63
75 67
75 5
75 79
75 84
75 85
75 63
75 69
76 35
76 69
76 39
76 75
76 79
76 43
76 85
76 22
76 57
76 62
76 53
77 66
77 35
77 36
77 69
77 6
77 39
77 74
77 43
77 46
77 79
77 75
77 51
77 84
77 53
77 67
77 83
77 61
77 85
77 63
78 65
78 2
78 3
78 68
78 5
78 39
78 43
78 76
78 66
78 79
78 67
78 84
78 21
78 22
78 69
78 83
78 57
78 63
78 61
78 30
78 53
79 69
79 6
79 75
79 76
79 51
79 84
79 62
79 57
79 30
80 57
80 74
80 21
80 30
80 79
81 83
81 35
81 36
81 69
81 6
81 39
81 74
81 43
81 76
81 79
81 75
81 3
81 84
81 53
81 56
81 57
81 61
81 30
81 63
82 65
82 35
82 36
82 5
82 6
82 39
82 74
82 46
82 79
82 82
82 51
82 21
82 22
82 85
82 56
82 57
82 61
82 69
82 63
83 65
83 2
83 35
83 39
83 74
83 43
83 66
83 79
83 50
83 3
83 84
83 21
83 56
83 57
83 26
83 61
83 85
85 67
85 69
85 70
85 51
85 85
85 54
85 62
86 35
86 36
86 5
86 6
86 74
86 43
86 76
86 79
86 75
86 67
86 21
86 85
86 62
86 57
86 30
86 63
87 2
87 35
87 4
87 6
87 39
87 74
87 75
87 66
87 79
87 50
87 84
87 53
87 54
87 56
87 57
87 62
87 85
