88
4 0
4 68
4 36
4 5
4 70
4 39
4 13
4 46
4 15
4 48
4 81
4 82
4 84
4 78
4 86
4 69
4 25
4 26
4 30
4 37
6 64
6 68
6 5
6 39
6 72
6 62
6 13
6 48
6 18
6 83
6 20
6 21
6 86
6 69
6 24
6 84
6 61
6 30
6 37
7 64
7 65
7 10
7 62
7 76
7 47
7 16
7 18
7 51
7 21
7 61
7 30
8 34
8 5
8 70
8 74
8 76
8 20
8 86
8 54
8 62
8 69
9 83
9 43
9 7
9 9
9 74
9 39
9 76
9 13
9 45
9 51
9 21
9 62
9 25
9 47
9 60
9 30
11 67
11 68
11 86
11 54
11 25
11 30
13 32
13 2
13 3
13 37
13 72
13 74
13 34
13 49
13 50
13 52
13 25
13 26
13 60
18 56
18 73
18 5
20 0
20 33
20 3
20 5
20 38
20 71
20 78
20 15
20 80
20 56
20 82
20 84
20 21
20 24
20 69
21 64
21 2
21 5
21 70
21 72
21 9
21 11
21 76
21 45
21 15
21 80
21 49
21 19
21 24
21 83
21 79
21 28
21 61
21 62
21 37
23 34
23 3
23 68
23 72
23 62
23 78
23 84
23 21
23 54
23 24
23 36
23 30
25 9
25 34
25 62
25 69
25 78
26 0
26 3
26 9
26 12
26 18
26 26
26 34
26 36
26 38
26 45
26 47
26 48
26 49
26 61
26 64
26 69
26 70
26 71
26 72
26 78
26 83
26 84
26 86
27 5
29 32
29 80
29 34
29 3
29 66
29 37
29 71
29 72
29 74
29 11
29 13
29 16
29 43
29 18
29 51
29 52
29 86
29 56
29 83
29 28
30 3
30 10
30 12
30 24
30 28
30 36
30 38
30 40
30 43
30 48
30 51
30 56
30 61
30 62
30 69
30 72
30 73
30 74
30 76
30 79
30 81
30 83
30 84
31 64
31 32
31 3
31 37
31 16
31 73
31 43
31 45
31 80
31 81
31 62
31 25
31 38
31 30
32 80
32 73
32 34
32 69
32 15
33 33
33 2
33 68
33 5
33 49
33 8
33 73
33 10
33 43
33 44
33 15
33 40
33 84
33 53
33 26
33 79
34 3
34 68
34 70
34 39
34 40
34 73
34 11
34 76
34 47
34 18
34 86
34 56
34 26
35 43
35 36
35 5
35 38
35 72
35 82
35 11
35 12
35 13
35 78
35 15
35 16
35 81
35 50
35 51
35 53
35 56
35 26
35 28
35 62
35 69
36 0
36 34
36 67
36 36
36 71
36 43
36 81
36 83
36 53
36 86
37 51
37 34
37 5
37 60
37 12
37 45
37 47
37 83
37 87
37 28
38 10
38 68
38 71
39 82
39 12
39 62
39 47
40 36
40 69
40 71
40 9
40 10
40 76
40 15
40 81
40 18
40 84
40 21
40 54
40 47
40 86
40 30
41 0
41 68
41 34
41 3
41 36
41 70
41 11
41 76
41 46
41 81
41 82
41 51
41 20
41 52
41 28
41 61
41 31
42 0
42 2
42 86
42 40
42 10
42 12
42 13
42 22
43 0
43 33
43 34
43 68
43 37
43 71
43 74
43 15
43 80
43 81
43 18
43 20
43 53
43 25
43 26
43 61
45 32
45 51
45 67
45 68
45 54
45 43
45 15
45 81
45 83
45 52
45 86
45 25
45 30
46 84
46 34
46 3
46 36
46 37
46 7
46 60
46 10
46 71
46 47
46 49
46 67
46 52
46 21
46 83
46 24
46 68
46 28
46 62
46 53
47 0
47 51
47 43
47 71
47 73
47 74
47 11
47 78
47 15
47 80
47 18
47 83
47 87
47 30
48 51
48 37
48 38
48 44
48 10
48 12
48 47
48 83
48 56
48 26
48 62
49 0
49 32
49 43
49 36
49 71
49 40
49 10
49 11
49 44
49 13
49 48
49 21
49 26
50 37
50 11
50 18
50 60
50 30
50 5
51 26
51 43
51 18
51 3
51 13
52 34
52 69
52 39
52 10
52 55
52 76
52 18
52 51
52 87
52 25
52 30
52 37
53 34
53 37
53 38
53 72
53 43
53 12
53 45
53 79
53 21
53 54
53 56
53 47
53 53
55 0
55 1
55 75
55 5
55 84
55 39
55 72
55 80
55 10
55 43
55 76
55 15
55 16
55 50
55 52
55 21
55 56
55 25
55 71
55 47
55 61
56 33
56 34
56 75
56 37
56 81
56 40
56 9
56 10
56 11
56 12
56 46
56 44
56 72
56 83
56 20
56 53
56 86
56 73
56 87
56 60
56 69
57 32
57 2
57 37
57 38
57 40
57 11
57 50
57 47
57 80
57 56
57 18
57 83
57 52
57 21
57 24
57 84
57 26
57 70
57 61
57 30
58 80
58 67
58 86
58 71
58 76
58 11
58 44
58 50
58 15
58 16
58 81
58 18
58 83
58 21
58 54
58 56
60 34
60 36
60 37
60 70
60 10
60 11
60 76
60 48
60 18
60 86
60 30
61 32
61 33
61 66
61 69
61 39
61 40
61 10
61 76
61 13
61 46
61 47
61 16
61 54
61 56
61 26
61 79
61 86
63 33
63 66
63 3
63 36
63 69
63 70
63 80
63 10
63 76
63 82
63 15
63 48
63 49
63 18
63 51
63 53
63 56
63 25
63 62
63 31
64 32
64 33
64 69
64 71
64 39
64 44
64 56
64 53
64 24
64 62
64 26
64 61
64 30
64 5
65 33
65 37
65 72
65 43
65 81
65 25
65 69
66 34
66 3
66 37
66 10
66 76
66 45
66 49
66 67
66 54
66 25
67 37
67 49
67 73
67 13
67 81
67 62
68 33
68 3
68 68
68 54
68 39
68 78
68 81
68 83
68 86
68 56
68 26
69 0
69 37
69 38
69 72
69 10
69 11
69 45
69 46
69 15
69 80
69 83
69 84
69 53
69 56
69 47
69 70
69 61
69 69
69 5
70 36
70 38
70 71
70 72
70 10
70 44
70 61
70 79
70 81
70 84
70 86
70 40
70 24
70 8
71 0
71 32
71 34
71 71
71 68
71 38
71 39
71 43
71 47
71 48
71 51
71 84
71 53
71 86
71 24
71 83
71 26
71 79
71 28
72 34
72 36
72 69
72 70
72 71
72 10
72 43
72 44
72 15
72 48
72 18
72 51
72 54
72 56
72 25
72 26
72 86
72 61
72 62
73 32
73 83
73 3
73 36
73 37
73 39
73 76
73 71
73 12
73 45
73 47
73 16
73 51
73 20
73 21
73 68
73 26
73 61
73 53
74 40
74 34
74 18
74 82
74 13
75 0
75 3
75 5
75 10
75 11
75 13
75 15
75 18
75 24
75 38
75 39
75 40
75 44
75 54
75 64
75 70
75 72
75 73
75 81
75 84
75 86
75 87
76 33
76 34
76 36
76 69
76 38
76 44
76 10
76 12
76 15
76 81
76 51
76 84
76 54
76 26
76 60
76 61
77 64
77 65
77 43
77 36
77 5
77 68
77 39
77 73
77 11
77 50
77 80
77 18
77 84
77 25
77 26
77 37
78 24
78 61
78 37
78 62
78 47
79 32
79 34
79 3
79 36
79 69
79 38
79 72
79 10
79 43
79 12
79 46
79 82
79 86
79 68
79 26
79 28
79 74
81 68
81 83
81 3
81 36
81 37
81 38
81 11
81 13
81 47
81 51
81 86
81 25
81 60
81 61
81 30
82 64
82 49
82 71
82 74
82 45
82 81
82 83
82 54
82 24
82 25
82 26
82 62
86 68
86 84
86 3
86 36
86 5
86 38
86 76
86 45
86 15
86 20
86 62
86 54
86 25
86 47
86 30
87 32
87 36
87 37
87 72
87 73
87 76
87 82
87 78
87 16
87 81
87 50
87 51
87 56
87 25
87 26
87 69
