88
0 1
0 2
0 3
0 5
0 7
0 8
0 11
0 12
0 13
0 16
0 18
0 20
0 24
0 26
0 27
0 28
0 29
0 30
0 31
0 34
0 35
0 36
0 37
0 39
0 40
0 41
0 42
0 43
0 45
0 46
0 47
0 48
0 50
0 51
0 52
0 54
0 55
0 56
0 58
0 60
0 62
0 63
0 69
0 70
0 72
0 73
0 74
0 76
0 77
0 78
0 81
0 83
0 85
0 86
0 87
1 1
1 2
1 5
1 7
1 8
1 11
1 24
1 27
1 28
1 30
1 35
1 36
1 37
1 39
1 40
1 41
1 42
1 43
1 45
1 46
1 48
1 49
1 52
1 54
1 55
1 56
1 58
1 60
1 62
1 63
1 69
1 70
1 72
1 76
1 77
1 81
1 86
1 87
2 2
2 5
2 8
2 11
2 13
2 20
2 24
2 27
2 28
2 29
2 30
2 35
2 36
2 37
2 39
2 41
2 42
2 45
2 46
2 49
2 52
2 54
2 55
2 58
2 60
2 63
2 69
2 70
2 72
2 76
2 81
2 86
2 87
4 1
4 2
4 3
4 5
4 7
4 8
4 9
4 11
4 13
4 18
4 20
4 23
4 24
4 26
4 27
4 28
4 29
4 30
4 31
4 32
4 34
4 35
4 36
4 37
4 38
4 39
4 40
4 41
4 42
4 43
4 44
4 45
4 46
4 47
4 48
4 49
4 50
4 51
4 52
4 54
4 55
4 56
4 58
4 60
4 61
4 62
4 63
4 69
4 70
4 72
4 73
4 74
4 76
4 77
4 81
4 83
4 85
4 86
6 1
6 2
6 3
6 5
6 7
6 8
6 9
6 10
6 11
6 13
6 20
6 23
6 24
6 26
6 28
6 29
6 30
6 31
6 32
6 34
6 35
6 36
6 37
6 38
6 39
6 40
6 41
6 42
6 44
6 45
6 46
6 47
6 48
6 49
6 50
6 51
6 52
6 54
6 55
6 56
6 57
6 58
6 60
6 62
6 63
6 68
6 69
6 70
6 72
6 73
6 74
6 76
6 77
6 78
6 81
6 83
6 85
6 86
6 87
11 2
11 3
11 5
11 7
11 8
11 11
11 13
11 20
11 23
11 24
11 27
11 28
11 29
11 30
11 35
11 36
11 39
11 40
11 41
11 42
11 43
11 45
11 46
11 49
11 52
11 54
11 55
11 56
11 58
11 60
11 62
11 69
11 70
11 72
11 76
11 77
11 81
11 86
11 87
15 2
15 5
15 7
15 8
15 9
15 13
15 18
15 20
15 24
15 26
15 27
15 28
15 29
15 30
15 31
15 35
15 36
15 37
15 39
15 40
15 41
15 42
15 45
15 46
15 49
15 50
15 52
15 54
15 55
15 56
15 58
15 60
15 62
15 63
15 69
15 70
15 72
15 73
15 74
15 76
15 77
15 81
15 85
15 86
15 87
20 2
20 3
20 7
20 8
20 13
20 20
20 24
20 27
20 28
20 29
20 30
20 31
20 35
20 36
20 37
20 39
20 40
20 41
20 42
20 45
20 46
20 49
20 52
20 54
20 55
20 56
20 58
20 60
20 63
20 69
20 70
20 72
20 76
20 77
20 78
20 81
20 86
46 2
46 5
46 8
46 20
46 24
46 28
46 30
46 35
46 39
46 40
46 41
46 42
46 45
46 46
46 49
46 54
46 55
46 60
46 63
46 70
46 76
46 81
46 86
46 87
51 2
51 5
51 7
51 8
51 13
51 20
51 24
51 27
51 28
51 30
51 35
51 36
51 37
51 38
51 39
51 41
51 42
51 45
51 46
51 49
51 52
51 54
51 55
51 58
51 60
51 63
51 69
51 70
51 72
51 76
51 77
51 81
51 87
56 5
56 8
56 11
56 13
56 20
56 24
56 27
56 28
56 30
56 35
56 36
56 39
56 40
56 41
56 42
56 45
56 46
56 49
56 52
56 54
56 56
56 58
56 60
56 63
56 69
56 70
56 72
56 76
56 81
56 86
58 1
58 2
58 5
58 7
58 8
58 11
58 13
58 20
58 24
58 27
58 28
58 29
58 30
58 35
58 36
58 37
58 38
58 39
58 40
58 41
58 42
58 45
58 46
58 48
58 49
58 50
58 52
58 54
58 55
58 56
58 58
58 60
58 63
58 69
58 70
58 72
58 73
58 76
58 77
58 81
58 86
58 87
59 1
59 3
59 7
59 8
59 11
59 13
59 20
59 27
59 28
59 30
59 35
59 36
59 37
59 39
59 40
59 41
59 42
59 43
59 45
59 46
59 48
59 49
59 52
59 54
59 55
59 56
59 58
59 60
59 62
59 63
59 69
59 70
59 72
59 73
59 77
59 81
59 86
59 87
62 1
62 2
62 5
62 7
62 8
62 11
62 13
62 20
62 24
62 26
62 27
62 28
62 30
62 31
62 32
62 34
62 35
62 36
62 37
62 38
62 39
62 40
62 41
62 42
62 45
62 46
62 47
62 48
62 49
62 50
62 51
62 52
62 54
62 55
62 56
62 58
62 60
62 62
62 63
62 70
62 71
62 72
62 76
62 77
62 81
62 86
62 87
63 2
63 5
63 11
63 13
63 20
63 24
63 27
63 28
63 30
63 34
63 35
63 36
63 37
63 39
63 40
63 41
63 42
63 45
63 49
63 52
63 54
63 55
63 58
63 60
63 62
63 63
63 69
63 70
63 72
63 81
63 86
64 1
64 2
64 3
64 5
64 7
64 8
64 9
64 10
64 11
64 13
64 20
64 21
64 24
64 26
64 27
64 28
64 29
64 30
64 31
64 32
64 35
64 36
64 37
64 39
64 40
64 41
64 42
64 43
64 45
64 46
64 47
64 48
64 49
64 50
64 52
64 54
64 55
64 56
64 58
64 60
64 61
64 62
64 63
64 69
64 70
64 72
64 73
64 74
64 76
64 77
64 78
64 81
64 85
64 86
64 87
65 1
65 2
65 3
65 5
65 7
65 8
65 11
65 13
65 18
65 20
65 24
65 26
65 27
65 28
65 30
65 31
65 34
65 35
65 36
65 37
65 39
65 40
65 41
65 42
65 45
65 46
65 49
65 52
65 54
65 55
65 56
65 60
65 62
65 63
65 69
65 70
65 72
65 73
65 76
65 81
65 85
65 86
65 87
72 2
72 5
72 7
72 8
72 13
72 20
72 24
72 28
72 30
72 35
72 36
72 37
72 39
72 40
72 41
72 42
72 46
72 52
72 54
72 55
72 56
72 58
72 60
72 63
72 70
72 72
72 76
72 81
72 86
78 2
78 3
78 5
78 8
78 13
78 20
78 24
78 27
78 28
78 30
78 31
78 35
78 36
78 37
78 39
78 40
78 41
78 42
78 43
78 45
78 46
78 48
78 49
78 50
78 52
78 54
78 55
78 56
78 58
78 60
78 62
78 63
78 69
78 70
78 72
78 76
78 86
82 2
82 3
82 5
82 7
82 8
82 9
82 11
82 13
82 16
82 18
82 20
82 24
82 26
82 27
82 28
82 29
82 30
82 31
82 34
82 35
82 36
82 37
82 38
82 39
82 40
82 41
82 42
82 44
82 45
82 46
82 47
82 49
82 50
82 51
82 52
82 54
82 55
82 56
82 58
82 60
82 61
82 62
82 63
82 66
82 67
82 69
82 70
82 72
82 73
82 74
82 76
82 77
82 81
82 86
82 87
84 1
84 2
84 3
84 5
84 7
84 8
84 13
84 16
84 18
84 20
84 22
84 24
84 27
84 28
84 29
84 30
84 31
84 32
84 34
84 35
84 36
84 37
84 38
84 39
84 40
84 41
84 42
84 45
84 46
84 48
84 49
84 50
84 51
84 52
84 54
84 55
84 56
84 58
84 60
84 62
84 63
84 69
84 70
84 72
84 73
84 76
84 77
84 78
84 81
84 85
84 86
84 87
