88
0 67
0 38
0 10
0 50
0 86
0 74
0 62
5 1
5 45
5 4
5 5
5 70
5 33
5 40
5 9
5 10
5 71
5 13
5 15
5 72
5 74
5 53
5 86
5 87
5 56
5 27
5 42
5 85
6 0
6 33
6 36
6 70
6 6
6 39
6 72
6 10
6 77
6 53
6 86
6 87
6 26
6 59
6 85
8 1
8 3
8 4
8 37
8 65
8 7
8 47
8 79
8 55
8 82
8 15
8 75
8 67
8 85
8 54
8 23
8 27
8 60
11 2
11 4
11 10
11 13
11 23
11 26
11 28
11 33
11 37
11 39
11 40
11 41
11 45
11 50
11 52
11 54
11 57
11 61
11 62
11 73
11 75
11 80
11 82
11 85
11 86
11 87
12 3
12 9
12 10
12 13
12 26
12 27
12 33
12 35
12 40
12 45
12 47
12 48
12 52
12 57
12 61
12 62
12 65
12 67
12 71
12 72
12 73
12 74
12 77
12 79
12 81
12 82
12 85
13 0
13 33
13 3
13 4
13 38
13 6
13 71
13 9
13 75
13 76
13 13
13 77
13 45
13 81
13 82
13 26
13 47
13 61
13 31
16 37
16 87
17 33
17 67
17 70
17 71
17 7
17 85
17 87
17 26
20 35
24 0
24 2
24 10
24 22
24 23
24 27
24 36
24 38
24 40
24 42
24 45
24 47
24 52
24 55
24 61
24 67
24 70
24 72
24 73
24 80
24 82
24 85
25 0
25 1
25 59
25 4
25 38
25 39
25 40
25 9
25 71
25 77
25 47
25 80
25 82
25 67
25 52
25 85
25 23
25 27
25 60
25 65
27 0
27 33
27 35
27 79
27 65
27 72
27 47
27 10
27 55
27 15
27 67
27 74
27 53
27 22
27 23
27 57
27 26
27 27
27 60
27 42
29 2
29 6
29 7
29 9
29 10
29 13
29 15
29 22
29 23
29 26
29 27
29 28
29 31
29 33
29 47
29 52
29 57
29 62
29 71
29 72
29 73
29 75
29 77
29 86
30 0
30 2
30 3
30 6
30 7
30 13
30 27
30 28
30 33
30 35
30 37
30 38
30 40
30 45
30 47
30 52
30 55
30 56
30 60
30 61
30 62
30 70
30 71
30 72
30 77
30 80
30 82
30 86
31 0
31 33
31 2
31 4
31 7
31 72
31 60
31 10
31 71
31 47
31 80
31 81
31 51
31 52
31 22
31 73
31 26
31 59
31 28
31 61
31 31
32 52
32 10
32 76
32 62
33 1
33 2
33 35
33 4
33 39
33 42
33 55
33 82
33 81
33 50
33 52
33 85
33 23
33 62
33 31
34 0
34 1
34 4
34 7
34 9
34 15
34 23
34 26
34 28
34 37
34 39
34 42
34 47
34 51
34 52
34 61
34 65
34 67
34 70
34 74
34 77
34 82
34 85
34 87
35 1
35 2
35 3
35 54
35 70
35 10
35 75
35 47
35 85
35 22
35 23
35 57
35 87
35 61
37 0
37 65
37 2
37 35
37 4
37 7
37 10
37 15
37 50
37 67
37 52
37 53
37 22
37 57
37 27
37 28
37 74
38 0
38 1
38 2
38 7
38 10
38 13
38 15
38 26
38 27
38 33
38 35
38 37
38 40
38 41
38 42
38 45
38 47
38 50
38 52
38 53
38 56
38 57
38 60
38 71
38 72
38 73
38 85
38 86
40 0
40 1
40 3
40 4
40 6
40 7
40 10
40 15
40 23
40 26
40 27
40 28
40 33
40 40
40 67
40 70
40 71
40 72
40 80
40 82
40 85
40 86
40 87
44 33
44 67
44 72
44 35
44 52
44 22
44 55
45 0
45 4
45 6
45 7
45 9
45 26
45 31
45 33
45 35
45 37
45 38
45 40
45 45
45 53
45 55
45 56
45 61
45 62
45 67
45 71
45 82
45 86
46 65
46 67
46 75
46 35
46 22
46 28
47 0
47 35
47 37
47 7
47 9
47 74
47 75
47 13
47 77
47 45
47 81
47 82
47 51
47 21
47 57
47 59
47 28
47 61
47 31
48 0
48 6
48 7
48 9
48 13
48 23
48 33
48 35
48 37
48 38
48 40
48 41
48 45
48 47
48 53
48 60
48 61
48 62
48 67
48 72
48 74
48 75
48 80
48 87
49 1
49 4
49 37
49 6
49 33
49 75
49 50
49 85
49 87
49 70
52 0
52 1
52 3
52 4
52 6
52 7
52 13
52 26
52 31
52 33
52 36
52 40
52 47
52 48
52 53
52 55
52 57
52 59
52 65
52 67
52 75
52 80
52 81
52 86
53 3
53 4
53 5
53 9
53 10
53 15
53 23
53 28
53 36
53 37
53 38
53 42
53 52
53 53
53 57
53 59
53 62
53 67
53 70
53 71
53 73
53 75
53 77
53 80
53 85
53 86
55 4
55 6
55 7
55 9
55 13
55 15
55 22
55 23
55 26
55 27
55 33
55 35
55 37
55 38
55 47
55 61
55 70
55 74
55 77
55 79
55 82
55 87
56 67
56 4
56 38
56 10
56 80
56 57
56 59
59 4
59 5
59 38
59 7
59 72
59 60
59 57
59 39
59 45
59 47
59 80
59 52
59 53
59 73
59 23
59 55
59 74
59 28
59 61
59 62
59 85
60 0
60 1
60 2
60 35
60 70
60 6
60 33
60 9
60 74
60 71
60 77
60 47
60 59
60 53
60 87
60 26
60 27
60 28
60 61
60 31
64 0
64 2
64 50
64 71
64 10
64 13
64 82
64 22
64 28
65 0
65 1
65 70
65 37
65 6
65 33
65 40
65 9
65 74
65 86
65 13
65 47
65 72
65 53
65 22
65 87
65 57
65 38
65 28
65 85
65 31
66 2
66 4
66 6
66 10
66 15
66 21
66 22
66 23
66 31
66 35
66 37
66 38
66 39
66 42
66 45
66 57
66 58
66 61
66 62
66 65
66 70
66 73
66 74
66 75
66 77
66 80
66 86
67 1
67 2
67 75
67 4
67 70
67 38
67 33
67 60
67 10
67 71
67 86
67 82
67 53
67 22
67 55
67 57
67 27
67 28
67 61
67 85
68 2
68 35
68 7
68 74
68 75
68 80
69 0
69 3
69 4
69 6
69 9
69 13
69 15
69 22
69 23
69 26
69 28
69 31
69 33
69 39
69 45
69 47
69 52
69 53
69 55
69 59
69 61
69 71
69 72
69 73
69 82
69 87
70 1
70 4
70 38
70 6
70 39
70 42
70 13
70 77
70 82
70 55
70 27
74 0
74 3
74 4
74 6
74 9
74 13
74 26
74 28
74 33
74 37
74 38
74 42
74 48
74 56
74 61
74 62
74 65
74 77
74 81
74 82
74 85
74 87
75 65
75 2
75 37
75 70
75 7
75 9
75 42
75 87
75 77
75 80
75 82
75 74
75 85
75 55
75 57
75 10
76 0
76 1
76 67
76 4
76 5
76 6
76 72
76 75
76 13
76 18
76 82
76 22
76 85
76 70
76 62
76 37
77 0
77 1
77 2
77 4
77 7
77 9
77 13
77 15
77 23
77 28
77 37
77 40
77 41
77 55
77 56
77 58
77 62
77 65
77 73
77 74
77 75
77 77
77 80
77 81
77 86
77 87
78 35
78 67
79 0
79 2
79 4
79 6
79 10
79 13
79 15
79 22
79 26
79 27
79 33
79 35
79 38
79 39
79 47
79 58
79 61
79 62
79 65
79 72
79 73
79 75
79 77
79 80
79 81
79 86
81 1
81 2
81 3
81 38
81 6
81 23
81 45
81 67
81 53
81 22
81 87
81 28
81 62
82 65
82 86
82 38
82 6
82 39
82 9
82 76
82 45
82 15
82 80
82 81
82 21
82 54
82 23
82 26
82 27
82 70
82 61
82 85
82 53
83 0
83 61
84 0
84 33
84 26
84 47
84 55
