88
1 33
1 2
1 34
1 68
1 39
1 41
1 79
1 62
1 13
1 77
1 48
1 87
1 82
1 21
1 23
1 25
1 58
1 59
1 28
1 30
1 53
2 2
2 35
2 68
2 77
2 41
2 43
2 34
2 46
2 15
2 48
2 59
2 82
2 21
2 87
2 25
2 47
2 28
2 29
2 62
2 53
3 5
3 15
3 16
3 19
3 21
3 23
3 25
3 28
3 29
3 30
3 37
3 43
3 47
3 54
3 55
3 58
3 59
3 62
3 67
3 68
3 77
3 82
4 33
4 35
4 39
4 41
4 75
4 77
4 48
4 43
4 82
4 23
4 28
4 29
4 30
5 40
5 16
5 68
5 29
5 28
6 33
6 34
6 35
6 5
6 40
6 41
6 79
6 75
6 46
6 15
6 48
6 82
6 67
6 20
6 62
6 23
6 25
6 59
6 28
6 30
6 37
7 2
7 7
7 13
7 16
7 20
7 23
7 25
7 29
7 31
7 33
7 35
7 40
7 41
7 43
7 46
7 47
7 53
7 54
7 55
7 58
7 59
7 62
7 67
7 79
7 82
7 83
8 2
8 15
8 16
8 19
8 21
8 23
8 28
8 30
8 33
8 35
8 37
8 39
8 40
8 42
8 43
8 47
8 48
8 54
8 58
8 68
8 79
8 82
11 2
11 5
11 15
11 20
11 21
11 23
11 25
11 28
11 29
11 30
11 31
11 33
11 35
11 37
11 41
11 43
11 46
11 47
11 49
11 53
11 62
11 67
11 68
11 77
11 79
11 82
12 13
12 15
12 19
12 23
12 25
12 29
12 30
12 31
12 33
12 40
12 41
12 43
12 46
12 48
12 49
12 58
12 59
12 68
12 75
12 77
12 79
12 83
12 87
13 13
13 15
13 16
13 20
13 21
13 23
13 25
13 26
13 29
13 30
13 31
13 33
13 35
13 37
13 46
13 47
13 48
13 59
13 62
13 68
13 75
13 77
13 79
13 82
15 25
15 68
15 28
15 47
16 79
16 33
16 2
16 59
16 68
16 77
16 41
16 10
16 43
16 13
16 46
16 15
16 19
16 20
16 23
16 25
16 47
16 28
16 29
16 30
16 31
17 59
17 67
17 37
17 77
18 48
18 2
18 35
18 68
18 37
18 41
18 43
18 46
18 47
18 16
18 49
18 82
18 67
18 20
18 21
18 54
18 23
18 83
18 25
18 28
18 53
21 0
21 2
21 5
21 13
21 15
21 19
21 21
21 23
21 25
21 28
21 30
21 31
21 33
21 34
21 35
21 37
21 39
21 41
21 42
21 46
21 48
21 58
21 59
21 62
21 82
21 87
22 2
22 5
22 13
22 15
22 16
22 21
22 25
22 26
22 28
22 29
22 30
22 31
22 33
22 35
22 37
22 39
22 41
22 43
22 47
22 48
22 58
22 59
22 62
22 77
22 79
22 82
25 33
25 59
25 37
25 41
25 43
25 13
25 15
25 25
25 47
25 28
28 33
28 34
28 35
28 68
28 41
28 62
28 77
28 46
28 15
28 48
28 87
28 21
28 54
28 23
28 58
28 47
28 28
28 29
28 30
29 13
29 15
29 16
29 20
29 21
29 25
29 28
29 29
29 30
29 33
29 34
29 37
29 39
29 41
29 43
29 46
29 48
29 53
29 58
29 59
29 77
29 79
29 82
30 2
30 59
30 5
30 77
30 41
30 10
30 43
30 34
30 46
30 15
30 49
30 21
30 55
30 87
30 47
30 28
30 29
30 62
30 37
33 2
33 5
33 15
33 16
33 20
33 21
33 23
33 28
33 29
33 30
33 33
33 35
33 37
33 41
33 43
33 46
33 47
33 58
33 59
33 62
33 67
33 68
33 77
33 82
36 2
36 5
36 13
36 15
36 19
36 21
36 25
36 26
36 29
36 30
36 33
36 34
36 35
36 37
36 41
36 53
36 55
36 59
36 62
36 68
36 77
36 82
37 2
37 13
37 16
37 19
37 20
37 21
37 28
37 29
37 30
37 33
37 35
37 37
37 39
37 43
37 48
37 49
37 53
37 58
37 59
37 62
37 67
37 82
40 2
40 35
40 68
40 5
40 39
40 43
40 77
40 46
40 47
40 48
40 82
40 67
40 21
40 23
40 25
40 58
40 59
40 29
40 30
40 37
42 2
42 5
42 15
42 16
42 20
42 21
42 23
42 25
42 28
42 29
42 31
42 34
42 35
42 37
42 41
42 43
42 46
42 47
42 48
42 49
42 68
42 77
42 79
42 85
45 48
45 2
45 23
45 15
46 48
46 2
46 35
46 68
46 37
46 77
46 41
46 13
46 46
46 15
46 16
46 67
46 21
46 54
46 23
46 58
46 47
46 28
46 29
46 62
46 53
47 0
47 5
47 7
47 13
47 16
47 20
47 21
47 23
47 28
47 30
47 33
47 34
47 35
47 37
47 41
47 43
47 46
47 54
47 55
47 59
47 67
47 77
48 20
48 62
48 46
48 15
49 0
49 33
49 2
49 29
49 87
50 47
50 67
50 59
50 37
50 77
51 67
51 39
51 41
51 16
51 20
51 59
51 29
51 62
52 41
52 25
52 62
52 47
53 16
53 41
53 82
53 35
53 31
54 33
54 2
54 67
54 68
54 48
54 40
54 41
54 77
54 46
54 47
54 16
54 20
54 53
54 54
54 85
54 25
54 59
54 28
54 29
54 30
54 31
55 33
55 2
55 35
55 37
55 43
55 77
55 46
55 79
55 53
55 23
55 58
55 29
56 2
57 87
57 62
57 30
57 47
61 48
61 35
61 41
61 75
61 13
61 46
61 79
61 16
61 43
61 59
61 47
61 29
61 30
62 15
62 20
62 23
62 25
62 29
62 30
62 31
62 33
62 34
62 35
62 37
62 39
62 41
62 43
62 46
62 48
62 53
62 59
62 62
62 77
62 79
62 85
63 33
63 2
63 35
63 68
63 48
63 41
63 79
63 67
63 77
63 15
63 16
63 59
63 75
63 19
63 21
63 23
63 25
63 47
63 29
63 30
63 31
65 54
66 33
66 35
66 37
66 46
66 15
66 48
66 59
66 62
66 25
66 47
66 29
66 30
67 2
67 7
67 13
67 16
67 20
67 21
67 23
67 25
67 28
67 30
67 33
67 34
67 35
67 41
67 43
67 46
67 48
67 59
67 62
67 68
67 77
67 82
68 33
68 2
68 35
68 37
68 77
68 41
68 75
68 34
68 46
68 47
68 48
68 67
68 21
68 54
68 23
68 25
68 58
68 79
68 29
68 62
68 53
69 43
69 30
69 15
70 48
70 2
70 34
70 39
71 2
71 59
71 68
71 37
71 75
71 15
71 48
71 19
71 47
71 30
72 2
72 67
72 68
72 15
72 35
72 23
72 59
72 30
73 2
73 35
73 37
73 46
73 47
73 21
73 28
76 33
76 35
76 43
76 77
76 46
76 15
76 19
76 21
76 23
76 62
76 25
76 30
77 2
77 10
77 15
77 16
77 20
77 21
77 23
77 25
77 28
77 31
77 33
77 34
77 37
77 42
77 43
77 46
77 48
77 53
77 55
77 62
77 75
77 79
77 82
77 87
78 59
78 58
78 67
78 29
78 23
79 75
79 37
79 39
79 41
79 43
79 77
79 46
79 15
79 48
79 82
79 20
79 21
79 54
79 23
79 25
79 28
81 54
81 47
82 68
82 82
82 23
82 25
82 58
82 28
82 62
84 23
85 47
85 87
85 54
85 46
85 15
86 34
86 35
86 39
86 41
86 43
86 77
86 46
86 48
86 82
86 19
86 21
86 54
86 62
86 25
86 59
86 28
86 29
86 30
87 2
87 16
87 19
87 20
87 21
87 23
87 28
87 29
87 35
87 37
87 39
87 41
87 43
87 46
87 48
87 54
87 58
87 59
87 62
87 68
87 75
87 87
