88
0 0
0 1
0 67
0 37
0 33
0 8
0 11
0 47
0 49
0 18
0 53
0 54
0 39
0 28
0 61
1 64
1 67
1 41
1 11
1 50
1 22
1 61
1 62
2 37
2 40
2 18
2 53
2 28
2 61
2 31
3 32
3 34
3 67
3 71
3 12
3 13
3 79
3 49
3 19
3 20
3 62
3 86
3 28
3 61
3 30
3 31
4 35
4 21
5 1
5 66
5 68
5 30
5 78
6 0
6 5
6 38
6 16
6 23
6 57
6 28
7 1
7 66
7 11
7 2
7 61
7 53
7 26
7 58
8 0
8 64
8 66
8 35
8 82
8 37
8 39
8 74
8 67
8 13
8 79
8 18
8 51
8 20
8 21
8 83
8 31
9 66
9 67
9 49
9 83
9 26
9 31
10 0
10 1
10 35
10 6
10 21
10 27
11 66
11 67
11 70
11 39
11 40
11 44
11 49
11 18
12 0
12 1
12 2
12 35
12 37
12 33
12 12
12 13
12 78
12 19
12 22
12 56
12 26
12 27
12 86
12 30
13 35
13 38
13 75
13 13
13 46
13 79
13 43
13 67
13 87
13 58
13 59
15 32
15 73
15 51
16 42
16 13
16 46
16 47
16 49
16 82
16 30
17 2
17 67
17 6
17 38
17 44
17 12
17 66
17 46
17 20
17 53
17 55
18 1
18 83
18 19
18 52
19 1
19 37
19 86
19 53
20 67
20 12
20 13
20 78
20 16
20 84
20 21
20 57
20 59
21 51
21 41
21 43
21 76
21 47
21 16
21 83
21 52
21 21
21 24
21 61
21 31
22 0
22 1
22 83
22 8
22 42
22 75
22 50
22 46
22 79
22 18
22 51
22 84
22 86
22 55
22 26
22 74
22 31
23 0
23 1
23 34
23 35
23 37
23 49
23 75
23 13
23 46
23 43
23 52
23 21
23 54
23 27
24 69
24 39
24 10
24 11
24 47
24 82
24 84
24 21
25 1
25 66
25 67
25 69
25 39
25 72
25 9
25 10
25 11
25 76
25 13
25 82
25 57
25 26
26 0
26 35
26 6
26 42
26 11
26 12
26 45
26 59
26 82
26 53
26 87
26 27
26 31
27 2
27 35
27 70
27 11
27 44
27 13
27 16
27 43
27 50
27 20
27 23
27 30
28 32
28 33
28 66
28 82
28 37
28 6
28 41
28 50
28 46
28 77
28 18
28 19
28 20
28 78
28 87
28 85
28 31
29 82
29 47
30 0
30 2
30 68
30 6
30 70
30 39
30 18
30 45
30 14
30 16
30 82
30 84
30 86
31 2
31 67
31 38
31 6
31 71
31 76
31 78
31 56
31 25
32 0
32 1
32 6
32 77
32 46
32 13
32 16
32 82
32 62
32 63
33 1
33 77
33 46
33 20
33 60
33 30
33 63
34 71
34 74
34 16
34 82
34 53
34 59
34 60
34 63
35 66
35 67
35 5
35 73
35 78
35 48
35 26
35 27
36 0
36 1
36 66
36 39
36 43
36 16
36 49
36 50
36 53
36 87
36 26
37 34
37 50
38 64
38 65
38 50
38 32
38 60
38 11
38 13
38 82
38 84
38 57
38 26
38 28
39 2
39 67
39 43
39 50
39 20
39 56
39 25
39 30
40 0
40 1
40 61
40 5
40 65
40 33
40 50
40 47
40 16
40 49
40 18
40 19
40 84
40 87
40 57
40 63
40 37
40 30
40 31
41 0
41 67
41 79
41 49
41 20
41 87
41 26
41 27
42 0
42 66
42 36
42 16
42 49
42 51
42 53
42 27
43 1
43 2
43 71
43 9
43 39
43 20
43 27
43 60
43 62
44 16
44 27
44 20
45 1
45 67
45 38
45 42
45 13
45 79
45 48
45 20
45 53
45 54
45 23
46 1
46 37
46 39
46 18
46 52
46 20
46 60
46 63
47 64
47 32
47 67
47 39
47 9
47 75
47 13
47 47
47 83
47 53
47 63
48 2
48 35
48 68
48 38
48 6
48 39
48 42
48 78
48 46
48 18
48 53
48 23
48 25
48 26
48 27
48 61
49 59
49 82
49 35
49 21
49 53
50 40
50 9
50 79
51 66
51 20
51 21
51 14
51 39
52 0
52 2
52 38
52 55
52 18
52 82
52 85
52 87
52 27
52 62
53 67
53 38
53 40
53 12
53 78
53 51
53 57
53 25
53 26
53 63
54 32
54 33
54 34
54 6
54 65
54 64
54 73
54 87
54 12
54 13
54 49
54 82
54 56
54 23
54 24
54 84
54 27
55 64
55 66
55 76
55 30
56 0
56 1
56 34
56 67
56 76
56 79
56 17
56 19
56 27
56 30
56 63
57 2
57 66
57 37
57 38
57 41
57 11
57 13
57 49
57 82
57 19
57 20
57 21
57 24
57 25
57 60
58 34
58 35
58 7
58 55
58 56
58 26
59 0
59 33
59 2
59 67
59 36
59 65
59 8
59 9
59 42
59 14
59 16
59 49
59 50
59 51
59 20
59 21
59 87
59 27
59 60
60 65
60 66
60 35
60 36
60 37
60 9
60 13
60 78
60 47
60 82
60 67
60 52
60 21
60 84
60 26
60 30
60 53
61 32
61 1
61 34
61 35
61 37
61 39
61 72
61 43
61 78
61 77
61 14
61 82
61 21
61 86
61 55
61 58
61 28
61 29
61 63
62 49
62 26
63 50
63 6
63 41
63 10
63 11
63 13
63 49
63 82
63 87
63 59
64 0
64 33
64 67
64 6
64 39
64 8
64 11
64 45
64 50
64 18
64 51
64 53
64 26
64 60
65 2
65 37
65 79
65 30
65 26
65 59
65 62
66 67
66 6
66 39
66 8
66 10
66 11
66 46
66 47
66 82
66 21
66 22
66 26
66 27
66 30
67 0
67 65
67 66
67 38
67 49
67 8
67 75
67 12
67 13
67 17
67 51
67 84
67 21
67 24
67 57
67 26
68 1
68 34
68 37
68 11
68 76
68 78
68 47
68 18
68 21
68 23
68 55
68 26
69 1
69 2
69 66
69 38
69 6
69 71
69 60
69 78
69 13
69 14
69 16
69 49
69 18
69 51
69 53
69 59
69 28
70 1
70 34
70 37
70 6
70 65
70 40
70 9
70 42
70 76
70 78
70 16
70 49
70 72
70 26
70 27
70 70
70 61
70 30
71 0
71 1
71 34
71 35
71 37
71 33
71 72
71 9
71 39
71 47
71 82
71 20
71 21
71 87
71 84
71 27
71 53
72 2
72 37
72 6
72 39
72 66
72 16
72 82
72 51
72 57
72 31
73 66
73 35
73 73
73 42
73 82
73 52
73 58
73 31
74 66
74 36
74 37
74 9
74 43
74 76
74 77
74 14
74 13
74 19
74 20
74 53
74 59
74 31
75 32
75 33
75 35
75 36
75 73
75 42
75 12
75 50
75 76
75 18
75 19
75 84
75 82
75 24
75 27
75 60
75 63
76 32
76 65
76 67
76 39
76 9
76 11
76 79
76 51
76 21
76 23
76 56
76 30
77 2
77 67
77 36
77 37
77 6
77 39
77 72
77 9
77 74
77 75
77 44
77 13
77 49
77 50
77 51
77 68
77 27
77 69
77 31
78 32
78 38
78 6
78 11
78 16
78 86
78 26
78 27
78 60
79 16
79 53
81 50
81 27
81 12
81 5
81 39
82 0
82 6
82 39
82 13
82 19
82 31
83 68
83 6
83 74
83 76
83 16
83 62
83 30
84 35
84 76
84 44
84 13
84 77
84 16
84 18
84 51
84 20
84 21
84 86
84 25
84 26
84 27
84 30
84 31
85 65
85 39
86 0
86 33
86 35
86 40
86 42
86 12
86 45
86 47
86 50
86 19
86 20
86 57
86 24
86 25
86 30
87 35
87 38
87 72
87 79
87 49
87 18
87 86
87 57
87 59
87 61
