88
0 1
0 2
0 10
0 11
0 13
0 14
0 23
0 26
0 31
0 32
0 34
0 35
0 38
0 39
0 41
0 42
0 44
0 46
0 47
0 67
0 68
0 73
0 75
0 77
0 86
1 66
1 77
4 35
4 66
4 67
4 4
4 38
4 74
4 46
4 79
4 50
4 83
4 84
4 20
4 68
4 30
5 84
5 33
5 75
5 36
5 38
5 71
5 41
5 42
5 11
5 76
5 83
5 20
5 73
5 23
5 68
5 59
5 63
7 74
7 20
7 50
7 38
8 32
8 48
8 66
8 67
8 38
8 71
8 13
8 79
8 34
8 50
8 83
8 31
9 2
9 4
9 10
9 13
9 17
9 23
9 29
9 30
9 32
9 34
9 41
9 42
9 46
9 48
9 50
9 51
9 59
9 62
9 65
9 68
9 71
9 75
9 82
9 84
11 1
11 34
11 67
11 4
11 38
11 42
11 11
11 44
11 66
11 48
11 75
11 51
11 20
11 21
11 84
11 28
11 61
11 30
12 4
12 50
12 83
12 36
15 34
16 0
16 32
16 34
16 67
16 4
16 39
16 41
16 13
16 14
16 73
16 48
16 17
16 51
16 77
16 54
16 23
16 29
16 30
16 63
17 0
17 4
17 10
17 11
17 13
17 21
17 26
17 33
17 35
17 38
17 39
17 41
17 46
17 47
17 48
17 51
17 62
17 65
17 66
17 71
17 73
17 74
17 75
17 87
19 0
19 1
19 4
19 10
19 13
19 21
19 30
19 32
19 35
19 42
19 43
19 47
19 51
19 59
19 61
19 66
19 67
19 68
19 71
19 73
19 74
19 75
19 77
19 86
22 1
22 13
22 20
22 30
22 31
22 35
22 41
22 43
22 44
22 46
22 50
22 51
22 54
22 59
22 63
22 65
22 67
22 73
22 74
22 78
22 79
22 82
22 83
22 87
23 0
23 1
23 34
23 36
23 65
23 32
23 74
23 75
23 44
23 66
23 46
23 79
23 51
23 21
23 54
23 68
23 28
24 65
24 67
24 35
24 71
24 74
24 77
24 82
24 83
24 59
27 9
27 10
27 11
27 20
27 32
27 34
27 35
27 36
27 38
27 44
27 48
27 50
27 54
27 63
27 66
27 67
27 68
27 71
27 73
27 74
27 75
27 77
27 84
30 1
30 4
30 9
30 10
30 13
30 17
30 20
30 23
30 30
30 34
30 41
30 44
30 46
30 50
30 51
30 62
30 65
30 66
30 73
30 74
30 78
30 82
30 84
31 67
31 77
32 2
32 4
32 11
32 14
32 19
32 23
32 28
32 29
32 32
32 39
32 41
32 54
32 61
32 63
32 65
32 68
32 71
32 73
32 74
32 75
32 77
32 83
32 84
35 0
35 1
35 5
35 13
35 20
35 23
35 28
35 32
35 33
35 34
35 38
35 44
35 46
35 51
35 54
35 61
35 63
35 67
35 71
35 74
35 75
35 79
35 82
35 84
36 4
36 11
36 13
36 19
36 20
36 21
36 26
36 29
36 30
36 32
36 33
36 34
36 35
36 38
36 41
36 44
36 46
36 61
36 65
36 66
36 67
36 71
36 77
36 84
37 32
37 34
37 35
37 4
37 86
37 38
37 9
37 74
37 11
37 44
37 78
37 47
37 67
37 84
37 21
37 73
37 41
37 68
37 28
37 30
37 31
38 1
38 6
38 13
38 20
38 23
38 30
38 31
38 32
38 36
38 39
38 41
38 42
38 44
38 46
38 50
38 63
38 66
38 68
38 71
38 75
38 77
38 83
39 48
39 9
39 77
39 41
41 32
41 1
41 66
41 75
41 68
41 38
41 71
41 11
41 13
41 78
41 77
41 48
41 17
41 50
41 20
41 23
41 84
41 59
41 28
41 29
41 31
43 4
43 9
43 10
43 11
43 23
43 31
43 32
43 34
43 38
43 42
43 44
43 46
43 48
43 54
43 59
43 66
43 67
43 68
43 71
43 73
43 74
43 75
43 77
43 82
45 2
45 11
45 13
45 17
45 30
45 31
45 33
45 34
45 35
45 36
45 41
45 46
45 47
45 48
45 61
45 63
45 65
45 67
45 68
45 71
45 74
45 75
45 83
45 84
47 32
47 66
47 67
47 68
47 73
47 44
47 51
47 84
47 62
47 30
49 28
50 2
50 11
50 13
50 23
50 26
50 32
50 33
50 35
50 36
50 38
50 41
50 42
50 44
50 47
50 50
50 63
50 65
50 66
50 67
50 71
50 74
50 75
50 83
51 32
51 33
51 34
51 35
51 68
51 65
51 9
51 74
51 71
51 44
51 66
51 46
51 47
51 17
51 50
51 51
51 78
51 41
51 28
51 62
51 31
53 47
55 34
55 35
55 71
55 75
55 44
55 50
55 51
57 6
59 0
59 4
59 11
59 13
59 17
59 23
59 30
59 31
59 32
59 33
59 34
59 35
59 36
59 39
59 42
59 44
59 46
59 47
59 51
59 62
59 67
59 75
59 77
59 84
61 32
61 33
61 34
61 35
61 4
61 77
61 73
61 10
61 66
61 46
61 47
61 50
61 84
61 23
61 74
61 30
61 31
64 0
64 4
64 11
64 13
64 17
64 23
64 30
64 32
64 34
64 35
64 36
64 38
64 42
64 50
64 62
64 63
64 65
64 66
64 71
64 75
64 78
64 82
65 66
65 67
65 82
65 38
65 77
65 10
65 11
65 13
65 46
65 47
65 50
65 51
65 84
65 21
65 26
65 75
65 30
65 63
66 4
66 5
66 9
66 10
66 21
66 23
66 29
66 31
66 32
66 34
66 38
66 42
66 46
66 47
66 54
66 59
66 62
66 65
66 73
66 79
66 84
66 86
67 2
67 4
67 11
67 14
67 17
67 21
67 30
67 33
67 34
67 35
67 36
67 39
67 41
67 42
67 44
67 50
67 51
67 63
67 67
67 74
67 75
67 77
67 83
69 2
69 4
69 11
69 13
69 21
69 26
69 29
69 38
69 41
69 42
69 43
69 47
69 50
69 51
69 59
69 61
69 65
69 68
69 73
69 74
69 77
69 84
69 86
71 0
71 4
71 13
71 19
71 20
71 23
71 26
71 32
71 34
71 35
71 36
71 39
71 41
71 44
71 46
71 51
71 54
71 66
71 67
71 68
71 77
71 83
71 86
72 0
72 2
72 13
72 20
72 23
72 31
72 34
72 35
72 38
72 41
72 44
72 46
72 48
72 51
72 54
72 61
72 62
72 65
72 68
72 71
72 73
72 75
72 77
72 84
72 86
73 4
73 5
73 9
73 11
73 13
73 20
73 26
73 28
73 30
73 32
73 33
73 38
73 41
73 44
73 50
73 51
73 66
73 73
73 74
73 75
73 77
73 79
74 0
74 13
74 23
74 26
74 29
74 30
74 32
74 33
74 41
74 42
74 50
74 51
74 54
74 65
74 66
74 67
74 68
74 71
74 73
74 74
74 75
74 77
74 82
74 84
75 65
75 34
75 35
75 68
75 71
75 41
75 74
75 46
75 17
77 32
77 65
77 66
77 35
77 4
77 38
77 41
77 74
77 47
77 50
77 20
77 23
77 68
77 61
77 30
79 4
80 79
83 1
83 2
83 13
83 23
83 36
83 41
83 42
83 44
83 46
83 47
83 48
83 50
83 51
83 54
83 59
83 65
83 66
83 68
83 71
83 73
83 74
83 77
83 78
83 83
84 65
84 83
84 67
84 4
84 38
84 71
84 9
84 75
84 44
84 13
84 78
84 77
84 50
84 51
84 84
84 79
84 28
84 29
84 62
86 29
86 30
86 33
86 34
86 35
86 36
86 38
86 41
86 42
86 44
86 46
86 48
86 50
86 51
86 54
86 65
86 68
86 71
86 74
86 79
86 82
86 83
87 32
87 66
87 4
87 71
87 74
87 50
87 84
87 26
87 30
