88
0 64
0 42
0 46
1 2
1 4
1 8
1 9
1 14
1 23
1 24
1 29
1 31
1 34
1 35
1 37
1 41
1 42
1 44
1 47
1 53
1 64
1 66
1 76
1 78
1 84
1 85
4 1
4 2
4 4
4 5
4 6
4 8
4 9
4 14
4 16
4 24
4 31
4 35
4 37
4 41
4 42
4 47
4 53
4 56
4 62
4 64
4 67
4 74
4 76
4 84
4 85
6 3
6 5
6 6
6 8
6 9
6 17
6 24
6 30
6 31
6 33
6 35
6 42
6 43
6 46
6 47
6 63
6 64
6 66
6 67
6 76
6 84
6 85
6 86
6 87
7 2
7 4
7 5
7 8
7 9
7 14
7 17
7 23
7 24
7 30
7 32
7 34
7 35
7 37
7 38
7 43
7 44
7 47
7 49
7 56
7 62
7 64
7 66
7 67
7 78
7 85
8 75
8 85
8 14
9 83
9 43
9 42
9 67
9 30
10 17
10 83
10 75
10 5
10 23
11 3
11 67
11 35
11 14
11 6
12 41
12 50
12 37
12 30
12 85
13 1
13 4
13 5
13 6
13 9
13 14
13 17
13 21
13 23
13 24
13 30
13 31
13 33
13 34
13 37
13 38
13 41
13 50
13 53
13 55
13 56
13 63
13 64
13 66
13 78
13 87
15 35
15 6
15 41
15 75
15 78
15 47
15 3
15 84
15 53
15 62
15 63
17 85
17 31
18 1
18 6
18 7
18 8
18 14
18 17
18 23
18 24
18 27
18 30
18 31
18 34
18 35
18 37
18 41
18 42
18 43
18 47
18 56
18 62
18 64
18 67
18 69
18 75
18 84
18 85
18 87
19 1
19 2
19 5
19 6
19 8
19 9
19 14
19 24
19 30
19 31
19 34
19 43
19 46
19 47
19 50
19 53
19 55
19 56
19 62
19 63
19 66
19 75
19 78
19 84
19 85
21 64
21 66
21 3
21 6
21 8
21 55
21 14
21 47
21 84
21 78
21 23
21 24
25 33
25 2
25 6
25 8
25 42
25 78
25 47
25 56
25 50
25 85
25 87
25 24
25 30
25 53
26 64
26 4
26 37
26 38
26 41
26 43
26 46
26 85
26 62
27 3
27 4
27 5
27 6
27 8
27 14
27 17
27 23
27 24
27 30
27 31
27 34
27 37
27 42
27 45
27 47
27 49
27 53
27 56
27 62
27 63
27 66
27 75
27 76
27 78
27 84
27 87
28 1
28 2
28 42
30 64
30 1
30 2
30 3
30 37
30 8
30 9
30 43
30 44
30 34
30 49
30 35
30 84
30 21
30 41
30 31
31 2
31 3
31 4
31 5
31 6
31 8
31 9
31 23
31 30
31 31
31 34
31 35
31 37
31 41
31 42
31 46
31 47
31 53
31 62
31 63
31 64
31 67
31 75
31 78
31 87
33 64
33 35
33 37
33 14
33 17
33 31
34 1
34 2
34 3
34 4
34 5
34 9
34 14
34 23
34 30
34 31
34 33
34 34
34 35
34 38
34 42
34 43
34 47
34 56
34 62
34 66
34 67
34 75
34 84
34 87
36 1
36 5
36 6
36 8
36 9
36 14
36 17
36 23
36 30
36 33
36 34
36 38
36 41
36 42
36 43
36 46
36 47
36 49
36 53
36 56
36 62
36 63
36 64
36 66
36 67
36 75
36 76
36 78
36 84
36 85
36 87
38 2
38 3
38 4
38 5
38 8
38 9
38 14
38 17
38 23
38 24
38 38
38 41
38 42
38 46
38 47
38 49
38 56
38 63
38 64
38 66
38 67
38 75
38 83
38 84
38 87
39 34
39 38
39 8
39 43
39 46
39 49
40 1
40 3
40 5
40 8
40 14
40 17
40 23
40 31
40 32
40 33
40 34
40 37
40 42
40 46
40 47
40 50
40 53
40 56
40 67
40 75
40 76
40 78
40 84
40 85
41 2
41 3
41 4
41 6
41 8
41 14
41 17
41 24
41 32
41 34
41 35
41 38
41 41
41 44
41 46
41 56
41 62
41 64
41 66
41 67
41 74
41 75
41 76
41 78
41 85
41 87
42 34
42 3
42 6
42 9
42 42
42 75
42 78
42 53
42 23
43 64
43 1
43 2
43 3
43 4
43 33
43 43
43 34
43 14
43 47
43 56
43 35
43 84
43 87
43 24
46 1
46 2
46 3
46 5
46 6
46 9
46 14
46 17
46 24
46 30
46 31
46 32
46 35
46 37
46 38
46 41
46 42
46 46
46 47
46 53
46 56
46 63
46 64
46 66
46 67
46 78
46 87
47 1
47 2
47 3
47 5
47 9
47 14
47 16
47 17
47 23
47 29
47 34
47 37
47 41
47 42
47 46
47 47
47 53
47 56
47 62
47 63
47 67
47 75
47 76
47 85
47 87
54 64
54 67
54 6
54 9
54 14
54 78
54 49
54 83
54 84
54 85
54 41
54 24
54 30
54 53
55 64
55 37
55 6
55 42
55 78
55 30
57 64
57 34
57 67
57 38
57 6
57 8
57 41
57 42
57 46
57 14
57 17
57 84
57 21
57 24
57 30
59 2
59 34
59 37
59 38
59 8
59 9
59 46
59 66
59 14
59 84
59 85
59 87
59 27
59 62
61 1
61 2
61 5
61 17
61 23
61 29
61 30
61 31
61 32
61 34
61 35
61 37
61 38
61 44
61 46
61 62
61 63
61 64
61 66
61 76
61 77
61 78
61 84
61 85
62 2
62 3
62 5
62 17
62 23
62 27
62 30
62 31
62 32
62 34
62 38
62 41
62 42
62 43
62 47
62 48
62 49
62 56
62 66
62 67
62 75
62 78
62 84
62 87
65 2
65 3
65 4
65 7
65 14
65 17
65 23
65 24
65 30
65 31
65 33
65 34
65 35
65 37
65 38
65 42
65 53
65 62
65 66
65 67
65 74
65 75
65 76
65 78
65 84
65 87
68 2
68 35
68 66
68 37
68 38
68 9
68 42
68 75
68 34
68 46
68 17
68 67
68 85
68 23
68 30
68 63
70 2
70 5
70 8
70 9
70 14
70 17
70 24
70 31
70 35
70 37
70 38
70 41
70 43
70 45
70 48
70 49
70 52
70 53
70 56
70 64
70 66
70 67
70 76
70 78
70 84
70 85
71 33
71 34
71 3
71 5
71 42
71 43
71 46
71 35
71 53
71 63
71 31
73 2
73 3
73 5
73 6
73 8
73 14
73 16
73 21
73 23
73 24
73 30
73 33
73 34
73 42
73 53
73 56
73 62
73 63
73 66
73 67
73 69
73 75
73 85
73 86
73 87
76 1
76 2
76 35
76 38
76 49
76 43
76 78
76 14
76 47
76 17
76 56
76 53
76 23
76 24
76 62
76 85
77 64
77 35
77 38
77 42
77 43
77 76
77 14
77 23
79 64
79 2
79 3
79 5
79 38
79 8
79 41
79 42
79 76
79 46
79 49
79 35
79 84
79 53
79 23
79 56
79 30
79 31
80 64
80 67
80 4
80 38
80 75
80 62
81 64
81 1
81 37
81 7
81 42
81 53
82 33
82 34
82 3
82 4
82 37
82 6
82 43
82 85
82 38
82 62
83 2
83 67
83 8
83 66
83 46
83 34
83 84
83 24
83 62
84 35
84 37
84 17
84 23
84 5
84 31
85 35
85 6
85 46
85 67
85 85
85 24
85 63
86 2
86 3
86 4
86 5
86 8
86 23
86 24
86 30
86 31
86 32
86 37
86 38
86 41
86 42
86 43
86 46
86 47
86 56
86 62
86 64
86 66
86 67
86 69
86 74
86 76
86 85
86 87
87 2
87 3
87 4
87 5
87 6
87 8
87 15
87 32
87 38
87 41
87 42
87 43
87 45
87 46
87 48
87 53
87 62
87 63
87 67
87 69
87 75
87 78
87 79
87 83
87 85
87 86
87 87
