88
1 0
1 1
1 2
1 3
1 5
1 7
1 11
1 13
1 14
1 19
1 20
1 21
1 22
1 23
1 27
1 30
1 31
1 32
1 33
1 34
1 45
1 49
1 52
1 55
1 59
1 62
1 65
1 67
1 70
1 72
1 75
1 77
1 85
1 86
3 0
3 2
3 3
3 6
3 7
3 9
3 10
3 11
3 14
3 19
3 20
3 21
3 22
3 24
3 30
3 33
3 34
3 36
3 37
3 43
3 45
3 51
3 52
3 55
3 57
3 59
3 62
3 67
3 70
3 72
3 74
3 75
3 78
3 86
3 87
4 0
4 2
4 3
4 5
4 6
4 10
4 14
4 19
4 20
4 21
4 23
4 24
4 26
4 27
4 30
4 31
4 33
4 34
4 39
4 42
4 43
4 45
4 51
4 55
4 59
4 68
4 70
4 72
4 73
4 74
4 75
4 77
4 78
4 85
4 86
4 87
6 0
6 1
6 5
6 7
6 9
6 10
6 13
6 14
6 19
6 20
6 26
6 27
6 30
6 31
6 33
6 34
6 36
6 43
6 49
6 52
6 54
6 55
6 58
6 59
6 60
6 64
6 65
6 66
6 72
6 73
6 74
6 77
6 78
6 86
6 87
13 2
13 5
13 7
13 11
13 13
13 14
13 19
13 20
13 23
13 26
13 27
13 30
13 31
13 34
13 35
13 39
13 43
13 45
13 48
13 49
13 55
13 59
13 60
13 64
13 65
13 70
13 72
13 78
13 87
14 67
14 37
14 39
14 72
14 44
14 20
14 85
14 86
14 87
16 0
16 2
16 3
16 5
16 7
16 9
16 14
16 16
16 22
16 23
16 24
16 26
16 27
16 30
16 34
16 36
16 37
16 39
16 45
16 49
16 52
16 57
16 58
16 59
16 60
16 64
16 66
16 67
16 70
16 74
16 77
16 80
16 85
16 86
16 87
18 0
18 1
18 5
18 7
18 9
18 10
18 11
18 14
18 19
18 20
18 23
18 26
18 27
18 30
18 31
18 32
18 33
18 34
18 36
18 39
18 42
18 43
18 45
18 52
18 54
18 59
18 60
18 64
18 66
18 67
18 70
18 71
18 74
18 77
18 78
18 87
19 0
19 1
19 3
19 5
19 7
19 19
19 26
19 27
19 30
19 31
19 32
19 38
19 39
19 42
19 45
19 49
19 51
19 55
19 60
19 64
19 67
19 70
19 72
19 78
20 1
20 5
20 6
20 7
20 9
20 22
20 24
20 26
20 30
20 31
20 33
20 34
20 39
20 42
20 43
20 45
20 49
20 56
20 57
20 59
20 60
20 63
20 64
20 66
20 67
20 70
20 71
20 72
20 73
20 74
20 77
20 78
20 87
26 0
26 1
26 5
26 6
26 7
26 10
26 11
26 13
26 14
26 19
26 20
26 23
26 25
26 26
26 27
26 31
26 32
26 34
26 37
26 39
26 43
26 45
26 48
26 49
26 52
26 55
26 57
26 64
26 66
26 68
26 71
26 73
26 74
26 76
26 77
26 78
27 0
27 1
27 5
27 7
27 9
27 11
27 14
27 16
27 19
27 20
27 22
27 23
27 24
27 26
27 27
27 30
27 36
27 38
27 42
27 43
27 45
27 52
27 54
27 58
27 64
27 67
27 71
27 72
27 73
27 74
27 78
27 80
27 86
27 87
30 2
30 3
30 5
30 7
30 9
30 14
30 19
30 20
30 22
30 27
30 31
30 32
30 33
30 34
30 37
30 42
30 45
30 49
30 51
30 52
30 58
30 59
30 64
30 66
30 67
30 70
30 73
30 74
30 86
30 87
33 0
33 1
33 7
33 9
33 19
33 20
33 22
33 26
33 31
33 33
33 34
33 38
33 45
33 52
33 55
33 57
33 58
33 59
33 67
33 73
33 74
33 77
33 86
41 1
41 2
41 3
41 5
41 6
41 9
41 10
41 19
41 22
41 24
41 30
41 33
41 38
41 39
41 43
41 45
41 46
41 49
41 52
41 57
41 58
41 59
41 63
41 64
41 65
41 66
41 67
41 68
41 70
41 73
41 74
41 75
41 76
41 77
41 78
41 85
41 87
42 0
42 4
42 5
42 7
42 9
42 10
42 14
42 19
42 20
42 21
42 22
42 23
42 26
42 27
42 31
42 32
42 39
42 42
42 43
42 46
42 49
42 57
42 59
42 60
42 67
42 71
42 72
42 74
42 77
42 78
42 80
42 85
42 87
43 0
43 5
43 7
43 9
43 13
43 14
43 22
43 23
43 27
43 31
43 32
43 33
43 34
43 35
43 37
43 39
43 49
43 52
43 54
43 56
43 58
43 62
43 64
43 66
43 67
43 68
43 70
43 71
43 72
43 74
43 77
43 78
43 85
43 86
43 87
52 0
52 6
52 7
52 9
52 10
52 21
52 23
52 26
52 27
52 30
52 31
52 33
52 34
52 36
52 45
52 52
52 59
52 62
52 64
52 65
52 66
52 67
52 68
52 70
52 72
52 74
52 85
52 86
52 87
53 0
53 1
53 2
53 3
53 9
53 10
53 13
53 14
53 20
53 22
53 26
53 30
53 34
53 38
53 39
53 43
53 45
53 52
53 54
53 58
53 59
53 60
53 64
53 67
53 70
53 72
53 75
53 78
53 79
53 85
54 0
54 1
54 7
54 9
54 10
54 11
54 14
54 19
54 20
54 22
54 23
54 24
54 26
54 30
54 31
54 33
54 34
54 37
54 39
54 42
54 43
54 45
54 49
54 52
54 58
54 59
54 60
54 63
54 64
54 66
54 72
54 74
54 77
54 78
54 86
54 87
56 1
56 5
56 7
56 9
56 10
56 14
56 19
56 22
56 24
56 27
56 30
56 33
56 34
56 37
56 42
56 43
56 49
56 52
56 59
56 62
56 71
56 72
56 78
56 87
58 0
58 3
58 5
58 7
58 11
58 14
58 19
58 20
58 21
58 24
58 25
58 26
58 27
58 30
58 31
58 33
58 36
58 39
58 42
58 43
58 44
58 49
58 51
58 55
58 60
58 64
58 66
58 67
58 70
58 72
58 73
58 74
58 77
58 78
58 85
58 86
58 87
66 1
66 3
66 4
66 5
66 7
66 9
66 14
66 19
66 20
66 21
66 24
66 27
66 30
66 32
66 34
66 35
66 39
66 46
66 52
66 59
66 60
66 64
66 67
66 70
66 72
66 73
66 78
66 79
66 85
67 1
67 3
67 5
67 7
67 9
67 10
67 11
67 14
67 19
67 20
67 22
67 23
67 25
67 26
67 31
67 32
67 33
67 37
67 38
67 39
67 45
67 60
67 64
67 65
67 66
67 67
67 70
67 74
67 75
67 85
67 86
67 87
69 1
69 5
69 7
69 9
69 10
69 13
69 14
69 19
69 22
69 23
69 24
69 27
69 31
69 32
69 33
69 42
69 45
69 55
69 59
69 60
69 64
69 66
69 67
69 68
69 70
69 72
69 73
69 74
69 77
69 78
69 85
69 86
69 87
73 1
73 5
73 16
73 19
73 20
73 21
73 22
73 23
73 24
73 26
73 27
73 30
73 31
73 32
73 33
73 34
73 36
73 39
73 42
73 43
73 45
73 48
73 51
73 52
73 55
73 57
73 64
73 65
73 74
73 75
73 77
73 78
73 85
73 86
74 1
74 2
74 6
74 9
74 10
74 13
74 14
74 19
74 20
74 22
74 24
74 26
74 30
74 37
74 38
74 39
74 42
74 43
74 45
74 50
74 59
74 64
74 72
74 73
74 74
74 77
74 78
74 79
74 85
74 86
74 87
76 1
76 3
76 5
76 9
76 13
76 14
76 24
76 27
76 30
76 31
76 37
76 45
76 50
76 52
76 55
76 58
76 59
76 64
76 73
76 77
76 78
76 86
85 34
85 37
85 38
85 20
85 22
85 87
85 52
85 26
85 27
