88
0 32
0 6
0 71
0 72
0 14
0 18
0 58
0 28
1 32
1 3
1 4
1 38
1 71
1 72
1 7
1 13
1 46
1 16
1 55
1 25
1 58
1 29
2 65
2 69
2 38
2 39
2 40
2 9
2 75
2 76
2 70
2 14
2 15
2 72
2 52
2 46
2 54
2 79
2 60
2 30
2 85
3 6
3 7
3 8
3 73
3 42
3 75
3 13
3 14
3 20
3 53
3 25
3 71
3 63
3 52
4 32
4 70
4 72
4 42
4 40
4 28
4 61
4 30
4 63
5 32
5 66
5 70
5 42
5 2
5 13
5 25
6 66
6 5
6 6
6 73
6 10
6 83
6 44
6 16
6 19
6 52
6 23
6 56
6 25
6 70
6 63
7 0
7 35
7 4
7 5
7 6
7 7
7 40
7 73
7 42
7 75
7 76
7 14
7 79
7 83
7 85
7 24
7 25
7 60
7 61
7 30
7 31
8 0
8 66
8 5
8 40
8 43
8 19
8 84
8 55
8 56
8 61
8 31
9 64
9 34
9 3
9 68
9 6
9 9
9 10
9 14
9 47
9 20
9 46
9 54
9 36
10 65
10 11
10 78
10 6
10 53
11 33
11 5
11 71
11 72
11 42
11 75
11 46
11 79
11 80
11 18
11 52
11 53
11 60
11 74
11 31
12 33
12 4
12 69
12 72
12 9
12 43
12 44
12 77
12 14
12 76
12 18
12 52
12 53
12 27
12 60
12 78
13 35
13 36
13 72
13 9
13 18
13 51
13 58
13 60
13 61
13 30
14 24
14 1
14 85
14 46
16 25
16 74
16 3
17 32
17 33
17 4
17 38
17 71
17 40
17 41
17 43
17 76
17 14
17 56
17 78
17 22
17 55
17 24
17 57
17 87
17 27
17 85
18 68
18 72
18 42
18 11
18 76
18 46
18 79
18 85
18 54
18 30
19 61
19 36
19 5
19 8
19 12
19 13
19 15
19 22
19 26
19 27
19 29
19 30
19 31
20 5
20 40
20 10
20 11
20 13
20 48
20 52
20 60
20 30
21 1
21 61
21 66
21 5
21 6
21 71
21 8
21 73
21 42
21 76
21 13
21 47
21 20
21 53
21 22
21 29
22 62
23 33
23 34
23 41
23 75
23 13
23 78
23 85
23 55
23 26
23 60
23 30
24 0
24 32
24 83
24 35
24 38
24 6
24 7
24 11
24 76
24 13
24 82
24 51
24 85
24 55
24 56
24 57
25 34
25 7
25 55
25 12
25 18
25 23
27 64
28 40
28 57
28 5
28 53
29 1
29 2
29 3
29 68
29 69
29 41
29 11
29 66
29 14
29 77
29 35
29 78
29 54
29 55
29 25
29 79
30 65
30 78
30 14
30 25
30 28
30 53
31 73
31 43
32 66
32 70
32 9
32 44
32 86
32 41
32 28
32 62
33 33
33 78
33 18
33 85
33 24
33 57
33 63
34 34
34 35
34 68
34 5
34 13
34 15
34 16
34 87
34 29
35 66
35 4
35 5
35 38
35 72
35 9
35 10
35 75
35 14
35 15
35 51
35 52
35 24
35 36
35 79
35 60
36 64
36 65
36 2
36 35
36 68
36 5
36 70
36 79
36 78
36 15
36 51
36 52
36 53
36 22
36 54
36 61
36 30
36 85
37 0
37 40
37 79
38 32
38 65
38 69
38 6
38 72
38 76
38 53
38 86
39 0
39 41
39 46
40 6
40 38
40 7
40 8
40 73
40 42
40 46
40 41
40 25
41 0
41 33
41 66
41 69
41 70
41 65
41 9
41 76
41 80
41 17
41 18
41 51
41 54
41 55
41 56
41 27
42 32
42 41
42 34
42 82
42 70
43 0
43 4
43 69
43 6
43 73
43 79
43 18
43 86
44 32
44 34
44 71
44 72
44 44
44 78
44 48
44 56
44 51
44 24
44 27
44 61
44 30
45 64
45 5
45 38
45 41
45 76
45 51
45 22
45 26
46 0
46 32
46 3
46 36
46 65
46 40
46 44
46 12
46 13
46 64
46 15
46 80
46 20
46 53
46 57
46 52
46 28
46 78
47 84
47 34
47 36
47 74
47 40
47 42
47 75
47 78
47 15
47 19
47 20
47 87
47 56
47 83
47 58
47 29
47 30
49 3
49 4
49 5
49 38
49 40
49 9
49 75
49 14
49 51
49 57
49 69
50 2
50 35
50 70
50 41
50 43
50 45
50 78
50 15
50 49
50 75
50 83
50 84
50 53
50 86
50 57
50 29
50 63
51 1
51 35
51 4
51 6
51 33
51 41
51 42
51 43
51 76
51 78
51 80
51 18
51 19
51 21
51 55
51 75
51 60
51 85
51 31
52 0
52 64
52 66
52 3
52 70
52 39
52 8
52 47
52 16
52 51
52 56
52 25
52 61
52 30
52 31
53 18
53 76
53 61
53 22
54 72
54 1
54 77
54 70
54 24
55 32
55 34
55 35
55 71
55 41
55 11
55 46
55 15
55 19
55 20
55 85
55 73
55 24
55 58
55 79
55 61
55 63
56 35
56 38
56 41
56 55
56 19
56 52
56 85
56 23
56 27
56 61
57 33
57 87
57 38
57 6
57 7
57 41
57 10
57 55
57 79
57 80
57 52
57 23
57 24
57 74
57 28
57 29
57 62
58 64
58 51
58 62
59 20
60 66
60 7
60 8
60 42
60 76
60 34
60 80
60 51
60 52
60 55
60 61
60 30
61 35
61 7
61 72
61 74
61 20
61 63
62 0
62 3
62 78
62 47
62 48
62 82
62 21
62 57
62 60
62 85
63 74
63 20
63 78
64 1
64 34
64 3
64 36
64 86
64 38
64 71
64 72
64 45
64 79
64 16
64 21
64 22
64 56
64 57
64 60
64 29
65 1
65 35
65 78
65 79
65 19
65 20
65 53
65 24
65 57
65 29
66 0
66 65
66 51
66 73
66 14
66 47
66 82
66 19
66 46
66 56
66 58
66 61
67 71
67 86
67 7
68 6
68 7
68 72
68 42
68 15
68 48
68 63
69 5
69 42
69 22
69 56
69 25
69 74
70 32
70 2
70 35
70 72
70 42
70 45
70 15
70 48
70 19
70 55
70 26
71 64
71 34
71 7
71 40
71 41
71 14
71 61
71 63
72 0
72 32
72 34
72 3
72 4
72 70
72 72
72 13
72 14
72 61
72 49
72 18
72 85
72 86
72 55
72 56
72 57
72 26
72 60
72 58
72 30
73 48
73 2
73 4
73 5
73 7
73 41
73 62
73 66
73 16
73 19
73 85
73 53
73 55
73 56
73 60
73 30
73 69
74 34
74 70
74 7
74 41
74 74
74 13
74 84
74 23
74 57
74 61
74 30
75 69
75 70
75 41
75 11
75 82
75 22
75 55
75 63
76 33
76 34
76 68
76 14
76 19
76 46
76 58
76 29
76 30
77 0
77 65
77 34
77 6
77 8
77 41
77 42
77 75
77 66
77 78
77 85
77 22
77 73
77 87
77 60
77 29
78 64
78 65
78 2
78 66
78 69
78 7
78 40
78 9
78 10
78 12
78 61
78 15
78 76
78 18
78 22
78 73
78 47
78 28
78 60
79 16
79 66
79 27
79 38
79 10
79 76
79 79
79 80
79 21
79 15
79 85
80 64
80 32
80 4
80 69
80 70
80 33
80 42
80 44
80 48
81 34
81 8
81 76
81 13
81 54
81 56
81 60
81 63
82 63
83 33
83 34
83 4
83 70
83 71
83 9
83 10
83 13
83 15
83 83
83 20
83 21
83 57
83 25
83 26
83 53
83 62
83 36
84 9
84 52
84 61
84 55
85 38
86 2
86 3
86 5
86 6
86 7
86 40
86 9
86 10
86 44
86 45
86 14
86 60
86 72
86 21
86 55
86 24
86 26
86 79
86 28
86 30
86 31
87 65
87 35
