88
0 0
0 1
0 2
0 4
0 6
0 9
0 10
0 12
0 36
0 37
0 43
0 46
0 47
0 59
0 60
0 77
0 78
0 79
0 83
0 85
0 86
0 87
1 0
1 83
1 10
1 43
1 85
2 1
2 77
4 1
4 4
4 37
4 40
4 47
4 83
4 85
4 26
6 2
6 43
6 4
6 37
6 6
6 7
6 40
6 9
6 10
6 11
6 12
6 77
6 78
6 47
6 83
6 84
6 85
6 86
6 36
6 26
6 63
7 1
7 2
7 37
7 6
7 43
7 12
7 77
7 13
7 83
7 85
7 86
8 0
8 1
8 4
8 6
8 7
8 9
8 10
8 11
8 12
8 13
8 23
8 26
8 29
8 30
8 34
8 35
8 36
8 37
8 39
8 40
8 43
8 44
8 45
8 46
8 47
8 50
8 52
8 58
8 59
8 62
8 63
8 68
8 69
8 77
8 78
8 79
8 83
8 84
8 85
8 87
9 9
9 43
9 37
9 85
9 13
10 0
10 1
10 2
10 4
10 5
10 9
10 10
10 11
10 12
10 13
10 20
10 22
10 23
10 26
10 32
10 36
10 37
10 40
10 43
10 49
10 58
10 59
10 62
10 63
10 72
10 76
10 77
10 83
10 84
10 85
10 86
10 87
11 1
11 4
11 5
11 6
11 7
11 9
11 10
11 11
11 12
11 13
11 16
11 18
11 21
11 22
11 23
11 26
11 29
11 30
11 31
11 33
11 35
11 36
11 37
11 38
11 40
11 41
11 43
11 46
11 47
11 48
11 49
11 51
11 58
11 62
11 63
11 74
11 77
11 79
11 83
11 84
11 85
11 86
12 0
12 1
12 2
12 5
12 6
12 7
12 8
12 10
12 11
12 12
12 13
12 15
12 21
12 23
12 26
12 27
12 29
12 30
12 32
12 33
12 34
12 36
12 37
12 39
12 40
12 41
12 42
12 43
12 44
12 46
12 47
12 49
12 55
12 56
12 58
12 59
12 61
12 62
12 74
12 77
12 79
12 82
12 83
12 84
12 85
12 86
12 87
13 0
13 1
13 2
13 4
13 6
13 7
13 9
13 10
13 12
13 13
13 23
13 26
13 29
13 36
13 37
13 40
13 43
13 47
13 58
13 79
13 83
13 84
13 86
15 5
15 7
15 8
15 9
15 43
15 12
15 46
15 47
15 40
15 83
15 85
15 37
16 0
16 1
16 2
16 4
16 5
16 6
16 7
16 8
16 9
16 10
16 11
16 12
16 13
16 20
16 30
16 36
16 37
16 43
16 46
16 47
16 58
16 59
16 62
16 63
16 77
16 82
16 83
16 84
16 85
16 86
16 87
17 0
17 1
17 2
17 4
17 6
17 7
17 9
17 10
17 11
17 13
17 19
17 20
17 25
17 26
17 27
17 29
17 30
17 36
17 37
17 40
17 42
17 43
17 44
17 46
17 47
17 48
17 52
17 54
17 56
17 58
17 60
17 62
17 63
17 74
17 76
17 77
17 79
17 82
17 83
17 84
17 85
17 86
17 87
18 0
18 1
18 2
18 4
18 5
18 6
18 7
18 8
18 9
18 11
18 12
18 13
18 22
18 26
18 27
18 29
18 33
18 35
18 37
18 40
18 43
18 44
18 46
18 47
18 54
18 58
18 59
18 60
18 62
18 63
18 76
18 77
18 79
18 83
18 84
18 85
18 86
18 87
19 1
19 37
19 9
19 43
19 12
19 13
19 44
19 83
19 85
20 1
20 85
22 0
22 1
22 5
22 6
22 7
22 8
22 10
22 11
22 12
22 13
22 23
22 26
22 27
22 30
22 36
22 37
22 40
22 43
22 44
22 45
22 46
22 47
22 58
22 59
22 62
22 63
22 75
22 77
22 78
22 83
22 84
22 85
22 86
22 87
23 43
23 85
26 1
26 2
26 5
26 6
26 7
26 8
26 9
26 10
26 11
26 12
26 16
26 29
26 36
26 37
26 40
26 43
26 44
26 47
26 58
26 59
26 62
26 63
26 77
26 78
26 79
26 82
26 83
26 84
26 85
26 86
27 1
27 2
27 5
27 6
27 7
27 40
27 43
27 12
27 47
27 83
27 84
27 85
27 87
27 37
29 1
29 2
29 8
29 9
29 10
29 11
29 12
29 15
29 26
29 27
29 28
29 30
29 32
29 36
29 37
29 38
29 39
29 40
29 43
29 46
29 47
29 51
29 52
29 59
29 62
29 63
29 74
29 77
29 78
29 83
29 84
29 85
29 86
29 87
30 37
32 40
32 43
32 11
33 85
33 87
35 12
35 85
36 0
36 1
36 4
36 5
36 6
36 7
36 8
36 9
36 10
36 11
36 12
36 13
36 15
36 17
36 18
36 23
36 27
36 29
36 30
36 32
36 36
36 37
36 40
36 43
36 46
36 47
36 51
36 56
36 58
36 59
36 60
36 62
36 63
36 65
36 69
36 74
36 76
36 77
36 78
36 79
36 83
36 84
36 85
36 87
37 1
37 37
37 6
38 1
38 2
38 5
38 6
38 7
38 8
38 9
38 10
38 11
38 12
38 13
38 19
38 23
38 36
38 43
38 46
38 58
38 77
38 83
38 85
38 86
38 87
40 0
40 1
40 2
40 6
40 7
40 8
40 9
40 10
40 11
40 12
40 13
40 21
40 23
40 26
40 30
40 37
40 38
40 40
40 41
40 43
40 45
40 46
40 47
40 59
40 60
40 62
40 63
40 77
40 78
40 83
40 84
40 85
40 86
40 87
41 1
41 5
41 6
41 7
41 9
41 10
41 12
41 30
41 36
41 37
41 43
41 46
41 47
41 59
41 63
41 77
41 78
41 79
41 83
41 85
41 86
41 87
42 43
42 4
42 37
42 6
42 9
42 11
42 77
42 46
42 83
42 85
42 86
43 1
43 2
43 87
43 77
43 37
43 6
43 7
43 9
43 10
43 71
43 13
43 46
43 47
43 83
43 84
43 78
43 23
43 58
43 79
43 74
43 62
46 83
46 12
46 37
46 85
47 1
47 2
47 37
47 9
47 43
47 47
47 83
47 84
47 85
47 87
47 63
48 1
48 43
48 37
48 6
48 9
58 1
58 43
58 36
58 37
58 40
58 10
58 11
58 12
58 77
58 47
58 83
58 85
58 86
59 1
59 2
59 43
59 37
60 1
60 37
60 43
60 46
60 84
60 85
63 1
63 84
63 85
63 23
70 43
70 37
76 1
76 37
76 9
76 85
76 86
76 63
77 84
77 1
77 43
77 4
77 5
77 63
77 9
77 10
77 11
77 13
77 46
77 47
77 20
77 77
77 36
77 59
77 85
77 37
78 1
78 37
79 0
79 1
79 2
79 4
79 5
79 6
79 7
79 8
79 9
79 10
79 12
79 13
79 23
79 26
79 27
79 32
79 36
79 37
79 40
79 41
79 43
79 46
79 47
79 53
79 58
79 60
79 62
79 63
79 69
79 77
79 79
79 83
79 84
79 85
79 86
79 87
82 1
82 2
82 6
82 7
82 9
82 10
82 12
82 29
82 30
82 34
82 37
82 43
82 47
82 59
82 62
82 63
82 76
82 79
82 83
82 85
82 86
82 87
83 0
83 1
83 2
83 4
83 5
83 6
83 7
83 8
83 9
83 10
83 11
83 13
83 30
83 36
83 37
83 41
83 43
83 47
83 48
83 58
83 62
83 63
83 77
83 78
83 82
83 83
83 85
83 86
83 87
84 9
84 37
84 85
84 77
85 0
85 1
85 2
85 5
85 7
85 8
85 9
85 10
85 11
85 12
85 13
85 19
85 26
85 36
85 37
85 40
85 42
85 43
85 46
85 47
85 59
85 60
85 63
85 69
85 74
85 76
85 77
85 79
85 83
85 84
85 85
85 86
85 87
86 9
86 43
86 37
86 63
86 85
87 1
87 43
87 85
87 46
