88
1 43
1 36
1 70
1 38
1 63
1 75
1 41
1 10
1 11
1 12
1 46
1 17
1 50
1 20
1 21
1 22
1 56
1 71
1 27
1 31
2 65
2 37
2 70
2 9
2 43
2 76
2 46
2 48
2 17
2 20
2 21
2 22
2 41
2 56
2 26
2 86
2 31
3 33
3 34
3 43
3 36
3 37
3 38
3 63
3 41
3 11
3 12
3 46
3 17
3 67
3 86
3 56
3 68
3 71
3 59
3 62
3 31
4 33
4 67
4 36
4 37
4 38
4 9
4 82
4 11
4 12
4 50
4 18
4 20
4 21
4 22
4 87
4 75
4 86
4 62
5 67
5 36
5 37
5 70
5 41
5 75
5 76
5 46
5 50
5 20
5 21
5 87
5 56
5 68
5 26
5 27
5 31
6 67
6 36
6 38
6 41
6 46
6 50
6 86
7 34
7 67
7 38
7 7
7 10
7 71
7 76
7 82
7 46
7 48
7 50
7 21
7 86
7 87
7 26
7 75
7 63
8 50
8 26
8 12
8 21
8 46
9 67
9 36
9 37
9 9
9 41
9 12
9 46
9 76
9 48
9 17
9 50
9 20
9 21
9 22
9 23
9 62
10 65
10 67
10 36
10 38
10 71
10 41
10 10
10 75
10 50
10 18
10 20
10 21
10 86
10 23
10 68
10 87
10 62
11 65
11 67
11 36
11 70
11 41
11 75
11 50
11 48
11 17
11 82
11 20
11 43
11 26
11 63
12 33
12 43
12 36
12 37
12 65
12 75
12 41
12 11
12 76
12 46
12 48
12 17
12 50
12 20
12 59
12 23
12 68
12 26
12 27
12 86
12 31
13 36
13 37
13 70
13 41
13 10
13 43
13 12
13 82
13 46
13 50
13 22
13 23
13 56
13 68
13 27
13 86
13 31
14 33
14 50
14 20
14 21
14 86
15 43
15 36
15 86
15 70
15 71
15 11
15 76
15 82
15 46
15 87
15 48
15 17
15 50
15 67
15 21
15 59
15 23
15 56
15 26
15 27
15 31
16 33
16 67
16 36
16 37
16 38
16 9
16 41
16 87
16 12
16 47
16 76
16 17
16 50
16 20
16 21
16 86
16 23
16 56
16 68
16 27
16 63
17 67
17 36
17 37
17 38
17 75
17 9
17 43
17 12
17 82
17 46
17 48
17 76
17 50
17 20
17 21
17 41
17 27
17 70
18 33
18 75
18 37
18 38
18 65
18 41
18 10
18 43
18 48
18 20
18 86
18 23
18 24
18 26
18 70
18 31
19 65
19 67
19 36
19 37
19 70
19 43
19 76
19 46
19 48
19 18
19 20
19 21
19 22
19 23
19 56
19 75
19 31
25 67
25 36
25 41
25 10
25 87
25 12
25 50
25 46
25 76
25 48
25 17
25 18
25 21
25 22
25 23
25 56
25 26
25 30
28 67
28 36
28 9
28 75
28 76
28 82
28 47
28 48
28 87
28 18
28 20
28 21
28 86
28 41
28 26
28 62
29 43
31 65
31 67
31 37
31 41
31 10
31 75
31 82
31 46
31 15
31 16
31 50
31 20
31 21
31 86
31 23
31 24
31 26
31 63
31 31
32 67
32 36
32 37
32 70
32 41
32 18
32 46
32 50
32 82
32 86
32 26
32 38
35 41
35 50
35 75
35 46
36 33
36 67
36 36
36 37
36 38
36 41
36 10
36 75
36 12
36 48
36 76
36 50
36 86
36 23
36 87
36 27
37 43
37 86
37 70
37 12
37 75
37 76
37 17
37 18
37 20
37 21
37 22
37 41
37 63
37 37
38 33
38 34
38 75
38 36
38 38
38 65
38 41
38 43
38 12
38 76
38 17
38 82
38 21
38 22
38 63
38 31
39 33
39 75
39 36
39 37
39 38
39 7
39 10
39 71
39 46
39 15
39 17
39 50
39 20
39 21
39 22
39 56
39 26
39 27
39 86
39 62
40 34
40 75
40 37
40 70
40 9
40 43
40 12
40 50
40 18
40 20
40 21
40 86
40 41
40 87
40 30
40 63
42 33
42 67
42 36
42 37
42 70
42 65
42 41
42 76
42 82
42 17
42 50
42 22
42 23
42 56
42 63
43 65
43 67
43 36
43 9
43 82
43 43
43 12
43 50
43 17
43 18
43 20
43 21
43 86
43 87
43 56
43 68
43 26
44 33
44 67
44 36
44 37
44 41
44 11
44 12
44 46
44 48
44 76
44 50
44 86
44 87
44 56
44 26
44 27
44 63
46 33
46 67
46 36
46 38
46 41
46 76
46 46
46 48
46 17
46 20
46 86
46 56
46 63
46 31
47 34
47 36
47 37
47 70
47 41
47 76
47 50
47 21
47 86
47 23
47 56
47 59
47 62
48 36
48 70
48 9
48 75
48 12
48 50
48 46
48 17
48 18
48 20
48 86
48 41
48 56
48 26
48 63
48 31
49 33
49 75
49 68
49 70
49 65
49 10
49 43
49 76
49 50
49 48
49 17
49 18
49 82
49 21
49 56
51 33
51 36
51 70
51 9
51 10
51 43
51 76
51 46
51 82
51 20
51 62
51 86
51 56
51 68
51 26
51 30
54 33
54 67
54 68
54 37
54 38
54 75
54 41
54 11
54 12
54 86
54 46
54 76
54 50
54 20
54 21
54 22
54 87
54 27
54 70
54 31
55 33
55 67
55 36
55 37
55 38
55 63
55 41
55 76
55 82
55 46
55 18
55 21
55 87
55 56
55 68
55 26
55 27
55 70
55 31
57 48
57 67
57 82
57 70
57 38
57 63
57 75
57 9
57 43
57 76
57 50
57 46
57 16
57 87
57 18
57 86
57 41
57 26
57 27
57 31
58 46
58 37
58 38
58 21
60 33
60 67
60 37
60 70
60 65
60 9
60 43
60 76
60 82
60 46
60 50
60 21
60 86
60 26
60 27
60 63
65 75
65 36
65 70
65 38
65 9
65 10
65 43
65 12
65 46
65 17
65 50
65 20
65 21
65 87
65 26
65 62
66 67
66 36
66 70
66 38
66 63
66 41
66 75
66 76
66 46
66 47
66 87
66 50
66 20
66 86
66 23
66 56
66 68
66 26
66 27
66 31
67 67
67 68
67 70
67 38
67 41
67 43
67 12
67 46
67 76
67 21
67 23
67 87
67 59
67 62
67 31
69 33
69 34
69 36
69 37
69 76
69 10
69 43
69 12
69 50
69 46
69 48
69 17
69 18
69 20
69 22
69 87
69 24
69 26
69 27
69 86
69 31
70 33
70 67
70 36
70 70
70 10
70 62
70 76
70 46
70 48
70 50
70 20
70 21
70 86
70 68
70 30
72 65
72 67
72 36
72 37
72 41
72 82
72 43
72 76
72 50
72 17
72 18
72 21
72 86
72 56
72 68
72 27
72 63
73 65
73 67
73 36
73 37
73 38
73 7
73 9
73 43
73 46
73 50
73 20
73 21
73 22
73 41
73 56
73 87
73 62
74 33
74 67
74 36
74 37
74 9
74 41
74 75
74 12
74 50
74 48
74 76
74 18
74 82
74 20
74 21
74 86
74 23
74 56
74 63
74 62
74 31
77 67
77 36
77 37
77 38
77 41
77 10
77 43
77 76
77 46
77 87
77 48
77 17
77 82
77 20
77 21
77 22
77 23
77 26
77 62
77 63
78 33
78 67
78 36
78 37
78 38
78 10
78 75
78 15
78 48
78 20
78 21
78 86
78 56
78 68
78 27
78 63
80 41
80 20
81 33
81 20
82 36
82 37
82 9
82 10
82 87
82 12
82 46
82 76
82 50
82 20
82 21
82 86
82 41
82 26
82 27
82 62
83 46
84 33
84 67
84 75
84 48
84 20
84 62
85 33
85 59
85 37
85 38
85 65
85 43
85 76
85 86
85 46
85 50
85 67
85 21
85 22
85 56
85 26
85 27
85 70
