88
0 66
0 74
0 78
0 47
0 52
0 57
0 63
0 28
0 31
1 39
1 73
1 43
1 60
1 47
1 87
1 56
1 57
1 28
1 63
3 2
3 36
3 47
3 42
3 66
3 78
3 77
3 81
3 83
3 87
3 56
3 57
3 79
3 60
4 66
4 35
4 71
4 47
4 58
4 60
5 69
5 7
5 74
5 39
5 78
5 79
5 46
5 87
5 57
5 58
5 60
5 61
5 30
6 4
6 69
6 71
6 73
6 74
6 77
6 47
6 48
6 83
6 53
6 87
6 58
6 79
6 60
6 61
6 30
6 21
7 4
7 71
7 8
7 43
7 49
7 52
7 56
7 57
7 58
8 2
8 4
8 7
8 8
8 73
8 74
8 71
8 66
8 77
8 47
8 53
8 52
8 21
8 55
8 60
8 29
8 30
8 31
9 2
9 35
9 4
9 69
9 71
9 73
9 78
9 47
9 58
9 60
9 63
10 66
10 4
10 69
10 39
10 73
10 74
10 43
10 47
10 56
10 79
10 53
10 87
10 7
10 83
10 71
10 63
10 60
10 61
10 30
10 31
11 2
11 35
11 4
11 39
11 74
11 43
11 76
11 66
11 78
11 47
11 48
11 81
11 83
11 87
11 58
11 63
11 61
11 31
12 79
12 52
12 53
12 56
12 30
12 31
13 2
13 36
13 7
13 74
13 46
13 79
13 52
13 53
13 56
13 58
16 4
16 69
16 71
16 77
16 78
16 79
16 83
16 61
16 30
17 2
17 71
17 36
17 69
17 7
17 8
17 79
17 43
17 66
17 78
17 77
17 52
17 53
17 87
17 4
17 58
17 63
17 60
17 61
17 31
20 2
20 35
20 36
20 69
20 71
20 74
20 7
20 43
20 52
20 87
20 56
20 39
20 31
21 2
21 7
21 73
21 74
21 66
21 79
21 42
21 63
22 2
22 35
22 4
22 69
22 7
22 41
22 77
22 83
22 52
22 53
22 57
22 58
22 60
22 61
22 63
23 66
23 35
23 36
23 69
23 39
23 74
23 43
23 78
23 77
23 14
23 47
23 56
23 52
23 53
23 7
23 58
23 60
23 61
23 63
24 35
24 69
24 71
24 73
24 39
24 77
24 79
24 83
24 53
24 56
24 58
25 2
25 35
25 4
25 8
25 74
25 76
25 66
25 77
25 53
25 87
25 56
25 36
25 79
25 61
25 30
25 31
26 2
26 4
26 69
26 71
26 8
26 73
26 43
26 66
26 78
26 77
26 83
26 52
26 53
26 87
26 57
26 58
26 79
26 61
27 66
27 4
27 69
27 39
27 8
27 60
27 78
27 48
27 52
27 55
27 28
27 61
27 30
27 63
29 2
29 36
29 69
29 71
29 8
29 73
29 43
29 77
29 14
29 47
29 81
29 78
29 87
29 56
29 58
29 60
29 30
29 31
31 66
31 36
31 7
31 71
31 77
31 78
31 79
31 55
31 56
31 58
31 61
32 2
32 35
32 4
32 39
32 41
32 7
32 76
32 78
32 79
32 48
32 43
32 52
32 53
32 55
32 56
32 58
32 63
32 60
32 31
33 43
33 7
33 8
33 39
33 14
33 83
33 71
33 61
33 63
34 2
34 87
34 36
34 69
34 71
34 73
34 74
34 83
34 66
34 47
34 79
34 57
34 4
34 58
34 63
34 60
34 61
34 30
34 31
35 84
35 66
35 4
35 7
35 43
35 77
35 78
35 47
35 83
35 52
35 55
35 57
35 71
35 79
35 60
35 61
36 48
36 63
36 21
36 30
36 79
37 71
37 47
37 53
37 87
37 60
37 63
38 66
38 35
38 7
38 8
38 74
38 43
38 77
38 78
38 79
38 83
38 52
38 55
38 58
38 30
38 31
39 66
39 7
39 74
39 83
39 53
39 60
39 61
39 63
40 66
40 4
40 69
40 71
40 73
40 7
40 2
40 46
40 77
40 52
40 53
40 56
40 39
40 58
41 36
41 77
41 83
41 52
41 21
41 87
41 57
41 53
42 66
42 36
42 39
42 8
42 79
42 7
42 76
42 77
42 47
42 83
42 52
42 53
42 87
42 56
42 71
42 63
42 61
42 31
43 66
43 4
43 71
43 8
43 74
43 43
43 77
43 61
43 52
43 56
43 57
43 58
43 79
43 60
43 29
43 31
44 36
44 69
44 74
44 56
44 4
44 61
44 31
45 35
45 4
45 7
45 74
45 87
45 77
45 14
45 79
45 48
45 81
45 83
45 52
45 21
45 57
45 36
45 58
45 63
45 60
45 61
45 31
46 4
46 69
46 73
46 60
46 47
46 83
46 52
46 41
46 36
46 28
46 63
47 35
47 36
47 69
47 39
47 8
47 41
47 74
47 87
47 77
47 81
47 21
47 55
47 58
47 60
47 63
48 74
48 31
50 2
50 35
50 4
50 69
50 39
50 41
50 42
50 7
50 76
50 66
50 71
50 43
50 73
50 56
50 58
50 60
50 61
50 30
50 63
51 2
51 4
51 39
51 8
51 41
51 76
51 78
51 48
51 58
51 60
51 63
52 66
52 35
52 71
52 82
52 83
52 53
52 87
52 31
53 60
53 2
53 52
53 78
53 47
54 7
54 43
54 78
54 52
54 58
54 61
54 63
56 63
56 2
56 43
56 29
56 87
57 66
57 35
57 71
57 60
57 14
57 53
57 87
57 56
57 58
57 28
57 30
59 2
59 35
59 4
59 7
59 41
59 43
59 66
59 77
59 47
59 83
59 52
59 78
59 73
59 57
59 63
59 30
59 31
60 61
60 74
60 55
60 77
60 87
61 79
61 43
61 4
61 30
61 7
62 2
62 4
62 69
62 39
62 8
62 73
62 74
62 43
62 77
62 83
62 53
62 87
62 56
62 58
62 60
62 63
63 48
63 2
63 61
63 63
64 66
64 71
64 36
64 7
64 41
64 74
64 43
64 77
64 46
64 48
64 52
64 87
64 56
64 4
64 58
64 60
64 61
64 63
65 73
65 74
65 43
65 78
65 79
65 48
65 83
65 52
65 53
65 56
65 57
65 58
65 47
65 61
66 66
66 8
66 73
66 52
66 58
66 61
66 31
67 66
67 35
67 4
67 7
67 74
67 39
67 78
67 77
67 14
67 47
67 71
67 43
67 83
67 52
67 53
67 56
67 58
67 63
67 30
67 31
68 66
68 69
68 74
68 43
68 78
68 79
68 83
68 87
68 58
68 60
68 63
69 66
69 35
69 4
69 69
69 39
69 74
69 2
69 53
69 57
69 58
69 30
70 35
70 36
70 69
70 7
70 73
70 74
70 77
70 47
70 83
70 52
70 53
70 87
70 56
70 57
70 63
70 60
70 61
70 31
71 66
71 35
71 74
71 63
72 2
72 71
72 4
72 69
72 39
72 8
72 41
72 74
72 43
72 60
72 48
72 52
72 55
72 58
72 79
72 28
72 63
74 66
74 39
74 2
74 71
75 35
75 39
75 8
75 74
75 43
75 79
75 83
75 87
75 56
75 60
76 69
76 7
76 73
76 71
76 81
76 87
77 2
77 4
77 69
77 7
77 73
77 74
77 71
77 77
77 79
77 52
77 55
77 56
77 58
78 66
78 35
78 36
78 71
78 41
78 42
78 43
78 77
78 87
78 83
78 53
78 57
78 56
78 4
78 58
78 63
78 74
78 30
78 31
79 35
79 74
79 14
79 47
79 52
79 87
79 56
79 61
81 66
81 74
81 39
81 42
81 43
81 76
81 77
81 78
81 79
81 83
81 52
81 87
81 56
81 71
81 63
81 61
81 30
81 31
85 60
85 74
85 79
85 53
85 58
85 63
85 28
85 29
85 31
86 2
86 71
86 36
86 69
86 7
86 41
86 74
86 43
86 77
86 78
86 83
86 52
86 21
86 55
86 57
86 58
86 60
86 30
86 31
