88
1 0
1 66
1 40
1 73
1 76
1 34
1 47
1 49
1 50
1 51
1 85
1 72
1 57
3 1
3 18
3 23
3 24
3 28
3 33
3 35
3 36
3 40
3 41
3 44
3 47
3 53
3 54
3 56
3 57
3 59
3 60
3 64
3 66
3 71
3 72
3 75
3 78
3 83
4 33
4 2
4 67
4 36
4 8
4 76
4 77
4 79
4 49
4 50
4 51
4 56
4 57
4 60
4 72
5 0
5 2
5 6
5 7
5 8
5 13
5 19
5 23
5 25
5 29
5 35
5 40
5 41
5 47
5 50
5 52
5 53
5 59
5 60
5 61
5 64
5 65
5 66
5 67
5 69
5 70
5 72
5 79
5 83
5 85
7 67
7 36
7 72
7 60
7 13
7 78
7 79
7 50
7 19
7 52
7 85
7 73
7 24
7 59
7 28
7 61
9 0
9 1
9 6
9 13
9 18
9 23
9 24
9 28
9 29
9 32
9 47
9 49
9 52
9 53
9 60
9 61
9 64
9 70
9 72
9 75
9 76
9 77
9 79
10 1
10 2
10 6
10 8
10 13
10 18
10 19
10 24
10 25
10 29
10 32
10 35
10 40
10 47
10 49
10 51
10 53
10 54
10 56
10 61
10 66
10 67
10 70
10 71
10 79
11 0
11 1
11 2
11 6
11 13
11 19
11 23
11 24
11 25
11 28
11 32
11 33
11 41
11 47
11 49
11 56
11 57
11 59
11 60
11 69
11 75
11 77
11 78
11 85
12 1
12 13
12 19
12 23
12 32
12 33
12 35
12 41
12 45
12 47
12 50
12 52
12 53
12 54
12 57
12 61
12 62
12 66
12 67
12 69
12 70
12 71
12 72
12 75
12 77
12 79
12 80
12 83
12 85
17 0
17 40
17 59
20 2
20 6
20 8
20 18
20 23
20 28
20 29
20 32
20 35
20 36
20 41
20 49
20 52
20 54
20 59
20 60
20 69
20 73
20 75
20 77
20 78
20 80
20 85
21 1
21 8
21 13
21 23
21 24
21 33
21 35
21 36
21 41
21 45
21 47
21 49
21 50
21 51
21 53
21 56
21 57
21 62
21 66
21 67
21 72
21 73
21 75
21 77
21 79
26 0
26 6
26 8
26 13
26 19
26 23
26 24
26 25
26 28
26 29
26 33
26 34
26 35
26 36
26 44
26 49
26 50
26 54
26 57
26 59
26 61
26 64
26 65
26 66
26 67
26 69
26 70
26 72
26 73
26 77
26 85
27 0
27 1
27 6
27 8
27 13
27 18
27 23
27 24
27 28
27 29
27 32
27 33
27 40
27 41
27 47
27 49
27 50
27 51
27 52
27 57
27 59
27 61
27 66
27 71
27 72
27 73
27 75
27 76
27 85
28 8
28 13
28 18
28 19
28 24
28 32
28 33
28 35
28 45
28 47
28 49
28 50
28 51
28 52
28 53
28 60
28 62
28 64
28 66
28 67
28 70
28 71
28 72
28 73
28 75
28 78
28 79
28 85
29 64
29 32
29 67
29 68
29 8
29 75
29 45
29 78
29 79
29 83
29 54
29 24
29 60
29 61
30 0
30 1
30 2
30 8
30 19
30 29
30 33
30 35
30 40
30 51
30 52
30 53
30 56
30 61
30 62
30 66
30 67
30 70
30 72
30 73
30 77
30 80
31 32
31 33
31 66
31 67
31 36
31 65
31 40
31 60
31 71
31 76
31 64
31 49
31 50
31 78
31 56
31 57
31 59
31 28
31 61
31 85
32 35
32 69
32 70
32 40
32 75
32 77
32 19
32 54
32 23
32 56
32 25
32 6
32 59
33 1
33 2
33 6
33 65
33 60
33 13
33 79
33 80
33 24
33 47
33 28
33 29
33 62
35 1
35 2
35 18
35 19
35 24
35 28
35 32
35 35
35 40
35 45
35 49
35 51
35 52
35 53
35 61
35 64
35 66
35 67
35 69
35 70
35 71
35 72
35 79
37 0
37 2
37 6
37 19
37 23
37 29
37 32
37 33
37 35
37 36
37 40
37 49
37 52
37 53
37 56
37 57
37 62
37 65
37 72
37 75
37 76
37 78
37 80
38 64
38 34
38 6
38 41
38 75
38 76
38 13
38 78
38 47
38 50
38 19
38 54
38 24
38 28
38 61
40 65
40 66
40 35
40 8
40 76
40 13
40 47
40 72
40 18
40 51
40 54
40 60
40 29
40 62
42 35
42 71
42 72
42 75
42 76
42 77
42 49
42 51
42 53
42 23
42 25
42 59
42 28
42 61
46 1
46 6
46 23
46 28
46 29
46 33
46 35
46 45
46 52
46 53
46 54
46 56
46 61
46 62
46 64
46 69
46 72
46 73
46 75
46 76
46 77
46 78
46 79
46 83
46 85
47 64
47 2
47 68
47 6
47 71
47 8
47 73
47 75
47 66
47 79
47 52
47 23
47 36
47 61
48 0
48 1
48 2
48 19
48 23
48 24
48 28
48 32
48 33
48 34
48 35
48 36
48 40
48 47
48 50
48 53
48 54
48 57
48 59
48 60
48 62
48 64
48 65
48 71
48 73
48 75
48 76
48 77
48 78
48 79
49 0
49 51
49 2
49 69
49 70
49 40
49 41
49 75
49 76
49 80
49 49
49 19
49 85
49 23
49 56
49 61
52 0
52 1
52 2
52 13
52 22
52 23
52 32
52 45
52 47
52 49
52 50
52 51
52 52
52 53
52 56
52 60
52 61
52 62
52 65
52 66
52 67
52 68
52 72
52 73
52 75
52 76
52 85
56 0
56 1
56 2
56 25
56 28
56 29
56 32
56 33
56 35
56 36
56 49
56 53
56 54
56 56
56 59
56 60
56 61
56 64
56 65
56 69
56 70
56 71
56 72
56 73
56 76
56 77
56 79
56 80
56 85
59 32
59 45
59 36
59 75
59 13
59 78
59 77
59 49
59 50
59 19
59 28
59 61
62 0
62 2
62 8
62 18
62 19
62 23
62 24
62 28
62 33
62 40
62 49
62 50
62 51
62 52
62 53
62 56
62 57
62 59
62 60
62 61
62 69
62 70
62 72
62 73
62 75
62 76
62 77
62 78
62 79
63 0
63 1
63 8
63 19
63 28
63 32
63 33
63 35
63 41
63 47
63 53
63 54
63 57
63 59
63 60
63 61
63 62
63 66
63 67
63 69
63 71
63 72
63 73
63 76
63 77
63 78
63 79
63 83
63 85
64 2
64 6
64 8
64 13
64 19
64 23
64 24
64 36
64 40
64 45
64 47
64 51
64 54
64 59
64 61
64 62
64 64
64 66
64 71
64 72
64 73
64 75
64 76
67 1
67 2
67 36
67 6
67 33
67 8
67 40
67 50
67 51
67 53
67 57
67 24
67 25
67 59
67 62
70 1
70 2
70 7
70 8
70 13
70 19
70 23
70 33
70 34
70 40
70 50
70 53
70 57
70 59
70 60
70 61
70 67
70 69
70 70
70 71
70 72
70 73
70 75
70 77
70 78
70 79
70 83
74 0
74 33
74 2
74 67
74 36
74 69
74 70
74 40
74 47
74 52
74 85
74 23
74 56
74 60
76 0
76 1
76 6
76 8
76 13
76 23
76 25
76 32
76 33
76 45
76 47
76 49
76 50
76 51
76 52
76 56
76 64
76 67
76 70
76 71
76 72
76 78
76 79
76 85
82 24
82 73
82 62
86 0
86 6
86 19
86 23
86 24
86 29
86 32
86 33
86 36
86 40
86 45
86 49
86 50
86 51
86 52
86 56
86 59
86 60
86 64
86 66
86 67
86 69
86 70
86 75
86 78
86 79
86 80
86 85
87 0
87 19
87 23
87 24
87 29
87 32
87 33
87 35
87 36
87 40
87 47
87 51
87 57
87 59
87 60
87 64
87 66
87 67
87 69
87 70
87 73
87 75
87 76
87 79
87 80
