88
0 5
0 7
0 8
0 9
0 19
0 20
0 25
0 41
0 46
0 52
0 53
0 54
0 56
0 59
0 60
0 70
0 71
0 73
0 74
0 76
0 77
0 78
0 81
0 82
0 85
0 87
1 36
1 71
1 8
1 73
1 50
1 82
1 19
1 85
1 55
1 56
1 30
2 2
2 5
2 8
2 13
2 19
2 23
2 25
2 30
2 34
2 36
2 40
2 44
2 45
2 46
2 48
2 50
2 53
2 54
2 55
2 56
2 59
2 60
2 66
2 70
2 71
2 73
2 74
2 76
2 77
2 78
2 85
2 86
2 87
3 7
3 8
3 12
3 13
3 19
3 23
3 25
3 29
3 30
3 34
3 36
3 40
3 41
3 44
3 45
3 46
3 50
3 52
3 53
3 54
3 55
3 56
3 60
3 63
3 70
3 71
3 73
3 75
3 76
3 77
3 85
3 86
3 87
6 2
6 13
6 19
6 20
6 23
6 25
6 30
6 34
6 36
6 40
6 41
6 44
6 45
6 46
6 48
6 50
6 52
6 53
6 55
6 56
6 60
6 63
6 66
6 70
6 71
6 73
6 74
6 76
6 77
6 78
6 81
6 82
6 85
6 87
10 5
10 7
10 8
10 9
10 13
10 20
10 23
10 25
10 29
10 30
10 34
10 36
10 40
10 41
10 44
10 45
10 48
10 50
10 52
10 53
10 54
10 55
10 60
10 66
10 70
10 71
10 73
10 74
10 76
10 77
10 78
10 83
10 85
10 86
10 87
17 66
17 44
17 30
18 5
18 19
18 23
18 25
18 30
18 34
18 36
18 40
18 41
18 44
18 45
18 46
18 48
18 50
18 52
18 53
18 54
18 55
18 56
18 60
18 66
18 70
18 71
18 73
18 74
18 77
18 78
18 85
18 87
21 5
21 7
21 8
21 9
21 13
21 19
21 23
21 25
21 28
21 30
21 34
21 36
21 40
21 41
21 44
21 45
21 50
21 52
21 53
21 54
21 55
21 56
21 60
21 63
21 66
21 71
21 73
21 76
21 78
21 82
21 85
21 86
21 87
22 5
22 8
22 9
22 19
22 23
22 25
22 44
22 45
22 46
22 50
22 52
22 53
22 54
22 55
22 56
22 59
22 60
22 71
22 73
22 76
22 77
22 78
22 85
26 5
26 7
26 8
26 12
26 19
26 25
26 28
26 30
26 34
26 36
26 40
26 41
26 43
26 44
26 45
26 48
26 50
26 52
26 53
26 54
26 56
26 60
26 63
26 66
26 70
26 71
26 73
26 74
26 76
26 77
26 78
26 82
26 85
26 86
26 87
27 56
27 87
29 86
29 8
29 76
29 87
29 44
29 45
29 46
29 77
29 19
29 53
29 54
29 55
29 25
29 78
29 30
31 2
31 5
31 7
31 8
31 12
31 23
31 25
31 30
31 34
31 36
31 40
31 41
31 43
31 44
31 45
31 46
31 48
31 50
31 52
31 53
31 54
31 55
31 56
31 59
31 60
31 63
31 66
31 70
31 73
31 74
31 75
31 77
31 78
31 82
31 85
31 86
31 87
35 5
35 7
35 8
35 13
35 19
35 20
35 25
35 29
35 36
35 40
35 41
35 43
35 44
35 45
35 46
35 48
35 50
35 52
35 53
35 54
35 55
35 56
35 59
35 60
35 70
35 71
35 73
35 76
35 77
35 78
35 80
35 81
35 82
35 83
35 85
35 86
35 87
37 66
37 36
37 5
37 71
37 40
37 41
37 87
37 76
37 45
37 77
37 73
37 50
37 19
37 52
37 78
37 54
37 55
37 25
37 60
37 30
38 5
38 7
38 8
38 9
38 12
38 13
38 19
38 20
38 23
38 28
38 30
38 34
38 36
38 40
38 41
38 43
38 44
38 45
38 50
38 52
38 54
38 55
38 56
38 59
38 60
38 63
38 66
38 71
38 74
38 76
38 77
38 78
38 82
38 86
38 87
39 2
39 5
39 7
39 8
39 9
39 12
39 19
39 20
39 23
39 25
39 28
39 30
39 34
39 36
39 40
39 41
39 44
39 45
39 46
39 48
39 50
39 52
39 53
39 55
39 59
39 60
39 66
39 70
39 73
39 76
39 77
39 85
39 86
42 5
42 7
42 8
42 12
42 19
42 20
42 23
42 25
42 30
42 34
42 36
42 40
42 41
42 44
42 45
42 46
42 48
42 52
42 53
42 54
42 55
42 56
42 60
42 70
42 71
42 73
42 75
42 76
42 77
42 81
42 82
42 86
42 87
47 5
47 7
47 8
47 9
47 12
47 13
47 19
47 20
47 25
47 30
47 40
47 41
47 44
47 45
47 48
47 50
47 52
47 53
47 55
47 56
47 60
47 63
47 70
47 71
47 73
47 74
47 75
47 76
47 77
47 78
47 81
47 82
47 85
47 86
47 87
49 36
49 71
49 8
49 41
49 44
49 87
49 25
49 30
56 5
56 7
56 8
56 12
56 13
56 19
56 20
56 23
56 25
56 28
56 30
56 34
56 36
56 41
56 44
56 45
56 48
56 50
56 52
56 53
56 54
56 55
56 56
56 60
56 66
56 73
56 74
56 76
56 77
56 78
56 82
56 85
56 86
56 87
57 8
57 9
57 12
57 19
57 25
57 30
57 36
57 40
57 45
57 46
57 48
57 52
57 53
57 54
57 55
57 56
57 60
57 66
57 70
57 71
57 73
57 76
57 77
57 78
57 82
57 85
57 87
58 5
58 7
58 8
58 9
58 13
58 19
58 25
58 30
58 34
58 36
58 40
58 41
58 44
58 46
58 48
58 50
58 52
58 54
58 55
58 56
58 60
58 66
58 73
58 77
58 78
58 85
58 87
61 5
61 7
61 8
61 12
61 13
61 19
61 20
61 23
61 25
61 29
61 30
61 34
61 36
61 44
61 45
61 48
61 50
61 53
61 55
61 56
61 60
61 63
61 66
61 71
61 73
61 74
61 75
61 76
61 77
61 78
61 82
61 85
61 86
61 87
62 5
62 8
62 41
62 44
62 45
62 52
62 85
62 23
62 56
62 60
62 30
67 5
67 8
67 12
67 13
67 19
67 20
67 23
67 25
67 28
67 36
67 40
67 41
67 43
67 44
67 45
67 46
67 48
67 50
67 52
67 53
67 54
67 55
67 56
67 59
67 60
67 66
67 70
67 71
67 73
67 76
67 78
67 82
67 85
67 86
67 87
68 5
68 7
68 8
68 25
68 30
68 36
68 40
68 41
68 44
68 45
68 48
68 50
68 52
68 53
68 54
68 55
68 56
68 60
68 70
68 71
68 73
68 74
68 76
68 77
68 82
68 85
68 86
68 87
69 5
69 8
69 9
69 12
69 20
69 23
69 25
69 28
69 30
69 34
69 36
69 40
69 41
69 44
69 45
69 46
69 50
69 52
69 53
69 54
69 55
69 56
69 59
69 60
69 63
69 66
69 70
69 71
69 73
69 76
69 77
69 78
69 81
69 82
69 85
69 86
69 87
77 5
77 7
77 8
77 9
77 19
77 23
77 25
77 29
77 30
77 34
77 36
77 40
77 41
77 43
77 44
77 45
77 46
77 48
77 50
77 52
77 54
77 55
77 56
77 60
77 70
77 71
77 73
77 74
77 76
77 77
77 80
77 82
77 85
77 86
77 87
83 5
83 8
83 9
83 19
83 23
83 25
83 34
83 36
83 40
83 41
83 45
83 48
83 52
83 53
83 55
83 60
83 63
83 70
83 71
83 73
83 76
83 77
83 78
83 80
83 86
83 87
84 5
84 7
84 8
84 9
84 11
84 12
84 19
84 20
84 25
84 28
84 30
84 34
84 36
84 40
84 44
84 45
84 46
84 48
84 52
84 53
84 54
84 55
84 59
84 60
84 66
84 70
84 71
84 73
84 77
84 78
84 80
84 81
84 82
84 85
84 86
84 87
