88
0 2
0 70
0 73
0 42
0 43
0 77
0 47
0 49
0 74
0 86
0 23
0 55
0 60
0 10
0 62
1 0
1 33
1 2
1 37
1 70
1 72
1 9
1 10
1 86
1 66
1 77
1 73
1 20
1 22
1 23
1 60
1 69
3 0
3 32
3 2
3 75
3 37
3 70
3 74
3 43
3 50
3 77
3 18
3 85
3 86
3 55
3 60
3 62
3 31
4 2
4 35
4 70
4 39
4 72
4 73
4 10
4 43
4 47
4 83
4 86
4 23
4 79
4 60
4 42
4 62
4 31
5 66
5 43
5 77
5 80
5 83
5 86
5 23
5 57
5 31
6 64
6 67
6 9
6 74
6 43
6 77
6 18
6 23
6 55
6 58
6 42
6 63
7 70
7 9
7 10
7 75
7 73
7 42
7 31
8 64
8 2
8 75
8 74
8 72
8 9
8 10
8 55
8 86
8 18
8 20
8 22
8 23
8 57
8 58
8 60
8 42
9 39
9 42
9 48
9 86
9 26
9 60
9 58
10 70
10 72
10 9
10 10
10 20
10 60
11 72
11 9
11 18
11 26
11 77
12 32
12 70
12 43
12 79
12 86
12 23
12 62
13 64
13 2
13 58
13 42
13 86
14 64
14 37
14 70
14 39
14 9
14 10
14 73
15 73
15 42
15 77
15 18
15 86
15 23
16 32
16 64
16 2
16 67
16 37
16 70
16 39
16 72
16 9
16 10
16 43
16 86
16 50
16 20
16 57
16 73
16 23
16 55
16 60
17 0
17 37
17 70
17 39
17 72
17 9
17 42
17 77
17 48
17 18
17 73
17 23
17 26
17 60
17 58
17 31
20 9
20 66
21 72
21 9
21 74
21 77
21 70
22 49
22 60
24 64
24 35
24 69
24 72
24 9
24 18
24 20
24 86
24 73
24 57
24 26
25 43
25 39
25 9
25 75
25 77
25 49
25 50
25 20
25 85
25 86
25 23
25 57
27 32
27 43
27 37
27 72
27 42
27 75
27 50
27 20
27 22
27 23
27 58
27 31
28 50
28 10
29 9
29 42
29 58
30 32
30 69
30 72
30 9
30 10
30 43
30 45
30 79
30 80
30 58
30 20
30 41
30 86
30 23
30 57
30 26
30 42
30 62
30 31
31 0
31 64
31 2
31 37
31 70
31 39
31 9
31 42
31 43
31 77
31 47
31 80
31 50
31 20
31 73
31 57
31 58
31 69
32 32
32 50
32 69
32 72
32 73
32 43
32 77
32 47
32 18
32 20
32 9
32 55
32 58
32 60
33 32
33 2
33 75
33 69
33 70
33 72
33 73
33 10
33 43
33 66
33 18
33 20
33 86
33 23
33 60
33 42
34 2
34 39
34 72
34 73
34 10
34 43
34 80
34 18
34 20
34 21
34 86
34 58
34 60
35 41
35 2
35 69
35 86
35 55
36 32
36 64
36 2
36 37
36 39
36 72
36 9
36 42
36 77
36 73
36 22
36 23
36 58
36 86
36 74
37 0
37 2
37 67
37 70
37 72
37 10
37 75
37 77
37 43
37 55
37 42
37 31
38 32
38 2
38 35
38 9
38 10
38 43
38 45
38 47
38 49
38 50
38 20
38 23
38 58
38 60
38 42
38 62
39 32
39 2
39 37
39 73
39 10
39 43
39 50
39 20
39 22
39 23
39 57
40 33
40 2
40 43
40 9
40 10
40 55
40 45
40 50
40 86
40 23
40 57
40 58
40 60
40 62
41 0
41 2
41 70
41 39
41 41
41 43
41 77
41 45
41 80
41 51
41 22
41 26
41 60
41 58
42 72
42 43
42 37
42 77
43 58
43 23
44 2
44 75
44 70
44 72
44 9
44 42
44 43
44 45
44 77
44 80
44 73
44 41
44 26
44 79
44 60
44 10
45 0
45 32
45 70
45 39
45 72
45 73
45 42
45 43
45 9
45 57
45 26
45 60
45 10
46 32
46 33
46 86
46 37
46 39
46 9
46 10
46 75
46 77
46 47
46 49
46 73
46 23
46 57
46 60
46 42
46 62
47 0
47 2
47 69
47 42
47 43
47 66
47 77
47 80
47 20
47 86
47 23
47 57
47 74
47 60
47 10
48 66
48 72
48 73
48 10
48 43
48 2
48 47
48 9
48 41
48 86
48 23
48 60
49 33
49 72
49 74
49 55
49 80
49 51
49 20
49 86
49 23
49 57
49 60
49 42
49 62
50 2
50 43
50 70
50 9
50 10
50 75
50 77
50 45
50 49
50 20
50 41
50 57
50 42
50 62
51 33
51 2
52 0
52 66
52 70
52 2
52 80
52 20
53 66
53 69
53 73
53 10
53 50
53 86
53 57
53 26
53 74
53 37
54 2
54 39
54 72
54 73
54 42
54 23
54 26
56 32
56 43
56 39
56 72
56 41
56 10
56 75
56 79
56 20
56 86
56 23
56 47
56 31
57 0
57 2
57 69
57 70
57 72
57 9
57 42
57 77
57 73
57 86
57 41
57 26
59 0
59 32
59 86
59 39
59 9
59 10
59 75
59 77
59 80
59 85
59 73
59 23
59 57
59 60
59 42
61 0
61 32
61 2
61 37
61 72
61 10
61 43
61 45
61 77
61 48
61 51
61 20
61 86
61 23
61 26
61 60
61 42
61 63
62 32
62 33
62 2
62 66
62 37
62 73
62 74
62 45
62 77
62 47
62 50
62 86
62 23
62 57
62 69
62 31
63 33
63 2
63 70
63 39
63 41
63 80
63 50
63 83
63 86
63 26
63 62
65 41
65 10
65 43
65 60
65 86
66 64
66 72
66 73
66 10
66 43
66 77
66 45
66 50
66 20
66 41
66 86
66 23
66 60
66 62
68 32
68 66
68 35
68 39
68 72
68 9
68 42
68 75
68 77
68 43
68 86
68 23
68 58
69 64
69 2
69 43
69 70
69 9
69 42
69 55
69 66
69 50
69 23
69 58
69 60
70 73
70 43
70 47
70 49
70 20
70 22
70 57
70 26
70 62
71 32
71 2
71 75
71 66
71 72
71 73
71 43
71 45
71 51
71 20
71 86
71 57
71 58
71 60
71 62
72 32
72 33
72 43
72 72
72 10
72 75
72 77
72 20
72 60
72 42
73 2
73 39
73 72
73 9
73 85
73 58
73 60
74 0
74 74
74 70
74 72
74 41
74 10
74 43
74 20
74 86
74 23
74 57
74 26
74 60
74 58
75 41
75 2
75 60
75 10
76 67
76 39
76 72
76 73
76 42
76 75
76 50
76 20
76 9
76 26
76 60
76 10
77 32
77 2
77 37
77 70
77 72
77 10
77 43
77 20
77 58
77 60
77 42
78 2
78 37
78 70
78 73
78 75
78 79
78 49
78 18
78 51
78 57
78 60
79 32
79 35
79 37
79 70
79 72
79 9
79 43
79 41
79 23
79 57
79 55
80 32
80 73
80 42
80 23
80 26
80 10
80 31
81 64
81 70
81 39
81 72
81 73
81 10
81 43
81 47
81 50
81 74
81 86
81 23
81 26
81 58
81 63
82 0
82 2
82 75
82 66
82 86
82 9
82 42
82 43
82 50
82 77
82 73
82 18
82 85
82 22
82 23
82 26
82 60
82 58
82 63
83 2
83 50
83 37
83 70
83 72
83 9
83 42
83 75
83 45
83 79
83 18
83 83
83 41
83 86
83 23
83 26
83 74
83 53
84 32
84 2
84 37
84 70
84 39
84 9
84 10
84 43
84 73
84 80
84 20
84 57
84 22
84 41
84 55
84 60
84 42
84 85
85 32
85 64
85 69
85 70
85 72
85 9
85 42
85 45
85 47
85 48
85 18
85 73
85 57
85 26
85 79
86 2
86 69
86 70
86 39
86 72
86 66
86 23
86 60
86 62
87 2
87 70
87 39
87 9
87 43
87 20
87 73
87 23
87 55
87 62
