88
0 2
0 5
0 43
0 44
0 47
0 23
0 58
1 48
1 10
1 12
1 47
1 80
1 81
1 27
1 61
2 34
2 6
2 7
2 44
2 10
2 12
2 78
2 58
2 62
3 34
3 4
3 5
3 7
3 60
3 42
3 39
3 44
3 78
3 47
3 81
3 36
3 58
3 28
3 61
3 30
5 48
5 34
5 36
5 5
5 38
5 44
5 10
5 12
5 13
5 78
5 47
5 16
5 18
5 62
5 58
5 27
5 28
5 30
7 16
7 34
7 4
7 80
7 20
7 23
7 58
7 61
7 62
8 48
8 34
8 7
8 44
8 16
8 81
8 20
8 58
8 28
9 80
9 2
9 4
9 42
9 44
9 78
9 47
9 16
9 23
9 36
9 27
9 28
9 30
11 35
11 4
11 38
11 7
11 44
11 81
11 23
11 60
11 62
13 81
13 58
13 27
13 61
13 23
17 48
17 2
17 4
17 5
17 42
17 13
17 79
17 16
17 18
17 20
17 47
17 60
17 61
17 62
18 80
18 2
18 44
18 10
18 12
18 61
18 78
18 47
18 48
18 81
18 18
18 79
18 20
18 23
18 58
18 27
18 28
18 60
20 16
20 4
20 48
20 80
20 81
20 20
20 62
20 58
20 27
20 61
20 30
21 2
21 4
21 5
21 6
21 10
21 78
21 16
21 18
21 85
21 23
21 60
21 61
21 62
22 2
22 35
22 36
22 5
22 38
22 60
22 10
22 12
22 47
22 81
22 79
22 85
22 27
22 28
22 42
22 30
23 80
23 2
23 35
23 38
23 6
23 39
23 10
23 12
23 34
23 78
23 79
23 16
23 62
23 23
23 30
24 34
24 5
24 6
24 7
24 13
24 79
24 58
25 81
25 44
25 61
26 16
26 34
26 36
26 5
26 6
26 10
26 44
26 80
26 81
26 85
26 23
26 58
26 27
29 2
29 34
29 4
29 7
29 60
29 10
29 13
29 78
29 80
29 81
29 18
29 35
29 23
29 27
29 28
29 61
30 2
30 42
30 34
30 18
30 23
30 58
30 30
31 2
31 4
31 60
31 44
31 78
31 48
31 62
31 23
31 27
31 28
31 30
32 80
32 2
32 4
32 5
32 6
32 7
32 38
32 60
32 10
32 12
32 47
32 16
32 81
32 79
32 36
32 58
32 27
32 28
32 62
33 80
33 34
33 4
33 7
33 10
33 12
33 78
33 47
33 16
33 18
33 20
33 62
33 23
33 27
33 28
33 61
33 30
34 4
34 6
34 60
34 43
34 12
34 78
34 79
34 16
34 18
34 62
34 47
34 28
34 30
35 80
35 2
35 5
35 38
35 60
35 10
35 43
35 12
35 78
35 79
35 16
35 81
35 18
35 62
35 27
35 28
35 42
35 30
35 85
37 48
37 34
37 4
37 6
37 10
37 61
37 12
37 13
37 78
37 47
37 16
37 81
37 18
37 85
37 23
37 79
37 60
37 42
37 62
39 80
39 2
39 5
39 6
39 7
39 10
39 44
39 34
39 78
39 79
39 16
39 81
39 18
39 20
39 62
39 23
39 27
39 28
39 42
39 30
40 4
40 44
40 43
40 12
40 78
40 79
40 47
40 62
41 2
41 4
41 62
41 34
41 79
41 16
41 85
41 27
41 30
44 2
44 36
44 5
44 38
44 44
44 12
44 34
44 78
44 47
44 81
44 20
44 62
44 23
44 58
44 27
44 60
44 61
44 30
45 2
45 4
45 38
45 60
45 80
45 58
45 27
45 28
45 61
46 80
46 2
46 34
46 4
46 5
46 6
46 7
46 44
46 10
46 12
46 13
46 60
46 16
46 81
46 85
46 23
46 58
46 28
46 62
47 34
47 4
47 10
47 61
47 81
47 23
47 60
47 42
49 12
49 5
49 79
50 16
50 5
50 48
50 44
50 10
50 12
50 78
50 80
50 62
50 23
50 28
50 61
50 30
51 80
51 2
51 34
51 4
51 10
51 44
51 13
51 79
51 48
51 81
51 18
51 62
51 23
51 36
51 27
51 28
51 61
51 30
52 80
52 2
52 4
52 5
52 7
52 10
52 13
52 78
52 47
52 16
52 79
52 20
52 36
52 58
52 27
52 60
52 61
53 48
53 2
53 4
53 5
53 80
53 60
53 79
53 44
53 78
53 47
53 16
53 81
53 18
53 36
53 27
53 28
53 62
54 12
54 79
55 61
56 36
56 6
56 79
56 80
56 20
56 27
56 60
57 81
57 34
57 44
57 61
57 39
58 2
58 34
58 4
58 5
58 6
58 44
58 13
58 47
58 80
58 18
58 58
58 61
60 4
60 5
60 38
60 7
60 42
60 43
60 44
60 13
60 80
60 18
60 20
60 27
63 80
63 34
63 4
63 38
63 7
63 44
63 42
63 12
63 78
63 16
63 81
63 62
63 58
63 61
63 30
64 2
64 4
64 5
64 6
64 39
64 10
64 12
64 34
64 78
64 61
64 80
64 81
64 20
64 23
64 36
64 58
64 79
64 60
64 42
65 2
65 43
65 79
65 80
65 20
65 23
65 27
65 28
66 2
66 38
66 10
66 44
66 81
66 18
66 62
66 27
66 30
67 2
67 35
67 5
67 44
67 10
67 43
67 12
67 34
67 78
67 60
67 16
67 81
67 62
67 58
67 27
67 28
67 61
67 30
68 80
68 2
68 34
68 36
68 38
68 7
68 60
68 12
68 13
68 79
68 16
68 35
68 20
68 62
68 23
68 27
68 28
68 61
68 30
69 2
69 4
69 6
69 60
69 10
69 12
69 13
69 79
69 18
69 20
69 85
69 23
69 58
69 27
69 28
69 30
70 16
70 34
70 35
70 6
70 7
70 10
70 39
70 79
70 80
70 81
70 85
70 47
70 28
70 61
71 16
71 2
71 5
71 6
71 10
71 34
71 78
71 80
71 20
71 23
71 58
71 42
71 62
72 80
72 34
72 4
72 38
72 44
72 42
72 12
72 78
72 60
72 16
72 81
72 18
72 79
72 62
72 23
72 58
72 27
72 28
72 30
72 85
73 80
73 2
73 4
73 38
73 60
73 42
73 79
73 16
73 18
73 20
73 47
73 28
73 61
74 2
74 5
74 7
74 44
74 10
74 43
74 12
74 13
74 78
74 47
74 81
74 18
74 20
74 23
74 58
74 27
74 28
74 60
74 62
75 80
75 2
75 35
75 4
75 6
75 10
75 34
75 78
75 79
75 16
75 81
75 85
75 23
75 36
75 27
75 60
75 42
75 62
76 80
76 2
76 4
76 5
76 6
76 44
76 78
76 16
76 81
76 18
76 62
76 36
76 58
76 60
76 30
76 85
77 80
77 2
77 36
77 5
77 6
77 10
77 12
77 13
77 78
77 16
77 58
77 28
77 30
78 48
78 34
78 38
78 7
78 47
78 79
78 16
78 18
78 20
78 85
78 23
78 27
78 61
79 48
79 34
79 4
79 39
79 10
79 43
79 12
79 13
79 16
79 81
79 18
79 20
79 62
79 36
79 58
79 60
79 61
79 30
81 34
81 4
81 6
81 7
81 60
81 13
81 80
81 81
81 18
81 20
81 28
81 61
81 30
82 60
82 43
82 44
82 78
82 79
82 80
82 28
82 62
83 10
83 5
83 30
83 79
84 34
84 4
84 6
84 44
84 12
84 78
84 79
84 16
84 81
84 58
84 47
84 60
84 30
85 80
85 34
85 35
85 4
85 5
85 38
85 7
85 60
85 10
85 44
85 78
85 61
85 16
85 62
85 58
85 79
85 28
85 42
85 30
86 2
86 35
86 4
86 5
86 38
86 7
86 10
86 12
86 61
86 16
86 81
86 79
86 23
86 27
86 28
86 42
86 30
87 16
87 35
87 44
87 10
87 12
87 78
87 79
87 80
87 18
87 23
87 58
87 27
87 61
