88
0 0
0 2
0 11
0 15
0 18
0 26
0 29
0 30
0 32
0 34
0 37
0 40
0 41
0 42
0 44
0 45
0 56
0 58
0 70
0 74
0 78
0 82
0 83
1 0
1 9
1 16
1 17
1 18
1 22
1 26
1 28
1 30
1 35
1 37
1 41
1 42
1 45
1 46
1 48
1 49
1 56
1 58
1 68
1 70
1 73
1 83
1 85
2 6
2 8
2 12
2 15
2 17
2 18
2 22
2 24
2 26
2 27
2 28
2 30
2 31
2 37
2 41
2 42
2 43
2 47
2 48
2 49
2 55
2 58
2 68
2 70
2 74
2 78
2 81
2 83
3 0
3 3
3 9
3 11
3 45
3 15
3 48
3 43
3 35
3 73
3 55
3 26
3 30
5 41
5 55
5 85
5 17
8 0
8 9
8 12
8 15
8 16
8 22
8 23
8 26
8 28
8 30
8 35
8 37
8 40
8 41
8 43
8 44
8 46
8 49
8 55
8 70
8 74
8 78
8 80
8 83
9 2
9 3
9 11
9 15
9 16
9 17
9 22
9 27
9 29
9 32
9 34
9 41
9 42
9 43
9 46
9 49
9 56
9 62
9 68
9 69
9 70
9 80
9 83
9 85
10 0
10 1
10 2
10 3
10 7
10 9
10 12
10 15
10 16
10 27
10 29
10 32
10 35
10 40
10 41
10 42
10 44
10 46
10 49
10 55
10 56
10 58
10 70
10 73
10 74
10 82
13 0
13 1
13 3
13 6
13 7
13 9
13 15
13 16
13 17
13 18
13 22
13 23
13 26
13 28
13 30
13 31
13 36
13 40
13 41
13 43
13 46
13 49
13 55
13 58
13 68
13 74
13 82
13 85
13 86
14 68
14 37
14 9
14 45
14 81
14 22
15 43
15 3
17 2
17 6
17 9
17 11
17 12
17 16
17 17
17 18
17 23
17 31
17 34
17 35
17 40
17 41
17 42
17 48
17 49
17 55
17 56
17 58
17 68
17 70
17 74
17 83
18 0
18 1
18 2
18 6
18 7
18 8
18 9
18 12
18 15
18 17
18 18
18 22
18 26
18 29
18 31
18 32
18 34
18 36
18 40
18 43
18 45
18 48
18 55
18 58
18 73
18 83
19 32
19 2
19 3
19 36
19 70
19 9
19 42
19 43
19 34
19 46
19 15
19 48
19 82
19 22
19 56
19 26
19 27
19 58
19 30
24 6
24 15
24 17
24 18
24 22
24 23
24 24
24 26
24 28
24 30
24 31
24 32
24 34
24 37
24 40
24 41
24 42
24 44
24 45
24 68
24 69
24 70
24 73
24 81
24 83
24 85
25 0
25 81
25 30
28 26
28 43
30 0
30 2
30 6
30 7
30 11
30 15
30 22
30 23
30 30
30 31
30 34
30 37
30 40
30 41
30 42
30 43
30 44
30 45
30 48
30 49
30 55
30 58
30 68
30 70
30 81
30 82
32 3
32 7
32 11
32 13
32 15
32 17
32 26
32 31
32 34
32 40
32 41
32 42
32 43
32 44
32 48
32 49
32 55
32 56
32 58
32 60
32 68
32 70
32 82
32 83
32 85
34 45
34 15
34 82
34 22
34 23
34 30
36 0
36 1
36 2
36 11
36 17
36 18
36 22
36 27
36 30
36 31
36 32
36 34
36 35
36 36
36 40
36 42
36 48
36 49
36 55
36 56
36 62
36 73
36 78
36 81
36 85
44 0
44 80
44 2
44 36
44 49
44 6
44 7
44 9
44 42
44 43
44 12
44 34
44 78
44 48
44 17
44 41
44 58
44 27
44 28
44 31
46 3
46 6
46 8
46 11
46 15
46 17
46 22
46 23
46 26
46 30
46 32
46 34
46 35
46 40
46 45
46 46
46 49
46 58
46 70
46 73
46 82
46 83
47 0
47 34
47 3
47 68
47 40
47 41
47 45
47 22
47 58
49 2
49 7
49 9
49 12
49 18
49 22
49 23
49 31
49 32
49 34
49 35
49 36
49 37
49 41
49 42
49 49
49 55
49 56
49 58
49 62
49 68
49 70
49 73
49 78
49 85
51 34
51 3
52 1
52 6
52 9
52 11
52 15
52 17
52 18
52 22
52 23
52 26
52 27
52 30
52 31
52 35
52 36
52 37
52 40
52 41
52 42
52 43
52 44
52 45
52 48
52 49
52 55
52 56
52 58
52 82
52 85
53 32
53 3
53 68
53 86
53 70
53 49
53 40
53 44
53 42
53 12
53 46
53 80
53 17
53 85
53 22
53 55
53 81
53 74
53 30
53 31
54 58
55 2
55 3
55 7
55 9
55 15
55 17
55 22
55 23
55 26
55 31
55 34
55 35
55 41
55 42
55 46
55 49
55 55
55 56
55 68
55 74
55 78
55 81
55 83
55 85
56 35
56 7
56 73
56 74
56 11
56 15
56 48
56 17
56 85
56 23
56 55
56 58
56 42
57 1
57 2
57 9
57 15
57 17
57 18
57 22
57 23
57 26
57 27
57 30
57 31
57 37
57 40
57 42
57 43
57 44
57 45
57 48
57 49
57 56
57 58
57 68
57 70
57 73
57 78
59 12
59 42
59 43
59 68
59 23
61 0
61 3
61 7
61 9
61 11
61 17
61 18
61 22
61 26
61 31
61 34
61 35
61 37
61 41
61 42
61 43
61 45
61 48
61 49
61 55
61 56
61 68
61 73
61 80
61 81
61 83
62 0
62 3
62 7
62 9
62 11
62 15
62 16
62 28
62 29
62 30
62 35
62 37
62 44
62 45
62 46
62 49
62 55
62 56
62 58
62 62
62 73
62 78
62 81
62 83
63 2
63 3
63 68
63 37
63 6
63 40
63 9
63 74
63 55
63 34
63 15
63 49
63 35
63 22
63 23
63 56
63 83
63 26
63 70
63 58
65 1
65 2
65 6
65 11
65 15
65 16
65 18
65 23
65 26
65 27
65 30
65 31
65 34
65 35
65 36
65 42
65 43
65 44
65 45
65 55
65 56
65 74
65 81
65 83
66 0
66 1
66 35
66 36
66 70
66 6
66 49
66 9
66 11
66 44
66 78
66 15
66 48
66 17
66 55
66 56
66 68
66 58
66 27
66 31
68 0
68 3
68 6
68 12
68 17
68 22
68 29
68 30
68 31
68 32
68 34
68 35
68 36
68 37
68 40
68 43
68 46
68 56
68 68
68 70
68 78
68 81
68 85
71 3
71 8
71 9
71 12
71 15
71 18
71 23
71 26
71 27
71 31
71 34
71 36
71 40
71 41
71 42
71 43
71 45
71 48
71 56
71 58
71 60
71 68
71 70
71 73
71 74
71 85
72 34
72 70
72 6
72 9
72 74
72 46
72 48
72 82
72 41
75 2
75 3
75 6
75 7
75 8
75 9
75 11
75 15
75 16
75 31
75 32
75 34
75 36
75 40
75 42
75 43
75 44
75 45
75 48
75 49
75 55
75 58
75 68
75 70
75 78
75 83
76 0
76 1
76 2
76 6
76 7
76 8
76 11
76 17
76 18
76 28
76 30
76 34
76 35
76 36
76 37
76 42
76 45
76 46
76 48
76 49
76 55
76 58
76 79
76 80
76 83
76 85
82 0
82 3
82 6
82 7
82 9
82 11
82 12
82 15
82 16
82 22
82 23
82 26
82 27
82 31
82 34
82 35
82 36
82 42
82 43
82 44
82 45
82 46
82 49
82 56
82 58
82 78
82 83
83 8
83 9
83 43
83 70
83 31
86 0
86 32
86 2
86 3
86 70
86 6
86 81
86 9
86 11
86 12
86 78
86 44
86 48
86 43
86 83
86 41
86 23
86 55
86 58
87 3
87 6
87 8
87 9
87 12
87 15
87 16
87 17
87 18
87 23
87 27
87 29
87 31
87 35
87 36
87 40
87 41
87 44
87 45
87 48
87 68
87 82
87 83
87 85
