88
0 37
0 43
0 76
0 77
0 46
0 45
0 48
0 82
0 83
0 57
0 30
1 0
1 32
1 69
1 38
1 39
1 42
1 44
1 45
1 46
1 80
1 17
1 82
1 51
1 87
1 26
1 27
1 60
2 0
2 32
2 43
2 37
2 6
2 33
2 44
2 39
2 12
2 45
2 46
2 80
2 82
2 51
2 73
2 55
2 38
2 60
2 61
2 69
2 31
3 0
3 4
3 6
3 11
3 17
3 26
3 28
3 30
3 38
3 39
3 42
3 44
3 48
3 49
3 51
3 60
3 61
3 69
3 80
3 82
3 83
3 87
4 0
4 83
4 35
4 6
4 38
4 49
4 42
4 11
4 76
4 43
4 82
4 51
4 55
4 27
4 61
4 69
5 4
5 49
5 44
5 17
5 82
5 21
5 26
5 61
5 30
6 6
6 76
6 42
6 11
6 44
6 45
6 47
6 49
6 82
6 51
6 23
6 55
6 30
6 31
7 0
7 32
7 34
7 4
7 42
7 11
7 76
7 45
7 48
7 49
7 51
7 87
7 83
7 57
7 26
7 27
7 60
7 63
9 1
9 35
9 4
9 37
9 76
9 42
9 12
9 45
9 77
9 80
9 82
9 51
9 87
9 27
9 61
9 31
10 0
10 38
10 42
10 43
10 46
10 31
11 0
11 1
11 34
11 33
11 42
11 44
11 82
11 83
11 26
11 27
11 28
11 30
11 63
12 35
12 42
12 12
12 45
12 23
12 57
12 60
12 61
12 30
14 33
14 45
15 0
15 83
15 35
15 38
15 6
15 39
15 44
15 11
15 12
15 77
15 43
15 51
15 73
15 55
15 57
15 26
15 60
15 69
15 63
16 32
16 69
16 38
16 39
16 44
16 12
16 45
16 82
16 55
16 30
17 32
17 4
17 69
17 42
17 12
17 82
17 83
17 37
19 4
19 44
19 42
19 76
19 55
19 60
19 30
20 0
20 51
20 21
20 46
21 32
21 34
21 35
21 4
21 37
21 6
21 44
21 42
21 11
21 12
21 47
21 83
21 21
21 55
21 87
21 27
21 60
21 61
24 0
24 11
24 61
24 63
25 27
25 34
25 83
25 69
29 38
29 39
29 73
29 44
29 47
29 83
29 87
29 26
30 35
30 69
30 42
30 11
30 45
30 82
30 83
31 35
31 38
31 39
31 45
31 82
31 61
31 30
32 0
32 32
32 6
32 39
32 42
32 23
32 49
32 51
32 21
32 87
32 55
32 27
32 57
32 31
33 87
33 6
33 38
33 42
33 11
33 44
33 45
33 46
33 77
33 80
33 82
33 51
33 21
33 55
33 26
33 27
34 1
34 34
34 51
34 73
34 45
34 77
34 49
34 83
34 47
35 0
35 1
35 38
35 73
35 80
35 82
35 55
36 32
36 37
36 38
36 42
36 11
36 49
36 55
36 57
36 63
37 51
37 6
37 73
37 43
37 47
37 83
37 23
37 57
37 30
38 33
38 4
38 42
38 80
38 82
38 51
38 55
38 26
38 60
38 30
38 31
39 0
39 39
39 44
39 46
39 87
39 26
39 63
40 0
40 32
40 38
40 33
40 73
40 42
40 11
40 44
40 48
40 82
40 57
40 21
40 55
40 39
40 26
40 28
41 1
41 6
41 33
41 39
41 76
41 45
41 46
41 77
41 49
41 51
41 55
41 57
41 26
41 28
41 61
41 30
44 42
44 43
44 12
44 49
44 55
44 26
46 0
46 1
46 4
46 39
46 44
46 12
46 45
46 77
46 76
46 83
46 21
46 57
46 26
46 27
46 61
46 63
47 80
47 27
47 51
47 45
47 61
50 0
50 42
50 12
50 45
50 17
50 82
51 0
51 39
51 42
51 49
51 51
51 60
52 32
52 1
52 6
52 44
52 42
52 43
52 12
52 47
52 76
52 49
52 73
52 57
52 26
52 28
52 60
53 34
53 6
53 42
53 11
53 48
53 82
53 51
53 27
53 63
54 0
54 1
54 69
54 38
54 43
54 44
54 45
54 82
54 51
54 23
54 55
54 30
54 31
56 34
56 4
56 49
56 38
56 39
56 73
56 42
56 11
56 44
56 77
56 46
56 17
56 82
56 57
56 23
56 55
56 27
56 30
57 33
57 39
57 73
57 42
57 55
57 76
57 46
57 44
57 80
57 82
57 83
57 87
57 57
57 26
58 35
58 38
58 39
58 11
58 44
58 48
58 43
58 51
58 87
58 55
58 57
58 26
58 27
58 60
58 63
59 80
59 34
59 77
59 49
59 44
59 42
59 12
59 45
59 46
59 60
59 76
59 17
59 82
59 83
59 21
59 28
59 61
59 63
61 32
61 51
61 34
61 35
61 39
61 73
61 11
61 12
61 45
61 44
61 83
61 55
61 61
61 31
62 35
62 4
62 37
62 6
62 39
62 63
62 42
62 76
62 77
62 48
62 17
62 82
62 83
62 87
62 26
62 27
62 69
62 31
63 0
63 69
63 76
63 43
63 12
63 45
63 77
63 80
63 82
63 51
63 87
63 26
63 27
63 60
63 61
63 30
63 31
64 0
64 1
64 38
64 33
64 60
64 42
64 12
64 45
64 77
64 47
64 17
64 82
64 83
64 55
64 63
64 28
64 31
65 0
65 1
65 43
65 49
65 39
65 44
65 42
65 11
65 12
65 17
65 82
65 21
65 55
65 57
65 28
65 61
65 30
65 69
66 0
66 33
66 34
66 4
66 38
66 6
66 73
66 55
66 44
66 47
66 80
66 82
66 83
66 21
66 23
66 57
66 87
66 60
67 0
67 43
67 37
67 6
67 73
67 42
67 11
67 12
67 45
67 48
67 49
67 82
67 21
67 87
67 55
67 26
67 28
67 61
67 30
68 1
68 34
68 43
68 63
68 42
68 11
68 44
68 77
68 47
68 76
68 49
68 87
68 55
68 26
68 27
68 31
70 0
70 37
70 38
70 73
70 43
70 44
70 45
70 77
70 47
70 76
70 82
70 51
70 55
70 57
70 26
70 30
70 69
71 0
71 32
71 83
71 43
71 4
71 37
71 6
71 33
71 42
71 11
71 17
71 82
71 51
71 57
71 55
71 39
71 49
71 38
71 28
71 30
72 0
72 1
72 37
72 38
72 33
72 80
72 73
72 42
72 76
72 45
72 48
72 17
72 82
72 83
72 87
72 26
72 30
73 0
73 37
73 38
73 60
73 42
73 11
73 12
73 80
73 82
73 51
73 69
73 21
73 23
73 55
73 27
73 28
73 30
73 63
74 0
74 1
74 83
74 43
74 37
74 6
74 39
74 11
74 45
74 46
74 77
74 48
74 49
74 82
74 51
74 21
74 55
74 26
74 27
74 69
75 0
75 83
75 4
75 38
75 39
75 76
75 42
75 43
75 44
75 45
75 47
75 17
75 51
75 55
75 87
75 27
75 28
75 61
76 1
76 34
76 39
76 73
76 42
76 11
76 44
76 77
76 80
76 17
76 23
76 55
76 27
76 60
76 30
76 31
77 38
77 42
77 11
77 45
77 57
77 31
78 80
78 83
78 43
78 4
78 69
78 39
78 73
78 11
78 12
78 46
78 76
78 49
78 51
78 55
78 57
78 26
78 27
78 28
78 61
78 30
78 31
79 34
79 35
79 49
79 73
79 11
79 46
79 47
79 80
79 43
79 82
79 51
79 23
79 55
79 27
79 61
79 30
84 1
84 37
84 38
84 73
84 43
84 44
84 80
84 17
84 82
84 83
84 27
84 60
84 61
84 30
85 32
85 37
85 38
85 39
85 76
85 45
85 30
86 32
86 1
86 61
86 6
86 39
86 73
86 42
86 43
86 45
86 15
86 17
86 82
86 51
86 57
86 23
86 55
86 87
86 47
86 28
86 29
86 31
87 6
87 44
87 48
87 55
87 26
87 27
87 31
