88
0 68
0 69
0 70
0 71
0 73
0 10
0 44
0 81
0 49
1 35
1 4
1 69
1 81
1 40
1 9
1 43
1 13
1 45
1 80
1 59
1 18
1 19
1 52
1 73
1 72
1 58
1 27
1 63
3 4
3 5
3 71
3 72
3 9
3 10
3 44
3 13
3 45
3 81
3 18
3 83
3 73
3 68
3 27
3 69
4 33
4 27
4 45
4 13
6 80
6 81
6 2
6 69
7 33
7 59
7 5
7 70
7 71
7 40
7 73
7 43
7 13
7 80
7 49
7 52
7 55
7 72
7 27
8 59
8 4
8 5
8 71
8 72
8 9
8 10
8 44
8 79
8 80
8 18
8 83
8 58
8 27
8 69
8 63
9 33
9 69
9 72
9 9
9 55
9 79
9 48
9 81
9 40
10 5
10 9
10 45
10 81
10 83
10 73
10 56
10 58
10 63
11 70
11 40
11 73
11 10
11 45
11 79
11 80
11 81
11 18
11 55
11 58
11 27
12 83
12 4
12 5
12 70
12 71
12 72
12 9
12 43
12 45
12 79
12 49
12 18
12 19
12 73
12 55
12 58
12 69
14 2
14 4
14 5
14 70
14 72
14 9
14 10
14 44
14 34
14 45
14 81
14 53
14 73
14 68
14 58
14 27
14 63
15 33
15 34
15 5
15 40
15 73
15 2
15 45
15 80
15 81
15 19
15 52
15 55
15 58
15 79
15 69
16 34
19 73
19 77
19 63
20 4
20 5
20 70
20 72
20 73
20 44
20 45
20 83
20 52
20 55
20 9
20 63
21 71
21 73
21 10
21 43
21 44
21 81
21 19
21 56
21 58
21 63
22 33
22 2
22 5
22 70
22 81
22 40
22 9
22 10
22 34
22 80
22 72
22 18
22 19
22 52
22 73
22 58
22 63
23 2
23 34
23 4
23 5
23 70
23 71
23 40
23 9
23 10
23 43
23 13
23 80
23 35
23 56
23 58
24 34
24 4
24 5
24 73
24 77
24 18
25 33
25 34
25 5
25 70
25 72
25 9
25 80
25 52
25 73
25 55
25 58
25 63
28 33
28 4
28 69
28 70
28 72
28 10
28 44
28 45
28 80
28 18
28 19
29 4
29 69
29 81
29 40
29 9
29 10
29 45
29 77
29 80
29 49
29 18
29 83
29 73
29 72
29 58
29 79
29 63
30 34
30 4
30 70
30 71
30 40
30 73
30 45
30 79
30 80
30 49
30 19
30 55
30 56
30 68
30 58
30 27
30 72
30 63
31 83
31 5
31 70
31 72
31 9
31 80
31 19
31 56
31 58
32 33
32 68
32 69
32 70
32 13
32 80
32 56
32 63
33 4
33 5
33 70
33 72
33 9
33 10
33 13
33 79
33 80
33 49
33 58
33 63
34 2
34 4
34 5
34 72
34 73
34 13
34 79
34 80
34 40
34 19
34 55
34 58
34 59
34 63
35 34
35 35
35 4
35 5
35 70
35 72
35 44
35 2
35 45
35 48
35 81
35 19
35 52
35 85
35 56
35 63
36 34
36 59
36 4
36 71
36 72
36 9
36 43
36 45
36 80
36 81
36 18
36 19
36 55
36 83
36 68
36 27
36 63
37 34
37 4
37 5
37 70
37 71
37 73
37 10
37 13
37 77
37 45
37 18
37 52
37 55
37 68
37 69
37 63
38 2
38 68
38 72
38 73
38 10
38 44
38 34
38 81
38 18
38 55
38 58
38 59
38 63
39 33
39 34
39 4
39 5
39 70
39 81
39 40
39 9
39 43
39 44
39 45
39 79
39 80
39 72
39 19
39 83
39 58
39 69
40 80
41 33
41 34
41 35
41 4
41 71
41 72
41 73
41 10
41 44
41 80
41 81
41 19
41 21
41 56
41 58
42 2
42 71
42 72
42 9
42 34
42 45
42 81
42 83
42 40
42 55
42 58
42 63
44 33
44 4
44 5
44 70
44 71
44 72
44 73
44 43
44 44
44 79
44 80
44 40
44 27
44 63
45 80
45 81
45 18
45 44
45 5
46 2
46 70
46 71
46 72
46 73
46 10
46 44
46 45
46 80
46 81
46 19
46 40
46 58
47 33
47 35
47 4
47 5
47 81
47 72
47 9
47 10
47 45
47 48
47 49
47 18
47 21
47 58
47 59
49 34
49 68
49 69
49 70
49 73
49 10
49 77
49 79
49 80
49 55
49 58
49 59
51 33
51 35
51 4
51 70
51 79
51 43
51 44
51 13
51 77
51 81
51 55
51 56
51 25
51 59
51 63
52 33
52 9
52 5
52 45
54 34
54 35
54 5
54 40
54 73
54 79
54 81
54 19
54 52
54 55
54 9
54 27
54 63
55 33
55 4
55 5
55 45
55 13
55 81
55 52
55 55
57 33
57 5
57 70
57 40
57 73
57 10
57 44
57 45
57 79
57 72
57 18
57 19
57 52
57 55
57 27
57 69
57 63
58 2
58 70
58 40
58 34
58 13
58 48
58 56
58 58
58 63
60 33
60 34
60 35
60 5
60 71
60 40
60 9
60 45
60 79
60 80
60 49
60 19
60 52
60 73
60 27
60 69
60 63
61 2
61 68
61 5
61 81
61 9
61 44
61 13
61 49
61 18
61 19
61 52
61 55
61 25
61 58
61 59
62 33
62 34
62 4
62 70
62 40
62 9
62 13
62 45
62 80
62 81
62 18
62 21
62 73
62 55
62 59
63 33
63 2
63 35
63 4
63 69
63 70
63 71
63 40
63 81
63 18
63 83
64 79
64 34
64 4
64 5
64 72
64 73
64 10
64 45
64 77
64 48
64 81
64 19
64 55
64 68
64 58
64 59
64 69
64 63
65 2
65 35
65 40
65 9
65 79
65 13
65 45
65 18
65 83
65 73
65 55
65 56
65 58
65 27
65 63
66 34
66 35
66 4
66 5
66 72
66 73
66 10
66 80
66 18
66 19
66 55
66 58
66 63
66 69
67 2
67 35
67 5
67 70
67 72
67 43
67 45
67 79
67 40
67 27
68 33
68 2
68 4
68 5
68 70
68 9
68 83
68 44
68 34
68 79
68 80
68 18
68 19
68 52
68 53
68 55
68 69
68 63
69 33
69 2
69 70
69 71
69 72
69 9
69 55
69 13
69 80
69 73
69 58
69 59
70 9
70 2
70 19
70 5
71 2
71 68
71 70
71 71
71 40
71 9
71 10
71 43
71 44
71 45
71 80
71 49
71 18
71 52
71 55
71 58
71 63
72 69
72 40
72 9
72 10
72 44
72 45
72 27
73 33
73 70
73 72
73 9
73 80
73 49
73 53
73 55
74 2
74 35
74 4
74 5
74 72
74 10
74 79
74 49
74 18
74 19
74 55
75 68
75 5
75 70
75 71
75 72
75 73
75 77
75 45
75 80
75 40
75 21
75 63
76 33
76 35
76 4
76 5
76 70
76 71
76 40
76 9
76 43
76 45
76 79
76 80
76 49
76 18
76 73
76 25
76 63
77 33
77 5
77 70
77 72
77 73
77 13
77 79
77 48
77 55
77 58
78 33
78 2
78 35
78 4
78 5
78 70
78 9
78 10
78 79
78 80
78 81
78 19
78 52
78 58
79 40
79 33
79 58
79 44
79 79
80 5
80 71
80 44
80 77
80 81
80 18
80 19
80 55
80 63
83 35
83 69
83 70
83 71
83 72
83 9
83 44
83 45
83 79
83 80
83 81
83 83
83 58
83 27
84 33
84 2
84 4
84 71
84 73
84 10
84 43
84 44
84 45
84 80
84 19
84 52
84 58
84 59
85 45
85 68
85 10
85 43
85 77
85 13
85 19
85 55
85 56
85 25
85 59
86 33
86 2
86 35
86 72
86 9
86 10
86 13
86 81
86 18
86 52
86 55
86 56
86 63
87 33
87 4
87 9
87 45
87 79
87 49
87 18
87 55
87 56
