88
0 0
0 1
0 3
0 4
0 69
0 38
0 65
0 40
0 41
0 74
0 75
0 64
0 16
0 17
0 80
0 78
0 22
0 26
0 27
0 60
1 0
1 1
1 3
1 4
1 38
1 40
1 41
1 42
1 75
1 64
1 80
1 17
1 52
1 22
1 56
1 24
1 72
1 26
1 60
1 74
1 31
5 0
5 1
5 3
5 4
5 69
5 38
5 80
5 40
5 41
5 42
5 75
5 64
5 16
5 72
5 78
5 22
5 56
5 26
5 60
5 31
6 0
6 1
6 3
6 69
6 64
6 41
6 80
6 17
6 52
6 22
6 40
6 72
6 26
7 3
7 38
7 40
7 41
7 80
7 52
7 56
7 26
7 60
8 0
8 3
8 4
8 38
8 40
8 42
8 75
8 80
8 22
8 56
8 60
8 31
9 64
9 0
9 3
9 38
9 1
9 40
9 41
9 42
9 75
9 16
9 22
9 56
9 26
10 0
10 3
10 4
10 40
10 42
10 22
10 60
11 0
11 3
11 4
11 75
11 80
11 17
11 22
11 60
12 1
12 52
12 22
13 0
13 1
13 3
13 4
13 69
13 38
13 80
13 40
13 41
13 42
13 75
13 70
13 78
13 16
13 72
13 22
13 56
13 63
13 60
13 74
13 31
14 40
14 56
14 26
15 0
15 64
15 3
15 4
15 38
15 80
15 40
15 41
15 42
15 78
15 16
15 56
15 52
15 22
15 24
15 72
15 26
15 27
15 60
15 74
15 31
17 64
17 65
17 3
17 4
17 69
17 38
17 80
17 40
17 73
17 42
17 75
17 78
17 16
17 17
17 22
17 56
17 24
17 26
17 60
17 74
17 31
19 0
19 1
19 3
19 4
19 69
19 38
19 80
19 64
19 41
19 42
19 75
19 78
19 16
19 72
19 52
19 22
19 56
19 26
19 27
19 74
19 31
20 0
20 1
20 3
20 4
20 38
20 40
20 64
20 42
20 75
20 78
20 80
20 52
20 56
20 26
20 27
20 60
20 63
21 0
21 64
21 3
21 4
21 69
21 38
21 40
21 41
21 42
21 75
21 80
21 16
21 17
21 83
21 56
21 24
21 72
21 26
21 60
21 74
21 31
23 0
23 64
23 74
23 4
23 69
23 38
23 65
23 80
23 42
23 78
23 16
23 17
23 52
23 22
23 56
23 24
23 26
23 27
23 60
23 61
23 31
28 0
28 64
28 3
28 4
28 69
28 40
28 41
28 42
28 75
28 16
28 56
28 52
28 22
28 73
28 24
28 25
28 26
28 60
29 80
29 56
29 26
30 56
30 74
30 38
31 64
31 65
31 3
31 4
31 69
31 38
31 40
31 74
31 78
31 80
31 56
31 52
31 22
31 24
31 25
31 26
31 60
31 31
32 0
32 64
32 3
32 4
32 69
32 38
32 40
32 41
32 42
32 78
32 80
32 17
32 52
32 22
32 56
32 24
32 72
32 26
32 60
32 74
32 31
33 0
33 1
33 3
33 4
33 16
33 22
33 25
33 26
33 27
33 31
33 40
33 42
33 52
33 56
33 60
33 64
33 65
33 69
33 72
33 75
33 78
33 80
33 83
34 0
34 1
34 69
34 38
34 40
34 80
34 42
34 75
34 16
34 22
34 25
34 26
34 63
34 60
34 74
34 31
35 0
35 64
35 3
35 69
35 38
35 80
35 40
35 41
35 42
35 75
35 63
35 16
35 56
35 52
35 78
35 22
35 24
35 26
35 27
35 74
35 31
36 0
36 64
36 3
36 4
36 69
36 38
36 40
36 41
36 75
36 78
36 80
36 17
36 83
36 52
36 22
36 56
36 25
36 26
36 27
36 60
36 72
37 0
37 1
37 3
37 16
37 22
37 25
37 26
37 31
37 38
37 40
37 41
37 42
37 52
37 56
37 60
37 61
37 64
37 65
37 69
37 75
37 78
37 80
39 0
39 1
39 3
39 4
39 69
39 38
39 40
39 41
39 42
39 75
39 78
39 80
39 72
39 52
39 56
39 26
39 60
39 74
39 31
42 0
42 1
42 3
42 4
42 69
42 38
42 65
42 40
42 80
42 42
42 75
42 16
42 17
42 83
42 22
42 56
42 26
42 27
42 60
42 31
43 0
43 1
43 3
43 4
43 69
43 40
43 41
43 42
43 75
43 64
43 80
43 17
43 56
43 24
43 26
43 27
43 60
43 74
43 31
45 0
45 64
45 3
45 4
45 69
45 38
45 65
45 40
45 42
45 75
45 78
45 80
45 17
45 52
45 56
45 25
45 26
45 60
45 74
45 72
45 31
46 0
46 1
46 3
46 80
46 70
46 38
46 65
46 72
46 41
46 74
46 75
46 78
46 16
46 56
46 52
46 22
46 24
46 25
46 26
46 60
46 31
47 0
47 1
47 3
47 4
47 69
47 38
47 40
47 41
47 42
47 75
47 64
47 80
47 17
47 52
47 78
47 56
47 72
47 26
47 60
47 74
48 0
48 1
48 3
48 4
48 69
48 64
48 80
48 42
48 75
48 16
48 52
48 22
48 56
48 26
48 60
48 31
49 0
49 1
49 40
49 80
49 42
49 16
49 60
50 0
50 1
50 3
50 4
50 69
50 38
50 40
50 80
50 42
50 16
50 17
50 83
50 52
50 22
50 56
50 24
50 26
50 63
50 60
50 74
50 31
51 0
51 1
51 3
51 4
51 16
51 17
51 22
51 25
51 26
51 27
51 31
51 38
51 40
51 41
51 42
51 52
51 60
51 64
51 65
51 69
51 72
51 74
51 78
51 80
55 0
55 1
55 3
55 69
55 40
55 41
55 42
55 75
55 64
55 22
55 56
55 26
55 60
55 74
55 31
58 0
58 1
58 3
58 4
58 69
58 38
58 40
58 64
58 75
58 80
58 16
58 17
58 52
58 22
58 56
58 25
58 60
58 31
62 0
62 1
62 3
62 4
62 16
62 22
62 26
62 27
62 38
62 40
62 41
62 42
62 52
62 56
62 60
62 61
62 63
62 69
62 74
62 75
62 78
62 80
66 0
66 1
66 3
66 4
66 38
66 80
66 40
66 64
66 42
66 78
66 16
66 72
66 22
66 25
66 26
66 27
66 60
66 31
67 0
67 1
67 3
67 69
67 80
67 40
67 41
67 74
67 75
67 64
67 16
67 17
67 83
67 52
67 78
67 22
67 56
67 24
67 72
67 26
67 60
68 64
68 1
68 3
68 4
68 69
68 38
68 80
68 41
68 42
68 75
68 70
68 78
68 16
68 22
68 56
68 25
68 26
68 27
68 60
68 74
68 31
76 0
76 64
76 4
76 69
76 38
76 40
76 41
76 42
76 75
76 78
76 80
76 17
76 52
76 22
76 56
76 25
76 26
76 27
76 60
76 74
76 31
77 0
77 1
77 3
77 4
77 16
77 17
77 22
77 24
77 26
77 27
77 31
77 38
77 40
77 41
77 42
77 52
77 56
77 60
77 64
77 65
77 69
77 78
77 80
77 83
81 0
81 3
81 4
81 16
81 17
81 22
81 24
81 26
81 27
81 31
81 40
81 41
81 42
81 52
81 56
81 60
81 64
81 69
81 73
81 74
81 75
81 80
82 0
82 1
82 3
82 4
82 69
82 38
82 65
82 40
82 41
82 42
82 78
82 16
82 56
82 22
82 24
82 25
82 26
82 27
82 60
82 74
82 31
84 64
84 1
84 69
84 38
84 40
84 42
84 26
85 80
85 74
85 38
86 0
86 64
86 3
86 69
86 38
86 40
86 41
86 42
86 75
86 78
86 80
86 17
86 52
86 22
86 56
86 25
86 26
86 60
86 74
86 31
87 0
87 64
87 3
87 4
87 69
87 38
87 65
87 40
87 42
87 16
87 17
87 52
87 22
87 56
87 24
87 25
87 26
87 60
87 74
87 72
87 31
