88
0 5
0 17
0 8
0 12
0 13
0 14
0 45
0 81
0 20
0 85
0 40
0 58
1 1
1 5
1 17
1 8
1 42
1 12
1 13
1 14
1 45
1 81
1 82
1 83
1 85
1 40
2 1
2 5
2 42
2 13
2 17
2 20
2 85
3 1
3 5
3 40
3 73
3 42
3 12
3 45
3 13
3 17
3 82
3 20
3 85
3 25
3 29
4 1
4 40
4 73
4 42
4 13
4 14
4 82
4 20
4 25
5 1
5 5
5 12
5 45
5 14
5 13
5 20
5 85
6 1
6 17
6 8
6 73
6 42
6 13
6 14
6 45
6 48
6 81
6 82
6 20
6 85
6 40
6 25
6 58
9 1
9 5
9 17
9 40
9 42
9 12
9 13
9 14
9 45
9 81
9 20
9 85
9 8
9 25
10 1
10 5
10 8
10 73
10 42
10 12
10 45
10 14
10 13
10 48
10 17
10 82
10 20
10 85
10 25
13 1
13 5
13 40
13 73
13 12
13 13
13 14
13 17
13 20
13 85
13 25
19 1
19 5
19 81
19 8
19 73
19 42
19 12
19 13
19 14
19 45
19 17
19 20
19 85
19 40
19 25
19 58
20 1
20 5
20 40
20 73
20 42
20 13
20 14
20 17
20 82
20 20
20 85
20 25
20 58
21 1
21 5
21 8
21 42
21 12
21 45
21 48
21 17
21 82
21 20
21 85
21 40
21 25
21 58
22 1
22 5
22 8
22 73
22 42
22 12
22 14
22 48
22 17
22 83
22 20
22 85
22 40
22 25
22 58
23 1
23 5
23 17
23 8
23 42
23 12
23 13
23 14
23 45
23 48
23 81
23 20
23 85
23 40
23 25
23 58
24 5
24 8
24 73
24 42
24 12
24 13
24 14
24 45
24 17
24 82
24 25
25 1
25 5
25 17
25 8
25 42
25 12
25 13
25 14
25 45
25 81
25 82
25 85
25 40
26 1
26 5
26 8
26 73
26 42
26 12
26 13
26 45
26 17
26 82
26 20
26 85
26 25
26 58
27 1
27 40
27 13
27 8
27 20
27 85
27 58
28 1
28 25
28 14
28 17
29 1
29 5
29 42
29 12
29 13
29 14
29 17
30 1
30 5
30 81
30 8
30 73
30 42
30 12
30 45
30 14
30 48
30 17
30 82
30 83
30 20
30 85
30 40
31 1
31 5
31 8
31 73
31 42
31 13
31 14
31 45
31 48
31 17
31 82
31 85
31 25
31 58
32 1
32 5
32 8
32 73
32 12
32 14
32 17
32 82
32 83
32 20
32 85
32 25
32 58
33 17
33 42
33 20
33 45
34 5
34 17
34 73
34 42
34 81
34 85
34 25
35 5
35 17
35 8
35 73
35 42
35 12
35 45
35 14
35 13
35 48
35 81
35 82
35 20
35 85
35 25
35 58
36 1
36 5
36 8
36 42
36 45
36 14
36 13
36 17
36 20
36 85
36 40
36 25
37 1
37 5
37 8
37 12
37 45
37 14
37 17
37 20
37 85
37 40
37 25
38 1
38 73
38 42
38 13
38 17
38 82
38 85
39 17
39 58
39 25
40 5
40 8
40 73
40 12
40 45
40 14
40 48
40 17
40 82
40 20
40 58
41 1
41 5
41 40
41 73
41 42
41 12
41 13
41 45
41 48
41 17
41 82
41 83
41 20
41 85
41 25
43 1
43 5
43 8
43 42
43 12
43 17
43 25
44 1
44 5
44 8
44 73
44 42
44 45
44 14
44 17
44 82
44 20
44 85
44 40
44 25
44 58
45 1
45 5
45 40
45 42
45 12
45 82
45 20
46 1
46 5
46 8
46 73
46 42
46 12
46 45
46 14
46 48
46 17
46 82
46 20
46 40
46 25
46 58
47 1
47 5
47 8
47 73
47 12
47 45
47 13
47 20
47 85
47 25
48 1
48 5
48 40
48 73
48 42
48 12
48 13
48 14
48 45
48 17
48 82
48 83
48 20
48 85
48 58
49 1
49 5
49 17
49 40
49 73
49 42
49 12
49 45
49 14
49 13
49 81
49 82
49 20
49 8
49 25
49 58
50 5
50 40
50 73
50 42
50 12
50 13
50 14
50 48
50 17
50 83
50 20
50 85
50 8
50 25
50 58
51 1
51 5
51 73
51 42
51 12
51 14
51 82
51 20
51 25
52 1
52 5
52 8
52 73
52 42
52 13
52 14
52 45
52 48
52 17
52 82
52 20
52 85
52 40
52 25
52 58
53 1
53 5
53 40
53 12
53 13
53 17
53 82
53 20
53 25
54 5
54 42
54 12
54 45
54 14
54 81
54 85
55 1
55 5
55 8
55 13
55 14
55 48
55 17
55 82
55 20
55 85
55 25
55 58
56 1
56 5
56 8
56 73
56 42
56 12
56 13
56 14
56 45
56 17
56 83
56 20
56 85
56 40
56 58
57 1
57 5
57 8
57 73
57 42
57 12
57 13
57 14
57 45
57 48
57 17
57 82
57 20
57 85
57 40
57 25
59 1
59 5
59 17
59 8
59 42
59 12
59 45
59 14
59 13
59 81
59 82
59 20
59 85
59 40
59 25
60 1
60 5
60 8
60 73
60 42
60 12
60 45
60 15
60 48
60 17
60 82
60 20
60 40
60 25
60 58
61 40
61 1
61 5
61 85
61 45
62 1
62 5
62 81
62 73
62 42
62 13
62 14
62 45
62 48
62 17
62 82
62 20
62 85
62 25
62 58
63 1
63 5
63 40
63 73
63 42
63 12
63 13
63 14
63 45
63 81
63 82
63 20
63 25
63 58
64 5
64 81
64 40
64 73
64 42
64 13
64 14
64 45
64 17
64 82
64 20
64 85
64 25
64 58
65 1
65 8
65 42
65 12
65 45
65 14
65 25
66 1
66 5
66 42
66 45
66 13
66 17
66 82
67 1
67 40
67 42
67 12
67 14
67 17
67 20
68 1
68 17
68 40
68 73
68 12
68 45
68 14
68 13
68 48
68 81
68 82
68 83
68 20
68 85
68 25
68 58
69 1
69 17
69 40
69 73
69 12
69 13
69 14
69 45
69 81
69 82
69 20
69 85
69 8
69 58
70 5
70 17
70 8
70 73
70 42
70 12
70 13
70 14
70 45
70 81
70 82
70 20
70 85
70 40
70 25
71 1
71 5
71 81
71 8
71 42
71 12
71 13
71 45
71 17
71 82
71 20
71 85
71 40
71 25
71 58
71 29
72 1
72 5
72 8
72 73
72 42
72 12
72 13
72 14
72 45
72 40
72 82
72 85
72 25
72 58
74 5
74 73
74 42
74 12
74 17
74 85
74 25
75 8
75 12
76 1
76 73
76 12
76 13
76 14
76 45
76 58
77 1
77 8
77 73
77 13
77 14
77 17
77 83
77 20
77 85
77 40
77 25
77 58
78 5
78 40
78 73
78 12
78 45
78 81
78 82
78 20
78 85
78 25
79 1
79 42
79 12
79 5
79 17
80 1
80 5
80 17
80 8
80 73
80 42
80 12
80 45
80 14
80 81
80 82
80 40
80 25
80 58
81 1
81 5
81 8
81 73
81 12
81 45
81 13
81 17
81 82
81 85
81 40
81 25
82 1
82 5
82 8
82 73
82 42
82 45
82 17
82 82
82 20
82 85
82 25
82 58
83 1
83 5
83 17
83 8
83 42
83 12
83 13
83 14
83 45
83 81
83 82
83 20
83 25
83 58
84 1
84 5
84 81
84 8
84 73
84 42
84 12
84 45
84 14
84 17
84 82
84 20
84 85
84 58
85 1
85 5
85 8
85 73
85 12
85 45
85 13
85 48
85 17
85 20
85 85
85 40
85 58
86 8
86 73
86 42
86 17
86 82
86 85
86 40
86 25
87 1
87 5
87 8
87 73
87 42
87 12
87 45
87 14
87 17
87 82
87 20
87 85
87 40
87 25
