88
0 0
0 1
0 66
0 70
0 38
0 64
0 74
0 43
0 14
0 80
0 56
0 18
0 55
0 24
0 58
0 59
1 81
1 10
2 64
2 1
2 17
3 35
3 41
3 11
3 14
3 19
3 56
3 60
4 17
4 67
5 73
5 67
5 68
7 0
7 80
7 2
7 59
7 69
7 39
7 12
7 66
7 48
7 17
7 84
7 22
7 87
7 57
7 27
8 2
8 11
8 13
8 14
8 22
8 23
8 27
8 33
8 38
8 43
8 54
8 56
8 57
8 64
8 66
8 68
8 69
8 73
8 77
8 78
8 80
8 82
8 86
8 87
9 25
9 63
9 31
10 64
10 1
10 3
10 37
10 70
10 7
10 9
10 71
10 12
10 45
10 79
10 52
10 22
10 73
10 24
10 25
10 69
11 0
11 1
11 86
11 38
11 7
11 73
11 71
11 76
11 14
11 19
11 52
11 78
11 22
11 24
11 60
12 1
12 67
12 69
12 8
12 87
12 76
12 13
12 77
12 48
12 17
12 19
12 20
12 23
12 52
12 26
13 0
13 74
13 43
13 13
13 80
13 84
13 53
13 86
13 57
13 56
13 25
13 59
13 62
14 8
14 7
15 1
15 3
15 5
15 10
15 43
15 17
15 84
16 32
16 2
17 77
18 0
18 2
18 11
18 12
18 13
18 14
18 17
18 18
18 21
18 22
18 25
18 32
18 38
18 41
18 45
18 48
18 60
18 69
18 71
18 72
18 78
18 84
19 2
19 8
19 11
19 13
19 18
19 19
19 24
19 26
19 39
19 41
19 42
19 43
19 48
19 56
19 60
19 64
19 66
19 68
19 69
19 71
19 76
19 77
19 79
20 0
20 32
20 66
20 67
20 69
20 71
20 11
20 12
20 77
20 80
20 18
20 84
20 85
20 23
20 56
20 57
20 28
20 31
21 0
21 32
21 37
21 7
21 64
21 43
21 13
21 80
21 17
21 18
21 52
21 22
21 56
21 57
21 60
21 69
22 2
22 38
22 42
22 24
22 58
22 28
23 1
23 2
23 9
23 10
23 12
23 14
23 80
23 17
23 52
23 41
23 86
23 87
23 60
24 2
24 4
24 8
24 12
24 13
24 24
24 25
24 27
24 34
24 40
24 41
24 42
24 46
24 52
24 55
24 56
24 59
24 60
24 64
24 74
24 76
24 77
24 84
25 9
25 61
25 14
25 7
26 12
26 14
27 3
27 69
27 38
27 39
27 42
27 11
27 14
27 43
27 18
27 57
27 62
28 58
29 80
29 48
29 74
30 25
30 60
31 11
31 59
32 0
32 64
32 2
32 35
32 69
32 38
32 39
32 11
32 79
32 21
32 86
32 57
32 71
32 59
32 62
33 8
33 57
34 1
34 2
34 87
35 24
35 75
35 84
36 8
36 1
36 58
37 56
38 0
38 33
38 37
38 38
38 7
38 8
38 11
38 78
38 18
38 83
38 84
38 22
38 56
38 27
39 43
40 56
40 28
40 13
41 32
41 65
41 38
41 33
41 8
41 41
41 74
41 17
41 52
41 53
41 22
41 24
41 57
42 1
42 68
42 8
42 73
42 10
42 11
42 78
42 17
42 86
42 23
42 57
42 60
43 2
43 5
43 12
43 14
43 19
43 22
43 23
43 24
43 25
43 32
43 46
43 57
43 61
43 62
43 66
43 71
43 72
43 73
43 74
43 76
43 77
43 79
43 87
44 57
44 27
44 69
45 32
45 64
45 34
45 3
45 4
45 69
45 7
45 43
45 13
45 14
45 84
45 66
45 87
45 59
45 28
46 3
46 41
46 55
46 24
46 27
46 63
47 0
47 32
47 69
47 71
47 11
47 76
47 13
47 83
47 84
47 24
47 58
47 59
48 64
48 33
48 3
48 69
48 38
48 41
48 42
48 43
48 77
48 46
48 80
48 17
48 83
48 52
48 86
48 84
48 70
49 12
50 32
50 66
50 35
50 68
50 69
50 72
50 13
50 19
50 84
50 25
50 60
51 66
51 3
51 37
51 10
51 11
51 58
51 29
51 30
52 1
52 7
52 8
52 12
52 13
52 17
52 19
52 25
52 32
52 36
52 38
52 41
52 43
52 52
52 53
52 54
52 56
52 58
52 60
52 61
52 65
52 67
52 79
52 87
53 80
53 19
54 17
55 24
55 78
56 25
56 60
57 17
57 11
57 28
58 38
59 64
59 0
59 3
59 69
59 7
59 8
59 41
59 83
59 60
60 0
60 32
60 2
60 3
60 38
60 71
60 8
60 41
60 42
60 12
60 46
60 79
60 80
60 52
60 59
61 66
61 3
61 37
61 71
61 8
61 2
61 79
61 18
61 21
61 24
61 58
61 29
62 41
62 3
62 86
62 38
63 65
63 59
63 68
63 5
63 42
63 12
63 13
63 77
63 18
63 67
63 84
63 22
63 87
63 56
63 27
63 69
64 0
64 34
64 7
64 72
64 74
64 13
64 49
64 50
64 19
64 86
64 87
64 58
64 27
64 60
64 61
65 3
66 32
66 1
66 3
66 4
66 69
66 35
66 71
66 8
66 77
66 14
66 79
66 19
66 46
66 22
66 87
66 57
66 26
67 0
67 1
67 2
67 86
67 38
67 7
67 72
67 9
67 42
67 71
67 14
67 79
67 80
67 81
67 54
67 62
67 65
68 2
68 38
68 70
68 46
68 14
68 51
68 85
68 22
68 23
68 55
68 59
68 31
69 64
69 80
69 2
69 43
69 69
69 7
69 11
69 12
69 79
69 71
69 49
69 18
69 84
69 22
69 57
69 25
69 58
69 27
70 84
70 80
70 4
70 7
70 8
70 42
70 46
70 15
70 48
70 19
70 20
70 52
70 27
70 60
70 31
71 32
71 64
71 67
71 70
71 38
71 8
71 41
71 11
71 44
71 18
71 20
71 57
71 22
71 23
71 25
71 58
71 59
71 52
72 0
72 64
72 66
72 68
72 71
72 8
72 7
72 13
72 77
72 19
72 24
72 25
72 59
73 64
73 84
73 66
73 67
73 68
73 38
73 42
73 11
73 79
73 80
73 17
73 20
73 86
73 57
73 58
74 0
74 64
74 43
74 84
74 7
74 10
74 11
74 87
74 17
74 20
74 23
74 25
74 71
74 63
74 60
74 52
75 41
75 5
75 78
76 52
76 37
77 1
77 11
77 12
77 17
77 19
77 22
77 25
77 27
77 28
77 32
77 42
77 44
77 56
77 60
77 62
77 66
77 67
77 68
77 73
77 78
77 83
77 85
77 86
77 87
78 1
78 68
78 70
78 48
78 41
78 77
78 16
78 25
78 58
78 27
78 62
79 84
79 71
79 42
79 43
79 12
79 14
79 56
79 19
79 52
79 78
79 87
79 24
79 25
79 58
79 59
79 60
79 30
80 32
80 1
80 41
80 11
80 76
80 78
80 86
80 27
81 0
81 64
81 3
81 7
81 72
81 80
81 42
81 11
81 14
81 48
81 17
81 18
81 24
81 26
81 59
81 60
81 58
82 1
82 3
82 71
82 12
82 45
82 14
82 17
82 83
82 23
82 24
82 59
82 28
82 62
83 67
83 71
83 42
83 7
83 12
83 13
83 79
83 80
83 18
83 52
83 85
83 27
83 53
84 64
84 2
84 67
84 37
84 70
84 10
84 87
84 12
84 14
84 18
84 46
84 23
84 24
84 57
84 42
85 1
85 2
85 71
85 8
85 42
85 76
85 13
85 77
85 47
85 72
85 18
85 19
85 78
85 23
85 56
85 58
85 79
85 30
86 68
86 4
86 38
86 7
86 72
86 41
86 42
86 76
86 18
86 19
86 86
86 87
86 56
86 57
86 27
86 74
87 83
87 50
87 37
87 10
87 13
87 77
87 59
87 18
87 79
87 84
87 22
87 87
87 25
87 58
87 54
87 42
