88
1 0
1 51
1 3
1 4
1 19
1 17
1 72
1 76
1 18
1 81
1 50
1 83
1 58
1 60
4 0
4 33
4 2
4 3
4 4
4 81
4 50
4 83
4 60
5 0
5 33
5 2
5 3
5 4
5 19
5 72
5 76
5 50
5 81
5 18
5 83
5 55
5 58
5 60
6 0
6 33
6 2
6 4
6 81
6 72
6 83
6 76
6 50
6 17
6 18
6 19
6 55
6 60
8 0
8 33
8 2
8 3
8 4
8 51
8 81
8 83
8 76
8 80
8 17
8 50
8 19
8 60
9 0
9 19
9 3
9 17
9 76
9 50
9 81
9 18
9 83
9 55
9 58
9 60
10 19
10 16
10 3
10 4
10 51
10 76
10 50
10 80
10 81
10 18
10 83
10 55
10 60
13 0
13 33
13 4
13 51
13 76
13 81
13 50
13 83
13 58
13 60
13 19
17 0
17 33
17 3
17 4
17 76
17 18
17 81
17 50
17 83
17 60
20 0
20 33
20 2
20 3
20 4
20 51
20 81
20 76
20 18
20 80
20 17
20 50
20 83
20 55
21 0
21 33
21 19
21 55
21 81
22 0
22 33
22 3
22 4
22 51
22 50
22 81
22 18
22 83
22 55
22 60
22 19
23 0
23 33
23 2
23 4
23 51
23 72
23 76
23 50
23 81
23 18
23 83
23 55
23 60
23 19
24 0
24 33
24 2
24 3
24 4
24 17
24 72
24 76
24 50
24 81
24 18
24 83
24 60
25 0
25 33
25 2
25 3
25 4
25 19
25 81
25 76
25 17
25 50
25 83
25 58
25 60
26 0
26 33
26 4
26 72
26 76
26 50
26 18
26 60
27 0
27 4
27 72
27 76
27 81
27 50
27 83
27 60
28 0
28 51
28 2
28 3
28 4
28 72
28 76
28 50
28 80
28 81
28 18
28 19
28 55
28 58
28 60
29 0
29 33
29 2
29 4
29 19
29 81
29 83
29 18
29 80
29 17
29 50
29 51
29 55
29 60
30 19
30 33
30 2
30 3
30 4
30 72
30 83
30 76
30 81
30 50
30 51
30 58
30 60
31 0
31 33
31 2
31 81
31 72
31 76
31 50
31 80
31 17
31 18
31 83
31 55
31 58
31 60
32 0
32 33
32 83
32 3
32 4
32 19
32 72
32 18
32 80
32 17
32 50
32 51
32 55
32 60
33 0
33 2
33 72
33 83
33 76
33 81
33 50
33 19
33 55
33 60
34 0
34 33
34 3
34 4
34 51
34 72
34 76
34 17
34 50
34 83
34 60
35 0
35 33
35 2
35 3
35 19
35 81
35 72
35 83
35 76
35 17
35 50
35 51
35 55
35 60
36 0
36 33
36 2
36 3
36 4
36 81
36 50
36 19
37 19
37 33
37 2
37 3
37 4
37 72
37 83
37 76
37 81
37 50
37 51
37 55
37 60
38 0
38 33
38 2
38 3
38 4
38 81
38 72
38 76
38 50
38 80
38 17
38 18
38 19
38 58
38 60
39 0
39 33
39 2
39 3
39 4
39 72
39 76
39 50
39 80
39 81
39 18
39 51
39 55
39 60
40 0
40 19
40 2
40 3
40 4
40 81
40 72
40 76
40 50
40 17
40 18
40 83
40 55
40 58
40 60
41 0
41 2
41 3
41 4
41 76
41 81
41 50
41 83
41 58
41 60
42 0
42 33
42 2
42 3
42 4
42 81
42 72
42 76
42 50
42 17
42 18
42 83
42 55
42 58
42 60
43 0
43 33
43 3
43 72
43 76
43 81
43 50
43 83
43 55
43 58
43 60
44 0
44 19
44 2
44 4
44 33
44 51
44 7
44 72
44 76
44 50
44 18
44 83
44 55
44 60
45 0
45 33
45 2
45 3
45 4
45 83
45 76
45 17
45 50
45 19
45 55
45 58
45 60
46 0
46 33
46 2
46 3
46 4
46 19
46 81
46 72
46 50
46 17
46 18
46 83
46 55
46 60
47 0
47 33
47 2
47 3
47 4
47 19
47 81
47 76
47 18
47 17
47 50
47 83
47 55
47 58
47 60
48 0
48 33
48 2
48 3
48 4
48 51
48 72
48 83
48 80
48 81
48 18
48 19
48 55
48 60
49 0
49 19
49 2
49 3
49 33
49 83
49 76
49 81
49 51
49 60
52 33
52 4
52 76
52 81
52 50
52 19
52 55
53 0
53 51
53 2
53 4
53 81
53 76
53 50
53 80
53 17
53 18
53 83
53 55
53 60
54 0
54 33
54 2
54 3
54 4
54 19
54 72
54 83
54 76
54 18
54 81
54 50
54 51
54 55
54 60
56 0
56 2
56 3
56 76
56 80
56 81
56 50
56 19
56 55
56 58
56 60
57 0
57 51
57 2
57 3
57 81
57 72
57 83
57 76
57 18
57 17
57 50
57 19
57 55
57 58
57 60
58 0
58 33
58 2
58 3
58 4
58 51
58 72
58 83
58 76
58 50
58 81
58 18
58 19
58 55
58 60
59 0
59 33
59 2
59 3
59 4
59 51
59 17
59 72
59 76
59 81
59 50
59 83
59 55
59 58
60 0
60 33
60 83
60 3
60 76
60 50
60 81
60 18
60 51
60 60
61 0
61 33
61 2
61 4
61 51
61 72
61 76
61 50
61 80
61 17
61 18
61 19
61 55
61 58
61 60
62 0
62 51
62 3
62 4
62 33
62 72
62 76
62 81
62 50
62 83
62 17
62 55
62 58
62 60
63 0
63 51
63 3
63 4
63 76
63 81
63 50
63 19
63 60
64 0
64 33
64 2
64 3
64 4
64 19
64 17
64 72
64 76
64 50
64 81
64 18
64 83
64 58
64 60
65 0
65 33
65 2
65 3
65 4
65 51
65 76
65 50
65 80
65 81
65 18
65 83
65 55
65 58
65 60
66 0
66 19
66 2
66 3
66 4
66 17
66 83
66 76
66 80
66 81
66 50
66 51
66 55
66 58
66 60
67 0
67 33
67 2
67 3
67 4
67 19
67 81
67 72
67 17
67 50
67 83
67 58
67 60
67 51
68 0
68 33
68 3
68 4
68 51
68 76
68 50
68 19
68 55
68 60
69 0
69 19
69 2
69 3
69 4
69 17
69 72
69 83
69 76
69 50
69 80
69 81
69 18
69 51
69 60
70 0
70 33
70 2
70 3
70 4
70 72
70 80
70 81
70 50
70 83
70 55
70 60
71 0
71 19
71 2
71 3
71 4
71 83
71 76
71 80
71 81
71 18
71 51
71 55
71 60
72 0
72 33
72 4
72 19
72 76
72 81
72 50
72 83
72 55
73 0
73 33
73 2
73 3
73 4
73 19
73 17
73 72
73 76
73 81
73 50
73 83
73 55
74 0
74 33
74 83
74 3
74 4
74 19
74 72
74 76
74 50
74 80
74 81
74 18
74 51
74 58
74 60
75 0
75 33
75 2
75 3
75 76
75 17
75 51
75 55
76 33
76 2
76 4
76 81
76 76
76 50
76 17
76 18
76 51
76 60
77 19
77 33
77 2
77 3
77 4
77 76
77 80
77 81
77 50
77 83
77 55
77 58
77 60
78 0
78 33
78 83
78 3
78 4
78 19
78 72
78 76
78 18
78 81
78 50
78 51
78 55
78 58
78 60
79 0
79 33
79 2
79 3
79 4
79 72
79 76
79 81
79 18
79 83
79 55
79 58
79 60
82 19
82 33
82 2
82 3
82 72
82 76
82 81
82 50
82 83
82 55
82 60
84 19
85 0
85 33
85 2
85 3
85 4
85 51
85 17
85 72
85 80
85 81
85 50
85 83
85 55
85 60
85 19
86 0
86 33
86 2
86 3
86 4
86 19
86 72
86 83
86 76
86 80
86 17
86 50
86 51
86 55
86 60
87 0
87 2
87 3
87 4
87 72
87 83
87 76
87 81
87 50
87 51
