88
0 1
0 66
0 4
0 5
0 33
0 72
0 9
0 10
0 75
0 44
0 47
0 76
0 81
0 19
0 21
0 23
0 25
0 63
0 42
0 31
1 65
1 34
1 10
1 38
1 21
2 8
2 9
2 10
2 12
2 14
2 19
2 23
2 25
2 33
2 35
2 36
2 41
2 45
2 46
2 50
2 52
2 55
2 57
2 63
2 69
2 70
2 71
2 72
2 75
2 77
2 83
3 32
3 66
3 71
3 8
3 10
3 44
3 14
3 61
3 80
3 81
3 19
3 42
5 36
5 5
5 8
5 77
5 78
5 19
5 14
5 55
5 28
6 69
6 8
6 77
6 47
6 21
6 23
6 63
6 31
7 4
7 5
7 9
7 15
7 23
7 25
7 30
7 31
7 34
7 36
7 38
7 41
7 42
7 43
7 45
7 52
7 53
7 55
7 63
7 66
7 69
7 73
7 75
7 77
7 83
8 41
8 43
8 61
8 30
8 81
9 65
9 36
9 8
9 9
9 10
9 77
9 78
9 81
9 40
9 57
9 42
9 30
9 31
10 10
10 75
10 14
11 1
11 4
11 10
11 19
11 28
11 30
11 33
11 35
11 36
11 40
11 41
11 43
11 47
11 52
11 55
11 57
11 63
11 65
11 71
11 73
11 75
11 80
13 72
13 78
13 52
13 14
13 38
14 65
14 36
14 69
14 42
14 78
14 81
14 14
15 1
15 9
15 14
15 19
15 21
15 22
15 28
15 30
15 31
15 32
15 36
15 38
15 40
15 41
15 43
15 44
15 45
15 47
15 52
15 54
15 55
15 63
15 65
15 66
15 69
15 70
15 71
15 72
15 73
15 75
15 77
15 80
15 81
15 82
16 1
16 4
16 10
16 14
16 19
16 22
16 23
16 25
16 30
16 31
16 35
16 38
16 42
16 43
16 45
16 52
16 57
16 65
16 69
16 72
16 73
16 75
16 76
16 77
16 78
17 1
17 5
17 9
17 19
17 21
17 31
17 32
17 33
17 38
17 42
17 43
17 47
17 50
17 53
17 63
17 65
17 69
17 72
17 73
17 75
17 76
17 81
17 82
18 77
18 78
20 5
20 8
20 9
20 10
20 12
20 21
20 22
20 23
20 25
20 30
20 31
20 32
20 34
20 35
20 36
20 38
20 40
20 42
20 43
20 45
20 47
20 50
20 52
20 53
20 56
20 65
20 66
20 69
20 73
20 75
20 76
20 77
20 78
20 81
20 82
21 4
21 5
21 8
21 10
21 14
21 19
21 28
21 30
21 31
21 33
21 34
21 35
21 36
21 40
21 42
21 44
21 45
21 52
21 54
21 55
21 56
21 57
21 61
21 66
21 73
21 75
21 76
21 77
21 78
21 81
21 82
24 1
24 4
24 9
24 10
24 12
24 19
24 22
24 23
24 28
24 30
24 35
24 38
24 40
24 41
24 43
24 47
24 54
24 63
24 71
24 73
24 77
24 78
24 80
24 81
24 82
25 32
25 42
26 4
26 5
26 8
26 10
26 14
26 22
26 25
26 28
26 31
26 33
26 34
26 36
26 40
26 41
26 42
26 43
26 47
26 54
26 63
26 65
26 66
26 71
26 75
26 77
26 81
26 83
28 1
28 66
28 5
28 65
28 9
28 42
28 47
28 55
28 61
28 69
30 1
30 66
30 10
30 81
31 19
31 23
32 38
32 72
32 73
32 42
32 43
32 44
32 45
32 40
32 82
32 19
32 28
33 1
33 4
33 5
33 8
33 9
33 10
33 21
33 23
33 25
33 28
33 30
33 31
33 32
33 33
33 38
33 40
33 44
33 56
33 61
33 65
33 73
33 80
33 81
36 82
36 10
37 32
37 34
37 42
37 78
37 10
37 31
43 42
43 27
47 34
47 61
51 1
51 4
51 5
51 8
51 9
51 10
51 12
51 14
51 19
51 25
51 28
51 30
51 31
51 32
51 33
51 34
51 40
51 41
51 42
51 43
51 45
51 50
51 52
51 61
51 63
51 65
51 70
51 71
51 72
51 77
51 78
51 80
52 66
52 72
52 73
52 75
52 34
52 19
52 52
57 52
57 5
57 78
58 52
59 8
59 34
59 5
59 78
60 1
60 5
60 8
60 9
60 10
60 19
60 23
60 28
60 31
60 33
60 34
60 36
60 38
60 41
60 42
60 43
60 47
60 54
60 63
60 66
60 69
60 73
60 77
60 78
60 81
60 83
61 75
61 4
61 38
61 8
61 10
61 43
61 82
62 1
62 5
62 8
62 9
62 14
62 19
62 22
62 23
62 30
62 31
62 32
62 36
62 38
62 40
62 41
62 42
62 43
62 50
62 52
62 57
62 61
62 66
62 71
62 72
62 75
62 76
62 77
62 80
62 81
62 83
63 33
63 66
63 75
63 36
63 5
63 8
63 41
63 43
63 78
63 77
63 14
63 47
63 19
63 53
63 73
63 30
64 1
64 4
64 8
64 9
64 14
64 19
64 21
64 22
64 23
64 25
64 28
64 31
64 33
64 34
64 35
64 36
64 40
64 41
64 42
64 43
64 45
64 47
64 50
64 54
64 55
64 57
64 61
64 63
64 65
64 69
64 71
64 73
64 76
64 81
65 4
65 8
65 9
65 14
65 19
65 23
65 25
65 28
65 30
65 34
65 36
65 38
65 40
65 41
65 47
65 55
65 61
65 63
65 66
65 69
65 73
65 75
65 77
65 80
65 81
66 1
66 4
66 5
66 9
66 10
66 14
66 19
66 22
66 23
66 28
66 30
66 33
66 34
66 36
66 38
66 40
66 41
66 42
66 52
66 65
66 66
66 77
66 80
66 81
66 82
67 33
67 69
67 8
67 42
67 75
67 45
67 14
67 50
67 83
67 52
67 21
67 23
67 28
67 61
70 1
70 82
70 4
70 9
72 5
72 38
72 72
72 41
72 12
72 78
72 44
72 80
72 52
72 30
72 31
73 56
73 33
73 31
73 36
73 52
74 1
74 4
74 5
74 8
74 9
74 10
74 12
74 14
74 19
74 21
74 22
74 23
74 28
74 30
74 31
74 33
74 34
74 35
74 38
74 40
74 41
74 42
74 43
74 45
74 52
74 53
74 54
74 63
74 69
74 72
74 73
74 75
74 77
74 80
75 1
75 8
75 19
75 22
75 23
75 28
75 30
75 33
75 35
75 39
75 41
75 42
75 43
75 52
75 53
75 57
75 63
75 65
75 66
75 69
75 76
75 77
75 78
75 81
75 82
75 83
77 40
77 81
77 42
77 52
77 77
78 1
78 4
78 8
78 9
78 12
78 19
78 22
78 23
78 28
78 30
78 31
78 32
78 33
78 34
78 35
78 36
78 38
78 40
78 41
78 42
78 43
78 48
78 52
78 55
78 63
78 69
78 71
78 76
78 77
78 80
78 81
78 82
78 83
79 1
79 4
79 5
79 9
79 10
79 14
79 15
79 19
79 21
79 23
79 28
79 30
79 31
79 33
79 36
79 40
79 41
79 43
79 44
79 45
79 52
79 54
79 55
79 57
79 61
79 63
79 65
79 66
79 69
79 71
79 73
79 77
79 78
79 81
79 82
84 4
84 5
84 8
84 9
84 12
84 19
84 21
84 28
84 31
84 32
84 34
84 38
84 40
84 42
84 53
84 55
84 61
84 63
84 65
84 66
84 69
84 71
84 72
84 76
84 78
84 81
85 33
85 34
85 4
85 5
85 71
85 9
85 42
85 43
85 36
85 45
85 81
85 21
85 73
85 25
85 63
85 28
85 31
86 4
86 5
86 8
86 10
86 14
86 23
86 28
86 31
86 32
86 33
86 34
86 35
86 38
86 41
86 43
86 47
86 54
86 55
86 63
86 65
86 69
86 73
86 80
87 32
87 8
87 73
87 10
87 43
87 76
87 77
87 50
87 22
87 23
87 56
87 57
