88
0 25
0 74
0 83
0 57
0 87
1 2
1 51
1 68
1 79
2 32
2 65
2 68
2 44
2 79
2 85
2 47
2 62
3 0
3 48
3 4
3 37
3 38
3 7
3 9
3 43
3 45
3 77
3 16
3 18
3 83
3 41
3 26
3 70
3 30
3 65
4 59
4 21
5 74
5 29
6 40
6 21
6 44
6 69
6 39
7 33
7 68
7 5
7 71
7 40
7 46
7 16
7 20
7 86
7 36
8 65
8 2
8 35
8 71
8 74
8 13
8 61
8 85
8 42
9 0
9 68
9 7
9 41
9 82
9 39
9 44
9 13
9 79
9 17
9 18
9 53
9 87
9 27
9 29
9 85
10 33
10 66
10 77
10 37
10 38
10 71
10 9
10 78
10 13
10 46
10 45
10 82
10 20
10 21
10 86
10 73
10 24
10 30
10 53
11 2
11 3
11 68
11 8
11 13
11 46
11 30
13 9
13 44
13 47
13 84
13 21
13 62
15 0
15 2
15 69
15 44
15 10
15 76
15 66
15 78
15 82
15 20
15 87
15 59
16 33
16 66
16 36
16 69
16 38
16 73
16 76
16 34
16 45
16 53
16 23
16 24
16 57
16 31
17 86
18 4
18 69
18 41
18 45
18 56
18 53
18 55
18 24
18 30
19 36
19 37
19 77
19 45
19 82
19 55
20 6
20 70
20 7
20 78
20 47
20 83
20 54
20 57
20 25
20 58
20 38
20 62
21 65
21 2
21 35
21 66
21 69
21 9
21 43
21 45
21 46
21 77
21 75
21 51
21 52
21 54
21 57
21 67
21 25
22 40
22 65
22 57
22 41
23 2
23 51
23 4
23 50
23 38
24 32
24 66
24 67
24 4
24 38
24 39
24 42
24 12
24 13
24 78
24 47
24 80
24 82
24 52
24 85
24 24
24 58
24 59
24 61
24 30
25 40
25 16
25 84
25 69
25 87
26 24
26 82
26 84
26 71
27 82
27 83
28 33
28 4
28 37
28 38
28 72
28 9
28 11
28 13
28 62
28 30
28 63
29 32
29 67
29 68
29 5
29 38
29 9
29 10
29 55
29 17
29 57
29 52
29 21
29 73
29 41
29 25
29 86
29 62
29 69
30 32
30 65
30 3
30 38
30 44
30 76
30 45
30 82
30 67
30 86
30 87
30 28
30 61
31 68
31 37
31 13
31 77
31 47
31 49
32 32
32 66
32 35
32 4
32 5
32 38
32 39
32 76
32 11
32 44
32 16
32 50
32 51
32 20
32 86
32 69
32 56
32 61
32 62
32 37
33 0
33 1
33 2
33 3
33 68
33 69
33 32
33 40
33 73
33 76
33 13
33 78
33 77
33 67
33 20
33 85
33 79
33 29
34 32
34 65
34 66
34 4
34 38
34 7
34 73
34 74
34 77
34 82
34 53
34 42
35 1
35 67
35 36
35 37
35 65
35 7
35 72
35 9
35 39
35 76
35 46
35 16
35 83
35 80
35 57
35 85
35 63
36 32
36 33
36 83
36 35
36 68
36 64
36 10
36 75
36 13
36 78
36 45
36 82
36 79
36 52
36 21
36 86
36 85
36 25
36 59
36 62
36 63
37 40
37 9
37 10
37 13
37 77
37 79
37 52
37 53
37 86
37 87
37 62
38 0
38 65
38 66
38 67
38 37
38 38
38 33
38 72
38 41
38 43
38 46
38 3
38 21
38 85
39 16
39 56
40 0
40 2
40 67
40 66
40 70
40 6
40 7
40 8
40 10
40 13
40 46
40 47
40 18
40 52
40 82
40 24
40 57
40 61
41 32
41 35
41 68
41 38
41 39
41 73
41 71
41 20
41 53
41 86
41 87
41 24
41 61
41 62
41 63
42 64
42 65
42 67
42 72
42 41
42 11
42 13
42 25
43 9
44 33
44 2
44 37
44 77
44 20
44 54
44 24
44 57
44 26
45 9
45 77
46 45
46 54
46 73
46 11
46 77
46 78
46 79
46 84
46 46
46 86
46 41
46 25
47 80
47 82
47 69
47 7
47 72
47 10
47 45
47 16
47 18
47 20
47 85
47 87
47 57
47 74
47 30
48 0
48 35
48 38
48 9
48 11
48 44
48 13
48 16
48 18
48 51
48 20
48 21
48 41
48 25
48 26
48 60
48 30
48 53
49 33
49 37
49 39
49 8
49 73
49 10
49 11
49 46
49 48
49 82
49 62
49 87
49 25
49 74
49 30
51 33
51 2
51 75
51 68
51 38
51 7
51 72
51 11
51 13
51 77
51 61
51 51
51 39
51 29
51 62
52 69
52 8
52 45
52 79
52 40
52 18
52 51
52 20
52 87
53 33
53 70
53 7
53 40
53 76
53 46
53 79
53 51
53 20
53 57
53 26
53 61
54 72
54 44
55 51
55 34
55 3
55 70
55 7
55 41
55 10
55 11
55 47
55 56
55 35
55 20
55 24
55 83
55 79
55 60
55 62
55 63
56 44
56 37
56 78
56 69
57 64
57 0
57 10
57 39
58 64
58 68
58 39
58 72
58 73
58 80
58 82
58 51
59 38
59 9
59 76
59 78
59 44
59 16
59 21
59 57
59 85
60 0
60 33
60 72
60 73
60 40
60 51
60 60
60 62
61 0
61 32
61 37
61 39
61 73
61 76
61 78
61 79
61 41
61 87
61 57
61 44
61 63
62 66
62 7
62 40
62 41
62 76
62 45
62 78
62 82
62 83
62 85
63 32
63 34
63 68
63 41
63 45
63 47
63 16
63 30
64 66
64 70
64 7
64 40
64 73
64 71
64 76
64 13
64 79
64 72
64 20
64 55
64 87
64 60
64 62
65 72
65 66
65 68
65 53
65 30
66 4
66 39
66 10
66 11
66 13
66 16
66 52
66 55
66 58
67 0
67 51
67 67
67 4
67 5
67 40
67 41
67 11
67 44
67 46
67 82
67 35
67 86
68 32
68 33
68 40
68 47
68 56
68 61
69 0
69 33
69 3
69 37
69 65
69 7
69 40
69 9
69 11
69 44
69 13
69 46
69 77
69 83
69 78
69 22
69 73
69 79
69 86
69 85
70 65
70 66
70 69
70 70
70 33
70 72
70 9
70 10
70 2
70 47
70 40
70 53
70 87
70 6
71 35
71 69
71 72
71 73
71 10
71 11
71 76
71 79
71 16
71 17
71 75
71 67
71 85
71 54
71 55
71 87
71 60
71 62
72 65
72 38
72 33
72 44
72 79
72 80
72 56
72 25
72 61
73 37
73 73
73 74
73 21
73 41
73 57
73 29
73 85
73 69
74 0
74 5
74 38
74 81
74 40
74 9
74 10
74 13
74 63
74 47
74 17
74 83
74 52
74 56
74 25
74 59
74 37
74 69
74 31
75 64
75 67
75 4
75 7
75 9
75 10
75 75
75 45
75 20
76 33
76 2
76 4
76 70
76 8
76 44
76 46
76 82
76 51
76 54
76 55
76 57
76 30
77 51
77 67
77 7
77 40
77 10
77 47
77 16
77 82
77 35
77 62
77 54
77 30
78 33
78 68
78 70
78 44
78 76
78 78
78 20
78 53
78 4
78 62
78 63
79 65
79 35
79 7
79 72
79 41
79 10
79 78
79 45
79 46
79 79
79 51
79 21
79 87
79 57
79 60
80 64
80 66
80 3
80 5
80 7
80 11
80 45
80 79
80 80
80 20
80 22
80 39
80 47
80 62
81 62
81 39
82 69
82 41
82 42
82 75
82 78
82 85
82 46
82 25
82 61
83 4
83 38
83 9
83 75
83 76
83 80
83 51
83 21
83 22
83 25
83 53
84 32
84 26
84 44
84 47
85 67
85 39
85 9
85 7
85 44
85 78
85 83
85 57
86 2
86 35
86 7
86 78
86 82
86 83
86 22
86 62
87 0
87 71
87 11
87 45
87 78
87 77
87 48
87 21
87 47
