88
0 0
0 33
0 71
0 72
0 76
0 62
0 87
0 24
0 30
1 0
1 68
1 7
1 73
1 43
1 47
1 86
1 61
1 31
2 40
6 2
6 67
6 7
6 9
6 43
6 87
6 75
6 83
6 20
6 53
6 54
6 55
6 24
6 26
6 28
6 61
6 62
6 31
7 1
7 69
7 7
7 72
7 55
7 44
7 45
7 8
7 87
7 27
13 65
13 6
13 39
13 74
13 75
13 45
13 82
13 52
13 53
13 71
17 75
17 70
17 6
17 8
17 11
17 44
17 52
17 56
17 61
17 30
18 65
18 35
18 70
18 6
18 40
18 76
18 44
18 45
18 79
18 17
18 82
18 20
18 22
18 87
18 26
18 60
18 61
18 63
19 2
19 8
19 21
19 24
19 25
19 31
19 36
19 42
19 43
19 52
19 53
19 54
19 56
19 59
19 67
19 70
19 71
19 73
19 76
19 77
19 79
19 86
20 32
20 1
20 35
20 54
20 39
20 8
20 45
20 47
20 50
20 53
20 86
20 61
20 31
22 65
22 2
22 70
22 7
22 41
22 78
22 86
22 87
22 61
23 1
23 11
23 54
23 65
23 7
23 42
23 75
23 78
23 79
23 85
23 86
23 55
23 24
23 53
24 0
24 8
24 76
24 79
24 40
24 50
24 83
24 54
24 27
26 2
26 36
26 5
26 6
26 39
26 8
26 74
26 11
26 12
26 45
26 78
26 40
26 23
26 56
26 55
26 87
26 63
27 65
27 2
27 43
27 38
27 6
27 1
27 41
27 74
27 71
27 78
27 55
28 72
28 42
28 53
29 68
29 65
29 4
29 86
29 38
29 71
29 76
29 45
29 51
29 20
29 53
29 22
29 56
29 36
29 27
29 28
30 69
30 73
30 74
30 44
30 78
30 80
30 54
30 55
30 24
30 27
30 62
31 32
31 2
31 4
31 69
31 9
31 75
31 51
31 52
32 2
32 4
32 8
32 9
32 17
32 22
32 26
32 28
32 35
32 40
32 42
32 50
32 51
32 52
32 56
32 62
32 65
32 70
32 72
32 73
32 75
32 78
32 79
33 65
33 2
33 75
33 4
33 7
33 41
33 11
33 77
33 50
33 51
33 20
33 86
33 87
33 27
33 30
34 1
34 2
34 6
34 8
34 17
34 25
34 31
34 34
34 35
34 38
34 40
34 41
34 52
34 55
34 57
34 63
34 67
34 72
34 74
34 79
34 83
34 85
35 0
35 66
35 68
35 69
35 7
35 8
35 71
35 44
35 45
35 72
35 50
35 51
35 20
35 21
35 86
35 27
36 65
36 66
36 67
36 68
36 70
36 39
36 72
36 41
36 74
36 71
36 45
36 78
36 22
36 73
36 24
36 25
36 87
36 27
37 67
37 68
37 70
37 6
37 8
37 11
37 76
37 43
37 82
37 22
37 56
37 24
37 59
37 30
38 66
38 68
38 86
38 6
38 40
38 73
38 72
38 82
38 51
38 21
38 22
38 23
38 56
38 25
38 27
38 31
39 32
39 65
39 69
39 38
39 71
39 76
39 50
39 52
39 53
39 87
39 25
39 33
39 60
39 31
41 32
41 65
41 66
41 36
41 38
41 39
41 8
41 41
41 42
41 82
41 40
41 50
41 53
41 27
41 60
41 29
42 1
42 7
42 8
42 60
42 42
42 75
42 79
42 82
42 83
42 22
42 87
42 24
42 55
42 28
43 1
43 45
43 4
43 72
43 42
43 77
43 79
43 20
43 52
43 61
43 31
44 1
44 35
44 4
44 70
44 38
44 39
44 72
44 41
44 43
44 44
44 45
44 79
44 75
44 54
44 24
44 71
44 60
44 61
45 40
45 33
45 76
45 80
46 68
46 4
46 38
46 6
46 71
46 8
46 45
46 47
46 21
46 22
46 87
46 24
46 25
46 59
46 70
46 53
46 85
46 31
47 1
47 2
47 69
47 38
47 71
47 73
47 39
47 76
47 51
47 56
47 25
47 61
47 62
47 63
48 72
48 6
49 0
49 65
49 34
49 5
49 38
49 71
49 72
49 11
49 47
49 51
49 53
49 55
49 56
49 79
49 62
49 85
50 9
50 20
50 21
50 22
50 26
50 28
50 29
50 30
50 44
50 45
50 50
50 51
50 52
50 53
50 56
50 60
50 63
50 68
50 71
50 75
50 76
50 78
50 86
51 32
51 2
51 69
51 38
51 7
51 74
51 12
51 82
51 79
51 50
51 52
51 85
51 22
51 24
51 25
51 86
51 61
54 65
54 2
54 4
54 33
54 7
54 73
54 44
54 53
54 87
54 56
54 27
54 60
54 31
55 33
55 35
55 36
55 65
55 39
55 8
55 9
55 42
55 45
55 40
55 51
55 21
55 59
55 56
55 27
55 74
55 63
57 1
57 2
57 21
57 22
57 27
57 34
57 35
57 38
57 39
57 40
57 41
57 44
57 50
57 53
57 60
57 61
57 68
57 69
57 73
57 75
57 76
57 78
57 82
58 4
58 42
58 55
58 50
58 83
58 20
58 87
58 56
58 60
62 0
62 65
62 66
62 54
62 6
62 71
62 72
62 41
62 87
62 45
62 73
62 17
62 51
62 22
62 23
62 24
63 35
63 70
63 39
63 9
63 43
63 12
63 80
63 49
63 54
63 23
63 24
63 57
63 61
63 31
64 67
64 40
64 9
64 43
64 83
64 53
64 86
64 87
64 27
66 4
66 6
66 9
66 21
66 27
66 28
66 31
66 32
66 39
66 41
66 42
66 43
66 49
66 50
66 52
66 66
66 67
66 71
66 72
66 73
66 85
66 86
66 87
67 40
67 69
68 33
68 4
68 69
68 8
68 75
68 78
68 79
68 80
68 56
68 50
68 51
68 21
68 86
68 55
68 24
68 25
68 53
69 86
69 31
70 32
70 40
70 9
70 79
70 87
70 44
70 47
70 72
70 86
70 55
70 24
70 25
70 26
70 59
70 61
71 32
71 56
71 41
71 78
71 17
71 52
71 21
71 55
71 24
71 26
71 62
72 4
72 6
72 8
72 9
72 11
72 22
72 24
72 25
72 32
72 39
72 50
72 52
72 53
72 61
72 65
72 67
72 72
72 74
72 75
72 76
72 86
72 87
73 0
73 1
73 65
73 7
73 40
73 9
73 74
73 12
73 45
73 77
73 56
73 79
73 20
73 53
73 41
73 24
73 72
73 26
73 27
73 85
73 31
74 2
74 67
74 39
74 72
74 73
74 74
74 44
74 40
74 20
74 53
74 22
74 87
74 42
75 1
75 65
75 74
75 82
75 51
75 22
75 55
75 59
75 61
75 30
76 2
76 67
76 69
76 8
76 77
76 72
76 51
76 23
76 56
76 25
76 27
77 33
77 38
77 6
77 65
77 8
77 9
77 55
77 40
77 50
77 83
77 20
77 53
77 73
77 41
77 26
77 60
79 70
79 67
79 6
79 38
79 39
79 9
79 45
79 47
79 22
79 57
79 24
79 25
79 59
79 60
79 62
80 66
80 68
80 5
80 70
80 8
80 73
80 74
80 78
80 79
80 50
80 83
80 20
80 21
80 86
80 55
80 62
81 65
81 1
81 72
81 78
81 8
81 80
81 40
81 86
81 60
81 30
82 4
82 9
82 11
82 12
82 21
82 22
82 24
82 27
82 34
82 39
82 40
82 41
82 44
82 45
82 47
82 52
82 70
82 73
82 74
82 75
82 77
82 83
82 86
83 67
83 38
83 73
83 75
83 22
83 56
83 63
83 31
85 1
85 2
85 69
85 38
85 40
85 9
85 74
85 43
85 12
85 78
85 76
85 17
85 20
85 21
85 25
86 33
86 69
86 41
86 74
86 60
86 77
86 45
86 50
86 51
86 22
86 28
87 68
87 39
87 73
87 74
87 12
87 45
87 79
87 22
87 24
