88
0 33
0 35
0 4
0 70
0 71
0 72
0 41
0 10
0 12
0 14
0 73
0 83
0 53
0 54
0 23
0 25
0 58
0 27
1 32
1 33
1 35
1 4
1 71
1 40
1 41
1 10
1 55
1 14
1 87
1 72
1 21
1 54
1 23
1 24
1 25
1 26
1 27
1 60
1 58
5 2
5 4
5 10
5 14
5 21
5 22
5 23
5 25
5 27
5 31
5 33
5 41
5 45
5 53
5 55
5 58
5 60
5 70
5 71
5 73
5 74
5 77
5 83
5 87
6 2
6 10
6 12
6 14
6 21
6 23
6 25
6 26
6 27
6 33
6 39
6 40
6 41
6 43
6 53
6 54
6 55
6 58
6 60
6 71
6 72
6 74
8 32
8 33
8 2
8 35
8 70
8 73
8 41
8 87
8 58
8 27
9 32
9 33
9 35
9 4
9 73
9 42
9 43
9 14
9 87
9 82
9 21
9 54
9 23
9 55
9 58
9 60
9 29
11 23
11 33
11 35
11 25
11 39
12 2
12 4
12 73
12 74
12 12
12 21
12 54
12 23
12 25
12 26
17 33
17 2
17 35
17 4
17 71
17 8
17 41
17 10
17 43
17 14
17 52
17 21
17 22
17 23
17 55
17 60
17 53
18 2
18 4
18 8
18 10
18 12
18 14
18 22
18 23
18 25
18 26
18 27
18 31
18 32
18 33
18 35
18 40
18 41
18 43
18 44
18 45
18 54
18 56
18 66
18 71
18 72
18 74
18 77
18 87
19 3
19 4
19 8
19 10
19 14
19 22
19 23
19 25
19 26
19 27
19 29
19 32
19 33
19 35
19 41
19 43
19 45
19 47
19 52
19 53
19 55
19 58
19 60
19 71
19 72
19 73
19 77
19 87
20 2
20 4
20 10
20 12
20 14
20 23
20 25
20 26
20 27
20 29
20 33
20 35
20 43
20 47
20 52
20 58
20 60
20 66
20 70
20 72
20 73
20 74
20 77
20 86
20 87
21 42
21 35
21 74
21 41
21 10
21 12
21 14
21 83
21 52
21 53
21 86
21 25
21 27
21 29
25 41
25 27
25 4
25 21
28 72
28 52
28 12
28 14
28 23
29 2
29 4
29 7
29 10
29 12
29 14
29 21
29 22
29 26
29 27
29 32
29 33
29 35
29 40
29 41
29 43
29 45
29 47
29 52
29 53
29 58
29 60
29 71
29 72
29 74
30 2
30 4
30 10
30 12
30 14
30 21
30 22
30 23
30 26
30 27
30 29
30 33
30 35
30 41
30 43
30 45
30 47
30 52
30 54
30 58
30 60
30 66
30 72
30 73
30 74
30 87
31 2
31 73
31 74
31 43
31 87
31 25
31 58
31 27
31 10
31 55
32 10
32 12
32 14
32 25
32 27
32 29
32 33
32 35
32 41
32 44
32 45
32 52
32 53
32 54
32 55
32 58
32 70
32 72
32 73
32 74
32 82
32 87
34 41
34 10
34 35
34 45
34 43
35 70
36 2
36 4
36 8
36 10
36 12
36 14
36 22
36 23
36 25
36 33
36 35
36 37
36 41
36 43
36 44
36 45
36 47
36 52
36 53
36 54
36 55
36 60
36 73
36 74
36 76
36 82
36 86
36 87
43 52
43 4
43 53
43 14
43 71
46 8
46 10
46 12
46 14
46 21
46 23
46 27
46 32
46 35
46 41
46 43
46 44
46 47
46 53
46 54
46 55
46 58
46 72
46 73
46 74
46 83
46 87
47 33
47 10
47 35
47 14
47 43
50 4
50 10
50 12
50 14
50 22
50 23
50 24
50 25
50 26
50 27
50 32
50 33
50 41
50 43
50 47
50 53
50 54
50 55
50 58
50 70
50 71
50 72
50 74
50 76
50 86
51 2
51 87
51 4
51 86
51 71
51 73
51 10
51 43
51 76
51 14
51 53
51 54
51 23
51 55
51 58
51 27
51 60
51 74
53 72
53 10
53 23
53 60
53 71
57 3
57 4
57 8
57 12
57 14
57 21
57 22
57 24
57 25
57 27
57 32
57 33
57 35
57 41
57 53
57 55
57 58
57 60
57 70
57 71
57 72
57 73
57 74
57 87
61 32
61 2
61 35
61 4
61 71
61 72
61 10
61 43
61 21
61 23
61 27
61 74
61 53
62 2
62 4
62 8
62 10
62 12
62 21
62 23
62 24
62 25
62 26
62 27
62 29
62 32
62 33
62 35
62 38
62 40
62 41
62 45
62 47
62 52
62 53
62 55
62 58
62 60
62 70
62 71
62 72
62 76
62 87
63 2
63 10
63 12
63 21
63 23
63 25
63 26
63 27
63 29
63 31
63 32
63 33
63 35
63 41
63 43
63 52
63 53
63 60
63 70
63 71
63 72
63 73
63 83
64 58
64 2
64 3
64 4
64 70
64 41
64 43
64 12
64 73
64 87
64 35
64 20
64 53
64 54
64 55
64 25
64 26
64 27
64 29
64 52
65 2
65 4
65 10
65 14
65 21
65 22
65 23
65 25
65 27
65 31
65 32
65 33
65 35
65 37
65 41
65 43
65 47
65 52
65 53
65 54
65 60
65 71
65 72
65 73
65 74
65 77
65 86
65 87
66 58
66 35
66 53
66 70
66 87
67 2
67 4
67 7
67 10
67 12
67 14
67 21
67 22
67 23
67 24
67 25
67 26
67 27
67 32
67 33
67 41
67 43
67 45
67 52
67 54
67 58
67 66
67 71
67 72
67 73
67 74
69 41
69 2
71 33
71 41
71 74
71 87
71 45
71 56
71 52
71 23
71 24
71 25
71 27
71 60
71 10
72 32
72 66
72 35
72 4
72 37
72 71
72 40
72 41
72 10
72 87
72 12
72 45
72 14
72 73
72 52
72 54
72 23
72 25
72 58
72 74
73 58
73 35
74 2
74 4
74 10
74 12
74 14
74 21
74 24
74 25
74 27
74 29
74 33
74 38
74 41
74 43
74 47
74 53
74 58
74 60
74 70
74 71
74 72
74 73
74 74
74 77
74 87
75 2
75 4
75 8
75 10
75 12
75 14
75 22
75 23
75 24
75 27
75 29
75 31
75 32
75 33
75 35
75 39
75 40
75 43
75 44
75 53
75 55
75 58
75 60
75 71
75 72
75 73
75 83
75 87
76 4
76 7
76 8
76 10
76 12
76 21
76 22
76 23
76 24
76 25
76 27
76 33
76 35
76 37
76 41
76 42
76 43
76 52
76 53
76 58
76 60
76 71
76 72
76 73
76 74
76 76
76 87
77 41
77 2
78 8
78 14
78 21
78 24
78 25
78 26
78 29
78 33
78 35
78 38
78 45
78 47
78 52
78 53
78 54
78 55
78 58
78 60
78 70
78 71
78 73
78 74
78 87
79 2
79 4
79 12
79 14
79 21
79 23
79 26
79 27
79 31
79 32
79 33
79 40
79 41
79 43
79 45
79 53
79 54
79 58
79 71
79 73
79 74
79 76
80 4
80 10
80 12
80 14
80 22
80 23
80 24
80 25
80 27
80 29
80 32
80 33
80 35
80 43
80 47
80 52
80 54
80 58
80 71
80 73
80 83
80 87
82 3
82 4
82 10
82 12
82 21
82 24
82 25
82 27
82 31
82 33
82 41
82 43
82 45
82 47
82 52
82 53
82 58
82 70
82 71
82 73
82 83
82 87
83 33
83 2
83 35
83 4
83 37
83 71
83 8
83 41
83 74
83 43
83 45
83 47
83 72
83 52
83 21
83 23
83 24
83 25
83 27
83 60
83 53
84 33
84 4
84 70
84 71
84 8
84 10
84 43
84 12
84 14
84 52
84 54
84 23
84 25
84 58
84 27
84 60
84 55
85 58
85 35
85 12
85 14
85 23
86 73
86 74
86 26
86 14
86 25
87 2
87 4
87 41
87 43
87 12
87 21
87 87
87 58
87 27
87 53
