88
0 3
0 4
0 6
0 39
0 12
0 76
0 77
0 44
0 51
0 22
0 27
1 0
1 32
1 66
1 3
1 37
1 38
1 65
1 8
1 9
1 44
1 45
1 35
1 41
1 57
1 29
2 66
2 3
2 4
2 71
2 41
2 11
2 76
2 77
2 13
2 82
2 84
2 2
3 0
3 8
3 9
3 12
3 17
3 32
3 33
3 38
3 39
3 40
3 42
3 43
3 44
3 47
3 48
3 50
3 51
3 52
3 63
3 64
3 65
3 67
3 71
4 1
4 6
4 7
4 8
4 9
4 11
4 12
4 22
4 24
4 28
4 32
4 39
4 41
4 44
4 46
4 50
4 51
4 55
4 59
4 63
4 65
4 69
4 79
4 84
5 32
5 1
5 2
5 75
5 4
5 6
5 7
5 8
5 10
5 39
5 77
5 14
5 79
5 16
5 83
5 84
5 48
5 54
5 28
5 61
5 53
6 1
6 2
6 4
6 21
6 29
6 33
6 34
6 35
6 38
6 43
6 47
6 50
6 51
6 53
6 54
6 55
6 66
6 68
6 69
6 77
6 79
6 83
6 87
7 35
7 4
7 5
7 75
7 79
7 67
7 60
7 37
8 1
8 2
8 44
8 77
8 22
8 60
9 67
9 4
9 38
9 6
9 39
9 8
9 44
9 43
9 76
9 77
9 49
9 22
9 27
9 28
10 35
10 6
10 39
10 9
10 10
10 44
10 45
10 46
10 77
10 59
10 67
10 54
10 41
10 25
10 27
10 60
10 30
11 8
11 57
11 43
11 12
12 73
12 10
12 28
12 6
12 25
13 0
13 2
13 3
13 4
13 6
13 9
13 24
13 25
13 33
13 35
13 50
13 51
13 55
13 57
13 60
13 69
13 71
13 76
13 77
13 82
13 83
13 85
13 86
14 5
15 0
15 1
15 67
15 35
15 40
15 44
15 76
15 50
15 19
15 28
15 31
17 0
17 83
17 3
17 36
17 69
17 7
17 10
17 11
17 47
17 67
17 52
17 85
17 54
17 79
17 29
18 68
18 33
18 2
18 3
18 4
18 70
18 9
18 42
18 76
18 61
18 47
18 67
18 73
18 41
18 25
18 27
18 29
18 36
19 32
19 35
19 8
19 9
19 51
19 60
21 76
21 77
22 70
23 67
23 4
23 38
23 71
23 40
23 9
23 75
23 45
23 17
23 43
23 41
23 39
23 61
23 55
24 24
25 3
25 69
25 75
25 12
25 45
25 55
25 24
26 17
26 10
26 43
26 87
27 32
27 2
27 67
27 36
27 5
27 8
27 44
27 12
27 77
27 53
27 54
27 24
27 57
27 26
28 6
28 41
28 42
28 50
28 53
28 22
28 62
29 32
29 41
29 85
30 8
30 48
30 85
31 1
31 67
31 41
31 43
31 44
31 84
32 1
32 2
32 33
32 48
32 85
32 29
33 39
33 73
33 43
33 21
33 86
33 28
34 17
34 43
34 60
34 6
34 28
35 1
35 2
35 4
35 70
35 73
35 85
35 23
36 35
36 4
36 69
36 42
36 81
36 28
37 0
37 36
37 76
37 25
37 28
37 61
38 0
38 32
38 2
38 75
38 4
38 6
38 7
38 9
38 43
38 66
38 48
38 17
38 82
38 85
38 22
38 73
38 56
38 36
38 27
38 61
38 81
39 66
39 35
39 6
39 39
39 8
39 10
39 44
39 77
39 48
39 40
39 51
39 53
39 54
39 55
39 24
39 42
39 62
40 32
40 1
40 66
40 35
40 40
40 76
40 42
40 44
40 47
40 80
40 81
40 67
40 22
40 87
40 56
40 29
40 62
41 0
41 2
41 38
41 76
41 48
41 81
41 53
41 55
41 60
42 4
42 7
42 8
42 12
42 21
42 22
42 23
42 30
42 31
42 33
42 36
42 46
42 48
42 53
42 54
42 55
42 65
42 67
42 71
42 76
42 77
42 81
42 85
43 4
43 13
43 24
43 29
43 35
43 36
43 39
43 40
43 41
43 42
43 43
43 45
43 53
43 54
43 55
43 59
43 61
43 65
43 67
43 73
43 75
43 76
43 77
43 87
44 0
44 23
44 28
44 29
44 33
44 37
44 39
44 41
44 42
44 45
44 47
44 54
44 60
44 61
44 62
44 65
44 67
44 75
44 77
44 80
44 81
44 84
44 85
45 32
45 36
45 70
45 8
45 10
45 45
45 48
45 40
45 51
45 24
45 25
45 59
45 42
46 41
46 43
46 76
46 59
46 7
47 30
48 0
48 2
48 39
48 71
48 13
48 45
48 54
48 26
49 65
49 2
49 33
49 40
49 10
49 43
49 76
49 17
49 82
49 87
50 0
50 5
50 77
50 79
50 82
50 87
51 36
51 5
51 39
51 73
51 75
51 79
51 48
51 81
51 55
51 25
52 32
52 4
52 5
52 12
52 81
52 55
52 59
52 61
52 62
52 63
53 1
53 3
53 33
53 41
53 42
53 60
53 79
53 48
53 51
53 85
53 25
53 28
54 4
54 38
54 8
54 41
54 43
54 44
54 77
54 82
54 83
54 54
54 87
54 62
54 31
55 67
55 71
55 40
55 73
55 75
55 50
55 35
55 55
55 28
56 33
56 2
56 4
56 5
56 40
56 42
56 76
56 81
56 83
56 84
56 53
56 86
56 59
56 30
57 76
57 33
57 27
57 4
57 6
58 71
58 40
58 77
58 79
58 17
58 22
59 1
59 4
59 6
59 12
59 16
59 22
59 28
59 32
59 35
59 36
59 39
59 41
59 45
59 47
59 50
59 54
59 60
59 67
59 76
59 82
59 84
59 85
60 0
60 65
60 43
60 36
60 32
60 75
61 6
61 8
61 42
61 43
61 12
61 77
61 47
61 84
61 53
61 87
61 56
61 27
62 65
62 7
62 72
62 41
62 44
62 84
62 54
62 62
63 1
63 35
63 5
63 39
63 40
63 12
63 10
63 75
63 76
63 79
63 49
63 54
63 27
63 28
64 60
66 0
66 2
66 12
66 42
66 44
66 47
66 82
66 53
66 57
67 66
67 35
67 71
67 8
67 60
67 44
67 2
67 22
67 55
67 24
67 26
67 28
67 62
68 65
68 66
68 3
68 68
68 69
68 38
68 72
68 10
68 87
68 44
68 46
68 47
68 81
68 54
68 23
68 57
68 28
68 42
69 0
69 1
69 3
69 9
69 10
69 12
69 22
69 28
69 30
69 33
69 36
69 39
69 42
69 48
69 49
69 57
69 67
69 71
69 79
69 81
69 82
69 83
70 33
70 34
70 54
70 39
70 73
70 74
70 43
70 76
70 77
70 79
70 17
70 9
70 22
70 41
71 0
71 34
71 67
71 4
71 5
71 72
71 9
71 10
71 43
71 76
71 51
71 84
71 52
71 42
72 0
72 2
72 35
72 39
72 71
72 83
72 54
73 24
73 9
73 83
73 35
73 12
74 42
74 59
74 76
74 79
75 6
75 8
75 73
75 42
75 45
75 81
75 50
75 41
75 54
75 87
75 28
75 61
75 53
76 39
76 9
76 62
76 22
76 87
76 30
77 67
77 7
77 41
77 39
77 57
77 60
78 8
79 75
79 86
79 11
79 76
79 17
79 83
79 84
79 22
79 24
79 59
80 43
80 69
80 71
81 73
81 2
81 3
81 4
82 48
82 41
82 69
82 71
83 2
83 71
83 8
83 7
83 51
83 55
84 2
84 43
84 69
84 8
84 42
84 75
84 66
84 17
84 40
84 23
84 59
84 28
84 62
84 31
85 49
85 51
86 39
86 40
86 76
86 47
86 48
86 86
86 87
86 57
86 59
87 2
87 3
87 5
87 8
87 14
87 22
87 24
87 35
87 37
87 39
87 40
87 41
87 42
87 43
87 46
87 57
87 60
87 65
87 79
87 81
87 83
87 85
