88
0 66
0 71
0 60
0 42
0 77
0 85
0 87
0 27
0 28
0 62
1 35
1 68
1 9
1 43
1 79
1 83
1 86
4 48
4 67
5 64
5 33
5 66
5 9
5 79
5 48
5 51
5 52
5 87
5 25
5 26
5 29
9 2
9 10
9 13
10 32
10 49
10 10
10 13
10 48
10 17
10 62
10 30
12 45
12 38
13 34
13 36
13 37
13 38
13 8
13 60
13 79
13 70
13 52
13 47
13 49
13 20
13 73
13 25
13 87
13 59
13 28
13 30
13 31
18 27
19 8
19 25
19 83
20 32
20 2
20 73
20 66
20 46
20 13
20 49
20 9
20 87
20 25
20 27
22 1
22 35
22 46
23 66
23 35
23 37
23 73
23 42
23 78
23 26
23 30
24 32
24 2
24 36
24 69
24 71
24 9
24 66
24 48
24 53
24 28
24 31
25 0
25 2
25 35
25 72
25 9
25 42
25 34
25 78
25 77
25 49
25 50
25 67
25 20
25 62
25 73
25 55
25 30
26 17
27 9
27 54
28 50
28 59
28 77
30 64
30 67
30 36
30 37
30 71
30 8
30 44
30 77
30 48
30 51
30 54
30 23
30 27
32 43
32 36
32 30
33 0
33 35
33 38
33 76
33 78
33 50
33 54
33 26
33 59
34 32
34 1
34 68
34 37
34 70
34 8
34 63
34 42
34 44
34 45
34 64
34 48
34 49
34 21
34 76
34 26
34 27
34 60
34 30
34 53
35 8
35 9
35 10
35 76
35 61
35 48
35 83
35 86
35 58
35 27
35 42
36 33
36 66
36 38
36 39
36 8
36 73
36 42
36 43
36 76
36 79
36 80
36 51
36 54
36 83
36 27
36 65
36 62
36 31
37 32
37 33
37 2
37 66
37 38
37 81
37 42
37 83
37 76
37 45
37 46
37 77
37 80
37 49
37 79
37 20
37 59
37 61
37 63
38 24
38 9
38 42
39 0
39 32
39 37
39 8
39 42
39 46
39 47
39 80
39 50
39 21
40 33
40 3
40 55
40 13
40 79
40 80
40 49
40 51
40 52
40 87
40 27
40 31
41 0
41 34
41 3
41 36
41 86
41 70
41 39
41 40
41 76
41 10
41 43
41 44
41 45
41 77
41 35
41 54
41 23
41 59
41 31
42 64
42 32
42 67
42 69
42 39
42 42
42 50
42 83
42 21
42 86
42 54
43 0
43 32
43 66
43 33
43 9
43 76
43 45
43 44
43 83
43 54
43 25
43 63
44 2
44 38
44 71
44 8
44 78
44 47
44 48
44 83
44 20
44 53
44 54
44 25
44 27
44 52
45 1
45 9
45 11
45 21
45 23
45 26
45 28
45 30
45 32
45 35
45 42
45 45
45 48
45 50
45 59
45 60
45 62
45 67
45 71
45 73
45 79
45 80
45 81
45 85
45 86
46 0
46 64
46 2
46 3
46 72
46 60
46 75
46 77
46 80
46 47
46 48
46 82
46 35
46 20
46 57
46 86
46 23
46 52
46 28
46 61
47 0
47 80
47 35
47 37
47 71
47 42
47 43
47 76
47 48
47 49
47 18
47 21
47 59
47 74
47 69
47 53
48 2
48 71
48 9
48 10
48 75
48 77
48 78
48 52
48 25
48 27
48 62
49 80
49 2
49 59
49 38
49 39
49 8
49 9
49 42
49 71
49 76
49 79
49 48
49 49
49 86
49 73
49 26
49 27
49 28
50 33
50 66
50 35
50 36
50 41
50 74
50 67
50 44
50 45
50 77
50 47
50 49
50 51
50 52
50 59
50 83
50 27
50 61
50 62
51 0
51 37
51 38
51 74
51 20
51 54
51 26
51 31
53 32
53 33
53 72
53 83
53 87
53 63
54 33
54 35
54 36
54 81
54 9
54 42
54 76
54 13
54 46
54 45
54 48
54 49
54 83
54 78
54 54
54 87
54 25
54 27
54 60
54 30
55 32
55 59
55 37
55 72
55 75
55 76
55 81
55 55
55 27
55 60
55 61
56 64
56 2
56 3
56 36
56 38
56 39
56 9
56 42
56 43
56 66
56 47
56 80
56 49
56 75
56 35
56 21
56 73
56 83
56 59
56 29
56 85
57 37
57 39
57 77
57 48
57 83
57 52
57 85
58 64
58 80
58 35
58 36
58 39
58 9
58 10
58 43
58 78
58 47
58 48
58 17
58 18
58 20
58 54
58 87
58 52
58 26
58 60
58 58
58 31
59 33
59 2
59 3
59 5
59 71
59 80
59 73
59 42
59 67
59 34
59 45
59 48
59 49
59 18
59 35
59 20
59 21
59 75
59 53
60 1
60 39
60 43
60 76
60 13
60 28
61 80
61 50
61 52
62 64
62 33
62 35
62 69
62 38
62 71
62 80
62 9
62 44
62 77
62 46
62 47
62 48
62 49
62 83
62 85
62 41
62 25
62 70
62 62
63 42
63 85
63 70
64 0
64 48
64 35
64 69
64 13
64 80
64 81
64 20
64 86
64 23
64 60
65 20
65 21
65 24
65 25
65 29
65 34
65 36
65 47
65 49
65 53
65 58
65 60
65 61
65 62
65 64
65 66
65 70
65 72
65 73
65 74
65 76
65 83
66 64
66 35
66 69
66 41
66 74
66 47
66 49
66 42
66 20
66 86
66 37
66 31
67 0
67 87
67 69
67 70
67 72
67 9
67 42
67 62
67 46
67 47
67 80
67 52
67 21
67 73
67 41
67 25
67 85
67 27
67 86
67 30
67 31
68 43
68 68
68 38
68 39
68 9
68 75
68 51
68 26
68 27
68 28
68 63
69 0
69 32
69 39
69 8
69 43
69 76
69 78
69 20
69 85
69 54
69 28
70 32
70 64
70 83
70 35
70 81
70 71
70 8
70 41
70 75
70 76
70 45
70 47
70 80
70 40
70 67
70 20
70 54
70 87
70 26
70 27
71 2
71 35
71 36
71 5
71 38
71 39
71 8
71 60
71 71
71 76
71 86
71 80
71 49
71 50
71 67
71 20
71 54
71 55
71 28
71 61
71 30
72 34
72 66
72 37
72 71
72 8
72 73
72 10
72 45
72 47
72 80
72 49
72 79
72 52
72 21
72 54
72 26
72 59
72 28
72 58
72 69
73 32
73 65
73 66
73 35
73 68
73 39
73 8
73 10
73 43
73 13
73 77
73 45
73 83
73 78
73 54
73 26
73 47
73 60
73 61
73 31
74 1
74 66
74 67
74 68
74 37
74 8
74 73
74 10
74 55
74 78
74 48
74 49
74 75
74 51
74 23
74 83
74 87
74 59
74 42
74 31
75 67
75 36
75 43
75 50
75 79
75 82
75 21
75 23
75 62
75 25
75 30
76 32
76 64
76 34
76 35
76 36
76 80
76 8
76 9
76 45
76 78
76 48
76 49
76 67
76 86
76 57
76 58
76 27
76 28
77 43
77 39
77 73
77 74
77 11
77 76
77 79
77 81
77 83
77 52
77 9
77 25
77 31
78 48
78 34
78 36
78 37
78 8
78 9
78 10
78 80
78 54
78 61
79 0
79 64
79 66
79 35
79 8
79 10
79 83
79 76
79 45
79 78
79 77
79 50
79 67
79 62
79 54
79 59
79 60
79 61
79 30
79 31
80 42
80 43
80 79
80 80
80 50
80 86
81 69
81 38
81 39
81 40
81 73
81 79
81 80
81 49
81 50
81 83
81 52
81 9
81 26
81 37
83 77
84 0
84 33
84 2
84 34
84 37
84 38
84 8
84 64
84 42
84 76
84 13
84 78
84 49
84 35
84 74
84 26
84 60
84 58
86 36
86 41
86 78
86 80
86 49
86 83
86 87
86 27
86 62
87 33
87 34
87 36
87 86
87 70
87 9
87 10
87 43
87 76
87 46
87 80
87 82
87 83
87 20
87 62
87 54
87 41
87 27
87 28
87 30
