88
0 1
0 35
0 4
0 37
0 6
0 65
0 10
0 43
0 12
0 13
0 77
0 16
0 49
0 50
0 83
0 86
0 25
0 58
0 38
2 1
2 35
2 4
2 37
2 6
2 65
2 10
2 43
2 13
2 77
2 16
2 49
2 50
2 83
2 85
2 25
3 1
3 66
3 35
3 4
3 37
3 6
3 65
3 10
3 75
3 12
3 13
3 77
3 49
3 83
3 25
3 58
5 1
5 4
5 37
5 6
5 10
5 43
5 12
5 13
5 77
5 83
5 85
5 25
14 65
14 83
14 37
14 13
15 1
15 4
15 6
15 65
15 10
15 13
15 77
15 83
15 25
16 1
16 35
16 4
16 37
16 6
16 65
16 10
16 43
16 13
16 77
16 49
16 50
16 83
16 86
16 25
16 58
17 1
17 10
18 1
18 66
18 35
18 4
18 37
18 6
18 39
18 10
18 43
18 12
18 13
18 77
18 49
18 50
18 83
18 85
18 86
18 25
18 58
18 75
18 65
19 1
19 83
19 35
19 4
19 37
19 6
19 65
19 10
19 43
19 12
19 13
19 77
19 16
19 49
19 75
19 51
19 85
19 86
19 25
19 58
19 38
21 65
21 83
21 6
21 1
22 65
22 83
22 35
22 4
22 37
22 6
22 39
22 10
22 75
22 12
22 77
22 16
22 49
22 50
22 51
22 86
22 25
22 58
22 38
23 1
23 66
23 35
23 37
23 6
23 39
23 10
23 43
23 12
23 13
23 77
23 16
23 75
23 83
23 85
23 86
23 25
23 58
23 38
23 65
24 1
24 35
24 4
24 6
24 65
24 10
24 43
24 12
24 13
24 77
24 49
24 50
24 83
24 86
24 25
24 58
26 1
26 35
26 37
26 6
26 65
26 10
26 12
26 13
26 77
26 49
26 50
26 83
26 25
26 58
27 1
27 66
27 35
27 37
27 6
27 10
27 12
27 77
27 16
27 83
27 25
27 58
28 65
29 1
29 83
30 1
30 35
30 4
30 37
30 6
30 65
30 10
30 75
30 12
30 13
30 77
30 16
30 49
30 83
30 86
30 25
30 58
31 1
31 66
31 35
31 4
31 37
31 6
31 39
31 10
31 43
31 12
31 13
31 77
31 16
31 49
31 50
31 51
31 86
31 83
31 25
31 65
33 65
33 35
33 37
33 6
33 1
33 12
33 13
33 83
34 1
34 83
34 35
34 4
34 37
34 6
34 65
34 10
34 43
34 12
34 13
34 77
34 16
34 49
34 75
34 51
34 85
34 86
34 25
34 38
35 1
35 66
35 35
35 4
35 37
35 6
35 65
35 10
35 43
35 12
35 13
35 77
35 16
35 49
35 51
35 86
35 83
35 25
35 58
36 65
36 35
36 4
36 37
36 6
36 1
36 10
36 39
36 12
36 13
36 77
36 43
36 83
36 51
40 1
40 35
40 4
40 37
40 6
40 10
40 43
40 12
40 13
40 77
40 83
40 25
41 1
41 83
41 35
41 4
41 37
41 6
41 39
41 10
41 43
41 12
41 13
41 77
41 16
41 49
41 75
41 51
41 85
41 86
41 58
41 38
41 65
42 1
42 4
42 37
42 6
42 65
42 10
42 12
42 13
42 77
42 49
42 83
42 85
42 25
42 38
44 65
44 66
44 35
44 4
44 37
44 6
44 10
44 43
44 12
44 13
44 77
44 16
44 49
44 86
44 25
44 58
45 65
45 37
45 6
45 49
46 1
46 35
46 4
46 37
46 38
46 65
46 10
46 43
46 12
46 13
46 77
46 49
46 75
46 83
46 86
46 25
47 1
47 66
47 35
47 4
47 37
47 6
47 65
47 10
47 43
47 12
47 13
47 77
47 16
47 75
47 51
47 85
47 86
47 83
47 25
47 58
47 38
48 1
48 66
48 35
48 4
48 37
48 65
48 75
48 12
48 13
48 77
48 16
48 49
48 50
48 83
48 85
48 58
49 1
49 83
49 35
49 4
49 37
49 6
49 39
49 10
49 43
49 12
49 13
49 77
49 16
49 49
49 75
49 51
49 86
49 25
49 58
49 38
49 65
52 1
52 66
52 35
52 4
52 37
52 6
52 65
52 10
52 43
52 12
52 13
52 77
52 16
52 83
52 86
52 25
53 1
53 35
53 37
53 6
53 65
53 10
53 12
53 77
53 13
53 49
53 83
53 86
53 25
53 58
54 1
54 66
54 35
54 4
54 37
54 6
54 65
54 10
54 43
54 12
54 13
54 49
54 83
54 86
54 25
54 58
54 38
55 65
55 35
55 37
55 6
55 1
55 10
55 13
55 49
55 51
55 25
57 1
57 66
57 35
57 4
57 37
57 6
57 39
57 10
57 43
57 12
57 13
57 77
57 50
57 51
57 85
57 86
57 83
57 25
57 58
57 38
57 65
59 65
59 35
59 37
59 6
59 1
59 10
59 77
59 13
59 16
59 49
59 50
59 83
59 86
59 58
60 1
60 66
60 35
60 4
60 37
60 6
60 39
60 10
60 43
60 12
60 13
60 77
60 16
60 49
60 75
60 51
60 85
60 86
60 25
60 58
60 65
61 1
61 35
61 37
61 6
61 65
61 10
61 43
61 12
61 13
61 77
61 49
61 83
61 25
61 58
62 1
62 66
62 35
62 37
62 6
62 65
62 10
62 43
62 13
62 77
62 16
62 49
62 75
62 83
62 86
62 25
63 1
63 35
63 4
63 37
63 6
63 39
63 10
63 43
63 12
63 13
63 77
63 49
63 50
63 83
63 86
63 25
63 58
63 38
63 65
64 1
64 83
64 35
64 4
64 37
64 6
64 65
64 10
64 75
64 12
64 13
64 49
64 51
64 85
64 25
64 38
67 1
67 66
67 35
67 4
67 37
67 6
67 65
67 10
67 43
67 12
67 13
67 77
67 16
67 49
67 50
67 51
67 85
67 86
67 25
67 58
67 38
68 1
68 66
68 35
68 4
68 37
68 6
68 10
68 43
68 12
68 13
68 77
68 83
68 85
68 86
68 58
69 6
69 86
70 1
70 35
70 4
70 37
70 6
70 65
70 10
70 13
70 77
70 16
70 49
70 83
70 86
71 1
71 66
71 4
71 37
71 6
71 39
71 10
71 12
71 13
71 77
71 49
71 83
71 85
71 86
71 25
71 58
71 65
72 1
72 66
72 35
72 4
72 37
72 6
72 39
72 10
72 43
72 12
72 13
72 77
72 16
72 50
72 83
72 85
72 86
72 25
72 58
72 75
72 65
76 1
76 66
76 35
76 4
76 37
76 6
76 39
76 10
76 43
76 12
76 13
76 77
76 16
76 49
76 83
76 85
76 86
76 25
76 58
76 38
76 65
78 1
78 66
78 35
78 4
78 37
78 6
78 39
78 10
78 75
78 12
78 13
78 77
78 16
78 49
78 50
78 83
78 86
78 25
78 58
78 38
78 65
79 1
79 4
79 37
79 6
79 65
79 10
79 43
79 83
79 25
80 1
80 66
80 35
80 4
80 37
80 6
80 65
80 10
80 75
80 12
80 13
80 77
80 16
80 50
80 51
80 85
80 86
80 83
80 25
80 58
81 1
81 35
81 4
81 37
81 6
81 65
81 75
81 10
81 43
81 12
81 77
81 16
81 49
81 50
81 83
81 86
81 25
81 58
81 38
82 65
82 37
82 10
82 75
82 12
82 77
82 13
82 49
82 83
82 58
83 1
83 66
83 35
83 4
83 37
83 6
83 39
83 10
83 43
83 12
83 13
83 77
83 16
83 49
83 75
83 83
83 85
83 25
83 58
83 65
84 1
84 35
84 4
84 37
84 6
84 65
84 10
84 12
84 13
84 77
84 49
84 83
84 85
84 86
87 1
87 35
87 4
87 37
87 6
87 65
87 10
87 43
87 12
87 13
87 77
87 49
87 83
87 86
87 25
87 58
