88
0 69
0 21
2 2
2 69
2 29
3 0
3 2
3 3
3 4
3 7
3 8
3 10
3 11
3 12
3 13
3 14
3 16
3 21
3 22
3 26
3 28
3 29
3 30
3 31
3 34
3 35
3 36
3 40
3 45
3 46
3 47
3 49
3 59
3 63
3 68
3 76
3 77
3 79
3 81
3 83
3 85
3 86
4 36
4 82
4 4
4 69
4 85
5 82
5 35
5 29
5 30
5 63
6 2
6 4
6 69
6 40
6 45
6 46
6 82
6 36
6 29
6 30
6 63
8 81
8 2
8 35
8 85
8 30
10 8
10 9
10 11
10 45
10 82
10 22
10 27
11 0
11 6
11 7
11 8
11 9
11 11
11 12
11 13
11 16
11 21
11 22
11 26
11 28
11 29
11 31
11 34
11 35
11 47
11 49
11 59
11 62
11 63
11 68
11 69
11 76
11 81
11 82
11 85
11 86
12 0
12 3
12 4
12 6
12 7
12 8
12 9
12 12
12 13
12 16
12 20
12 21
12 26
12 28
12 29
12 30
12 31
12 34
12 35
12 36
12 38
12 40
12 45
12 46
12 49
12 59
12 62
12 63
12 68
12 69
12 77
12 79
12 81
12 82
12 85
12 86
13 0
13 2
13 3
13 6
13 8
13 9
13 12
13 13
13 14
13 16
13 21
13 26
13 28
13 29
13 30
13 31
13 35
13 36
13 40
13 41
13 45
13 47
13 49
13 62
13 68
13 69
13 77
13 79
13 85
16 0
16 82
16 29
16 69
16 85
17 16
17 30
18 2
18 36
18 40
18 10
18 12
18 21
18 82
18 85
18 28
18 29
18 30
18 31
19 8
19 49
19 34
19 28
19 85
20 0
20 2
20 3
20 4
20 6
20 8
20 9
20 10
20 11
20 12
20 13
20 14
20 16
20 21
20 22
20 27
20 28
20 29
20 30
20 31
20 33
20 34
20 35
20 36
20 40
20 45
20 46
20 47
20 49
20 62
20 63
20 68
20 69
20 81
20 82
20 83
20 86
22 68
22 69
22 8
22 9
22 81
22 85
22 40
22 21
22 62
22 63
24 29
24 62
25 8
25 45
26 0
26 2
26 3
26 4
26 7
26 8
26 9
26 10
26 12
26 14
26 16
26 20
26 21
26 22
26 26
26 28
26 29
26 30
26 34
26 35
26 36
26 38
26 40
26 41
26 46
26 47
26 59
26 62
26 63
26 68
26 69
26 77
26 79
26 81
26 82
26 83
26 86
27 0
27 2
27 3
27 4
27 9
27 11
27 12
27 13
27 16
27 21
27 22
27 26
27 28
27 30
27 31
27 34
27 36
27 40
27 41
27 45
27 46
27 47
27 62
27 63
27 69
27 79
27 81
27 82
27 85
28 35
28 62
29 8
29 81
29 82
29 29
29 47
32 3
32 49
32 8
32 79
32 40
32 82
32 21
32 28
33 0
33 2
33 4
33 6
33 8
33 12
33 13
33 14
33 16
33 21
33 22
33 31
33 34
33 35
33 36
33 40
33 45
33 46
33 47
33 49
33 62
33 68
33 69
33 79
33 81
33 82
33 83
33 85
34 0
34 2
34 8
34 9
34 12
34 14
34 21
34 22
34 26
34 27
34 29
34 30
34 31
34 34
34 35
34 36
34 38
34 40
34 45
34 47
34 59
34 62
34 69
34 79
34 81
34 82
34 85
34 86
38 68
38 34
38 35
38 4
38 69
38 8
38 9
38 12
38 86
38 81
38 21
38 22
38 36
38 28
38 29
38 63
39 35
39 4
39 69
39 6
39 40
39 79
39 81
39 28
39 29
40 35
40 40
40 46
40 47
40 85
40 29
40 62
41 0
41 2
41 3
41 4
41 6
41 12
41 13
41 14
41 16
41 21
41 22
41 28
41 29
41 30
41 31
41 34
41 36
41 40
41 45
41 46
41 47
41 49
41 62
41 63
41 68
41 79
41 81
41 82
41 85
42 2
42 3
42 36
42 8
42 12
42 79
42 81
42 82
42 85
42 40
42 29
42 62
42 21
43 0
43 3
43 4
43 6
43 8
43 10
43 12
43 13
43 14
43 16
43 21
43 22
43 26
43 27
43 28
43 29
43 30
43 31
43 34
43 35
43 40
43 46
43 62
43 63
43 68
43 69
43 81
43 82
43 85
44 3
45 8
45 81
45 26
45 13
45 86
46 0
46 2
46 3
46 4
46 8
46 9
46 12
46 14
46 16
46 21
46 22
46 26
46 28
46 29
46 31
46 35
46 36
46 41
46 45
46 46
46 62
46 68
46 69
46 79
46 81
46 82
46 86
47 0
47 2
47 4
47 6
47 8
47 9
47 12
47 13
47 14
47 16
47 20
47 21
47 22
47 26
47 27
47 28
47 29
47 30
47 31
47 33
47 34
47 35
47 36
47 40
47 45
47 46
47 47
47 49
47 62
47 68
47 69
47 77
47 79
47 81
47 82
47 85
47 86
48 16
48 62
50 68
51 45
51 16
51 21
51 86
51 28
51 29
52 69
53 45
54 28
54 62
55 40
55 28
55 21
55 86
55 29
56 49
58 81
58 49
59 28
59 2
59 36
59 85
59 46
60 86
60 35
60 69
60 81
60 8
60 9
60 12
60 45
60 47
60 16
60 40
60 82
60 21
60 22
60 26
60 28
60 30
60 63
61 22
61 8
61 13
61 47
61 81
61 85
61 86
61 28
61 29
61 69
62 68
62 40
62 8
62 21
62 28
62 29
63 4
63 69
63 40
63 45
63 79
63 16
63 49
63 22
63 26
63 62
64 82
64 35
64 36
64 45
64 30
66 34
66 35
66 69
66 81
66 8
66 9
66 62
66 12
66 40
66 82
66 21
66 86
66 26
66 30
66 31
67 6
67 8
67 9
67 14
67 16
67 21
67 22
67 26
67 28
67 29
67 30
67 31
67 33
67 34
67 35
67 36
67 40
67 45
67 47
67 49
67 59
67 62
67 63
67 69
67 77
67 79
67 81
67 82
67 85
68 40
68 9
68 3
68 45
68 21
69 3
69 36
69 6
69 28
69 29
69 62
70 8
70 81
70 82
70 85
70 47
71 82
72 2
72 35
72 69
72 6
72 40
72 82
72 21
72 86
72 28
72 29
72 30
72 85
73 40
73 13
73 81
73 82
73 86
73 30
74 0
74 2
74 3
74 8
74 12
74 13
74 14
74 16
74 21
74 22
74 28
74 29
74 30
74 31
74 33
74 34
74 35
74 36
74 40
74 41
74 46
74 49
74 62
74 63
74 69
74 76
74 81
74 82
74 85
75 0
75 4
75 8
75 9
75 11
75 13
75 16
75 20
75 21
75 22
75 26
75 30
75 31
75 33
75 34
75 35
75 36
75 38
75 40
75 45
75 46
75 49
75 59
75 62
75 63
75 68
75 69
75 76
75 81
75 82
75 85
75 86
76 36
76 69
76 81
76 85
76 4
76 62
76 31
77 0
77 2
77 3
77 6
77 9
77 12
77 13
77 16
77 21
77 22
77 26
77 27
77 28
77 30
77 35
77 36
77 40
77 45
77 46
77 47
77 49
77 62
77 68
77 69
77 79
77 81
77 82
77 85
77 86
78 0
78 2
78 3
78 4
78 6
78 8
78 13
78 21
78 22
78 26
78 27
78 28
78 29
78 31
78 35
78 38
78 40
78 45
78 46
78 47
78 49
78 62
78 63
78 68
78 81
78 82
78 85
78 86
79 0
79 3
79 4
79 6
79 7
79 8
79 9
79 12
79 14
79 16
79 21
79 22
79 28
79 29
79 30
79 31
79 34
79 36
79 40
79 46
79 49
79 62
79 68
79 79
79 81
79 83
79 85
79 86
81 69
81 6
81 13
81 81
81 82
81 21
81 29
81 63
83 62
86 81
86 63
86 28
86 21
86 79
87 8
87 82
87 69
87 62
87 29
