88
0 2
0 10
0 26
0 29
0 30
0 35
0 36
0 38
0 40
0 42
0 43
0 45
0 50
0 53
0 59
0 62
0 66
0 69
0 71
0 72
0 76
0 81
0 87
1 2
1 10
1 11
1 13
1 27
1 28
1 31
1 34
1 35
1 36
1 39
1 40
1 43
1 46
1 54
1 59
1 62
1 66
1 72
1 75
1 76
1 81
1 82
1 83
1 86
2 2
2 36
2 39
2 9
2 10
2 43
2 76
2 45
2 46
2 82
2 83
2 66
2 54
2 62
2 31
5 2
5 3
5 6
5 40
5 10
5 43
5 76
5 34
5 46
5 35
5 24
5 83
5 26
5 61
5 62
5 31
7 10
7 46
8 42
8 87
10 40
10 9
10 76
10 46
10 82
10 86
10 59
10 31
12 76
12 46
16 69
16 6
16 40
16 43
16 76
16 46
16 82
16 83
16 26
16 59
16 31
17 6
17 9
17 10
17 13
17 24
17 31
17 34
17 35
17 36
17 38
17 39
17 40
17 42
17 43
17 45
17 46
17 59
17 60
17 66
17 76
17 79
17 80
17 81
17 82
17 83
19 2
19 6
19 9
19 10
19 13
19 20
19 28
19 29
19 30
19 31
19 34
19 35
19 38
19 39
19 40
19 42
19 43
19 44
19 46
19 53
19 54
19 59
19 62
19 66
19 71
19 72
19 76
19 82
19 83
21 2
21 3
21 4
21 6
21 9
21 10
21 13
21 26
21 27
21 29
21 30
21 31
21 33
21 34
21 35
21 36
21 40
21 41
21 42
21 43
21 45
21 46
21 53
21 54
21 55
21 62
21 72
21 76
21 81
21 82
21 83
21 86
21 87
22 2
22 6
22 9
22 10
22 13
22 24
22 26
22 31
22 35
22 36
22 39
22 40
22 41
22 46
22 51
22 59
22 61
22 62
22 66
22 76
22 80
22 81
22 82
22 83
22 86
23 2
23 9
23 10
23 13
23 26
23 27
23 29
23 31
23 34
23 35
23 40
23 43
23 46
23 59
23 62
23 63
23 66
23 67
23 76
23 79
23 82
23 83
23 87
25 35
25 4
25 40
25 10
25 46
25 81
25 83
25 62
25 31
26 2
26 35
26 40
26 10
26 43
26 76
26 46
26 83
26 31
27 0
27 2
27 4
27 9
27 10
27 13
27 26
27 31
27 36
27 38
27 40
27 43
27 46
27 54
27 55
27 59
27 62
27 66
27 73
27 76
27 79
27 81
27 82
27 83
27 86
29 0
29 2
29 34
29 66
29 6
29 40
29 9
29 10
29 43
29 13
29 46
29 82
29 83
29 87
29 68
29 28
29 74
29 62
29 31
30 0
30 66
30 35
30 40
30 44
30 76
30 46
30 83
30 86
30 62
30 31
31 34
31 35
31 10
31 43
31 76
31 46
31 83
31 62
32 9
32 10
32 43
32 76
32 81
32 54
32 41
32 62
32 31
33 39
33 10
33 43
33 76
33 46
33 79
33 83
34 35
34 4
34 40
34 10
34 43
34 76
34 83
34 54
34 62
35 3
35 39
35 40
35 9
35 10
35 76
35 26
35 62
35 31
36 35
36 2
36 3
36 40
36 9
36 10
36 43
36 66
36 46
36 83
36 26
36 59
36 62
36 31
37 2
37 6
37 9
37 10
37 13
37 26
37 31
37 34
37 35
37 39
37 40
37 42
37 43
37 53
37 62
37 66
37 67
37 69
37 76
37 80
37 81
37 82
37 83
38 33
38 2
38 3
38 66
38 38
38 6
38 40
38 9
38 43
38 76
38 13
38 46
38 34
38 82
38 35
38 87
38 83
38 26
38 59
38 62
38 31
39 2
39 6
39 10
39 26
39 29
39 30
39 31
39 34
39 35
39 36
39 40
39 43
39 45
39 46
39 50
39 55
39 57
39 59
39 62
39 68
39 76
39 81
39 83
39 86
40 40
40 10
40 43
40 76
40 83
40 54
40 59
40 31
44 35
44 4
44 6
44 40
44 9
44 10
44 43
44 76
44 13
44 46
44 81
44 82
44 83
44 36
44 42
44 62
44 31
45 35
45 10
45 76
45 13
45 26
45 62
45 31
46 40
46 9
46 76
46 46
46 26
46 27
46 62
46 31
47 2
47 3
47 6
47 9
47 10
47 13
47 26
47 27
47 30
47 31
47 33
47 34
47 35
47 39
47 40
47 41
47 42
47 43
47 46
47 54
47 58
47 59
47 65
47 66
47 76
47 81
47 83
47 86
48 2
48 3
48 10
48 26
48 27
48 29
48 30
48 31
48 34
48 35
48 38
48 39
48 40
48 42
48 43
48 46
48 54
48 56
48 59
48 62
48 66
48 68
48 72
48 73
48 76
48 81
48 82
48 83
49 0
49 2
49 6
49 10
49 13
49 30
49 31
49 32
49 36
49 38
49 39
49 40
49 42
49 43
49 44
49 46
49 50
49 52
49 60
49 61
49 62
49 64
49 66
49 72
49 76
49 79
49 81
49 82
49 83
49 86
49 87
51 35
51 40
51 10
51 76
51 46
51 81
51 83
51 59
51 62
52 4
52 40
52 10
52 43
52 46
52 81
52 83
52 62
52 31
54 6
54 10
54 13
54 26
54 29
54 30
54 31
54 34
54 35
54 36
54 38
54 40
54 43
54 46
54 54
54 59
54 62
54 76
54 79
54 81
54 83
54 87
55 32
55 2
55 3
55 36
55 40
55 10
55 43
55 76
55 13
55 46
55 81
55 83
55 66
55 59
55 62
55 31
59 66
59 35
59 38
59 39
59 40
59 9
59 10
59 43
59 76
59 59
59 83
59 52
59 27
59 62
59 31
60 34
60 10
60 43
60 76
60 2
60 46
60 53
60 27
60 31
61 0
61 66
61 34
61 42
61 43
61 76
61 2
61 82
61 83
61 62
61 31
62 34
62 36
62 10
62 76
62 13
62 83
62 54
62 31
66 2
66 3
66 6
66 10
66 13
66 31
66 34
66 35
66 36
66 38
66 39
66 40
66 41
66 45
66 46
66 59
66 62
66 66
66 72
66 76
66 81
66 83
66 86
67 2
67 3
67 38
67 39
67 40
67 9
67 75
67 76
67 13
67 78
67 43
67 83
67 54
67 30
69 2
69 6
69 9
69 10
69 11
69 13
69 30
69 31
69 34
69 35
69 40
69 43
69 45
69 46
69 51
69 54
69 57
69 59
69 62
69 66
69 67
69 70
69 76
69 79
69 82
69 86
69 87
70 34
70 39
70 40
70 9
70 10
70 43
70 76
70 83
70 31
71 2
71 35
71 66
71 86
71 38
71 40
71 9
71 10
71 43
71 13
71 46
71 81
71 83
71 54
71 55
71 68
71 26
71 62
71 31
73 40
73 9
73 10
73 43
73 13
73 46
73 82
73 62
73 31
74 2
74 3
74 38
74 6
74 40
74 9
74 10
74 43
74 76
74 66
74 13
74 82
74 83
74 31
75 0
75 2
75 35
75 36
75 70
75 38
75 39
75 9
75 10
75 43
75 13
75 59
75 82
75 66
75 62
75 41
75 83
75 27
75 81
75 30
75 31
77 0
77 3
77 4
77 9
77 10
77 13
77 25
77 26
77 27
77 31
77 34
77 35
77 36
77 38
77 39
77 40
77 43
77 46
77 53
77 54
77 58
77 59
77 62
77 76
77 81
77 82
77 83
77 86
79 34
79 35
79 36
79 69
79 40
79 9
79 10
79 43
79 76
79 46
79 81
79 82
79 83
79 54
79 41
79 26
79 59
79 86
79 58
83 34
83 40
83 10
83 76
83 46
83 83
83 87
83 59
85 2
85 35
85 40
85 43
85 66
85 46
85 13
85 62
86 2
86 39
86 43
86 66
86 82
86 83
86 84
86 62
86 31
87 34
87 54
87 76
87 13
87 46
87 81
87 86
87 59
87 62
87 31
