88
1 0
1 32
1 69
1 38
1 71
1 8
1 7
1 13
1 84
1 24
1 52
2 8
2 59
2 12
2 22
4 64
4 42
4 11
4 7
5 80
5 25
5 59
5 57
5 71
9 59
9 52
9 14
9 7
10 0
10 2
10 3
10 7
10 8
10 11
10 12
10 14
10 17
10 18
10 19
10 22
10 24
10 25
10 27
10 32
10 38
10 41
10 42
10 43
10 52
10 56
10 57
10 58
10 60
10 66
10 69
10 71
10 77
10 80
10 81
10 84
10 87
13 0
13 1
13 3
13 7
13 8
13 11
13 12
13 17
13 18
13 22
13 24
13 25
13 38
13 41
13 42
13 52
13 56
13 57
13 59
13 60
13 64
13 69
13 71
13 77
13 80
13 87
17 56
17 25
17 52
17 22
25 64
25 84
25 3
25 69
25 71
25 8
25 13
25 14
25 80
25 52
25 24
25 57
25 58
25 59
25 60
26 0
26 32
26 38
26 7
26 11
26 52
26 22
26 25
26 59
27 0
27 1
27 2
27 7
27 8
27 11
27 12
27 14
27 17
27 22
27 25
27 38
27 41
27 42
27 52
27 56
27 58
27 60
27 64
27 69
27 71
27 80
27 81
27 84
28 0
28 69
28 7
29 0
29 24
29 14
29 38
30 3
30 52
30 22
30 7
31 80
31 25
31 22
31 57
33 0
33 64
33 3
33 69
33 38
33 7
33 43
33 80
33 17
33 52
33 56
33 25
33 71
33 59
33 84
34 52
34 84
34 22
34 38
35 38
35 7
35 8
35 42
35 11
35 13
35 80
35 81
35 57
35 22
35 87
35 25
35 71
35 59
36 0
36 32
36 38
36 71
36 18
36 57
36 60
37 60
37 52
37 13
37 22
38 0
38 2
38 3
38 7
38 8
38 11
38 12
38 13
38 17
38 18
38 19
38 22
38 25
38 27
38 32
38 42
38 43
38 52
38 56
38 57
38 58
38 59
38 60
38 64
38 69
38 71
38 79
38 80
38 81
38 84
38 87
39 80
39 69
39 22
39 7
40 24
40 11
40 69
40 71
41 0
41 7
41 8
41 11
41 12
41 13
41 14
41 17
41 18
41 22
41 24
41 25
41 32
41 38
41 41
41 42
41 52
41 57
41 58
41 64
41 69
41 71
41 77
41 84
41 87
42 0
42 7
42 8
42 11
42 12
42 14
42 17
42 18
42 22
42 24
42 25
42 32
42 38
42 41
42 57
42 59
42 60
42 64
42 69
42 71
42 80
42 81
42 84
44 57
44 11
44 22
44 7
45 0
45 1
45 2
45 3
45 7
45 8
45 11
45 12
45 13
45 14
45 17
45 18
45 19
45 22
45 25
45 27
45 38
45 41
45 42
45 52
45 56
45 57
45 58
45 59
45 60
45 64
45 66
45 69
45 71
45 77
45 80
45 81
45 84
45 87
46 0
46 64
46 69
46 38
46 7
46 8
46 71
46 77
46 14
46 80
46 18
46 22
46 57
46 25
46 87
46 60
47 0
47 3
47 7
47 8
47 11
47 12
47 17
47 18
47 22
47 24
47 25
47 38
47 41
47 42
47 52
47 56
47 57
47 58
47 59
47 60
47 64
47 69
47 71
47 80
47 81
48 0
48 7
48 8
48 11
48 12
48 13
48 14
48 17
48 22
48 24
48 27
48 38
48 41
48 42
48 56
48 57
48 58
48 59
48 60
48 66
48 69
48 71
48 77
48 80
48 81
48 84
48 87
49 14
49 69
49 38
49 7
50 0
50 7
50 8
50 11
50 12
50 13
50 14
50 17
50 18
50 22
50 25
50 32
50 38
50 52
50 57
50 59
50 60
50 64
50 71
50 80
50 84
50 87
51 0
51 64
51 3
51 38
51 7
51 8
51 41
51 71
51 12
51 79
51 80
51 17
51 52
51 22
51 57
51 24
51 25
51 59
51 60
51 81
53 80
53 69
53 22
54 60
54 84
54 7
55 64
55 8
55 59
55 69
56 0
56 64
56 69
56 38
56 8
56 11
56 12
56 13
56 80
56 17
56 18
56 22
56 56
56 25
56 60
57 69
57 42
57 80
57 17
57 22
57 24
57 60
58 0
58 57
58 52
58 22
59 64
59 84
59 69
59 7
59 8
59 41
59 42
59 11
59 12
59 14
59 80
59 17
59 52
59 22
59 24
59 57
59 71
59 59
59 60
61 0
61 3
61 8
61 11
61 12
61 13
61 14
61 17
61 18
61 19
61 22
61 24
61 25
61 32
61 38
61 42
61 52
61 57
61 59
61 64
61 69
61 71
61 77
61 80
61 84
61 87
62 0
62 64
62 3
62 81
62 7
62 8
62 41
62 11
62 80
62 17
62 52
62 22
62 57
62 25
62 59
62 60
62 84
63 0
63 1
63 3
63 7
63 8
63 11
63 12
63 13
63 14
63 16
63 17
63 18
63 22
63 24
63 25
63 27
63 32
63 38
63 41
63 42
63 43
63 52
63 56
63 57
63 58
63 59
63 60
63 64
63 69
63 77
63 80
63 84
63 87
65 0
65 17
65 11
65 52
68 0
68 3
68 7
68 11
68 12
68 13
68 17
68 18
68 22
68 24
68 25
68 32
68 38
68 41
68 42
68 43
68 52
68 57
68 59
68 60
68 64
68 69
68 71
68 80
68 84
68 87
70 0
70 1
70 2
70 3
70 7
70 8
70 11
70 12
70 13
70 14
70 15
70 17
70 18
70 19
70 22
70 24
70 25
70 27
70 32
70 38
70 42
70 52
70 56
70 57
70 58
70 59
70 60
70 64
70 66
70 69
70 80
70 81
70 84
70 87
72 0
72 1
72 3
72 7
72 8
72 11
72 12
72 13
72 14
72 17
72 18
72 24
72 25
72 32
72 38
72 41
72 42
72 52
72 56
72 57
72 58
72 59
72 64
72 69
72 71
72 77
72 84
73 1
73 2
73 3
73 7
73 8
73 11
73 12
73 13
73 14
73 17
73 18
73 22
73 24
73 25
73 27
73 32
73 38
73 41
73 42
73 52
73 56
73 57
73 59
73 60
73 64
73 66
73 69
73 71
73 77
73 79
73 80
73 81
73 84
73 86
73 87
74 0
74 1
74 3
74 8
74 11
74 12
74 13
74 14
74 16
74 17
74 18
74 19
74 22
74 24
74 25
74 32
74 38
74 42
74 52
74 56
74 57
74 58
74 59
74 60
74 64
74 66
74 69
74 71
74 77
74 80
74 81
74 84
74 87
75 25
75 22
75 52
75 69
75 38
76 0
76 38
76 7
76 42
76 80
76 52
76 22
76 56
76 25
76 59
76 60
78 2
78 3
78 7
78 12
78 14
78 17
78 22
78 24
78 25
78 38
78 42
78 43
78 52
78 56
78 57
78 58
78 59
78 60
78 64
78 69
78 71
78 80
78 84
78 87
79 0
79 3
79 7
79 8
79 11
79 13
79 14
79 17
79 18
79 22
79 24
79 25
79 27
79 32
79 38
79 52
79 57
79 58
79 59
79 60
79 69
79 71
79 77
79 80
79 81
79 84
79 87
82 0
82 3
82 7
82 8
82 11
82 13
82 14
82 17
82 18
82 19
82 22
82 25
82 32
82 38
82 43
82 52
82 56
82 57
82 58
82 59
82 60
82 69
82 71
82 77
82 84
82 87
86 0
86 2
86 3
86 7
86 8
86 11
86 12
86 13
86 14
86 16
86 17
86 18
86 19
86 22
86 24
86 25
86 32
86 38
86 41
86 42
86 43
86 52
86 57
86 58
86 59
86 60
86 64
86 66
86 69
86 71
86 80
86 81
86 87
87 0
87 3
87 7
87 8
87 11
87 12
87 13
87 14
87 17
87 19
87 22
87 24
87 25
87 38
87 42
87 52
87 56
87 57
87 58
87 59
87 60
87 64
87 69
87 71
87 80
87 84
87 87
