88
0 3
0 37
0 49
0 40
0 42
0 17
0 54
0 23
0 56
0 26
0 58
0 30
2 59
2 68
2 37
2 38
2 49
2 40
2 42
2 43
2 16
2 17
2 23
2 56
2 26
2 27
2 58
2 69
3 32
3 1
3 68
3 38
3 43
3 13
3 16
3 85
3 23
3 56
3 4
3 27
3 30
4 3
4 68
4 38
4 39
4 43
4 76
4 13
4 16
4 49
4 67
4 23
4 56
4 26
4 28
4 58
4 30
4 31
5 49
5 31
6 32
6 1
6 3
6 4
6 38
6 6
6 40
6 42
6 76
6 13
6 16
6 17
6 50
6 67
6 54
6 58
6 27
7 68
7 40
7 42
7 85
7 54
7 23
7 28
7 29
8 32
8 1
8 3
8 68
8 39
8 40
8 42
8 17
8 54
8 26
8 28
9 32
9 1
9 4
9 37
9 39
9 42
9 76
9 13
9 16
9 17
9 54
9 23
9 68
9 26
9 58
9 31
10 1
10 3
10 4
10 69
10 43
10 16
10 17
10 54
10 23
10 56
10 68
10 26
10 27
10 28
10 58
11 3
11 68
11 38
11 59
11 17
11 54
11 23
11 56
11 26
11 27
11 28
11 30
11 31
12 3
12 68
12 37
12 42
12 43
12 76
12 13
12 17
12 50
12 85
12 69
12 56
12 26
12 30
12 31
13 37
13 43
13 13
13 16
13 50
13 54
13 23
13 58
13 30
13 31
15 40
18 32
18 3
18 4
18 69
18 42
18 43
18 16
18 49
18 67
18 85
18 54
18 56
18 26
18 58
18 30
18 31
19 32
19 1
19 68
19 38
19 6
19 43
19 76
19 13
19 50
19 54
19 56
19 26
19 27
19 58
19 30
19 31
20 32
20 1
20 67
20 4
20 40
20 43
20 49
20 50
20 3
20 54
20 56
20 26
20 27
20 58
21 32
21 3
21 4
21 38
21 39
21 40
21 42
21 43
21 76
21 13
21 49
21 23
21 68
21 26
21 27
21 31
22 1
22 3
22 69
22 6
22 39
22 40
22 43
22 76
22 13
22 67
22 54
22 26
22 38
22 31
26 32
26 1
26 59
26 68
26 6
26 76
26 13
26 17
26 54
26 23
26 56
26 4
26 26
26 27
27 1
27 67
27 37
27 39
27 16
27 85
27 23
27 56
27 26
27 30
27 31
28 32
28 1
28 4
28 69
28 38
28 40
28 42
28 50
28 54
28 59
28 28
28 31
31 1
31 68
31 37
31 6
31 38
31 13
31 50
31 54
31 23
31 56
31 26
31 27
31 28
32 32
32 1
32 3
32 4
32 38
32 42
32 59
32 50
32 67
32 54
32 68
32 26
32 27
32 28
32 30
32 31
33 3
33 68
33 69
33 6
33 39
33 42
33 76
33 13
33 16
33 17
33 54
33 23
33 56
33 27
33 31
34 32
34 1
34 3
34 37
34 42
34 13
34 16
34 17
34 54
34 69
34 56
34 26
34 27
34 28
34 58
34 30
34 31
35 1
35 67
35 37
35 6
35 49
35 42
35 16
35 17
35 54
35 23
35 26
35 27
35 58
35 31
36 1
36 67
36 4
36 69
36 39
36 76
36 13
36 3
36 54
36 23
36 37
38 1
38 59
38 68
38 69
38 38
38 42
38 76
38 17
38 27
38 37
38 31
41 32
41 1
41 68
41 69
41 42
41 76
41 13
41 17
41 50
41 56
41 26
41 37
41 30
41 31
42 3
42 68
42 38
42 13
42 16
42 17
42 56
42 4
42 26
42 59
43 69
43 39
43 76
43 13
43 16
43 50
43 85
43 54
43 56
43 37
43 31
44 1
44 3
44 68
44 38
44 6
44 42
44 13
44 16
44 49
44 50
44 85
44 27
44 28
44 31
45 32
45 1
45 59
45 4
45 38
45 39
45 76
45 17
45 50
45 85
45 56
45 27
45 30
47 32
47 1
47 3
47 68
47 69
47 39
47 42
47 43
47 76
47 13
47 17
47 50
47 85
47 23
47 56
47 27
47 30
47 31
48 32
48 3
48 68
48 37
48 39
48 40
48 49
48 17
48 50
48 85
48 54
48 69
48 26
48 27
48 58
48 30
48 31
49 1
49 67
49 4
49 39
49 43
49 76
49 17
49 3
49 23
49 27
49 31
50 3
50 68
50 37
50 6
50 39
50 42
50 43
50 76
50 13
50 16
50 50
50 23
50 56
50 31
51 1
51 3
51 4
51 37
51 39
51 42
51 43
51 13
51 85
51 54
51 23
51 56
51 26
51 29
51 69
51 31
52 3
52 4
52 69
52 38
52 49
52 42
52 43
52 76
52 13
52 16
52 17
52 50
52 26
52 27
52 30
52 31
53 32
53 1
53 59
53 4
53 37
53 38
53 39
53 76
53 49
53 69
53 54
53 23
53 56
53 68
53 27
53 30
53 31
55 32
55 1
55 3
55 40
55 43
55 76
55 50
55 67
55 85
55 54
55 56
55 26
55 27
55 30
55 31
57 1
57 59
57 69
57 39
57 13
57 16
57 17
57 67
57 85
57 54
57 23
57 56
57 26
57 27
57 30
58 32
58 1
58 3
58 68
58 38
58 39
58 43
58 13
58 49
58 67
58 54
58 26
58 27
58 30
58 31
60 32
60 59
60 68
60 38
60 49
60 40
60 76
60 17
60 50
60 67
60 85
60 54
60 56
60 26
60 27
60 28
60 30
60 31
61 1
61 67
61 37
61 38
61 39
61 42
61 76
61 13
61 16
61 17
61 58
61 54
61 23
61 56
61 49
61 27
61 29
61 30
62 1
62 4
62 42
62 43
62 76
62 13
62 85
62 54
62 23
62 68
63 32
63 69
63 38
63 17
63 23
63 26
63 58
63 31
65 32
65 67
65 4
65 38
65 6
65 76
65 13
65 50
65 54
65 56
65 31
66 32
66 1
66 3
66 68
66 37
66 38
66 13
66 16
66 67
66 23
66 56
66 58
66 27
66 30
66 69
67 3
67 4
67 37
67 38
67 39
67 43
67 50
67 54
67 23
67 68
67 26
67 27
67 28
67 29
67 30
68 3
68 68
68 38
68 40
68 42
68 17
68 23
68 56
68 4
68 26
68 27
68 30
68 31
70 32
70 1
70 67
70 38
70 42
70 13
70 50
70 23
70 56
70 27
70 29
71 1
71 4
71 38
71 49
71 40
71 13
71 17
71 50
71 54
71 23
71 68
71 26
71 27
71 30
71 31
72 4
72 37
72 49
72 43
72 13
72 17
72 54
72 56
73 32
73 3
73 68
73 49
73 39
73 43
73 17
73 67
73 54
73 23
73 56
73 58
73 59
73 30
73 31
75 3
75 68
75 37
75 38
75 39
75 40
75 42
75 43
75 13
75 17
75 50
75 54
75 26
75 28
75 30
77 67
77 3
77 68
77 69
77 38
77 43
77 76
77 13
77 16
77 49
77 58
77 23
77 26
77 27
77 29
77 30
78 1
78 3
78 37
78 39
78 40
78 43
78 76
78 13
78 49
78 17
78 50
78 54
78 56
78 26
78 27
78 58
78 30
79 32
79 3
79 4
79 42
79 76
79 49
79 50
79 67
79 68
79 58
79 27
82 1
82 3
82 4
82 37
82 38
82 49
82 40
82 42
82 76
82 17
82 23
82 56
82 59
82 29
82 30
83 3
83 4
83 37
83 6
83 49
83 43
83 13
83 17
83 50
83 59
83 56
83 58
83 38
83 30
83 31
84 32
84 1
84 67
84 4
84 38
84 6
84 42
84 43
84 50
84 3
84 23
84 56
84 30
84 31
86 1
86 3
86 68
86 49
86 38
86 39
86 42
86 43
86 13
86 16
86 17
86 54
86 26
86 59
87 3
87 68
87 69
87 38
87 49
87 43
87 76
87 13
87 17
87 56
87 58
87 27
87 28
87 31
