88
0 32
0 2
0 34
0 5
0 8
0 42
0 13
0 15
0 48
0 40
0 87
0 56
0 72
0 63
0 30
0 37
1 0
1 33
1 34
1 5
1 6
1 65
1 72
1 42
1 66
1 79
1 48
1 51
1 52
1 23
1 24
1 27
1 61
1 30
1 37
2 1
2 2
2 33
2 7
2 8
2 79
2 55
2 13
2 77
2 15
2 48
2 17
2 19
2 22
2 40
2 57
2 54
2 37
3 0
3 5
3 6
3 40
3 79
3 11
3 12
3 46
3 61
3 48
3 81
3 83
3 22
3 38
3 29
4 69
4 21
4 54
4 25
4 30
4 31
5 0
5 1
5 66
5 35
5 69
5 6
5 65
5 40
5 42
5 11
5 17
5 19
5 22
5 87
5 67
5 28
6 33
6 2
6 34
6 4
6 37
6 6
6 7
6 13
6 46
6 15
6 48
6 17
6 83
6 54
6 23
6 68
6 79
6 70
6 61
7 28
7 42
7 52
7 54
7 55
8 7
9 34
9 5
9 13
9 79
9 82
9 69
10 37
11 64
11 2
11 35
11 69
11 6
11 12
11 13
11 22
11 56
11 28
11 61
11 30
11 5
13 32
13 68
13 2
13 4
13 5
13 13
13 15
13 17
13 87
13 24
13 57
13 47
13 61
13 30
13 37
14 65
14 28
16 55
17 0
17 1
17 68
17 69
17 22
17 55
18 0
18 66
18 68
18 15
18 51
18 86
18 55
18 61
19 2
19 35
19 72
19 15
19 25
19 62
20 48
20 12
20 35
20 68
21 57
21 1
21 2
21 69
21 6
21 8
21 42
21 87
21 46
21 79
21 40
21 51
21 21
21 54
21 55
21 56
21 25
21 86
21 85
22 33
22 58
22 36
22 73
23 34
23 35
23 7
23 79
23 17
23 21
23 54
24 0
24 1
24 6
24 13
24 83
24 56
25 65
25 51
25 12
25 22
25 6
26 0
26 1
26 5
26 54
26 42
26 14
26 15
26 17
26 51
26 62
26 22
26 87
26 47
26 29
26 30
26 69
27 0
27 65
27 2
27 68
27 32
27 8
27 7
27 48
27 17
27 24
27 25
27 61
27 36
28 2
28 36
28 5
28 77
28 11
28 13
28 46
28 15
28 56
28 82
28 86
28 87
28 24
28 63
28 28
28 62
28 37
29 79
29 10
29 55
29 61
29 15
30 65
30 2
30 5
30 6
30 7
30 12
30 48
30 85
30 55
30 24
30 25
30 33
30 62
31 1
31 38
31 15
31 17
31 56
31 62
32 2
32 68
32 69
32 6
32 71
32 7
32 13
32 15
32 17
32 18
32 52
32 54
32 87
32 79
33 0
33 32
33 35
33 68
33 5
33 6
33 65
33 10
33 12
33 81
33 82
33 19
33 53
33 23
33 24
33 25
33 60
33 61
33 62
33 37
34 0
34 35
34 36
34 72
34 74
34 15
34 48
34 63
35 65
35 2
35 36
35 37
35 6
35 83
35 12
35 80
35 17
35 19
35 21
35 86
35 87
35 68
35 38
35 28
35 69
36 51
36 34
36 5
36 65
36 10
36 71
36 46
36 15
36 81
36 19
36 85
36 54
36 55
36 61
36 62
36 63
37 2
37 69
37 30
37 21
38 56
38 19
38 79
38 87
39 64
39 35
39 4
39 37
39 6
39 7
39 11
39 61
39 15
39 17
39 62
39 54
39 55
39 24
39 68
39 87
39 81
39 29
39 30
39 63
40 1
40 54
40 41
40 11
40 22
40 23
41 1
41 37
41 51
41 7
41 19
41 62
42 68
42 37
42 10
42 11
42 14
42 15
42 48
42 51
42 46
42 61
43 0
43 69
43 70
43 48
43 56
43 29
44 57
44 2
44 4
44 28
45 61
45 6
46 32
46 1
46 3
46 68
46 37
46 33
46 11
46 13
46 81
46 83
46 54
46 39
46 61
46 63
47 2
47 4
47 5
47 7
47 40
47 11
47 44
47 77
47 14
47 47
47 51
47 54
47 83
47 25
47 26
47 63
47 36
48 33
48 7
48 42
48 83
48 85
48 24
49 40
49 1
49 17
49 48
50 1
50 6
50 7
50 74
50 16
50 17
50 51
50 87
51 1
51 69
51 40
51 73
51 42
51 55
51 46
51 15
51 17
51 54
51 23
51 56
51 87
51 47
51 28
51 61
51 62
51 63
52 1
52 67
52 68
52 5
52 6
52 7
52 71
52 61
52 17
52 82
52 20
52 62
52 54
52 85
52 38
52 81
52 29
52 30
52 31
53 1
53 68
53 6
53 7
53 11
53 13
53 46
53 48
53 19
53 62
53 57
53 22
53 55
53 56
53 25
53 28
53 61
53 39
53 51
55 33
55 4
55 7
55 8
55 42
55 62
55 79
55 81
55 82
55 83
55 57
55 54
55 55
55 56
55 36
55 28
55 30
56 32
56 34
56 68
56 5
56 7
56 8
56 83
56 17
56 51
56 85
56 87
56 72
56 63
56 28
56 30
56 37
57 0
57 2
57 3
57 4
57 5
57 6
57 11
57 85
57 23
57 36
57 37
58 2
58 35
58 37
58 8
58 51
58 55
58 26
58 61
59 0
59 1
59 50
59 79
59 18
59 54
60 0
60 32
60 4
60 37
60 6
60 12
60 15
60 48
60 22
60 55
60 56
60 28
60 61
62 0
62 1
62 51
62 60
62 87
63 48
63 35
63 51
63 8
63 15
63 80
63 81
63 19
63 54
63 55
63 47
63 61
63 30
63 63
64 32
64 2
64 68
64 37
64 6
64 8
64 79
64 87
64 13
64 15
64 48
64 17
64 22
64 40
64 57
64 54
64 28
64 29
65 57
66 0
66 32
66 83
66 75
66 4
66 37
66 68
66 11
66 13
66 14
66 79
66 82
66 51
66 46
66 22
66 56
66 36
66 59
66 61
66 62
66 69
67 0
67 48
67 45
67 4
67 69
67 6
67 65
67 40
67 42
67 13
67 78
67 15
67 16
67 66
67 21
67 28
67 29
67 85
68 0
68 81
68 35
68 4
68 22
69 68
69 29
69 62
69 55
70 1
70 34
70 76
70 78
70 55
71 17
71 66
71 5
71 85
71 15
72 0
72 66
72 68
72 69
72 70
72 2
72 77
72 17
72 82
72 36
72 61
73 34
73 3
73 69
73 8
73 12
73 79
73 51
73 20
73 85
73 25
73 62
73 37
74 33
74 54
74 8
74 74
74 13
74 17
74 22
74 24
75 0
75 65
75 2
75 43
75 4
75 5
75 6
75 8
75 73
75 74
75 11
75 48
75 17
75 51
75 69
75 57
75 38
75 62
75 68
76 42
76 21
76 54
76 55
77 0
77 2
77 66
77 37
77 7
77 9
77 42
77 44
77 34
77 14
77 79
77 48
77 49
77 50
77 83
77 54
77 24
77 68
77 29
77 63
78 2
78 35
78 69
78 83
78 13
78 46
78 19
78 87
78 24
78 62
79 1
79 34
79 33
79 65
79 15
79 48
79 17
79 85
79 23
79 26
79 63
79 28
79 61
79 37
80 48
80 40
80 5
80 22
81 0
81 1
81 2
81 36
81 33
81 6
81 32
81 10
81 55
81 15
81 48
81 82
81 51
81 85
81 22
81 23
81 29
81 63
82 0
82 1
82 4
82 54
82 68
82 65
82 8
82 43
82 12
82 13
82 15
82 40
82 83
82 62
82 22
82 57
82 25
82 87
82 30
82 69
83 0
83 2
83 68
83 69
83 74
83 34
83 14
83 48
83 22
83 57
83 25
83 27
83 62
83 37
85 34
85 17
85 81
85 87
85 57
85 30
86 40
86 73
86 35
86 6
87 0
87 32
87 37
87 49
87 10
87 11
87 12
87 46
87 79
87 48
87 17
87 82
87 51
87 56
87 25
87 28
87 61
87 30
87 69
