88
1 0
1 1
1 3
1 5
1 7
1 9
1 11
1 20
1 22
1 24
1 30
1 31
1 34
1 37
1 38
1 39
1 42
1 45
1 48
1 51
1 59
1 62
1 64
1 65
1 67
1 70
1 72
1 74
1 75
1 77
1 78
1 87
3 2
3 5
3 7
3 9
3 11
3 20
3 21
3 22
3 23
3 27
3 30
3 31
3 32
3 34
3 37
3 39
3 42
3 43
3 45
3 49
3 55
3 59
3 62
3 64
3 67
3 70
3 72
3 74
3 75
3 77
3 78
3 79
3 86
3 87
4 1
4 3
4 5
4 7
4 9
4 16
4 20
4 21
4 22
4 23
4 25
4 27
4 31
4 33
4 34
4 35
4 36
4 37
4 39
4 42
4 43
4 45
4 47
4 48
4 49
4 56
4 57
4 59
4 60
4 64
4 67
4 68
4 70
4 72
4 74
4 77
4 78
4 86
4 87
6 0
6 1
6 3
6 4
6 5
6 7
6 9
6 10
6 20
6 22
6 24
6 30
6 31
6 34
6 37
6 38
6 39
6 45
6 54
6 55
6 57
6 59
6 64
6 67
6 70
6 71
6 72
6 75
6 77
6 78
6 86
6 87
13 1
13 5
13 7
13 9
13 10
13 20
13 22
13 24
13 27
13 30
13 33
13 37
13 38
13 43
13 45
13 49
13 55
13 59
13 62
13 64
13 67
13 70
13 72
13 77
13 80
13 86
14 64
14 5
14 70
14 39
14 9
14 74
14 87
14 77
14 20
14 86
14 23
14 24
14 59
16 1
16 2
16 7
16 10
16 21
16 23
16 24
16 27
16 29
16 30
16 31
16 32
16 33
16 34
16 35
16 37
16 39
16 42
16 43
16 45
16 49
16 51
16 54
16 55
16 56
16 59
16 60
16 62
16 64
16 65
16 67
16 70
16 71
16 72
16 74
16 86
16 87
18 0
18 1
18 5
18 7
18 9
18 10
18 11
18 20
18 22
18 23
18 24
18 27
18 30
18 31
18 33
18 34
18 35
18 36
18 37
18 38
18 39
18 43
18 45
18 50
18 55
18 59
18 60
18 63
18 64
18 65
18 67
18 68
18 72
18 74
18 75
18 77
18 78
18 86
18 87
19 0
19 3
19 9
19 10
19 20
19 21
19 23
19 24
19 27
19 30
19 31
19 32
19 33
19 34
19 39
19 43
19 44
19 48
19 49
19 51
19 57
19 59
19 60
19 67
19 74
19 77
19 80
19 86
19 87
20 0
20 1
20 3
20 5
20 7
20 9
20 10
20 20
20 27
20 30
20 31
20 32
20 36
20 37
20 42
20 43
20 44
20 45
20 49
20 55
20 59
20 60
20 64
20 65
20 67
20 74
20 75
20 77
20 78
20 86
20 87
26 3
26 5
26 7
26 9
26 10
26 11
26 20
26 21
26 22
26 23
26 24
26 27
26 30
26 31
26 33
26 34
26 37
26 39
26 42
26 43
26 45
26 46
26 49
26 55
26 59
26 60
26 62
26 64
26 65
26 67
26 68
26 70
26 72
26 74
26 77
26 86
26 87
27 0
27 1
27 3
27 4
27 9
27 10
27 20
27 21
27 22
27 27
27 29
27 30
27 31
27 32
27 33
27 34
27 42
27 43
27 49
27 55
27 59
27 60
27 64
27 68
27 70
27 72
27 74
27 77
27 78
27 79
27 87
30 0
30 2
30 3
30 5
30 7
30 9
30 10
30 23
30 24
30 27
30 31
30 33
30 34
30 37
30 38
30 39
30 42
30 45
30 46
30 59
30 60
30 64
30 67
30 68
30 70
30 72
30 74
30 78
30 87
33 0
33 1
33 2
33 59
33 36
33 70
33 65
33 7
33 72
33 9
33 10
33 11
33 78
33 67
33 54
33 57
33 71
33 27
33 60
33 74
41 1
41 2
41 3
41 5
41 7
41 9
41 10
41 20
41 21
41 22
41 27
41 30
41 31
41 32
41 33
41 34
41 36
41 38
41 39
41 43
41 44
41 45
41 46
41 49
41 50
41 54
41 59
41 63
41 65
41 67
41 68
41 71
41 72
41 74
41 77
41 78
41 80
41 86
42 0
42 2
42 3
42 9
42 22
42 23
42 24
42 27
42 30
42 31
42 33
42 34
42 39
42 42
42 43
42 45
42 51
42 59
42 62
42 64
42 67
42 70
42 71
42 72
42 74
42 78
42 79
42 80
42 86
42 87
43 0
43 1
43 2
43 5
43 10
43 11
43 16
43 20
43 21
43 22
43 23
43 24
43 27
43 30
43 31
43 32
43 33
43 34
43 36
43 45
43 48
43 51
43 55
43 59
43 62
43 64
43 65
43 67
43 70
43 71
43 72
43 78
43 79
43 86
43 87
52 0
52 1
52 5
52 7
52 20
52 22
52 23
52 24
52 25
52 27
52 30
52 31
52 34
52 37
52 38
52 39
52 42
52 43
52 45
52 47
52 49
52 54
52 55
52 59
52 60
52 62
52 64
52 70
52 71
52 74
52 77
52 78
52 80
52 86
52 87
53 1
53 2
53 3
53 5
53 7
53 9
53 10
53 11
53 16
53 21
53 22
53 23
53 24
53 27
53 30
53 31
53 34
53 36
53 39
53 42
53 45
53 49
53 55
53 57
53 62
53 64
53 65
53 67
53 70
53 74
53 75
53 76
53 77
53 78
53 79
53 87
54 0
54 1
54 2
54 3
54 5
54 7
54 9
54 11
54 20
54 21
54 22
54 23
54 25
54 27
54 30
54 31
54 32
54 33
54 34
54 35
54 37
54 39
54 42
54 45
54 49
54 51
54 60
54 63
54 64
54 67
54 70
54 72
54 74
54 75
54 78
54 80
54 86
54 87
56 0
56 1
56 34
56 5
56 7
56 72
56 9
56 42
56 43
56 45
56 48
56 49
56 20
56 22
56 23
56 87
56 27
56 86
56 62
56 31
58 1
58 2
58 3
58 5
58 7
58 9
58 10
58 11
58 16
58 20
58 22
58 23
58 30
58 31
58 32
58 33
58 34
58 35
58 36
58 38
58 39
58 43
58 45
58 54
58 57
58 59
58 60
58 64
58 68
58 70
58 71
58 72
58 74
58 76
58 78
58 80
58 86
58 87
66 0
66 1
66 2
66 3
66 5
66 20
66 22
66 24
66 27
66 30
66 32
66 33
66 39
66 45
66 46
66 49
66 55
66 59
66 60
66 64
66 70
66 72
66 77
66 78
66 86
66 87
67 0
67 1
67 5
67 7
67 9
67 10
67 11
67 20
67 22
67 27
67 30
67 31
67 33
67 34
67 39
67 42
67 45
67 51
67 55
67 57
67 60
67 67
67 68
67 70
67 71
67 72
67 74
67 78
69 0
69 1
69 3
69 5
69 7
69 9
69 20
69 22
69 25
69 27
69 30
69 32
69 34
69 36
69 38
69 39
69 42
69 43
69 49
69 59
69 63
69 64
69 65
69 68
69 71
69 72
69 74
69 77
69 78
69 87
73 0
73 1
73 5
73 7
73 10
73 11
73 20
73 22
73 23
73 24
73 30
73 33
73 35
73 37
73 38
73 39
73 42
73 45
73 48
73 49
73 51
73 54
73 57
73 59
73 64
73 67
73 70
73 72
73 74
73 75
73 78
73 79
73 80
73 86
73 87
74 2
74 3
74 5
74 7
74 9
74 22
74 23
74 24
74 27
74 30
74 31
74 32
74 34
74 39
74 42
74 45
74 47
74 48
74 49
74 57
74 60
74 64
74 67
74 74
74 75
74 77
74 78
74 86
74 87
76 32
76 33
76 67
76 43
76 7
76 64
76 9
76 74
76 11
76 78
76 72
76 75
76 51
76 20
76 87
76 24
76 39
76 27
76 60
76 30
85 64
85 1
85 67
85 68
85 5
85 33
85 45
85 78
85 46
85 86
85 55
85 60
85 30
