88
0 32
0 1
0 66
0 67
0 4
0 86
0 8
0 9
0 79
0 76
0 47
0 85
0 73
0 57
0 24
0 36
0 59
1 51
1 34
1 43
1 4
1 73
1 10
1 11
1 80
1 49
1 83
1 36
1 28
2 6
2 31
4 34
4 40
4 79
4 49
4 82
4 83
4 52
4 26
5 38
5 72
5 73
5 46
5 80
5 19
5 57
5 63
6 64
6 66
6 7
6 9
6 74
6 23
6 14
6 17
6 52
6 87
6 24
6 62
7 65
7 66
7 6
7 7
7 60
7 45
7 80
7 18
7 83
7 53
7 28
8 69
8 73
8 10
8 55
8 12
8 77
8 84
8 53
8 87
8 26
8 42
8 37
9 65
9 67
9 69
9 71
9 9
9 80
9 50
9 83
9 25
10 0
10 65
10 6
10 7
10 72
10 73
10 43
10 29
11 64
11 1
11 66
11 4
11 38
11 6
11 71
11 40
11 80
11 13
11 78
11 48
11 18
11 52
11 87
11 25
11 70
11 69
12 32
12 7
12 40
12 41
12 10
12 11
12 80
12 18
12 19
12 84
12 53
12 57
12 52
12 26
13 19
13 34
13 4
13 71
13 72
13 9
13 77
13 83
13 53
13 28
13 62
14 64
14 67
14 70
14 43
14 77
14 80
14 18
14 85
14 23
14 55
14 59
15 1
15 4
16 40
16 84
18 65
18 71
18 40
18 46
18 81
18 86
18 87
18 24
18 60
18 29
18 62
19 32
19 65
19 34
19 40
19 9
19 44
19 15
19 23
19 24
19 29
20 32
20 48
20 4
20 38
20 71
20 40
20 11
20 13
20 80
20 82
20 83
20 84
20 7
20 57
21 1
21 4
21 76
21 46
21 48
21 85
22 51
22 35
22 4
22 7
22 8
22 73
22 18
22 83
22 9
22 41
22 86
22 87
22 25
22 28
23 0
23 66
23 70
23 6
23 7
23 72
23 9
23 12
23 13
23 45
23 56
23 82
23 53
23 24
23 47
24 65
24 35
24 36
24 70
24 10
24 76
24 77
24 46
24 48
24 83
24 57
24 24
24 25
24 74
25 1
25 65
25 7
25 41
25 42
25 77
25 46
25 48
25 49
25 82
25 53
25 57
25 28
25 29
26 32
26 6
26 46
26 52
26 86
26 87
26 26
26 28
27 80
27 9
27 10
27 84
27 70
28 34
28 70
28 74
28 78
28 46
28 29
28 31
29 65
29 34
29 71
29 72
29 41
29 44
29 45
29 15
29 82
29 62
29 22
29 24
29 30
30 65
30 4
30 7
30 43
30 44
30 18
30 51
30 29
30 63
31 77
32 19
32 9
32 47
32 48
32 83
32 55
32 28
33 32
33 1
33 34
33 4
33 69
33 65
33 7
33 9
33 71
33 44
33 48
33 49
33 53
33 54
33 87
33 57
33 60
34 65
34 43
34 70
34 72
34 73
34 10
34 11
34 44
34 53
34 24
34 60
35 32
35 1
35 67
35 36
35 40
35 13
35 46
35 55
36 51
36 34
36 6
36 7
36 44
36 45
36 46
36 77
36 48
36 18
36 19
36 86
36 87
36 59
36 63
37 32
37 35
37 68
37 13
37 19
37 55
37 57
37 28
37 29
38 0
38 32
38 4
38 70
38 72
38 73
38 78
38 47
38 80
38 40
38 26
38 62
39 46
39 86
40 1
40 6
40 41
40 13
40 45
40 86
40 57
40 47
40 28
41 65
41 34
41 4
41 7
41 72
41 71
41 50
41 77
41 49
41 18
41 83
41 66
41 54
41 55
41 24
41 59
41 61
42 13
43 68
43 7
43 10
43 44
43 13
43 80
43 18
43 53
43 24
43 61
44 80
44 4
44 70
44 40
44 41
44 10
44 76
44 45
44 77
44 48
44 18
44 74
44 53
44 86
44 87
44 84
44 42
45 32
45 1
45 69
45 6
45 65
45 40
45 74
45 19
45 56
45 38
45 70
45 29
46 36
46 6
46 9
46 44
46 13
46 46
46 48
46 52
46 41
46 73
46 87
46 24
46 29
47 65
47 4
47 69
47 1
47 72
47 71
47 48
47 50
47 83
47 84
47 57
47 59
47 28
47 5
48 1
48 34
48 66
48 69
48 7
48 72
48 41
48 43
48 13
48 45
48 80
48 19
48 73
48 56
48 87
48 29
49 65
49 6
49 71
49 40
49 60
49 15
49 81
49 83
49 85
49 24
49 28
49 62
50 64
50 66
50 73
50 34
50 46
50 77
50 82
50 23
50 60
51 1
51 66
51 6
51 72
51 34
51 15
52 1
52 35
52 38
52 7
52 71
52 81
52 83
52 54
52 23
52 28
52 63
53 7
53 10
53 45
53 29
53 48
53 54
53 42
54 65
54 66
54 6
54 7
54 46
54 17
54 54
54 24
54 29
54 63
55 19
55 81
55 83
55 55
55 60
55 63
56 84
56 1
56 36
56 70
56 65
56 40
56 10
56 71
56 13
56 45
56 80
56 18
56 20
56 54
56 55
56 57
56 87
57 7
57 76
57 15
57 19
57 54
57 60
59 73
59 23
60 65
60 67
60 8
60 9
60 76
60 45
60 83
60 23
60 24
60 59
60 62
61 64
61 48
61 66
61 40
61 73
61 10
61 55
61 13
61 80
61 41
61 56
61 57
61 28
61 42
62 66
62 37
62 70
62 71
62 72
62 43
62 18
62 51
62 23
62 56
62 55
63 32
63 14
63 50
63 19
63 85
63 26
63 30
64 80
64 57
64 87
65 1
65 81
65 17
65 86
65 87
65 29
66 1
66 34
66 36
66 71
66 72
66 41
66 10
66 44
66 45
66 77
66 76
66 18
66 82
66 53
66 73
66 29
66 62
67 66
67 70
67 42
67 13
67 46
67 77
67 48
67 83
67 28
68 40
68 17
68 18
68 52
68 85
68 57
69 65
69 35
69 4
69 10
69 76
69 13
69 18
69 20
69 28
70 51
70 34
70 4
70 40
70 9
70 77
70 78
70 49
70 83
70 23
70 57
70 26
70 30
71 65
71 68
71 6
71 71
71 44
71 45
71 83
71 28
72 0
72 67
72 6
72 8
72 9
72 42
72 78
72 47
72 83
72 87
72 57
72 28
73 0
73 66
73 4
73 70
73 7
73 10
73 13
73 49
73 86
73 23
73 28
73 29
74 34
74 36
74 6
74 7
74 8
74 73
74 78
74 13
74 14
74 80
74 40
74 50
74 19
74 46
74 68
74 61
75 0
75 67
75 6
75 71
75 43
75 23
75 24
75 61
76 65
76 66
76 68
76 37
76 71
76 40
76 73
76 87
76 13
76 47
76 19
76 41
76 55
76 24
77 32
77 65
77 34
77 35
77 68
77 6
77 71
77 72
77 10
77 12
77 77
77 46
77 80
77 82
77 19
77 86
77 55
78 4
78 5
78 70
78 72
78 9
78 12
78 45
78 78
78 40
78 18
78 52
78 28
78 63
79 69
79 78
79 79
79 48
79 18
79 83
79 85
79 86
79 60
80 34
80 4
80 71
80 41
80 10
80 45
80 78
80 79
80 46
81 1
81 66
81 50
81 10
81 34
81 45
81 80
81 17
81 18
81 19
81 28
81 29
81 63
82 71
82 40
82 9
82 45
82 81
82 19
82 25
82 59
82 28
82 31
83 70
83 49
83 9
83 10
83 76
83 77
83 78
83 81
83 18
83 46
83 87
84 65
84 34
84 35
84 4
84 22
84 6
84 83
84 20
84 86
84 54
84 51
85 1
85 68
85 7
85 13
85 61
85 80
85 51
85 52
85 29
86 34
86 68
86 9
86 77
86 78
86 48
86 19
86 46
86 87
86 24
86 36
86 26
87 45
87 66
87 37
87 38
87 7
87 9
87 73
87 13
87 77
87 15
87 48
87 78
87 54
87 23
87 70
87 29
