88
0 32
0 80
0 4
0 40
0 41
0 42
0 75
0 16
0 86
0 26
0 58
1 7
1 12
1 45
1 46
1 53
1 55
2 66
2 70
2 39
2 72
2 12
2 42
2 44
2 49
2 82
2 85
2 73
2 55
2 26
2 61
2 63
3 1
3 5
3 70
3 71
3 72
3 10
3 45
3 52
3 38
4 68
4 71
4 73
4 11
4 76
4 45
4 78
4 44
4 80
4 51
4 86
4 41
5 76
6 51
6 2
6 34
6 7
6 41
6 44
6 13
6 79
6 83
6 20
6 56
6 84
6 26
6 58
7 2
7 36
7 5
7 70
7 74
7 43
7 83
7 25
7 26
7 38
7 61
8 0
8 66
8 3
8 40
8 42
8 55
8 45
8 20
8 53
8 87
8 63
9 0
9 51
9 68
9 70
9 13
9 15
9 16
9 49
9 19
9 52
9 53
9 24
9 25
9 62
10 48
10 35
10 4
10 71
10 72
10 42
10 11
10 16
10 86
10 23
10 56
10 27
10 31
11 48
11 2
11 67
11 68
11 70
11 74
11 79
11 80
11 82
11 21
11 42
11 30
12 0
12 48
12 2
12 36
12 70
12 71
12 40
12 39
12 16
12 83
12 52
12 63
12 60
12 31
13 66
13 43
13 54
13 39
13 41
13 74
13 7
13 45
13 79
13 51
13 22
14 67
14 69
15 1
15 36
15 39
15 8
15 42
15 71
15 44
15 45
15 79
15 48
15 40
15 55
15 24
15 26
15 74
15 30
16 33
16 66
16 5
16 72
16 44
16 77
16 79
16 80
16 82
16 86
16 87
16 25
16 26
16 60
16 61
17 64
17 66
17 68
17 70
17 71
17 12
17 76
17 79
17 17
17 51
17 56
17 36
17 26
17 44
18 0
19 2
19 3
19 5
19 70
19 41
19 11
19 76
19 44
19 16
19 49
19 82
19 51
19 84
19 30
20 87
21 0
21 66
21 67
21 39
21 40
21 74
21 11
21 45
21 14
21 72
21 82
21 46
21 23
21 63
21 53
22 64
22 3
22 5
22 72
22 74
22 43
22 40
22 82
22 26
23 1
23 67
23 4
23 76
23 78
23 52
23 85
23 58
23 28
24 70
25 28
26 51
26 42
26 67
26 50
27 64
27 72
27 84
27 55
28 66
28 38
28 70
28 72
28 41
28 78
28 80
28 82
28 21
28 86
28 58
28 53
29 3
29 36
29 38
29 70
29 71
29 40
29 7
29 80
29 67
29 53
29 22
29 26
29 60
30 65
30 66
30 67
30 72
30 42
30 40
30 35
30 20
30 23
30 52
30 59
30 62
30 31
31 67
31 36
31 37
31 72
31 44
31 12
31 77
31 46
31 85
31 55
31 26
31 21
31 30
31 53
32 64
32 66
32 43
32 36
32 5
32 39
32 8
32 11
32 2
32 16
32 85
32 59
32 61
32 53
33 1
33 2
33 67
33 66
33 65
33 39
33 41
33 42
33 34
33 49
33 19
33 84
33 53
33 73
33 27
33 74
34 51
34 35
34 70
34 41
34 74
34 11
34 12
34 44
34 80
34 83
34 52
34 87
34 58
34 27
35 64
35 80
35 67
35 36
35 5
35 6
35 72
35 44
35 13
35 45
35 16
35 51
35 52
35 54
36 0
36 2
36 4
36 70
36 7
36 11
36 34
36 80
36 83
36 25
36 68
36 58
36 27
37 64
37 36
37 5
37 7
37 72
37 10
37 79
37 40
37 86
37 42
37 30
37 63
38 0
38 67
38 40
38 74
38 43
38 12
38 61
38 51
38 87
38 55
38 42
39 0
39 66
39 68
39 5
39 8
39 42
39 43
39 12
39 46
39 85
39 87
39 25
39 26
39 69
39 37
40 38
40 70
40 74
40 16
40 50
40 83
40 22
40 55
40 25
40 29
40 62
41 0
41 68
41 4
41 71
41 40
41 57
41 47
41 17
41 51
41 20
41 53
41 23
41 72
41 36
41 31
42 67
42 38
42 39
42 76
42 79
42 31
43 87
43 52
43 53
43 70
43 7
44 33
44 66
44 4
44 38
44 41
44 43
44 82
44 83
44 20
44 53
44 22
44 56
44 63
45 2
45 71
45 14
45 49
45 51
45 56
45 85
45 55
45 24
45 27
45 28
46 33
46 5
46 38
46 72
46 73
46 74
46 80
46 16
46 20
46 22
46 87
46 24
46 52
46 60
46 61
46 31
47 1
47 2
47 67
47 69
47 6
47 7
47 40
47 78
47 16
47 51
47 52
47 24
47 57
47 59
48 40
49 36
49 51
49 44
49 5
49 70
50 66
50 3
50 5
50 41
50 34
50 45
50 50
50 19
50 21
50 57
50 47
50 28
50 69
51 32
51 66
51 36
51 70
51 41
51 75
51 16
51 49
51 54
51 58
51 30
51 31
52 3
52 4
52 44
52 78
52 47
52 82
52 83
52 24
52 58
53 66
54 32
54 67
54 5
54 72
54 54
54 42
54 79
54 82
54 84
54 22
54 27
55 72
55 42
55 10
55 77
56 66
56 68
56 5
56 38
56 9
56 45
56 82
56 85
56 58
56 53
57 65
57 70
57 71
57 40
57 75
57 13
57 78
57 45
57 84
57 55
57 57
57 31
58 71
58 40
58 73
58 17
58 24
58 60
58 31
59 80
59 60
59 50
59 52
59 86
60 32
60 7
60 41
60 46
60 80
60 82
60 51
60 52
60 55
60 26
60 63
61 66
61 67
61 68
61 72
61 41
61 42
61 45
61 44
61 2
61 77
61 3
61 60
62 58
62 59
62 44
62 38
62 7
63 65
63 5
63 38
63 74
63 77
63 49
63 50
63 52
63 53
63 24
63 26
64 34
64 67
64 69
64 6
64 7
64 73
64 71
64 76
64 82
64 86
64 41
64 57
64 58
64 30
65 48
65 24
65 74
65 52
65 37
66 75
66 6
66 7
66 72
66 11
66 16
66 35
67 0
67 33
67 2
67 36
67 7
67 40
67 41
67 12
67 13
67 64
67 82
67 52
67 73
67 55
67 26
67 59
67 63
68 32
68 35
68 67
68 69
68 7
68 42
68 45
68 83
68 55
68 58
68 27
69 75
70 67
70 5
70 7
70 41
70 74
70 45
70 47
70 83
70 85
70 55
70 24
70 59
71 65
71 66
71 37
71 7
71 75
71 47
71 16
71 82
71 20
71 53
71 57
71 52
71 26
71 30
71 69
72 16
72 2
72 4
72 5
72 39
72 41
72 42
72 50
72 14
72 80
72 82
72 85
72 25
72 10
73 0
73 67
73 36
73 70
73 6
73 13
73 78
73 80
73 17
73 52
73 23
73 24
73 57
73 58
73 61
73 30
74 48
74 35
74 68
74 71
74 40
74 74
74 75
74 44
74 16
74 36
74 26
74 42
75 64
75 1
75 6
75 71
75 40
75 41
75 74
75 44
75 79
75 16
75 72
75 51
75 86
75 26
75 27
76 6
76 71
76 74
76 7
76 16
76 82
76 52
76 56
76 26
76 42
76 62
77 2
77 35
77 5
77 6
77 7
77 72
77 44
77 55
77 76
77 16
77 22
77 23
77 25
77 62
78 37
78 7
78 78
78 51
78 57
78 58
79 2
79 3
79 41
79 74
79 45
79 16
79 83
79 20
79 21
79 58
79 28
80 36
81 59
81 55
81 53
81 7
82 36
82 11
82 68
82 54
82 39
83 0
83 66
83 67
83 5
83 7
83 43
83 17
83 51
84 65
84 66
84 67
84 33
84 71
84 74
84 53
84 55
84 26
84 60
84 61
85 44
86 66
86 11
86 70
86 71
86 40
86 75
86 13
86 79
86 49
86 35
86 53
86 54
86 7
87 0
87 33
87 2
87 67
87 36
87 70
87 65
87 72
87 10
87 77
87 79
87 83
87 55
87 58
87 27
