88
0 64
0 0
0 3
0 33
0 71
0 8
0 79
0 16
0 52
0 86
0 87
0 54
0 63
1 0
1 1
1 2
1 87
1 70
1 40
1 43
1 82
1 79
1 81
1 50
1 19
1 53
1 55
1 25
1 26
1 59
1 63
2 3
2 68
2 39
2 74
2 75
2 46
2 81
2 19
2 31
3 35
3 4
3 42
3 82
3 78
3 18
3 55
4 36
5 33
5 70
5 8
5 55
5 13
5 18
5 85
5 23
6 39
7 33
7 4
7 38
7 73
7 10
7 13
7 45
7 41
7 23
8 80
8 2
8 35
8 4
8 70
8 39
8 73
8 43
8 13
8 16
8 49
8 75
8 85
8 86
8 56
12 72
12 67
12 5
12 13
13 87
13 3
13 52
13 21
13 79
14 64
14 35
14 5
14 38
14 75
14 13
14 49
14 3
14 85
14 87
14 56
14 26
14 70
14 29
14 62
17 64
17 33
17 66
17 81
17 39
17 8
17 9
17 71
17 13
17 80
17 40
17 18
17 19
17 21
17 55
18 2
18 67
18 4
18 70
18 71
18 82
18 19
18 52
18 21
18 63
19 50
20 66
20 3
20 38
20 39
20 8
20 43
20 16
20 49
20 50
20 19
20 52
20 21
20 86
20 72
20 57
20 81
20 62
20 31
21 33
21 66
21 50
21 4
21 71
21 63
21 13
21 80
21 82
21 85
21 86
21 87
21 27
21 53
22 86
23 1
23 2
23 4
23 38
23 33
23 8
23 9
23 87
23 72
23 50
23 19
23 53
23 55
23 56
23 36
23 58
24 64
24 67
24 39
24 40
24 76
24 79
24 52
24 57
24 25
24 60
24 62
24 63
25 0
25 33
25 2
25 39
25 10
25 13
25 49
25 85
25 54
25 29
26 38
26 72
26 74
26 43
26 80
26 81
26 19
26 52
26 53
26 21
27 64
27 2
27 72
27 13
27 81
27 50
27 19
27 53
27 86
27 63
28 2
28 87
28 70
28 38
28 39
28 40
28 42
28 7
28 50
28 48
28 18
28 52
28 53
28 86
28 55
28 85
28 62
28 63
29 49
29 71
29 8
29 73
29 75
29 45
29 81
29 21
29 54
29 60
30 0
30 2
30 35
30 4
30 38
30 7
30 71
30 49
30 18
30 52
30 21
30 36
30 63
30 81
30 31
31 3
31 67
31 4
31 7
31 74
31 71
31 19
31 52
31 26
32 64
32 1
32 2
32 70
32 39
32 8
32 74
32 46
32 79
32 72
32 18
32 83
32 86
32 23
32 59
32 63
33 0
33 32
33 66
33 70
33 8
33 74
33 13
33 80
33 81
33 18
33 19
33 28
34 33
34 66
34 71
34 72
34 81
34 19
34 21
35 66
35 3
35 73
35 80
35 21
35 28
36 4
36 71
36 43
36 50
36 80
36 82
36 19
36 21
36 55
36 53
37 64
37 2
37 4
37 40
37 73
37 74
37 87
37 45
37 72
37 18
37 19
37 53
37 54
37 55
37 24
38 64
38 66
38 87
38 4
38 70
38 39
38 41
38 43
38 79
38 81
38 82
38 21
38 86
38 55
38 71
38 60
38 30
38 31
39 0
39 32
39 2
39 67
39 38
39 33
39 40
39 71
39 48
39 50
39 83
39 52
39 21
39 55
39 56
39 26
39 59
40 67
40 38
40 71
40 9
40 74
40 39
40 79
40 54
41 0
41 70
41 8
41 75
41 13
41 80
41 81
41 83
41 23
41 72
41 59
41 29
41 63
42 64
42 33
42 83
42 3
42 39
42 9
42 43
42 13
42 71
42 81
42 67
42 21
42 57
42 26
42 62
42 85
43 0
43 1
43 50
43 8
43 9
43 74
43 55
43 13
43 78
43 79
43 40
43 18
43 52
43 86
43 41
43 26
43 30
44 32
44 51
44 2
44 3
44 5
44 70
44 64
44 73
44 55
44 46
44 80
44 49
44 18
44 19
44 23
44 72
44 31
45 2
45 5
45 38
45 9
45 56
45 18
45 52
45 21
45 86
45 55
45 24
45 58
45 60
46 8
46 43
46 79
46 19
46 52
46 85
46 55
46 53
47 33
47 2
47 4
47 37
47 70
47 7
47 8
47 75
47 13
47 18
47 83
47 55
47 26
48 1
48 67
48 4
48 5
48 35
48 71
48 72
48 44
48 79
48 81
48 18
48 3
48 63
49 0
49 33
49 4
49 5
49 9
49 74
49 75
49 16
49 82
49 25
49 58
49 59
49 30
50 64
50 2
50 43
50 38
50 8
50 74
50 11
50 44
50 78
50 79
50 49
50 18
50 21
50 59
50 31
51 33
51 66
51 35
51 36
51 71
51 72
51 74
51 13
51 79
51 19
51 53
51 23
51 24
51 57
51 85
52 33
52 75
52 36
52 70
52 72
52 43
52 48
52 49
52 20
52 86
52 23
52 24
52 55
52 26
52 31
53 64
53 2
53 3
53 5
53 70
53 73
53 74
53 44
53 45
53 49
53 21
53 86
53 56
53 26
53 30
54 1
54 66
54 39
54 16
54 50
54 55
54 62
55 64
55 70
55 71
55 10
55 78
55 81
55 83
55 87
55 24
55 59
55 28
56 87
56 85
56 70
56 23
57 64
57 1
57 2
57 67
57 4
57 5
57 80
57 73
57 74
57 75
57 16
57 81
57 50
57 52
57 86
57 29
59 55
60 31
60 67
60 85
60 78
60 63
61 33
61 66
61 67
61 73
61 74
61 43
61 19
61 52
61 21
61 41
61 24
61 57
62 49
62 18
62 38
62 71
63 33
63 67
63 4
63 5
63 72
63 74
63 43
63 13
63 45
63 81
63 83
63 52
63 86
63 56
63 57
63 63
63 31
64 64
64 66
64 5
64 38
64 8
64 63
64 78
64 52
64 21
64 86
64 87
64 59
64 53
64 85
64 31
65 64
65 0
65 33
65 38
65 71
65 75
65 13
65 80
65 49
65 19
65 53
65 26
66 67
66 70
66 7
66 42
66 77
66 80
66 49
66 18
66 85
66 50
66 87
66 53
67 0
67 33
67 66
67 67
67 5
67 71
67 83
67 13
67 19
67 54
67 58
67 31
68 72
68 5
69 67
69 3
69 4
69 5
69 7
69 8
69 41
69 39
69 80
69 81
69 50
69 19
69 62
69 87
69 55
69 26
69 30
69 63
70 0
70 66
70 3
70 4
70 40
70 75
70 79
70 81
70 55
70 25
70 58
70 30
71 64
71 33
71 38
71 70
71 72
71 9
71 74
71 79
71 85
71 54
71 41
71 57
71 26
71 28
72 40
72 19
72 3
72 30
72 87
73 64
73 33
73 66
73 5
73 70
73 13
73 45
73 18
73 86
73 87
73 56
73 30
74 0
74 32
74 3
74 4
74 5
74 7
74 74
74 18
74 21
74 24
74 33
74 53
74 31
75 2
75 11
75 5
75 70
75 71
75 72
75 75
75 78
75 80
75 50
75 35
75 52
75 86
75 57
76 3
76 4
76 38
76 39
76 8
76 13
76 79
76 80
76 21
76 87
76 47
76 85
76 53
77 0
77 66
77 5
77 39
77 8
77 41
77 74
77 2
77 13
77 49
77 87
77 24
77 31
78 33
78 2
78 67
78 36
78 5
78 70
78 74
78 11
78 66
78 45
78 52
79 0
79 4
79 13
79 81
79 82
79 85
79 31
80 0
80 35
80 9
80 74
80 18
80 55
81 64
81 38
81 7
81 49
81 85
81 86
81 23
82 67
83 66
83 35
83 38
83 39
83 81
83 83
83 21
83 62
83 31
84 74
85 38
85 70
85 8
85 73
85 74
85 43
85 84
85 23
86 65
86 34
86 43
86 48
86 49
86 19
86 52
86 53
87 64
87 71
87 8
87 13
87 79
87 81
87 50
87 19
87 85
87 23
87 57
87 26
