88
1 3
1 36
1 8
1 74
1 11
1 45
1 43
1 35
1 26
1 63
2 0
2 6
2 8
2 16
2 18
2 20
2 23
2 28
2 29
2 32
2 35
2 37
2 40
2 41
2 42
2 47
2 59
2 63
2 67
2 72
2 77
2 79
2 81
2 82
2 83
3 3
3 4
3 9
3 21
3 22
3 23
3 26
3 29
3 33
3 35
3 36
3 40
3 41
3 42
3 54
3 57
3 63
3 65
3 66
3 69
3 70
3 71
3 77
3 86
4 0
4 66
4 54
4 6
4 41
4 12
4 77
4 47
4 86
4 63
5 0
5 1
5 2
5 8
5 11
5 20
5 21
5 22
5 29
5 30
5 34
5 39
5 40
5 42
5 47
5 48
5 51
5 56
5 70
5 76
5 77
5 78
5 86
5 87
9 0
9 1
9 4
9 6
9 9
9 23
9 30
9 32
9 35
9 37
9 39
9 40
9 43
9 47
9 48
9 52
9 63
9 66
9 75
9 77
9 78
9 87
10 1
10 3
10 8
10 12
10 16
10 19
10 23
10 30
10 35
10 37
10 42
10 47
10 50
10 52
10 54
10 56
10 62
10 67
10 69
10 70
10 72
10 81
10 82
10 87
13 1
13 2
13 4
13 8
13 19
13 22
13 23
13 29
13 32
13 36
13 39
13 40
13 42
13 43
13 47
13 51
13 70
13 76
13 77
13 81
13 83
13 86
16 2
16 70
16 72
16 76
16 77
16 45
16 83
17 1
17 2
17 35
17 36
17 69
17 81
17 39
17 8
17 77
17 78
17 40
17 24
17 57
17 26
17 30
19 1
19 34
19 35
19 38
19 6
19 41
19 66
19 77
19 56
19 82
19 52
19 21
19 22
19 23
19 24
19 26
19 70
19 69
20 0
20 1
20 4
20 69
20 6
20 39
20 41
20 42
20 87
20 46
20 47
20 80
20 81
20 18
20 83
20 22
20 57
20 36
20 70
20 29
20 63
28 35
28 39
28 43
28 78
28 83
28 87
29 81
29 18
29 87
30 1
30 66
30 37
30 38
30 33
30 8
30 87
30 45
30 40
30 82
30 52
30 62
30 22
30 69
30 24
30 72
30 59
30 81
30 30
30 63
31 32
31 65
31 4
31 37
31 38
31 39
31 9
31 76
31 78
31 47
31 19
31 54
31 87
31 79
31 70
31 62
31 69
32 35
32 36
32 37
32 6
32 81
32 40
32 41
32 72
32 83
32 21
32 22
32 73
32 26
32 54
32 86
32 85
34 1
34 36
34 70
34 8
34 42
34 47
34 48
34 21
34 86
34 23
34 25
34 79
34 29
34 85
34 31
35 0
35 1
35 3
35 70
35 32
35 8
35 41
35 76
35 45
35 47
35 49
35 82
35 52
35 87
35 26
35 79
35 29
35 63
36 0
36 1
36 2
36 4
36 7
36 9
36 11
36 16
36 30
36 32
36 36
36 40
36 41
36 45
36 47
36 48
36 53
36 54
36 63
36 69
36 70
36 79
36 80
36 82
36 87
37 1
37 2
37 20
37 21
37 22
37 32
37 34
37 38
37 41
37 45
37 47
37 52
37 62
37 63
37 65
37 70
37 72
37 76
37 77
37 78
37 79
37 81
41 0
41 1
41 35
41 36
41 54
41 6
41 81
41 8
41 42
41 75
41 79
41 40
41 67
41 52
41 22
41 24
41 72
41 26
41 86
41 69
42 68
42 66
42 35
42 4
42 6
42 71
42 42
42 45
42 77
42 16
42 18
42 82
42 52
42 53
42 87
42 24
42 36
42 30
43 0
43 32
43 66
43 3
43 64
43 37
43 6
43 39
43 40
43 41
43 54
43 48
43 81
43 82
43 21
43 22
43 38
43 29
43 69
45 1
45 66
45 3
45 4
45 69
45 6
45 39
45 41
45 43
45 76
45 45
45 47
45 16
45 81
45 18
45 35
45 82
45 54
45 65
45 29
45 31
46 0
46 4
46 12
46 16
46 21
46 32
46 33
46 35
46 38
46 41
46 43
46 48
46 56
46 57
46 60
46 62
46 66
46 70
46 71
46 82
46 84
46 86
47 1
47 2
47 35
47 4
47 38
47 6
47 7
47 9
47 11
47 45
47 81
47 18
47 54
47 24
47 70
47 69
48 0
48 1
48 2
48 4
48 6
48 16
48 19
48 21
48 23
48 29
48 32
48 35
48 36
48 38
48 40
48 41
48 49
48 54
48 57
48 62
48 66
48 70
48 79
48 82
49 83
49 3
49 36
49 37
49 40
49 41
49 43
49 12
49 46
49 79
49 76
49 81
49 19
49 52
49 54
49 57
49 26
50 0
50 1
50 4
50 8
50 9
50 23
50 27
50 32
50 37
50 40
50 42
50 48
50 56
50 60
50 65
50 69
50 70
50 72
50 75
50 81
50 83
50 86
52 32
52 33
52 67
52 37
52 6
52 39
52 8
52 9
52 42
52 76
52 45
52 82
52 86
52 26
52 70
52 69
57 32
57 66
57 4
57 38
57 6
57 39
57 40
57 76
57 42
57 12
57 77
57 16
57 18
57 19
57 82
57 23
57 24
57 70
57 63
58 0
58 1
58 2
58 8
58 19
58 22
58 26
58 29
58 31
58 32
58 34
58 39
58 42
58 43
58 45
58 50
58 53
58 54
58 56
58 57
58 62
58 63
58 66
58 80
58 86
62 1
62 6
62 8
62 12
62 24
62 29
62 33
62 34
62 36
62 39
62 41
62 43
62 46
62 47
62 48
62 51
62 52
62 54
62 57
62 62
62 77
62 78
62 79
62 81
62 84
63 32
63 1
63 2
63 3
63 68
63 38
63 6
63 39
63 72
63 60
63 43
63 70
63 78
63 77
63 80
63 82
63 19
63 71
63 79
63 28
63 35
66 2
66 3
66 4
66 37
66 39
66 40
66 41
66 42
66 12
66 47
66 16
66 82
66 74
66 21
66 57
66 29
66 69
66 63
69 1
69 34
69 70
69 38
69 39
69 72
69 9
69 43
69 12
69 77
69 47
69 48
69 81
69 52
69 23
69 56
69 27
69 65
70 32
70 65
70 66
70 35
70 69
70 6
70 71
70 8
70 79
70 43
70 59
70 77
70 78
70 47
70 48
70 49
70 54
70 87
70 27
70 29
70 63
72 1
72 66
72 35
72 4
72 6
72 39
72 80
72 43
72 76
72 78
72 16
72 82
72 62
72 57
72 23
72 56
72 36
72 26
72 27
72 29
72 30
76 2
76 3
76 4
76 37
76 38
76 49
76 8
76 41
76 83
76 12
76 40
76 82
76 51
76 69
76 36
76 81
76 29
76 30
76 63
77 0
77 65
77 2
77 35
77 36
77 37
77 38
77 39
77 41
77 84
77 66
77 77
77 47
77 18
77 83
77 52
77 86
77 57
77 70
77 30
77 69
81 32
81 1
81 3
81 4
81 38
81 33
81 8
81 42
81 43
81 12
81 77
81 78
81 47
81 48
81 72
81 21
81 54
81 57
81 36
81 29
81 65
82 8
82 9
82 12
82 19
82 23
82 32
82 33
82 34
82 35
82 36
82 41
82 46
82 47
82 54
82 63
82 68
82 69
82 70
82 75
82 77
82 79
82 83
82 85
82 86
83 35
83 36
83 40
83 42
83 77
83 48
83 81
83 24
83 29
83 62
85 0
85 32
85 2
85 3
85 4
85 70
85 38
85 9
85 42
85 12
85 78
85 47
85 76
85 82
85 21
85 86
85 36
85 26
86 0
86 1
86 34
86 35
86 69
86 38
86 39
86 8
86 42
86 66
86 16
86 40
86 52
86 54
86 24
86 29
86 62
86 81
87 0
87 4
87 6
87 8
87 22
87 26
87 28
87 31
87 33
87 35
87 38
87 39
87 40
87 41
87 47
87 54
87 62
87 63
87 66
87 70
87 72
87 86
