88
0 2
0 10
0 12
0 17
0 21
0 23
0 27
0 31
0 32
0 34
0 35
0 41
0 42
0 43
0 49
0 56
0 59
0 60
0 63
0 64
0 65
0 75
0 78
0 79
0 81
0 82
0 83
0 85
0 86
2 64
2 65
2 2
2 3
2 41
2 34
2 78
2 82
2 86
2 23
2 56
2 25
2 30
2 31
3 32
3 64
3 34
3 67
3 82
3 5
3 71
3 41
3 74
3 43
3 12
3 66
3 78
3 49
3 75
3 83
3 86
3 55
3 59
3 60
3 30
5 41
5 10
5 11
5 12
5 81
5 21
5 86
5 23
5 56
5 59
5 74
5 31
6 1
6 2
6 4
6 5
6 8
6 10
6 17
6 20
6 23
6 24
6 26
6 30
6 31
6 32
6 33
6 34
6 35
6 36
6 41
6 42
6 43
6 49
6 55
6 56
6 64
6 65
6 66
6 67
6 71
6 72
6 74
6 75
6 76
6 77
6 78
6 79
6 80
6 82
6 83
6 85
6 86
7 2
7 10
7 12
7 23
7 27
7 29
7 34
7 36
7 41
7 42
7 45
7 46
7 49
7 56
7 59
7 60
7 64
7 65
7 67
7 75
7 79
7 81
7 82
7 83
7 84
7 86
7 87
10 1
10 2
10 3
10 4
10 6
10 8
10 10
10 12
10 17
10 21
10 23
10 27
10 29
10 30
10 31
10 32
10 34
10 35
10 36
10 41
10 42
10 43
10 45
10 46
10 49
10 55
10 56
10 59
10 60
10 62
10 63
10 64
10 65
10 66
10 67
10 71
10 74
10 75
10 76
10 78
10 79
10 81
10 82
10 83
10 84
10 86
10 87
12 1
12 2
12 3
12 4
12 6
12 10
12 12
12 13
12 21
12 23
12 26
12 27
12 30
12 31
12 32
12 34
12 35
12 41
12 42
12 46
12 47
12 49
12 55
12 56
12 59
12 60
12 64
12 65
12 66
12 67
12 71
12 72
12 74
12 75
12 78
12 79
12 80
12 81
12 82
12 83
12 84
12 85
12 86
12 87
13 1
13 2
13 10
13 12
13 13
13 20
13 23
13 25
13 27
13 30
13 31
13 34
13 35
13 36
13 41
13 42
13 46
13 56
13 60
13 63
13 64
13 65
13 74
13 75
13 78
13 79
13 85
13 86
13 87
15 64
15 65
15 2
15 4
15 41
15 42
15 43
15 34
15 46
15 13
15 81
15 78
15 86
15 23
15 56
15 87
15 59
15 60
17 2
17 4
17 8
17 10
17 12
17 13
17 17
17 21
17 23
17 26
17 27
17 30
17 31
17 34
17 35
17 36
17 42
17 43
17 45
17 46
17 49
17 55
17 56
17 59
17 60
17 62
17 64
17 65
17 74
17 75
17 77
17 78
17 79
17 82
17 83
17 84
17 85
17 87
22 64
22 32
22 81
26 2
26 10
26 12
26 20
26 27
26 31
26 32
26 34
26 35
26 36
26 41
26 42
26 43
26 46
26 49
26 56
26 59
26 60
26 62
26 63
26 64
26 65
26 72
26 74
26 75
26 76
26 77
26 81
26 82
26 86
27 74
27 59
29 56
29 41
29 34
29 21
30 1
30 2
30 9
30 10
30 23
30 31
30 32
30 34
30 35
30 36
30 42
30 43
30 46
30 52
30 56
30 59
30 60
30 64
30 66
30 67
30 74
30 77
30 79
30 81
30 82
30 83
30 84
30 86
37 32
37 2
37 35
37 41
37 74
37 12
37 34
37 82
37 86
37 56
37 60
37 31
38 64
38 34
38 36
38 41
38 10
38 2
38 46
38 79
38 78
38 86
38 87
38 56
38 26
38 59
38 60
38 74
38 30
39 6
39 10
39 12
39 21
39 23
39 26
39 27
39 30
39 31
39 32
39 34
39 35
39 41
39 42
39 46
39 49
39 59
39 60
39 64
39 67
39 74
39 75
39 77
39 78
39 81
39 82
39 83
39 84
39 86
40 2
40 3
40 10
40 12
40 23
40 27
40 32
40 41
40 42
40 43
40 46
40 47
40 49
40 55
40 59
40 64
40 65
40 66
40 67
40 79
40 83
40 86
41 1
41 2
41 3
41 4
41 11
41 13
41 17
41 20
41 21
41 23
41 25
41 27
41 30
41 32
41 33
41 34
41 35
41 36
41 41
41 42
41 43
41 45
41 46
41 47
41 49
41 59
41 60
41 63
41 64
41 65
41 66
41 67
41 71
41 74
41 75
41 76
41 78
41 79
41 80
41 82
41 84
41 86
41 87
42 2
42 6
42 7
42 10
42 12
42 17
42 21
42 23
42 24
42 26
42 27
42 32
42 34
42 35
42 36
42 41
42 42
42 43
42 46
42 55
42 56
42 59
42 60
42 64
42 65
42 72
42 74
42 75
42 77
42 78
42 79
42 80
42 82
42 83
42 84
42 86
42 87
44 2
44 3
44 4
44 6
44 7
44 9
44 10
44 11
44 12
44 13
44 17
44 20
44 21
44 23
44 24
44 25
44 26
44 30
44 31
44 32
44 34
44 35
44 36
44 41
44 42
44 43
44 45
44 46
44 47
44 49
44 52
44 55
44 56
44 59
44 60
44 64
44 66
44 71
44 74
44 75
44 76
44 79
44 80
44 81
44 82
44 83
44 84
44 85
44 86
51 34
51 67
51 36
51 6
51 49
51 41
51 10
51 43
51 12
51 82
51 46
51 17
51 75
51 78
51 86
51 23
51 56
51 60
51 42
51 30
51 81
52 2
52 4
52 10
52 11
52 12
52 30
52 31
52 32
52 35
52 36
52 41
52 42
52 43
52 46
52 49
52 55
52 56
52 59
52 64
52 67
52 74
52 75
52 79
52 81
52 83
52 86
52 87
56 1
56 2
56 3
56 6
56 7
56 10
56 11
56 12
56 13
56 17
56 20
56 21
56 23
56 25
56 27
56 30
56 31
56 32
56 33
56 34
56 35
56 36
56 41
56 42
56 43
56 45
56 46
56 47
56 49
56 56
56 59
56 60
56 64
56 65
56 66
56 67
56 72
56 74
56 75
56 76
56 78
56 79
56 81
56 82
56 83
56 84
56 85
56 86
56 87
58 64
58 2
58 34
58 36
58 41
58 74
58 12
58 13
58 46
58 35
58 86
58 23
58 56
58 42
62 66
62 35
62 86
62 41
62 42
62 12
62 77
62 46
62 49
62 82
62 83
62 59
62 23
62 56
62 26
62 27
62 74
62 31
64 32
64 1
64 34
64 35
64 36
64 64
64 41
64 42
64 55
64 66
64 46
64 79
64 82
64 23
64 56
64 87
64 63
64 60
64 74
64 31
68 34
68 67
68 4
68 41
68 74
68 79
68 35
68 86
68 60
70 64
70 34
70 35
70 36
70 74
70 81
70 41
70 10
70 43
70 49
70 82
70 67
70 56
70 59
70 23
70 24
70 55
70 27
70 86
70 42
70 83
71 2
71 9
71 10
71 12
71 17
71 20
71 21
71 23
71 27
71 31
71 32
71 34
71 35
71 42
71 46
71 55
71 56
71 59
71 60
71 64
71 66
71 67
71 74
71 75
71 78
71 81
71 82
71 84
71 86
78 2
78 3
78 5
78 10
78 12
78 20
78 23
78 27
78 31
78 34
78 35
78 41
78 42
78 43
78 46
78 47
78 49
78 56
78 59
78 64
78 65
78 72
78 74
78 75
78 79
78 81
78 82
78 83
78 87
83 64
83 2
83 35
83 36
83 41
83 42
83 43
83 12
83 76
83 83
83 84
83 85
83 86
83 23
83 87
83 59
83 74
85 2
85 4
85 7
85 10
85 21
85 23
85 30
85 31
85 32
85 34
85 41
85 42
85 46
85 49
85 56
85 59
85 64
85 65
85 66
85 67
85 74
85 75
85 76
85 77
85 78
85 79
85 81
85 82
85 84
85 86
