88
0 4
0 11
0 78
0 50
0 19
0 84
0 52
0 58
1 18
1 78
2 0
2 1
2 2
2 4
2 5
2 7
2 8
2 11
2 13
2 16
2 18
2 19
2 32
2 37
2 38
2 47
2 52
2 58
2 64
2 74
2 78
2 82
2 83
2 84
2 86
2 87
3 4
3 37
3 7
3 8
3 74
3 82
3 78
3 18
3 19
3 52
3 87
3 58
3 29
4 0
4 1
4 4
4 5
4 38
4 32
4 8
4 64
4 74
4 13
4 47
4 18
4 19
4 20
4 82
4 52
4 58
4 84
4 29
4 37
6 32
6 1
6 83
6 5
6 84
6 8
6 41
6 50
6 64
6 18
6 19
6 52
6 78
6 25
6 58
6 37
9 32
9 1
9 18
9 50
9 5
9 19
9 8
9 13
9 78
9 47
9 82
9 83
9 87
9 37
10 0
10 1
10 4
10 5
10 7
10 8
10 13
10 16
10 18
10 19
10 24
10 25
10 29
10 32
10 34
10 37
10 38
10 52
10 58
10 64
10 78
10 82
10 83
10 84
10 86
10 87
13 0
13 1
13 2
13 4
13 5
13 8
13 11
13 13
13 18
13 19
13 25
13 29
13 32
13 34
13 47
13 50
13 52
13 58
13 64
13 78
13 82
13 83
13 84
13 86
13 87
14 64
14 8
14 74
14 82
14 83
14 84
14 58
15 1
15 4
15 5
15 8
15 74
15 83
15 84
15 52
15 58
20 0
20 1
20 34
20 4
20 5
20 32
20 74
20 82
20 78
20 18
20 83
20 52
20 84
20 58
20 29
20 37
22 37
23 32
24 64
24 1
24 5
24 8
24 74
24 13
24 78
24 18
24 84
24 24
24 58
24 37
26 32
26 8
26 82
26 58
26 7
27 52
27 84
27 78
27 7
28 32
28 1
28 50
28 4
28 37
28 38
28 8
28 82
28 78
28 18
28 84
28 58
29 8
29 82
29 83
29 60
29 58
30 32
30 19
30 2
30 5
30 8
30 50
30 78
30 82
30 83
30 84
31 0
31 32
31 37
31 18
31 52
31 58
32 1
32 4
32 5
32 8
32 11
32 13
32 16
32 18
32 19
32 29
32 32
32 37
32 38
32 47
32 50
32 52
32 58
32 60
32 65
32 74
32 82
32 83
32 86
33 0
33 1
33 2
33 4
33 5
33 7
33 8
33 10
33 11
33 13
33 19
33 24
33 25
33 32
33 34
33 37
33 38
33 43
33 47
33 50
33 52
33 58
33 60
33 64
33 65
33 67
33 74
33 78
33 82
33 83
33 84
33 87
34 32
34 64
34 34
34 82
34 5
34 8
34 74
34 83
34 50
34 78
34 18
34 19
34 52
34 84
34 58
34 60
36 37
38 32
38 1
38 2
38 5
38 8
38 74
38 83
38 18
38 82
38 19
38 86
38 87
38 37
39 64
39 1
39 83
39 37
39 78
39 18
39 19
39 52
39 24
39 58
41 0
41 1
41 2
41 4
41 5
41 7
41 8
41 10
41 11
41 13
41 18
41 19
41 20
41 21
41 24
41 29
41 32
41 34
41 37
41 38
41 47
41 50
41 52
41 60
41 64
41 65
41 66
41 67
41 74
41 75
41 78
41 83
41 84
41 86
42 8
42 1
42 78
43 32
43 1
43 4
43 5
43 8
43 64
43 74
43 12
43 82
43 78
43 47
43 16
43 18
43 52
43 87
43 84
43 58
43 37
45 0
45 1
45 2
45 4
45 5
45 7
45 8
45 10
45 11
45 13
45 18
45 19
45 25
45 29
45 32
45 34
45 37
45 41
45 50
45 52
45 58
45 60
45 78
45 82
45 83
45 84
46 32
46 1
46 37
46 78
46 82
46 83
46 84
46 86
46 58
46 29
49 0
49 1
49 83
49 37
49 38
49 32
49 64
49 74
49 47
49 50
49 19
49 52
49 84
49 58
49 60
49 29
50 0
50 1
50 2
50 4
50 5
50 7
50 8
50 11
50 12
50 18
50 25
50 29
50 32
50 34
50 37
50 38
50 47
50 50
50 52
50 58
50 67
50 74
50 78
50 82
50 84
50 86
51 8
54 0
54 1
54 4
54 5
54 84
54 32
54 8
54 64
54 74
54 82
54 78
54 47
54 16
54 18
54 83
54 52
54 24
54 25
54 58
54 69
54 37
56 32
56 84
56 78
57 1
57 2
57 5
57 7
57 8
57 11
57 13
57 16
57 17
57 18
57 19
57 24
57 29
57 32
57 34
57 37
57 38
57 41
57 43
57 47
57 50
57 52
57 58
57 60
57 64
57 65
57 74
57 78
57 82
57 83
57 84
57 86
59 64
59 32
59 37
59 38
59 7
59 78
59 17
59 18
59 83
59 84
59 25
59 58
60 0
60 2
60 4
60 5
60 7
60 8
60 11
60 13
60 18
60 20
60 25
60 29
60 32
60 34
60 37
60 47
60 50
60 58
60 60
60 64
60 78
60 83
60 84
60 86
62 32
62 1
62 4
62 5
62 7
62 8
62 78
62 82
62 58
62 37
63 0
63 1
63 2
63 4
63 5
63 7
63 8
63 11
63 12
63 13
63 16
63 18
63 19
63 20
63 25
63 29
63 32
63 34
63 37
63 38
63 41
63 47
63 50
63 52
63 58
63 64
63 66
63 74
63 75
63 78
63 83
63 84
63 86
63 87
64 0
64 1
64 2
64 4
64 5
64 7
64 8
64 11
64 13
64 18
64 19
64 25
64 32
64 37
64 38
64 47
64 50
64 52
64 64
64 78
64 82
64 83
64 84
64 86
64 87
66 8
66 83
66 18
66 19
66 4
67 32
67 5
67 41
67 78
67 18
67 19
67 84
67 52
67 58
67 37
70 8
70 58
70 19
72 32
72 1
72 34
72 50
72 5
72 19
72 82
72 18
72 83
72 84
72 87
72 25
72 52
72 37
73 32
73 64
73 34
73 4
73 5
73 7
73 8
73 50
73 78
73 18
73 83
73 52
73 82
73 24
73 84
73 58
73 60
73 37
74 0
74 1
74 2
74 4
74 5
74 8
74 10
74 11
74 13
74 18
74 19
74 29
74 32
74 37
74 38
74 47
74 50
74 52
74 58
74 64
74 69
74 78
74 82
74 84
74 86
74 87
75 0
75 1
75 2
75 4
75 5
75 7
75 8
75 10
75 11
75 12
75 13
75 18
75 19
75 25
75 29
75 32
75 34
75 37
75 38
75 41
75 47
75 50
75 52
75 58
75 60
75 64
75 65
75 66
75 69
75 74
75 78
75 82
75 83
75 84
75 86
75 87
76 0
76 1
76 32
76 5
76 7
76 8
76 82
76 78
76 18
76 83
76 84
76 87
76 58
76 29
78 1
78 4
78 7
78 8
78 10
78 11
78 12
78 13
78 16
78 18
78 19
78 25
78 29
78 32
78 34
78 37
78 38
78 47
78 50
78 52
78 58
78 64
78 65
78 67
78 74
78 78
78 82
78 83
78 84
78 86
78 87
81 5
81 8
81 82
81 19
81 84
81 52
81 37
82 0
82 2
82 4
82 5
82 7
82 8
82 11
82 12
82 18
82 19
82 20
82 25
82 29
82 32
82 34
82 37
82 47
82 50
82 52
82 58
82 64
82 69
82 78
82 83
82 86
82 87
84 0
84 1
84 4
84 5
84 7
84 8
84 10
84 11
84 12
84 13
84 16
84 18
84 19
84 20
84 21
84 24
84 25
84 29
84 32
84 34
84 37
84 38
84 47
84 50
84 52
84 58
84 60
84 64
84 65
84 74
84 75
84 78
84 82
84 83
84 84
84 86
84 87
86 0
86 1
86 4
86 5
86 7
86 8
86 11
86 13
86 18
86 19
86 20
86 24
86 32
86 34
86 37
86 38
86 50
86 52
86 58
86 66
86 78
86 82
86 83
86 84
86 87
