88
0 37
0 38
0 71
0 41
0 42
0 43
0 46
0 59
1 32
1 2
1 59
1 68
1 41
1 81
1 22
1 27
4 32
4 41
4 2
4 79
5 64
5 37
5 38
5 82
5 22
5 23
5 60
7 64
7 33
7 71
7 72
7 42
7 44
7 53
7 27
8 24
8 34
8 75
8 68
9 64
9 70
9 41
9 13
9 80
9 52
9 22
9 55
10 32
10 38
10 75
10 13
10 20
10 22
10 25
10 63
10 52
12 48
12 75
12 53
12 79
13 2
13 6
13 13
13 17
13 20
13 22
13 23
13 24
13 25
13 34
13 38
13 42
13 43
13 44
13 52
13 53
13 59
13 63
13 67
13 71
13 72
13 73
13 74
13 75
13 76
13 78
13 79
13 80
13 82
15 1
15 34
15 43
15 47
15 75
15 76
15 78
15 79
15 80
15 18
15 20
15 24
15 27
16 33
16 2
16 59
16 68
16 37
16 38
16 71
16 80
16 55
16 34
16 79
16 16
16 75
16 51
16 20
16 23
16 67
16 52
16 27
16 70
16 63
20 64
20 1
20 34
20 59
20 68
20 72
20 42
20 75
20 76
20 46
20 79
20 80
20 67
20 78
20 22
20 55
20 25
20 27
20 60
22 32
22 33
22 34
22 67
22 37
22 65
22 41
22 42
22 71
22 44
22 13
22 78
22 80
22 53
22 55
22 87
22 59
22 30
23 64
23 67
23 70
23 75
23 78
23 46
23 27
24 32
24 33
24 34
24 38
24 6
24 64
24 76
24 13
24 79
24 80
24 53
24 23
24 24
24 25
24 59
24 70
24 63
26 34
26 60
26 78
26 55
27 1
27 2
27 6
27 10
27 13
27 20
27 22
27 23
27 25
27 33
27 37
27 38
27 41
27 42
27 44
27 53
27 55
27 59
27 60
27 67
27 78
27 82
28 34
28 42
28 71
29 1
29 2
29 67
29 66
29 33
29 9
29 75
29 76
29 13
29 79
29 51
29 52
29 22
29 73
29 27
29 60
29 30
29 63
30 2
30 38
30 71
30 73
30 78
30 20
30 53
30 27
30 60
30 30
31 33
31 54
31 78
31 38
31 6
32 33
32 34
32 68
32 10
32 55
32 76
32 78
32 51
32 46
32 23
32 60
32 42
33 1
33 6
33 23
33 25
33 27
33 30
33 32
33 38
33 41
33 42
33 48
33 52
33 53
33 55
33 60
33 67
33 68
33 72
33 73
33 74
33 79
33 87
34 41
34 74
34 75
34 76
34 13
34 53
34 86
34 25
35 52
35 46
35 79
36 32
36 2
36 67
36 9
36 82
36 52
36 41
36 25
37 33
37 67
37 68
37 38
37 41
37 48
37 58
38 0
38 33
38 34
38 67
38 68
38 65
38 32
38 42
38 75
38 13
38 80
38 52
38 21
38 55
38 25
38 59
39 64
39 33
39 34
39 43
39 6
39 38
39 41
39 75
39 76
39 78
39 79
39 20
39 27
40 80
40 2
40 75
40 13
41 32
41 1
41 34
41 67
41 68
41 37
41 33
41 72
41 42
41 44
41 78
41 82
41 20
41 22
41 55
41 58
41 30
42 34
42 70
42 38
42 76
42 20
42 21
42 55
42 59
43 64
43 33
43 67
43 59
43 37
43 71
43 9
43 76
43 16
43 82
43 51
43 20
43 73
43 24
43 25
43 27
43 60
43 30
43 52
44 48
44 59
44 84
44 30
45 6
45 72
45 13
45 20
45 25
45 30
45 63
46 32
46 1
46 2
46 48
46 6
46 33
46 64
46 42
46 75
46 34
46 78
46 79
46 16
46 82
46 20
46 53
46 23
46 59
47 1
47 59
47 68
47 42
47 48
47 51
47 25
47 27
48 20
49 32
49 48
49 67
49 37
49 76
49 78
49 80
49 63
50 64
50 1
50 67
50 6
50 42
50 43
50 78
50 80
50 22
50 25
51 32
51 2
51 67
51 68
51 37
51 38
51 75
51 76
51 13
51 46
51 79
51 18
51 52
51 53
51 22
51 78
51 63
52 34
52 75
52 43
52 46
52 48
52 67
52 52
52 59
52 60
52 63
54 1
54 68
54 38
54 6
54 71
54 72
54 42
54 43
54 78
54 47
54 80
54 17
54 51
54 20
54 27
54 30
54 63
56 64
56 1
56 34
56 67
56 54
56 70
56 71
56 72
56 80
56 57
56 44
56 13
56 78
56 79
56 16
56 81
56 52
56 53
56 22
56 23
56 25
59 1
59 2
59 16
59 23
59 24
59 30
59 32
59 38
59 43
59 44
59 46
59 48
59 53
59 64
59 65
59 68
59 70
59 75
59 76
59 78
59 80
59 81
59 82
61 37
61 38
61 71
62 33
62 82
62 68
62 30
63 32
63 34
63 6
63 38
63 71
63 46
63 82
63 59
64 2
64 75
64 42
64 43
64 20
64 24
64 60
64 63
65 48
65 68
65 71
65 41
65 74
65 76
65 13
65 78
65 16
65 23
66 64
66 37
66 38
66 60
66 75
66 52
66 87
66 70
67 1
67 13
67 16
67 21
67 22
67 23
67 25
67 27
67 30
67 33
67 34
67 38
67 41
67 43
67 51
67 52
67 55
67 58
67 64
67 67
67 71
67 74
67 75
67 78
67 79
67 80
68 32
68 33
68 2
68 67
68 37
68 70
68 71
68 72
68 41
68 79
68 43
68 76
68 47
68 16
68 20
68 53
68 23
68 25
68 59
68 55
68 52
69 64
69 33
69 2
69 59
69 37
69 6
69 71
69 72
69 9
69 42
69 75
69 76
69 34
69 78
69 79
69 52
69 53
69 73
69 41
69 27
69 60
70 32
70 2
70 68
70 6
70 42
70 52
70 22
70 24
70 60
71 2
71 59
71 70
71 71
71 74
71 20
71 23
71 52
71 27
72 1
72 34
72 75
72 68
72 37
72 72
72 73
72 55
72 13
72 78
72 79
72 48
72 51
72 52
72 21
72 23
72 25
72 58
72 63
72 53
73 79
73 33
73 34
73 68
73 6
73 39
73 80
73 41
73 42
73 43
73 13
73 47
73 16
73 51
73 20
73 23
73 24
73 55
73 71
73 27
73 60
74 32
74 64
74 2
74 68
74 38
74 72
74 73
74 43
74 34
74 79
74 20
74 22
74 87
74 24
74 25
74 59
74 30
76 64
76 33
76 2
76 75
76 68
76 38
76 6
76 71
76 72
76 41
76 42
76 43
76 34
76 46
76 79
76 19
76 20
76 53
76 52
76 58
76 63
77 64
77 67
77 68
77 71
77 73
77 82
77 57
77 55
77 25
77 60
77 30
78 6
78 10
78 13
78 22
78 24
78 25
78 33
78 37
78 38
78 41
78 42
78 55
78 59
78 60
78 66
78 67
78 68
78 71
78 72
78 76
78 79
78 80
78 82
79 1
79 17
79 22
79 23
79 24
79 25
79 27
79 30
79 32
79 43
79 46
79 48
79 51
79 59
79 60
79 63
79 67
79 68
79 70
79 71
79 72
79 75
80 32
80 33
80 34
80 67
80 71
80 80
80 41
80 42
80 43
80 47
80 16
80 52
80 23
80 55
80 58
80 60
80 74
82 13
82 30
83 64
83 1
83 2
83 37
83 6
83 80
83 41
83 55
83 76
83 13
83 79
83 16
83 20
83 21
83 23
83 25
83 30
83 53
84 74
84 59
84 60
84 63
85 33
85 2
85 67
85 37
85 6
85 71
85 42
85 43
85 44
85 46
85 47
85 80
85 75
85 53
85 22
85 27
85 74
86 32
86 33
86 59
86 68
86 37
86 6
86 71
86 38
86 74
86 67
86 52
86 22
86 57
86 25
86 27
86 30
87 64
87 2
87 6
87 71
87 57
87 55
87 76
87 78
87 79
87 48
87 51
87 53
87 22
87 23
87 25
87 60
87 63
