88
0 64
0 34
0 35
0 5
0 41
0 43
0 12
0 46
0 47
0 21
0 37
1 34
1 35
1 5
1 38
1 40
1 9
1 12
1 13
1 47
1 72
1 21
1 22
1 41
1 70
1 30
2 35
2 67
2 76
2 6
4 1
4 4
4 5
4 6
4 7
4 11
4 13
4 17
4 21
4 30
4 31
4 35
4 37
4 39
4 43
4 46
4 49
4 55
4 67
4 68
4 72
4 79
4 82
5 63
6 1
6 35
6 68
6 49
6 7
6 72
6 9
6 79
6 39
6 76
6 73
6 17
6 82
6 51
6 22
6 41
6 24
6 54
7 1
7 4
7 6
7 12
7 17
7 25
7 27
7 29
7 30
7 31
7 38
7 43
7 44
7 46
7 48
7 49
7 56
7 57
7 64
7 67
7 76
7 77
7 79
10 1
10 43
10 49
10 40
10 63
10 11
10 44
10 77
10 47
10 17
10 67
10 73
10 55
10 59
10 29
10 31
12 68
12 51
12 2
12 34
12 4
12 7
12 43
12 76
12 13
12 47
12 17
12 50
12 35
12 24
12 25
12 63
13 1
13 2
13 6
13 7
13 9
13 12
13 17
13 20
13 22
13 30
13 31
13 37
13 38
13 39
13 40
13 41
13 43
13 44
13 47
13 48
13 49
13 55
13 57
13 59
13 64
13 68
13 71
13 72
13 73
13 75
13 76
13 77
13 79
17 55
18 1
18 2
18 3
18 4
18 6
18 9
18 12
18 17
18 20
18 24
18 27
18 28
18 29
18 30
18 31
18 34
18 35
18 38
18 40
18 41
18 43
18 48
18 50
18 51
18 56
18 59
18 63
18 64
18 67
18 68
18 71
18 72
18 76
18 77
18 79
18 82
19 0
19 4
19 6
19 7
19 13
19 17
19 22
19 23
19 24
19 30
19 31
19 34
19 35
19 37
19 38
19 39
19 40
19 41
19 43
19 49
19 55
19 57
19 59
19 63
19 67
19 68
19 70
19 71
19 72
19 76
19 77
19 79
19 82
20 72
20 1
20 50
20 4
20 44
21 21
21 70
21 63
26 0
26 1
26 4
26 6
26 7
26 9
26 10
26 12
26 17
26 20
26 21
26 24
26 25
26 28
26 31
26 34
26 37
26 38
26 39
26 41
26 43
26 47
26 48
26 49
26 55
26 59
26 63
26 64
26 67
26 68
26 71
26 72
26 75
26 77
26 82
26 83
28 2
28 4
28 7
28 9
28 11
28 17
28 23
28 24
28 25
28 28
28 31
28 34
28 35
28 39
28 43
28 44
28 47
28 48
28 50
28 55
28 56
28 57
28 60
28 63
28 64
28 67
28 68
28 71
28 72
28 73
28 76
28 77
29 64
29 2
29 67
29 5
29 70
29 41
29 10
29 11
29 12
29 34
29 77
29 44
29 82
29 51
29 21
29 57
29 24
29 25
29 79
29 30
29 31
30 41
30 34
30 67
30 21
30 71
31 48
31 24
31 82
31 21
31 71
32 67
32 68
32 44
32 12
32 51
32 20
32 57
32 56
32 25
34 40
34 1
34 9
34 57
34 73
35 40
35 41
35 11
35 13
36 1
36 35
36 7
36 12
36 56
36 50
36 22
36 24
36 25
37 1
37 5
37 6
37 7
37 9
37 12
37 21
37 24
37 25
37 27
37 30
37 31
37 34
37 35
37 38
37 39
37 41
37 43
37 44
37 46
37 47
37 48
37 49
37 51
37 54
37 57
37 59
37 63
37 64
37 70
37 72
37 79
37 82
38 1
38 37
38 70
38 7
38 72
38 9
38 43
38 44
38 50
38 54
38 57
38 25
38 38
38 31
39 0
39 1
39 2
39 9
39 17
39 21
39 22
39 41
39 43
39 44
39 46
39 49
39 50
39 51
39 55
39 64
39 67
39 71
39 72
39 73
39 77
39 82
40 56
40 39
41 5
41 13
41 17
41 21
41 25
41 30
41 31
41 35
41 37
41 38
41 39
41 44
41 49
41 51
41 57
41 63
41 68
41 71
41 73
41 77
41 79
41 82
42 64
42 67
42 5
42 71
42 39
42 77
42 22
42 24
43 1
43 2
43 4
43 7
43 9
43 11
43 13
43 21
43 22
43 24
43 25
43 29
43 35
43 37
43 39
43 40
43 41
43 44
43 46
43 47
43 49
43 51
43 54
43 55
43 56
43 71
43 73
43 76
43 82
43 83
45 1
45 5
45 6
45 9
45 12
45 21
45 22
45 23
45 29
45 30
45 31
45 34
45 35
45 37
45 38
45 40
45 43
45 47
45 49
45 51
45 55
45 56
45 63
45 64
45 68
45 72
45 75
45 76
45 79
45 82
45 83
46 68
46 4
46 21
46 22
46 31
47 2
47 67
47 6
47 34
47 20
47 21
47 24
47 63
48 4
48 5
48 7
48 12
48 17
48 22
48 25
48 30
48 31
48 39
48 41
48 43
48 49
48 54
48 55
48 56
48 59
48 63
48 64
48 72
48 77
48 82
49 35
49 71
51 44
51 12
51 29
52 73
52 43
52 20
52 25
53 64
53 68
53 6
53 73
53 44
53 83
53 21
53 22
53 29
54 64
54 35
54 4
54 39
54 9
54 71
54 76
54 13
54 47
54 48
54 17
54 82
54 20
54 21
54 73
54 57
54 25
54 79
54 31
55 2
55 5
55 6
55 7
55 9
55 12
55 21
55 22
55 25
55 29
55 31
55 34
55 35
55 37
55 39
55 40
55 41
55 43
55 44
55 46
55 47
55 51
55 55
55 59
55 64
55 67
55 68
55 71
55 72
55 73
55 77
55 79
55 82
55 83
58 59
58 28
58 5
58 30
58 71
59 0
59 4
59 5
59 6
59 7
59 11
59 12
59 17
59 21
59 22
59 24
59 29
59 30
59 31
59 34
59 40
59 41
59 43
59 44
59 46
59 47
59 48
59 49
59 55
59 57
59 59
59 63
59 68
59 70
59 71
59 72
59 75
59 76
59 79
59 82
59 83
60 2
60 5
60 6
60 7
60 11
60 12
60 13
60 17
60 20
60 21
60 22
60 24
60 27
60 28
60 30
60 31
60 38
60 39
60 47
60 50
60 51
60 56
60 57
60 59
60 63
60 70
60 72
60 73
60 76
60 77
60 79
60 82
63 9
63 55
63 20
63 5
63 7
64 64
64 7
64 9
64 12
64 77
64 47
64 17
64 56
66 64
66 1
66 2
66 67
66 77
66 79
66 82
66 56
66 27
67 73
67 34
67 76
67 13
67 7
70 1
70 4
70 5
70 6
70 7
70 9
70 10
70 12
70 13
70 24
70 25
70 27
70 29
70 30
70 34
70 35
70 39
70 41
70 43
70 44
70 47
70 49
70 51
70 55
70 57
70 64
70 67
70 68
70 70
70 71
70 73
70 76
71 1
71 4
71 5
71 6
71 9
71 12
71 13
71 21
71 22
71 24
71 25
71 28
71 30
71 31
71 34
71 35
71 44
71 47
71 48
71 49
71 51
71 55
71 56
71 63
71 67
71 68
71 70
71 71
71 72
71 73
71 82
71 83
72 1
72 2
72 3
72 5
72 6
72 7
72 9
72 10
72 11
72 12
72 13
72 20
72 21
72 22
72 24
72 25
72 27
72 29
72 30
72 31
72 34
72 39
72 41
72 43
72 44
72 47
72 49
72 50
72 51
72 56
72 57
72 59
72 64
72 67
72 68
72 71
72 73
72 82
78 24
78 73
80 64
80 73
80 5
82 1
82 5
82 6
82 9
82 11
82 13
82 17
82 20
82 21
82 24
82 25
82 34
82 37
82 39
82 44
82 46
82 47
82 48
82 49
82 54
82 55
82 56
82 63
82 64
82 67
82 68
82 70
82 71
82 72
82 73
83 49
83 22
84 12
84 68
84 46
85 5
85 47
86 29
86 46
87 34
87 30
