88
0 70
0 49
0 8
0 74
0 43
0 77
0 40
0 50
0 52
0 21
0 54
0 55
0 63
1 32
1 33
1 2
1 67
1 4
1 5
1 70
1 81
1 64
1 41
1 13
1 80
1 72
1 19
1 85
1 54
1 30
1 31
2 64
2 66
2 3
2 5
2 70
2 71
2 55
2 47
2 52
2 21
2 87
2 62
3 33
3 50
3 72
3 13
3 82
3 86
3 31
7 71
7 39
7 80
7 82
7 19
7 52
7 21
7 54
7 26
7 85
8 0
8 1
8 83
8 43
8 4
8 33
8 64
8 74
8 7
8 72
8 67
8 21
8 86
8 87
8 57
8 71
8 63
14 33
14 3
14 71
14 72
14 43
14 79
14 80
14 87
14 18
14 19
14 53
14 55
14 58
14 85
14 63
17 33
17 3
17 5
17 38
17 8
17 9
17 10
17 87
17 13
17 79
17 80
17 81
17 52
17 55
17 63
17 28
17 31
18 35
18 38
18 40
18 74
18 75
18 44
18 45
18 80
18 81
18 19
18 57
20 0
20 33
20 67
20 4
20 71
20 8
20 9
20 87
20 45
20 80
20 49
20 83
20 52
20 21
20 86
20 73
20 29
20 62
21 0
21 33
21 2
21 3
21 4
21 70
21 64
21 11
21 45
21 81
21 50
21 21
21 56
21 57
21 31
23 34
23 35
23 36
23 70
23 39
23 40
23 82
23 2
23 80
23 72
23 18
23 19
23 66
23 86
23 56
23 60
23 63
24 2
24 67
24 4
24 5
24 38
24 71
24 39
24 80
24 81
24 83
24 52
24 30
25 4
25 38
25 81
25 9
25 63
25 49
25 85
25 57
25 58
25 59
25 53
26 70
26 71
26 72
26 74
26 40
26 83
26 52
26 21
26 8
26 26
26 29
27 1
27 2
27 67
27 7
27 74
27 39
27 44
27 50
27 82
27 31
28 0
28 67
28 4
28 5
28 70
28 7
28 72
28 13
28 45
28 81
28 19
28 52
28 21
28 55
28 24
28 57
28 60
28 30
29 32
29 4
29 39
29 8
29 43
29 49
29 50
29 83
29 85
29 87
29 30
29 31
30 33
30 66
30 67
30 5
30 70
30 39
30 9
30 13
30 78
30 48
30 81
30 19
30 87
30 24
30 31
31 66
31 5
31 38
31 55
31 2
31 48
31 81
31 82
31 86
31 87
31 57
32 2
32 3
32 4
32 70
32 38
32 71
32 8
32 66
32 40
32 50
32 19
32 53
32 86
32 72
32 26
32 81
32 30
32 63
33 64
33 66
33 67
33 38
33 70
33 39
33 74
33 81
33 18
33 19
33 85
33 86
33 55
33 53
34 35
34 67
34 4
34 70
34 11
34 79
34 83
34 87
35 64
35 36
35 72
35 43
35 83
35 52
36 0
36 66
36 70
36 7
36 8
36 13
36 79
36 50
36 23
36 57
36 30
37 0
37 1
37 36
37 5
37 81
37 33
37 8
37 39
37 13
37 49
37 18
37 21
37 54
37 72
37 71
37 59
37 85
37 53
38 0
38 33
38 2
38 67
38 5
38 38
38 39
38 43
38 13
38 46
38 79
38 81
38 50
38 19
38 55
38 57
38 87
38 59
39 0
39 1
39 3
39 36
39 70
39 39
39 8
39 74
39 80
39 18
39 19
39 20
39 21
39 86
39 87
39 56
39 85
40 35
40 38
40 72
40 44
40 45
40 79
40 49
40 86
40 55
40 59
41 64
41 32
41 66
41 3
41 33
41 9
41 74
41 43
41 81
41 19
41 21
41 55
41 24
42 33
42 2
42 3
42 4
42 8
42 74
42 43
42 13
42 46
42 79
42 48
42 49
42 18
42 35
42 86
42 87
42 67
43 0
43 1
43 5
43 38
43 7
43 64
43 41
43 74
43 71
43 18
43 19
43 85
43 21
43 55
43 56
43 62
43 53
44 64
44 2
44 3
44 36
44 5
44 70
44 39
44 72
44 41
44 66
44 71
44 13
44 79
44 18
44 67
44 21
44 55
44 62
44 53
45 64
45 3
45 36
45 5
45 38
45 71
45 74
45 43
45 78
45 21
45 55
45 85
45 53
46 33
46 70
46 71
46 8
46 7
46 53
46 24
46 58
46 28
47 0
47 2
47 3
47 70
47 38
47 71
47 72
47 9
47 43
47 13
47 18
47 67
47 52
47 86
47 41
47 87
48 1
48 66
48 70
48 41
48 2
48 78
48 80
48 49
48 84
48 21
48 87
48 24
48 59
48 31
49 64
49 33
49 35
49 36
49 40
49 60
49 74
49 55
49 79
49 49
49 87
49 28
49 62
49 31
50 64
50 66
50 3
50 36
50 70
50 38
50 39
50 87
50 79
50 80
50 18
50 21
50 86
50 55
50 56
50 4
50 59
51 0
51 33
51 67
51 38
51 71
51 8
51 87
51 13
51 49
51 56
51 23
51 24
51 72
51 29
51 31
52 32
52 67
52 4
52 5
52 8
52 9
52 74
52 43
52 44
52 18
52 19
52 52
52 21
52 54
52 36
52 58
52 85
53 68
53 33
53 2
53 3
53 4
53 72
53 73
53 66
53 43
53 13
53 21
53 23
53 36
53 26
53 31
55 0
55 1
55 38
55 33
55 40
55 79
55 49
55 18
55 52
55 26
55 63
55 31
57 67
57 70
57 39
57 72
57 75
57 74
57 7
57 82
57 79
57 71
57 81
57 18
57 85
57 54
57 87
57 57
57 26
57 59
61 64
61 0
61 8
61 74
61 13
61 78
61 45
61 81
61 50
61 52
61 54
61 63
63 0
63 35
63 4
63 70
63 39
63 43
63 13
63 81
63 50
63 19
63 52
63 53
63 86
63 55
63 24
63 71
63 62
63 85
64 33
64 66
64 86
64 70
64 71
64 80
64 87
64 45
64 78
64 48
64 81
64 21
64 54
64 55
64 63
65 64
65 1
65 2
65 33
65 40
65 74
65 13
65 81
65 50
65 52
65 55
65 26
65 62
66 3
66 4
66 5
66 74
66 13
66 81
66 18
66 19
66 21
66 86
66 62
66 53
67 64
67 3
67 4
67 72
67 9
67 10
67 75
67 13
67 79
67 82
67 21
67 57
67 36
67 85
69 64
69 2
69 3
69 5
69 70
69 71
69 8
69 43
69 13
69 80
69 40
69 18
69 19
69 52
69 85
69 86
69 30
69 63
70 0
70 66
70 4
70 8
70 2
70 72
70 82
70 19
70 20
70 21
70 86
70 56
70 85
70 63
71 0
71 2
71 75
71 4
71 5
71 38
71 39
71 74
71 71
71 46
71 19
71 78
71 55
71 70
71 85
71 63
73 0
73 64
73 66
73 3
73 4
73 5
73 33
73 74
73 39
73 18
73 19
73 55
73 56
73 59
74 0
74 33
74 3
74 70
74 72
74 9
74 50
74 80
74 18
74 83
74 52
74 21
74 55
74 53
75 33
75 66
75 43
75 38
75 8
75 74
75 11
75 13
75 45
75 80
75 19
75 52
75 23
75 29
75 30
75 63
76 0
76 64
76 66
76 4
76 40
76 10
76 13
76 80
76 52
76 85
76 86
76 58
76 28
76 74
77 1
77 2
77 67
77 7
77 9
77 74
77 39
77 13
77 78
77 48
77 87
77 18
77 19
77 41
77 71
78 67
78 5
78 38
78 39
78 72
78 74
78 78
78 79
78 85
78 63
78 28
78 62
78 21
79 2
79 67
79 38
79 66
79 81
79 19
79 52
80 64
80 66
80 35
80 7
80 79
80 81
80 18
80 24
81 2
81 8
81 76
81 13
81 18
81 83
81 55
82 85
83 64
83 33
83 35
83 5
83 8
83 74
83 79
83 19
83 86
83 60
87 66
87 59
87 4
87 5
87 8
87 41
87 74
87 75
87 45
87 79
87 19
87 86
87 54
