88
0 1
0 3
0 70
0 49
0 72
0 73
0 42
0 47
0 80
0 40
0 23
0 25
0 28
1 65
1 2
1 1
1 40
1 48
1 28
1 62
3 84
3 68
3 28
5 34
5 36
5 47
5 49
5 57
5 28
5 62
6 1
6 34
6 68
6 48
6 40
6 73
6 80
6 49
6 23
6 57
6 28
6 62
7 34
7 73
7 47
7 49
7 57
7 28
7 62
8 80
8 28
9 65
9 2
9 36
9 40
9 73
9 84
9 23
9 57
13 65
13 73
13 42
13 84
13 22
13 23
13 57
13 28
16 65
16 34
16 36
16 1
16 48
16 23
16 28
16 29
18 1
18 2
18 3
18 68
18 65
18 7
18 40
18 42
18 34
18 47
18 49
18 84
18 22
18 23
18 24
18 57
18 59
18 62
20 34
20 36
20 7
20 40
20 73
20 42
20 28
21 65
21 68
21 49
21 7
21 72
21 73
21 42
21 55
21 47
21 40
21 84
21 22
21 23
21 62
22 65
22 2
22 68
22 72
22 73
22 34
22 84
22 57
22 23
22 36
22 28
22 29
22 62
23 65
23 36
23 7
23 40
23 49
23 84
23 28
23 62
24 68
24 7
24 40
24 73
24 42
24 47
24 84
24 22
24 36
24 28
24 62
25 1
25 34
25 68
25 7
25 72
25 73
25 80
25 49
25 84
25 48
25 28
25 29
25 62
26 40
26 34
26 28
26 22
27 1
27 34
27 68
27 7
27 72
27 73
27 71
27 80
27 40
27 22
27 23
27 57
28 34
28 72
28 42
28 47
28 23
28 57
28 62
29 68
29 65
29 2
29 3
29 36
29 7
29 40
29 73
29 34
29 47
29 80
29 49
29 84
29 22
29 57
29 59
29 28
29 29
30 65
30 34
30 1
30 40
30 7
30 47
30 84
30 23
30 57
30 62
31 1
31 2
31 36
31 7
31 40
31 73
31 42
31 47
31 80
31 49
31 84
31 23
31 72
31 68
31 28
31 29
31 62
32 1
32 34
32 36
32 49
32 65
32 72
32 7
32 40
32 23
32 57
32 28
33 1
33 34
33 68
33 42
33 47
33 84
33 57
33 23
33 24
33 36
33 62
34 65
34 70
34 7
34 73
34 48
34 49
34 23
34 62
35 48
35 34
35 68
35 7
35 72
35 47
35 80
35 40
35 84
35 57
35 22
35 23
35 36
35 28
37 1
37 34
37 3
37 36
37 7
37 40
37 42
37 84
37 22
37 23
37 57
37 28
37 62
38 1
38 34
38 70
38 7
38 72
38 77
38 47
38 80
38 40
38 84
38 23
38 57
38 28
38 62
39 34
39 3
39 36
39 7
39 72
39 73
39 42
39 47
39 48
39 84
39 57
39 59
39 28
39 62
40 36
40 7
40 47
40 48
40 49
40 84
40 57
40 28
40 62
41 65
41 34
41 36
41 7
41 40
41 73
41 42
41 80
41 84
41 23
41 57
41 28
41 29
43 1
43 2
43 3
43 36
43 65
43 73
43 47
43 48
43 23
43 57
43 28
43 62
44 1
44 34
44 49
44 7
44 72
44 73
44 42
44 80
44 40
44 22
44 23
44 57
44 28
44 62
45 65
45 2
45 36
45 7
45 73
45 34
45 80
45 49
45 57
45 22
45 23
45 25
45 28
45 62
46 1
46 2
46 36
46 70
46 65
46 7
46 73
46 42
46 34
46 47
46 80
46 49
46 84
46 23
46 24
46 57
46 59
46 62
47 1
47 3
47 68
47 70
47 7
47 72
47 40
47 84
47 23
47 24
49 1
49 34
49 70
49 65
49 47
49 48
49 49
49 84
49 22
50 65
50 2
50 3
50 36
50 70
50 7
50 72
50 73
50 42
50 34
50 49
50 84
50 22
50 23
50 57
51 1
51 2
51 36
51 65
51 40
51 73
51 42
51 34
51 80
51 77
51 48
51 84
51 23
51 28
51 62
52 68
52 7
52 40
52 73
52 84
52 57
52 23
52 25
52 28
53 65
53 68
53 1
53 73
53 71
53 47
53 84
53 23
53 57
53 28
53 62
54 68
54 1
54 34
54 36
54 7
54 40
54 73
54 71
54 80
54 47
54 48
54 49
54 84
54 57
54 59
54 28
54 62
55 1
55 34
55 3
55 36
55 71
55 72
55 7
55 80
55 40
55 84
55 23
55 24
55 57
55 62
56 1
56 34
56 68
56 49
56 48
56 72
56 73
56 42
56 47
56 80
56 40
56 28
56 62
57 1
57 36
57 7
57 72
57 73
57 47
57 80
57 84
58 68
58 1
58 2
58 36
58 7
58 40
58 73
58 42
58 34
58 80
58 48
58 49
58 84
58 23
58 57
58 59
58 28
58 62
60 65
60 34
60 3
60 49
60 1
60 72
60 48
60 40
60 84
60 22
60 55
60 57
60 62
61 48
61 34
61 68
61 7
61 40
61 73
61 42
61 80
61 49
61 84
61 22
61 23
61 57
61 28
62 1
62 3
62 36
62 65
62 40
62 42
62 23
62 28
63 65
63 34
63 36
63 7
63 72
63 55
63 80
63 40
63 84
63 48
63 23
63 24
63 57
63 28
64 57
64 34
64 7
65 1
65 34
65 36
65 7
65 72
65 47
65 40
65 84
65 22
65 23
65 57
65 28
65 62
66 1
66 34
66 36
66 65
66 7
66 40
66 71
66 49
66 72
66 22
66 23
66 24
66 57
66 28
66 62
67 68
67 65
67 34
67 3
67 36
67 70
67 40
67 73
67 42
67 80
67 47
67 48
67 49
67 84
67 23
67 57
67 28
67 62
68 34
68 68
68 40
68 42
68 55
68 84
68 57
68 22
68 23
68 36
68 28
68 62
69 1
69 34
69 36
69 7
69 47
69 84
69 57
69 62
70 65
70 2
70 36
70 7
70 40
70 73
70 42
70 1
70 23
70 24
70 57
70 28
70 62
71 65
71 68
71 7
71 40
71 42
71 84
71 22
71 57
71 28
71 62
72 65
72 34
72 3
72 40
72 42
72 49
72 84
72 23
72 57
72 29
73 65
73 2
73 1
73 7
73 72
73 42
73 71
73 34
73 80
73 49
73 84
73 48
73 62
74 1
74 2
74 36
74 40
74 80
74 42
74 34
74 77
74 47
74 48
74 81
74 84
74 53
74 23
74 24
74 68
74 59
74 28
75 65
75 34
75 68
75 40
75 42
75 47
75 80
75 49
75 84
75 57
75 23
75 36
75 28
75 62
76 65
76 2
76 36
76 7
76 40
76 80
76 42
76 55
76 34
76 48
76 72
76 84
76 53
76 23
76 24
76 57
76 59
76 62
77 65
77 2
77 70
77 1
77 72
77 7
77 48
77 84
77 22
77 23
77 29
78 68
78 1
78 34
78 36
78 7
78 40
78 73
78 42
78 47
78 48
78 49
78 84
78 72
78 24
78 57
78 28
78 62
79 1
79 2
79 36
79 65
79 7
79 80
79 73
79 34
79 47
79 48
79 84
79 22
79 23
79 28
79 62
80 65
80 7
80 40
80 73
80 28
80 62
81 1
81 34
81 3
81 65
81 7
81 40
81 73
81 47
81 48
81 49
81 84
81 22
81 23
81 57
81 62
82 65
82 36
82 7
82 72
82 48
82 40
82 84
82 23
82 57
82 28
82 62
83 1
83 2
83 7
83 40
83 55
83 34
83 84
83 23
83 57
83 62
84 3
84 68
84 7
84 47
84 49
84 23
84 36
84 28
84 62
85 34
85 3
85 36
85 71
85 40
85 42
85 7
85 47
85 49
85 84
86 65
86 34
86 3
86 68
86 7
86 72
86 55
86 47
86 1
86 22
86 23
86 57
86 28
86 62
87 1
87 2
87 36
87 65
87 40
87 42
87 55
87 34
87 47
87 49
87 84
87 22
87 23
87 71
87 59
87 28
87 62
