88
0 0
0 48
0 2
0 36
0 80
0 83
1 2
1 34
1 5
1 6
1 71
1 38
1 10
1 13
1 46
1 77
1 40
1 53
1 59
1 72
1 26
1 27
1 81
1 42
1 63
2 33
2 2
2 4
2 70
2 48
2 80
2 41
2 11
2 34
2 46
2 77
2 16
2 66
2 87
2 56
2 26
2 28
2 63
3 0
3 80
3 34
3 82
3 5
3 6
3 40
3 42
3 75
3 13
3 79
3 48
3 50
3 83
3 84
3 54
3 87
3 27
3 28
3 69
3 63
4 48
4 2
4 67
4 4
4 37
4 6
4 40
4 41
4 10
4 43
4 34
4 16
4 50
4 83
4 73
4 57
4 36
4 26
4 28
4 29
5 2
5 34
5 4
5 71
5 40
5 87
5 13
5 46
5 72
5 82
5 66
5 86
5 55
5 56
5 57
5 27
5 28
5 31
6 0
6 2
6 3
6 5
6 70
6 77
6 40
6 11
6 13
6 46
6 45
6 80
6 51
6 84
6 22
6 55
6 67
6 27
6 69
7 4
7 5
8 0
8 2
8 68
8 71
8 73
8 55
8 13
8 80
8 50
8 86
8 41
8 27
9 64
9 1
9 4
9 70
9 6
9 10
9 81
9 54
9 57
9 38
9 28
9 30
10 66
10 67
10 4
10 54
10 71
10 72
10 13
10 46
10 48
10 35
10 86
10 26
10 28
10 31
11 65
11 66
11 4
11 38
11 48
11 80
11 42
11 16
11 84
11 21
11 26
11 59
11 28
11 31
12 34
12 67
12 4
12 5
12 6
12 71
12 40
12 63
12 42
12 44
12 48
12 81
12 83
12 85
12 62
12 54
12 69
12 38
12 30
12 31
13 83
13 35
13 36
13 5
13 38
13 71
13 40
13 42
13 13
13 82
13 3
13 54
13 26
13 29
13 37
14 28
16 0
16 80
16 2
16 35
16 36
16 69
16 39
16 43
16 13
16 16
16 66
16 87
16 57
16 26
16 27
17 0
17 2
17 35
17 82
17 86
17 71
17 40
17 41
17 34
17 46
17 16
17 50
17 54
17 56
17 27
17 60
17 62
20 28
20 27
20 4
21 33
22 84
22 70
23 41
23 26
23 77
23 46
24 48
24 13
25 46
26 72
26 83
26 35
26 26
26 55
27 41
27 35
27 5
27 69
27 81
28 68
28 1
28 2
28 4
28 69
28 38
28 41
28 42
28 76
28 66
28 47
28 80
28 81
28 84
28 55
28 57
28 27
28 29
28 62
28 31
29 32
29 56
29 31
29 68
29 79
30 72
30 40
30 34
30 83
30 68
31 33
31 2
31 48
31 69
31 38
31 39
31 8
31 55
31 76
31 66
31 46
31 16
31 17
31 54
31 40
31 72
31 70
31 31
32 16
33 2
33 35
33 68
33 70
33 38
33 40
33 75
33 55
33 56
33 58
33 59
33 62
34 1
34 66
34 33
34 48
34 49
34 86
34 62
34 63
35 33
35 2
35 3
35 36
35 5
35 71
35 41
35 42
35 83
35 16
35 35
35 84
35 22
35 57
35 59
35 62
36 33
36 35
36 4
36 69
36 38
36 39
36 62
36 76
36 77
36 16
36 81
36 75
36 48
36 56
36 57
36 30
37 84
37 62
37 6
38 32
38 80
38 35
38 5
38 9
38 82
38 46
38 47
38 48
38 49
38 50
38 67
38 84
38 56
38 57
38 28
38 69
38 31
39 0
39 1
39 2
39 5
39 48
39 80
39 44
39 13
39 46
39 47
39 16
39 50
39 84
39 69
39 26
39 28
39 29
39 62
39 31
40 80
40 34
40 35
40 4
40 5
40 6
40 81
40 40
40 63
40 13
40 48
40 59
40 62
40 86
40 57
40 27
40 30
40 31
41 1
41 83
41 3
41 28
41 30
42 0
42 34
42 37
42 39
42 40
42 73
42 44
42 66
42 46
42 79
42 54
42 57
42 26
42 27
42 28
42 29
43 33
43 2
43 35
43 68
43 86
43 81
43 43
43 44
43 77
43 47
43 49
43 82
43 51
43 54
43 57
43 59
43 30
43 63
44 86
44 59
44 37
44 6
44 71
44 13
44 80
44 81
44 50
44 62
44 54
44 69
44 26
44 27
44 28
44 30
44 31
45 34
45 3
45 39
45 42
45 83
45 44
45 77
45 79
45 16
45 81
45 50
45 35
45 84
45 62
45 22
45 23
45 57
45 28
45 30
46 1
46 66
46 4
46 38
46 65
46 72
46 41
46 10
46 44
46 47
46 48
46 82
46 83
46 86
46 23
46 28
46 42
46 62
46 31
47 48
47 66
47 28
47 10
47 31
48 80
48 2
48 59
48 37
48 71
48 72
48 43
48 44
48 13
48 47
48 48
48 82
48 83
48 20
48 22
48 55
48 84
48 26
48 27
49 67
49 39
49 71
49 13
49 77
49 80
49 81
49 75
49 53
49 55
49 56
49 57
49 87
49 59
49 28
50 0
50 66
50 4
50 5
50 71
50 63
50 42
50 87
50 81
50 50
50 84
50 54
50 55
50 27
50 62
50 31
51 1
51 35
51 36
51 5
51 38
51 80
51 42
51 45
51 46
51 47
51 16
51 83
51 86
51 56
51 57
51 59
51 60
51 62
51 69
52 16
52 26
52 50
52 43
52 13
53 34
53 3
53 38
53 41
53 46
53 80
53 55
53 30
54 33
54 34
54 68
54 5
54 6
54 40
54 42
54 76
54 77
54 47
54 81
54 82
54 84
54 54
54 56
54 38
54 28
54 29
55 83
55 2
55 3
55 4
55 47
56 1
56 2
56 35
56 4
56 69
56 40
56 76
56 44
56 46
56 47
56 82
56 62
56 54
56 26
56 30
56 63
57 80
57 2
57 36
57 69
57 70
57 63
57 42
57 34
57 46
57 48
57 66
57 86
57 26
57 27
57 28
57 30
57 31
59 56
59 37
59 54
62 2
62 35
62 69
62 71
62 42
62 44
62 13
62 46
62 81
62 82
62 67
62 84
62 54
62 55
62 56
62 26
62 27
62 28
63 0
63 80
63 34
63 3
63 37
63 76
63 16
63 81
63 50
63 84
63 62
63 56
63 26
63 27
63 30
65 2
65 42
65 84
65 69
65 30
66 80
66 66
66 59
66 68
66 5
66 38
66 41
66 42
66 70
66 48
66 81
66 83
66 84
66 22
66 54
66 28
66 37
67 16
67 4
67 69
67 39
67 41
67 13
67 80
67 82
67 30
67 63
68 66
68 4
68 29
68 54
68 39
69 80
69 57
69 34
69 26
69 6
70 35
70 40
70 81
70 83
70 54
70 56
71 17
71 35
71 28
71 29
71 62
72 16
72 66
72 83
72 30
72 31
73 16
73 42
73 27
73 69
75 0
75 2
75 4
75 5
75 8
75 9
75 42
75 44
75 34
75 63
75 47
75 81
75 50
75 83
75 84
75 54
75 55
75 27
75 31
76 0
76 2
76 36
76 42
76 77
76 16
76 83
77 68
77 5
77 73
77 43
77 77
77 50
77 83
77 84
77 57
78 34
78 42
79 17
79 26
79 43
79 76
80 0
80 1
80 38
80 40
80 16
80 83
80 26
80 59
80 51
80 30
80 31
81 0
81 33
81 66
81 3
81 5
81 72
81 41
81 10
81 13
81 46
81 48
81 81
81 82
81 35
81 20
81 57
81 26
81 27
81 42
81 62
82 0
82 1
82 66
82 35
82 69
82 39
82 40
82 80
82 76
82 16
82 81
82 83
82 84
82 54
82 87
83 33
83 2
83 66
83 37
83 6
83 43
83 76
83 34
83 46
83 47
83 16
83 54
83 56
83 63
83 62
83 31
86 67
86 5
86 13
86 48
86 50
86 35
86 30
86 57
86 59
86 28
86 69
86 31
87 87
87 43
87 5
87 70
87 13
