88
0 0
0 1
0 2
0 4
0 38
0 6
0 33
0 42
0 86
0 80
0 18
0 85
0 22
0 58
0 60
1 1
1 75
1 33
1 6
1 7
1 8
1 74
1 11
1 13
1 72
1 20
1 85
1 86
1 58
1 38
1 60
1 61
1 63
3 33
3 2
3 18
3 86
3 58
3 60
3 62
3 63
4 33
4 2
4 50
4 4
4 38
4 72
4 11
4 13
4 18
4 85
4 86
4 58
4 75
4 60
4 63
5 33
5 2
5 4
5 6
5 8
5 74
5 11
5 13
5 72
5 18
5 85
5 86
5 58
5 60
5 63
7 0
7 33
7 2
7 50
7 4
7 6
7 8
7 42
7 11
7 13
7 80
7 18
7 20
7 86
7 58
7 60
7 74
8 0
8 33
8 2
8 75
8 4
8 38
8 8
8 74
8 11
8 79
8 18
8 85
8 59
8 60
8 61
8 62
8 63
10 1
10 4
10 6
10 38
10 33
10 72
10 42
10 75
10 80
10 18
10 74
10 85
10 58
10 60
10 61
10 62
10 63
11 0
11 33
11 4
11 6
11 8
11 74
11 11
11 12
11 80
11 72
11 86
11 58
11 59
11 61
11 62
11 63
14 74
14 60
15 11
19 0
19 33
19 11
19 85
19 86
19 58
19 60
19 62
19 63
20 0
20 33
20 2
20 74
20 38
20 6
20 8
20 42
20 13
20 72
20 20
20 86
20 58
20 59
20 60
20 61
20 62
20 63
21 0
21 33
21 2
21 4
21 38
21 6
21 8
21 74
21 11
21 13
21 18
21 85
21 86
21 59
21 60
21 61
21 62
21 63
23 0
23 33
23 50
23 4
23 38
23 6
23 8
23 42
23 11
23 13
23 80
23 72
23 18
23 85
23 86
23 58
23 59
23 60
23 63
24 0
24 2
24 4
24 38
24 75
24 13
24 80
24 18
24 85
24 86
24 58
24 60
24 62
25 1
25 2
25 4
25 86
25 6
25 33
25 8
25 74
25 11
25 80
25 18
25 22
25 58
25 60
25 61
25 62
25 63
26 0
26 33
26 4
26 38
26 8
26 74
26 12
26 13
26 80
26 72
26 18
26 85
26 86
26 58
26 60
26 61
26 63
27 0
27 2
27 4
27 38
27 6
27 8
27 42
27 11
27 80
27 72
27 50
27 22
27 58
27 59
27 86
27 74
27 63
28 2
28 4
28 7
28 72
28 74
28 75
28 85
28 86
28 58
29 2
29 6
29 8
29 11
29 72
29 60
29 63
30 4
30 6
30 38
30 72
30 74
30 11
30 18
30 60
30 61
31 33
31 38
31 8
31 74
31 11
31 13
31 79
31 72
31 18
31 85
31 86
31 58
31 63
32 1
32 2
32 72
32 74
32 11
32 79
32 8
32 86
32 61
34 33
34 38
34 6
34 72
34 74
34 80
34 18
34 58
34 60
35 33
35 74
35 80
35 85
35 86
35 58
35 60
35 63
36 0
36 33
36 2
36 4
36 38
36 6
36 8
36 74
36 11
36 50
36 72
36 18
36 22
36 58
36 59
36 62
36 63
37 33
37 6
37 7
37 8
37 11
37 62
37 63
38 0
38 33
38 2
38 4
38 6
38 8
38 74
38 11
38 13
38 80
38 18
38 22
38 58
38 60
39 0
39 2
39 50
39 4
39 38
39 6
39 8
39 42
39 11
39 13
39 80
39 72
39 18
39 86
39 58
39 74
39 62
39 63
40 1
40 4
40 33
40 72
40 11
40 8
40 18
40 85
40 86
41 0
41 33
41 2
41 75
41 38
41 6
41 8
41 74
41 11
41 79
41 72
41 18
41 20
41 86
41 61
41 62
41 63
42 0
42 1
42 2
42 4
42 33
42 8
42 74
42 11
42 79
42 72
42 50
42 85
42 86
42 60
42 62
42 63
43 0
43 1
43 2
43 4
43 38
43 8
43 74
43 11
43 80
43 72
43 18
43 85
43 86
43 59
43 60
43 62
43 63
44 75
44 4
44 38
44 6
44 8
44 11
44 18
44 85
44 86
44 60
44 62
44 63
45 60
45 42
45 4
45 18
45 6
46 0
46 2
46 38
46 6
46 74
46 80
46 86
46 42
46 62
47 4
47 38
47 7
47 72
47 74
47 50
47 58
47 63
48 33
48 2
48 38
48 6
48 11
48 13
48 18
48 85
48 63
49 33
49 74
49 59
49 18
51 0
51 1
51 2
51 4
51 38
51 6
51 33
51 8
51 42
51 11
51 13
51 18
51 85
51 58
51 60
51 74
51 62
52 0
52 33
52 2
52 38
52 6
52 7
52 8
52 42
52 11
52 13
52 80
52 72
52 18
52 85
52 86
52 58
52 62
52 63
53 2
53 4
53 38
53 8
53 85
53 58
53 60
53 62
53 63
55 0
55 1
55 2
55 59
55 33
55 6
55 7
55 72
55 74
55 11
55 13
55 18
55 85
55 86
55 38
55 60
55 61
55 62
56 0
56 1
56 2
56 33
56 72
56 75
56 80
56 86
56 60
57 0
57 33
57 4
57 6
57 8
57 74
57 11
57 80
57 72
57 18
57 85
57 86
57 58
57 59
57 60
57 62
57 63
60 0
60 33
60 2
60 4
60 38
60 6
60 8
60 80
60 72
60 50
60 85
60 58
60 59
60 60
60 61
60 63
64 0
64 33
64 2
64 38
64 6
64 8
64 11
64 13
64 79
64 80
64 18
64 85
64 58
64 59
64 60
64 62
64 63
65 2
65 4
65 38
65 11
65 13
65 80
65 58
65 60
65 62
66 33
66 38
66 72
66 74
66 13
66 80
66 8
66 50
66 85
66 86
66 58
66 62
67 0
67 33
67 2
67 11
67 4
67 38
67 7
67 8
67 75
67 86
67 58
67 60
67 62
68 1
68 50
68 38
68 6
68 33
68 8
68 42
68 11
68 13
68 80
68 18
68 20
68 85
68 58
68 60
68 74
68 62
69 38
69 8
69 74
69 11
69 79
69 60
69 61
70 33
70 2
70 4
70 86
70 6
70 8
70 74
70 13
70 80
70 72
70 18
70 85
70 22
70 58
70 59
70 61
70 62
70 63
71 2
71 22
71 38
71 74
71 11
71 18
71 86
71 60
72 2
72 11
72 4
72 38
72 8
72 74
72 75
72 13
72 72
72 22
72 58
72 60
72 63
73 0
73 33
73 86
73 8
73 13
73 79
73 18
73 20
73 85
73 22
73 58
73 62
73 63
74 33
74 2
74 4
74 38
74 72
74 11
74 79
74 80
74 18
74 86
74 60
74 62
74 63
76 33
76 75
76 4
76 38
76 8
76 74
76 11
76 12
76 13
76 72
76 85
76 86
76 58
76 60
76 61
76 62
76 63
77 0
77 33
77 75
77 4
77 6
77 7
77 8
77 74
77 11
77 79
77 72
77 18
77 85
77 86
77 58
77 60
77 62
77 63
78 4
78 38
78 6
78 8
78 74
78 11
78 12
78 13
78 79
78 80
78 18
78 85
78 22
78 58
78 86
78 62
78 63
81 4
81 6
81 8
81 74
81 85
81 58
81 63
82 33
82 2
82 75
82 4
82 38
82 7
82 8
82 42
82 11
82 13
82 72
82 18
82 74
82 86
82 60
82 61
82 62
82 63
83 1
83 4
83 38
83 6
83 33
83 8
83 42
83 11
83 13
83 18
83 74
83 85
83 86
83 58
83 61
83 62
83 63
84 0
84 33
84 4
84 38
84 8
84 42
84 80
84 72
84 50
84 85
84 22
84 58
84 60
84 74
84 62
84 63
86 2
86 38
86 6
86 7
86 72
86 42
86 11
86 13
86 18
86 86
86 58
86 59
86 60
86 63
87 1
87 2
87 75
87 4
87 38
87 6
87 33
87 8
87 11
87 50
87 72
87 18
87 85
87 86
87 58
87 62
87 63
