88
0 65
0 37
0 76
0 78
0 14
0 24
1 48
1 3
1 37
1 70
1 39
1 80
1 71
1 47
1 16
1 85
1 23
1 24
1 26
1 27
1 60
1 69
2 65
2 66
2 69
2 39
2 73
2 44
2 79
2 80
2 81
2 20
2 53
2 52
2 62
2 63
3 3
3 10
3 13
3 23
3 27
3 31
3 32
3 33
3 34
3 37
3 38
3 43
3 47
3 55
3 57
3 66
3 72
3 74
3 76
3 78
3 79
3 85
3 87
4 33
4 66
4 3
4 38
4 39
4 40
4 71
4 77
4 78
4 47
4 72
4 75
4 67
4 20
4 86
4 52
4 60
5 64
5 32
5 2
5 3
5 37
5 10
5 75
5 76
5 13
5 79
5 53
5 23
5 87
5 31
6 34
6 35
6 4
6 69
6 38
6 71
6 40
6 73
6 43
6 76
6 2
6 78
6 79
6 75
6 57
6 27
6 29
6 31
7 35
7 39
7 46
7 16
7 24
7 63
8 33
8 2
8 35
8 5
8 39
8 10
8 75
8 76
8 66
8 80
8 53
8 22
8 57
8 26
8 27
8 85
8 37
9 33
9 35
9 6
9 70
9 72
9 13
9 45
9 82
9 20
9 21
9 22
9 57
9 60
9 53
10 33
10 2
10 35
10 37
10 65
10 39
10 41
10 79
10 81
10 83
10 20
10 53
10 86
10 24
10 25
10 26
11 3
11 4
11 70
11 71
11 72
11 10
11 39
11 45
11 46
11 82
11 23
11 24
11 27
11 31
12 80
12 35
12 77
12 85
13 64
13 33
13 2
13 3
13 4
13 37
13 71
13 72
13 41
13 76
13 13
13 77
13 45
13 34
13 81
13 82
13 53
13 22
13 24
14 2
14 3
14 4
14 72
14 73
14 77
14 78
14 34
14 40
14 24
14 25
14 27
14 60
16 64
16 32
16 2
16 40
16 47
16 34
16 45
16 82
16 85
16 87
16 27
16 60
16 53
17 32
17 44
17 82
17 20
17 57
17 60
17 30
17 31
18 64
18 66
18 69
18 70
18 72
18 74
18 44
18 45
18 77
18 83
18 20
18 54
18 25
18 26
18 27
18 60
18 52
19 32
19 34
19 75
19 69
19 70
19 39
19 72
19 71
19 45
19 46
19 80
19 51
19 20
19 21
19 85
21 33
21 2
21 35
21 66
21 86
21 65
21 71
21 44
21 45
21 14
21 52
21 46
21 22
21 87
21 24
21 27
23 67
23 4
23 5
23 70
23 72
23 9
23 75
23 77
23 79
23 16
23 81
23 82
23 73
23 55
23 57
23 87
23 27
23 60
23 37
24 10
25 34
25 36
25 71
25 87
25 77
25 78
25 46
25 23
25 57
25 60
25 53
25 31
28 2
28 4
28 9
28 66
28 80
28 22
28 57
28 26
30 67
30 37
30 47
30 83
30 21
30 87
30 31
31 71
31 77
31 47
31 80
31 20
31 23
31 24
31 27
32 33
32 75
32 37
32 39
32 71
32 77
32 79
32 16
32 81
32 20
32 57
32 52
32 87
32 60
32 30
32 31
33 33
33 34
33 36
33 70
33 73
33 23
33 62
34 32
34 67
34 3
34 4
34 69
34 39
34 73
34 10
34 71
34 47
34 51
34 20
34 53
34 87
34 52
34 60
35 3
35 21
35 22
35 23
35 24
35 32
35 34
35 40
35 45
35 49
35 52
35 54
35 60
35 64
35 65
35 70
35 71
35 76
35 79
35 80
35 82
35 86
35 87
36 66
36 3
36 37
36 70
36 45
36 60
37 36
37 38
37 71
37 72
37 9
37 43
37 79
37 80
37 83
37 87
37 25
37 55
37 31
39 65
39 66
39 35
39 4
39 5
39 70
39 40
39 43
39 45
39 77
39 81
39 20
39 36
39 79
39 28
40 64
40 34
40 5
40 71
40 78
40 47
40 16
40 81
40 83
40 20
40 22
40 87
40 24
40 25
40 52
40 69
40 31
42 64
42 66
42 75
42 37
42 72
42 9
42 43
42 46
42 16
42 81
42 52
42 53
42 73
42 24
42 25
42 85
42 63
43 33
43 2
43 4
43 54
43 39
43 75
43 44
43 13
43 47
43 80
43 83
43 66
43 22
43 25
43 26
43 27
43 86
43 31
46 80
46 3
46 69
46 72
46 73
46 10
46 11
46 76
46 45
46 16
46 49
46 35
46 52
46 85
46 55
46 24
46 57
47 32
47 33
47 2
47 35
47 66
47 65
47 39
47 64
47 76
47 87
47 44
47 34
47 78
47 49
47 82
47 83
47 52
47 23
47 72
47 31
48 33
48 3
48 48
48 37
48 6
48 39
48 80
48 55
48 44
48 16
48 75
48 23
48 25
48 71
48 63
48 65
48 31
51 2
51 36
51 86
51 70
51 39
51 72
51 76
51 66
51 46
51 79
51 78
51 53
51 22
51 23
51 29
51 85
52 35
52 75
52 43
52 47
52 83
52 25
56 32
56 64
56 2
56 4
56 5
56 70
56 71
56 74
56 75
56 34
56 48
56 81
56 20
56 22
56 27
58 65
58 70
58 38
58 71
58 45
58 49
58 24
58 62
59 32
59 4
59 5
59 38
59 39
59 73
59 10
59 76
59 45
59 78
59 47
59 48
59 52
59 85
59 87
59 25
59 27
60 64
60 2
60 3
60 37
60 70
60 9
60 43
60 44
60 66
60 77
60 47
60 76
60 75
60 78
60 73
60 25
60 30
60 85
61 34
61 39
61 72
61 9
61 43
61 16
61 23
61 26
62 37
63 64
63 48
63 73
63 43
63 76
63 44
63 80
63 52
63 85
63 87
63 55
63 60
63 53
63 31
64 64
64 49
64 76
64 6
64 25
65 32
65 33
65 34
65 75
65 36
65 37
65 70
65 64
65 43
65 77
65 78
65 81
65 83
65 20
65 57
65 25
65 63
65 52
66 32
66 65
66 43
66 77
66 81
66 85
66 62
67 64
67 2
67 35
67 73
67 10
67 13
67 47
67 48
67 81
67 52
67 53
67 87
67 26
67 30
67 85
69 64
69 80
69 3
69 37
69 38
69 39
69 72
69 45
69 47
69 16
69 82
69 35
69 53
69 23
69 25
69 26
69 60
69 85
70 33
70 66
70 75
70 6
70 71
70 73
70 11
70 81
70 14
70 79
70 80
70 49
70 57
70 23
70 25
70 26
70 28
70 31
72 32
72 34
72 4
72 69
72 80
72 54
73 2
73 35
73 37
73 39
73 83
73 34
73 46
73 79
73 67
73 78
73 23
73 24
73 57
73 60
73 85
74 64
74 33
74 2
74 37
74 71
74 72
74 75
74 77
74 78
74 81
74 52
74 53
74 24
74 60
74 30
75 64
75 66
75 3
75 37
75 73
75 62
75 13
75 78
75 79
75 16
75 53
75 85
75 24
75 30
75 31
76 32
76 65
76 2
76 36
76 70
76 76
76 74
76 44
76 34
76 78
76 62
76 24
76 57
76 60
76 30
76 31
77 3
77 36
77 86
77 70
77 81
77 46
77 80
77 49
77 35
77 78
77 54
77 87
77 24
77 25
77 26
77 27
77 63
78 3
78 36
78 71
78 43
78 76
78 45
78 78
78 79
78 16
78 81
78 87
78 24
78 30
79 66
79 3
79 36
79 54
79 6
79 20
79 22
82 32
82 33
82 2
82 35
82 66
82 65
82 82
82 43
82 78
82 45
82 46
82 79
82 81
82 75
82 53
82 87
82 60
82 31
85 33
85 3
85 81
85 39
85 72
85 9
85 44
85 13
85 80
85 47
85 48
85 76
85 67
85 52
85 53
85 54
85 23
85 57
85 26
85 79
85 85
86 33
86 2
86 67
86 6
86 73
86 87
86 44
86 14
86 79
86 49
86 46
86 86
86 23
86 63
86 85
86 53
