88
1 3
1 40
1 76
1 45
1 47
1 48
1 52
1 54
1 23
1 26
1 30
1 63
2 1
2 34
2 3
2 42
2 43
2 76
2 45
2 46
2 47
2 17
2 19
2 23
2 55
2 63
4 1
4 34
4 3
4 43
4 2
4 46
4 45
4 17
4 82
4 52
4 54
4 63
6 34
6 3
6 40
6 42
6 76
6 47
6 19
6 52
6 54
6 55
6 28
6 62
6 63
9 0
9 1
9 10
9 43
9 76
9 45
9 46
9 47
9 48
9 19
9 54
9 23
9 55
9 26
11 0
11 2
11 3
11 54
11 42
11 43
11 76
11 45
11 46
11 47
11 19
11 52
11 22
11 23
11 63
14 1
14 2
14 3
14 40
14 42
14 43
14 45
14 46
14 19
14 54
14 23
14 26
18 0
18 1
18 34
18 3
18 10
18 43
18 76
18 46
18 49
18 19
18 54
18 55
18 26
18 42
18 30
18 63
20 0
20 1
20 3
20 5
20 49
20 10
20 43
20 76
20 17
20 19
20 54
20 23
20 56
20 55
20 42
20 63
21 0
21 1
21 34
21 5
21 40
21 42
21 46
21 22
21 23
21 54
21 28
21 63
22 1
22 2
22 54
22 40
22 76
22 45
22 46
22 47
22 48
22 22
22 55
22 56
23 0
23 2
23 3
23 69
23 40
23 43
23 76
23 34
23 17
23 82
23 52
23 55
23 26
23 28
23 62
23 63
24 0
24 1
24 3
24 69
24 40
24 10
24 43
24 45
24 17
24 19
24 23
24 55
24 26
24 63
25 1
25 42
25 55
25 23
26 0
26 1
26 69
26 40
26 10
26 43
26 76
26 45
26 46
26 47
26 17
26 19
26 54
26 55
26 56
26 26
27 0
27 1
27 2
27 54
27 40
27 43
27 76
27 34
27 46
27 22
27 23
27 55
27 26
27 30
28 0
28 2
28 5
28 43
28 34
28 46
28 17
28 54
28 23
28 63
28 62
28 69
29 1
29 34
29 3
29 5
29 40
29 42
29 43
29 45
29 46
29 19
29 54
29 23
29 30
30 0
30 1
30 2
30 3
30 69
30 10
30 43
30 76
30 46
30 48
30 17
30 19
30 23
30 55
30 26
30 28
31 1
31 34
31 5
31 40
31 42
31 46
31 47
31 19
31 54
31 23
31 26
31 62
33 34
33 40
33 43
33 45
33 46
33 47
33 56
33 26
33 29
33 63
34 2
34 3
34 40
34 10
34 43
34 76
34 45
34 46
34 17
34 82
34 19
34 54
34 23
34 55
35 2
35 3
35 40
35 10
35 43
35 76
35 45
35 46
35 47
35 55
35 30
35 63
36 0
36 34
36 54
36 40
36 10
36 76
36 46
36 48
36 52
36 22
36 56
36 62
36 63
37 5
37 40
37 10
37 45
37 17
37 54
37 55
37 63
38 0
38 1
38 2
38 5
38 42
38 43
38 34
38 46
38 45
38 17
38 52
38 23
38 56
38 55
38 47
38 63
39 0
39 1
39 34
39 40
39 10
39 46
39 47
39 19
39 55
39 26
39 28
40 0
40 1
40 2
40 40
40 10
40 34
40 17
40 82
40 19
40 52
40 54
40 55
40 26
40 63
40 31
41 0
41 1
41 2
41 3
41 40
41 42
41 43
41 76
41 46
41 17
41 19
41 23
41 55
41 29
41 62
41 63
42 1
42 2
42 3
42 5
42 40
42 76
42 46
42 47
42 17
42 19
42 62
42 56
42 28
42 30
42 63
43 1
43 2
43 3
43 54
43 12
43 43
43 76
43 45
43 82
43 22
43 30
43 63
44 0
44 1
44 34
44 40
44 10
44 76
44 45
44 47
44 19
44 52
44 26
44 63
44 31
45 0
45 34
45 3
45 42
45 43
45 76
45 2
45 47
45 82
45 52
45 54
45 55
46 0
46 69
46 40
46 10
46 43
46 76
46 46
46 47
46 19
46 22
46 55
46 56
46 42
46 62
46 63
48 0
48 2
48 3
48 40
48 42
48 76
48 45
48 46
48 47
48 17
48 19
48 22
48 28
48 63
49 0
49 1
49 34
49 40
49 42
49 43
49 76
49 46
49 52
49 23
49 56
49 28
50 0
50 1
50 2
50 5
50 43
50 76
50 45
50 46
50 47
50 17
50 52
50 54
50 23
50 56
50 55
51 0
51 1
51 2
51 40
51 76
51 42
51 43
51 12
51 45
51 46
51 47
51 19
51 54
51 23
51 62
51 63
53 1
53 2
53 40
53 12
53 42
53 76
53 46
53 48
57 0
57 1
57 5
57 40
57 10
57 43
57 47
57 48
57 82
57 23
57 56
57 55
57 26
57 42
59 0
59 1
59 2
59 3
59 40
59 10
59 43
59 34
59 46
59 47
59 17
59 82
59 19
59 23
61 34
61 3
61 40
61 10
61 43
61 46
61 47
61 48
61 55
61 28
62 2
62 54
62 40
62 10
62 43
62 34
62 45
62 17
62 19
62 22
62 23
62 56
62 26
62 29
62 62
62 63
63 0
63 1
63 34
63 5
63 10
63 43
63 48
63 19
63 55
63 26
63 63
63 42
63 69
64 0
64 1
64 34
64 3
64 40
64 10
64 48
64 19
64 54
64 56
64 62
64 63
65 0
65 1
65 2
65 3
65 69
65 10
65 43
65 76
65 45
65 54
65 55
66 0
66 1
66 34
66 3
66 5
66 40
66 42
66 47
66 49
66 19
66 56
66 30
67 1
67 2
67 5
67 55
67 76
67 34
67 46
67 45
67 19
67 22
67 23
67 56
67 26
67 30
67 63
68 0
68 1
68 2
68 3
68 5
68 40
68 76
68 34
68 45
68 19
68 23
68 26
68 47
68 28
68 63
70 1
70 34
70 3
70 54
70 10
70 43
70 45
70 46
70 47
70 19
70 52
70 22
70 55
70 56
70 63
71 1
71 40
71 10
71 43
71 76
71 45
71 46
71 17
71 62
71 23
71 55
71 42
71 30
71 63
72 1
72 2
72 3
72 54
72 40
72 43
72 34
72 46
72 45
72 48
72 17
72 82
72 22
72 55
72 26
72 28
72 62
73 34
73 3
73 42
73 76
73 2
73 45
73 49
73 19
73 54
73 55
73 26
73 47
74 3
74 54
74 40
74 43
74 17
74 82
74 19
74 52
74 22
74 26
74 28
74 63
75 0
75 1
75 2
75 42
75 34
75 46
75 45
75 17
75 19
75 52
75 55
75 63
77 0
77 2
77 40
77 42
77 43
77 34
77 17
77 52
77 54
77 56
77 28
77 62
77 63
78 1
78 34
78 10
78 43
78 76
78 45
78 46
78 48
78 17
78 19
78 54
78 23
78 26
78 63
79 34
79 5
79 40
79 43
79 76
79 46
79 47
79 82
79 22
79 56
79 26
79 54
79 28
79 63
80 1
80 3
80 40
80 10
80 43
80 45
80 46
80 19
80 56
80 26
80 28
80 42
80 63
81 1
81 3
81 43
81 76
81 46
81 48
81 17
81 19
81 23
81 56
81 55
81 28
81 63
82 0
82 1
82 2
82 3
82 42
82 12
82 45
82 46
82 19
82 55
82 26
82 63
83 1
83 2
83 5
83 40
83 45
83 47
83 17
83 22
83 23
83 56
83 26
83 63
84 0
84 2
84 5
84 10
84 43
84 76
84 45
84 17
84 19
84 69
84 54
84 23
84 56
84 55
84 30
84 63
85 0
85 1
85 2
85 3
85 10
85 47
85 48
85 17
85 82
85 52
85 54
85 55
85 26
85 63
86 0
86 1
86 34
86 5
86 40
86 43
86 76
86 45
86 46
86 17
86 23
86 56
86 55
86 26
86 31
87 0
87 2
87 5
87 40
87 10
87 43
87 76
87 34
87 46
87 47
87 17
87 82
87 52
87 54
87 55
87 56
87 69
87 63
