88
3 3
3 38
3 39
3 72
3 44
3 75
3 76
3 18
3 87
3 28
3 63
4 0
4 65
4 34
4 69
4 39
4 75
4 76
4 83
4 23
4 56
4 87
5 65
5 34
5 3
5 4
5 69
5 38
5 39
5 44
5 11
5 12
5 82
5 76
5 18
5 86
5 23
5 87
5 75
5 28
6 0
6 65
6 34
6 4
6 69
6 38
6 75
6 56
6 18
6 87
6 23
6 63
9 0
9 65
9 34
9 3
9 39
9 8
9 76
9 75
9 44
9 82
9 72
9 18
9 51
9 86
9 23
9 56
9 87
9 63
11 34
11 75
11 69
11 38
11 72
11 11
11 81
11 18
11 87
11 28
11 63
13 65
13 34
13 4
13 69
13 72
13 44
13 75
13 76
13 18
13 87
13 23
14 0
14 65
14 34
14 75
14 38
14 39
14 72
14 10
14 11
14 76
14 18
14 87
14 56
14 63
15 18
15 44
16 0
16 1
16 34
16 3
16 38
16 39
16 72
16 10
16 11
16 44
16 18
16 86
16 87
16 56
16 75
16 65
16 63
20 0
20 86
20 63
21 0
21 1
21 34
21 3
21 69
21 39
21 72
21 76
21 10
21 75
21 44
21 18
21 86
21 23
21 56
21 87
21 28
21 63
23 0
23 65
23 3
23 4
23 38
23 7
23 72
23 39
23 76
23 82
23 18
23 86
23 23
23 56
23 87
23 75
23 63
24 34
24 10
24 75
24 76
24 18
24 86
24 87
24 23
24 63
25 0
25 65
25 75
25 4
25 69
25 38
25 7
25 72
25 76
25 11
25 44
25 86
25 23
25 56
25 39
25 87
25 63
27 0
27 1
27 34
27 3
27 4
27 69
27 38
27 39
27 72
27 76
27 10
27 11
27 44
27 18
27 51
27 86
27 23
27 56
27 87
27 28
28 1
28 34
28 75
28 65
28 11
28 18
28 3
28 86
28 23
28 56
28 39
28 87
29 0
29 51
29 34
29 3
29 4
29 69
29 38
29 11
29 76
29 18
29 19
29 86
29 23
29 56
29 83
29 87
29 75
29 28
29 63
30 65
30 34
30 3
30 69
30 38
30 72
30 44
30 23
30 76
30 18
30 86
30 87
30 56
30 63
31 0
31 1
31 34
31 3
31 4
31 38
31 39
31 8
31 76
31 10
31 11
31 44
31 72
31 18
31 51
31 23
31 56
31 87
31 75
31 65
32 0
32 65
32 34
32 3
32 4
32 69
32 7
32 76
32 10
32 75
32 44
32 86
32 23
32 87
32 28
33 0
33 65
33 34
33 75
33 4
33 69
33 39
33 8
33 76
33 10
33 11
33 44
33 72
33 18
33 86
33 23
33 56
33 87
33 28
33 63
34 0
34 34
34 3
34 69
34 39
34 72
34 11
34 76
34 18
34 51
34 86
34 56
35 0
35 1
35 34
35 69
35 39
35 72
35 76
35 11
35 44
35 81
35 18
35 86
35 87
35 56
35 63
36 0
36 65
36 69
36 38
36 39
36 72
36 11
36 18
36 23
36 56
36 87
36 63
37 0
37 83
37 3
37 69
37 38
37 39
37 72
37 76
37 10
37 75
37 44
37 18
37 51
37 86
37 87
37 56
37 28
37 63
38 0
38 65
38 3
38 72
38 44
38 75
38 76
38 11
38 18
38 23
38 87
38 63
39 0
39 34
39 11
39 38
39 44
39 75
39 76
39 18
39 51
39 86
39 63
40 0
40 1
40 34
40 3
40 69
40 65
40 39
40 72
40 76
40 7
40 44
40 82
40 75
40 86
40 87
40 56
41 65
41 34
41 11
41 4
41 38
41 72
41 75
41 81
41 18
41 86
41 23
41 87
42 0
42 65
42 4
42 38
42 39
42 72
42 76
42 86
42 23
42 56
42 28
42 63
43 65
43 34
43 11
43 69
43 1
43 72
43 75
43 18
43 82
43 23
43 39
43 87
43 28
43 63
45 0
45 65
45 34
45 75
45 69
45 38
45 39
45 72
45 76
45 10
45 11
45 44
45 18
45 51
45 86
45 87
45 56
45 63
46 0
46 65
46 34
46 11
46 38
46 39
46 44
46 75
46 76
46 18
46 86
46 87
47 0
47 65
47 34
47 3
47 4
47 38
47 39
47 72
47 76
47 10
47 11
47 44
47 82
47 75
47 23
47 56
47 87
47 63
48 0
48 1
48 69
48 38
48 39
48 72
48 76
48 10
48 87
48 44
48 65
48 18
48 51
48 86
48 23
48 56
48 28
48 63
49 0
49 1
49 34
49 69
49 38
49 65
49 72
49 75
49 76
49 18
49 51
49 86
49 23
49 56
49 87
49 63
50 0
50 65
50 34
50 3
50 7
50 72
50 23
50 44
50 18
50 87
50 56
50 63
52 1
52 34
52 39
52 44
52 75
52 76
52 87
52 23
53 0
53 1
53 34
53 3
53 69
53 65
53 39
53 72
53 76
53 10
53 75
53 44
53 18
53 51
53 23
53 87
53 28
53 63
54 0
54 65
54 83
54 3
54 4
54 69
54 38
54 72
54 10
54 11
54 76
54 82
54 18
54 51
54 86
54 23
54 87
54 75
54 28
54 63
55 0
55 1
55 34
55 75
55 69
55 38
55 39
55 8
55 11
55 76
55 72
55 18
55 51
55 86
55 87
55 83
55 28
55 63
56 0
56 34
56 3
56 4
56 38
56 7
56 72
56 11
56 18
56 51
56 86
56 23
56 56
56 39
56 87
56 75
56 28
57 0
57 65
57 34
57 3
57 69
57 38
57 7
57 72
57 76
57 10
57 39
57 44
57 75
57 51
57 23
57 83
57 63
59 0
59 34
59 38
59 39
59 18
59 23
59 63
60 65
60 34
60 4
60 69
60 38
60 72
60 76
60 75
60 44
60 82
60 81
60 18
60 51
60 86
60 23
60 83
60 87
60 63
61 65
61 3
61 39
61 72
61 44
61 11
61 76
61 81
61 86
61 87
61 56
61 23
62 0
62 1
62 34
62 69
62 38
62 7
62 44
62 75
62 76
62 18
62 23
62 56
62 63
64 0
64 34
64 75
64 69
64 39
64 11
64 76
64 23
64 87
66 34
66 3
66 4
66 38
66 39
66 72
66 11
66 76
66 18
66 83
66 23
66 56
66 87
66 75
66 28
66 63
67 0
67 65
67 3
67 69
67 38
67 39
67 72
67 10
67 11
67 76
67 18
67 51
67 86
67 23
67 87
67 75
67 63
69 4
69 69
69 39
69 8
69 10
69 23
69 76
69 18
69 86
69 87
69 56
69 63
70 0
70 1
70 34
70 3
70 4
70 38
70 39
70 8
70 76
70 44
70 65
70 72
70 18
70 51
70 82
70 23
70 28
70 63
71 0
71 65
71 34
71 75
71 38
71 72
71 76
71 10
71 11
71 44
71 18
71 83
71 86
71 23
71 56
71 87
71 28
71 63
72 0
72 1
72 34
72 65
72 72
72 75
72 76
72 81
72 23
72 87
72 63
73 65
73 34
73 39
73 72
73 44
73 10
73 75
73 76
73 18
73 23
73 56
73 63
74 65
74 3
74 4
74 38
74 7
74 72
74 75
74 44
74 83
74 87
74 23
74 63
76 0
76 65
76 11
76 1
76 75
76 76
76 86
76 23
76 39
76 63
77 1
77 34
77 3
77 69
77 39
77 75
77 76
77 51
77 23
77 56
77 63
78 72
78 65
78 75
78 44
79 0
79 11
79 69
79 39
79 75
79 76
79 18
79 23
84 0
84 1
84 3
84 65
84 11
84 18
84 83
84 86
84 23
84 87
84 75
84 63
85 0
85 65
85 34
85 3
85 1
85 72
85 75
85 76
85 81
85 83
85 23
85 56
85 87
85 28
86 0
86 65
86 34
86 72
86 44
86 75
86 76
86 51
86 23
86 87
86 63
