88
0 0
0 1
0 4
0 5
0 6
0 7
0 8
0 10
0 11
0 13
0 16
0 18
0 21
0 23
0 30
0 31
0 35
0 37
0 39
0 40
0 43
0 47
0 48
0 49
0 51
0 54
0 56
0 60
0 61
0 62
0 63
0 67
0 70
0 76
0 77
0 78
0 79
0 81
0 86
0 87
2 0
2 1
2 4
2 6
2 8
2 11
2 13
2 21
2 24
2 30
2 31
2 32
2 33
2 35
2 37
2 39
2 40
2 43
2 47
2 52
2 54
2 56
2 60
2 61
2 77
2 78
2 81
2 86
2 87
3 35
3 4
3 39
3 43
3 76
3 47
3 81
3 54
3 87
5 0
5 1
5 4
5 6
5 7
5 8
5 11
5 13
5 18
5 23
5 24
5 30
5 31
5 32
5 33
5 35
5 37
5 39
5 40
5 43
5 47
5 48
5 49
5 51
5 54
5 56
5 60
5 62
5 67
5 76
5 77
5 78
5 79
5 81
5 82
5 84
5 87
9 0
9 1
9 4
9 5
9 6
9 7
9 8
9 10
9 11
9 13
9 18
9 21
9 23
9 24
9 30
9 31
9 32
9 33
9 35
9 37
9 39
9 40
9 42
9 43
9 47
9 48
9 51
9 52
9 54
9 56
9 60
9 61
9 62
9 67
9 70
9 76
9 78
9 82
9 84
9 86
9 87
13 0
13 1
13 4
13 6
13 7
13 8
13 10
13 11
13 13
13 18
13 19
13 21
13 24
13 30
13 31
13 32
13 33
13 35
13 39
13 40
13 43
13 47
13 48
13 49
13 52
13 54
13 56
13 60
13 61
13 66
13 67
13 70
13 76
13 77
13 78
13 81
13 84
13 86
13 87
14 0
14 1
14 4
14 6
14 7
14 8
14 10
14 11
14 13
14 18
14 21
14 23
14 24
14 30
14 31
14 32
14 33
14 35
14 39
14 40
14 43
14 47
14 48
14 51
14 52
14 54
14 56
14 60
14 62
14 63
14 66
14 67
14 70
14 76
14 77
14 78
14 81
14 82
14 84
14 86
14 87
15 60
15 21
17 8
17 76
17 77
17 81
17 21
17 23
17 30
25 0
25 1
25 4
25 6
25 8
25 12
25 13
25 18
25 19
25 24
25 30
25 31
25 33
25 35
25 37
25 39
25 40
25 43
25 47
25 48
25 54
25 60
25 62
25 66
25 76
25 77
25 81
25 84
25 86
25 87
27 0
27 1
27 4
27 6
27 7
27 8
27 10
27 11
27 12
27 13
27 18
27 21
27 23
27 24
27 30
27 31
27 33
27 35
27 37
27 39
27 40
27 43
27 47
27 48
27 49
27 54
27 56
27 60
27 61
27 62
27 66
27 67
27 70
27 76
27 77
27 78
27 79
27 82
27 84
27 86
27 87
29 0
29 6
29 7
29 8
29 12
29 21
29 24
29 30
29 31
29 33
29 35
29 37
29 39
29 40
29 43
29 47
29 48
29 52
29 54
29 56
29 60
29 62
29 67
29 76
29 77
29 78
29 81
29 84
29 86
29 87
34 0
34 1
34 4
34 6
34 8
34 10
34 12
34 13
34 18
34 21
34 23
34 24
34 30
34 31
34 32
34 33
34 35
34 37
34 39
34 40
34 43
34 47
34 48
34 49
34 52
34 54
34 56
34 60
34 61
34 67
34 70
34 76
34 77
34 78
34 79
34 81
34 82
34 84
34 85
34 87
46 0
46 1
46 4
46 5
46 6
46 7
46 8
46 10
46 11
46 12
46 13
46 18
46 21
46 23
46 24
46 30
46 32
46 33
46 35
46 37
46 39
46 40
46 43
46 47
46 48
46 51
46 52
46 54
46 56
46 60
46 61
46 62
46 66
46 67
46 76
46 78
46 79
46 81
46 82
46 84
46 85
46 86
46 87
50 0
50 1
50 4
50 6
50 8
50 10
50 13
50 18
50 21
50 24
50 30
50 31
50 32
50 33
50 35
50 37
50 39
50 40
50 43
50 47
50 48
50 51
50 52
50 54
50 60
50 62
50 70
50 76
50 77
50 81
50 86
50 87
53 0
53 1
53 4
53 6
53 8
53 10
53 11
53 13
53 18
53 19
53 21
53 23
53 24
53 30
53 31
53 32
53 33
53 35
53 36
53 37
53 40
53 43
53 47
53 49
53 51
53 52
53 54
53 56
53 60
53 61
53 66
53 67
53 76
53 77
53 78
53 79
53 81
53 82
53 84
53 86
53 87
55 0
55 1
55 4
55 6
55 8
55 13
55 18
55 21
55 23
55 24
55 30
55 31
55 33
55 35
55 37
55 39
55 40
55 47
55 48
55 51
55 54
55 60
55 76
55 77
55 78
55 81
55 82
55 86
55 87
57 0
57 1
57 4
57 6
57 8
57 11
57 12
57 13
57 16
57 18
57 21
57 24
57 30
57 31
57 32
57 33
57 35
57 37
57 39
57 40
57 42
57 43
57 47
57 48
57 49
57 51
57 52
57 54
57 56
57 60
57 61
57 62
57 66
57 67
57 76
57 77
57 79
57 82
57 84
57 86
57 87
58 0
58 1
58 4
58 6
58 8
58 10
58 11
58 13
58 18
58 21
58 23
58 24
58 30
58 31
58 32
58 33
58 35
58 37
58 39
58 40
58 43
58 48
58 51
58 52
58 54
58 60
58 61
58 70
58 76
58 77
58 78
58 79
58 81
58 84
58 85
58 86
58 87
59 4
59 37
59 6
59 13
59 77
59 48
59 81
59 30
59 31
64 0
64 1
64 4
64 7
64 11
64 12
64 13
64 18
64 21
64 23
64 24
64 30
64 31
64 32
64 33
64 35
64 37
64 39
64 40
64 43
64 47
64 48
64 49
64 54
64 60
64 67
64 70
64 76
64 77
64 78
64 79
64 81
64 82
64 84
64 85
64 86
64 87
65 1
65 4
65 6
65 8
65 10
65 11
65 18
65 21
65 24
65 30
65 31
65 33
65 37
65 39
65 40
65 43
65 47
65 51
65 54
65 61
65 66
65 67
65 76
65 77
65 81
65 86
65 87
68 0
68 1
68 4
68 6
68 8
68 12
68 13
68 18
68 21
68 23
68 24
68 31
68 33
68 35
68 37
68 39
68 40
68 43
68 47
68 48
68 51
68 56
68 62
68 66
68 77
68 81
68 86
68 87
69 0
69 1
69 4
69 6
69 8
69 10
69 13
69 18
69 21
69 24
69 30
69 31
69 35
69 37
69 39
69 40
69 43
69 47
69 54
69 60
69 62
69 70
69 76
69 77
69 78
69 81
69 82
69 86
69 87
71 0
71 1
71 6
71 7
71 8
71 10
71 11
71 12
71 13
71 18
71 21
71 24
71 30
71 31
71 33
71 35
71 37
71 39
71 40
71 43
71 47
71 48
71 51
71 54
71 56
71 60
71 61
71 67
71 76
71 77
71 79
71 81
71 84
71 86
71 87
72 0
72 1
72 4
72 6
72 8
72 10
72 11
72 12
72 13
72 18
72 21
72 23
72 24
72 30
72 31
72 32
72 33
72 35
72 36
72 37
72 39
72 40
72 43
72 47
72 48
72 51
72 52
72 54
72 56
72 60
72 61
72 62
72 66
72 67
72 70
72 76
72 77
72 81
72 82
72 86
75 0
75 1
75 4
75 5
75 6
75 7
75 8
75 10
75 11
75 12
75 13
75 16
75 18
75 21
75 23
75 24
75 30
75 31
75 32
75 33
75 35
75 37
75 39
75 40
75 43
75 47
75 48
75 52
75 54
75 60
75 61
75 62
75 66
75 67
75 76
75 77
75 78
75 79
75 81
75 82
75 84
75 86
75 87
83 0
83 1
83 4
83 6
83 8
83 13
83 21
83 24
83 31
83 33
83 35
83 37
83 39
83 40
83 43
83 47
83 48
83 54
83 60
83 76
83 77
83 81
83 87
