88
1 66
1 67
1 5
1 6
1 72
1 73
1 42
1 44
1 46
1 47
1 83
1 20
1 22
1 59
1 37
3 0
3 13
3 18
3 19
3 22
3 23
3 24
3 26
3 27
3 34
3 35
3 36
3 37
3 40
3 41
3 45
3 46
3 47
3 56
3 58
3 60
3 67
3 72
3 75
3 76
3 77
3 78
3 79
3 86
3 87
4 0
4 5
4 6
4 9
4 10
4 13
4 19
4 20
4 22
4 27
4 32
4 34
4 40
4 41
4 46
4 47
4 48
4 54
4 59
4 62
4 66
4 73
4 75
4 76
4 77
4 81
4 82
4 86
4 87
9 83
9 5
9 6
9 81
9 40
9 63
9 44
9 45
9 77
9 48
9 76
9 82
9 19
9 22
9 58
9 59
9 86
9 37
10 0
10 49
10 9
10 77
10 46
10 81
10 18
10 20
10 41
10 23
10 58
10 27
10 60
10 31
11 59
11 36
11 5
11 46
11 81
11 82
11 19
11 22
11 23
11 58
11 54
11 86
11 62
11 63
14 0
14 5
14 6
14 13
14 19
14 20
14 23
14 26
14 37
14 39
14 44
14 46
14 47
14 48
14 49
14 52
14 58
14 72
14 73
14 77
14 79
14 82
14 86
15 5
15 6
15 13
15 19
15 20
15 22
15 23
15 31
15 33
15 36
15 37
15 47
15 49
15 52
15 59
15 60
15 63
15 73
15 75
15 76
15 77
15 81
15 82
15 87
16 0
16 5
16 9
16 13
16 20
16 22
16 26
16 27
16 33
16 35
16 36
16 37
16 39
16 40
16 44
16 45
16 47
16 58
16 59
16 60
16 73
16 77
16 81
16 83
17 36
17 13
17 47
17 48
17 82
17 22
17 59
21 0
21 36
21 6
21 39
21 44
21 13
21 46
21 47
21 83
21 22
21 56
21 58
21 60
21 63
24 10
24 13
24 19
24 20
24 21
24 23
24 27
24 33
24 36
24 37
24 41
24 42
24 44
24 46
24 47
24 48
24 58
24 59
24 63
24 66
24 72
24 73
24 77
24 82
24 86
25 0
25 5
25 6
25 9
25 10
25 13
25 19
25 20
25 22
25 23
25 34
25 37
25 44
25 46
25 47
25 49
25 52
25 54
25 58
25 60
25 66
25 73
25 76
25 77
25 78
25 79
25 81
25 83
25 86
27 6
27 15
27 19
27 20
27 22
27 23
27 36
27 37
27 41
27 42
27 44
27 47
27 49
27 52
27 56
27 59
27 73
27 76
27 77
27 79
27 81
27 83
28 0
28 76
28 82
28 44
28 37
29 0
29 10
29 13
29 19
29 20
29 21
29 22
29 24
29 26
29 34
29 36
29 41
29 46
29 47
29 56
29 58
29 60
29 62
29 72
29 73
29 75
29 76
29 77
29 81
29 82
29 83
29 86
33 0
33 2
33 35
33 49
33 41
33 13
33 46
33 81
33 83
33 20
33 23
33 27
38 6
38 10
38 12
38 13
38 20
38 21
38 22
38 23
38 26
38 27
38 37
38 40
38 41
38 44
38 46
38 47
38 48
38 52
38 58
38 59
38 62
38 63
38 72
38 73
38 75
38 76
38 78
38 81
38 83
38 86
39 0
39 59
39 36
39 6
39 41
39 42
39 76
39 77
39 46
39 15
39 81
39 83
39 86
39 23
39 24
39 47
43 0
43 2
43 6
43 10
43 13
43 19
43 20
43 21
43 22
43 23
43 32
43 35
43 36
43 39
43 40
43 46
43 47
43 49
43 52
43 58
43 73
43 76
43 77
43 78
43 79
43 81
43 82
43 83
43 87
46 0
46 34
46 35
46 5
46 6
46 40
46 77
46 15
46 81
46 19
46 86
46 23
46 24
46 58
46 47
47 2
47 37
47 41
47 79
47 44
47 13
47 46
47 45
47 81
47 82
47 19
47 20
47 22
47 58
47 59
47 63
50 0
50 5
50 6
50 10
50 13
50 18
50 20
50 34
50 37
50 41
50 42
50 45
50 46
50 48
50 54
50 58
50 60
50 66
50 67
50 72
50 73
50 81
50 82
50 83
50 86
51 0
51 83
51 59
51 37
51 72
51 11
51 44
51 77
51 15
51 19
51 52
51 22
51 26
51 47
53 0
53 2
53 5
53 6
53 12
53 13
53 19
53 20
53 22
53 23
53 26
53 34
53 36
53 37
53 39
53 40
53 41
53 42
53 44
53 46
53 47
53 48
53 49
53 52
53 58
53 60
53 62
53 73
53 76
53 77
53 79
57 0
57 6
57 10
57 13
57 19
57 20
57 22
57 23
57 27
57 31
57 33
57 35
57 40
57 44
57 46
57 60
57 67
57 72
57 76
57 77
57 81
57 82
57 83
57 86
57 87
60 2
60 67
60 37
60 40
60 73
60 44
60 13
60 77
60 47
60 81
60 18
60 19
60 22
60 23
60 58
60 54
60 86
60 63
61 2
61 5
61 6
61 10
61 19
61 23
61 31
61 34
61 37
61 40
61 41
61 44
61 49
61 58
61 59
61 63
61 72
61 75
61 76
61 77
61 78
61 79
61 81
61 83
61 86
64 9
64 13
64 15
64 20
64 21
64 22
64 23
64 33
64 34
64 35
64 37
64 44
64 46
64 47
64 59
64 60
64 66
64 76
64 77
64 79
64 81
64 82
65 0
65 83
65 6
65 40
65 41
65 42
65 45
65 46
65 77
65 81
65 82
65 19
65 73
65 58
65 60
66 59
66 36
66 5
66 6
66 40
66 63
66 75
66 44
66 13
66 46
66 77
66 20
66 22
66 23
66 58
66 27
66 60
66 31
67 2
67 6
67 20
67 21
67 22
67 23
67 24
67 33
67 37
67 39
67 40
67 45
67 49
67 52
67 56
67 58
67 59
67 60
67 67
67 76
67 77
67 81
67 82
67 83
67 86
68 0
68 37
68 6
68 41
68 87
68 44
68 45
68 46
68 47
68 76
68 49
68 19
68 22
68 73
68 24
68 58
68 63
69 2
69 5
69 6
69 18
69 19
69 21
69 22
69 23
69 34
69 35
69 36
69 37
69 40
69 41
69 44
69 47
69 49
69 56
69 58
69 59
69 72
69 75
69 79
69 81
69 86
70 0
70 5
70 6
70 12
70 13
70 19
70 21
70 23
70 24
70 31
70 36
70 39
70 40
70 45
70 46
70 49
70 58
70 59
70 60
70 63
70 77
70 79
70 82
70 83
70 87
71 0
71 83
71 5
71 81
71 77
71 40
71 41
71 45
71 46
71 47
71 72
71 19
71 20
71 58
71 60
71 31
72 0
72 6
72 13
72 15
72 19
72 22
72 23
72 31
72 35
72 36
72 37
72 44
72 45
72 46
72 47
72 52
72 56
72 58
72 59
72 60
72 62
72 73
72 82
73 0
73 2
73 36
73 6
73 72
73 41
73 44
73 77
73 47
73 18
73 20
73 22
73 87
73 26
74 0
74 2
74 6
74 15
74 18
74 19
74 20
74 23
74 26
74 27
74 32
74 33
74 35
74 36
74 39
74 40
74 47
74 48
74 58
74 59
74 63
74 76
74 77
74 81
74 83
74 86
74 87
75 0
75 67
75 35
75 6
75 81
75 40
75 75
75 44
75 77
75 46
75 47
75 49
75 19
75 22
75 23
75 83
75 87
75 60
75 31
79 0
79 5
79 6
79 41
79 77
79 78
79 15
79 21
79 22
79 56
79 58
80 5
80 9
80 13
80 18
80 19
80 20
80 23
80 34
80 36
80 37
80 39
80 41
80 42
80 46
80 47
80 49
80 52
80 58
80 66
80 72
80 73
80 76
80 77
80 83
85 0
85 2
85 6
85 13
85 19
85 22
85 23
85 27
85 34
85 37
85 40
85 41
85 42
85 46
85 47
85 58
85 67
85 72
85 81
85 82
85 83
85 86
85 87
