88
0 65
0 2
0 7
0 42
0 75
0 44
0 50
0 47
0 49
0 82
0 20
0 53
0 27
0 62
1 32
1 24
1 50
1 43
1 71
4 1
4 67
4 3
4 38
4 7
4 72
4 44
4 12
4 13
4 80
4 79
4 48
4 56
4 19
4 20
4 21
4 24
4 58
5 35
5 38
5 40
5 73
5 74
5 75
5 76
5 45
5 61
5 51
5 20
5 27
5 29
7 1
7 35
7 30
8 33
8 67
8 36
8 39
8 41
8 42
8 75
8 47
8 16
8 50
8 20
8 56
8 63
9 0
9 66
9 36
9 37
9 70
9 39
9 2
9 77
9 49
9 50
9 58
9 60
10 32
10 1
10 35
10 36
10 74
10 43
10 77
10 78
10 79
10 50
10 18
10 24
10 27
11 24
11 42
11 51
11 26
11 71
13 13
13 29
16 65
16 34
16 9
16 75
16 12
16 82
16 46
16 79
16 50
16 21
16 22
16 23
16 56
16 61
16 53
17 54
18 32
18 26
18 51
18 28
19 32
19 80
19 2
19 4
19 38
19 10
19 43
19 34
19 78
19 48
19 82
19 51
19 74
19 66
19 23
19 60
19 29
19 63
20 7
20 41
20 23
20 63
20 61
20 31
21 38
22 65
22 2
23 32
23 33
23 67
23 54
23 39
23 43
23 83
23 84
23 86
23 25
23 28
23 30
24 1
24 3
24 69
24 40
24 42
24 55
24 76
24 78
24 18
24 84
24 23
24 56
24 87
24 60
24 61
24 62
25 67
25 69
25 7
25 40
25 9
25 74
25 71
25 61
25 79
25 80
25 52
25 53
25 26
25 29
26 35
26 68
26 75
26 16
26 82
26 24
26 30
27 2
27 55
27 49
27 53
27 87
27 58
28 0
28 64
28 34
28 3
28 4
28 69
28 60
28 10
28 67
28 78
28 79
28 49
28 58
28 57
28 23
28 25
28 26
28 28
28 42
29 65
29 34
29 35
29 70
29 7
29 80
29 42
29 43
29 76
29 45
29 16
29 75
29 20
29 84
29 26
29 28
29 74
30 66
30 72
30 73
30 43
30 2
30 53
30 87
30 62
30 55
30 27
30 28
30 30
31 40
31 75
32 33
32 36
32 7
32 74
32 39
32 78
32 61
32 49
32 55
32 24
32 26
32 27
32 29
33 64
33 33
33 74
33 80
33 84
33 54
33 87
33 25
33 59
33 60
33 20
34 32
34 65
34 66
34 69
34 76
34 34
34 47
34 84
34 25
34 26
34 60
34 31
35 3
35 68
35 7
35 40
35 74
35 76
35 77
35 13
35 80
35 18
35 55
35 24
36 1
36 65
36 72
36 73
36 43
36 45
36 47
36 80
36 40
36 18
36 53
36 27
36 29
36 31
37 13
38 36
38 9
38 55
38 16
38 49
38 82
38 51
38 56
38 41
38 73
38 87
38 24
38 62
39 64
39 65
39 67
39 1
39 33
39 71
39 73
39 13
39 78
39 16
39 9
39 87
39 27
39 31
40 80
40 67
40 81
40 7
40 9
40 39
40 60
40 82
40 78
40 47
40 16
40 76
40 75
40 55
40 24
40 25
40 58
40 28
40 62
41 0
41 32
41 36
41 65
41 33
41 72
41 44
41 45
41 49
41 23
41 56
41 26
41 60
41 30
42 34
42 36
42 69
42 7
42 41
42 42
42 13
42 77
42 50
42 66
42 20
42 21
42 23
42 56
42 84
42 79
42 29
42 62
43 0
43 33
43 2
43 3
43 66
43 39
43 72
43 80
43 71
43 76
43 13
43 77
43 34
43 51
43 24
43 25
43 27
43 61
43 30
44 33
44 38
45 34
45 3
45 69
45 41
45 55
45 78
45 75
45 85
45 53
45 23
45 56
45 62
45 29
45 30
45 31
46 1
46 49
46 47
47 26
47 68
47 53
47 71
48 0
48 65
48 3
48 7
48 41
48 53
48 73
48 62
49 66
49 4
49 54
49 39
49 74
49 7
49 79
49 80
49 18
49 53
49 86
49 26
49 47
49 30
50 66
50 35
50 68
50 38
50 72
50 42
50 2
50 77
50 16
50 18
50 36
50 58
50 61
51 36
51 22
51 63
52 0
52 1
52 71
52 40
52 73
52 74
52 13
52 16
52 41
52 58
52 28
52 61
52 30
52 31
53 2
53 3
53 68
53 7
53 8
53 9
53 87
53 76
53 13
53 73
53 49
53 50
53 19
53 54
53 23
53 58
53 29
54 67
54 69
54 41
54 76
54 13
54 50
54 23
54 31
55 66
55 67
55 4
55 75
55 45
55 17
55 50
55 23
55 28
56 32
56 9
56 44
56 18
56 55
56 24
56 25
56 62
57 16
57 2
57 68
57 71
57 72
57 41
57 76
57 34
57 78
57 45
57 80
57 17
57 4
58 0
58 32
58 67
58 81
58 33
58 9
58 74
58 43
58 44
58 79
58 17
58 75
58 51
58 73
58 41
58 55
58 87
58 63
58 29
58 31
59 66
59 7
59 40
59 42
59 39
59 76
59 49
59 50
59 54
59 24
59 25
59 60
59 61
59 30
60 35
60 36
60 69
60 40
60 44
60 13
60 16
60 23
61 9
61 26
61 58
62 33
62 67
62 36
62 42
62 77
62 53
62 23
63 1
63 68
63 9
63 43
63 80
63 20
63 41
63 25
64 0
64 33
64 2
64 43
64 68
64 70
64 65
64 74
64 11
64 76
64 34
64 47
64 18
64 19
64 87
64 25
64 63
64 79
64 31
65 30
65 54
66 0
66 33
66 36
66 69
66 73
66 75
66 76
66 45
66 77
66 47
66 56
66 50
66 84
66 54
66 24
66 28
66 62
66 31
67 67
67 4
67 69
67 39
67 72
67 73
67 74
67 75
67 80
67 54
67 87
67 27
67 28
67 30
67 31
68 42
68 44
69 33
69 34
69 67
69 36
69 69
69 65
69 9
69 71
69 44
69 45
69 77
69 80
69 49
69 50
69 53
69 73
69 24
69 63
70 65
70 3
70 68
70 38
70 71
70 72
70 42
70 39
70 18
70 84
70 87
70 60
71 35
71 40
71 73
71 13
71 45
71 77
71 50
71 23
71 57
71 58
71 61
72 33
72 2
72 3
72 39
72 40
72 42
72 43
72 61
72 56
72 18
72 51
72 20
72 24
72 27
72 29
73 36
73 38
73 12
73 45
73 78
73 47
73 87
73 25
73 63
74 33
74 2
74 87
74 66
74 69
74 7
74 41
74 43
74 34
74 60
74 17
74 51
74 55
74 26
74 28
74 29
74 30
75 32
75 3
75 82
75 38
75 9
75 43
75 13
75 45
75 75
75 20
75 54
75 87
75 84
75 63
75 31
76 32
76 33
76 69
76 38
76 71
76 72
76 60
76 43
76 76
76 77
76 79
76 49
76 18
76 21
76 23
76 28
76 62
77 0
77 1
77 66
77 3
77 36
77 69
77 64
77 45
77 16
77 72
77 18
77 19
77 84
77 53
77 54
77 58
77 60
78 73
78 51
79 67
79 38
79 61
79 17
79 50
79 51
79 21
79 28
79 53
79 31
80 64
80 1
80 50
80 68
80 38
80 32
80 13
80 82
80 19
80 84
80 27
80 63
81 66
81 38
81 72
81 77
81 45
81 80
81 84
81 23
81 61
82 79
82 63
83 1
83 59
83 4
83 71
83 40
83 9
83 43
83 78
83 46
83 80
83 50
83 84
83 53
83 26
83 27
83 61
83 31
84 40
84 18
85 1
85 72
85 9
85 16
85 49
85 18
85 54
85 55
85 30
86 69
86 39
86 73
86 42
86 43
86 54
86 60
86 62
86 31
87 0
87 32
87 66
87 68
87 71
87 41
87 42
87 45
87 78
87 47
87 16
87 49
87 18
87 52
87 55
87 84
87 26
87 27
87 61
87 63
