88
0 86
0 9
0 12
0 49
0 52
0 54
0 55
1 2
1 37
1 49
1 72
1 41
1 12
1 45
1 46
1 17
1 83
1 21
1 53
2 28
2 37
2 38
2 63
3 34
3 69
3 9
3 43
3 17
3 83
3 52
3 41
3 26
3 27
4 30
4 2
4 27
4 13
4 54
5 35
5 37
5 70
5 7
5 9
5 46
5 18
5 52
5 21
5 87
5 62
5 63
6 59
6 12
6 45
6 46
7 17
7 2
7 34
7 46
7 47
8 37
8 38
8 43
8 46
8 86
8 29
9 84
9 12
9 4
9 47
11 34
11 28
11 69
11 38
12 57
12 58
12 76
12 77
12 45
13 0
13 59
13 5
13 70
13 39
13 9
13 12
13 77
13 46
13 47
13 48
13 20
13 62
13 54
13 27
13 30
13 37
15 36
15 5
15 9
15 42
15 79
15 48
15 84
15 53
15 56
15 27
15 29
15 62
16 35
16 68
16 37
16 41
16 11
16 12
16 78
16 53
16 56
16 59
16 63
17 81
17 68
17 62
17 23
18 3
18 42
18 43
18 45
18 78
18 20
18 52
18 28
19 36
19 70
19 12
19 76
19 48
19 21
19 24
19 58
19 27
19 28
19 62
19 63
20 35
20 68
20 73
20 13
20 49
20 53
20 57
20 4
20 27
20 28
20 31
21 0
21 34
21 4
21 81
21 12
21 77
21 79
21 17
21 83
21 23
21 24
21 68
21 27
21 62
21 63
22 27
22 3
22 31
23 0
23 58
23 54
23 10
23 48
23 49
23 83
23 86
23 87
23 26
23 42
23 63
24 37
24 8
24 13
24 17
24 84
24 40
24 52
24 58
25 35
25 37
25 70
25 49
25 8
25 9
25 12
25 77
25 17
25 83
25 62
25 54
25 72
25 58
25 28
25 30
25 69
26 28
26 20
26 46
26 63
27 68
27 5
27 40
27 12
27 45
27 46
27 77
27 49
27 52
27 53
27 86
27 87
27 84
27 27
27 28
27 62
27 31
28 20
30 33
30 34
30 37
30 71
30 55
30 46
30 17
30 84
30 86
30 87
30 27
31 34
31 68
31 42
31 76
31 21
31 54
31 30
31 63
32 37
32 43
32 13
32 47
32 17
32 84
32 62
32 54
32 57
32 20
33 37
33 71
33 9
33 11
33 13
33 45
33 17
33 21
33 54
33 62
33 28
33 30
34 34
34 3
34 5
34 59
34 78
34 15
34 17
34 84
34 46
34 54
34 24
34 27
35 34
35 35
35 37
35 38
35 40
35 9
35 11
35 70
35 48
35 72
35 20
35 62
35 86
35 28
35 29
35 30
36 0
36 5
36 6
36 71
36 11
36 80
36 17
36 37
36 22
36 24
36 39
36 29
36 30
36 81
37 1
37 34
37 3
37 6
37 9
37 46
37 56
37 62
38 0
38 34
38 41
38 77
38 46
38 47
38 49
38 54
38 87
38 30
39 0
39 43
39 80
39 52
39 22
39 28
39 62
39 31
40 64
40 35
40 36
40 70
40 43
40 45
40 3
40 84
40 59
41 65
41 34
41 68
41 39
41 40
41 9
41 42
41 49
41 58
41 29
42 0
42 48
42 43
42 5
42 39
42 9
42 11
42 12
42 47
42 16
42 17
42 21
42 76
42 87
42 86
42 30
42 37
43 66
43 3
43 4
43 86
43 39
43 9
43 11
43 12
43 78
43 79
43 82
43 52
43 21
43 54
43 62
43 59
43 28
43 30
44 84
44 68
44 6
44 49
44 8
44 9
44 55
44 46
44 47
44 48
44 40
44 18
44 52
44 21
44 41
44 24
44 72
44 58
44 53
44 31
45 0
45 4
45 37
45 71
45 11
45 13
45 47
45 49
45 83
45 86
45 39
45 63
46 34
46 3
46 45
46 2
46 78
46 77
46 57
47 0
47 2
47 5
47 71
47 40
47 41
47 45
47 18
47 83
47 21
47 54
47 69
48 28
48 12
48 37
48 86
49 37
49 42
49 11
49 81
49 54
49 23
49 28
49 5
50 27
50 11
50 39
51 8
51 12
51 40
51 84
51 86
51 87
51 57
51 20
52 81
52 68
52 37
52 70
52 7
52 40
52 41
52 12
52 77
52 46
52 72
52 82
52 52
52 21
52 59
52 28
52 78
52 62
52 63
53 0
53 71
53 45
53 78
53 48
53 49
53 58
53 28
54 4
54 37
54 8
54 9
54 11
54 12
54 77
54 78
54 48
54 53
54 36
54 26
54 28
54 30
54 63
55 69
55 71
55 9
55 11
55 77
55 80
55 17
55 52
55 22
55 55
55 57
55 54
55 28
56 0
56 11
56 69
56 7
56 72
56 75
56 48
56 17
56 84
56 49
56 40
56 56
56 26
56 27
57 32
57 34
57 3
57 38
57 71
57 42
57 11
57 47
57 48
57 57
57 58
57 27
57 28
58 34
58 35
58 69
58 70
58 63
58 19
58 84
58 21
58 54
58 27
58 29
58 30
58 37
59 0
59 69
59 38
59 8
59 9
59 55
59 12
59 78
59 48
59 86
59 23
59 28
60 34
60 35
60 4
60 40
60 77
60 13
60 48
60 17
60 84
60 62
60 30
60 31
61 1
61 35
61 40
61 77
61 78
61 17
61 46
61 54
61 27
61 28
61 29
61 53
62 37
62 39
62 9
62 23
62 76
62 87
62 60
62 63
63 0
63 2
63 4
63 6
63 71
63 42
63 12
63 45
63 48
63 81
63 83
63 84
63 53
63 22
63 55
64 68
64 86
64 70
64 8
64 42
64 62
64 46
64 15
64 17
64 52
64 21
64 54
64 47
64 30
64 63
65 68
65 69
65 40
65 11
65 78
65 80
65 8
65 46
65 86
65 59
65 30
65 37
66 68
66 69
66 6
66 72
66 87
66 86
66 23
66 56
66 70
66 30
66 63
67 62
67 54
67 23
68 1
68 3
68 70
68 40
68 73
68 43
68 13
68 46
68 52
68 86
68 62
69 34
69 35
69 4
69 71
69 12
69 11
69 76
69 78
69 84
69 7
69 63
69 28
69 31
70 37
70 38
70 17
70 72
70 39
70 12
70 47
70 81
70 84
70 87
70 56
70 57
71 70
71 9
71 43
71 44
71 48
71 52
71 54
71 58
71 62
71 63
72 0
72 68
72 54
72 70
72 9
72 12
72 46
72 81
72 22
72 23
72 36
72 62
73 0
73 35
73 54
73 6
73 8
73 74
73 11
73 72
73 19
73 84
73 86
73 59
74 1
74 70
74 41
74 11
74 46
74 47
74 49
74 84
74 54
74 9
74 62
74 63
75 3
75 70
75 10
75 11
75 43
75 18
75 54
75 55
75 56
75 28
75 42
76 0
76 4
76 38
76 72
76 11
76 77
76 46
76 17
76 84
76 86
76 40
76 56
76 63
77 34
77 68
77 70
77 39
77 40
77 42
77 77
77 47
77 49
77 84
77 55
77 36
77 29
78 68
78 5
78 70
78 11
78 77
78 46
78 48
78 49
78 20
78 53
78 86
78 23
79 0
79 3
79 69
79 62
79 12
79 79
79 52
79 53
79 54
79 15
79 29
79 30
80 62
81 68
81 38
81 70
81 8
81 9
81 12
81 49
81 83
81 59
81 28
81 30
82 0
82 12
82 68
83 2
83 43
83 4
83 69
83 71
83 54
83 11
83 47
83 48
83 22
83 87
83 27
83 31
84 0
84 67
84 68
84 38
84 40
84 12
84 77
84 80
84 17
84 53
84 87
84 58
84 27
84 29
84 31
85 28
85 46
86 34
86 35
86 68
86 37
86 81
86 39
86 13
86 47
86 17
86 20
86 62
86 54
86 57
86 52
86 59
86 61
86 30
86 63
87 2
87 68
87 37
87 38
87 42
87 11
87 12
87 46
87 55
87 56
87 57
87 31
