88
0 1
0 3
0 5
0 9
0 10
0 21
0 23
0 26
0 27
0 29
0 32
0 33
0 34
0 35
0 39
0 40
0 41
0 42
0 45
0 57
0 58
0 59
0 61
0 62
0 64
0 65
0 71
0 73
0 75
0 76
0 77
0 78
0 79
0 80
0 81
0 87
4 65
4 33
4 9
4 7
4 77
4 58
4 62
4 63
8 3
8 5
8 7
8 9
8 21
8 24
8 32
8 33
8 35
8 39
8 42
8 43
8 47
8 61
8 62
8 65
8 66
8 69
8 72
8 73
8 75
8 76
8 79
10 1
10 3
10 8
10 9
10 13
10 14
10 21
10 23
10 24
10 25
10 30
10 31
10 32
10 33
10 38
10 39
10 40
10 41
10 42
10 45
10 47
10 50
10 52
10 58
10 59
10 62
10 63
10 64
10 66
10 69
10 72
10 74
10 75
10 77
10 78
10 79
10 83
12 1
12 3
12 4
12 5
12 8
12 10
12 13
12 15
12 21
12 23
12 24
12 26
12 30
12 31
12 32
12 33
12 39
12 40
12 42
12 45
12 58
12 61
12 62
12 63
12 74
12 75
12 76
12 77
12 78
12 83
12 87
13 1
13 2
13 3
13 5
13 7
13 9
13 24
13 32
13 33
13 38
13 39
13 40
13 41
13 43
13 44
13 50
13 61
13 62
13 63
13 64
13 66
13 73
13 74
13 78
13 79
13 80
13 84
13 87
20 1
20 5
20 7
20 8
20 9
20 10
20 13
20 15
20 23
20 24
20 25
20 30
20 32
20 33
20 35
20 38
20 39
20 41
20 45
20 48
20 50
20 56
20 58
20 59
20 61
20 62
20 64
20 65
20 66
20 67
20 72
20 74
20 75
20 76
20 77
20 78
20 81
20 82
20 83
26 0
26 3
26 7
26 8
26 10
26 13
26 23
26 24
26 25
26 26
26 27
26 29
26 31
26 32
26 34
26 38
26 40
26 41
26 43
26 45
26 47
26 48
26 50
26 61
26 63
26 64
26 65
26 66
26 67
26 68
26 72
26 73
26 74
26 75
26 77
26 78
26 79
26 87
28 0
28 3
28 4
28 5
28 8
28 9
28 10
28 15
28 24
28 26
28 27
28 29
28 30
28 34
28 35
28 38
28 40
28 43
28 45
28 47
28 55
28 58
28 61
28 62
28 63
28 65
28 69
28 73
28 74
28 75
28 76
28 77
28 78
28 79
28 80
28 83
29 1
29 3
29 5
29 7
29 9
29 15
29 23
29 26
29 27
29 32
29 33
29 34
29 35
29 40
29 42
29 43
29 44
29 47
29 48
29 52
29 58
29 59
29 61
29 62
29 63
29 64
29 65
29 66
29 68
29 72
29 73
29 75
29 77
29 80
29 81
29 82
29 85
29 87
37 64
37 66
37 43
37 5
37 7
37 63
37 39
37 2
37 78
37 21
37 59
37 85
37 69
40 65
40 2
40 35
40 5
40 73
40 75
40 77
40 79
40 48
40 87
40 47
40 29
40 62
42 0
42 1
42 5
42 7
42 8
42 9
42 21
42 24
42 25
42 26
42 29
42 30
42 35
42 39
42 40
42 42
42 43
42 48
42 58
42 59
42 61
42 62
42 63
42 64
42 65
42 68
42 73
42 75
42 77
42 78
42 79
42 85
43 3
43 4
43 5
43 7
43 9
43 13
43 14
43 21
43 23
43 24
43 26
43 30
43 33
43 35
43 39
43 40
43 42
43 43
43 44
43 50
43 61
43 62
43 63
43 65
43 67
43 69
43 73
43 74
43 75
43 77
43 80
43 84
43 87
45 0
45 2
45 3
45 5
45 8
45 9
45 10
45 13
45 21
45 23
45 24
45 25
45 26
45 27
45 32
45 33
45 34
45 39
45 40
45 42
45 45
45 47
45 50
45 56
45 58
45 61
45 62
45 65
45 68
45 69
45 71
45 73
45 74
45 75
45 76
45 77
45 78
45 79
45 80
45 82
47 5
47 7
47 8
47 10
47 21
47 25
47 26
47 32
47 34
47 40
47 43
47 45
47 55
47 58
47 59
47 62
47 63
47 64
47 65
47 66
47 69
47 70
47 74
47 75
47 77
47 78
47 79
47 86
47 87
50 5
50 7
50 13
50 26
50 27
50 32
50 33
50 34
50 35
50 39
50 40
50 42
50 43
50 45
50 47
50 50
50 52
50 58
50 59
50 61
50 62
50 64
50 67
50 69
50 76
50 78
50 80
50 87
52 1
52 3
52 4
52 5
52 8
52 13
52 15
52 23
52 24
52 25
52 26
52 29
52 30
52 32
52 35
52 38
52 39
52 40
52 41
52 42
52 45
52 47
52 50
52 51
52 58
52 62
52 63
52 65
52 66
52 67
52 68
52 73
52 74
52 75
52 76
52 77
52 80
54 0
54 1
54 3
54 7
54 15
54 20
54 21
54 24
54 25
54 27
54 29
54 32
54 33
54 35
54 39
54 41
54 42
54 43
54 45
54 47
54 55
54 57
54 58
54 59
54 61
54 70
54 72
54 75
54 76
54 77
54 78
54 79
54 83
54 87
60 1
60 3
60 5
60 7
60 9
60 10
60 21
60 26
60 27
60 30
60 32
60 33
60 35
60 39
60 40
60 43
60 44
60 45
60 46
60 58
60 62
60 69
60 72
60 74
60 75
60 77
60 78
60 80
60 87
65 1
65 5
65 9
65 21
65 23
65 24
65 26
65 27
65 29
65 31
65 32
65 33
65 34
65 35
65 38
65 39
65 41
65 42
65 43
65 47
65 55
65 58
65 61
65 62
65 63
65 66
65 67
65 68
65 74
65 75
65 76
65 77
65 83
65 85
65 86
69 68
69 39
69 40
69 73
69 47
69 21
69 58
69 62
69 63
70 0
70 1
70 3
70 4
70 5
70 7
70 9
70 15
70 23
70 25
70 26
70 32
70 33
70 35
70 39
70 41
70 45
70 53
70 58
70 59
70 62
70 63
70 64
70 65
70 66
70 68
70 69
70 70
70 74
70 75
70 76
70 77
70 79
70 80
70 84
71 3
71 9
71 15
71 21
71 23
71 24
71 30
71 31
71 33
71 34
71 35
71 38
71 39
71 40
71 42
71 43
71 45
71 47
71 52
71 55
71 58
71 61
71 62
71 63
71 64
71 66
71 68
71 70
71 71
71 72
71 73
71 74
71 75
71 77
71 78
71 79
71 80
71 86
76 4
76 5
76 21
76 23
76 26
76 30
76 31
76 32
76 34
76 35
76 39
76 40
76 41
76 48
76 50
76 51
76 55
76 57
76 58
76 61
76 65
76 69
76 74
76 75
76 76
76 77
76 78
76 79
76 81
81 1
81 3
81 5
81 7
81 8
81 10
81 15
81 21
81 24
81 32
81 33
81 35
81 38
81 39
81 40
81 42
81 43
81 47
81 50
81 58
81 59
81 61
81 62
81 63
81 64
81 65
81 67
81 72
81 77
81 80
81 82
81 86
81 87
82 3
82 7
82 8
82 13
82 20
82 21
82 23
82 26
82 27
82 33
82 35
82 38
82 39
82 41
82 42
82 45
82 47
82 50
82 51
82 58
82 64
82 65
82 66
82 68
82 69
82 74
82 75
82 77
82 78
82 79
82 80
82 84
82 85
82 87
86 1
86 3
86 5
86 7
86 8
86 13
86 15
86 21
86 23
86 26
86 27
86 29
86 30
86 31
86 32
86 33
86 34
86 40
86 41
86 42
86 45
86 53
86 58
86 59
86 61
86 63
86 65
86 66
86 71
86 74
86 75
86 77
86 78
86 85
86 87
87 3
87 5
87 7
87 9
87 10
87 13
87 23
87 24
87 26
87 27
87 30
87 39
87 41
87 42
87 47
87 55
87 61
87 62
87 63
87 64
87 65
87 66
87 67
87 72
87 73
87 74
87 75
87 78
87 79
87 82
