88
0 64
0 65
0 2
0 3
0 4
0 86
0 6
0 80
0 41
0 10
0 11
0 44
0 13
0 48
0 76
0 18
0 52
0 54
0 55
0 56
0 61
1 0
1 1
1 3
1 12
1 13
1 20
1 23
1 25
1 29
1 31
1 41
1 45
1 46
1 47
1 56
1 57
1 59
1 65
1 67
1 71
1 72
1 79
1 80
2 81
2 67
2 44
2 13
3 65
3 67
3 4
3 38
3 6
3 1
3 44
3 78
3 79
3 81
3 50
3 56
4 68
4 54
4 70
4 77
4 81
4 86
4 24
4 36
5 64
5 3
5 4
5 6
5 73
5 75
5 13
5 77
5 50
5 52
5 86
6 64
6 5
6 43
6 44
6 79
6 49
6 85
6 57
6 59
7 0
7 33
7 66
7 67
7 4
7 69
7 71
7 40
7 42
7 76
7 13
7 56
7 74
7 53
7 86
7 24
7 72
7 58
7 61
7 62
7 31
8 0
8 3
8 11
8 12
8 25
8 35
8 41
8 46
8 48
8 52
8 54
8 59
8 60
8 62
8 63
8 64
8 69
8 74
8 75
8 76
8 77
8 79
8 87
9 25
9 55
9 12
9 6
9 79
10 3
10 36
10 12
10 83
10 56
10 57
11 24
11 73
11 66
11 67
11 31
12 45
12 3
12 70
12 76
12 77
12 13
12 49
12 85
12 55
12 47
13 0
13 65
13 69
13 33
13 72
13 43
13 40
13 50
13 51
13 58
13 28
13 29
13 62
13 63
16 42
16 79
16 68
16 69
16 71
17 48
17 66
17 3
17 69
17 6
17 80
17 67
17 87
18 87
18 6
18 79
19 5
19 10
19 23
19 25
19 34
19 36
19 42
19 44
19 45
19 46
19 47
19 48
19 49
19 51
19 52
19 61
19 65
19 69
19 70
19 73
19 75
19 81
19 87
20 41
20 51
21 66
21 5
21 71
21 47
21 49
21 54
21 55
21 58
21 59
22 8
22 24
22 60
22 61
22 87
23 5
23 20
23 23
23 24
23 25
23 28
23 31
23 40
23 45
23 49
23 50
23 52
23 60
23 63
23 64
23 65
23 66
23 67
23 69
23 73
23 74
23 80
24 34
24 19
24 36
24 77
25 66
25 35
25 36
25 38
25 71
25 72
25 55
25 13
25 77
25 45
25 50
25 18
25 51
25 85
25 54
25 23
25 56
25 4
25 58
25 79
25 83
26 32
26 1
26 44
26 48
26 53
26 25
27 56
27 20
27 67
27 12
28 4
28 69
28 44
28 87
28 12
28 77
28 53
28 73
28 56
28 68
28 63
28 60
28 61
28 30
28 31
30 48
30 66
30 78
30 80
30 49
30 85
30 56
30 30
31 1
31 4
31 12
31 18
31 24
31 25
31 29
31 31
31 32
31 42
31 45
31 48
31 49
31 55
31 56
31 64
31 67
31 69
31 70
31 71
31 86
31 87
32 60
32 62
32 86
32 47
33 24
33 81
33 74
33 11
33 5
34 64
34 1
34 2
34 36
34 54
34 38
34 41
34 74
34 75
34 44
34 81
34 18
34 22
34 73
34 56
34 25
34 87
34 68
34 63
35 64
35 34
35 3
35 68
35 5
35 6
35 81
35 40
35 74
35 11
35 76
35 45
35 77
35 47
35 43
35 18
35 67
35 54
35 56
35 58
35 28
36 32
36 3
36 4
36 5
36 71
36 40
36 55
36 13
36 45
36 49
36 18
36 51
36 57
36 23
36 72
36 25
36 87
36 85
36 63
37 24
37 36
37 54
38 0
38 65
38 36
38 80
38 81
39 80
39 47
39 11
39 68
39 79
40 72
40 65
40 12
40 69
40 30
41 3
41 4
41 72
41 41
41 45
41 83
41 53
41 23
42 0
42 35
42 69
42 73
42 13
42 31
43 64
43 73
43 66
43 67
43 75
44 30
44 31
44 61
44 6
44 55
45 80
45 36
45 86
45 81
45 11
45 44
45 13
45 47
45 48
45 49
45 54
45 23
45 56
45 57
45 61
45 31
46 4
46 44
46 11
46 76
46 41
46 56
47 0
47 64
47 66
47 35
47 80
47 71
47 40
47 73
47 13
47 77
47 45
47 48
47 72
47 50
47 62
47 57
47 30
48 64
48 3
48 5
48 70
48 41
48 76
48 80
48 49
48 35
48 20
48 86
48 23
48 37
49 66
49 35
49 37
49 70
49 59
49 79
49 49
49 51
49 54
49 24
49 47
49 62
50 33
50 66
50 5
50 40
50 58
50 31
51 2
51 50
51 5
51 38
51 41
51 55
51 76
51 13
51 78
51 45
51 48
51 18
51 67
51 52
51 86
51 23
51 24
51 87
51 69
52 65
52 3
52 10
52 77
52 53
52 54
53 48
53 4
53 38
53 71
53 79
53 80
53 50
53 23
53 68
53 59
54 80
54 33
54 34
54 4
54 54
55 3
55 6
55 8
55 12
55 24
55 28
55 32
55 34
55 36
55 37
55 39
55 45
55 47
55 54
55 61
55 64
55 65
55 67
55 71
55 73
55 78
55 79
55 80
56 65
56 3
56 61
56 59
56 81
57 1
57 5
57 6
57 12
57 22
57 23
57 31
57 38
57 47
57 49
57 50
57 51
57 58
57 64
57 67
57 69
57 70
57 71
57 72
57 74
57 75
57 77
57 86
58 4
58 12
58 13
58 19
58 20
58 21
58 30
58 32
58 35
58 41
58 45
58 54
58 55
58 56
58 59
58 68
58 72
58 73
58 75
58 77
58 78
58 81
58 87
59 4
59 5
59 7
59 10
59 12
59 13
59 17
59 24
59 25
59 32
59 35
59 43
59 47
59 49
59 54
59 62
59 64
59 65
59 66
59 69
59 73
59 81
59 82
61 49
61 19
61 12
61 5
62 1
62 2
62 4
62 5
62 12
62 18
62 21
62 23
62 25
62 31
62 40
62 41
62 48
62 53
62 58
62 62
62 66
62 71
62 73
62 77
62 81
62 86
63 59
63 67
63 63
63 78
63 55
64 80
64 73
64 11
64 22
64 24
65 11
65 3
65 76
65 77
65 54
66 32
66 69
66 6
66 41
66 74
66 11
66 47
66 48
66 49
66 50
66 20
66 22
66 55
66 58
66 86
66 29
66 31
67 3
67 68
67 40
67 41
67 42
67 44
67 45
67 80
67 81
67 57
67 73
67 23
67 24
67 25
67 30
68 71
68 72
68 75
68 81
68 52
68 20
69 64
69 71
69 72
69 79
69 12
69 13
69 77
69 18
69 20
69 57
69 86
69 55
69 25
69 59
69 61
69 85
70 61
70 12
70 69
70 86
70 45
71 65
71 67
71 5
71 38
71 71
71 72
71 41
71 44
71 13
71 81
71 19
71 85
71 73
71 56
71 69
72 50
72 20
72 6
73 37
73 39
73 8
73 42
73 79
73 81
73 51
73 86
73 55
73 72
73 49
74 32
74 40
74 66
74 36
74 41
75 8
75 44
75 13
75 45
75 58
75 63
76 2
76 3
76 12
76 18
76 20
76 25
76 28
76 31
76 37
76 41
76 44
76 45
76 46
76 47
76 50
76 53
76 54
76 62
76 65
76 68
76 70
76 80
76 87
77 72
77 56
77 34
77 11
77 86
78 25
78 58
78 76
78 53
78 87
79 24
79 66
79 58
80 66
80 86
80 74
80 70
81 49
83 64
83 40
83 66
83 5
83 61
84 64
84 65
84 2
84 4
84 5
84 70
84 71
84 73
84 79
84 83
84 54
84 59
84 51
85 59
85 78
86 0
86 66
86 3
86 5
86 6
86 7
86 72
86 11
86 44
86 45
86 47
86 80
86 75
86 51
86 86
86 23
86 67
86 61
86 69
86 31
87 0
87 11
87 44
87 75
87 12
87 13
87 46
87 77
87 80
87 67
87 53
87 61
87 62
