88
4 0
4 1
4 7
4 10
4 12
4 18
4 20
4 24
4 25
4 26
4 27
4 32
4 34
4 40
4 41
4 42
4 45
4 46
4 53
4 55
4 57
4 61
4 62
4 68
4 71
4 72
4 73
4 74
4 76
4 79
4 82
4 83
4 86
5 0
5 2
5 7
5 10
5 12
5 16
5 20
5 25
5 26
5 27
5 30
5 32
5 34
5 35
5 40
5 46
5 48
5 53
5 57
5 61
5 62
5 68
5 72
5 73
5 74
5 75
5 76
5 77
5 79
5 83
5 86
9 0
9 1
9 2
9 7
9 9
9 10
9 12
9 18
9 20
9 24
9 26
9 32
9 34
9 40
9 42
9 46
9 48
9 53
9 55
9 57
9 61
9 68
9 73
9 74
9 75
9 77
9 86
10 1
10 2
10 3
10 7
10 10
10 12
10 16
10 18
10 26
10 27
10 32
10 34
10 35
10 40
10 41
10 42
10 46
10 48
10 53
10 55
10 57
10 61
10 62
10 68
10 73
10 74
10 75
10 79
10 80
10 83
10 86
11 0
11 2
11 7
11 8
11 9
11 10
11 12
11 20
11 25
11 26
11 27
11 30
11 32
11 34
11 38
11 40
11 45
11 46
11 48
11 53
11 55
11 57
11 61
11 62
11 68
11 71
11 73
11 74
11 79
11 80
11 82
11 86
14 0
14 2
14 7
14 9
14 10
14 12
14 16
14 25
14 27
14 32
14 34
14 35
14 38
14 40
14 41
14 42
14 46
14 48
14 53
14 57
14 62
14 68
14 73
14 74
14 77
14 79
14 80
14 86
15 0
15 2
15 3
15 7
15 9
15 10
15 12
15 16
15 18
15 20
15 25
15 26
15 27
15 32
15 34
15 35
15 38
15 40
15 45
15 46
15 48
15 53
15 55
15 57
15 61
15 62
15 73
15 74
15 75
15 76
15 77
15 78
15 79
15 80
15 83
15 86
16 0
16 7
16 8
16 9
16 10
16 12
16 13
16 14
16 16
16 18
16 20
16 25
16 27
16 32
16 35
16 36
16 40
16 42
16 46
16 53
16 55
16 57
16 61
16 68
16 69
16 74
16 76
16 77
16 79
16 82
16 86
17 0
17 1
17 2
17 7
17 8
17 12
17 16
17 18
17 20
17 24
17 25
17 27
17 32
17 34
17 35
17 38
17 45
17 46
17 48
17 53
17 57
17 60
17 62
17 68
17 73
17 74
17 75
17 77
17 79
17 80
17 83
17 86
23 2
23 7
23 8
23 10
23 12
23 20
23 26
23 32
23 34
23 35
23 38
23 40
23 41
23 42
23 45
23 46
23 48
23 53
23 55
23 57
23 60
23 61
23 62
23 68
23 69
23 70
23 71
23 73
23 74
23 75
23 76
23 77
23 79
24 0
24 2
24 7
24 10
24 12
24 13
24 16
24 26
24 27
24 32
24 41
24 46
24 48
24 53
24 55
24 56
24 57
24 60
24 61
24 62
24 68
24 73
24 75
24 76
24 77
24 79
24 80
24 83
29 68
29 7
29 48
29 83
29 20
29 55
29 57
29 30
32 0
32 3
32 7
32 8
32 10
32 12
32 20
32 24
32 25
32 26
32 30
32 34
32 35
32 40
32 42
32 46
32 48
32 53
32 55
32 56
32 61
32 68
32 73
32 74
32 79
32 83
32 86
33 2
33 7
33 12
33 16
33 20
33 24
33 25
33 26
33 32
33 34
33 35
33 38
33 40
33 42
33 46
33 48
33 53
33 55
33 57
33 61
33 68
33 71
33 73
33 74
33 83
33 85
33 86
37 1
37 2
37 10
37 12
37 16
37 20
37 24
37 25
37 26
37 27
37 30
37 32
37 34
37 46
37 48
37 51
37 53
37 55
37 56
37 57
37 61
37 68
37 69
37 72
37 73
37 75
37 76
37 77
37 78
37 79
37 80
37 82
37 83
37 85
37 86
39 0
39 2
39 7
39 10
39 12
39 13
39 18
39 20
39 25
39 26
39 30
39 32
39 34
39 35
39 36
39 40
39 42
39 46
39 48
39 51
39 57
39 61
39 62
39 68
39 69
39 71
39 73
39 74
39 75
39 76
39 79
39 86
40 0
40 7
40 10
40 12
40 20
40 25
40 27
40 32
40 34
40 38
40 40
40 42
40 48
40 53
40 55
40 57
40 61
40 62
40 68
40 73
40 74
40 75
40 79
40 80
40 83
40 86
43 0
43 1
43 7
43 8
43 9
43 10
43 12
43 14
43 18
43 20
43 24
43 25
43 27
43 32
43 34
43 38
43 40
43 41
43 42
43 46
43 48
43 53
43 57
43 62
43 68
43 69
43 73
43 75
43 76
43 77
43 79
43 80
43 83
43 86
50 2
50 3
50 7
50 9
50 10
50 12
50 16
50 18
50 20
50 25
50 27
50 32
50 40
50 42
50 45
50 46
50 48
50 53
50 55
50 57
50 62
50 69
50 73
50 77
50 79
50 80
50 83
50 86
54 0
54 1
54 2
54 3
54 7
54 10
54 12
54 16
54 20
54 26
54 27
54 32
54 34
54 35
54 38
54 40
54 42
54 46
54 48
54 55
54 57
54 62
54 68
54 71
54 72
54 73
54 74
54 75
54 76
54 77
54 79
54 80
54 82
54 83
54 86
58 35
58 46
58 79
58 55
58 57
58 61
58 62
59 0
59 2
59 3
59 7
59 9
59 10
59 12
59 18
59 25
59 32
59 34
59 40
59 42
59 45
59 46
59 52
59 53
59 57
59 61
59 62
59 68
59 73
59 75
59 79
59 80
59 83
59 85
59 86
62 7
62 8
62 10
62 12
62 16
62 20
62 25
62 26
62 27
62 30
62 32
62 34
62 35
62 36
62 41
62 42
62 46
62 57
62 62
62 68
62 72
62 73
62 74
62 76
62 79
62 83
62 86
63 0
63 2
63 7
63 10
63 12
63 13
63 18
63 20
63 24
63 25
63 26
63 32
63 34
63 35
63 40
63 45
63 46
63 48
63 53
63 61
63 62
63 68
63 71
63 72
63 73
63 74
63 77
63 79
63 83
63 86
64 1
64 7
64 10
64 12
64 16
64 18
64 20
64 25
64 26
64 30
64 32
64 34
64 35
64 40
64 41
64 42
64 45
64 48
64 53
64 55
64 57
64 62
64 68
64 70
64 71
64 72
64 73
64 75
64 77
64 79
64 80
64 83
64 86
65 2
65 68
65 7
65 40
65 73
65 10
65 46
65 83
65 62
66 10
66 12
66 16
66 20
66 24
66 27
66 32
66 35
66 40
66 41
66 42
66 46
66 48
66 53
66 55
66 57
66 62
66 68
66 73
66 74
66 76
66 77
66 83
66 86
67 2
67 3
67 9
67 13
67 14
67 16
67 20
67 24
67 25
67 26
67 27
67 30
67 32
67 34
67 35
67 38
67 40
67 42
67 45
67 46
67 48
67 53
67 55
67 57
67 62
67 68
67 69
67 72
67 73
67 74
67 75
67 76
67 77
67 79
67 83
72 1
72 7
72 9
72 12
72 18
72 20
72 25
72 32
72 34
72 35
72 38
72 40
72 45
72 46
72 48
72 53
72 55
72 57
72 61
72 62
72 68
72 69
72 73
72 74
72 75
72 77
72 79
72 83
72 86
74 0
74 2
74 7
74 12
74 20
74 24
74 25
74 26
74 32
74 34
74 35
74 36
74 38
74 41
74 42
74 45
74 46
74 48
74 53
74 57
74 61
74 69
74 73
74 74
74 76
74 77
74 79
74 80
74 86
82 0
82 1
82 2
82 7
82 8
82 9
82 10
82 12
82 16
82 20
82 24
82 25
82 27
82 34
82 35
82 38
82 40
82 41
82 42
82 46
82 48
82 53
82 57
82 61
82 62
82 68
82 70
82 72
82 73
82 74
82 76
82 79
82 80
82 83
82 86
