88
3 0
3 3
3 9
3 11
3 13
3 18
3 24
3 28
3 34
3 35
3 39
3 41
3 54
3 61
3 63
3 64
3 65
3 69
3 72
3 76
3 77
3 87
4 4
4 8
4 9
4 13
4 18
4 23
4 32
4 35
4 38
4 45
4 46
4 47
4 54
4 61
4 63
4 65
4 70
4 75
4 76
4 85
4 86
4 87
5 64
5 35
5 69
5 6
5 39
5 72
5 41
5 44
5 13
5 16
5 76
5 23
5 63
5 70
5 30
5 31
6 70
6 6
6 44
6 18
6 54
6 87
9 64
9 34
9 35
9 70
9 72
9 9
9 87
9 13
9 77
9 73
9 54
9 41
9 24
9 61
9 63
11 65
11 70
11 3
11 69
11 38
11 39
11 76
11 11
11 44
11 13
11 77
11 45
11 56
11 19
11 54
11 23
11 24
11 86
11 28
11 61
13 0
13 64
13 34
13 75
13 65
13 39
13 72
13 9
13 45
13 76
13 13
13 77
13 15
13 18
13 83
13 85
13 86
13 41
13 47
13 61
13 63
14 64
14 65
14 34
14 3
14 69
14 6
14 7
14 9
14 75
14 77
14 47
14 18
14 54
14 23
14 87
14 63
15 13
16 0
16 65
16 34
16 72
16 74
16 76
16 46
16 54
16 23
20 41
20 11
20 38
21 65
21 3
21 6
21 38
21 39
21 76
21 87
21 44
21 13
21 45
21 82
21 54
21 23
21 56
21 70
23 64
23 65
23 69
23 6
23 39
23 72
23 41
23 75
23 44
23 77
23 45
23 16
23 23
23 0
24 72
24 41
24 75
24 45
24 60
24 63
25 64
25 65
25 35
25 70
25 75
25 76
25 18
25 23
27 1
27 3
27 6
27 70
27 9
27 42
27 75
27 45
27 16
27 35
27 85
27 54
27 87
27 63
28 0
28 65
28 35
28 70
28 6
28 39
28 72
28 42
28 11
28 45
28 77
28 15
28 18
28 86
28 23
28 24
28 87
28 63
29 0
29 32
29 35
29 4
29 38
29 39
29 64
29 9
29 75
29 18
29 85
29 54
29 41
29 56
29 28
29 65
30 6
30 72
30 74
30 18
30 85
30 23
30 63
31 65
31 35
31 6
31 39
31 41
31 10
31 44
31 18
31 9
31 85
31 54
31 87
31 63
32 0
32 34
32 3
32 6
32 39
32 40
32 41
32 83
32 44
32 13
32 72
32 18
32 35
32 85
32 73
32 23
32 28
33 70
33 39
33 72
33 73
33 86
33 23
33 56
33 60
33 61
33 63
34 0
34 32
34 35
34 64
34 39
34 40
34 41
34 74
34 11
34 77
34 46
34 75
34 54
34 23
34 60
34 61
35 3
35 4
35 69
35 6
35 39
35 8
35 74
35 11
35 56
35 18
35 87
35 24
35 72
35 75
35 70
35 63
36 65
36 34
36 3
36 6
36 38
36 72
36 42
36 75
36 76
36 77
36 56
36 74
36 85
36 23
36 24
36 70
36 61
36 63
37 0
37 64
37 86
37 70
37 40
37 41
37 10
37 75
37 76
37 77
37 51
37 74
37 85
37 54
37 23
37 61
38 0
38 64
38 34
38 35
38 4
38 38
38 6
38 65
38 40
38 41
38 11
38 44
38 77
38 18
38 86
38 23
38 56
38 87
38 75
38 69
39 0
39 64
39 3
39 6
39 38
39 39
39 72
39 42
39 75
39 76
39 13
39 45
39 51
39 54
39 23
39 70
39 65
40 64
40 65
40 34
40 75
40 70
40 6
40 9
40 74
40 11
40 86
40 18
40 85
40 54
40 56
40 60
40 61
40 63
41 32
41 65
41 34
41 69
41 70
41 39
41 9
41 74
41 55
41 45
41 16
41 41
41 54
41 23
41 24
41 87
41 86
41 61
41 63
42 0
42 32
42 34
42 86
42 6
42 65
42 64
42 74
42 11
42 76
42 72
42 18
42 54
42 87
42 24
42 61
42 63
43 64
43 34
43 72
43 75
43 44
43 77
43 13
43 45
43 63
45 0
45 1
45 34
45 3
45 70
45 38
45 9
45 87
45 76
45 60
45 18
45 85
45 41
45 24
45 28
45 63
46 64
46 1
46 34
46 6
46 39
46 72
46 9
46 87
46 76
46 13
46 18
46 73
46 41
46 56
46 65
46 61
46 63
47 64
47 65
47 35
47 82
47 70
47 6
47 40
47 11
47 76
47 13
47 46
47 18
47 54
47 86
47 61
47 63
48 3
48 70
48 6
48 72
48 9
48 10
48 76
48 45
48 77
48 47
48 18
48 51
48 54
48 41
48 86
48 74
48 63
49 0
49 32
49 34
49 75
49 64
49 74
49 11
49 44
49 13
49 77
49 82
49 51
49 86
49 23
49 83
49 60
49 61
49 63
50 64
50 1
50 34
50 70
50 6
50 39
50 72
50 41
50 74
50 75
50 76
50 18
50 85
50 54
50 73
50 56
50 87
50 61
50 63
52 0
52 24
52 35
52 70
53 1
53 34
53 35
53 4
53 70
53 40
53 9
53 87
53 44
53 60
53 72
53 18
53 41
53 56
53 28
53 63
54 38
54 6
54 72
54 41
54 74
54 11
54 13
54 45
54 18
54 85
54 24
54 61
54 63
55 64
55 65
55 82
55 38
55 6
55 72
55 75
55 13
55 77
55 16
55 18
55 23
55 24
55 87
55 61
55 63
56 0
56 3
56 69
56 9
56 10
56 75
56 44
56 77
56 16
56 18
56 83
56 85
56 87
56 61
56 63
57 70
57 72
57 73
57 10
57 85
57 54
57 61
59 34
59 75
59 85
59 61
60 6
60 72
60 9
60 74
60 87
60 44
60 83
60 41
60 23
61 64
61 34
61 4
61 69
61 70
61 39
61 41
61 10
61 7
61 44
61 45
61 61
61 18
61 74
61 85
61 54
61 60
61 42
62 38
62 39
62 72
62 75
62 23
62 63
64 35
64 41
64 10
64 76
64 51
64 87
66 64
66 65
66 35
66 69
66 70
66 39
66 72
66 76
66 10
66 7
66 44
66 45
66 15
66 56
66 86
66 24
66 60
66 42
67 64
67 72
67 9
67 18
67 83
67 87
67 56
69 0
69 65
69 3
69 82
69 6
69 72
69 9
69 42
69 45
69 77
69 15
69 18
69 85
69 54
69 73
69 56
69 60
69 63
70 64
70 65
70 35
70 38
70 6
70 39
70 9
70 11
70 44
70 16
70 18
70 54
70 24
70 61
71 0
71 64
71 70
71 6
71 39
71 72
71 9
71 74
71 76
71 13
71 77
71 54
71 41
71 24
71 65
72 0
72 1
72 34
72 6
72 65
72 64
72 60
72 75
72 44
72 15
72 76
72 72
72 18
72 54
72 56
72 28
72 63
73 0
73 1
73 34
73 7
73 72
73 41
73 87
73 76
73 15
73 56
73 18
73 85
73 54
73 73
73 24
73 47
73 61
73 63
74 65
74 3
74 4
74 69
74 39
74 72
74 9
74 74
74 75
74 76
74 13
74 18
74 54
74 87
74 56
74 30
74 63
76 0
76 1
76 4
76 6
76 7
76 9
76 13
76 38
76 39
76 42
76 44
76 45
76 54
76 56
76 61
76 64
76 69
76 70
76 72
76 75
76 76
76 85
77 0
77 65
77 3
77 69
77 6
77 7
77 9
77 74
77 11
77 70
77 15
77 18
77 41
77 54
77 23
77 28
77 61
77 63
78 64
78 76
78 54
79 63
79 76
79 6
79 39
84 35
84 6
84 72
84 9
84 45
84 23
85 0
85 65
85 70
85 6
85 72
85 56
85 54
85 87
85 24
86 0
86 3
86 6
86 9
86 23
86 24
86 34
86 35
86 38
86 39
86 44
86 46
86 51
86 60
86 64
86 65
86 69
86 70
86 74
86 75
86 83
86 86
86 87
