88
0 32
0 1
0 2
0 34
0 4
0 37
0 6
0 81
0 87
0 13
0 49
0 35
0 85
0 21
0 86
0 69
0 68
0 58
0 28
0 30
0 51
1 4
1 87
2 63
2 66
2 31
2 37
2 87
3 1
3 2
3 5
3 6
3 9
3 18
3 21
3 28
3 29
3 30
3 31
3 32
3 34
3 35
3 37
3 49
3 58
3 59
3 68
3 69
3 85
3 87
5 2
5 4
5 6
5 18
5 21
5 28
5 29
5 30
5 31
5 32
5 34
5 37
5 49
5 51
5 58
5 59
5 63
5 66
5 68
5 69
5 81
5 85
5 86
5 87
7 66
7 35
7 4
7 9
7 2
7 63
7 49
7 18
7 51
7 21
7 87
7 59
7 31
8 32
8 2
8 69
8 63
8 81
8 18
8 51
8 21
8 86
8 87
8 58
8 59
8 30
8 31
10 1
10 4
10 5
10 6
10 9
10 13
10 21
10 28
10 29
10 30
10 31
10 32
10 35
10 37
10 49
10 51
10 63
10 66
10 68
10 69
10 85
10 86
10 87
11 34
11 4
11 37
11 13
11 49
11 18
11 51
11 66
11 86
11 69
11 68
11 59
11 29
11 30
11 31
12 1
12 4
12 6
12 9
12 13
12 18
12 28
12 29
12 31
12 32
12 37
12 49
12 51
12 58
12 59
12 63
12 68
12 69
12 81
12 85
12 86
12 87
13 32
13 1
13 35
13 6
13 13
13 81
13 51
13 58
13 59
13 29
13 30
13 63
15 32
15 34
15 4
15 69
15 6
15 9
15 13
15 18
15 85
15 87
15 58
15 59
15 29
15 21
16 35
17 35
17 4
17 37
17 9
17 13
17 81
17 18
17 51
17 21
17 63
17 28
17 85
17 31
19 9
19 37
19 87
20 32
20 28
20 87
21 30
21 69
21 86
21 63
22 1
22 4
22 5
22 9
22 13
22 20
22 21
22 28
22 30
22 31
22 32
22 34
22 35
22 49
22 51
22 58
22 59
22 63
22 66
22 69
22 85
22 86
23 32
23 34
23 4
23 37
23 6
23 66
23 49
23 18
23 51
23 85
23 86
23 68
23 58
23 28
23 30
23 69
24 32
24 34
24 35
24 68
24 69
24 6
24 13
24 18
24 51
24 86
24 59
24 28
24 37
25 32
25 4
25 69
25 6
25 9
25 21
25 58
25 28
25 29
25 63
26 32
26 1
26 2
26 81
26 66
26 49
26 18
26 20
26 21
26 86
26 87
26 58
26 28
26 30
26 63
27 35
27 68
30 32
30 34
30 68
30 13
30 81
30 51
30 86
30 59
30 31
31 9
31 86
33 1
33 31
33 68
33 86
33 63
34 2
34 34
34 66
34 37
34 6
34 81
34 9
34 87
34 13
34 63
34 49
34 18
34 51
34 21
34 85
34 68
34 58
34 59
34 29
34 69
34 31
35 58
35 31
36 1
36 2
36 4
36 69
36 9
36 34
36 49
36 86
36 30
36 37
37 32
37 35
37 4
37 37
37 87
37 13
37 49
37 51
37 86
37 69
37 58
37 63
37 29
37 30
37 31
38 1
38 2
38 4
38 5
38 6
38 9
38 13
38 20
38 21
38 28
38 29
38 31
38 32
38 34
38 35
38 37
38 49
38 51
38 58
38 66
38 69
38 81
38 87
39 32
39 1
39 66
39 34
39 68
39 69
39 9
39 2
39 81
39 87
39 28
39 29
39 30
39 63
40 1
40 2
40 4
40 6
40 18
40 21
40 28
40 29
40 30
40 32
40 35
40 37
40 49
40 51
40 58
40 59
40 63
40 66
40 68
40 69
40 81
40 85
40 86
41 59
41 4
41 13
41 6
41 63
42 49
42 68
42 86
44 35
44 4
44 9
44 13
44 81
44 18
44 51
44 85
44 86
44 68
44 58
44 28
44 29
44 31
45 28
45 29
45 6
46 2
46 13
46 86
46 87
46 59
46 28
47 2
47 35
47 4
47 37
47 6
47 49
47 81
47 51
47 87
47 68
47 58
47 59
47 28
47 29
48 1
48 34
48 35
48 68
48 37
48 9
48 63
48 81
48 85
48 4
48 58
48 59
48 30
48 31
50 1
50 2
50 4
50 5
50 6
50 9
50 13
50 20
50 28
50 29
50 31
50 32
50 34
50 35
50 37
50 49
50 51
50 66
50 68
50 69
50 81
50 85
50 86
51 5
51 30
51 21
52 1
52 2
52 34
52 66
52 69
52 9
52 13
52 49
52 18
52 51
52 86
52 87
52 68
52 58
52 59
52 29
52 30
52 63
53 32
53 2
53 68
53 69
53 34
53 86
53 87
53 28
53 29
53 5
54 32
54 1
55 1
55 2
55 34
55 68
55 13
55 49
55 18
55 20
55 58
55 59
55 63
56 32
56 1
56 66
56 4
56 37
56 6
56 9
56 13
56 63
56 81
56 21
56 68
56 59
56 28
56 30
56 31
57 2
57 37
57 6
57 49
57 18
57 85
57 86
57 58
57 59
57 21
60 1
60 2
60 4
60 6
60 9
60 13
60 21
60 28
60 29
60 30
60 32
60 34
60 35
60 37
60 49
60 51
60 59
60 63
60 66
60 68
60 69
60 86
60 87
61 1
61 2
61 34
61 4
61 6
61 13
61 49
61 18
61 35
61 85
61 87
61 58
61 29
61 31
62 1
62 2
62 4
62 5
62 6
62 13
62 18
62 21
62 28
62 29
62 30
62 31
62 32
62 34
62 37
62 49
62 51
62 58
62 59
62 63
62 68
62 87
63 32
63 1
63 2
63 69
63 49
63 63
63 13
63 81
63 18
63 21
63 58
63 37
63 29
63 31
64 28
64 13
66 1
66 34
66 4
66 69
66 9
66 13
66 18
66 51
66 21
66 87
66 58
66 59
66 29
66 30
66 63
67 32
67 1
67 34
67 35
67 4
67 37
67 6
67 81
67 13
67 49
67 18
67 85
67 87
67 68
67 59
67 28
67 29
67 30
67 31
70 1
70 85
70 86
70 21
71 2
71 4
71 5
71 6
71 9
71 13
71 18
71 21
71 28
71 29
71 32
71 34
71 35
71 37
71 51
71 58
71 59
71 68
71 69
71 81
71 85
71 86
71 87
72 32
72 2
72 4
72 9
72 63
72 49
72 18
72 58
72 59
72 30
72 31
73 32
73 81
73 59
74 1
74 2
74 34
74 68
74 69
74 9
74 66
74 81
74 87
74 4
74 58
74 59
74 28
74 29
75 32
75 2
75 4
75 49
75 9
75 34
75 81
75 51
75 20
75 86
75 87
75 58
75 29
75 63
76 1
76 4
76 5
76 6
76 9
76 18
76 21
76 29
76 30
76 31
76 35
76 37
76 49
76 58
76 59
76 63
76 66
76 68
76 69
76 85
76 86
76 87
77 32
77 1
77 2
77 35
77 4
77 37
77 6
77 66
77 81
77 18
77 51
77 85
77 69
77 68
77 58
77 59
77 30
77 31
78 1
78 2
78 4
78 5
78 6
78 9
78 13
78 18
78 20
78 21
78 29
78 30
78 34
78 37
78 49
78 58
78 59
78 63
78 68
78 81
78 85
78 86
78 87
79 2
79 5
79 6
79 9
79 18
79 20
79 28
79 29
79 30
79 31
79 32
79 34
79 37
79 51
79 58
79 59
79 63
79 68
79 69
79 85
79 86
79 87
80 51
81 32
81 1
81 2
81 34
81 68
81 69
81 13
81 49
81 18
81 21
81 28
81 30
81 37
83 66
83 68
83 6
83 49
83 9
83 81
83 18
83 29
83 30
83 63
86 1
86 34
86 66
86 69
86 6
86 9
86 13
86 49
86 18
86 51
86 21
86 28
86 29
86 30
86 63
87 1
87 66
87 59
87 68
87 9
87 34
87 49
87 51
87 4
87 63
87 28
87 29
87 31
