88
1 70
1 38
1 39
1 42
1 43
1 76
1 13
1 46
1 49
1 20
1 21
1 86
1 87
1 26
1 63
1 31
2 33
2 67
2 37
2 38
2 39
2 8
2 9
2 11
2 12
2 46
2 48
2 75
2 51
2 20
2 21
2 86
2 87
2 25
2 70
3 65
3 37
3 38
3 7
3 8
3 41
3 42
3 75
3 12
3 44
3 40
3 50
3 20
3 87
3 56
3 84
3 70
4 1
4 67
4 36
4 8
4 41
4 10
4 76
4 13
4 46
4 77
4 50
4 51
4 20
4 82
4 86
4 28
4 29
5 33
5 67
5 36
5 37
5 70
5 39
5 8
5 77
5 13
5 46
5 47
5 72
5 18
5 51
5 84
5 21
5 86
5 55
5 56
5 25
5 29
6 72
6 12
7 36
7 37
7 70
7 39
7 10
7 13
7 46
7 77
7 82
7 20
7 86
7 25
7 26
7 42
7 30
8 40
8 67
8 46
9 1
9 67
9 36
9 37
9 70
9 39
9 8
9 41
9 42
9 43
9 76
9 77
9 15
9 48
9 17
9 50
9 86
9 23
9 55
9 26
9 63
10 34
10 75
10 36
10 54
10 38
10 40
10 63
10 10
10 43
10 13
10 46
10 17
10 50
10 21
10 22
10 68
10 27
10 29
10 31
11 1
11 34
11 36
11 70
11 38
11 7
11 43
11 12
11 13
11 46
11 77
11 50
11 51
11 84
11 82
11 56
11 26
11 27
12 65
12 67
12 70
12 38
12 42
12 75
12 46
12 20
12 21
12 86
12 23
12 24
12 25
12 87
12 27
12 29
13 33
13 43
13 70
13 10
13 11
13 46
13 48
13 17
13 75
13 51
13 20
13 86
13 25
13 26
13 27
13 42
13 62
13 63
14 17
14 67
14 86
14 39
15 48
15 35
15 68
15 39
15 8
15 76
15 42
15 12
15 13
15 16
15 17
15 67
15 84
15 54
15 87
15 56
15 26
16 33
16 68
16 54
16 38
16 39
16 8
16 41
16 42
16 77
16 49
16 21
16 86
16 23
16 29
17 1
17 65
17 39
17 40
17 9
17 12
17 77
17 46
17 76
17 49
17 20
17 21
17 54
17 55
17 56
17 84
17 26
17 85
18 67
18 37
18 8
18 41
18 42
18 43
18 12
18 13
18 46
18 76
18 40
18 75
18 20
18 21
18 54
18 84
18 86
18 62
18 63
19 33
19 36
19 37
19 38
19 39
19 8
19 41
19 82
19 43
19 44
19 77
19 46
19 76
19 50
19 21
19 54
19 56
19 68
19 29
19 62
19 63
25 1
25 67
25 36
25 37
25 33
25 8
25 41
25 42
25 76
25 13
25 77
25 40
25 50
25 51
25 84
25 21
25 54
25 25
25 29
28 1
28 83
28 67
28 70
28 38
28 7
28 41
28 42
28 39
28 76
28 49
28 51
28 20
28 21
28 54
28 56
28 25
28 26
28 27
28 85
28 31
29 87
31 1
31 34
31 67
31 86
31 33
31 8
31 42
31 43
31 76
31 48
31 20
31 85
31 54
31 25
31 26
31 29
32 67
32 36
32 13
32 20
32 22
32 25
35 25
35 42
36 65
36 67
36 70
36 38
36 41
36 42
36 76
36 77
36 46
36 48
36 49
36 50
36 51
36 21
36 54
36 56
36 86
36 85
36 63
37 1
37 34
37 87
37 33
37 41
37 11
37 76
37 13
37 50
37 20
37 54
37 55
37 24
37 25
37 26
37 63
38 4
38 8
38 10
38 21
38 22
38 26
38 37
38 38
38 39
38 41
38 43
38 44
38 50
38 56
38 62
38 72
38 75
38 76
38 77
38 82
38 83
38 85
39 1
39 67
39 36
39 8
39 9
39 43
39 76
39 77
39 50
39 20
39 21
39 54
39 25
39 75
39 29
39 62
40 1
40 36
40 37
40 70
40 8
40 41
40 82
40 50
40 51
40 20
40 21
40 54
40 56
40 27
40 86
40 29
40 85
40 63
42 1
42 34
42 67
42 38
42 41
42 42
42 75
42 46
42 21
42 31
43 65
43 37
43 39
43 8
43 41
43 10
43 55
43 12
43 13
43 77
43 76
43 50
43 85
43 54
43 23
43 25
44 1
44 43
44 36
44 65
44 33
44 40
44 41
44 39
44 76
44 13
44 50
44 18
44 67
44 54
44 55
44 25
44 75
46 1
46 43
46 36
46 37
46 70
46 39
46 8
46 75
46 11
46 82
46 48
46 40
46 50
46 85
46 87
46 26
46 27
46 29
46 31
47 8
47 76
47 46
47 83
47 21
47 31
48 1
48 37
48 38
48 8
48 9
48 75
48 12
48 13
48 77
48 48
48 50
48 51
48 20
48 85
48 22
48 23
48 56
48 26
48 29
48 62
48 63
49 1
49 67
49 37
49 70
49 39
49 41
49 12
49 77
49 46
49 15
49 76
49 20
49 21
49 86
49 87
49 84
49 27
49 29
49 85
49 31
51 1
51 67
51 36
51 86
51 65
51 39
51 8
51 9
51 43
51 12
51 13
51 76
51 17
51 82
51 54
51 41
51 72
51 25
51 29
51 55
54 1
54 39
54 43
54 12
54 77
54 48
54 82
54 51
54 84
54 21
54 25
54 27
54 20
54 63
55 68
55 1
55 67
55 36
55 37
55 65
55 33
55 75
55 39
55 13
55 48
55 17
55 50
55 20
55 21
55 22
55 25
55 54
55 70
55 62
57 1
57 67
57 68
57 37
57 8
57 12
57 13
57 77
57 84
57 21
57 22
57 56
57 25
57 26
57 63
57 62
57 31
58 8
58 76
58 36
58 21
58 46
60 1
60 43
60 36
60 37
60 70
60 33
60 8
60 41
60 10
60 39
60 44
60 13
60 76
60 50
60 51
60 20
60 21
60 54
60 87
60 42
65 50
65 36
65 37
65 70
65 39
65 8
65 9
65 11
65 12
65 13
65 46
65 77
65 18
65 51
65 85
65 86
65 41
65 56
65 25
65 26
65 31
66 1
66 34
66 67
66 37
66 39
66 41
66 42
66 75
66 13
66 46
66 17
66 51
66 22
66 56
66 54
66 86
67 84
67 37
67 38
67 39
67 8
67 41
67 42
67 75
67 44
67 46
67 48
67 51
67 20
67 85
67 54
67 87
67 25
67 27
67 31
69 1
69 75
69 36
69 37
69 38
69 42
69 43
69 76
69 13
69 50
69 86
69 25
69 27
69 70
69 62
70 1
70 75
70 70
70 33
70 8
70 42
70 39
70 12
70 50
70 46
70 40
70 18
70 51
70 20
70 86
70 23
70 26
70 29
72 67
72 36
72 70
72 38
72 8
72 42
72 43
72 13
72 46
72 77
72 16
72 40
72 51
72 20
72 62
72 54
72 23
72 72
72 87
72 86
72 30
73 67
73 70
73 38
73 39
73 40
73 9
73 10
73 75
73 44
73 13
73 76
73 17
73 82
73 51
73 54
73 23
73 25
73 26
73 86
73 62
73 63
74 1
74 67
74 36
74 37
74 70
74 33
74 42
74 75
74 18
74 20
74 21
74 54
74 23
74 56
74 68
74 26
74 31
77 1
77 67
77 37
77 33
77 76
77 10
77 75
77 12
77 46
77 50
77 51
77 21
77 23
77 25
77 26
77 29
78 33
78 50
78 37
78 70
78 39
78 40
78 12
78 13
78 77
78 49
78 18
78 67
78 20
78 21
78 54
78 25
78 29
80 86
81 87
82 65
82 75
82 36
82 86
82 38
82 8
82 41
82 10
82 43
82 50
82 40
82 18
82 42
82 84
82 21
82 54
82 87
82 25
82 29
83 46
84 54
84 46
84 55
85 1
85 36
85 37
85 38
85 33
85 42
85 75
85 13
85 77
85 47
85 50
85 51
85 20
85 82
85 54
85 56
85 86
85 29
