88
1 44
4 0
4 2
4 7
4 9
4 10
4 12
4 18
4 22
4 26
4 27
4 31
4 39
4 41
4 42
4 43
4 49
4 51
4 55
4 59
4 61
4 62
4 65
4 68
4 83
6 0
6 2
6 3
6 5
6 7
6 10
6 12
6 13
6 16
6 18
6 19
6 22
6 26
6 31
6 37
6 38
6 39
6 43
6 44
6 48
6 51
6 55
6 59
6 61
6 62
6 68
6 83
6 86
8 83
9 39
10 65
10 2
10 37
10 10
10 83
10 27
12 7
17 0
17 65
17 3
17 12
17 16
17 51
17 22
17 27
17 28
19 2
20 0
20 2
20 3
20 6
20 7
20 9
20 10
20 12
20 16
20 19
20 22
20 26
20 31
20 38
20 39
20 42
20 44
20 45
20 48
20 55
20 59
20 61
20 83
20 86
21 2
22 68
22 39
22 7
22 44
22 45
22 86
22 55
22 27
23 65
23 9
23 42
23 43
23 13
23 59
23 28
24 7
24 83
24 51
24 44
24 39
26 12
28 0
28 51
28 2
28 59
28 68
28 5
28 7
28 44
28 10
28 43
28 12
28 13
28 18
28 19
28 22
28 27
28 42
28 31
29 0
29 19
29 37
29 39
29 42
29 18
29 83
30 0
30 5
30 6
30 7
30 13
30 16
30 19
30 22
30 26
30 27
30 28
30 37
30 38
30 39
30 41
30 42
30 44
30 45
30 48
30 49
30 51
30 59
30 62
30 65
30 68
30 86
30 87
31 0
31 2
31 3
31 7
31 10
31 13
31 16
31 19
31 22
31 27
31 28
31 31
31 37
31 41
31 42
31 43
31 45
31 48
31 51
31 55
31 59
31 61
31 62
31 65
31 68
31 83
32 51
32 3
32 37
32 38
32 7
32 43
32 12
32 13
32 45
32 48
32 83
32 22
33 65
33 2
33 43
33 6
33 7
33 10
33 39
33 13
33 59
33 18
33 26
33 27
33 61
34 59
34 39
35 0
35 2
35 3
35 6
35 7
35 10
35 12
35 18
35 19
35 22
35 26
35 31
35 37
35 38
35 39
35 43
35 44
35 48
35 51
35 59
35 61
35 65
35 68
36 0
36 2
36 3
36 10
36 12
36 13
36 18
36 22
36 26
36 27
36 28
36 31
36 37
36 39
36 42
36 43
36 44
36 48
36 49
36 51
36 55
36 59
36 60
36 62
36 65
36 83
36 86
37 2
37 6
37 7
37 13
37 19
37 22
37 26
37 27
37 28
37 31
37 39
37 42
37 43
37 44
37 48
37 49
37 51
37 55
37 59
37 61
37 65
37 68
37 83
38 0
38 2
38 3
38 7
38 9
38 10
38 12
38 13
38 16
38 18
38 19
38 22
38 27
38 28
38 31
38 37
38 38
38 42
38 49
38 51
38 55
38 60
38 62
38 65
38 68
38 83
38 86
40 0
40 3
40 7
40 10
40 12
40 16
40 18
40 22
40 26
40 27
40 28
40 38
40 39
40 41
40 42
40 43
40 44
40 51
40 55
40 61
40 62
40 65
40 68
40 83
40 86
43 2
43 3
43 6
43 7
43 9
43 10
43 12
43 18
43 19
43 22
43 27
43 31
43 37
43 38
43 39
43 42
43 44
43 45
43 48
43 51
43 55
43 59
43 65
43 83
43 86
45 0
45 3
45 6
45 7
45 9
45 12
45 13
45 16
45 18
45 19
45 26
45 28
45 31
45 37
45 38
45 39
45 42
45 43
45 44
45 45
45 48
45 51
45 55
45 61
45 65
45 83
46 10
46 19
46 13
46 39
47 0
47 2
47 7
47 12
47 13
47 18
47 19
47 22
47 27
47 28
47 31
47 38
47 39
47 42
47 43
47 48
47 51
47 55
47 59
47 62
47 65
47 68
47 74
47 83
48 0
48 2
48 6
48 9
48 12
48 13
48 18
48 28
48 31
48 37
48 38
48 39
48 41
48 42
48 43
48 51
48 55
48 59
48 65
48 68
48 83
48 86
49 0
49 2
49 3
49 6
49 7
49 13
49 18
49 19
49 22
49 26
49 27
49 28
49 31
49 39
49 41
49 42
49 43
49 44
49 48
49 51
49 59
49 65
49 83
49 86
50 0
50 2
50 3
50 7
50 10
50 13
50 16
50 18
50 19
50 22
50 26
50 27
50 28
50 31
50 37
50 39
50 42
50 43
50 44
50 48
50 49
50 51
50 55
50 59
50 61
50 65
50 83
50 86
51 0
51 2
51 3
51 10
51 13
51 18
51 83
51 22
51 26
51 59
52 59
52 37
52 38
52 41
52 10
52 44
52 13
52 18
52 83
52 27
54 65
54 59
54 68
54 37
54 6
54 44
54 18
54 51
54 22
54 27
54 61
54 31
55 2
55 3
55 5
55 6
55 10
55 12
55 13
55 18
55 19
55 22
55 26
55 27
55 28
55 31
55 37
55 39
55 42
55 43
55 44
55 49
55 51
55 62
55 65
55 68
55 83
56 2
56 43
56 38
56 7
56 9
56 39
56 44
56 19
56 86
56 27
58 51
58 2
58 59
58 68
58 38
58 39
58 10
58 43
58 12
58 16
58 19
58 86
58 55
58 26
58 27
58 28
58 62
60 0
60 2
60 3
60 7
60 9
60 12
60 13
60 18
60 19
60 26
60 27
60 28
60 39
60 42
60 44
60 45
60 48
60 49
60 51
60 55
60 59
60 61
60 62
60 65
60 68
60 86
63 27
63 42
63 59
63 18
63 55
66 0
66 3
66 68
66 37
66 39
66 12
66 13
66 19
66 86
66 55
66 26
66 27
67 0
67 19
67 2
67 68
67 44
67 13
67 83
67 22
67 61
69 2
69 27
69 10
69 62
70 0
70 2
70 59
70 68
70 86
70 39
70 44
70 10
70 12
70 13
70 45
70 49
70 18
70 51
70 22
70 26
70 27
70 31
72 0
72 39
72 43
72 44
72 51
72 7
72 26
72 59
73 0
73 2
73 6
73 7
73 9
73 10
73 12
73 19
73 22
73 26
73 27
73 31
73 37
73 38
73 42
73 44
73 45
73 48
73 51
73 55
73 59
73 61
73 62
73 65
73 68
73 83
74 51
74 2
74 3
74 68
74 5
74 38
74 7
74 41
74 10
74 39
74 13
74 48
74 43
74 19
74 22
74 83
74 59
74 62
75 0
75 2
75 3
75 6
75 7
75 10
75 12
75 13
75 18
75 19
75 22
75 27
75 28
75 31
75 37
75 42
75 43
75 44
75 45
75 48
75 51
75 55
75 59
75 60
75 68
75 83
75 86
76 65
76 2
76 59
76 38
76 42
76 44
76 18
76 83
76 27
76 62
78 0
78 65
78 83
78 3
78 68
78 38
78 7
78 9
78 42
78 43
78 12
78 13
78 48
78 59
78 19
78 86
78 55
78 26
78 27
78 62
78 31
79 0
79 51
79 2
79 3
79 86
79 38
79 7
79 41
79 10
79 43
79 12
79 13
79 44
79 19
79 22
79 55
79 45
79 83
79 27
79 28
79 61
81 51
81 2
81 43
81 7
81 44
81 42
81 39
81 12
81 13
81 45
81 48
81 19
81 22
81 83
81 26
81 59
81 61
81 62
81 31
82 0
82 2
82 6
82 7
82 12
82 18
82 19
82 22
82 26
82 27
82 28
82 31
82 42
82 49
82 55
82 59
82 61
82 62
82 65
82 68
82 83
82 86
85 0
85 2
85 6
85 9
85 10
85 13
85 16
85 18
85 19
85 22
85 26
85 27
85 31
85 37
85 38
85 39
85 43
85 48
85 51
85 55
85 59
85 61
85 65
85 68
85 83
85 87
86 0
86 3
86 6
86 7
86 10
86 12
86 13
86 18
86 19
86 22
86 27
86 37
86 38
86 39
86 42
86 43
86 44
86 48
86 49
86 59
86 65
86 68
86 86
