88
0 0
0 1
0 66
0 4
0 37
0 71
0 8
0 9
0 13
0 64
0 72
0 50
0 51
0 52
0 86
0 87
0 24
0 25
0 59
0 62
1 64
1 65
1 70
1 73
1 76
1 13
1 78
1 79
1 80
1 50
1 19
1 20
1 85
1 86
1 87
1 24
1 25
1 58
1 60
1 61
2 4
2 5
2 38
2 72
2 73
2 75
2 80
2 8
2 52
2 86
2 62
3 64
3 70
3 4
3 5
3 38
3 71
3 8
3 9
3 13
3 40
3 19
3 22
3 23
3 24
3 25
3 59
3 60
3 72
3 63
6 84
6 4
6 72
6 8
6 9
6 87
6 13
6 80
6 49
6 51
6 20
6 22
6 23
6 24
6 52
6 62
7 50
7 76
8 66
8 5
8 70
8 40
8 73
8 75
8 76
8 13
8 80
8 52
8 85
8 62
8 37
9 64
9 67
9 70
9 8
9 75
9 76
9 80
9 85
9 26
9 60
11 51
11 37
11 38
11 40
11 10
11 76
11 13
11 79
11 80
11 72
11 19
11 20
11 85
11 24
11 25
11 26
11 59
11 70
11 62
12 19
12 60
12 62
12 70
12 87
13 5
13 38
13 71
13 72
13 10
13 79
13 80
13 8
13 23
13 26
13 60
13 62
14 0
14 4
14 5
14 13
14 17
14 19
14 23
14 25
14 27
14 36
14 37
14 51
14 58
14 60
14 61
14 65
14 66
14 70
14 73
14 74
14 75
14 79
14 80
14 87
15 2
15 67
15 38
15 72
15 75
15 50
15 51
15 62
16 74
16 19
16 62
16 22
17 71
17 40
17 75
17 79
17 72
17 51
17 85
17 86
17 24
17 25
17 59
17 60
17 61
18 4
18 8
18 10
18 19
18 20
18 24
18 25
18 26
18 27
18 32
18 37
18 38
18 40
18 50
18 51
18 58
18 60
18 71
18 72
18 74
18 75
18 79
18 85
18 87
21 25
21 50
21 23
23 64
23 0
23 71
23 9
23 76
23 20
23 24
23 25
23 60
23 61
25 32
25 87
25 4
25 74
25 75
25 76
25 50
25 51
25 85
25 23
25 26
27 64
27 32
27 5
27 72
27 78
27 40
27 19
27 20
27 25
27 52
27 37
28 2
28 4
29 64
29 9
29 74
29 79
30 65
30 59
30 4
30 70
30 8
30 9
30 76
30 78
30 79
30 17
30 51
30 20
30 85
30 86
30 23
30 24
30 25
30 27
30 61
30 62
31 51
31 75
31 4
31 70
31 65
31 8
31 9
31 71
31 76
31 13
31 80
31 40
31 19
31 52
31 85
31 22
31 59
31 61
31 62
33 32
33 1
33 67
33 85
33 70
33 71
33 40
33 9
33 10
33 64
33 72
33 50
33 19
33 20
33 78
33 23
33 52
33 59
33 74
33 62
33 84
34 32
34 64
34 2
34 4
34 65
34 8
34 9
34 71
34 13
34 79
34 80
34 40
34 50
34 19
34 20
34 86
34 73
34 72
34 52
34 60
34 63
35 64
35 1
35 70
35 51
35 71
35 72
35 9
35 13
35 78
35 79
35 50
35 19
35 52
35 86
35 23
35 24
35 25
35 60
35 61
35 62
36 32
36 36
36 37
36 38
36 72
36 10
36 76
36 13
36 79
36 85
36 24
36 60
36 62
37 64
37 51
37 4
37 37
37 38
37 40
37 73
37 75
37 76
37 13
37 17
37 50
37 19
37 20
37 86
37 72
37 84
37 27
38 32
38 65
38 8
38 73
38 10
38 75
38 79
38 50
38 19
38 20
38 85
38 23
38 24
38 59
38 61
39 0
39 1
39 2
39 67
39 70
39 64
39 9
39 75
39 76
39 13
39 87
39 72
39 51
39 20
39 85
39 73
39 25
39 58
39 84
40 0
40 38
40 70
40 71
40 13
40 78
40 80
40 50
40 19
40 23
40 25
40 61
41 0
41 2
41 9
41 19
41 22
41 24
41 25
41 26
41 32
41 37
41 38
41 40
41 50
41 52
41 64
41 65
41 70
41 71
41 72
41 73
41 78
41 79
41 86
41 87
42 1
42 4
42 17
42 19
42 20
42 23
42 24
42 32
42 36
42 37
42 38
42 40
42 51
42 59
42 60
42 61
42 62
42 64
42 65
42 73
42 75
42 76
42 78
42 84
42 86
43 64
43 74
43 71
43 8
43 9
43 10
43 87
43 13
43 79
43 40
43 50
43 19
43 20
43 85
43 86
43 23
43 24
43 52
43 61
43 63
44 32
44 66
44 5
44 9
44 75
44 13
44 79
44 80
44 19
44 86
44 24
44 62
44 63
45 4
45 87
45 76
45 13
45 50
45 23
45 60
45 61
46 64
46 51
46 4
46 5
46 73
46 74
46 87
46 13
46 79
46 80
46 19
46 20
46 23
46 52
46 58
46 59
46 61
46 62
46 37
47 32
47 5
47 70
47 8
47 63
47 10
47 75
47 73
47 80
47 17
47 50
47 79
47 22
47 23
47 72
47 59
47 86
47 61
47 62
47 37
48 25
48 62
48 78
49 64
49 2
49 10
49 50
49 19
49 86
49 23
49 24
49 74
52 32
52 2
52 5
52 40
52 73
52 79
52 86
52 60
52 62
52 37
53 4
53 5
53 8
53 17
53 19
53 22
53 23
53 25
53 27
53 32
53 50
53 51
53 52
53 60
53 62
53 63
53 65
53 73
53 74
53 78
53 79
53 82
53 85
53 86
53 87
54 1
54 4
54 5
54 8
54 13
54 19
54 23
54 27
54 36
54 40
54 51
54 60
54 61
54 63
54 64
54 72
54 73
54 74
54 75
54 76
54 79
54 80
54 84
54 85
54 87
55 0
55 8
55 10
55 13
55 17
55 22
55 23
55 24
55 37
55 51
55 58
55 61
55 62
55 64
55 65
55 67
55 71
55 72
55 73
55 75
55 76
55 79
55 80
55 86
56 0
56 1
56 67
56 4
56 5
56 71
56 40
56 73
56 74
56 75
56 76
56 13
56 78
56 79
56 80
56 17
56 23
56 36
56 59
56 62
57 4
57 5
57 8
57 9
57 17
57 19
57 22
57 23
57 32
57 37
57 40
57 50
57 60
57 61
57 62
57 63
57 67
57 72
57 73
57 78
57 80
57 87
68 32
68 64
68 86
68 38
68 65
68 8
68 10
68 75
68 13
68 78
68 79
68 40
68 19
68 20
68 22
68 24
68 25
68 59
68 60
68 72
68 52
69 0
69 32
69 67
69 4
69 37
69 70
69 71
69 72
69 9
69 74
69 13
69 79
69 50
69 19
69 52
69 85
69 58
69 60
69 61
69 63
71 2
71 5
71 70
71 72
71 75
71 76
71 13
71 85
71 22
71 60
76 2
76 5
76 72
76 9
76 10
76 23
76 76
76 40
76 51
76 20
76 87
76 58
76 62
76 63
77 1
77 2
77 4
77 8
77 9
77 10
77 17
77 20
77 32
77 38
77 52
77 60
77 63
77 64
77 67
77 70
77 71
77 72
77 73
77 74
77 76
77 78
77 80
77 86
79 2
79 71
79 8
79 40
79 50
79 20
79 85
79 22
79 23
79 52
79 61
79 62
80 0
80 32
80 2
80 70
80 49
80 40
80 64
80 76
80 13
80 17
80 82
80 19
80 85
80 86
80 23
80 25
80 61
81 0
81 1
81 66
81 59
81 36
81 84
81 40
81 10
81 78
81 80
81 72
81 51
81 20
81 23
81 25
81 27
81 74
81 62
81 63
83 79
83 87
85 64
85 51
85 2
85 40
85 65
85 8
85 9
85 71
85 13
85 80
85 17
85 19
85 20
85 23
85 72
85 52
85 87
85 61
85 63
87 0
87 32
87 66
87 36
87 5
87 70
87 73
87 75
87 13
87 79
87 80
87 50
87 52
87 85
87 87
87 27
