88
1 1
1 2
1 3
1 5
1 8
1 9
1 10
1 12
1 13
1 14
1 16
1 22
1 23
1 24
1 26
1 28
1 29
1 30
1 31
1 34
1 35
1 36
1 37
1 38
1 39
1 40
1 41
1 42
1 44
1 45
1 46
1 47
1 48
1 52
1 55
1 56
1 59
1 60
1 63
1 66
1 68
1 69
1 70
1 72
1 73
1 74
1 76
1 80
1 81
1 83
1 86
1 87
6 0
6 1
6 2
6 3
6 6
6 8
6 9
6 10
6 11
6 12
6 13
6 15
6 16
6 18
6 22
6 23
6 24
6 26
6 27
6 28
6 29
6 30
6 32
6 34
6 35
6 36
6 37
6 38
6 39
6 40
6 41
6 42
6 44
6 45
6 46
6 47
6 48
6 49
6 52
6 55
6 56
6 59
6 60
6 62
6 66
6 70
6 71
6 72
6 74
6 76
6 77
6 78
6 81
6 84
6 86
6 87
7 1
7 2
7 3
7 5
7 6
7 7
7 8
7 9
7 10
7 11
7 12
7 13
7 16
7 18
7 22
7 23
7 24
7 27
7 28
7 31
7 32
7 34
7 35
7 37
7 38
7 39
7 40
7 41
7 42
7 44
7 45
7 46
7 48
7 49
7 50
7 52
7 55
7 56
7 60
7 61
7 62
7 63
7 66
7 67
7 69
7 70
7 72
7 74
7 76
7 77
7 78
7 81
7 85
7 86
9 0
9 3
9 5
9 6
9 7
9 8
9 9
9 10
9 11
9 13
9 16
9 18
9 20
9 22
9 23
9 24
9 27
9 28
9 29
9 30
9 32
9 34
9 35
9 36
9 37
9 39
9 40
9 42
9 45
9 46
9 47
9 48
9 52
9 54
9 56
9 60
9 62
9 63
9 67
9 69
9 70
9 72
9 74
9 77
9 78
9 80
9 81
9 83
9 84
9 86
11 0
11 1
11 3
11 5
11 7
11 9
11 10
11 11
11 12
11 13
11 16
11 18
11 22
11 23
11 26
11 28
11 29
11 30
11 31
11 32
11 34
11 35
11 36
11 37
11 38
11 39
11 40
11 41
11 42
11 43
11 44
11 45
11 46
11 48
11 49
11 52
11 55
11 56
11 57
11 59
11 60
11 62
11 63
11 64
11 69
11 70
11 72
11 74
11 75
11 76
11 77
11 78
11 80
11 81
11 82
11 83
11 86
11 87
12 1
12 3
12 5
12 6
12 8
12 10
12 11
12 12
12 13
12 14
12 16
12 18
12 22
12 23
12 24
12 28
12 29
12 30
12 31
12 32
12 34
12 36
12 37
12 38
12 39
12 40
12 41
12 42
12 43
12 45
12 46
12 48
12 49
12 52
12 54
12 55
12 56
12 57
12 59
12 60
12 62
12 63
12 64
12 66
12 70
12 72
12 73
12 74
12 78
12 81
12 82
12 85
12 86
12 87
14 0
14 1
14 2
14 3
14 5
14 6
14 7
14 8
14 10
14 11
14 12
14 13
14 14
14 18
14 23
14 25
14 26
14 28
14 29
14 30
14 31
14 32
14 35
14 36
14 37
14 38
14 39
14 40
14 41
14 43
14 44
14 45
14 46
14 48
14 49
14 52
14 54
14 55
14 56
14 59
14 60
14 63
14 64
14 66
14 67
14 69
14 72
14 73
14 74
14 78
14 81
14 83
14 84
14 86
14 87
16 0
16 2
16 3
16 5
16 8
16 9
16 11
16 12
16 16
16 18
16 24
16 28
16 29
16 30
16 31
16 34
16 35
16 36
16 37
16 38
16 39
16 40
16 41
16 42
16 52
16 55
16 56
16 60
16 62
16 64
16 70
16 74
16 76
16 81
16 86
20 0
20 1
20 2
20 3
20 5
20 6
20 7
20 8
20 9
20 10
20 11
20 12
20 13
20 14
20 15
20 16
20 18
20 19
20 22
20 23
20 24
20 25
20 27
20 29
20 30
20 31
20 32
20 34
20 35
20 36
20 37
20 39
20 41
20 42
20 44
20 45
20 46
20 48
20 52
20 56
20 57
20 59
20 62
20 66
20 70
20 72
20 73
20 74
20 76
20 80
20 82
20 83
20 84
20 86
20 87
22 1
22 2
22 3
22 5
22 6
22 8
22 9
22 10
22 11
22 12
22 13
22 14
22 16
22 18
22 22
22 23
22 24
22 25
22 26
22 27
22 29
22 30
22 31
22 33
22 34
22 35
22 37
22 38
22 39
22 42
22 44
22 45
22 46
22 47
22 48
22 52
22 53
22 55
22 60
22 62
22 63
22 64
22 66
22 67
22 69
22 70
22 72
22 74
22 76
22 77
22 81
22 86
23 0
23 1
23 3
23 5
23 8
23 9
23 10
23 11
23 12
23 13
23 16
23 22
23 24
23 28
23 29
23 30
23 31
23 32
23 34
23 35
23 36
23 37
23 39
23 40
23 41
23 42
23 43
23 44
23 45
23 46
23 48
23 49
23 52
23 55
23 56
23 59
23 60
23 62
23 63
23 64
23 66
23 67
23 70
23 71
23 72
23 73
23 74
23 76
23 78
23 81
23 86
23 87
44 0
44 1
44 2
44 3
44 5
44 6
44 7
44 8
44 11
44 12
44 13
44 14
44 16
44 18
44 22
44 23
44 24
44 26
44 28
44 29
44 31
44 32
44 34
44 35
44 37
44 38
44 39
44 40
44 41
44 42
44 43
44 44
44 45
44 46
44 48
44 49
44 53
44 54
44 55
44 56
44 57
44 60
44 63
44 64
44 66
44 68
44 70
44 72
44 73
44 76
44 77
44 78
44 80
44 81
44 83
44 84
44 86
44 87
58 0
58 6
58 9
58 10
58 13
58 16
58 18
58 19
58 22
58 24
58 28
58 29
58 30
58 31
58 34
58 35
58 40
58 44
58 48
58 49
58 52
58 55
58 56
58 59
58 63
58 66
58 70
58 72
58 81
58 86
58 87
63 0
63 1
63 2
63 5
63 6
63 8
63 9
63 10
63 11
63 12
63 16
63 18
63 22
63 23
63 24
63 27
63 28
63 29
63 30
63 31
63 32
63 35
63 37
63 38
63 39
63 40
63 41
63 42
63 44
63 45
63 46
63 47
63 48
63 49
63 51
63 52
63 54
63 55
63 56
63 57
63 60
63 62
63 63
63 69
63 70
63 72
63 73
63 74
63 76
63 78
63 80
63 81
63 83
63 87
76 0
76 1
76 3
76 5
76 6
76 8
76 10
76 11
76 13
76 16
76 18
76 19
76 23
76 24
76 28
76 29
76 30
76 31
76 32
76 34
76 35
76 36
76 37
76 38
76 39
76 40
76 42
76 43
76 44
76 45
76 46
76 47
76 48
76 52
76 55
76 56
76 59
76 60
76 66
76 67
76 69
76 70
76 71
76 72
76 73
76 74
76 76
76 78
76 81
76 83
76 86
76 87
84 0
84 1
84 3
84 5
84 8
84 10
84 11
84 12
84 13
84 14
84 16
84 18
84 19
84 22
84 23
84 24
84 28
84 29
84 30
84 31
84 32
84 34
84 35
84 37
84 39
84 40
84 41
84 42
84 43
84 44
84 45
84 46
84 47
84 48
84 50
84 52
84 54
84 55
84 56
84 59
84 60
84 62
84 64
84 69
84 70
84 71
84 72
84 74
84 75
84 76
84 77
84 78
84 81
84 83
84 87
85 0
85 1
85 2
85 3
85 5
85 6
85 7
85 8
85 9
85 10
85 11
85 12
85 13
85 14
85 18
85 22
85 23
85 24
85 25
85 27
85 28
85 29
85 30
85 31
85 32
85 34
85 35
85 38
85 39
85 40
85 41
85 42
85 44
85 45
85 46
85 47
85 48
85 52
85 54
85 55
85 56
85 60
85 62
85 63
85 66
85 67
85 69
85 70
85 72
85 74
85 77
85 78
85 81
85 82
85 83
85 86
85 87
