88
0 35
0 83
0 38
0 51
1 2
1 7
1 9
1 14
1 80
1 83
1 41
1 56
1 62
2 64
2 65
2 2
2 3
2 5
2 6
2 41
2 74
2 43
2 56
2 67
2 54
2 24
2 70
2 31
3 32
3 1
3 3
3 40
3 64
3 43
3 76
3 82
3 79
3 48
3 75
3 53
3 73
3 29
3 63
4 0
4 34
4 4
4 69
4 41
4 76
4 13
4 47
4 48
4 17
4 51
4 23
4 56
4 30
5 65
5 66
5 67
5 69
5 49
5 10
5 75
5 77
5 34
5 17
5 62
6 64
6 1
6 67
6 4
6 7
6 39
6 44
6 14
6 48
6 83
6 60
6 62
6 63
7 33
7 67
7 68
7 72
7 84
7 58
7 63
7 30
7 31
8 48
8 40
8 75
8 14
8 16
8 17
9 33
9 35
9 37
9 8
9 76
9 12
9 79
9 40
9 51
9 62
10 34
10 35
10 72
10 47
10 24
10 57
10 62
10 31
11 1
11 67
11 4
11 8
11 12
11 45
11 56
11 57
13 33
13 73
13 42
13 43
13 13
13 82
13 53
13 22
13 58
14 2
14 38
14 39
14 40
14 9
14 74
14 81
14 50
14 51
14 53
14 86
14 56
16 13
18 2
18 17
18 49
18 38
18 71
18 76
18 66
18 78
18 77
18 48
18 81
18 60
19 69
19 39
19 63
19 10
19 47
19 85
19 57
19 27
19 29
19 21
20 65
20 2
20 38
20 8
20 73
20 10
20 12
20 80
20 84
20 54
20 56
20 25
20 62
20 63
21 3
21 37
21 6
21 39
21 8
21 10
21 17
21 56
21 72
21 70
21 42
21 30
22 64
22 1
22 2
22 66
22 33
22 9
22 10
22 45
22 82
22 52
22 54
22 41
22 56
22 57
22 30
22 31
23 33
23 66
23 69
23 43
23 16
23 83
23 20
23 55
23 60
24 0
24 65
24 33
24 9
24 74
24 43
24 77
24 53
24 30
25 69
25 39
25 8
25 7
25 12
25 57
25 61
25 62
26 0
26 67
26 3
26 37
26 79
26 12
26 47
26 16
26 81
26 35
26 52
26 24
26 57
26 27
26 69
27 16
27 17
27 4
27 63
28 72
28 16
28 36
28 54
28 31
29 66
29 72
29 75
29 44
29 79
29 48
29 17
29 20
29 21
29 27
29 60
30 66
30 67
30 37
30 38
30 40
30 16
30 84
30 53
30 60
31 0
31 11
31 69
31 70
31 9
31 75
31 76
31 13
31 78
31 47
31 85
31 61
31 53
32 64
32 65
32 2
32 36
32 38
32 16
32 8
32 43
32 76
32 34
32 79
32 80
32 53
32 63
33 33
33 67
33 70
33 71
33 12
33 14
33 79
33 82
33 20
33 46
33 22
33 31
34 47
35 67
35 73
35 42
35 75
35 12
35 63
35 48
35 83
35 87
35 27
35 62
35 31
36 64
36 1
36 75
36 62
36 60
36 30
38 35
38 6
38 71
38 9
38 42
38 76
38 13
38 77
38 47
38 83
38 41
38 86
38 23
38 57
38 27
38 62
39 1
39 66
39 70
39 72
39 74
39 75
39 34
39 48
39 51
39 22
39 24
39 27
39 63
40 1
40 66
40 68
40 6
40 12
40 11
40 76
40 83
40 22
40 23
40 87
41 34
41 77
41 78
41 47
41 20
41 21
41 30
41 63
42 32
42 1
42 83
42 67
42 38
42 71
42 74
42 50
42 3
42 87
42 57
42 59
42 63
44 66
44 38
44 70
44 39
44 8
44 10
44 12
44 77
44 61
44 17
44 56
44 60
44 29
45 1
45 66
45 67
45 6
45 38
45 65
45 73
45 76
45 45
45 82
45 53
45 24
45 63
45 60
45 62
45 31
46 74
47 65
47 2
47 68
47 5
47 8
47 74
47 76
47 66
47 79
47 17
47 20
47 21
47 87
47 85
47 63
48 32
48 72
48 14
48 79
48 16
48 87
49 64
49 65
49 2
49 33
49 13
49 79
49 16
49 81
49 20
49 53
49 87
49 31
52 1
52 2
52 38
52 34
52 14
52 16
52 83
52 54
52 56
52 31
53 32
53 65
53 66
53 71
53 72
53 56
53 50
53 20
53 53
53 54
53 24
54 67
54 69
54 71
54 40
54 73
54 74
54 43
54 12
54 77
54 47
54 83
54 24
54 57
54 37
55 0
55 65
55 4
55 37
55 40
55 50
55 85
55 60
55 62
55 69
56 4
56 6
56 10
56 50
56 57
56 27
57 33
57 2
57 8
57 74
57 79
57 48
57 72
57 57
58 87
59 0
59 2
59 67
59 4
59 7
59 77
59 47
59 16
59 35
59 66
59 55
59 57
59 29
59 31
60 0
60 65
60 35
60 69
60 32
60 8
60 44
60 74
60 12
60 14
60 47
60 22
60 54
60 31
61 51
61 67
61 4
61 7
61 9
61 75
61 79
61 3
61 20
61 23
61 56
61 57
61 26
61 60
62 64
62 34
62 39
62 8
62 73
62 74
62 43
62 12
62 13
62 16
62 40
62 21
62 42
62 31
63 64
63 1
63 38
63 6
63 39
63 41
63 14
63 79
63 9
63 86
63 87
63 24
63 54
63 30
64 35
64 70
64 72
64 77
64 14
64 17
64 82
64 83
64 25
64 27
65 75
65 8
65 10
65 43
65 47
65 16
65 79
65 20
65 23
65 56
65 55
65 27
65 60
65 74
65 30
65 31
66 32
66 69
66 70
66 71
66 8
66 75
66 12
66 46
66 83
66 85
66 54
66 23
66 56
66 60
66 63
67 64
67 34
67 69
67 70
67 39
67 43
67 76
67 17
67 57
67 26
67 62
67 63
68 1
68 67
68 38
68 8
68 73
68 44
68 13
68 17
68 82
68 51
68 56
68 72
68 62
69 1
69 4
69 48
69 8
69 16
69 17
69 24
69 30
70 35
70 39
70 72
70 9
70 42
70 75
70 47
70 49
70 82
70 83
71 1
71 70
71 71
71 40
71 57
71 39
71 77
71 53
71 23
71 7
71 25
71 55
72 33
72 3
72 37
72 71
72 73
72 74
72 46
72 16
72 17
72 35
72 20
72 86
72 25
72 52
73 33
73 67
73 36
73 49
73 38
73 39
73 41
73 10
73 47
73 17
73 53
73 87
73 56
73 79
73 69
73 63
74 0
74 66
74 37
74 70
74 44
74 43
74 76
74 47
74 48
74 17
74 20
74 86
74 30
74 31
75 32
75 51
75 34
75 37
75 7
75 75
75 83
75 24
75 61
75 62
76 32
76 64
76 2
76 3
76 66
76 39
76 73
76 12
76 34
76 77
76 76
76 67
76 20
76 85
76 30
76 31
77 0
77 1
77 66
77 38
77 70
77 8
77 14
77 16
77 17
77 20
77 23
78 33
78 2
78 35
78 70
78 72
78 12
78 76
78 66
78 79
78 48
78 17
78 83
78 84
78 87
79 33
79 3
79 36
79 37
79 38
79 39
79 73
79 43
79 16
79 49
79 35
79 53
79 23
79 62
79 71
79 30
80 71
80 43
80 47
80 49
80 54
80 31
81 2
81 47
81 82
81 84
81 86
81 56
81 60
81 61
81 63
82 66
82 35
82 37
82 38
82 7
82 72
82 71
82 12
82 16
82 43
82 39
82 25
82 58
82 30
83 33
83 2
83 67
83 69
83 70
83 71
83 41
83 10
83 87
83 13
83 20
83 53
83 54
83 73
83 57
84 32
84 43
84 8
84 75
84 12
84 48
84 17
84 72
84 61
85 36
85 69
85 38
85 40
85 73
85 43
85 55
85 27
86 39
86 75
86 12
86 14
86 53
86 87
86 56
86 26
86 29
87 33
87 67
87 5
87 51
87 54
87 9
87 43
87 35
87 53
87 86
87 55
87 27
87 62
