88
1 33
1 66
1 6
1 38
1 40
1 50
1 56
1 30
3 64
3 66
3 35
3 69
3 70
3 40
3 41
3 67
3 73
3 72
3 75
3 3
3 20
3 22
3 55
3 84
3 79
3 86
3 30
3 31
5 32
5 2
5 35
5 70
5 72
5 49
5 30
7 33
7 2
7 67
7 4
7 38
7 6
7 65
7 40
7 70
7 79
7 49
7 20
7 53
7 86
7 55
7 24
7 57
7 56
7 60
7 30
7 31
8 2
8 3
8 6
8 20
8 24
8 25
8 35
8 41
8 45
8 52
8 55
8 57
8 60
8 64
8 65
8 66
8 67
8 69
8 72
8 75
8 79
8 86
9 3
9 6
9 20
9 24
9 30
9 31
9 33
9 35
9 37
9 40
9 41
9 45
9 49
9 52
9 53
9 56
9 60
9 65
9 66
9 67
9 75
9 79
10 2
10 35
10 37
10 38
10 39
10 72
10 45
10 40
10 86
10 56
10 24
10 60
10 31
11 67
11 4
11 79
11 53
11 55
11 24
11 30
13 32
13 2
13 3
13 37
13 6
13 40
13 75
13 66
13 79
13 19
13 86
13 55
13 38
13 30
13 31
15 66
15 35
15 4
15 69
15 70
15 39
15 86
16 2
16 3
16 20
16 24
16 30
16 31
16 32
16 33
16 37
16 38
16 39
16 40
16 41
16 45
16 52
16 55
16 56
16 60
16 66
16 67
16 72
16 75
20 35
20 38
20 39
20 72
20 75
20 79
20 49
20 20
20 53
20 56
20 28
21 66
21 75
21 4
21 37
21 6
21 39
21 72
21 41
21 70
21 45
21 79
21 20
21 53
21 86
21 55
21 56
21 52
21 69
21 60
21 30
21 31
22 65
22 6
22 70
22 40
22 41
22 75
22 79
22 56
22 20
22 53
22 55
22 24
22 38
22 31
26 32
26 33
26 2
26 35
26 66
26 37
26 70
26 40
26 75
26 45
26 48
26 56
26 67
26 52
26 53
26 86
26 24
26 30
26 63
27 64
27 67
27 4
27 37
27 38
27 45
27 3
27 20
27 86
27 55
27 56
27 52
27 63
27 31
28 65
28 2
28 67
28 4
28 37
28 6
28 39
28 72
28 60
28 70
28 66
28 19
28 52
28 86
28 71
28 38
28 28
28 30
28 69
30 2
30 3
30 4
30 6
30 39
30 40
30 73
30 45
30 79
30 56
30 67
30 53
30 24
32 32
32 84
32 70
32 3
32 4
32 38
32 6
32 40
32 41
32 45
32 49
32 67
32 69
32 86
32 56
32 24
32 57
32 72
32 60
32 30
32 31
33 33
33 2
33 38
33 70
33 75
33 79
33 53
33 55
33 24
33 31
34 24
34 30
34 31
34 33
34 37
34 38
34 39
34 40
34 41
34 45
34 49
34 53
34 55
34 56
34 63
34 65
34 66
34 71
34 72
34 75
34 80
34 86
36 84
36 67
36 3
36 4
36 37
36 6
36 71
36 40
36 41
36 45
36 72
36 19
36 20
36 55
36 56
36 52
36 38
36 70
36 30
36 69
38 2
38 35
38 69
38 6
38 71
38 41
38 45
38 79
38 49
38 3
38 20
38 86
38 73
38 70
38 30
41 2
41 35
41 4
41 37
41 6
41 39
41 72
41 45
41 82
41 67
41 86
41 69
41 56
41 57
41 70
41 30
41 63
42 64
42 65
42 35
42 37
42 6
42 39
42 41
42 75
42 79
42 49
42 50
42 86
42 55
42 57
42 28
43 33
43 2
43 35
43 6
43 41
43 45
43 20
43 55
43 24
43 31
44 32
44 33
44 3
44 72
44 38
44 39
44 40
44 75
44 45
44 79
44 49
44 35
44 20
44 53
44 22
44 55
44 56
44 52
44 30
44 84
46 33
46 2
46 67
46 66
46 37
46 70
46 39
46 40
46 41
46 79
46 45
46 60
46 56
46 86
46 24
46 72
46 63
46 28
46 69
46 31
47 35
47 4
47 37
47 40
47 41
47 55
47 79
47 20
47 86
47 23
47 24
47 25
47 28
47 69
47 31
48 32
48 67
48 69
48 6
48 39
48 35
48 55
48 24
48 37
51 65
51 2
51 3
51 37
51 70
51 40
51 41
51 79
51 67
51 53
51 55
51 24
51 38
53 3
53 37
53 6
53 41
53 75
53 56
53 52
53 86
53 55
53 24
53 38
53 30
53 31
54 2
54 3
54 4
54 6
54 19
54 23
54 24
54 30
54 31
54 33
54 40
54 41
54 45
54 52
54 53
54 55
54 57
54 60
54 65
54 67
54 75
54 79
54 86
56 2
56 35
56 41
56 66
56 79
56 82
56 23
56 25
56 30
56 31
57 33
57 75
57 67
57 86
58 33
58 67
58 69
58 72
58 41
58 75
58 79
58 40
58 3
58 56
58 60
59 33
59 2
59 6
59 38
59 40
59 56
59 86
59 24
59 60
59 63
61 3
61 4
61 6
61 19
61 20
61 24
61 28
61 30
61 31
61 37
61 39
61 40
61 41
61 45
61 55
61 56
61 57
61 60
61 64
61 67
61 75
61 86
62 65
62 2
62 35
62 4
62 37
62 70
62 39
62 72
62 67
62 45
62 49
62 3
62 55
62 60
62 30
62 69
65 2
65 20
65 24
65 30
65 31
65 32
65 33
65 35
65 37
65 38
65 39
65 40
65 49
65 53
65 55
65 56
65 67
65 72
65 73
65 79
65 82
65 86
66 2
66 69
66 6
66 41
66 75
66 66
66 79
66 86
66 56
67 32
67 33
67 2
67 3
67 37
67 38
67 39
67 41
67 75
67 66
67 56
67 35
67 52
67 23
67 24
67 70
67 30
67 65
68 64
68 66
68 67
68 69
68 70
68 49
68 72
68 75
68 2
68 79
68 40
68 35
68 37
68 31
69 19
69 35
69 6
69 39
69 40
69 49
69 67
69 53
69 55
69 24
72 64
72 33
72 3
72 4
72 37
72 6
72 40
72 41
72 75
72 48
72 49
72 35
72 20
72 24
72 38
72 69
72 31
74 32
74 33
74 2
74 3
74 70
74 39
74 40
74 41
74 64
74 60
74 49
74 19
74 20
74 53
74 56
74 24
74 25
74 79
74 28
74 30
74 63
75 4
75 38
75 6
75 75
75 79
75 30
75 31
76 2
76 6
76 19
76 22
76 30
76 33
76 35
76 37
76 38
76 39
76 41
76 45
76 52
76 53
76 55
76 56
76 57
76 60
76 65
76 67
76 69
76 75
76 86
77 2
77 6
77 38
77 39
77 41
77 75
77 45
77 79
77 49
77 52
77 53
77 86
77 55
77 69
77 31
78 65
78 2
78 3
78 4
78 37
78 38
78 40
78 41
78 45
78 79
78 49
78 67
78 52
78 66
78 73
78 55
78 24
78 56
78 86
78 69
78 31
79 2
79 3
79 4
79 6
79 20
79 31
79 35
79 38
79 41
79 50
79 52
79 55
79 56
79 60
79 64
79 67
79 69
79 71
79 72
79 73
79 75
79 79
81 2
81 3
81 19
81 20
81 24
81 30
81 31
81 33
81 35
81 39
81 41
81 45
81 49
81 52
81 57
81 63
81 64
81 66
81 67
81 69
81 82
81 86
82 64
82 84
82 66
82 35
82 37
82 6
82 39
82 75
82 56
82 3
82 20
82 24
82 52
82 38
82 69
83 35
83 39
83 40
83 75
83 45
83 79
83 49
83 84
83 56
83 63
83 30
83 31
86 64
86 33
86 2
86 3
86 37
86 6
86 65
86 40
86 41
86 67
86 66
86 80
86 49
86 75
86 35
86 20
86 55
86 52
86 60
86 30
86 31
87 33
87 66
87 35
87 6
87 38
87 39
87 41
87 75
87 45
87 79
87 49
87 67
87 84
87 53
87 73
87 55
87 86
87 60
87 69
87 31
