88
0 1
0 2
0 20
0 25
0 30
0 31
0 32
0 36
0 37
0 38
0 40
0 41
0 43
0 44
0 45
0 47
0 49
0 50
0 63
0 64
0 65
0 67
0 70
0 72
0 73
0 74
0 77
3 0
3 3
3 20
3 22
3 23
3 25
3 30
3 32
3 33
3 35
3 36
3 37
3 38
3 39
3 40
3 41
3 44
3 47
3 49
3 50
3 52
3 55
3 61
3 64
3 67
3 72
3 73
3 76
3 77
6 64
6 67
6 37
6 41
6 42
6 27
7 0
7 1
7 20
7 23
7 25
7 26
7 27
7 31
7 33
7 36
7 38
7 39
7 40
7 41
7 42
7 43
7 46
7 47
7 49
7 52
7 57
7 63
7 64
7 71
7 72
7 73
7 74
7 76
7 77
7 79
8 1
8 2
8 3
8 20
8 25
8 26
8 27
8 31
8 32
8 33
8 36
8 38
8 39
8 40
8 41
8 43
8 47
8 52
8 53
8 63
8 64
8 67
8 70
8 72
8 73
8 74
8 75
8 77
8 83
8 84
8 87
9 1
9 2
9 3
9 16
9 20
9 23
9 25
9 31
9 32
9 33
9 35
9 36
9 37
9 38
9 40
9 41
9 42
9 43
9 44
9 46
9 47
9 48
9 49
9 50
9 52
9 63
9 64
9 65
9 66
9 67
9 70
9 74
9 77
9 79
9 80
9 83
10 0
10 1
10 2
10 3
10 20
10 22
10 23
10 25
10 27
10 29
10 31
10 33
10 35
10 37
10 38
10 39
10 42
10 43
10 44
10 49
10 52
10 63
10 70
10 71
10 72
10 74
10 77
10 79
10 84
10 86
11 0
11 1
11 3
11 16
11 17
11 27
11 32
11 33
11 36
11 37
11 38
11 39
11 41
11 43
11 45
11 47
11 48
11 52
11 61
11 63
11 64
11 67
11 70
11 71
11 74
11 75
11 76
11 77
11 83
11 84
11 87
12 0
12 1
12 20
12 23
12 24
12 25
12 27
12 31
12 32
12 35
12 36
12 37
12 38
12 39
12 40
12 42
12 43
12 44
12 45
12 47
12 50
12 52
12 55
12 63
12 64
12 66
12 67
12 70
12 71
12 74
12 76
12 77
12 83
13 1
13 3
13 17
13 20
13 23
13 25
13 26
13 27
13 32
13 33
13 35
13 36
13 37
13 38
13 39
13 40
13 42
13 45
13 47
13 49
13 51
13 52
13 63
13 64
13 65
13 67
13 70
13 72
13 73
13 74
13 76
13 77
13 80
15 0
15 1
15 3
15 5
15 20
15 26
15 27
15 31
15 32
15 33
15 34
15 35
15 36
15 37
15 38
15 39
15 40
15 41
15 42
15 43
15 46
15 47
15 50
15 52
15 63
15 66
15 67
15 70
15 72
15 74
15 75
15 76
15 77
15 79
15 86
15 87
16 0
16 2
16 20
16 22
16 23
16 24
16 25
16 31
16 32
16 33
16 35
16 36
16 37
16 38
16 40
16 41
16 43
16 47
16 48
16 49
16 50
16 63
16 64
16 66
16 70
16 71
16 72
16 74
16 77
16 79
16 83
16 84
18 0
18 1
18 2
18 20
18 22
18 23
18 25
18 27
18 31
18 33
18 35
18 36
18 37
18 39
18 41
18 44
18 45
18 47
18 49
18 50
18 57
18 59
18 64
18 67
18 70
18 72
18 73
18 74
18 76
18 79
18 83
18 86
19 0
19 1
19 2
19 3
19 20
19 23
19 25
19 27
19 31
19 32
19 35
19 36
19 37
19 38
19 41
19 42
19 43
19 44
19 45
19 47
19 50
19 57
19 63
19 66
19 67
19 71
19 72
19 74
19 76
19 77
19 79
19 83
19 86
21 2
21 3
21 27
21 31
21 35
21 36
21 39
21 40
21 41
21 43
21 44
21 47
21 48
21 49
21 50
21 64
21 70
21 72
21 73
21 76
21 77
21 79
24 64
24 2
24 3
24 70
24 71
24 72
24 63
24 39
24 77
24 50
24 25
24 27
24 31
28 0
28 32
28 34
28 3
28 37
28 38
28 39
28 41
28 74
28 43
28 76
28 47
28 50
28 52
28 25
28 27
28 31
50 32
50 33
50 2
50 3
50 38
50 39
50 41
50 42
50 43
50 77
50 47
50 49
50 35
50 86
50 23
50 67
50 59
50 74
50 63
56 0
56 1
56 2
56 3
56 5
56 20
56 23
56 25
56 27
56 31
56 32
56 33
56 35
56 36
56 37
56 38
56 39
56 40
56 41
56 43
56 46
56 47
56 48
56 49
56 50
56 52
56 55
56 59
56 64
56 70
56 73
56 74
56 75
56 76
56 81
56 86
56 87
58 0
58 2
58 3
58 5
58 20
58 23
58 27
58 30
58 31
58 33
58 35
58 36
58 37
58 38
58 39
58 40
58 41
58 42
58 44
58 45
58 47
58 49
58 50
58 52
58 55
58 59
58 61
58 63
58 65
58 70
58 71
58 72
58 73
58 74
58 75
58 77
58 79
58 80
58 84
59 0
59 1
59 3
59 5
59 17
59 27
59 32
59 35
59 36
59 39
59 40
59 43
59 46
59 47
59 49
59 50
59 51
59 52
59 61
59 63
59 64
59 67
59 70
59 71
59 72
59 73
59 74
59 75
59 84
59 86
59 87
60 0
60 2
60 3
60 5
60 20
60 23
60 31
60 32
60 33
60 35
60 37
60 39
60 40
60 41
60 42
60 43
60 49
60 50
60 52
60 55
60 63
60 67
60 70
60 71
60 73
60 74
60 79
60 80
60 83
60 86
62 1
62 2
62 20
62 23
62 25
62 26
62 27
62 31
62 33
62 36
62 37
62 38
62 41
62 42
62 44
62 49
62 52
62 67
62 70
62 71
62 72
62 73
62 77
62 79
62 80
62 84
62 86
62 87
64 0
64 1
64 2
64 3
64 20
64 25
64 27
64 31
64 32
64 33
64 35
64 37
64 38
64 40
64 43
64 47
64 49
64 50
64 52
64 63
64 66
64 70
64 71
64 72
64 74
64 76
64 77
64 79
64 80
64 84
65 1
65 67
65 36
65 38
65 35
65 72
65 73
65 43
65 77
65 40
65 3
65 24
65 31
67 0
67 1
67 2
67 23
67 25
67 29
67 33
67 36
67 37
67 38
67 41
67 42
67 43
67 49
67 50
67 51
67 52
67 61
67 63
67 64
67 66
67 70
67 71
67 72
67 74
67 86
68 0
68 1
68 2
68 3
68 4
68 23
68 24
68 25
68 27
68 32
68 33
68 35
68 36
68 37
68 39
68 40
68 41
68 42
68 45
68 47
68 49
68 50
68 52
68 57
68 59
68 63
68 64
68 65
68 66
68 67
68 72
68 73
68 74
68 76
68 77
68 79
68 84
68 86
78 0
78 2
78 3
78 4
78 5
78 20
78 23
78 24
78 25
78 26
78 30
78 31
78 33
78 35
78 37
78 38
78 39
78 40
78 41
78 42
78 43
78 44
78 47
78 49
78 50
78 53
78 55
78 57
78 59
78 63
78 64
78 67
78 70
78 73
78 79
78 80
82 0
82 1
82 2
82 5
82 17
82 20
82 23
82 25
82 26
82 27
82 30
82 31
82 33
82 35
82 36
82 37
82 38
82 39
82 40
82 42
82 43
82 44
82 46
82 47
82 48
82 49
82 51
82 52
82 55
82 64
82 65
82 66
82 67
82 72
82 73
82 74
82 75
82 77
82 80
82 86
82 87
85 0
85 1
85 2
85 3
85 5
85 17
85 20
85 22
85 23
85 25
85 27
85 31
85 32
85 33
85 35
85 37
85 38
85 39
85 40
85 42
85 44
85 45
85 46
85 47
85 49
85 50
85 51
85 52
85 59
85 63
85 64
85 65
85 67
85 70
85 72
85 74
85 77
85 79
85 84
85 86
85 87
