88
0 0
0 36
0 39
0 72
0 76
0 13
0 80
0 81
0 50
0 52
0 22
0 87
0 56
0 57
0 59
0 31
1 32
1 2
1 36
1 69
1 9
1 55
1 51
1 22
1 87
1 25
2 6
2 7
2 10
2 80
2 81
2 18
2 86
2 23
2 59
2 63
3 1
3 66
3 36
3 6
3 81
3 41
3 10
3 87
3 45
3 49
3 50
3 53
3 73
3 57
3 26
3 60
4 9
4 50
4 59
4 57
5 3
5 36
5 7
5 72
5 41
5 71
5 12
5 45
5 80
5 81
5 82
5 67
5 84
5 25
5 4
6 66
6 3
6 7
6 72
6 74
6 35
6 53
6 86
6 25
6 10
7 81
7 51
7 45
7 38
7 39
8 32
8 67
8 5
8 11
8 76
8 19
8 52
8 85
8 55
8 26
8 31
9 32
9 37
9 9
9 11
9 44
9 51
9 54
9 63
9 61
9 31
10 32
10 80
10 68
10 37
10 38
10 44
10 82
10 48
10 49
10 50
10 53
10 54
10 57
10 56
10 25
10 6
10 70
11 24
11 73
11 12
11 69
11 54
12 0
12 32
12 34
12 86
12 65
12 64
12 73
12 10
12 12
12 45
12 78
12 49
12 54
12 61
12 30
13 67
13 36
13 69
13 71
13 72
13 73
13 16
13 52
13 85
13 55
13 24
13 26
13 37
15 66
15 22
15 71
15 8
15 39
15 44
15 86
15 55
15 24
15 25
15 59
15 63
16 31
17 69
17 54
17 77
18 25
19 0
19 32
19 5
19 38
19 7
19 64
19 12
19 80
19 17
19 19
19 52
19 53
19 55
19 56
19 49
19 81
19 63
20 69
21 32
21 2
21 36
21 37
21 42
21 43
21 12
21 16
21 49
21 18
21 19
21 87
21 24
21 57
21 59
21 31
22 71
22 9
22 54
22 25
22 61
22 31
23 33
23 2
23 3
23 36
23 65
23 73
23 10
23 17
23 50
23 53
23 86
23 25
23 27
23 74
23 63
24 49
24 6
24 39
24 72
24 17
24 51
24 61
25 70
26 49
26 19
26 78
27 33
27 5
27 6
27 39
27 9
27 10
27 77
27 79
27 56
27 19
27 52
27 53
27 24
27 81
27 42
27 69
28 22
29 43
29 69
29 10
29 11
29 22
29 87
29 24
29 55
29 31
30 34
30 59
30 39
30 41
30 42
30 44
30 66
30 18
30 19
30 86
30 87
30 57
30 26
30 27
30 31
31 1
31 5
31 39
31 72
31 9
31 10
31 87
31 81
31 19
31 74
31 86
31 55
31 56
31 26
31 61
32 64
32 67
32 37
32 81
32 7
32 8
32 74
32 12
32 45
32 49
32 50
32 20
32 57
32 26
32 69
33 64
33 32
33 68
33 10
33 18
33 25
33 61
33 31
34 64
34 1
34 75
34 5
34 33
34 73
34 42
34 7
34 12
34 50
34 74
34 55
34 56
34 71
34 61
35 51
35 67
35 3
35 36
35 54
35 65
35 7
35 73
35 44
35 80
35 19
35 85
35 22
35 26
35 59
35 63
36 36
36 5
36 8
36 75
36 45
36 55
36 26
36 30
36 31
37 32
37 2
37 6
37 9
37 42
37 11
37 17
37 51
37 57
37 60
38 65
38 36
38 69
38 71
38 9
38 74
38 44
38 49
38 18
38 19
38 24
38 57
40 86
41 68
42 9
42 11
42 85
42 38
42 71
43 36
43 5
43 6
43 71
43 72
43 42
43 39
43 51
43 52
43 87
43 60
44 32
44 67
44 36
44 8
44 44
44 12
44 81
44 82
44 52
44 55
44 57
44 60
45 56
45 65
45 10
45 60
45 6
46 2
46 68
46 7
46 72
46 11
46 12
46 45
46 80
46 49
46 60
46 61
46 31
47 33
47 3
47 68
47 38
47 6
47 49
47 10
47 77
47 17
47 19
47 53
47 86
47 23
47 57
47 27
47 61
47 69
47 51
48 64
48 2
48 12
48 77
48 78
48 45
48 59
48 63
49 49
49 85
49 63
50 5
50 6
50 71
50 38
50 9
50 74
50 11
50 45
50 17
50 18
50 52
50 73
50 23
50 24
50 25
50 27
50 63
51 51
51 36
51 38
51 73
51 55
51 44
51 19
51 22
51 87
51 63
52 68
52 70
52 74
52 76
52 57
52 26
52 63
52 60
52 31
53 64
53 2
53 3
53 36
53 37
53 7
53 73
53 13
53 34
53 50
53 18
53 19
53 52
53 87
53 68
53 31
54 73
55 48
56 69
56 86
57 8
57 16
57 10
57 67
57 17
58 1
58 51
58 7
58 41
58 10
58 71
58 12
58 45
58 56
58 19
58 54
58 24
58 59
58 60
58 61
58 63
60 74
60 59
60 87
61 67
61 69
61 6
61 71
61 8
61 39
61 18
61 52
61 85
61 61
62 25
62 10
62 82
64 64
64 2
64 72
64 9
64 74
64 43
64 12
64 77
64 16
64 17
64 52
64 53
64 54
64 73
64 56
64 87
64 30
64 31
65 67
65 39
65 42
65 81
65 52
65 55
65 57
65 59
65 60
66 3
66 82
66 69
66 38
66 8
66 74
66 13
66 50
66 19
66 85
66 86
66 55
66 57
66 26
66 61
67 64
67 66
67 35
67 69
67 39
67 72
67 74
67 43
67 44
67 46
67 50
67 53
67 54
67 55
67 7
67 87
68 3
68 5
68 38
68 71
68 72
68 41
68 10
68 13
68 45
68 16
68 35
68 52
68 53
68 56
68 25
68 42
68 37
69 51
69 67
69 36
69 38
69 7
69 40
69 9
69 42
69 71
69 56
69 19
69 23
69 24
69 61
69 63
70 0
70 32
70 34
70 67
70 5
70 41
70 10
70 87
70 44
70 50
70 78
70 17
70 18
70 51
70 86
70 55
70 60
71 2
71 35
71 68
71 37
71 6
71 8
71 42
71 11
71 44
71 66
71 50
71 19
71 22
71 55
71 27
72 1
72 35
72 69
72 9
72 11
72 78
72 18
72 31
73 1
73 34
73 3
73 5
73 6
73 71
73 72
73 10
73 11
73 13
73 17
73 51
73 85
73 25
73 38
73 42
73 37
74 49
74 70
74 6
74 81
74 74
74 45
74 17
74 56
74 24
74 57
74 26
74 63
75 0
75 2
75 3
75 69
75 39
75 8
75 55
75 12
75 17
75 51
75 52
75 53
75 86
75 23
75 57
75 26
76 74
76 4
76 69
76 8
76 10
76 43
76 49
76 51
76 52
76 53
76 55
76 56
76 68
76 26
76 42
76 72
77 0
77 51
77 67
77 5
77 38
77 7
77 72
77 44
77 43
77 12
77 17
77 50
77 19
77 57
77 60
77 69
77 37
78 34
78 3
78 37
78 38
78 39
78 72
78 11
78 79
78 75
78 20
78 53
78 86
78 87
78 25
78 63
78 70
78 30
78 52
79 32
79 33
79 71
79 36
79 5
79 7
79 74
79 55
79 45
79 17
79 22
79 23
79 26
79 86
79 61
79 37
80 79
80 67
80 82
80 38
80 72
80 44
80 10
80 12
80 13
80 61
80 81
80 50
80 51
80 52
80 53
80 86
80 27
80 42
80 30
81 2
81 3
81 68
81 37
81 6
81 39
81 75
81 9
81 11
81 49
81 17
81 50
81 53
81 22
81 73
81 26
81 59
81 69
82 64
82 59
82 6
82 38
82 39
82 63
82 10
82 75
82 13
82 46
82 67
82 85
82 22
82 56
82 54
82 60
82 37
83 37
83 30
85 64
85 68
85 37
85 70
85 12
85 78
85 16
85 51
85 27
86 64
86 65
86 34
86 86
86 71
86 11
86 78
86 51
86 85
86 22
86 87
86 24
86 5
87 35
87 68
87 69
87 39
87 50
87 51
87 52
87 86
87 55
87 31
