88
0 1
0 42
0 13
0 86
0 61
0 62
1 3
1 61
1 62
1 63
2 0
2 38
2 42
2 46
2 50
2 51
2 22
2 63
2 61
2 31
5 83
5 3
5 68
5 39
5 72
5 63
5 42
5 43
5 51
5 53
5 86
5 23
5 27
5 74
5 62
5 31
6 0
6 5
6 13
6 22
6 23
6 33
6 35
6 38
6 39
6 42
6 49
6 50
6 51
6 61
6 62
6 63
6 67
6 70
6 74
6 75
6 76
6 85
6 86
7 0
7 1
7 4
7 5
7 13
7 21
7 22
7 23
7 26
7 38
7 39
7 40
7 41
7 42
7 43
7 44
7 46
7 47
7 50
7 56
7 57
7 60
7 61
7 62
7 63
7 73
7 74
7 75
7 86
7 87
8 0
8 5
8 13
8 21
8 22
8 23
8 24
8 26
8 27
8 31
8 38
8 41
8 42
8 43
8 50
8 51
8 54
8 57
8 60
8 61
8 62
8 63
8 67
8 74
8 75
8 85
8 86
9 66
9 3
9 82
9 54
9 38
9 74
9 75
9 76
9 13
9 87
9 17
9 50
9 51
9 85
9 22
9 23
9 56
9 26
9 61
9 62
10 75
10 4
10 13
10 22
10 23
11 1
11 3
11 4
11 5
11 13
11 22
11 23
11 25
11 26
11 32
11 38
11 42
11 43
11 45
11 47
11 51
11 52
11 54
11 60
11 61
11 62
11 63
11 64
11 65
11 66
11 68
11 71
11 74
11 75
11 87
12 0
12 5
12 17
12 22
12 25
12 27
12 33
12 38
12 40
12 42
12 43
12 46
12 47
12 50
12 51
12 54
12 60
12 61
12 62
12 63
12 64
12 65
12 67
12 69
12 70
12 73
12 74
12 75
12 77
12 85
12 86
14 65
14 66
14 68
14 86
14 38
14 39
14 43
14 49
14 50
14 22
14 56
14 26
14 63
14 61
14 62
14 31
16 0
16 35
16 5
16 38
16 74
16 43
16 13
16 50
16 22
16 23
16 57
16 26
16 86
16 62
18 0
18 5
18 13
18 22
18 26
18 27
18 39
18 40
18 41
18 42
18 43
18 44
18 50
18 51
18 52
18 56
18 61
18 62
18 63
18 70
18 73
18 74
18 75
18 76
18 83
20 33
20 22
20 38
20 41
20 74
20 43
20 44
20 46
20 61
20 86
20 70
20 42
20 63
21 0
21 1
21 3
21 82
21 5
21 33
21 63
21 42
21 43
21 44
21 77
21 71
21 50
21 51
21 22
21 23
21 24
21 26
21 27
21 62
21 31
24 5
24 38
25 1
25 82
25 43
25 13
28 0
28 3
28 5
28 13
28 22
28 23
28 24
28 26
28 31
28 38
28 40
28 43
28 45
28 46
28 50
28 51
28 60
28 61
28 62
28 63
28 66
28 67
28 71
28 74
28 75
28 76
28 81
28 85
28 86
28 87
29 0
29 3
29 5
29 13
29 21
29 23
29 38
29 39
29 40
29 42
29 43
29 49
29 50
29 51
29 53
29 62
29 63
29 65
29 66
29 68
29 71
29 72
29 78
29 82
29 86
30 3
30 4
30 5
30 13
30 21
30 22
30 23
30 27
30 31
30 33
30 38
30 39
30 42
30 44
30 50
30 56
30 61
30 62
30 63
30 67
30 70
30 72
30 73
30 74
30 77
30 81
30 83
30 85
30 86
30 87
31 51
31 3
31 21
31 23
33 68
33 4
33 86
33 72
33 43
33 50
33 22
33 87
33 25
33 26
33 61
33 62
33 63
34 0
34 3
34 5
34 13
34 22
34 23
34 26
34 38
34 39
34 41
34 42
34 43
34 50
34 51
34 52
34 61
34 62
34 63
34 65
34 67
34 71
34 74
34 76
34 77
34 82
34 86
35 1
35 5
35 43
35 13
35 81
35 50
35 51
35 85
35 22
35 63
36 0
36 1
36 3
36 4
36 5
36 13
36 21
36 22
36 23
36 26
36 38
36 41
36 43
36 44
36 45
36 47
36 50
36 51
36 52
36 57
36 60
36 61
36 62
36 63
36 64
36 65
36 67
36 74
36 76
36 82
36 86
37 0
37 1
37 3
37 4
37 5
37 13
37 26
37 38
37 40
37 41
37 43
37 44
37 50
37 51
37 62
37 63
37 68
37 69
37 73
37 74
37 76
37 77
37 82
37 83
37 87
38 40
38 50
38 74
38 23
41 0
41 66
41 38
41 39
41 74
41 13
41 61
41 50
41 51
41 22
41 23
41 57
41 42
41 62
43 49
43 23
44 61
44 38
45 17
45 51
45 63
45 38
45 23
46 0
46 33
46 3
46 70
46 65
46 39
46 43
46 76
46 13
46 80
46 81
46 50
46 51
46 22
46 23
46 75
46 62
47 86
47 42
47 43
47 50
47 51
47 22
47 63
47 61
47 62
47 5
48 0
48 3
48 5
48 13
48 21
48 22
48 23
48 26
48 27
48 38
48 39
48 40
48 41
48 42
48 43
48 44
48 47
48 50
48 51
48 52
48 53
48 61
48 62
48 63
48 64
48 67
48 68
48 74
48 76
48 85
48 86
48 87
49 4
49 5
49 43
49 76
49 13
49 50
49 51
49 23
49 61
49 63
51 0
51 38
51 39
51 75
51 44
51 13
51 51
51 52
51 23
51 62
51 63
53 72
53 50
53 5
53 22
53 23
57 0
57 1
57 3
57 13
57 22
57 23
57 25
57 26
57 38
57 40
57 42
57 50
57 57
57 60
57 62
57 63
57 67
57 69
57 72
57 73
57 74
57 75
57 86
58 50
58 69
58 22
58 63
59 0
59 1
59 43
59 5
59 38
59 33
59 64
59 39
59 13
59 85
59 86
59 23
59 25
59 27
59 60
59 61
59 62
62 0
62 3
62 38
62 74
62 76
62 13
62 47
62 22
62 31
63 74
63 50
63 13
63 62
63 63
66 0
66 1
66 66
66 4
66 54
66 38
66 39
66 74
66 43
66 86
66 50
66 83
66 22
66 55
66 24
66 57
66 26
66 70
66 61
66 62
66 63
67 0
67 5
67 13
67 22
67 23
67 25
67 27
67 38
67 39
67 42
67 43
67 44
67 46
67 50
67 51
67 61
67 64
67 67
67 68
67 74
67 75
67 82
68 0
68 1
68 54
68 74
68 43
68 13
68 50
68 51
68 22
68 23
68 24
68 61
68 62
68 63
69 0
69 1
69 3
69 5
69 38
69 43
69 13
69 78
69 50
69 67
69 85
69 22
69 23
69 27
69 61
69 62
69 63
70 67
70 86
70 38
70 40
70 75
70 13
70 43
70 51
70 53
70 22
70 26
70 61
71 3
71 4
71 5
71 72
71 42
71 43
71 13
71 50
71 67
71 53
71 22
71 23
71 68
71 86
71 61
71 85
71 31
72 1
72 67
72 4
72 71
72 44
72 13
72 51
72 62
72 31
73 51
73 22
76 3
76 86
76 43
76 13
76 51
76 22
76 23
76 26
76 63
76 31
77 26
77 62
78 27
78 13
78 62
78 63
79 0
79 1
79 3
79 5
79 13
79 21
79 22
79 23
79 24
79 38
79 39
79 42
79 49
79 50
79 51
79 61
79 62
79 63
79 66
79 67
79 68
79 69
79 70
79 74
79 75
80 0
80 1
80 66
80 3
80 68
80 69
80 38
80 49
80 40
80 43
80 76
80 13
80 71
80 17
80 23
80 24
80 26
80 27
80 61
80 62
80 63
82 62
82 13
82 22
86 0
86 75
86 68
86 38
86 40
86 42
86 43
86 44
86 13
86 50
86 74
86 23
86 26
86 63
86 61
86 62
86 31
87 3
87 4
87 5
87 13
87 22
87 23
87 26
87 33
87 38
87 43
87 50
87 51
87 57
87 61
87 62
87 63
87 66
87 71
87 72
87 74
87 75
87 83
87 86
