88
1 0
1 1
1 3
1 5
1 6
1 13
1 15
1 27
1 29
1 34
1 35
1 37
1 38
1 39
1 43
1 46
1 48
1 49
1 50
1 55
1 62
1 63
1 67
1 73
1 82
1 83
1 86
2 0
2 1
2 3
2 5
2 6
2 13
2 15
2 27
2 29
2 34
2 35
2 37
2 38
2 43
2 46
2 49
2 54
2 55
2 62
2 63
2 67
2 73
2 82
2 83
2 86
4 0
4 1
4 3
4 5
4 6
4 13
4 15
4 27
4 29
4 34
4 35
4 39
4 43
4 46
4 49
4 50
4 55
4 62
4 63
4 67
4 73
4 82
4 83
4 86
7 0
7 1
7 34
7 67
7 5
7 6
7 73
7 43
7 82
7 46
7 15
7 49
7 50
7 54
7 55
7 86
7 29
7 62
7 37
8 0
8 34
8 43
8 50
8 29
9 0
9 1
9 6
9 43
9 15
9 49
9 82
9 29
10 0
10 1
10 34
10 67
10 5
10 6
10 73
10 43
10 82
10 46
10 15
10 49
10 50
10 54
10 55
10 27
10 86
10 29
10 62
11 0
11 1
11 34
11 67
11 5
11 6
11 73
11 43
11 82
11 46
11 15
11 49
11 50
11 86
11 55
11 29
11 62
12 0
12 1
12 34
12 67
12 82
12 5
12 6
12 43
12 13
12 46
12 15
12 49
12 50
12 86
12 55
12 29
12 62
13 0
13 1
13 3
13 5
13 6
13 13
13 15
13 27
13 29
13 34
13 35
13 37
13 43
13 48
13 49
13 50
13 54
13 55
13 62
13 63
13 67
13 73
13 82
13 83
13 86
16 49
16 34
16 43
16 15
17 0
17 1
17 3
17 5
17 6
17 13
17 15
17 27
17 29
17 34
17 37
17 43
17 46
17 48
17 49
17 50
17 54
17 55
17 62
17 63
17 67
17 73
17 83
17 86
19 0
19 1
19 3
19 5
19 6
19 13
19 15
19 27
19 29
19 34
19 35
19 37
19 38
19 39
19 43
19 46
19 48
19 49
19 50
19 54
19 55
19 62
19 63
19 67
19 73
19 82
19 83
19 86
20 0
20 1
20 3
20 5
20 6
20 13
20 15
20 27
20 29
20 34
20 35
20 37
20 38
20 39
20 43
20 46
20 49
20 50
20 54
20 55
20 63
20 67
20 73
20 82
20 83
20 86
21 43
23 0
23 1
23 5
23 6
23 13
23 15
23 27
23 29
23 34
23 35
23 37
23 38
23 39
23 43
23 46
23 48
23 49
23 50
23 54
23 55
23 62
23 63
23 67
23 73
23 82
23 86
24 0
24 1
24 34
24 67
24 5
24 6
24 43
24 15
24 49
24 50
24 29
24 62
28 0
28 1
28 3
28 5
28 6
28 13
28 15
28 27
28 29
28 34
28 35
28 37
28 38
28 39
28 43
28 46
28 48
28 49
28 50
28 54
28 55
28 62
28 63
28 67
28 73
28 82
28 83
28 86
30 0
30 1
30 3
30 5
30 6
30 15
30 29
30 34
30 37
30 38
30 39
30 43
30 46
30 48
30 49
30 50
30 54
30 55
30 62
30 63
30 67
30 73
30 82
30 83
30 86
31 0
31 1
31 3
31 5
31 6
31 13
31 15
31 27
31 29
31 34
31 35
31 37
31 39
31 43
31 46
31 48
31 49
31 50
31 54
31 55
31 62
31 63
31 67
31 73
31 82
31 83
31 86
32 0
32 1
32 34
32 5
32 6
32 43
32 15
32 82
33 0
33 1
33 34
33 67
33 82
33 5
33 6
33 73
33 43
33 13
33 46
33 49
33 50
33 86
33 29
40 0
40 1
40 3
40 5
40 6
40 13
40 15
40 27
40 29
40 34
40 38
40 39
40 43
40 46
40 49
40 50
40 54
40 55
40 62
40 63
40 67
40 73
40 82
40 83
40 86
41 0
41 1
41 34
41 67
41 5
41 6
41 73
41 43
41 82
41 15
41 49
41 50
41 54
41 55
41 86
41 29
41 62
42 0
42 1
42 3
42 5
42 6
42 13
42 15
42 27
42 29
42 34
42 35
42 37
42 39
42 43
42 46
42 49
42 50
42 54
42 55
42 62
42 63
42 67
42 73
42 82
42 83
42 86
44 1
44 34
44 3
44 6
44 43
44 46
44 15
44 49
44 82
44 29
45 0
45 1
45 34
45 67
45 5
45 6
45 73
45 43
45 82
45 46
45 15
45 49
45 50
45 54
45 55
45 86
45 29
47 0
47 1
47 3
47 5
47 6
47 13
47 15
47 27
47 29
47 34
47 35
47 37
47 38
47 39
47 43
47 46
47 48
47 49
47 50
47 54
47 55
47 62
47 63
47 67
47 73
47 82
47 83
47 86
52 1
52 43
56 0
56 1
56 6
56 43
56 15
56 49
56 82
56 29
57 0
57 1
57 34
57 67
57 82
57 5
57 6
57 73
57 43
57 13
57 46
57 15
57 49
57 50
57 83
57 86
57 55
57 29
57 62
57 63
58 0
58 1
58 34
58 67
58 6
58 73
58 43
58 82
58 46
58 15
58 49
58 50
58 83
58 86
58 55
58 29
58 62
60 0
60 34
60 5
60 6
60 73
60 43
60 46
60 49
60 86
60 29
64 1
64 15
66 0
66 1
66 3
66 5
66 6
66 13
66 15
66 27
66 29
66 34
66 35
66 37
66 38
66 39
66 43
66 46
66 48
66 49
66 50
66 54
66 55
66 62
66 63
66 67
66 73
66 82
66 83
66 86
67 0
67 1
67 3
67 5
67 6
67 13
67 15
67 27
67 29
67 34
67 37
67 38
67 39
67 43
67 46
67 48
67 49
67 50
67 54
67 55
67 62
67 63
67 67
67 73
67 82
67 83
67 86
69 0
69 1
69 3
69 5
69 6
69 13
69 15
69 27
69 29
69 34
69 35
69 37
69 38
69 39
69 43
69 46
69 48
69 49
69 50
69 55
69 62
69 63
69 67
69 73
69 82
69 86
70 0
70 1
70 3
70 5
70 6
70 15
70 27
70 29
70 34
70 37
70 38
70 39
70 43
70 46
70 49
70 50
70 54
70 55
70 62
70 67
70 73
70 82
70 83
70 86
71 0
71 1
71 34
71 82
71 5
71 6
71 73
71 43
71 13
71 46
71 15
71 49
71 50
71 54
71 55
71 29
71 62
71 63
72 0
72 1
72 3
72 5
72 6
72 13
72 15
72 27
72 29
72 34
72 35
72 37
72 38
72 39
72 43
72 46
72 48
72 49
72 50
72 54
72 55
72 62
72 63
72 67
72 73
72 82
72 83
72 86
73 0
73 1
73 3
73 5
73 6
73 13
73 15
73 27
73 29
73 34
73 35
73 37
73 39
73 43
73 46
73 48
73 49
73 50
73 54
73 55
73 62
73 63
73 67
73 73
73 82
73 83
73 86
74 0
74 1
74 34
74 5
74 6
74 73
74 43
74 82
74 46
74 15
74 49
74 50
74 54
74 86
74 62
75 0
75 43
75 5
75 15
76 0
76 1
76 3
76 5
76 6
76 13
76 15
76 27
76 29
76 34
76 35
76 37
76 38
76 39
76 43
76 46
76 48
76 49
76 50
76 54
76 55
76 62
76 63
76 67
76 73
76 82
76 83
76 86
77 0
77 1
77 34
77 67
77 5
77 6
77 73
77 43
77 82
77 46
77 15
77 50
77 54
77 55
77 86
77 29
77 62
78 1
78 34
78 43
78 29
78 15
79 0
79 1
79 34
79 6
79 15
79 49
80 0
80 1
80 34
80 67
80 5
80 6
80 73
80 43
80 82
80 46
80 15
80 49
80 50
80 86
80 55
80 29
80 62
84 0
87 0
87 1
87 34
87 67
87 5
87 6
87 73
87 82
87 46
87 15
87 49
87 50
87 86
87 55
87 29
87 62
87 37
