88
0 2
0 37
0 7
0 11
0 12
0 13
0 78
0 77
0 17
0 19
0 14
0 24
0 60
1 2
1 81
1 9
1 11
1 13
1 14
1 77
1 17
1 19
1 78
1 23
1 24
1 27
1 60
1 63
3 81
3 9
3 74
3 7
3 13
3 78
3 17
3 27
3 60
3 63
4 17
4 7
4 74
4 12
4 77
4 78
4 13
4 81
4 14
4 23
4 24
4 27
4 60
4 63
6 17
6 7
6 9
6 74
6 11
6 12
6 13
6 78
6 81
6 27
6 63
8 2
8 17
8 37
8 7
8 9
8 74
8 12
8 14
8 81
8 78
8 23
8 24
8 27
8 60
8 63
9 2
9 37
9 7
9 9
9 74
9 11
9 12
9 13
9 14
9 17
9 78
9 27
9 60
9 63
10 37
10 7
10 9
10 74
10 11
10 13
10 14
10 77
10 17
10 78
10 24
10 27
10 60
10 63
16 7
16 13
16 14
16 17
16 78
16 60
17 2
17 7
17 9
17 74
17 11
17 13
17 78
17 81
17 24
17 58
17 27
17 60
17 63
18 37
18 81
18 7
18 74
18 11
18 12
18 13
18 78
18 17
18 24
18 58
18 27
18 60
18 63
20 2
20 37
20 17
20 12
20 77
20 78
20 81
20 14
20 60
20 63
24 2
24 7
24 9
24 74
24 11
24 13
24 14
24 77
24 81
24 78
24 23
24 24
24 58
24 60
24 63
25 17
25 74
25 7
25 13
25 14
25 77
25 81
25 58
26 2
26 37
26 7
26 9
26 74
26 11
26 12
26 13
26 78
26 77
26 17
26 24
26 27
26 60
26 63
27 2
27 37
27 7
27 74
27 11
27 12
27 13
27 78
27 17
27 14
27 24
27 27
27 60
27 63
28 74
28 11
28 12
28 13
28 78
28 14
28 24
28 60
29 2
29 17
29 37
29 7
29 9
29 74
29 12
29 13
29 14
29 77
29 81
29 23
29 24
29 27
29 60
29 63
30 7
30 9
30 11
30 12
30 13
30 78
30 17
30 24
30 27
30 60
30 63
31 2
31 17
31 7
31 9
31 74
31 12
31 77
31 14
31 13
31 81
31 19
31 78
31 58
31 60
31 63
32 2
32 17
32 7
32 9
32 74
32 11
32 13
32 14
32 77
32 81
32 23
32 24
32 58
32 60
33 7
33 9
33 74
33 11
33 12
33 13
33 78
33 77
33 81
33 60
33 63
34 7
34 9
34 74
34 27
34 60
34 63
35 2
35 17
35 7
35 9
35 74
35 11
35 78
35 81
35 19
35 14
36 2
36 81
36 9
36 74
36 11
36 12
36 13
36 14
36 17
36 23
36 7
36 27
36 60
36 63
38 7
38 74
38 77
38 78
38 17
38 60
39 2
39 17
39 7
39 9
39 74
39 11
39 13
39 14
39 81
39 78
39 23
39 60
39 63
40 2
40 81
40 7
40 9
40 74
40 12
40 13
40 14
40 17
40 78
40 58
40 63
41 2
41 17
41 7
41 9
41 74
41 11
41 12
41 77
41 78
41 81
41 23
41 24
41 58
41 63
42 2
42 37
42 7
42 9
42 74
42 11
42 13
42 14
42 81
42 78
42 23
42 24
42 58
42 27
42 63
43 2
43 17
43 7
43 9
43 74
43 11
43 12
43 13
43 14
43 77
43 81
43 27
43 60
43 63
44 2
44 74
44 11
44 78
44 81
44 14
44 24
44 58
44 27
44 60
44 63
45 7
45 74
45 11
45 12
45 13
45 78
45 77
45 14
45 24
45 27
46 2
46 17
46 37
46 7
46 9
46 74
46 12
46 13
46 14
46 81
46 19
46 78
46 23
46 24
46 58
46 27
47 81
47 7
47 9
47 74
47 11
47 12
47 13
47 14
47 77
47 17
47 19
47 78
47 23
47 24
47 27
47 63
48 7
48 74
48 12
48 13
48 77
48 81
48 24
48 58
48 27
48 60
48 63
49 81
49 7
49 9
49 74
49 11
49 13
49 78
49 77
49 17
49 24
50 2
50 17
50 9
50 74
50 7
50 13
50 14
50 77
50 81
50 19
50 24
50 27
50 60
50 63
51 7
51 9
51 74
51 11
51 12
51 13
51 14
51 19
51 27
51 63
52 2
52 17
52 7
52 74
52 11
52 12
52 13
52 14
52 77
52 81
52 78
52 23
52 27
52 60
52 63
53 2
53 17
53 7
53 9
53 74
53 11
53 12
53 13
53 78
53 77
53 81
53 24
53 27
53 60
53 63
54 81
54 2
54 63
55 2
55 81
55 74
55 7
55 77
55 78
55 13
55 17
55 58
55 60
56 17
56 74
56 60
56 13
57 7
57 78
57 17
57 27
57 60
57 63
59 2
59 17
59 37
59 7
59 9
59 74
59 12
59 13
59 78
59 77
59 81
59 19
59 24
59 58
59 27
59 60
60 2
60 17
60 7
60 9
60 12
60 13
60 14
60 77
60 81
60 19
60 78
60 58
60 27
60 60
60 63
61 81
61 7
61 9
61 11
61 12
61 13
61 78
61 77
61 17
61 14
61 24
61 27
61 60
61 63
62 2
62 17
62 7
62 9
62 11
62 12
62 13
62 78
62 81
62 19
62 14
62 27
62 60
62 63
64 2
64 37
64 7
64 9
64 74
64 11
64 12
64 13
64 14
64 77
64 17
64 24
64 58
64 27
64 60
64 63
66 2
66 37
66 7
66 9
66 74
66 11
66 12
66 13
66 78
66 77
66 81
66 19
66 58
66 60
66 63
67 17
67 7
67 9
67 74
67 12
67 13
67 14
67 81
67 78
67 23
67 24
67 27
67 60
67 63
68 2
68 17
68 7
68 9
68 74
68 13
68 78
68 77
68 81
68 14
68 23
68 24
68 27
68 60
69 64
69 2
69 17
69 7
69 9
69 74
69 12
69 13
69 78
69 81
69 19
69 23
69 24
69 27
69 60
69 63
70 37
70 7
70 9
70 74
70 13
70 78
70 17
70 14
70 23
70 60
70 63
71 81
71 14
71 17
71 78
71 60
71 63
72 2
72 17
72 7
72 9
72 74
72 11
72 12
72 13
72 78
72 77
72 81
72 14
72 24
72 60
72 63
73 81
73 2
73 78
74 2
74 17
74 37
74 7
74 74
74 11
74 12
74 13
74 78
74 77
74 81
74 14
74 24
74 27
74 63
75 9
75 74
75 11
75 13
75 78
75 17
75 24
75 60
76 2
76 7
76 9
76 74
76 11
76 12
76 13
76 78
76 17
76 19
76 24
76 58
76 27
76 60
76 63
77 17
77 7
77 74
77 12
77 13
77 78
77 81
77 19
77 14
77 58
77 27
77 60
77 63
78 2
78 17
78 7
78 9
78 74
78 11
78 13
78 78
78 81
78 14
78 23
78 58
78 60
78 63
79 2
79 37
79 81
79 9
79 74
79 12
79 13
79 78
79 17
79 24
79 63
80 37
80 17
80 74
80 11
80 13
80 14
80 77
80 81
80 78
80 24
80 7
80 27
80 60
80 63
81 2
81 7
81 9
81 11
81 12
81 13
81 14
81 17
81 78
81 24
81 27
81 63
82 2
82 17
82 7
82 74
82 11
82 12
82 13
82 14
82 77
82 81
82 78
82 24
82 60
82 63
83 2
83 17
83 37
83 7
83 9
83 74
83 11
83 12
83 13
83 78
83 77
83 81
83 14
83 23
83 60
83 63
84 14
84 17
84 78
84 24
84 60
84 63
85 2
85 17
85 37
85 7
85 9
85 74
85 11
85 12
85 13
85 78
85 81
85 19
85 23
85 27
85 60
85 63
86 2
86 81
86 9
86 74
86 7
86 13
86 78
86 17
86 14
86 23
86 58
86 60
87 2
87 17
87 9
87 74
87 11
87 12
87 13
87 78
87 81
87 19
87 24
87 7
87 27
87 63
