88
2 66
2 35
2 38
2 71
2 40
2 12
2 10
2 7
2 76
2 47
2 22
2 28
2 61
2 62
4 75
4 85
4 54
9 39
9 74
9 12
9 77
9 15
9 19
9 84
9 55
9 60
10 33
10 35
10 4
10 69
10 6
10 39
10 77
10 80
10 86
10 23
11 32
11 33
11 2
11 69
11 70
11 43
11 78
11 81
11 86
11 26
11 38
11 62
12 66
12 69
12 10
12 76
12 34
12 14
12 47
12 80
12 49
12 84
12 55
12 62
13 32
13 33
13 2
13 35
13 70
13 10
13 12
13 15
13 84
13 62
13 54
13 55
13 57
13 27
13 28
13 30
15 2
15 71
15 9
15 78
15 21
15 86
15 61
15 53
16 34
16 35
16 4
16 69
16 70
16 71
16 8
16 76
16 62
16 12
16 77
16 17
16 21
16 54
16 55
16 25
16 86
16 30
16 31
17 57
17 4
17 62
18 64
18 38
18 70
18 40
18 9
18 75
18 78
18 79
18 81
18 85
18 57
18 25
18 62
18 53
20 32
20 33
20 35
20 38
20 40
20 75
20 10
20 62
20 12
20 46
20 15
20 76
20 18
20 53
20 27
20 30
20 31
21 68
21 5
21 17
21 20
21 85
21 4
22 4
22 39
22 9
22 15
22 80
22 19
22 84
22 22
22 55
22 61
24 33
24 4
24 69
24 43
24 12
24 79
24 17
24 20
24 21
24 86
24 28
24 30
25 1
25 2
25 70
25 33
25 10
25 77
25 46
25 48
25 21
25 57
25 25
25 27
25 61
25 30
25 31
26 77
26 78
26 81
26 19
26 20
26 86
26 25
26 61
26 62
26 31
27 80
27 4
27 5
27 40
27 73
27 74
27 12
27 14
27 15
27 76
27 78
27 53
27 25
27 26
27 61
27 62
29 64
29 35
29 68
29 12
29 75
29 76
29 77
29 80
29 19
29 84
29 85
29 9
29 30
30 84
30 35
30 39
30 71
30 46
30 19
30 20
30 54
30 25
31 33
31 34
31 35
31 40
31 9
31 12
31 15
31 49
31 53
31 26
32 32
32 34
32 35
32 4
32 69
32 7
32 8
32 75
32 39
32 66
32 77
32 80
32 81
32 18
32 84
32 85
32 54
32 55
32 71
32 27
33 32
33 84
33 34
33 35
33 38
33 9
33 75
33 18
33 20
33 53
33 86
33 57
35 34
35 35
35 5
35 8
35 12
35 40
35 20
35 53
35 54
36 2
36 35
36 68
36 74
36 70
36 39
36 9
36 10
36 76
36 77
36 61
36 17
36 20
36 53
36 73
36 23
36 26
36 58
36 81
37 66
37 4
37 10
37 12
37 2
37 77
37 80
37 86
37 58
37 27
37 62
37 31
38 2
38 7
38 10
38 12
38 13
38 19
38 27
38 28
38 33
38 35
38 39
38 55
38 57
38 64
38 66
38 71
38 73
38 78
38 79
38 80
38 81
38 85
39 1
39 5
39 8
39 73
39 10
39 75
39 46
39 79
39 20
39 53
39 86
39 55
39 61
39 30
39 69
40 64
40 5
40 70
40 78
40 79
40 80
40 19
40 60
40 61
40 62
41 64
41 68
41 38
41 70
41 78
41 17
41 18
41 83
41 85
42 35
42 8
42 75
42 12
42 81
42 20
42 85
42 40
42 28
42 61
44 57
44 26
44 62
45 2
45 68
45 38
45 9
45 13
45 78
45 73
45 53
45 54
45 55
46 64
46 2
46 5
46 70
46 9
46 10
46 76
46 78
46 79
46 84
46 57
46 20
46 26
46 30
47 68
47 5
47 71
47 8
47 9
47 10
47 43
47 12
47 13
47 76
47 53
47 73
47 25
47 61
47 62
47 85
48 20
48 70
48 39
51 64
51 1
51 4
51 85
51 70
51 81
51 8
51 76
51 12
51 84
51 46
51 79
51 17
51 20
51 78
51 55
51 68
51 60
51 30
51 31
52 64
52 68
52 2
52 4
52 49
52 38
52 39
52 9
52 15
52 17
52 69
52 53
52 22
52 23
52 57
52 79
52 62
52 31
53 33
53 66
53 34
53 68
53 75
53 77
53 78
53 79
53 80
53 19
53 85
53 15
53 28
54 35
54 4
54 69
54 81
54 40
54 73
54 74
54 82
54 46
54 17
54 18
54 78
54 55
54 58
54 27
54 28
54 85
56 32
56 1
56 2
56 35
56 36
56 65
56 10
56 71
56 12
56 78
56 80
56 81
56 21
56 25
56 28
56 62
56 85
57 66
57 4
57 54
57 40
57 73
57 43
57 78
57 15
57 19
57 84
57 22
57 57
57 27
57 31
58 64
58 4
58 39
58 40
58 73
58 75
58 77
58 78
58 21
58 62
59 33
59 2
59 35
59 68
59 86
59 9
59 10
59 75
59 12
59 77
59 19
59 74
59 54
59 55
59 60
59 61
59 30
62 32
62 64
62 2
62 35
62 68
62 5
62 43
62 78
62 15
62 18
62 83
62 85
62 22
62 86
62 31
63 66
63 71
63 40
63 75
63 77
63 78
63 17
63 82
63 84
63 53
63 57
63 27
64 64
64 33
64 4
64 69
64 39
64 8
64 12
64 82
64 80
64 18
64 48
64 60
64 30
66 33
66 2
66 36
66 9
66 10
66 43
66 12
66 34
66 73
66 76
66 81
66 19
66 22
66 23
66 57
67 65
67 66
67 35
67 4
67 70
67 40
67 73
67 10
67 78
67 46
67 84
67 53
67 54
67 55
67 26
67 27
67 30
67 85
68 32
68 33
68 35
68 5
68 10
68 80
68 81
68 82
68 61
69 68
69 1
69 4
69 5
69 6
69 8
69 9
69 57
69 46
69 80
69 21
69 73
69 55
69 36
69 27
69 28
69 53
70 32
70 1
70 2
70 75
70 4
70 68
70 71
70 8
70 43
70 34
70 14
70 79
70 40
70 84
70 53
70 57
70 27
70 28
70 81
71 64
71 0
71 2
71 1
71 8
71 60
71 82
71 20
71 86
71 28
72 0
72 1
72 4
72 15
72 21
72 22
72 28
72 30
72 31
72 36
72 38
72 39
72 47
72 54
72 65
72 69
72 73
72 74
72 76
72 78
72 85
72 86
73 66
73 68
73 5
73 40
73 75
73 79
73 81
73 20
73 85
73 54
73 23
73 25
73 60
73 62
74 69
74 71
74 10
74 43
74 46
74 61
74 18
74 85
74 21
74 54
74 55
74 26
74 79
74 86
74 53
74 30
74 31
75 2
75 40
75 43
75 76
75 66
75 80
75 17
75 21
75 25
75 27
75 28
75 62
76 32
76 33
76 2
76 4
76 40
76 10
76 75
76 76
76 77
76 78
76 80
76 17
76 18
76 86
76 26
76 31
77 66
77 10
77 13
77 79
77 80
77 85
78 32
78 34
78 4
78 10
78 43
78 12
78 77
78 14
78 79
78 62
78 27
78 28
78 30
79 64
79 33
79 4
79 86
79 40
79 43
79 78
79 81
79 84
79 21
79 22
79 68
79 26
79 85
80 33
80 66
80 69
80 78
80 20
80 86
80 25
80 26
80 28
80 5
81 2
81 4
81 70
81 73
81 10
81 12
81 34
81 79
81 81
81 18
81 85
81 22
81 60
81 61
82 1
82 2
82 9
82 10
82 17
82 19
82 28
82 30
82 35
82 36
82 38
82 40
82 46
82 49
82 57
82 62
82 66
82 71
82 76
82 79
82 84
82 86
83 2
83 36
83 5
83 38
83 76
83 10
83 12
83 46
83 79
83 55
83 25
83 62
83 37
84 0
84 1
84 66
84 9
84 62
84 17
84 85
84 26
84 61
84 30
85 57
85 76
85 54
86 66
86 4
86 43
86 12
86 15
86 80
86 85
86 57
86 26
86 21
87 0
87 66
87 68
87 38
87 8
87 12
87 26
87 31
