88
0 69
0 49
0 40
0 41
0 79
0 17
0 83
0 54
1 84
1 65
1 83
1 69
1 41
1 60
1 61
1 47
1 17
1 51
1 20
1 53
1 86
1 25
1 79
1 28
1 29
1 52
2 40
2 86
3 51
3 40
3 41
3 61
3 79
3 83
3 25
3 28
3 29
4 61
4 86
4 79
5 64
5 65
5 86
5 40
5 41
5 60
5 61
5 47
5 18
5 20
5 54
5 25
5 79
5 28
5 29
5 52
6 64
6 69
6 40
6 47
6 18
6 51
7 64
7 65
7 83
7 69
7 49
7 40
7 41
7 60
7 86
7 47
7 17
7 18
7 51
7 20
7 53
7 54
7 56
7 25
7 79
7 28
8 64
8 65
8 86
8 69
8 49
8 40
8 41
8 60
8 61
8 47
8 48
8 17
8 51
8 52
8 53
8 54
8 56
8 25
8 79
8 28
8 29
9 84
9 65
9 83
9 86
9 49
9 40
9 41
9 43
9 61
9 17
9 18
9 51
9 20
9 53
9 54
9 25
9 28
9 29
10 64
10 65
10 86
10 49
10 41
10 43
10 79
10 48
10 17
10 83
10 20
10 53
10 54
10 25
10 28
10 29
11 64
11 69
11 41
11 79
11 83
11 53
11 86
11 47
11 60
11 61
12 64
12 65
12 83
12 86
12 40
12 60
12 61
12 47
12 17
12 18
12 51
12 20
12 54
12 56
12 25
12 79
12 28
12 29
13 64
13 69
13 40
13 41
13 43
13 86
13 47
13 48
13 17
13 20
13 53
13 54
13 25
13 79
13 28
13 29
13 52
14 64
14 86
14 69
14 49
14 40
14 41
14 60
14 61
14 47
14 48
14 17
14 18
14 51
14 84
14 53
14 54
14 25
14 79
14 28
14 29
15 64
15 40
15 41
15 79
15 49
15 83
15 54
15 25
15 28
15 61
16 64
16 69
16 49
16 40
16 41
16 43
16 47
16 17
16 18
16 53
16 86
16 56
16 25
16 60
16 61
18 64
18 65
18 83
18 69
18 40
18 41
18 43
18 61
18 60
18 17
18 51
18 20
18 53
18 54
18 56
18 25
18 79
18 28
18 29
19 51
19 86
19 40
19 60
19 47
19 17
19 83
19 20
19 54
19 28
19 61
20 64
20 65
20 83
20 69
20 41
20 47
20 48
20 17
20 18
20 51
20 53
20 54
20 25
20 79
20 86
20 61
21 65
21 69
21 51
21 49
21 41
21 61
21 79
21 17
21 83
21 86
21 25
21 60
21 29
22 64
22 69
22 48
22 83
22 54
22 28
23 64
23 69
23 40
23 60
23 61
23 79
23 48
23 17
23 83
23 53
23 47
23 28
23 29
24 64
24 65
24 86
24 40
24 60
24 61
24 47
24 48
24 17
24 18
24 20
24 53
24 54
24 25
24 79
24 28
24 29
26 64
26 65
26 83
26 69
26 49
26 40
26 41
26 60
26 86
26 47
26 17
26 18
26 51
26 20
26 53
26 54
26 84
26 79
26 28
26 61
27 69
27 41
27 48
27 54
27 25
27 86
28 51
28 69
28 40
28 41
28 60
28 47
28 48
28 83
28 20
28 54
28 25
28 28
28 29
28 52
30 65
30 69
30 41
30 49
30 83
30 20
30 53
30 54
30 25
30 28
30 29
31 64
31 65
31 69
31 41
31 60
31 86
31 47
31 48
31 49
31 18
31 83
31 20
31 53
31 54
31 56
31 25
31 79
31 28
31 29
31 52
32 60
32 18
32 20
33 51
33 53
34 64
34 65
34 83
34 69
34 40
34 41
34 86
34 60
34 61
34 47
34 48
34 17
34 51
34 20
34 53
34 54
34 25
34 79
34 28
34 29
35 64
35 83
35 69
35 49
35 41
35 43
35 60
35 61
35 47
35 48
35 17
35 18
35 51
35 84
35 54
35 86
35 25
35 79
35 28
35 29
36 69
36 40
36 41
36 60
36 48
36 17
36 83
36 20
36 53
36 86
36 25
36 54
36 28
37 64
37 86
37 69
37 49
37 41
37 43
37 61
37 47
37 48
37 17
37 18
37 83
37 20
37 53
37 54
37 25
37 79
37 60
37 29
37 52
38 25
38 18
38 54
39 69
39 40
39 79
39 18
39 83
39 52
39 53
39 86
39 25
39 47
39 28
42 65
42 69
42 51
42 43
42 47
42 48
42 17
42 18
42 83
42 86
42 56
42 60
42 61
43 64
43 65
43 69
43 40
43 41
43 61
43 47
43 18
43 20
43 53
43 25
43 79
43 28
43 29
43 52
44 65
44 83
44 49
44 40
44 41
44 43
44 60
44 48
44 17
44 18
44 51
44 20
44 53
44 86
44 25
44 79
44 28
44 61
45 64
45 69
45 41
45 49
45 18
45 51
45 20
45 53
45 25
45 60
45 29
46 65
46 69
46 79
46 86
46 25
46 47
47 64
47 83
47 69
47 49
47 40
47 41
47 60
47 86
47 47
47 48
47 17
47 18
47 51
47 20
47 53
47 54
47 25
47 79
47 28
47 61
48 84
48 65
48 83
48 69
48 41
48 43
48 86
48 47
48 49
48 18
48 51
48 20
48 53
48 54
48 52
48 79
48 60
48 61
49 65
49 40
49 43
49 61
49 79
49 49
49 51
49 20
49 54
49 25
49 47
49 29
55 40
55 51
55 86
55 25
55 60
55 29
57 65
57 69
57 40
57 41
57 43
57 60
57 47
57 48
57 17
57 18
57 51
57 20
57 53
57 54
57 25
57 28
57 61
58 65
58 54
58 41
58 79
58 17
58 18
58 51
58 20
58 86
58 28
58 61
59 64
59 83
59 69
59 40
59 41
59 60
59 61
59 47
59 48
59 17
59 18
59 51
59 20
59 86
59 25
59 79
59 28
59 29
62 28
62 20
62 69
62 61
63 17
63 51
63 69
63 86
66 69
66 40
66 47
66 18
66 83
66 86
66 60
66 29
67 65
67 83
67 69
67 49
67 41
67 60
67 47
67 48
67 17
67 18
67 51
67 20
67 53
67 54
67 25
67 79
67 28
67 61
68 64
68 51
68 69
68 49
68 79
68 48
68 17
68 83
68 53
68 54
68 47
68 28
68 61
70 64
70 65
70 83
70 69
70 41
70 86
70 60
70 61
70 47
70 18
70 51
70 20
70 53
70 54
70 56
70 25
70 28
70 29
71 64
71 65
71 29
71 54
71 41
72 65
72 40
72 41
72 61
72 47
72 49
72 18
72 20
72 54
72 25
72 29
73 64
73 65
73 69
73 40
73 41
73 43
73 86
73 47
73 48
73 17
73 18
73 83
73 53
73 54
73 25
73 79
73 28
74 64
74 65
74 54
74 61
74 79
74 17
74 83
74 84
74 86
74 47
74 28
74 29
75 25
75 28
75 61
76 65
76 69
76 40
76 79
76 17
76 83
76 54
76 25
76 47
76 60
76 29
77 25
77 51
77 54
78 65
78 86
78 69
78 40
78 41
78 43
78 60
78 61
78 47
78 18
78 51
78 20
78 53
78 54
78 56
78 79
78 28
78 29
79 64
79 65
79 86
79 49
79 40
79 41
79 60
79 61
79 47
79 17
79 18
79 51
79 54
79 25
79 79
79 28
79 29
80 56
80 41
80 79
81 49
82 69
82 40
82 41
82 60
82 61
82 47
82 51
82 53
82 54
82 28
82 29
84 64
84 65
84 83
84 69
84 40
84 41
84 43
84 61
84 60
84 48
84 18
84 51
84 20
84 53
84 54
84 56
84 25
84 28
84 29
84 52
85 65
85 47
86 64
86 65
86 83
86 69
86 41
86 43
86 60
86 61
86 47
86 48
86 49
86 51
86 20
86 53
86 54
86 86
86 25
86 28
86 29
87 69
87 40
87 41
87 54
87 79
87 48
87 18
87 20
87 53
87 86
87 47
87 29
