88
0 64
0 35
0 5
0 41
0 23
0 31
1 34
1 35
1 5
1 41
1 78
1 2
1 46
1 49
1 50
1 67
1 52
1 53
1 23
1 56
1 63
1 37
1 69
1 31
4 64
4 34
4 35
4 5
4 38
4 41
4 66
4 78
4 48
4 50
4 67
4 52
4 53
4 23
4 24
4 58
4 63
4 37
4 31
6 2
6 5
6 14
6 23
6 24
6 31
6 32
6 35
6 37
6 41
6 44
6 45
6 46
6 49
6 53
6 56
6 62
6 64
6 67
6 75
6 78
6 87
7 32
7 64
7 2
7 67
7 4
7 5
7 38
7 41
7 75
7 44
7 66
7 14
7 16
7 78
7 53
7 23
7 87
7 63
7 37
7 62
7 31
8 64
8 35
8 4
8 38
8 41
8 62
8 31
9 66
9 35
9 4
9 46
9 34
9 14
9 50
9 78
9 23
9 62
9 31
10 67
10 4
10 5
10 78
10 56
10 35
10 23
10 24
10 37
11 66
11 67
11 41
11 46
11 23
11 62
11 31
12 64
12 66
12 5
12 38
12 34
12 78
12 23
13 64
13 2
13 35
13 4
13 37
13 38
13 41
13 75
13 78
13 66
13 46
13 56
13 50
13 67
13 52
13 53
13 23
13 24
13 63
13 62
13 31
15 64
15 66
15 67
15 41
15 2
15 78
15 56
15 50
15 35
15 53
15 23
15 24
15 62
15 31
17 66
17 67
17 2
18 32
18 64
18 2
18 35
18 38
18 41
18 75
18 44
18 34
18 14
18 45
18 16
18 49
18 67
18 56
18 78
18 23
18 24
18 87
18 29
19 64
19 2
19 35
19 4
19 37
19 38
19 41
19 75
19 44
19 49
19 50
19 67
19 53
19 56
19 24
19 87
19 62
19 63
21 64
21 34
21 35
21 4
21 38
21 75
21 78
21 66
21 14
21 49
21 46
21 87
21 24
21 58
21 53
21 62
21 31
25 32
25 64
25 34
25 67
25 5
25 78
25 87
25 44
25 14
25 48
25 56
25 50
25 52
25 46
25 23
25 24
25 63
25 53
25 37
26 64
26 66
26 67
26 4
26 5
26 2
26 78
26 34
26 56
26 35
26 52
26 14
26 24
26 63
27 32
27 64
27 34
27 35
27 4
27 5
27 38
27 41
27 66
27 87
27 78
27 45
27 14
27 67
27 52
27 46
27 23
27 63
27 53
27 31
28 34
28 35
28 41
28 75
28 78
28 67
28 24
30 2
30 4
30 5
30 14
30 16
30 21
30 23
30 32
30 34
30 37
30 38
30 41
30 45
30 46
30 49
30 62
30 63
30 64
30 66
30 67
30 78
30 87
31 64
31 2
31 35
31 66
31 5
31 38
31 41
31 46
31 45
31 14
31 16
31 75
31 52
31 21
31 69
31 56
31 87
31 53
31 62
31 37
33 64
33 66
33 67
33 5
33 38
33 75
33 2
33 78
33 46
33 23
33 56
33 63
33 31
34 64
34 2
34 35
34 56
34 74
34 87
34 78
34 14
34 16
34 49
34 67
34 52
34 46
34 23
34 24
34 63
34 53
34 62
34 31
36 32
36 2
36 35
36 66
36 5
36 41
36 44
36 34
36 14
36 56
36 23
36 24
36 63
36 29
36 69
36 37
38 2
38 67
38 4
38 5
38 38
38 41
38 66
38 87
38 78
38 34
38 14
38 45
38 69
38 46
38 23
38 24
38 53
38 62
38 31
39 2
39 67
39 37
39 38
39 66
39 78
39 53
39 87
39 24
39 63
39 31
40 64
40 66
40 35
40 4
40 5
40 41
40 75
40 44
40 46
40 49
40 78
40 56
40 53
40 23
40 24
40 69
40 63
40 37
40 62
40 31
41 64
41 34
41 35
41 66
41 5
41 41
41 74
41 75
41 2
41 14
41 49
41 50
41 67
41 53
41 23
41 56
41 87
41 37
41 31
42 64
42 2
42 34
42 4
42 5
42 75
42 66
42 78
42 14
42 87
42 24
42 31
42 53
42 37
43 34
43 35
43 4
43 37
43 38
43 41
43 66
43 75
43 45
43 78
43 50
43 67
43 53
43 23
43 56
43 87
43 74
43 62
43 69
46 32
46 64
46 2
46 35
46 66
46 38
46 75
46 78
46 34
46 14
46 49
46 50
46 67
46 53
46 23
46 24
46 87
46 62
47 32
47 64
47 2
47 35
47 4
47 37
47 41
47 74
47 75
47 78
47 66
47 14
47 48
47 49
47 67
47 53
47 23
47 56
47 87
47 69
47 31
54 64
54 2
54 4
54 5
54 38
54 41
54 66
54 75
54 44
54 34
54 14
54 16
54 49
54 50
54 46
54 23
54 56
54 78
54 53
55 2
55 67
55 37
55 38
55 41
55 74
55 75
55 34
55 14
55 78
55 46
55 62
55 31
57 2
57 4
57 5
57 16
57 23
57 24
57 31
57 34
57 35
57 38
57 41
57 44
57 46
57 50
57 53
57 56
57 62
57 64
57 66
57 67
57 75
57 78
59 64
59 34
59 35
59 37
59 38
59 41
59 46
59 78
59 66
59 14
59 56
59 67
59 21
59 23
59 24
59 87
59 29
59 62
59 53
61 4
61 5
61 14
61 16
61 24
61 31
61 35
61 37
61 38
61 41
61 44
61 49
61 52
61 53
61 56
61 63
61 64
61 66
61 67
61 75
61 78
61 87
62 64
62 34
62 67
62 66
62 5
62 38
62 41
62 75
62 78
62 2
62 14
62 49
62 50
62 46
62 56
62 53
62 29
62 62
62 31
65 64
65 66
65 35
65 4
65 5
65 38
65 41
65 78
65 45
65 14
65 49
65 56
65 53
65 23
65 24
65 58
65 69
65 37
68 2
68 5
68 14
68 16
68 23
68 24
68 31
68 34
68 35
68 41
68 44
68 46
68 53
68 56
68 63
68 64
68 66
68 67
68 69
68 74
68 75
68 78
70 64
70 34
70 35
70 4
70 37
70 38
70 41
70 75
70 44
70 14
70 56
70 67
70 53
70 24
70 63
70 78
70 62
70 31
71 66
71 67
71 4
71 5
71 75
71 44
71 2
71 46
71 34
71 35
71 56
71 63
71 62
71 37
73 64
73 2
73 35
73 4
73 37
73 38
73 41
73 87
73 66
73 14
73 49
73 50
73 52
73 46
73 23
73 24
73 63
73 53
73 62
73 31
76 2
76 4
76 5
76 14
76 23
76 24
76 31
76 32
76 34
76 35
76 38
76 45
76 46
76 52
76 56
76 62
76 63
76 64
76 66
76 67
76 69
76 87
77 64
77 66
77 67
77 5
77 41
77 14
77 50
77 35
77 78
77 37
77 62
77 31
79 32
79 64
79 2
79 35
79 5
79 38
79 41
79 87
79 44
79 66
79 14
79 78
79 67
79 69
79 53
79 23
79 24
79 63
79 37
79 62
79 31
80 64
80 34
80 4
80 37
80 44
80 24
80 31
81 2
81 67
81 41
81 75
81 66
81 14
81 34
81 49
81 46
81 23
81 53
81 31
82 2
82 34
82 5
82 38
82 87
82 66
82 45
82 49
82 23
82 24
82 37
82 62
82 31
83 64
83 2
83 35
83 4
83 37
83 41
83 74
83 75
83 45
83 21
83 87
83 23
83 62
83 31
84 66
84 67
84 4
84 5
84 41
84 75
84 34
84 14
84 24
84 35
84 87
84 23
84 37
85 32
85 35
85 38
85 41
85 46
85 14
85 78
85 23
85 24
85 62
85 31
86 64
86 34
86 35
86 37
86 38
86 41
86 87
86 44
86 66
86 14
86 48
86 56
86 67
86 69
86 46
86 23
86 24
86 78
86 62
86 63
87 64
87 2
87 35
87 4
87 37
87 38
87 41
87 75
87 34
87 46
87 16
87 49
87 50
87 23
87 87
87 63
87 69
87 31
