88
0 1
0 67
0 4
0 37
0 80
0 9
0 10
0 44
0 77
0 76
0 56
0 51
0 57
0 24
0 36
0 26
0 63
1 24
1 41
1 59
1 28
1 6
2 58
2 31
2 5
2 79
3 80
3 65
3 34
3 45
3 9
4 32
4 1
4 59
4 68
4 40
4 73
4 10
4 43
4 14
4 83
4 20
4 23
4 24
4 25
4 58
4 27
4 42
4 31
5 8
5 41
5 66
5 58
5 40
6 0
6 1
6 2
6 43
6 4
6 33
6 32
6 39
6 13
6 79
6 56
6 19
6 66
6 24
6 36
6 71
6 62
6 31
7 65
7 4
7 39
7 44
7 10
7 75
7 12
7 49
7 21
7 55
7 56
7 68
7 30
7 31
8 64
8 1
8 4
8 73
8 11
8 12
8 14
8 83
8 53
8 62
8 25
8 58
8 60
8 30
8 85
9 65
9 66
9 67
9 70
9 42
9 76
9 45
9 46
9 16
9 81
9 51
9 14
9 87
9 56
9 26
10 9
10 42
10 28
10 61
11 2
11 70
11 8
11 9
11 77
11 46
11 16
11 19
11 53
11 54
11 41
11 61
12 11
12 35
13 33
13 69
13 72
13 41
13 10
13 13
13 46
13 16
13 81
13 21
13 54
13 55
13 59
13 62
13 63
14 33
14 34
14 19
14 71
16 65
16 4
16 12
16 13
16 86
16 23
16 25
16 27
16 29
16 62
17 32
17 34
17 70
17 81
17 8
17 41
17 42
17 76
17 14
17 47
17 17
17 50
17 23
17 79
17 61
18 0
18 64
18 67
18 38
18 6
18 8
18 9
18 42
18 79
18 49
18 21
18 73
18 23
18 72
18 25
18 28
19 1
19 68
19 72
19 42
19 79
19 16
19 50
19 20
19 47
19 62
20 80
20 66
20 68
20 6
20 40
20 73
20 14
20 79
20 16
20 19
20 23
20 24
21 0
21 33
21 2
21 72
21 9
21 42
21 14
21 81
21 8
21 24
21 26
21 63
22 74
22 44
22 54
22 71
23 66
23 67
23 4
23 70
23 6
23 81
23 9
23 42
23 77
23 16
23 17
23 54
23 41
23 24
23 59
23 86
24 32
24 65
24 66
24 36
24 8
24 74
24 45
24 77
24 19
24 86
24 87
24 68
24 27
24 61
24 62
25 31
25 57
25 47
25 70
25 71
26 33
26 66
26 36
26 9
26 75
26 12
26 13
26 44
26 16
26 81
26 50
27 32
27 33
27 66
27 71
27 43
27 44
27 45
27 78
27 18
27 52
27 46
27 54
27 87
28 32
28 48
28 43
28 61
28 51
29 0
29 33
29 66
29 34
29 36
29 9
29 75
29 13
29 45
29 18
29 51
29 54
29 55
29 58
30 34
30 43
30 69
30 73
30 75
30 47
30 23
30 25
30 37
31 64
31 33
31 66
31 75
31 4
31 38
31 40
31 11
31 17
31 57
31 23
31 72
31 36
31 26
31 59
31 61
32 1
32 2
32 67
32 12
32 46
32 16
32 18
32 24
32 26
32 27
32 30
33 25
33 27
33 68
33 61
33 62
34 33
34 2
34 67
34 36
34 71
34 9
34 11
34 12
34 66
34 83
34 21
34 55
34 24
34 62
34 30
35 71
35 72
35 13
35 14
35 79
35 25
36 33
36 68
36 12
36 14
36 81
36 55
36 61
37 81
37 27
37 70
37 7
38 32
38 64
38 34
38 35
38 66
38 8
38 11
38 76
38 13
38 79
38 40
38 18
38 68
38 26
38 31
39 1
39 2
39 67
39 41
39 11
39 12
39 45
39 48
39 51
39 53
39 73
39 25
39 58
39 62
39 63
40 32
40 1
40 2
40 43
40 40
40 75
40 76
40 34
40 79
40 81
40 18
40 29
40 63
41 32
41 33
41 74
41 40
41 42
41 76
41 45
41 81
41 18
41 19
41 20
41 54
41 57
41 26
41 60
41 29
41 30
41 31
42 34
42 27
42 6
42 39
42 12
42 59
42 62
43 3
43 4
43 69
43 73
43 74
43 55
43 44
43 13
43 45
43 76
43 49
43 23
43 68
43 58
43 28
43 61
44 64
44 65
44 2
44 50
44 70
44 72
44 11
44 13
44 79
44 81
44 18
44 52
44 54
44 27
44 62
45 1
45 34
45 35
45 4
45 5
45 7
45 8
45 9
45 11
45 13
45 46
45 43
45 86
45 41
45 33
46 1
46 66
46 67
46 36
46 5
46 70
46 7
46 72
46 16
46 81
46 50
46 53
46 86
46 23
46 26
46 58
47 0
47 36
47 70
47 8
47 42
47 75
47 12
47 13
47 45
47 27
47 61
49 65
49 70
49 8
49 76
49 77
49 46
49 16
49 19
49 21
49 86
49 55
49 51
49 31
50 0
50 33
50 2
50 67
50 38
50 11
50 34
50 46
50 45
50 54
50 24
50 27
50 31
51 65
51 75
51 76
51 21
52 36
52 21
52 6
52 79
54 1
54 5
54 39
54 44
54 74
54 12
54 13
54 76
54 17
54 51
54 56
54 86
54 55
54 24
54 59
54 37
55 5
55 41
55 43
55 61
55 80
55 49
55 53
55 86
55 87
55 55
55 26
55 54
55 58
55 62
56 1
56 2
56 69
56 70
56 72
56 76
56 13
56 14
56 81
56 8
56 55
56 26
56 54
57 0
57 73
57 74
57 45
57 13
58 32
58 1
58 38
58 39
58 73
58 71
58 12
58 14
58 79
58 9
58 87
58 23
58 26
58 31
59 32
59 73
59 42
59 50
59 14
60 73
60 11
60 21
61 12
61 45
62 32
62 41
62 66
62 74
62 46
63 65
63 67
63 68
63 70
63 6
63 39
63 73
63 11
63 77
63 18
63 57
63 24
63 4
63 38
64 2
64 36
64 5
64 6
64 71
64 9
64 12
64 14
64 79
64 49
64 18
64 46
64 58
64 59
64 70
64 63
65 67
65 21
66 33
66 2
66 43
66 4
66 38
66 9
66 79
66 11
66 45
66 47
66 18
66 52
66 21
66 73
66 24
66 75
66 62
66 53
67 33
67 4
67 72
67 73
67 55
67 44
67 49
67 50
67 86
67 23
67 24
67 25
67 58
67 61
67 30
67 31
68 68
68 41
68 36
68 28
68 71
69 64
69 34
69 35
69 81
69 8
69 9
69 11
69 44
69 66
69 43
69 23
69 25
69 58
69 60
69 61
69 55
70 34
70 36
70 70
70 8
70 11
70 44
70 82
70 47
70 16
70 72
70 18
70 21
70 62
70 30
71 32
71 35
71 31
72 32
72 34
72 35
72 38
72 6
72 75
72 14
72 50
72 51
72 54
72 55
72 59
73 1
73 43
73 33
73 8
73 87
73 44
73 46
73 16
73 20
73 21
73 23
73 24
73 58
73 30
74 65
74 66
74 67
74 37
74 38
74 33
74 73
74 74
74 14
74 84
74 54
74 41
74 42
74 31
75 80
75 16
75 18
75 12
75 58
76 43
76 4
76 40
76 11
76 76
76 50
76 79
76 80
76 18
76 67
76 57
76 54
76 23
76 55
76 26
76 28
76 63
77 10
77 26
77 22
77 14
77 71
78 41
78 38
79 24
79 68
79 22
80 33
80 34
80 38
80 39
82 66
82 35
82 68
82 37
82 40
82 46
82 14
82 61
82 81
82 18
82 20
82 21
82 54
82 24
82 26
82 29
83 41
83 11
83 20
83 14
83 25
84 43
85 2
85 68
85 70
85 44
85 12
85 45
85 46
85 80
85 17
85 83
85 55
85 29
85 62
86 1
86 72
86 44
86 12
86 77
86 79
86 16
86 21
86 86
86 60
86 29
86 30
86 31
87 32
87 64
87 3
87 6
87 72
87 74
87 12
87 14
87 50
87 67
87 20
87 54
87 25
87 26
87 52
87 31
