88
2 0
2 32
2 66
2 68
2 39
2 9
2 78
2 61
2 52
2 87
2 59
2 60
2 29
3 0
3 1
3 7
3 8
3 9
3 20
3 25
3 26
3 27
3 29
3 34
3 38
3 39
3 41
3 43
3 45
3 46
3 50
3 54
3 55
3 58
3 60
3 61
3 62
3 63
3 66
3 67
3 68
3 76
3 77
3 82
3 85
3 87
5 0
5 1
5 34
5 68
5 38
5 32
5 64
5 9
5 45
5 78
5 77
5 16
5 50
5 85
5 87
5 26
5 59
5 60
5 29
10 0
10 1
10 2
10 4
10 6
10 8
10 9
10 11
10 16
10 31
10 38
10 39
10 43
10 45
10 46
10 54
10 59
10 60
10 61
10 62
10 63
10 66
10 68
10 76
10 77
10 78
10 82
10 84
10 85
13 0
13 1
13 34
13 67
13 38
13 8
13 9
13 46
13 87
13 59
13 60
18 1
18 2
18 6
18 8
18 26
18 29
18 34
18 35
18 43
18 46
18 50
18 53
18 54
18 55
18 58
18 59
18 60
18 61
18 63
18 67
18 68
18 76
18 78
18 84
19 0
19 1
19 2
19 5
19 7
19 9
19 16
19 26
19 29
19 33
19 35
19 39
19 43
19 45
19 46
19 47
19 49
19 50
19 53
19 55
19 59
19 60
19 61
19 62
19 63
19 67
19 68
19 73
19 74
19 76
19 78
19 79
19 84
19 85
20 2
20 9
20 11
20 45
20 78
20 87
20 55
20 26
20 59
22 0
22 1
22 4
22 6
22 8
22 9
22 11
22 20
22 26
22 29
22 34
22 35
22 38
22 43
22 45
22 52
22 58
22 59
22 60
22 61
22 68
22 82
23 0
23 1
23 2
23 5
23 8
23 9
23 16
23 17
23 20
23 26
23 27
23 32
23 38
23 40
23 46
23 47
23 49
23 55
23 58
23 59
23 60
23 61
23 63
23 68
23 76
23 77
23 78
23 82
23 84
23 87
28 1
28 2
28 9
28 11
28 12
28 16
28 26
28 29
28 32
28 34
28 35
28 38
28 39
28 41
28 43
28 46
28 47
28 50
28 55
28 59
28 60
28 61
28 62
28 63
28 68
28 71
28 75
28 76
28 77
28 82
28 84
28 85
28 87
30 0
30 1
30 2
30 7
30 8
30 9
30 11
30 16
30 20
30 26
30 32
30 34
30 35
30 38
30 45
30 46
30 50
30 52
30 55
30 58
30 59
30 60
30 63
30 67
30 68
30 70
30 75
30 76
30 77
30 78
30 84
30 85
30 87
31 67
31 68
31 8
31 11
31 76
31 77
31 45
31 50
31 59
31 29
33 6
33 7
33 9
33 16
33 26
33 27
33 34
33 38
33 43
33 45
33 46
33 50
33 59
33 60
33 62
33 63
33 68
33 72
33 76
33 77
33 78
33 82
33 85
33 87
34 2
34 68
34 39
34 9
34 11
34 61
34 87
34 26
34 59
34 29
34 63
35 0
35 1
35 2
35 6
35 9
35 16
35 29
35 38
35 39
35 43
35 52
35 54
35 58
35 59
35 61
35 63
35 67
35 68
35 75
35 76
35 81
35 84
35 85
35 87
36 0
36 1
36 2
36 6
36 9
36 16
36 20
36 26
36 27
36 29
36 31
36 34
36 35
36 38
36 39
36 46
36 49
36 50
36 52
36 59
36 60
36 62
36 63
36 67
36 68
36 72
36 76
36 77
36 78
36 82
36 85
36 87
37 0
37 1
37 2
37 8
37 9
37 11
37 16
37 20
37 26
37 27
37 29
37 34
37 39
37 43
37 59
37 63
37 64
37 66
37 67
37 70
37 73
37 78
37 79
37 82
37 85
37 87
42 0
42 1
42 6
42 7
42 8
42 9
42 11
42 16
42 26
42 27
42 29
42 31
42 32
42 35
42 38
42 39
42 43
42 45
42 46
42 50
42 55
42 59
42 60
42 61
42 62
42 63
42 67
42 74
42 76
42 77
42 84
42 85
42 87
44 0
44 2
44 6
44 11
44 16
44 20
44 26
44 27
44 29
44 34
44 38
44 41
44 45
44 46
44 50
44 54
44 58
44 59
44 60
44 61
44 68
44 76
44 77
44 78
44 85
44 87
46 2
46 68
46 40
46 11
46 46
46 84
46 87
46 52
46 26
46 27
46 60
46 61
47 0
47 34
47 67
47 78
47 16
47 50
47 26
47 63
48 1
48 2
48 7
48 9
48 11
48 16
48 20
48 26
48 27
48 29
48 34
48 38
48 39
48 43
48 46
48 47
48 50
48 59
48 60
48 61
48 62
48 63
48 68
48 76
48 77
48 78
48 82
48 85
48 87
51 0
51 2
51 4
51 6
51 8
51 20
51 26
51 29
51 34
51 38
51 39
51 40
51 43
51 45
51 46
51 47
51 49
51 55
51 63
51 67
51 68
51 75
51 76
51 77
51 78
51 84
52 0
52 1
52 7
52 8
52 9
52 11
52 16
52 17
52 20
52 26
52 27
52 29
52 32
52 33
52 34
52 38
52 43
52 45
52 46
52 47
52 50
52 55
52 58
52 59
52 60
52 61
52 63
52 67
52 68
52 70
52 77
52 84
55 2
55 4
55 8
55 9
55 11
55 16
55 26
55 29
55 38
55 39
55 46
55 47
55 50
55 53
55 55
55 59
55 60
55 63
55 67
55 74
55 77
55 78
55 79
55 85
55 87
56 2
56 67
56 8
56 77
56 47
56 50
56 87
56 59
57 0
57 1
57 2
57 6
57 7
57 8
57 9
57 11
57 16
57 20
57 26
57 29
57 31
57 33
57 34
57 38
57 39
57 40
57 43
57 45
57 46
57 49
57 50
57 55
57 59
57 60
57 62
57 63
57 67
57 72
57 77
57 78
57 87
62 38
62 75
62 78
62 52
62 87
62 26
62 29
62 63
66 0
66 2
66 7
66 8
66 9
66 16
66 26
66 27
66 29
66 32
66 34
66 39
66 43
66 50
66 58
66 59
66 60
66 61
66 63
66 67
66 68
66 74
66 82
66 87
67 1
67 2
67 6
67 8
67 9
67 16
67 21
67 26
67 29
67 34
67 39
67 43
67 50
67 52
67 55
67 58
67 61
67 67
67 68
67 77
67 78
67 85
67 87
69 0
69 1
69 2
69 6
69 8
69 9
69 16
69 26
69 27
69 34
69 38
69 41
69 43
69 45
69 46
69 50
69 52
69 53
69 55
69 58
69 59
69 60
69 61
69 62
69 68
69 77
69 87
71 67
71 68
71 7
71 9
71 43
71 46
71 87
71 61
71 63
75 0
75 1
75 2
75 8
75 12
75 20
75 26
75 29
75 34
75 43
75 45
75 47
75 52
75 58
75 59
75 60
75 61
75 62
75 66
75 67
75 68
75 76
75 77
75 78
75 79
75 84
75 85
79 35
79 68
79 38
79 7
79 8
79 9
79 11
79 76
79 77
79 46
79 16
79 43
79 50
79 67
79 84
79 21
79 55
79 26
79 78
79 29
80 0
80 32
80 35
80 8
80 9
80 43
80 45
80 16
80 50
80 20
80 85
80 26
80 60
80 61
80 63
82 0
82 1
82 6
82 8
82 9
82 11
82 16
82 26
82 27
82 29
82 33
82 34
82 38
82 39
82 40
82 43
82 45
82 47
82 50
82 52
82 58
82 60
82 61
82 67
82 68
82 74
82 76
82 77
82 79
82 84
82 85
82 87
83 1
83 2
83 7
83 8
83 9
83 16
83 26
83 29
83 32
83 33
83 34
83 35
83 38
83 39
83 41
83 43
83 46
83 47
83 50
83 52
83 53
83 55
83 59
83 61
83 62
83 63
83 67
83 68
83 76
83 77
83 78
83 82
83 84
83 85
83 87
86 7
86 8
86 9
86 43
86 47
86 16
86 50
86 85
86 87
86 26
86 29
