88
0 24
0 73
0 82
0 61
1 64
1 59
1 40
1 73
1 74
1 75
1 84
1 85
1 25
1 27
2 33
2 66
2 85
2 30
3 25
3 42
3 30
5 27
5 74
5 51
5 22
5 63
6 33
6 66
6 67
6 69
6 40
6 73
6 42
6 62
6 17
6 75
6 74
6 53
6 72
6 24
6 25
6 26
6 27
6 28
6 58
6 30
8 84
8 33
8 66
8 40
8 42
8 75
8 15
8 74
8 62
8 24
8 25
8 59
8 28
8 61
8 30
8 85
9 59
9 66
9 27
9 74
10 25
10 27
10 30
10 63
11 84
11 67
11 59
11 42
11 75
11 17
11 51
11 74
11 85
11 24
11 25
11 58
11 27
11 28
11 61
11 30
11 63
12 33
12 40
12 42
12 75
12 15
12 17
12 62
12 22
12 24
12 25
12 27
12 30
13 64
13 33
13 66
13 67
13 69
13 84
13 40
13 42
13 75
13 61
13 15
13 74
13 85
13 22
13 24
13 25
13 26
13 59
13 58
13 62
13 63
16 66
16 73
16 75
16 63
16 15
16 17
16 84
16 85
16 24
16 27
16 28
16 53
17 3
17 17
17 22
17 24
17 25
17 27
17 30
17 33
17 40
17 42
17 53
17 58
17 59
17 61
17 62
17 63
17 66
17 69
17 72
17 74
17 75
17 85
20 66
20 42
20 85
20 25
20 58
20 62
20 53
21 40
21 17
21 42
21 22
23 15
23 17
23 24
23 25
23 26
23 27
23 28
23 30
23 33
23 42
23 51
23 58
23 59
23 61
23 62
23 64
23 67
23 72
23 73
23 74
23 75
23 82
23 84
23 85
28 33
28 66
28 67
28 69
28 40
28 73
28 42
28 62
28 17
28 82
28 74
28 53
28 22
28 85
28 24
28 25
28 27
28 61
28 30
28 63
29 28
30 64
30 66
30 59
30 74
30 75
30 53
30 22
30 85
30 24
30 25
30 26
30 27
30 61
30 30
30 63
31 17
31 22
31 27
31 28
31 30
31 33
31 40
31 42
31 51
31 53
31 59
31 61
31 62
31 63
31 66
31 67
31 72
31 73
31 74
31 75
31 82
31 84
31 85
32 64
32 33
32 66
32 59
32 69
32 40
32 42
32 75
32 17
32 22
32 72
32 24
32 25
32 58
32 27
32 74
32 62
33 4
33 22
33 24
33 25
33 26
33 27
33 30
33 33
33 40
33 42
33 53
33 58
33 59
33 61
33 62
33 63
33 66
33 73
33 74
33 75
33 82
33 85
34 66
34 67
34 4
34 15
34 17
34 84
34 85
34 22
34 61
34 62
35 67
35 74
35 59
35 27
35 62
35 63
36 73
36 42
36 51
36 25
36 59
36 61
37 66
37 67
37 69
37 40
37 73
37 42
37 75
37 17
37 51
37 53
37 24
37 25
37 27
37 74
37 30
37 63
38 4
38 15
38 17
38 22
38 25
38 27
38 30
38 33
38 40
38 42
38 53
38 58
38 59
38 62
38 63
38 66
38 67
38 69
38 72
38 73
38 74
38 84
38 85
39 15
39 22
39 24
39 25
39 26
39 27
39 28
39 40
39 42
39 51
39 53
39 58
39 59
39 61
39 62
39 63
39 67
39 68
39 69
39 74
39 82
39 84
39 85
40 15
40 17
40 22
40 24
40 27
40 28
40 30
40 40
40 51
40 53
40 59
40 61
40 62
40 63
40 66
40 67
40 69
40 72
40 74
40 75
40 84
40 85
41 15
41 17
41 22
41 24
41 25
41 27
41 30
41 33
41 40
41 42
41 53
41 58
41 59
41 61
41 63
41 66
41 67
41 72
41 73
41 74
41 75
41 84
41 85
42 64
42 33
42 66
42 4
42 40
42 74
42 75
42 17
42 82
42 51
42 22
42 24
42 25
42 58
42 59
42 61
42 62
42 63
43 15
43 17
43 24
43 25
43 26
43 27
43 28
43 33
43 40
43 42
43 53
43 58
43 59
43 61
43 62
43 63
43 64
43 66
43 69
43 74
43 75
43 84
43 85
44 64
44 33
44 66
44 67
44 4
44 69
44 84
44 40
44 73
44 42
44 17
44 74
44 53
44 85
44 72
44 25
44 59
44 61
44 62
44 63
45 33
45 67
45 4
45 69
45 73
45 42
45 75
45 17
45 84
45 85
45 22
45 24
45 25
45 74
45 62
45 63
46 33
46 66
46 67
46 40
46 42
46 75
46 72
46 84
46 53
46 22
46 25
46 58
46 27
46 74
46 62
46 85
47 3
47 72
47 59
47 67
47 85
47 24
47 27
49 33
49 59
49 40
49 73
49 42
49 75
49 72
49 84
49 53
49 22
49 85
49 24
49 58
49 27
49 74
49 30
49 63
52 3
52 4
52 17
52 22
52 24
52 27
52 30
52 33
52 40
52 42
52 51
52 53
52 58
52 59
52 63
52 66
52 67
52 69
52 73
52 74
52 75
52 82
54 15
54 17
54 22
54 24
54 25
54 27
54 30
54 33
54 40
54 42
54 50
54 51
54 53
54 58
54 59
54 62
54 63
54 66
54 69
54 75
54 82
54 84
54 85
55 3
55 17
55 22
55 24
55 25
55 26
55 27
55 28
55 33
55 42
55 53
55 58
55 59
55 62
55 66
55 67
55 69
55 72
55 73
55 74
55 75
55 84
55 85
56 15
56 22
56 24
56 25
56 27
56 30
56 33
56 40
56 42
56 51
56 53
56 58
56 59
56 61
56 62
56 63
56 67
56 69
56 72
56 73
56 74
56 84
56 85
57 4
57 15
57 17
57 24
57 25
57 27
57 28
57 30
57 40
57 42
57 53
57 61
57 62
57 66
57 67
57 69
57 72
57 73
57 75
57 82
57 84
57 85
60 33
60 66
60 67
60 69
60 40
60 73
60 74
60 75
60 15
60 17
60 62
60 22
60 24
60 72
60 26
60 59
60 58
60 30
60 85
65 17
65 22
65 24
65 25
65 26
65 27
65 28
65 30
65 33
65 40
65 51
65 58
65 59
65 61
65 62
65 64
65 66
65 69
65 72
65 73
65 74
65 75
65 85
70 64
70 33
70 66
70 67
70 4
70 69
70 40
70 75
70 51
70 85
70 22
70 24
70 26
70 27
70 61
70 30
71 15
71 17
71 22
71 24
71 25
71 27
71 30
71 33
71 40
71 42
71 51
71 53
71 58
71 61
71 62
71 63
71 66
71 67
71 69
71 72
71 75
71 84
71 85
76 33
76 3
76 42
76 25
76 58
76 28
77 64
77 66
77 59
77 40
77 73
77 74
77 67
77 75
77 51
77 53
77 22
77 85
77 24
77 25
77 27
77 62
77 63
78 4
78 15
78 17
78 24
78 27
78 28
78 33
78 40
78 42
78 51
78 53
78 58
78 59
78 61
78 62
78 64
78 66
78 67
78 73
78 74
78 75
78 82
78 85
79 64
79 33
79 3
79 42
79 75
79 17
79 82
79 67
79 84
79 62
79 85
79 24
79 25
79 58
79 59
79 28
79 74
79 30
79 63
80 33
80 66
80 75
80 40
80 73
80 74
80 62
80 17
80 51
80 53
80 22
80 72
80 24
80 25
80 26
80 27
80 61
80 30
80 63
81 66
81 67
81 69
81 40
81 75
81 15
81 84
81 22
81 58
81 61
82 69
82 42
82 17
82 51
82 85
82 22
82 24
82 26
82 62
83 66
83 67
83 69
83 40
83 73
83 74
83 75
83 84
83 62
83 22
83 25
83 27
83 30
83 63
86 66
86 59
86 69
86 73
86 42
86 67
86 17
86 75
86 51
86 74
86 53
86 22
86 24
86 25
86 26
86 27
86 61
86 85
86 63
87 64
87 33
87 66
87 75
87 4
87 69
87 40
87 42
87 62
87 72
87 84
87 53
87 24
87 25
87 61
87 30
87 85
