88
1 2
1 6
1 9
1 10
1 17
1 20
1 21
1 25
1 30
1 31
1 32
1 33
1 36
1 37
1 40
1 47
1 49
1 54
1 60
1 70
1 76
1 77
1 79
1 87
2 32
2 1
2 2
2 35
2 37
2 65
2 40
2 74
2 43
2 66
2 77
2 67
2 69
2 53
2 22
2 23
2 83
2 71
2 54
2 62
2 31
4 1
4 38
4 70
4 72
4 10
4 75
4 12
4 45
4 78
4 17
4 53
4 23
4 74
4 62
5 34
5 71
5 74
5 2
5 16
5 49
5 52
6 1
6 2
6 9
6 11
6 17
6 21
6 30
6 33
6 35
6 39
6 40
6 43
6 46
6 49
6 53
6 65
6 66
6 76
6 81
6 82
6 83
6 85
6 86
6 87
7 72
7 12
8 0
8 66
8 35
8 69
8 49
8 40
8 41
8 43
8 12
8 77
8 46
8 48
8 17
8 83
8 52
8 21
8 22
8 73
8 60
8 30
8 31
9 65
9 34
9 87
9 37
9 6
9 39
9 9
9 62
9 44
9 78
9 79
9 17
9 21
9 86
9 69
9 49
9 30
9 53
10 32
10 34
10 67
10 54
10 70
10 39
10 10
10 71
10 77
10 79
10 16
10 75
10 83
10 20
10 22
10 86
10 62
10 69
11 1
11 43
11 4
11 38
11 33
11 73
11 11
11 44
11 76
11 16
11 17
11 75
11 83
11 22
11 87
12 1
12 3
12 5
12 35
12 71
12 73
12 13
12 49
12 81
12 83
12 41
12 57
12 33
12 37
13 0
13 33
13 43
13 82
13 6
13 39
13 10
13 11
13 44
13 45
13 48
13 75
13 20
13 53
13 52
13 71
13 60
13 31
15 0
15 33
15 2
15 37
15 6
15 65
15 72
15 41
15 12
15 77
15 44
15 48
15 81
15 83
15 20
15 79
15 62
15 31
16 1
16 4
16 9
16 10
16 11
16 12
16 16
16 20
16 21
16 22
16 23
16 25
16 30
16 35
16 37
16 52
16 53
16 62
16 69
16 71
16 72
16 73
16 82
16 86
17 0
17 67
17 4
17 5
17 6
17 40
17 41
17 74
17 75
17 77
17 78
17 72
17 83
17 52
17 21
17 54
17 87
22 66
22 67
22 49
22 81
22 39
22 74
22 71
22 44
22 77
22 47
22 17
22 82
22 83
22 21
22 69
22 87
22 53
22 62
22 31
24 0
24 33
24 36
24 69
24 48
24 72
24 9
24 75
24 44
24 77
24 79
24 16
24 49
24 20
24 53
24 56
24 30
25 0
25 66
25 37
25 6
25 71
25 73
25 43
25 44
25 77
25 78
25 47
25 76
25 82
25 20
25 86
25 52
26 65
26 34
26 4
26 5
26 9
26 10
26 12
26 48
26 76
26 52
26 53
26 54
26 73
26 25
26 74
28 2
28 4
28 5
28 70
28 41
28 10
28 75
28 76
28 46
28 79
28 48
28 22
28 86
28 62
28 37
29 75
29 76
29 23
30 0
30 32
30 2
30 35
30 48
30 70
30 39
30 40
30 41
30 43
30 16
30 81
30 75
30 20
30 87
31 0
31 32
31 2
31 71
31 5
31 33
31 41
31 10
31 11
31 47
31 48
31 17
31 75
31 21
31 49
32 33
32 35
32 4
32 37
32 70
32 39
32 10
32 45
32 77
32 16
32 51
32 21
32 54
32 87
32 57
33 2
33 6
33 10
33 11
33 16
33 17
33 21
33 30
33 32
33 35
33 38
33 39
33 40
33 43
33 52
33 54
33 60
33 62
33 67
33 70
33 73
33 74
33 76
33 79
35 33
35 43
35 4
35 9
35 11
35 76
35 13
35 46
35 47
35 48
35 81
35 82
35 20
35 86
35 87
35 36
35 62
35 52
37 0
37 65
37 11
37 6
37 75
37 44
37 77
37 78
37 17
37 20
37 25
37 30
38 66
38 67
38 37
38 38
38 72
38 44
38 74
38 87
38 12
38 47
38 82
38 20
38 21
38 73
38 23
38 79
38 70
40 1
40 2
40 4
40 5
40 9
40 10
40 11
40 17
40 21
40 22
40 35
40 37
40 39
40 41
40 43
40 45
40 54
40 60
40 67
40 70
40 77
40 81
40 86
41 0
41 32
41 3
41 4
41 54
41 6
41 65
41 73
41 75
41 86
41 48
41 49
41 82
41 35
41 20
41 53
41 22
41 25
41 81
41 30
41 51
42 1
42 4
42 10
42 11
42 23
42 30
42 32
42 35
42 37
42 38
42 39
42 41
42 43
42 47
42 53
42 54
42 56
42 66
42 70
42 72
42 73
42 74
42 83
44 0
44 1
44 2
44 35
44 4
44 37
44 65
44 41
44 74
44 75
44 78
44 79
44 83
44 54
44 86
44 31
46 1
46 2
46 5
46 6
46 21
46 30
46 43
46 48
46 49
46 53
46 60
46 62
46 63
46 65
46 66
46 67
46 69
46 70
46 73
46 74
46 79
46 81
46 82
46 86
47 66
47 67
47 36
47 37
47 39
47 72
47 9
47 43
47 44
47 77
47 79
47 76
47 81
47 75
47 52
47 86
47 23
47 71
47 60
49 32
49 48
49 34
49 65
49 10
49 75
49 66
49 77
49 16
49 49
49 53
49 22
49 87
49 74
49 63
50 2
50 4
50 10
50 12
50 13
50 23
50 25
50 30
50 31
50 32
50 35
50 36
50 39
50 40
50 45
50 49
50 57
50 65
50 69
50 71
50 73
50 76
51 1
51 66
51 37
51 6
51 65
51 9
51 12
51 77
51 16
51 17
51 22
51 54
51 62
51 31
59 33
59 34
59 67
59 69
59 39
59 9
59 43
59 76
59 79
59 20
59 86
59 87
59 54
59 62
62 32
62 65
62 35
62 36
62 38
62 71
62 72
62 9
62 75
62 13
62 46
62 16
62 49
62 83
62 54
62 30
63 67
63 49
63 38
63 39
63 72
63 44
63 74
63 43
63 12
63 45
63 16
63 17
63 83
63 52
63 21
63 76
63 69
63 53
66 0
66 32
66 2
66 67
66 38
66 8
66 74
66 87
66 66
66 79
66 81
66 83
66 20
66 53
66 23
67 0
67 1
67 66
67 43
67 4
67 86
67 38
67 40
67 9
67 11
67 76
67 81
67 67
67 41
67 22
67 23
67 36
67 30
67 31
68 48
68 4
68 5
68 39
68 40
68 73
68 10
68 75
68 13
68 46
68 45
68 16
68 17
68 78
68 87
68 24
68 57
68 63
68 62
68 37
70 1
70 10
70 11
70 12
70 16
70 22
70 23
70 30
70 33
70 35
70 37
70 39
70 43
70 44
70 46
70 47
70 52
70 53
70 74
70 78
70 79
70 81
70 83
70 86
71 33
71 34
71 67
71 4
71 5
71 81
71 65
71 72
71 41
71 71
71 12
71 48
71 49
71 21
71 76
71 23
72 0
72 5
72 6
72 9
72 11
72 16
72 21
72 22
72 32
72 33
72 34
72 35
72 40
72 43
72 44
72 45
72 48
72 49
72 52
72 60
72 62
72 71
72 72
72 81
72 86
73 32
73 65
73 2
73 3
73 4
73 86
73 39
73 10
73 71
73 44
73 66
73 81
73 53
73 54
73 23
78 65
78 66
78 34
78 69
78 38
78 9
78 11
78 13
78 43
78 81
78 20
78 86
78 23
78 52
79 0
79 2
79 35
79 5
79 6
79 71
79 11
79 44
79 66
79 79
79 48
79 22
79 87
79 56
79 54
79 62
85 65
85 4
85 37
85 6
85 1
85 72
85 41
85 74
85 13
85 45
85 85
85 87
85 56
87 2
87 4
87 12
87 13
87 22
87 23
87 31
87 33
87 38
87 45
87 47
87 52
87 60
87 71
87 72
87 73
87 74
87 75
87 77
87 81
87 83
87 87
