88
0 35
0 46
0 80
0 81
0 83
0 53
0 24
0 27
0 29
0 30
0 31
1 64
1 33
1 68
1 37
1 81
1 49
1 76
1 74
1 12
1 13
1 77
1 61
1 80
1 17
1 21
1 24
1 27
1 60
1 29
1 85
1 53
2 33
2 67
2 35
2 68
2 81
2 76
2 83
2 12
2 77
2 79
2 80
2 49
2 82
2 51
2 21
2 58
2 27
2 28
2 53
3 1
3 69
3 16
3 33
3 13
3 46
3 80
3 50
3 24
3 58
3 28
3 61
4 0
4 33
4 35
4 4
4 68
4 43
4 76
4 46
4 47
4 16
4 81
4 75
4 83
4 85
4 57
4 28
4 30
4 31
5 80
5 50
5 76
5 85
6 4
7 0
7 33
7 35
7 4
7 37
7 81
7 80
7 75
7 77
7 47
7 16
7 49
7 50
7 67
7 21
7 85
7 27
7 28
7 69
7 53
9 51
9 35
9 4
9 76
9 47
9 80
9 81
9 83
9 21
9 22
9 57
9 27
9 53
9 31
10 33
10 68
10 69
10 81
10 76
10 42
10 12
10 77
10 78
10 61
10 17
10 51
10 21
10 60
10 29
10 85
10 31
11 1
11 68
11 49
11 33
11 76
11 43
11 12
11 77
11 17
11 82
11 51
11 22
11 27
11 28
11 31
13 0
13 4
13 37
13 76
13 42
13 43
13 12
13 47
13 17
13 74
13 24
13 58
13 27
13 28
13 29
17 16
17 24
17 60
17 21
19 33
19 67
19 51
19 76
19 16
19 35
19 21
20 64
20 1
20 35
20 69
20 76
20 12
20 77
20 46
20 50
20 51
20 53
20 85
20 78
20 60
20 61
20 30
20 31
21 51
21 4
21 69
21 74
21 43
21 77
21 47
21 42
21 24
21 37
21 31
22 0
22 4
22 12
22 17
22 24
22 26
22 28
22 30
22 35
22 37
22 42
22 46
22 47
22 51
22 53
22 57
22 60
22 69
22 75
22 77
22 80
22 81
24 1
24 4
24 13
24 20
24 22
24 26
24 27
24 28
24 30
24 35
24 42
24 43
24 46
24 51
24 57
24 67
24 68
24 76
24 78
24 80
24 83
24 85
25 0
25 1
25 12
25 21
25 24
25 27
25 31
25 35
25 37
25 46
25 49
25 50
25 53
25 55
25 57
25 60
25 61
25 69
25 79
25 80
25 81
25 82
25 83
26 33
26 35
26 4
26 81
26 60
26 12
26 61
26 77
26 47
26 76
26 49
26 78
26 83
26 21
26 24
26 28
26 29
28 0
28 32
28 83
28 36
28 49
28 64
28 60
28 13
28 46
28 77
28 17
28 50
28 51
28 21
28 24
28 58
28 27
28 28
29 1
29 50
29 49
29 13
29 16
29 81
29 82
29 21
29 57
29 27
29 29
30 0
30 1
30 66
30 35
30 4
30 37
30 42
30 83
30 76
30 46
30 47
30 16
30 81
30 51
30 21
30 27
30 53
30 85
30 31
31 0
31 33
31 83
31 74
31 12
31 13
31 46
31 77
31 81
31 51
31 53
31 22
31 55
31 57
31 79
31 60
31 29
31 85
31 31
32 1
32 66
32 4
32 37
32 33
32 74
32 43
32 77
32 46
32 47
32 49
32 51
32 53
32 22
32 85
32 27
32 69
32 31
33 2
33 68
33 74
33 12
33 79
33 80
33 50
33 21
33 57
33 47
33 28
33 53
33 31
34 68
34 65
34 4
34 37
34 76
34 74
34 75
34 12
34 77
34 47
34 21
34 55
34 24
34 57
34 58
34 69
35 64
35 1
35 35
35 4
35 37
35 33
35 79
35 43
35 76
35 47
35 80
35 20
35 21
35 27
35 53
35 85
35 31
36 1
36 68
36 37
36 33
36 60
36 82
36 46
36 80
36 81
36 50
36 83
36 21
36 55
36 57
36 58
36 27
36 28
36 69
37 69
37 60
37 74
37 12
37 77
37 82
37 20
37 53
37 24
37 28
37 37
38 37
38 43
38 76
38 46
38 47
38 16
38 58
38 31
38 69
39 67
39 68
39 12
39 76
39 79
39 81
39 50
39 51
39 20
39 57
39 27
39 31
42 0
42 1
42 35
42 4
42 69
42 77
42 46
42 79
42 80
42 83
42 53
42 24
42 68
42 85
42 31
43 33
43 35
43 68
43 37
43 74
43 47
43 50
43 21
43 4
43 31
46 0
46 35
46 4
46 37
46 60
46 12
46 46
46 47
46 51
46 85
46 24
46 58
46 28
46 29
46 69
47 1
47 67
47 33
47 42
47 77
47 46
47 81
47 51
47 20
47 53
47 55
47 58
47 27
47 29
47 31
48 0
48 1
48 21
48 24
48 26
48 27
48 29
48 31
48 35
48 42
48 46
48 47
48 49
48 51
48 53
48 58
48 60
48 61
48 69
48 77
48 81
48 83
48 85
50 0
50 33
50 4
50 37
50 68
50 49
50 76
50 74
50 12
50 17
50 20
50 53
50 55
50 24
50 57
50 27
50 85
50 31
51 0
51 1
51 35
51 4
51 69
51 81
51 33
51 64
51 12
51 78
51 47
51 80
51 49
51 50
51 83
51 85
51 24
51 27
52 0
52 1
52 83
52 35
52 36
52 78
52 82
52 46
52 50
52 51
52 53
52 24
52 68
52 27
52 60
52 30
52 85
54 0
54 1
54 36
54 77
54 74
54 75
54 76
54 61
54 46
54 47
54 17
54 50
54 51
54 82
54 24
54 79
54 29
54 31
58 1
58 35
58 68
58 69
58 33
58 12
58 76
58 47
58 80
58 49
59 0
59 1
59 35
59 37
59 75
59 77
59 46
59 47
59 81
59 51
59 20
59 78
59 28
59 29
59 30
59 69
60 64
60 1
60 4
60 60
60 78
60 80
60 49
60 50
60 21
60 24
60 27
60 28
60 85
62 1
62 35
62 4
62 37
62 60
62 12
62 78
62 47
62 80
62 51
62 53
62 57
62 79
62 28
62 29
62 30
62 85
64 68
64 76
64 79
64 80
64 50
64 51
64 24
64 26
64 27
64 29
66 64
66 33
66 4
66 37
66 68
66 81
66 79
66 80
66 49
66 83
66 85
66 69
66 24
66 57
66 58
66 27
66 28
66 30
66 31
72 1
72 67
72 4
72 37
72 42
72 76
72 46
72 80
72 49
72 20
72 53
72 68
72 27
72 28
72 61
72 85
72 69
74 1
74 4
74 17
74 22
74 27
74 35
74 37
74 42
74 46
74 49
74 50
74 60
74 64
74 67
74 68
74 69
74 74
74 75
74 76
74 78
74 80
74 82
74 85
75 0
75 1
75 68
75 69
75 10
75 76
75 46
75 80
75 49
75 50
75 21
75 24
75 53
75 29
75 31
77 35
77 68
77 69
77 49
77 60
77 74
77 75
77 12
77 80
77 81
77 50
77 36
77 28
77 37
78 68
78 37
78 81
78 12
78 77
78 78
78 79
78 49
78 50
78 51
78 21
78 57
78 28
78 29
78 85
79 0
79 68
79 83
79 4
79 74
79 43
79 12
79 77
79 79
79 49
79 51
79 21
79 55
79 57
79 58
79 27
79 53
83 64
83 1
83 35
83 37
83 81
83 76
83 42
83 43
83 12
83 47
83 49
83 50
83 85
83 24
83 57
83 27
83 69
83 31
84 33
84 35
84 4
84 37
84 81
84 42
84 75
84 78
84 77
84 46
84 49
84 50
84 51
84 21
84 24
84 68
84 60
84 29
84 69
84 53
86 82
86 68
86 37
86 81
86 49
86 74
86 76
86 13
86 46
86 77
86 16
86 17
86 50
86 51
86 21
86 24
86 85
87 4
87 37
87 60
87 42
87 76
87 13
87 46
87 79
87 49
87 50
87 82
87 21
87 24
87 68
87 58
87 53
87 28
87 29
87 31
