88
0 51
0 2
0 75
0 73
0 74
0 43
0 44
0 13
0 15
0 49
0 19
0 54
0 83
0 25
0 26
0 63
0 58
0 62
0 31
1 51
1 2
1 75
1 74
1 43
1 44
1 13
1 48
1 87
1 82
1 19
1 54
1 23
1 83
1 25
1 26
1 58
1 63
3 48
3 63
3 59
3 87
4 19
4 83
4 48
4 51
4 87
4 59
5 19
5 83
5 75
5 13
5 51
5 2
5 26
5 59
6 73
6 13
6 48
6 83
6 54
6 26
6 63
7 51
7 2
7 87
7 63
7 74
7 43
7 44
7 13
7 73
7 48
7 76
7 82
7 19
7 54
7 23
7 26
7 59
7 31
8 51
8 15
8 13
8 63
8 87
9 51
9 2
9 75
9 76
9 74
9 43
9 44
9 13
9 15
9 48
9 87
9 19
9 54
9 23
9 83
9 25
9 26
9 59
9 58
10 51
10 2
10 87
10 73
10 75
10 76
10 13
10 82
10 19
10 54
10 23
10 83
10 25
10 26
10 59
10 63
11 2
11 76
11 75
11 44
11 13
11 49
11 51
12 51
12 63
12 23
12 44
12 48
12 19
12 54
12 87
12 26
12 59
12 58
12 31
15 2
15 87
15 19
15 23
15 58
15 59
16 19
16 44
16 48
16 83
16 54
16 87
16 63
17 51
17 2
17 75
17 63
17 43
17 44
17 13
17 15
17 48
17 49
17 19
17 54
17 87
17 83
17 25
17 58
17 59
17 31
18 49
18 83
18 19
18 44
18 87
20 48
20 59
20 13
20 23
21 19
21 63
21 26
21 83
21 15
22 51
22 2
22 75
22 73
22 43
22 44
22 13
22 48
22 76
22 82
22 19
22 54
22 87
22 83
22 25
22 26
22 59
22 63
23 2
23 75
23 63
23 43
23 76
23 13
23 15
23 87
23 49
23 82
23 83
23 23
23 26
23 59
23 58
23 62
23 31
24 19
24 23
24 76
24 13
24 48
24 83
24 54
24 87
24 25
24 26
24 59
24 31
26 51
26 83
26 43
26 76
26 13
26 15
26 48
26 19
26 54
26 25
26 63
26 62
26 31
27 51
27 2
27 87
27 63
27 74
27 75
27 44
27 48
27 76
27 82
27 19
27 54
27 73
27 83
27 25
27 26
27 59
27 58
27 31
28 48
28 25
28 51
28 23
29 51
29 44
29 76
29 83
29 54
29 87
29 25
30 2
30 75
30 73
30 43
30 44
30 13
30 15
30 76
30 49
30 51
30 87
30 23
30 83
30 25
30 26
30 59
30 58
30 62
30 63
32 51
32 2
32 75
32 63
32 43
32 44
32 15
32 48
32 87
32 82
32 19
32 54
32 23
32 83
32 58
32 59
32 62
32 31
34 2
34 87
34 73
34 74
34 43
34 44
34 13
34 76
34 51
34 54
34 23
34 26
34 59
34 62
34 31
35 51
35 43
35 74
35 23
35 44
35 13
35 48
35 83
35 87
35 25
35 59
35 62
35 63
36 51
36 2
36 75
36 63
36 74
36 43
36 44
36 13
36 48
36 76
36 19
36 54
36 73
36 83
36 25
36 26
36 59
36 31
37 51
37 2
37 75
37 76
37 74
37 43
37 44
37 13
37 15
37 48
37 87
37 82
37 19
37 54
37 23
37 83
37 26
37 62
38 51
38 83
38 13
38 49
38 19
38 23
38 26
38 59
38 63
39 2
39 75
39 63
39 43
39 44
39 13
39 73
39 48
39 87
39 51
39 54
39 23
39 83
39 26
39 59
39 58
39 62
39 31
40 51
40 2
40 63
40 75
40 44
40 48
40 76
40 82
40 19
40 54
40 23
40 83
40 25
40 26
40 59
40 31
41 87
41 63
41 43
41 44
41 73
41 48
41 76
41 51
41 54
41 23
41 25
41 26
41 59
41 62
41 31
42 43
42 76
42 48
42 83
42 23
42 59
42 63
44 2
44 63
44 43
44 44
44 73
44 48
44 82
44 51
44 54
44 23
44 83
44 25
44 59
44 62
44 31
45 51
45 2
45 75
45 73
45 43
45 44
45 13
45 48
45 76
45 19
45 54
45 23
45 87
45 59
45 62
45 31
46 73
46 75
46 13
46 83
46 23
46 26
47 2
47 63
47 43
47 76
47 13
47 48
47 49
47 82
47 51
47 87
47 83
47 25
47 26
47 59
47 31
48 51
48 2
48 73
48 43
48 44
48 13
48 76
48 48
48 49
48 19
48 54
48 23
48 83
48 26
48 59
48 58
48 63
49 51
49 2
49 63
49 43
49 44
49 13
49 15
49 48
49 19
49 54
49 23
49 83
49 25
49 58
49 59
49 73
49 62
49 31
50 51
50 2
50 87
50 73
50 74
50 43
50 44
50 13
50 15
50 48
50 49
50 82
50 19
50 54
50 23
50 25
50 26
50 59
50 76
50 31
51 51
51 2
51 87
51 73
51 75
51 44
51 15
51 48
51 49
51 19
51 54
51 23
51 26
51 59
51 76
51 62
51 63
52 51
52 2
52 48
52 83
52 87
52 25
52 63
53 48
53 26
53 19
53 76
54 51
54 2
54 87
54 76
54 74
54 83
54 44
54 13
54 15
54 48
54 19
54 54
54 23
54 25
54 26
54 59
54 63
55 51
55 2
55 87
55 73
55 43
55 44
55 13
55 15
55 48
55 49
55 19
55 54
55 23
55 83
55 25
55 58
55 59
55 76
55 31
56 51
56 83
56 74
56 76
56 48
56 19
56 59
57 19
57 51
57 73
57 76
57 13
57 83
57 87
57 25
57 63
59 2
59 87
59 63
59 83
59 44
59 13
59 15
59 48
59 76
59 19
59 54
59 23
59 25
59 26
59 59
59 73
59 31
60 51
60 44
60 13
60 15
60 48
60 83
60 54
60 87
60 25
60 59
60 63
61 51
61 83
61 87
61 73
61 75
61 44
61 13
61 15
61 48
61 49
61 76
61 19
61 54
61 23
61 25
61 26
61 58
61 62
61 63
64 74
64 76
64 13
64 48
64 19
64 59
64 31
65 19
65 2
65 73
65 75
65 44
65 13
65 15
65 82
65 51
65 54
65 23
65 83
65 87
65 59
67 51
67 2
67 75
67 63
67 74
67 43
67 44
67 13
67 48
67 76
67 82
67 19
67 87
67 23
67 83
67 25
67 26
67 59
67 31
68 73
68 59
68 54
68 23
69 2
69 75
69 76
69 43
69 44
69 48
69 49
69 51
69 54
69 87
69 83
69 25
69 26
69 59
69 58
69 62
70 51
70 2
70 73
70 19
70 26
70 59
70 63
71 51
71 83
71 75
71 63
71 74
71 43
71 44
71 13
71 15
71 48
71 49
71 19
71 73
71 23
71 26
71 59
71 87
71 31
72 51
72 87
72 63
72 43
72 44
72 13
72 15
72 48
72 49
72 76
72 19
72 54
72 23
72 25
72 26
72 59
72 58
72 31
76 83
76 87
76 63
76 43
76 44
76 13
76 73
76 48
76 49
76 51
76 54
76 23
76 25
76 26
76 59
76 76
76 31
77 51
77 2
77 73
77 75
77 44
77 13
77 19
77 54
77 23
77 83
77 59
77 62
77 63
78 48
78 76
78 44
78 25
78 23
79 51
79 83
79 87
79 63
79 75
79 44
79 13
79 15
79 76
79 49
79 19
79 54
79 23
79 25
79 26
79 59
79 73
79 62
79 31
80 2
80 75
80 48
80 82
80 19
80 54
80 87
80 63
81 73
81 74
81 75
81 44
81 13
81 48
81 19
81 87
81 23
81 26
81 59
81 63
84 2
84 63
84 83
84 48
84 19
84 87
84 59
84 31
85 2
85 13
85 48
85 19
85 87
85 26
85 59
86 2
86 73
86 75
86 13
86 63
86 48
86 51
86 54
86 23
86 25
86 26
86 59
86 58
86 31
