88
0 36
0 86
0 71
0 10
0 43
0 12
0 13
0 17
0 20
0 22
0 23
0 25
1 64
1 50
1 86
1 81
1 71
1 42
1 55
1 12
1 45
1 16
1 17
1 18
1 53
1 22
1 23
1 57
1 87
1 27
1 85
2 37
2 70
2 7
2 72
2 41
2 8
2 85
2 26
2 61
3 64
3 1
3 2
3 67
3 68
3 37
3 6
3 72
3 44
3 87
3 12
3 66
3 81
3 85
3 86
3 73
3 26
3 70
3 61
4 38
4 6
4 71
4 45
4 50
4 20
4 21
4 22
4 27
4 60
5 0
5 65
5 66
5 86
5 70
5 40
5 73
5 43
5 44
5 46
5 79
5 85
5 22
5 27
5 28
5 30
6 68
6 71
6 73
6 10
6 7
6 79
6 17
6 22
6 57
6 26
6 60
6 30
7 0
7 67
7 81
7 71
7 8
7 60
7 42
7 11
7 13
7 77
7 17
7 18
7 79
7 21
7 73
7 25
7 27
7 28
8 3
8 68
8 6
8 41
8 10
8 45
8 20
8 53
8 22
8 24
8 26
8 27
8 31
9 6
9 16
9 18
9 20
9 28
9 31
9 32
9 33
9 40
9 42
9 44
9 45
9 55
9 60
9 61
9 62
9 65
9 66
9 70
9 71
9 74
9 78
10 64
10 0
10 34
10 68
10 69
10 8
10 73
10 42
10 79
10 53
10 55
10 36
10 61
10 37
11 0
11 65
11 2
11 87
11 68
11 37
11 71
11 73
11 43
11 78
11 16
11 81
11 18
11 21
11 22
11 23
11 55
11 26
11 61
11 69
12 0
12 17
12 7
12 9
12 46
12 80
12 81
12 87
12 24
13 1
13 37
13 33
13 41
13 10
13 11
13 46
13 26
13 60
14 44
16 65
16 66
16 36
16 86
16 70
16 42
16 17
16 21
16 22
16 27
17 60
18 40
18 34
18 87
19 65
19 66
19 3
19 5
19 72
19 74
19 44
19 46
19 15
19 83
19 20
19 87
19 26
19 60
19 61
19 31
20 81
20 10
20 25
21 66
21 43
21 70
21 8
21 73
21 11
21 12
21 79
21 80
21 50
21 83
21 52
21 55
21 87
21 28
21 61
22 6
22 7
22 40
22 41
22 43
22 79
22 81
22 87
22 26
23 65
23 43
23 71
23 75
23 44
23 16
23 85
23 55
23 7
23 53
24 67
24 13
24 79
25 32
25 3
25 7
25 43
25 50
25 79
25 81
25 82
25 67
25 57
26 3
26 37
26 70
26 7
26 72
26 11
26 12
26 82
26 87
26 43
26 75
26 57
26 24
26 25
26 26
26 81
26 63
27 64
27 13
27 61
28 8
28 60
28 42
28 44
28 16
28 52
28 21
28 22
28 57
28 28
28 74
29 64
29 40
29 28
29 22
30 0
30 64
30 34
30 3
30 38
30 72
30 12
30 40
30 18
30 83
30 63
30 61
30 30
30 31
31 33
31 69
31 70
31 7
31 40
31 41
31 44
31 77
31 87
31 25
31 28
31 37
32 72
32 36
33 44
33 86
33 87
34 66
34 69
34 71
34 42
34 75
34 80
34 50
34 52
34 55
34 63
35 65
35 2
35 3
35 69
35 81
35 71
35 34
35 46
35 45
35 17
35 67
35 86
35 55
35 25
35 26
35 28
35 30
36 3
36 6
36 7
36 13
36 17
36 20
36 27
36 32
36 37
36 40
36 43
36 44
36 52
36 55
36 60
36 61
36 66
36 67
36 70
36 72
36 73
36 74
36 87
37 0
37 8
37 11
37 20
37 24
37 30
37 32
37 36
37 37
37 40
37 42
37 43
37 45
37 46
37 55
37 63
37 65
37 66
37 67
37 68
37 72
37 78
37 87
38 33
38 66
38 3
38 70
38 8
38 41
38 10
38 79
38 40
38 82
38 67
38 73
38 23
38 24
38 25
38 26
38 27
38 60
38 61
39 64
39 66
39 67
39 82
39 8
39 41
39 10
39 55
39 77
39 78
39 47
39 80
39 18
39 87
40 0
40 32
40 87
40 40
40 73
40 42
40 43
40 47
40 81
40 18
40 53
40 22
40 55
40 24
40 57
40 26
40 27
40 31
41 3
41 36
41 70
41 41
41 13
41 79
41 81
41 67
41 52
41 55
41 61
41 63
42 64
42 67
42 40
42 10
42 75
42 45
42 52
42 86
42 59
42 60
42 30
43 3
43 38
43 40
43 73
43 74
43 75
43 77
43 50
43 21
43 22
43 23
43 56
44 33
44 66
44 3
44 37
44 10
44 61
44 79
44 55
44 42
45 73
45 57
45 53
45 21
45 87
46 71
46 42
46 79
46 18
46 53
46 26
46 61
46 30
46 31
47 33
47 67
47 36
47 40
47 44
47 10
47 43
47 12
47 45
47 79
47 18
47 73
47 27
47 60
47 61
47 63
48 40
48 38
49 0
49 34
49 68
49 69
49 70
49 81
49 63
49 42
49 45
49 46
49 17
49 83
49 53
49 23
49 24
49 25
49 26
49 27
49 74
49 31
50 84
50 2
50 3
50 68
50 7
50 9
50 42
50 71
50 34
50 79
50 16
50 52
50 85
50 55
50 25
50 61
51 36
51 7
51 72
51 73
51 43
51 12
51 44
51 17
51 82
51 52
51 9
51 57
52 65
52 5
52 41
52 45
52 73
52 55
53 0
53 2
53 67
53 68
53 69
53 6
53 71
53 8
53 42
53 12
53 34
53 46
53 16
53 40
53 21
53 24
53 26
53 27
53 61
53 81
55 3
55 37
55 73
55 12
55 44
55 85
55 86
55 87
55 25
55 61
56 2
57 8
57 65
57 67
57 52
57 57
58 16
58 42
59 83
59 86
60 0
60 67
60 36
60 69
60 39
60 43
60 12
60 17
60 85
60 22
60 55
60 60
61 43
61 78
61 55
62 40
62 42
62 79
62 7
63 68
63 66
63 3
63 36
63 37
63 71
63 75
63 12
63 77
63 47
63 16
63 52
63 86
63 87
63 25
63 31
64 33
64 67
64 36
64 38
64 42
64 45
64 79
64 85
64 86
64 26
64 27
64 63
65 64
65 32
65 7
65 40
65 79
65 81
65 18
65 21
65 87
65 27
65 61
66 16
67 64
67 66
67 67
67 10
67 11
67 13
67 22
67 57
67 25
67 63
68 31
68 67
68 5
68 71
69 0
69 32
69 3
69 38
69 71
69 40
69 41
69 46
69 81
69 82
69 53
69 26
69 28
69 61
70 3
70 68
70 37
70 7
70 43
70 13
70 81
70 17
70 59
70 27
70 61
71 65
71 43
71 38
71 6
71 71
71 40
71 7
71 45
71 86
71 26
71 61
71 30
72 33
72 8
72 60
72 42
72 46
72 79
72 49
72 57
72 23
72 25
72 59
72 28
73 38
73 71
73 8
73 9
73 10
73 44
73 50
73 23
73 26
73 74
74 64
74 3
74 69
74 39
74 9
74 42
74 75
74 79
74 81
74 50
74 41
75 52
75 70
75 55
76 33
76 74
76 28
76 57
76 55
77 3
77 40
77 75
77 79
77 50
77 20
77 55
77 25
77 59
78 50
78 84
78 58
79 1
79 3
79 68
79 37
79 10
79 79
79 55
79 36
80 16
80 43
81 34
81 28
81 86
82 28
82 77
82 87
83 0
83 32
83 34
83 43
83 38
83 71
83 64
83 41
83 11
83 13
83 60
83 81
83 75
83 67
83 55
83 24
83 87
83 59
83 28
83 61
83 30
84 1
84 3
84 6
84 7
84 74
84 71
84 45
84 86
84 23
84 26
85 67
85 12
85 71
86 1
86 66
86 70
86 7
86 72
86 9
86 43
86 12
86 44
86 16
86 81
86 18
86 40
86 28
87 66
87 6
87 41
87 43
87 12
87 13
87 83
87 21
87 60
