88
1 0
1 34
1 3
1 66
1 70
1 7
1 72
1 73
1 42
1 71
1 13
1 46
1 49
1 75
1 52
1 86
1 57
1 56
1 25
1 87
1 62
2 0
2 13
2 19
2 20
2 33
2 34
2 40
2 42
2 44
2 48
2 49
2 52
2 53
2 54
2 61
2 64
2 65
2 66
2 71
2 73
2 75
2 78
2 83
4 0
4 66
4 3
4 70
4 40
4 83
4 13
4 46
4 16
4 49
4 19
4 54
4 57
4 72
4 25
4 87
6 0
6 66
6 5
6 71
6 78
6 49
6 57
6 54
6 87
6 56
6 25
6 60
6 61
7 33
7 34
7 3
7 7
7 73
7 10
7 46
7 18
7 19
7 20
7 78
7 54
7 87
7 57
7 60
7 61
9 0
9 64
9 34
9 70
9 65
9 49
9 40
9 42
9 71
9 12
9 13
9 46
9 17
9 20
9 53
9 57
9 25
9 60
9 62
9 52
11 0
11 64
11 34
11 75
11 66
11 86
11 38
11 7
11 40
11 60
11 10
11 43
11 13
11 78
11 83
11 52
11 53
11 54
11 57
11 28
11 62
13 65
13 43
13 38
13 70
13 71
13 75
13 13
13 78
13 83
13 52
13 57
13 61
14 65
14 2
14 3
14 5
14 7
14 72
14 10
14 75
14 12
14 13
14 34
14 19
14 20
14 53
14 86
14 87
14 25
14 74
14 60
14 61
14 62
18 5
18 10
18 13
18 17
18 19
18 25
18 32
18 40
18 43
18 49
18 52
18 53
18 54
18 56
18 57
18 61
18 64
18 65
18 70
18 72
18 73
18 74
18 78
18 83
19 64
19 66
19 3
19 70
19 7
19 72
19 43
19 49
19 83
19 20
19 53
19 54
19 25
19 71
19 61
19 62
19 52
21 64
21 66
21 36
21 5
21 7
21 72
21 42
21 43
21 12
21 13
21 78
21 17
21 83
21 53
21 54
22 0
22 66
22 70
22 72
22 42
22 34
22 78
22 19
22 53
22 56
22 25
22 60
23 64
23 0
23 33
23 74
23 78
23 52
23 53
23 57
23 60
23 61
23 62
26 64
26 66
26 86
26 72
26 42
26 75
26 13
26 78
26 45
26 48
26 82
26 83
26 52
26 53
26 54
26 87
26 56
26 62
26 85
27 0
27 7
27 10
27 13
27 17
27 20
27 25
27 33
27 34
27 40
27 43
27 45
27 46
27 48
27 49
27 57
27 60
27 61
27 73
27 74
27 78
27 83
27 86
27 87
28 3
28 7
28 10
28 12
28 13
28 16
28 17
28 20
28 25
28 32
28 34
28 40
28 53
28 56
28 57
28 60
28 61
28 62
28 66
28 75
28 78
28 86
28 87
29 64
29 3
29 5
29 70
29 71
29 40
29 73
29 42
29 13
29 48
29 49
29 19
29 52
29 53
29 86
29 87
29 72
29 61
30 3
30 10
30 13
30 16
30 19
30 20
30 42
30 43
30 44
30 45
30 46
30 54
30 56
30 61
30 62
30 66
30 70
30 71
30 72
30 75
30 78
30 86
30 87
31 0
31 2
31 7
31 10
31 13
31 20
31 25
31 34
31 40
31 48
31 49
31 53
31 54
31 56
31 57
31 62
31 70
31 72
31 78
31 82
31 83
31 86
31 87
33 0
33 3
33 74
33 70
33 7
33 40
33 73
33 10
33 71
33 46
33 49
33 18
33 83
33 20
33 78
33 86
33 87
33 72
33 60
33 42
35 32
35 34
35 3
35 36
35 86
35 70
35 10
35 43
35 12
35 13
35 48
35 17
35 75
35 19
35 83
35 66
35 54
35 57
35 56
35 25
35 62
37 0
37 33
37 66
37 3
37 48
37 64
37 44
37 71
37 12
37 46
37 16
37 72
37 19
37 20
37 86
37 73
37 83
37 60
37 61
37 62
39 2
39 3
39 66
39 5
39 70
39 7
39 40
39 43
39 12
39 34
39 78
39 48
39 72
39 19
39 20
39 54
39 71
39 86
41 2
41 5
41 13
41 19
41 25
41 33
41 34
41 40
41 42
41 44
41 46
41 48
41 52
41 53
41 60
41 61
41 62
41 65
41 70
41 72
41 73
41 74
41 78
41 82
43 64
43 65
43 2
43 43
43 75
43 78
43 52
43 61
46 3
46 5
46 10
46 12
46 13
46 19
46 20
46 25
46 33
46 44
46 46
46 49
46 52
46 53
46 54
46 56
46 57
46 60
46 62
46 66
46 73
46 83
47 5
47 7
47 16
47 19
47 20
47 33
47 34
47 40
47 44
47 48
47 49
47 53
47 57
47 60
47 61
47 64
47 66
47 71
47 73
47 75
47 78
47 82
47 85
47 86
49 0
49 33
49 66
49 48
49 69
49 70
49 7
49 75
49 12
49 13
49 46
49 16
49 83
49 20
49 86
49 57
49 25
49 28
50 3
50 5
50 10
50 12
50 16
50 19
50 25
50 33
50 34
50 40
50 42
50 43
50 46
50 48
50 54
50 61
50 65
50 71
50 72
50 73
50 75
50 83
50 86
50 87
53 64
53 34
53 3
53 7
53 40
53 10
53 43
53 12
53 75
53 19
53 86
53 87
53 83
53 57
53 71
53 42
53 62
57 34
57 43
57 36
57 75
57 13
57 49
57 20
57 53
57 57
58 5
58 12
58 20
58 34
58 38
58 40
58 43
58 46
58 49
58 53
58 54
58 55
58 56
58 60
58 61
58 64
58 66
58 70
58 71
58 72
58 75
58 83
58 87
59 0
59 66
59 3
59 40
59 44
59 10
59 12
59 78
59 16
59 17
59 19
59 52
59 53
59 54
59 57
59 62
62 66
62 3
62 74
62 7
62 73
62 10
62 13
62 46
62 16
62 49
62 83
62 52
62 78
62 54
62 55
62 56
62 57
62 86
62 61
62 62
63 3
63 7
63 17
63 25
63 34
63 40
63 42
63 43
63 44
63 53
63 54
63 56
63 60
63 62
63 64
63 65
63 66
63 71
63 72
63 73
63 82
63 87
66 3
66 70
66 71
66 74
66 43
66 13
66 19
66 57
66 62
67 0
67 64
67 34
67 3
67 86
67 70
67 7
67 73
67 10
67 71
67 82
67 78
67 48
67 49
67 75
67 52
67 54
67 56
67 57
67 62
76 10
76 12
76 13
76 16
76 19
76 25
76 33
76 40
76 42
76 48
76 49
76 53
76 56
76 57
76 60
76 62
76 66
76 70
76 72
76 75
76 83
76 86
76 87
77 0
77 3
77 13
77 17
77 18
77 19
77 20
77 25
77 33
77 34
77 40
77 46
77 49
77 52
77 54
77 62
77 64
77 70
77 71
77 74
77 75
77 86
77 87
79 33
79 3
79 5
79 7
79 40
79 42
79 71
79 78
79 48
79 17
79 75
79 20
79 86
79 57
79 56
79 25
79 49
79 61
79 72
79 52
80 66
80 3
80 71
80 74
80 75
80 49
80 82
80 19
80 52
80 56
80 7
81 3
81 7
81 17
81 20
81 25
81 33
81 34
81 40
81 43
81 46
81 48
81 49
81 53
81 54
81 64
81 65
81 66
81 70
81 71
81 72
81 73
81 78
81 87
82 0
82 64
82 66
82 70
82 65
82 40
82 71
82 12
82 48
82 17
82 19
82 20
82 54
82 87
82 72
82 52
82 61
82 83
83 34
83 71
83 72
83 73
83 10
83 78
83 17
83 83
83 20
83 54
83 87
83 56
83 60
83 61
84 83
84 86
84 71
84 72
84 74
84 75
84 46
84 17
84 19
84 20
84 53
84 54
84 57
84 56
84 25
84 60
86 0
86 72
86 73
86 46
86 83
86 53
86 54
86 87
86 25
87 64
87 34
87 3
87 70
87 73
87 42
87 43
87 44
87 46
87 48
87 83
87 53
87 54
87 87
87 56
87 61
