88
0 64
0 1
0 3
0 70
0 65
0 60
0 43
0 13
0 52
0 53
0 73
0 57
0 24
0 25
0 58
0 59
0 28
0 61
1 1
1 3
1 13
1 18
1 24
1 25
1 28
1 37
1 41
1 43
1 52
1 53
1 56
1 57
1 58
1 64
1 65
1 68
1 70
1 72
1 73
1 78
1 82
1 83
3 1
3 3
3 25
3 37
3 40
3 41
3 43
3 51
3 52
3 53
3 55
3 56
3 57
3 58
3 59
3 61
3 64
3 68
3 70
3 72
3 73
3 78
3 83
4 65
4 70
4 41
4 82
4 51
4 55
4 24
4 25
4 61
6 1
6 2
6 3
6 28
6 37
6 40
6 41
6 43
6 51
6 52
6 53
6 56
6 58
6 60
6 64
6 65
6 68
6 70
6 71
6 72
6 73
6 74
6 78
6 82
9 70
10 64
10 18
10 3
10 37
10 71
10 72
10 73
10 13
10 78
10 82
10 51
10 52
10 58
10 60
11 3
13 1
13 2
13 3
13 5
13 18
13 24
13 25
13 28
13 40
13 52
13 55
13 56
13 57
13 58
13 61
13 64
13 65
13 70
13 71
13 73
13 78
13 82
13 83
16 71
16 72
16 41
16 82
16 53
16 25
20 1
20 3
20 5
20 13
20 19
20 24
20 25
20 37
20 41
20 52
20 53
20 55
20 56
20 60
20 61
20 64
20 65
20 68
20 70
20 71
20 72
20 73
20 78
20 82
21 3
21 13
21 25
21 28
21 40
21 43
21 51
21 52
21 53
21 55
21 56
21 57
21 58
21 59
21 60
21 61
21 64
21 68
21 70
21 71
21 72
21 73
21 78
21 82
22 1
22 3
22 13
22 24
22 25
22 28
22 37
22 40
22 41
22 52
22 53
22 55
22 56
22 57
22 58
22 60
22 61
22 64
22 68
22 70
22 72
22 78
22 82
23 64
23 1
23 70
23 52
23 53
23 55
23 25
23 58
23 28
23 61
26 64
26 3
26 68
26 70
26 71
26 72
26 73
26 82
26 52
26 56
26 25
27 64
27 2
27 37
27 70
27 72
27 41
27 43
27 13
27 60
27 56
27 82
27 83
27 73
27 55
27 24
27 25
27 59
27 28
29 70
30 64
30 1
30 2
30 3
30 37
30 70
30 65
30 72
30 73
30 74
30 43
30 13
30 82
30 19
30 53
30 55
30 25
30 58
30 60
30 61
31 3
31 13
31 25
31 37
31 40
31 41
31 43
31 51
31 52
31 55
31 56
31 57
31 58
31 59
31 61
31 64
31 65
31 68
31 70
31 71
31 72
31 74
31 78
32 2
32 3
32 13
32 24
32 25
32 28
32 37
32 40
32 43
32 51
32 52
32 53
32 55
32 56
32 57
32 58
32 59
32 60
32 61
32 64
32 65
32 70
32 73
32 78
33 1
33 3
33 19
33 24
33 28
33 37
33 40
33 41
33 51
33 52
33 55
33 56
33 57
33 60
33 61
33 64
33 65
33 68
33 70
33 72
33 74
33 78
33 82
33 83
34 1
34 2
34 3
34 13
34 19
34 24
34 25
34 37
34 40
34 43
34 52
34 55
34 56
34 57
34 58
34 60
34 61
34 64
34 65
34 70
34 71
34 72
34 73
34 78
35 64
35 2
35 3
35 71
35 72
35 41
35 43
35 13
35 53
35 55
35 56
35 25
35 61
36 1
36 3
36 19
36 25
36 40
36 43
36 51
36 52
36 53
36 55
36 56
36 58
36 59
36 60
36 61
36 64
36 68
36 70
36 72
36 73
36 78
36 82
38 1
38 3
38 13
38 24
38 25
38 28
38 37
38 43
38 51
38 52
38 53
38 55
38 56
38 58
38 61
38 65
38 68
38 70
38 71
38 72
38 73
38 74
38 78
38 82
39 3
39 68
39 74
39 70
39 40
39 41
39 57
39 43
39 13
39 78
39 60
39 56
39 18
39 82
39 52
39 53
39 55
39 24
39 25
39 28
39 61
42 64
42 3
42 70
42 73
42 82
42 52
42 53
42 25
42 58
42 61
44 64
44 1
44 70
44 72
44 60
44 13
44 78
44 82
44 52
44 56
44 25
44 58
44 28
45 1
45 3
45 5
45 13
45 25
45 37
45 40
45 43
45 51
45 53
45 55
45 56
45 57
45 59
45 60
45 64
45 65
45 70
45 71
45 72
45 73
45 74
45 78
45 82
46 64
46 1
46 3
46 68
46 37
46 70
46 65
46 40
46 41
46 71
46 78
46 72
46 82
46 53
46 73
46 25
46 58
46 61
47 64
47 65
47 3
47 68
47 37
47 40
47 41
47 78
47 72
47 82
47 51
47 52
47 53
47 55
47 24
47 25
47 58
47 61
48 64
48 1
48 72
48 73
48 82
48 52
48 58
48 59
48 61
49 82
49 58
49 37
53 3
53 13
53 24
53 25
53 28
53 40
53 41
53 43
53 52
53 53
53 55
53 56
53 58
53 59
53 60
53 61
53 64
53 65
53 68
53 71
53 73
53 78
53 82
54 1
54 19
54 24
54 25
54 28
54 37
54 41
54 43
54 51
54 52
54 53
54 55
54 59
54 60
54 61
54 64
54 65
54 70
54 71
54 72
54 73
54 82
56 1
56 3
56 5
56 13
56 25
56 28
56 41
56 51
56 52
56 53
56 55
56 56
56 58
56 59
56 60
56 61
56 64
56 68
56 70
56 73
56 78
56 82
56 83
62 1
62 3
62 13
62 18
62 24
62 25
62 37
62 40
62 51
62 52
62 53
62 55
62 56
62 58
62 59
62 60
62 64
62 68
62 70
62 71
62 72
62 73
62 78
62 83
63 1
63 3
63 18
63 25
63 28
63 40
63 43
63 51
63 52
63 53
63 55
63 56
63 57
63 58
63 59
63 61
63 70
63 71
63 72
63 73
63 78
63 82
63 83
67 2
67 13
67 18
67 24
67 25
67 28
67 37
67 40
67 43
67 52
67 53
67 55
67 56
67 57
67 58
67 59
67 61
67 64
67 68
67 70
67 72
67 73
67 78
67 82
69 1
69 3
69 13
69 18
69 19
69 25
69 28
69 37
69 40
69 43
69 52
69 53
69 55
69 57
69 58
69 60
69 61
69 65
69 70
69 71
69 72
69 73
69 78
69 82
76 1
76 2
76 3
76 13
76 25
76 40
76 41
76 43
76 52
76 53
76 55
76 57
76 58
76 59
76 60
76 64
76 68
76 70
76 72
76 73
76 74
76 78
76 82
77 1
77 13
77 24
77 25
77 28
77 37
77 40
77 41
77 51
77 52
77 53
77 56
77 57
77 59
77 60
77 61
77 64
77 68
77 70
77 71
77 72
77 73
77 78
77 82
78 1
78 2
78 3
78 13
78 25
78 28
78 37
78 40
78 41
78 43
78 53
78 56
78 59
78 60
78 61
78 64
78 65
78 68
78 71
78 73
78 78
78 82
78 83
79 3
79 13
79 19
79 24
79 25
79 28
79 40
79 41
79 43
79 52
79 53
79 56
79 57
79 58
79 59
79 60
79 61
79 64
79 68
79 70
79 72
79 73
79 78
79 82
80 3
80 37
80 70
80 72
80 41
80 43
80 13
80 56
80 58
80 60
84 64
84 3
84 72
84 73
84 43
84 78
84 82
84 53
84 41
84 56
84 25
84 61
85 2
85 3
85 37
85 72
85 73
85 43
85 82
85 56
85 60
86 1
86 2
86 3
86 13
86 24
86 25
86 37
86 41
86 43
86 52
86 55
86 56
86 59
86 60
86 61
86 64
86 68
86 70
86 71
86 72
86 73
86 74
86 78
86 82
87 1
87 3
87 5
87 13
87 24
87 28
87 37
87 41
87 43
87 53
87 55
87 56
87 57
87 58
87 59
87 61
87 64
87 65
87 70
87 72
87 73
87 74
87 78
87 82
