88
0 6
0 9
0 11
0 16
0 20
0 21
0 27
0 33
0 35
0 41
0 42
0 43
0 48
0 49
0 57
0 60
0 65
0 72
0 74
0 77
0 78
0 84
0 87
1 9
1 11
1 21
1 26
1 29
1 31
1 35
1 36
1 40
1 46
1 49
1 52
1 53
1 54
1 57
1 62
1 64
1 65
1 69
1 74
1 83
1 85
2 0
2 6
2 11
2 14
2 16
2 20
2 26
2 29
2 31
2 32
2 33
2 36
2 38
2 41
2 49
2 53
2 55
2 57
2 60
2 62
2 65
2 71
2 74
2 77
2 81
2 83
2 86
2 87
4 1
4 36
4 6
4 9
4 42
4 62
4 76
4 77
4 46
4 47
4 18
4 21
4 55
4 87
4 59
4 78
4 30
4 53
5 10
5 38
6 6
6 9
6 10
6 11
6 14
6 16
6 17
6 18
6 20
6 22
6 23
6 26
6 36
6 41
6 42
6 43
6 46
6 53
6 55
6 57
6 58
6 60
6 64
6 65
6 68
6 78
6 82
6 83
6 84
8 74
8 43
8 77
8 47
8 81
8 18
8 83
8 52
8 53
8 87
8 62
8 60
8 30
8 31
9 84
9 41
9 78
9 47
9 48
9 20
9 21
9 55
9 24
9 57
9 26
10 32
10 1
10 71
10 9
10 75
10 76
10 77
10 14
10 47
10 49
10 20
10 46
10 87
10 84
10 58
10 78
10 31
11 18
11 21
11 71
12 84
12 71
13 3
13 10
13 11
13 15
13 16
13 17
13 20
13 22
13 26
13 27
13 29
13 33
13 38
13 41
13 42
13 43
13 46
13 50
13 51
13 53
13 55
13 62
13 64
13 72
13 77
13 78
13 85
14 32
14 6
14 78
14 41
14 10
14 43
14 76
14 46
14 80
14 18
14 21
14 58
14 27
14 42
14 53
15 9
15 87
16 87
17 1
17 34
17 69
17 51
17 10
17 77
17 46
17 16
17 18
17 42
17 84
17 21
17 70
17 29
17 31
18 0
18 9
18 10
18 11
18 18
18 20
18 21
18 24
18 26
18 29
18 32
18 36
18 41
18 43
18 52
18 53
18 55
18 57
18 58
18 60
18 74
18 77
18 78
18 79
18 84
18 87
20 1
20 9
20 10
20 13
20 16
20 26
20 30
20 33
20 36
20 38
20 42
20 47
20 49
20 52
20 53
20 57
20 58
20 60
20 61
20 62
20 65
20 66
20 74
20 77
20 78
21 67
21 71
21 9
21 10
21 77
21 20
21 41
21 57
21 29
22 10
22 53
23 0
23 64
23 36
23 65
23 46
23 77
23 14
23 48
23 18
23 52
23 21
23 55
23 62
23 58
23 60
23 30
23 31
24 16
24 82
24 29
25 84
25 20
25 36
26 11
26 14
26 18
26 20
26 32
26 33
26 34
26 36
26 37
26 38
26 43
26 44
26 46
26 47
26 48
26 53
26 55
26 57
26 62
26 63
26 65
26 71
26 76
26 80
26 83
27 1
27 6
27 10
27 11
27 18
27 20
27 25
27 26
27 33
27 38
27 41
27 43
27 48
27 49
27 55
27 60
27 65
27 66
27 71
27 74
27 75
27 76
27 77
27 78
27 81
27 83
27 87
28 60
28 29
29 9
29 16
29 20
29 27
29 31
29 32
29 34
29 40
29 41
29 45
29 47
29 49
29 55
29 58
29 59
29 60
29 65
29 74
29 76
29 77
29 78
29 80
29 83
29 87
30 32
30 65
30 38
30 77
30 46
30 16
30 49
30 55
30 57
30 30
31 32
31 1
31 38
31 39
31 64
31 41
31 14
31 15
31 48
31 49
31 83
31 78
31 23
31 47
31 85
31 31
32 81
32 43
32 60
32 53
32 29
33 52
33 47
34 84
34 1
34 10
34 20
34 21
35 52
36 0
36 3
36 10
36 11
36 13
36 14
36 16
36 18
36 19
36 21
36 27
36 28
36 30
36 38
36 40
36 42
36 43
36 47
36 49
36 53
36 55
36 56
36 58
36 60
36 62
36 63
36 66
36 71
37 64
37 60
37 29
38 0
38 1
38 32
38 11
38 49
38 55
38 30
39 9
39 42
39 27
40 48
40 73
40 26
41 0
41 64
41 36
41 81
41 41
41 42
41 13
41 77
41 16
41 49
41 79
41 84
41 55
41 58
41 27
41 60
41 30
42 9
42 28
42 60
42 57
43 1
43 83
43 21
43 46
44 16
44 76
45 43
46 49
46 66
46 26
47 64
47 84
47 36
47 76
47 14
47 16
47 20
47 57
47 52
47 31
48 1
48 9
48 10
48 14
48 16
48 18
48 29
48 30
48 32
48 36
48 37
48 38
48 41
48 43
48 44
48 46
48 48
48 49
48 53
48 74
48 76
48 78
48 81
48 83
48 84
48 87
49 59
49 78
49 16
49 81
49 18
49 84
49 26
49 27
50 16
50 1
50 38
51 26
52 9
52 58
53 14
53 6
53 29
54 48
54 9
55 3
55 10
55 11
55 16
55 21
55 24
55 26
55 29
55 30
55 31
55 42
55 44
55 45
55 46
55 50
55 55
55 57
55 58
55 60
55 69
55 74
55 78
55 80
55 82
55 84
56 2
56 41
56 77
56 16
56 55
56 29
56 30
57 82
58 0
58 65
58 69
58 74
58 44
58 14
58 81
58 52
58 62
59 0
59 6
59 10
59 18
59 20
59 21
59 26
59 30
59 31
59 34
59 38
59 47
59 48
59 53
59 60
59 62
59 64
59 73
59 74
59 76
59 77
59 78
59 79
59 81
59 82
59 87
60 64
60 67
60 36
60 41
60 10
60 12
60 13
60 46
60 47
60 48
60 62
60 87
60 57
60 59
60 30
61 83
61 76
61 87
62 31
62 65
62 10
62 55
62 49
63 0
63 64
63 3
63 36
63 70
63 41
63 11
63 14
63 48
63 21
63 87
63 46
63 62
63 58
63 27
63 60
63 61
63 30
64 32
64 1
64 3
64 70
64 65
64 64
64 10
64 11
64 77
64 14
64 48
64 49
64 52
64 21
64 71
64 58
64 62
64 53
65 6
66 0
66 35
66 6
66 10
66 11
66 76
66 14
66 48
66 43
66 18
66 58
66 20
66 87
66 57
66 26
66 27
66 29
67 9
67 58
68 26
69 48
69 27
70 64
70 0
71 32
71 60
71 47
72 57
73 62
74 77
74 78
75 29
75 78
76 0
76 64
76 6
76 53
76 9
76 42
76 43
76 78
76 47
76 48
76 49
76 18
76 83
76 21
76 57
76 27
76 29
76 62
76 31
77 10
77 51
77 60
78 1
78 6
78 10
78 14
78 18
78 20
78 21
78 29
78 30
78 31
78 38
78 42
78 47
78 49
78 55
78 60
78 62
78 63
78 65
78 74
78 77
78 82
78 83
78 84
78 87
79 58
79 84
80 64
80 48
80 6
81 0
81 1
81 11
81 20
81 26
81 27
81 29
81 31
81 32
81 36
81 48
81 52
81 53
81 57
81 61
81 62
81 64
81 65
81 66
81 71
81 72
81 73
81 76
81 77
81 83
81 87
82 65
82 37
82 1
82 41
82 10
82 43
82 48
82 84
82 53
82 20
82 58
82 27
82 60
83 26
84 4
84 6
84 11
84 14
84 16
84 21
84 28
84 29
84 32
84 39
84 41
84 42
84 47
84 48
84 49
84 53
84 55
84 57
84 58
84 59
84 64
84 74
84 76
84 78
84 79
84 81
84 87
86 32
86 11
86 78
86 47
86 16
86 84
86 21
86 52
86 53
87 0
87 2
87 6
87 10
87 11
87 18
87 21
87 26
87 29
87 32
87 35
87 39
87 41
87 42
87 43
87 47
87 49
87 53
87 55
87 57
87 58
87 60
87 62
87 66
87 67
87 76
87 77
87 78
87 83
87 86
