88
1 0
1 1
1 3
1 5
1 6
1 7
1 13
1 15
1 17
1 23
1 29
1 34
1 39
1 41
1 43
1 46
1 47
1 49
1 50
1 54
1 55
1 63
1 66
1 67
1 71
1 73
1 75
1 76
1 86
1 87
2 0
2 1
2 5
2 6
2 7
2 9
2 11
2 13
2 15
2 17
2 25
2 27
2 29
2 30
2 31
2 34
2 35
2 36
2 37
2 41
2 42
2 43
2 46
2 47
2 49
2 50
2 54
2 55
2 57
2 58
2 59
2 62
2 63
2 66
2 67
2 70
2 71
2 72
2 73
2 82
2 83
2 86
2 87
4 0
4 34
4 67
4 5
4 6
4 41
4 43
4 76
4 66
4 46
4 15
4 49
4 82
4 62
4 73
4 55
4 58
4 59
4 29
4 30
4 31
7 0
7 1
7 35
7 5
7 6
7 41
7 15
7 49
7 50
7 86
7 59
7 29
7 63
8 59
9 41
9 34
9 30
9 82
9 46
10 0
10 1
10 34
10 6
10 76
10 50
10 46
10 49
10 82
10 87
10 58
10 59
11 1
11 34
11 67
11 43
11 46
11 15
11 59
11 83
11 87
11 27
12 0
12 1
12 34
12 5
12 41
12 15
12 49
12 87
12 59
12 29
12 62
13 0
13 1
13 3
13 5
13 6
13 7
13 9
13 11
13 15
13 23
13 27
13 29
13 30
13 31
13 34
13 35
13 36
13 37
13 38
13 39
13 41
13 42
13 43
13 47
13 49
13 50
13 54
13 55
13 58
13 59
13 62
13 63
13 66
13 67
13 70
13 71
13 72
13 73
13 76
13 77
13 82
13 83
13 86
13 87
17 1
17 34
17 3
17 66
17 5
17 6
17 41
17 43
17 50
17 15
17 49
17 37
17 67
17 82
17 54
17 73
17 57
17 70
17 29
17 30
17 31
19 0
19 1
19 3
19 5
19 6
19 7
19 13
19 15
19 27
19 29
19 30
19 34
19 37
19 38
19 39
19 41
19 43
19 47
19 48
19 49
19 54
19 55
19 57
19 58
19 59
19 62
19 63
19 66
19 67
19 71
19 72
19 73
19 82
19 86
20 0
20 1
20 3
20 5
20 6
20 9
20 11
20 13
20 15
20 25
20 27
20 29
20 30
20 31
20 34
20 35
20 36
20 37
20 39
20 41
20 42
20 43
20 46
20 47
20 49
20 50
20 51
20 53
20 54
20 58
20 59
20 62
20 63
20 66
20 67
20 70
20 73
20 75
20 76
20 82
20 83
20 87
23 0
23 1
23 3
23 5
23 6
23 7
23 9
23 11
23 15
23 27
23 29
23 31
23 34
23 35
23 37
23 38
23 39
23 41
23 43
23 46
23 49
23 50
23 53
23 54
23 55
23 57
23 58
23 59
23 62
23 63
23 66
23 67
23 70
23 71
23 72
23 73
23 77
23 82
23 83
23 86
23 87
24 0
24 1
24 6
24 43
24 15
24 58
28 0
28 1
28 3
28 5
28 13
28 15
28 27
28 29
28 30
28 34
28 36
28 37
28 41
28 43
28 46
28 48
28 50
28 58
28 59
28 62
28 63
28 66
28 70
28 76
28 82
28 83
28 86
28 87
30 0
30 1
30 6
30 13
30 15
30 23
30 29
30 30
30 34
30 39
30 41
30 42
30 43
30 49
30 50
30 58
30 59
30 62
30 70
30 73
30 83
30 86
31 0
31 1
31 3
31 5
31 6
31 7
31 9
31 13
31 15
31 23
31 25
31 29
31 30
31 31
31 34
31 35
31 36
31 37
31 38
31 39
31 41
31 42
31 43
31 46
31 48
31 49
31 50
31 51
31 53
31 54
31 55
31 57
31 58
31 59
31 63
31 66
31 67
31 71
31 72
31 73
31 76
31 82
31 83
31 86
31 87
32 58
32 43
32 5
33 1
33 41
33 43
33 15
33 58
33 27
33 29
40 0
40 1
40 5
40 7
40 13
40 15
40 29
40 30
40 34
40 41
40 43
40 46
40 49
40 50
40 55
40 58
40 59
40 67
40 71
40 73
40 82
40 86
40 87
41 0
41 6
41 46
41 15
41 49
41 82
41 58
41 29
41 30
42 0
42 1
42 3
42 5
42 6
42 15
42 17
42 23
42 25
42 27
42 29
42 30
42 31
42 34
42 37
42 38
42 39
42 41
42 42
42 43
42 45
42 46
42 47
42 49
42 50
42 53
42 54
42 55
42 57
42 58
42 59
42 63
42 66
42 67
42 70
42 71
42 73
42 75
42 76
42 77
42 82
42 83
42 86
42 87
44 0
44 34
44 67
44 49
44 59
44 30
45 0
45 6
45 41
45 43
45 46
45 49
45 58
47 0
47 1
47 3
47 5
47 6
47 7
47 13
47 15
47 27
47 29
47 30
47 31
47 34
47 37
47 39
47 41
47 43
47 49
47 50
47 54
47 55
47 57
47 58
47 59
47 62
47 63
47 71
47 72
47 73
47 76
47 77
47 82
47 83
47 86
47 87
56 43
56 3
57 0
57 1
57 66
57 34
57 6
57 73
57 43
57 13
57 15
57 86
57 41
57 59
57 29
57 30
58 1
58 34
58 67
58 6
58 73
58 49
58 3
58 86
58 55
58 58
58 30
60 1
60 41
60 15
60 87
60 58
60 59
66 0
66 1
66 6
66 7
66 13
66 15
66 17
66 23
66 29
66 30
66 34
66 37
66 38
66 41
66 43
66 46
66 49
66 51
66 54
66 55
66 58
66 59
66 62
66 66
66 67
66 70
66 71
66 73
66 76
66 82
66 83
66 86
66 87
67 0
67 1
67 5
67 6
67 7
67 11
67 13
67 15
67 23
67 27
67 29
67 30
67 31
67 34
67 37
67 39
67 41
67 43
67 48
67 50
67 51
67 53
67 54
67 55
67 57
67 58
67 59
67 62
67 66
67 67
67 70
67 71
67 72
67 75
67 76
67 77
67 82
67 83
67 87
69 0
69 1
69 6
69 7
69 15
69 27
69 29
69 30
69 34
69 35
69 41
69 46
69 48
69 50
69 55
69 58
69 59
69 62
69 71
69 73
69 83
69 86
69 87
70 0
70 1
70 34
70 59
70 82
70 5
70 6
70 7
70 41
70 43
70 66
70 46
70 15
70 49
70 50
70 67
70 62
70 73
70 38
70 29
70 30
71 0
71 43
71 5
71 6
71 75
71 15
71 82
71 86
71 55
71 59
71 29
71 31
72 0
72 5
72 6
72 7
72 13
72 15
72 17
72 23
72 25
72 29
72 30
72 31
72 34
72 35
72 38
72 39
72 41
72 42
72 43
72 46
72 47
72 48
72 49
72 50
72 51
72 53
72 54
72 55
72 58
72 59
72 62
72 63
72 66
72 70
72 73
72 75
72 76
72 77
72 86
72 87
73 0
73 1
73 3
73 5
73 6
73 7
73 11
73 15
73 17
73 27
73 29
73 30
73 34
73 42
73 43
73 46
73 48
73 49
73 50
73 51
73 53
73 54
73 55
73 59
73 62
73 63
73 66
73 70
73 71
73 72
73 75
73 82
73 83
73 86
73 87
74 1
74 6
74 46
74 49
74 86
74 59
74 62
76 0
76 1
76 5
76 6
76 7
76 13
76 15
76 17
76 25
76 27
76 29
76 30
76 34
76 36
76 37
76 42
76 43
76 46
76 47
76 48
76 49
76 57
76 58
76 59
76 62
76 63
76 66
76 67
76 70
76 71
76 72
76 73
76 75
76 82
76 83
76 86
76 87
77 0
77 67
77 6
77 41
77 43
77 50
77 9
77 55
77 58
77 59
77 63
78 34
79 30
80 1
80 66
80 43
80 34
80 15
80 49
80 50
80 87
80 58
80 59
80 29
80 30
87 0
87 66
87 67
87 5
87 43
87 34
87 82
87 54
87 59
87 29
87 30
87 31
