88
2 71
2 75
2 44
2 47
2 48
2 81
2 86
2 87
2 25
2 58
2 63
3 67
3 36
3 5
3 70
3 40
3 76
3 78
3 79
3 48
3 54
3 24
3 25
3 47
4 86
4 67
4 36
4 54
4 6
4 71
4 76
4 79
4 75
4 44
4 13
4 78
4 77
4 50
4 22
4 87
4 68
4 58
4 59
4 60
6 0
6 33
6 34
6 3
6 70
6 65
6 64
6 74
6 45
6 13
6 78
6 15
6 48
6 81
6 50
6 67
6 84
6 54
6 55
6 59
6 79
8 0
8 1
8 83
8 3
8 68
8 65
8 33
8 55
8 45
8 78
8 48
8 50
8 35
8 22
8 23
9 54
9 76
9 37
9 78
9 77
10 0
10 33
10 34
10 8
10 64
10 75
10 13
10 77
10 47
10 20
10 78
10 73
10 55
10 58
10 79
11 87
13 33
13 36
13 54
13 42
13 12
13 13
13 45
13 17
13 50
13 79
13 53
13 22
13 24
13 47
13 63
14 78
19 33
19 74
19 22
19 45
19 70
21 0
21 67
21 75
21 50
21 83
21 84
21 24
21 20
21 58
22 64
22 33
22 87
22 82
22 6
22 75
22 76
22 45
22 77
22 13
22 80
22 78
22 83
22 52
22 57
22 55
22 25
22 58
22 29
22 84
24 1
24 36
24 70
24 33
24 72
24 55
24 45
24 78
24 79
24 50
24 83
24 87
24 56
25 0
25 34
25 3
25 82
25 37
25 8
25 55
25 13
25 48
25 87
25 50
25 85
25 23
25 58
25 75
26 0
26 33
26 3
26 36
26 5
26 6
26 71
26 40
26 76
26 12
26 45
26 81
26 82
26 83
26 84
26 87
26 24
28 64
28 84
28 22
28 63
29 48
29 6
30 33
30 3
30 6
30 72
30 76
30 75
30 12
30 45
30 78
30 15
30 48
30 82
30 67
30 52
30 85
30 87
30 24
30 79
31 64
31 1
31 34
31 3
31 68
31 54
31 33
31 75
31 46
31 48
31 83
31 78
31 22
31 55
31 24
31 58
32 79
32 33
32 3
32 36
32 70
32 6
32 74
32 75
32 76
32 45
32 47
32 50
32 67
32 86
32 55
32 59
32 29
33 33
33 67
33 72
33 73
33 76
33 46
33 44
33 3
33 54
33 55
33 58
33 61
34 1
34 20
34 33
34 35
34 36
34 37
34 45
34 48
34 50
34 57
34 58
34 59
34 64
34 67
34 68
34 70
34 72
34 78
34 79
34 84
34 86
34 87
35 33
35 36
35 37
35 70
35 65
35 8
35 42
35 75
35 45
35 15
35 50
35 85
35 22
35 23
35 59
36 1
36 3
36 37
36 6
36 33
36 8
36 55
36 45
36 48
36 72
36 75
36 67
36 84
36 23
36 87
36 81
38 64
38 34
38 36
38 6
38 75
38 45
38 46
38 80
38 51
38 84
38 85
38 22
38 23
38 24
38 60
39 1
39 34
39 36
39 70
39 6
39 40
39 45
39 13
39 78
39 15
39 48
39 83
39 54
39 23
39 59
41 33
41 67
41 35
41 71
41 77
41 46
41 45
41 48
41 50
41 3
41 86
41 24
41 59
42 0
42 35
42 70
42 72
42 77
42 15
42 50
42 8
42 82
42 84
42 54
42 87
42 63
44 1
44 3
44 36
44 6
44 8
44 73
44 12
44 13
44 48
44 50
44 67
44 84
44 53
44 54
44 87
44 68
44 85
45 68
45 37
45 44
45 12
45 46
45 79
45 51
45 85
45 22
45 55
45 4
45 54
46 0
46 33
46 3
46 36
46 6
46 40
46 41
46 74
46 55
46 44
46 45
46 50
46 35
46 20
46 82
46 23
46 84
46 58
46 75
46 85
47 0
47 83
47 3
47 68
47 37
47 70
47 55
47 44
47 45
47 48
47 17
47 67
47 20
47 87
47 23
47 24
47 25
47 58
47 52
48 67
48 68
48 6
48 40
48 41
48 74
48 44
48 77
48 45
48 83
48 87
48 58
48 47
49 3
49 68
49 45
49 46
49 15
49 81
49 50
49 25
49 29
50 1
50 36
50 6
50 33
50 75
50 44
50 78
50 50
50 87
52 0
52 33
52 67
52 68
52 35
52 40
52 55
52 76
52 3
52 85
52 57
52 36
52 58
52 51
53 1
53 67
53 36
53 37
53 65
53 40
53 55
53 78
53 48
53 20
53 54
53 23
53 57
53 58
53 59
53 61
55 3
55 36
55 6
55 8
55 41
55 13
55 77
55 47
55 48
55 40
55 78
55 86
55 87
55 72
55 58
55 79
60 0
60 6
60 12
60 33
60 35
60 37
60 44
60 45
60 46
60 48
60 50
60 54
60 57
60 59
60 63
60 64
60 67
60 72
60 76
60 77
60 79
60 81
60 82
60 84
62 0
62 1
62 3
62 54
62 33
62 78
62 50
62 35
62 84
62 85
62 22
62 87
63 0
63 1
63 34
63 3
63 82
63 72
63 44
63 75
63 12
63 45
63 77
63 15
63 50
63 67
63 84
63 54
63 55
63 83
63 87
63 63
64 6
64 13
64 15
64 20
64 22
64 34
64 36
64 37
64 50
64 60
64 63
64 64
64 70
64 72
64 75
64 78
64 81
64 82
64 84
64 85
64 86
64 87
65 33
65 3
65 36
65 37
65 6
65 8
65 45
65 15
65 48
65 85
65 86
65 68
65 47
65 60
65 63
66 3
66 8
66 12
66 36
66 37
66 44
66 47
66 48
66 50
66 52
66 55
66 59
66 64
66 65
66 67
66 71
66 73
66 78
66 81
66 83
66 84
66 85
66 87
67 34
67 3
67 4
67 86
67 6
67 74
67 55
67 76
67 45
67 78
67 15
67 75
67 35
67 82
67 54
67 23
67 56
67 36
67 47
67 67
68 0
68 33
68 3
68 68
68 6
68 63
68 75
68 76
68 45
68 87
68 25
68 58
68 59
68 36
69 33
69 34
69 75
69 12
69 55
69 44
69 77
69 78
69 48
69 81
69 83
69 57
69 23
69 25
69 58
69 85
74 3
74 6
74 13
74 33
74 34
74 36
74 37
74 44
74 45
74 48
74 50
74 53
74 55
74 58
74 59
74 64
74 65
74 67
74 68
74 70
74 78
74 80
74 86
75 1
75 35
75 36
75 6
75 72
75 44
75 75
75 12
75 61
75 78
75 15
75 81
75 50
75 82
75 54
75 55
75 24
75 87
75 59
75 29
75 85
76 64
76 34
76 36
76 70
76 6
76 8
76 47
76 48
76 81
76 50
76 84
76 86
76 23
76 57
76 59
77 64
77 65
77 34
77 3
77 35
77 72
77 76
77 77
77 78
77 15
77 8
77 50
77 83
77 84
78 34
78 35
78 70
78 79
78 12
78 13
78 78
78 47
78 48
78 81
78 82
78 67
78 23
78 24
78 58
78 59
78 61
78 63
79 1
79 67
79 3
79 68
79 6
79 42
79 83
79 46
79 15
79 48
79 56
79 35
79 84
79 78
79 22
79 87
79 24
79 58
79 79
79 85
80 64
80 65
80 82
80 6
80 87
80 76
80 45
80 78
80 47
80 48
80 81
80 50
80 20
80 54
80 23
80 84
80 58
80 59
80 61
81 36
81 22
81 48
81 84
81 86
81 24
82 0
82 35
82 8
82 12
82 45
82 72
82 55
83 0
83 1
83 83
83 35
83 6
83 33
83 75
83 76
83 79
83 50
83 67
83 53
83 56
83 59
83 63
86 1
86 3
86 6
86 12
86 15
86 22
86 23
86 36
86 37
86 44
86 45
86 50
86 51
86 54
86 57
86 58
86 63
86 67
86 68
86 71
86 75
86 77
86 81
87 64
87 3
87 68
87 6
87 41
87 75
87 12
87 77
87 78
87 15
87 48
87 84
87 54
87 63
