88
0 0
0 35
0 82
0 69
0 70
0 39
0 8
0 75
0 74
0 71
0 45
0 77
0 47
0 50
0 19
0 52
0 24
0 84
0 59
0 60
1 4
1 6
1 7
1 17
1 24
1 27
1 34
1 36
1 37
1 48
1 52
1 53
1 58
1 59
1 64
1 65
1 70
1 76
1 78
1 81
1 82
1 84
2 1
2 11
2 12
2 24
2 25
2 27
2 34
2 36
2 37
2 42
2 45
2 51
2 52
2 56
2 57
2 60
2 65
2 66
2 69
2 70
2 72
2 74
2 75
2 80
2 84
3 6
3 7
3 8
3 11
3 12
3 19
3 25
3 26
3 32
3 34
3 35
3 36
3 37
3 41
3 42
3 45
3 52
3 58
3 60
3 70
3 72
3 73
3 75
3 84
4 84
4 80
4 3
4 6
4 8
4 10
4 11
4 12
4 78
4 48
4 56
4 18
4 19
4 52
4 21
4 55
4 24
4 57
4 27
5 32
5 65
5 66
5 4
5 42
5 47
5 20
5 55
5 36
5 59
6 32
6 35
6 82
6 37
6 71
6 42
6 11
6 13
6 78
6 59
6 50
6 52
6 53
6 22
6 55
6 57
6 27
6 86
9 8
9 11
9 53
10 0
10 32
10 35
10 4
10 5
10 58
10 7
10 64
10 10
10 78
10 49
10 18
10 19
10 74
10 57
10 36
10 26
10 84
10 42
10 69
10 37
11 73
11 30
11 57
12 20
12 4
12 60
13 2
13 35
13 81
13 79
13 12
13 13
13 77
13 47
13 48
13 59
13 50
13 52
13 53
13 55
13 24
13 57
13 26
13 27
13 60
13 78
13 31
16 55
17 42
17 67
17 13
18 10
18 59
18 74
18 6
18 61
19 2
19 5
19 11
19 12
19 13
19 18
19 19
19 20
19 25
19 27
19 33
19 41
19 47
19 49
19 52
19 53
19 54
19 55
19 58
19 59
19 60
19 74
19 78
19 80
19 81
20 25
20 52
20 13
21 64
21 5
21 38
21 8
21 74
21 11
21 76
21 79
21 55
21 47
21 60
21 30
22 2
22 4
22 9
22 11
22 13
22 20
22 27
22 32
22 34
22 35
22 36
22 52
22 53
22 55
22 56
22 58
22 59
22 61
22 74
22 77
22 78
22 80
22 84
23 20
23 66
23 44
23 71
24 34
24 36
24 47
24 79
24 75
24 12
24 2
24 77
24 15
24 48
24 81
24 50
24 84
24 78
24 56
24 57
24 26
24 27
24 60
24 58
25 72
25 75
25 12
25 19
25 84
25 86
25 87
26 10
26 35
26 31
27 77
28 69
28 9
28 10
28 11
28 12
28 81
28 73
28 24
28 59
28 60
28 74
28 37
29 8
29 27
29 36
30 81
30 42
30 27
30 4
32 48
32 72
33 81
33 59
33 36
33 20
33 47
34 32
34 64
34 66
34 35
34 6
34 39
34 40
34 57
34 75
34 45
34 47
34 48
34 18
34 20
34 21
34 55
34 52
34 58
34 59
34 74
35 1
35 4
35 37
35 7
35 40
35 10
35 11
35 12
35 77
35 78
35 47
35 48
35 81
35 20
35 57
35 58
35 42
35 63
36 49
36 66
36 75
36 6
36 23
37 12
37 15
37 24
37 26
37 27
37 30
37 37
37 42
37 44
37 46
37 49
37 53
37 56
37 58
37 59
37 65
37 69
37 70
37 71
37 75
37 77
37 80
37 82
38 33
38 42
38 35
38 20
38 2
39 81
39 26
39 19
39 55
40 43
40 37
40 10
40 11
40 77
40 81
40 53
41 35
42 2
42 35
42 4
42 37
42 6
42 81
42 9
42 10
42 76
42 34
42 78
42 48
42 49
42 82
42 84
42 59
42 87
42 58
42 27
42 60
42 74
43 45
43 6
44 65
44 37
44 70
44 39
44 8
44 9
44 10
44 11
44 12
44 77
44 78
44 80
44 56
44 74
44 23
44 24
44 55
44 59
44 61
44 72
44 69
45 64
45 43
45 4
45 69
45 7
45 75
45 73
45 11
45 45
45 46
45 47
45 48
45 50
45 58
45 84
45 53
45 56
45 26
45 27
45 29
45 31
46 69
46 40
46 75
46 83
46 20
46 57
47 33
47 9
47 74
47 11
47 78
47 50
47 84
47 62
47 57
47 30
48 71
48 8
48 74
48 75
48 79
48 19
48 53
48 39
48 15
49 73
49 42
49 75
49 37
49 59
50 2
50 4
50 6
50 7
50 8
50 12
50 20
50 23
50 24
50 25
50 27
50 34
50 36
50 47
50 48
50 55
50 58
50 64
50 69
50 71
50 73
50 77
50 80
50 82
50 84
51 65
51 75
51 11
51 13
51 80
51 49
51 35
51 84
51 56
51 52
52 34
52 35
52 36
52 37
52 70
52 71
52 40
52 42
52 75
52 78
52 15
52 80
52 81
52 51
52 20
52 21
52 55
52 47
52 74
52 85
52 69
53 64
53 74
53 27
53 20
53 50
54 20
55 82
56 0
56 64
56 34
56 75
56 36
56 37
56 65
56 8
56 74
56 71
56 13
56 78
56 72
56 50
56 19
56 20
56 55
56 84
56 26
56 69
57 25
58 64
58 34
58 4
58 37
58 70
58 8
58 82
58 13
58 77
58 47
58 80
58 81
58 18
58 84
58 78
58 26
58 58
58 69
59 4
59 70
59 8
59 12
59 13
59 78
59 81
59 57
59 55
59 36
59 58
60 32
60 34
60 4
60 37
60 38
60 39
60 73
60 42
60 71
60 13
60 77
60 45
60 49
60 20
60 78
60 57
60 25
60 26
60 47
60 81
60 69
61 27
61 12
62 33
62 34
62 4
62 6
62 65
62 41
62 10
62 75
62 13
62 77
62 15
62 80
62 20
62 53
62 25
62 26
62 79
62 58
62 36
63 42
63 35
64 4
64 8
64 73
64 11
64 47
64 18
65 11
65 70
66 2
66 74
66 37
66 6
66 81
66 8
66 9
66 42
66 34
66 15
66 56
66 82
66 58
66 20
66 24
66 57
66 26
66 63
66 29
66 69
66 31
67 34
67 36
67 50
68 58
68 11
68 55
69 81
69 18
69 26
69 69
70 84
70 74
70 4
70 5
70 70
70 42
70 12
70 13
70 46
70 77
70 48
70 18
70 20
70 21
70 24
70 36
70 26
70 53
70 37
70 69
70 31
71 24
71 73
71 82
71 60
71 78
72 65
72 75
72 70
72 7
72 9
72 10
72 71
72 12
72 73
72 49
72 82
72 19
72 20
72 57
72 54
72 55
72 25
72 61
72 52
73 64
73 2
73 50
73 7
73 74
73 43
73 12
73 34
73 45
73 59
73 18
73 52
73 53
73 84
73 47
73 60
74 53
74 36
74 37
74 71
75 8
75 10
75 44
75 82
76 2
76 87
76 50
76 47
77 80
77 34
77 35
77 36
77 37
77 6
77 39
77 38
77 47
77 42
77 13
77 46
77 15
77 48
77 82
77 79
77 55
77 57
77 27
77 70
78 84
78 75
78 69
78 71
78 72
78 41
78 10
78 11
78 47
78 81
78 50
78 19
78 74
78 73
78 56
78 57
78 26
78 59
78 61
78 30
79 18
79 55
80 57
80 47
80 71
81 2
81 6
81 10
81 12
81 18
81 19
81 24
81 25
81 26
81 27
81 33
81 35
81 36
81 39
81 42
81 47
81 53
81 56
81 57
81 59
81 64
81 69
81 71
81 79
81 81
81 84
82 2
82 35
82 69
82 6
82 42
82 78
82 50
82 56
82 26
82 70
82 58
83 67
83 36
83 70
83 8
83 73
83 48
83 56
83 18
83 35
83 55
83 24
83 63
84 35
84 36
84 69
84 71
84 12
84 77
84 78
84 53
84 26
86 40
86 10
86 59
87 20
87 50
87 75
87 12
87 57
