88
0 3
0 17
0 42
0 44
0 77
0 46
0 81
0 84
0 22
0 56
0 63
0 31
1 1
1 34
1 7
1 42
1 43
1 45
1 46
1 16
1 17
1 19
1 74
2 0
2 34
2 37
2 38
2 45
2 46
2 81
2 82
2 23
2 57
2 28
2 63
3 0
3 11
3 16
3 17
3 19
3 20
3 24
3 25
3 29
3 30
3 31
3 33
3 36
3 44
3 46
3 55
3 56
3 57
3 62
3 63
3 75
3 79
3 82
3 83
4 0
4 3
4 68
4 37
4 6
4 7
4 9
4 42
4 79
4 17
4 20
4 53
4 86
4 41
4 56
4 25
4 70
4 29
5 42
5 3
6 6
6 7
6 16
6 29
6 33
6 37
6 39
6 40
6 45
6 47
6 48
6 52
6 54
6 56
6 63
6 67
6 70
6 71
6 72
6 73
6 78
6 83
6 86
6 87
7 32
7 48
7 3
7 82
7 37
7 38
7 9
7 87
7 45
7 79
7 16
7 18
7 35
7 86
7 73
7 56
7 27
7 30
8 24
8 74
8 13
9 0
9 80
9 3
9 36
9 6
9 71
9 40
9 11
9 76
9 14
9 79
9 16
9 49
9 53
9 55
9 56
9 87
9 78
9 63
10 7
10 46
10 17
10 82
10 20
10 29
11 1
11 6
11 7
11 8
11 9
11 10
11 11
11 16
11 18
11 19
11 20
11 22
11 32
11 35
11 37
11 38
11 39
11 46
11 48
11 49
11 61
11 64
11 68
11 69
11 77
11 78
11 86
12 34
12 9
12 45
12 79
12 16
12 18
13 32
13 33
13 34
13 3
13 36
13 69
13 6
13 39
13 9
13 77
13 46
13 79
13 48
13 19
13 86
13 23
13 56
13 30
14 3
14 49
14 83
14 38
15 7
16 35
16 4
16 37
16 6
16 73
16 11
16 76
16 45
16 16
16 81
16 18
16 20
16 53
16 23
16 25
16 85
16 27
16 28
16 29
16 55
16 36
17 41
17 52
17 85
17 28
17 7
18 69
18 6
18 76
18 46
18 17
18 83
18 20
18 54
18 24
18 29
18 63
19 32
19 36
19 29
19 38
19 63
20 4
20 54
20 6
20 39
20 9
20 11
20 46
20 16
20 19
20 84
20 22
20 56
21 0
21 2
21 6
21 9
21 11
21 16
21 19
21 20
21 24
21 31
21 33
21 40
21 41
21 45
21 46
21 51
21 56
21 57
21 64
21 65
21 67
21 73
21 74
21 76
21 80
21 85
23 32
23 4
23 69
23 47
23 48
23 81
23 20
23 29
24 3
24 6
24 7
24 9
24 10
24 12
24 17
24 20
24 24
24 30
24 31
24 34
24 37
24 38
24 45
24 46
24 47
24 48
24 55
24 71
24 72
24 76
24 81
24 83
24 85
25 3
25 69
25 11
25 46
25 16
25 85
26 3
26 9
26 45
26 46
26 35
26 56
27 45
27 4
27 46
27 13
27 14
27 79
27 20
27 78
27 57
27 63
27 21
28 64
28 65
28 67
28 68
28 75
28 28
30 69
30 43
30 18
30 83
30 20
30 31
31 41
31 87
31 17
31 52
31 73
31 84
32 37
32 6
32 7
32 9
32 45
32 48
32 20
32 86
33 1
33 34
33 36
33 70
33 7
33 11
33 44
33 17
33 18
33 20
33 62
33 22
33 55
33 24
33 25
33 87
33 39
34 34
34 3
34 22
34 46
35 64
35 67
35 70
35 42
35 46
35 20
35 63
36 1
36 2
36 8
36 9
36 10
36 11
36 13
36 18
36 19
36 20
36 29
36 33
36 35
36 36
36 40
36 44
36 45
36 53
36 55
36 63
36 67
36 69
36 82
36 85
36 86
37 4
37 6
37 9
37 11
37 13
37 16
37 17
37 20
37 21
37 29
37 31
37 32
37 36
37 39
37 41
37 43
37 45
37 47
37 53
37 55
37 56
37 69
37 70
37 75
37 84
38 49
38 7
38 13
38 16
38 81
38 86
38 24
38 63
39 1
39 2
39 3
39 6
39 10
39 17
39 19
39 21
39 23
39 24
39 27
39 28
39 29
39 34
39 35
39 36
39 39
39 42
39 46
39 63
39 69
39 81
39 83
39 86
40 35
40 79
40 17
40 18
40 87
40 63
41 32
41 2
41 36
41 37
41 43
41 78
41 48
41 20
41 56
41 63
41 31
42 0
42 2
42 72
42 73
42 10
42 76
42 16
42 49
42 19
42 54
42 56
42 24
42 25
42 29
42 63
43 34
43 5
43 81
43 11
43 76
43 14
43 16
43 17
43 18
43 83
43 46
43 56
43 58
43 63
44 4
44 16
44 17
44 18
44 22
44 36
44 59
44 63
45 33
45 35
45 81
45 49
45 72
45 10
45 11
45 78
45 47
45 17
45 75
45 83
45 20
45 53
45 54
45 25
45 71
45 27
45 28
45 29
45 63
46 1
46 36
46 37
46 7
46 8
46 9
46 43
46 45
46 46
46 49
46 83
46 72
46 56
46 25
46 27
46 29
46 69
46 63
47 67
47 7
47 41
47 42
47 18
47 54
48 0
48 54
48 70
48 7
48 8
48 47
48 20
48 22
48 56
48 63
49 0
49 2
49 4
49 69
49 6
49 17
49 8
49 44
49 75
49 76
49 46
49 81
50 10
51 23
52 39
52 73
52 77
52 20
52 21
52 55
53 24
53 9
53 11
53 17
54 36
54 6
54 71
54 16
54 17
54 19
54 29
54 63
55 1
55 2
55 3
55 68
55 70
55 6
55 33
55 40
55 46
55 48
55 24
56 3
56 70
56 10
56 11
56 48
56 56
56 85
56 23
56 24
56 63
57 33
57 3
57 75
57 79
57 16
57 54
58 35
58 36
58 7
58 9
58 48
58 56
59 24
59 46
59 37
59 77
59 71
60 70
60 38
60 9
60 43
60 13
60 46
60 45
60 19
60 20
60 21
60 29
61 56
61 81
61 68
61 15
62 32
62 36
62 73
62 44
62 45
62 46
62 47
62 48
62 81
62 27
62 63
63 32
63 68
63 70
63 9
63 13
63 16
63 18
63 83
63 84
63 54
63 56
64 2
64 11
64 10
64 45
65 29
65 62
66 56
66 41
66 18
66 3
67 32
67 64
67 3
67 68
67 37
67 40
67 41
67 44
67 78
67 49
67 82
67 83
67 63
67 69
67 31
68 48
68 24
68 20
68 45
68 6
69 37
69 6
69 49
69 8
69 9
69 11
69 17
69 83
69 20
69 21
69 72
70 2
70 7
70 10
70 11
70 13
70 18
70 24
70 29
71 27
71 11
71 77
71 87
72 11
72 44
72 46
72 81
72 20
72 23
73 36
73 45
73 18
73 54
73 55
73 56
74 33
74 34
74 22
74 70
74 7
74 10
74 11
74 45
74 47
74 20
74 86
75 36
75 9
75 42
75 13
75 45
75 83
75 20
75 85
75 55
75 24
75 30
76 48
76 6
76 72
76 74
76 46
76 16
76 81
76 83
76 84
76 25
77 7
77 73
77 11
77 16
77 81
77 54
78 0
78 1
78 4
78 74
78 70
78 7
78 8
78 9
78 10
78 11
78 45
78 78
78 47
78 17
78 20
78 53
78 25
78 26
78 29
78 36
79 1
79 6
79 14
79 19
79 20
79 23
79 24
79 29
79 31
79 36
79 45
79 46
79 47
79 48
79 49
79 56
79 57
79 62
79 66
79 75
79 79
79 83
79 85
80 48
80 18
80 44
80 63
81 44
82 0
82 41
82 76
82 62
82 87
83 83
83 24
83 18
83 11
83 76
84 32
84 2
84 36
84 45
84 63
85 1
85 69
85 9
85 11
85 46
85 16
86 64
86 67
86 36
86 11
86 45
86 81
86 83
86 20
86 56
86 30
87 24
87 49
87 19
87 17
87 41
