88
0 33
0 36
0 5
0 40
0 75
0 50
0 56
0 26
0 27
1 36
1 8
1 10
1 44
1 61
1 47
1 81
1 50
1 83
1 26
1 29
1 62
1 63
2 3
3 66
3 3
3 75
3 77
3 16
3 43
3 82
4 0
4 36
4 5
4 70
4 40
4 44
4 13
4 26
4 61
4 62
4 37
5 0
5 8
5 10
5 16
5 18
5 26
5 27
5 31
5 33
5 36
5 44
5 53
5 54
5 57
5 60
5 61
5 62
5 66
5 74
5 76
5 81
5 83
5 85
6 8
6 43
6 79
6 81
6 50
6 86
6 29
8 48
8 43
8 2
8 75
8 86
9 4
9 6
9 8
9 11
9 22
9 26
9 27
9 29
9 31
9 38
9 43
9 47
9 49
9 50
9 55
9 57
9 61
9 62
9 63
9 67
9 75
9 80
9 84
10 1
10 66
10 36
10 75
10 44
10 79
10 49
10 30
11 33
11 43
11 61
13 1
13 67
13 4
13 33
13 76
13 46
13 16
13 82
13 83
13 57
13 36
13 26
16 4
16 43
16 16
16 82
16 83
16 20
16 61
17 65
17 42
17 43
17 36
17 10
18 66
18 36
18 75
18 79
18 82
18 83
18 26
19 66
19 3
19 68
19 50
19 67
19 36
20 80
20 4
20 44
20 76
20 16
20 82
20 83
20 36
21 16
21 3
21 79
22 40
22 43
22 83
22 67
22 44
23 32
23 1
23 66
23 67
23 33
23 65
23 7
23 8
23 76
23 16
23 83
23 20
23 86
23 52
23 26
23 60
23 62
23 37
24 32
24 36
24 43
24 46
24 16
24 50
24 83
24 20
24 85
24 52
24 26
24 61
24 30
25 66
25 4
25 39
25 75
25 16
25 82
25 84
25 85
25 86
25 36
25 61
25 52
26 50
26 26
26 85
26 61
27 4
27 8
27 9
27 11
27 19
27 20
27 22
27 27
27 28
27 34
27 35
27 36
27 43
27 46
27 48
27 50
27 51
27 62
27 66
27 67
27 72
27 75
27 78
27 82
27 83
28 67
28 68
28 71
28 9
28 42
28 43
28 44
28 50
28 27
28 61
28 62
29 32
29 1
29 83
29 67
29 38
29 65
29 75
29 43
29 76
29 13
29 46
29 50
29 51
29 23
29 26
29 59
29 61
29 63
30 60
30 66
30 27
30 36
30 38
31 33
31 34
31 39
31 44
31 79
31 16
31 49
31 50
31 53
32 8
32 66
33 26
33 82
33 67
33 61
33 30
34 66
34 36
34 8
34 43
34 50
34 72
34 82
34 51
34 85
34 87
34 62
35 48
35 67
35 4
35 75
35 9
35 42
35 43
35 44
35 82
35 16
35 50
35 85
35 86
35 24
35 25
35 27
35 30
36 66
36 36
36 40
36 43
36 2
36 79
36 80
36 50
36 83
36 85
36 30
37 48
37 3
37 4
37 51
37 8
37 75
37 79
37 16
37 49
37 19
37 59
37 61
37 30
38 0
38 16
38 26
39 8
39 83
39 44
39 5
39 62
40 80
40 26
40 30
40 47
41 2
41 3
41 38
41 8
41 42
41 76
41 82
41 59
42 19
42 67
42 82
42 45
42 50
42 3
42 85
43 33
43 66
43 67
43 5
43 72
43 75
43 46
43 49
43 8
43 28
44 1
44 2
44 3
44 4
44 8
44 10
44 13
44 23
44 27
44 30
44 32
44 35
44 43
44 44
44 47
44 50
44 54
44 60
44 61
44 70
44 75
44 76
44 82
44 83
44 86
45 3
45 4
45 8
45 10
45 29
45 33
45 34
45 36
45 39
45 40
45 42
45 43
45 44
45 52
45 55
45 59
45 61
45 62
45 66
45 67
45 75
45 77
45 82
45 83
46 33
46 4
46 43
46 76
46 82
46 51
46 20
46 24
47 8
47 20
47 82
47 43
47 36
48 26
48 4
48 61
49 33
49 2
49 67
49 36
49 8
49 41
49 66
49 43
49 44
49 45
49 16
49 40
49 62
49 28
49 30
50 8
50 75
50 44
50 78
50 48
50 50
50 20
51 67
51 4
51 62
52 32
52 65
52 66
52 3
52 51
52 48
52 8
52 46
52 16
52 81
52 83
52 87
52 27
52 62
53 67
53 36
53 75
53 13
53 16
53 49
53 82
53 29
54 0
54 1
54 4
54 8
54 9
54 11
54 13
54 16
54 27
54 36
54 37
54 43
54 50
54 51
54 54
54 56
54 61
54 62
54 65
54 67
54 72
54 73
54 83
55 8
55 16
55 30
55 78
55 81
56 3
56 39
57 63
58 1
58 66
58 3
58 33
58 40
58 79
58 39
58 44
58 13
58 45
58 48
58 43
58 52
58 54
58 56
58 26
58 27
58 62
58 31
59 51
59 66
59 4
59 9
59 16
59 82
59 83
59 36
59 27
59 62
60 1
60 3
60 4
60 8
60 9
60 26
60 36
60 37
60 43
60 48
60 51
60 58
60 59
60 61
60 62
60 67
60 75
60 77
60 82
60 83
60 85
60 86
61 1
61 43
61 36
61 74
61 65
61 8
61 10
61 11
61 61
61 48
61 75
61 83
61 52
61 26
61 29
62 70
62 8
62 50
62 46
62 82
62 83
62 25
62 27
62 31
63 51
63 67
63 4
63 44
63 82
63 83
63 54
63 60
64 2
64 3
64 4
64 10
64 11
64 26
64 32
64 33
64 37
64 38
64 43
64 44
64 50
64 55
64 59
64 61
64 62
64 64
64 66
64 67
64 75
64 80
64 81
64 82
64 85
65 2
65 4
65 5
65 6
65 8
65 13
65 25
65 30
65 31
65 33
65 34
65 38
65 43
65 45
65 46
65 57
65 59
65 62
65 63
65 70
65 72
65 74
65 75
65 79
65 83
66 0
66 66
66 4
66 69
66 6
66 9
66 43
66 47
66 50
66 51
66 87
66 36
66 26
66 70
66 61
66 62
67 0
67 4
67 6
67 12
67 16
67 25
67 26
67 36
67 39
67 42
67 44
67 48
67 49
67 51
67 54
67 60
67 61
67 62
67 64
67 65
67 72
67 80
67 81
67 82
67 83
69 80
69 43
69 67
69 3
70 8
70 66
70 26
70 74
70 6
71 8
72 0
72 1
72 4
72 8
72 11
72 16
72 26
72 27
72 32
72 33
72 36
72 38
72 40
72 42
72 43
72 44
72 50
72 61
72 64
72 74
72 75
72 78
73 32
73 2
73 3
73 4
73 8
73 11
73 44
73 82
73 16
73 75
73 51
73 20
73 21
73 87
73 83
73 36
73 60
73 29
73 62
74 1
74 34
74 75
74 4
74 5
74 39
74 41
74 10
74 43
74 44
74 45
74 50
74 82
74 66
74 27
74 61
74 85
74 31
75 64
75 1
75 66
75 35
75 4
75 8
75 75
75 44
75 13
75 46
75 16
75 83
75 84
75 55
75 36
75 26
75 61
76 66
76 67
76 4
76 37
76 42
76 43
76 76
76 16
76 75
76 83
76 62
76 26
76 59
76 28
76 61
76 30
77 72
77 61
78 83
78 75
78 36
78 62
78 38
79 35
79 37
79 72
79 41
79 42
79 43
79 44
79 48
79 50
79 26
79 61
79 30
81 69
82 4
83 4
83 5
83 8
83 10
83 16
83 26
83 29
83 30
83 34
83 35
83 37
83 43
83 44
83 50
83 51
83 55
83 61
83 62
83 73
83 74
83 75
83 84
84 66
84 35
84 36
84 43
84 80
84 67
85 0
85 48
85 4
85 38
85 8
85 44
85 16
85 82
85 86
85 26
85 27
85 61
86 8
86 83
86 43
87 1
87 4
87 8
87 9
87 11
87 26
87 30
87 34
87 36
87 39
87 41
87 45
87 50
87 54
87 61
87 62
87 67
87 69
87 73
87 75
87 81
87 83
87 87
