88
0 0
0 48
0 34
0 75
0 4
0 6
0 65
0 80
0 10
0 71
0 44
0 79
0 16
0 50
0 74
0 25
0 58
0 59
0 60
0 42
1 25
1 42
1 75
1 28
1 59
2 0
2 34
2 6
2 74
2 75
2 44
2 48
2 50
2 25
3 0
3 65
3 44
3 79
3 48
3 58
5 1
5 61
5 48
5 71
5 74
5 75
5 13
5 79
5 80
5 50
5 25
5 58
5 59
5 10
6 0
6 1
6 4
6 6
6 7
6 8
6 10
6 12
6 16
6 19
6 22
6 25
6 28
6 29
6 34
6 36
6 42
6 48
6 50
6 59
6 60
6 62
6 65
6 66
6 68
6 71
6 73
6 75
6 76
6 79
6 80
11 0
11 1
11 4
11 6
11 8
11 10
11 11
11 12
11 16
11 19
11 22
11 25
11 28
11 30
11 34
11 42
11 44
11 48
11 50
11 58
11 60
11 61
11 62
11 65
11 66
11 71
11 74
11 75
11 76
11 79
11 80
11 82
13 0
13 1
13 4
13 6
13 8
13 9
13 10
13 11
13 16
13 19
13 25
13 28
13 29
13 34
13 36
13 38
13 42
13 44
13 48
13 50
13 57
13 58
13 61
13 62
13 65
13 66
13 71
13 75
13 76
13 79
13 80
16 80
16 58
16 59
16 28
16 74
17 0
17 65
17 4
17 6
17 71
17 42
17 75
17 44
17 79
17 80
17 50
17 25
17 58
17 59
17 30
17 36
20 0
20 42
20 44
20 80
20 50
20 25
20 59
22 0
22 1
22 36
22 65
22 80
22 9
22 10
22 75
22 44
22 79
22 48
22 50
22 74
22 25
22 58
22 61
22 62
23 0
23 65
23 34
23 73
23 42
23 75
23 44
23 79
23 48
23 50
23 25
23 59
23 30
24 0
24 1
24 6
24 8
24 9
24 10
24 11
24 13
24 19
24 22
24 25
24 28
24 42
24 44
24 46
24 48
24 50
24 58
24 59
24 61
24 62
24 65
24 66
24 68
24 71
24 74
24 79
24 80
27 65
27 34
27 6
27 48
27 74
27 75
27 79
27 80
27 59
27 30
28 65
28 74
28 79
28 80
28 50
28 59
28 61
29 0
29 1
29 34
29 74
29 44
29 61
29 80
29 50
29 25
29 42
30 0
30 65
30 4
30 6
30 48
30 74
30 44
30 79
30 80
30 50
30 19
30 59
30 61
31 65
31 66
31 6
31 74
31 76
31 34
31 79
31 48
31 50
31 25
31 58
31 59
31 28
32 0
32 80
32 75
32 6
32 71
33 0
33 1
33 66
33 6
33 48
33 75
33 79
33 80
33 50
33 19
33 58
33 59
33 28
35 0
35 65
35 34
35 6
35 73
35 80
35 59
36 0
36 6
36 74
36 75
36 44
36 25
36 58
37 65
37 6
37 48
37 10
37 80
37 50
37 58
37 59
37 42
38 0
38 65
38 38
38 6
38 71
38 73
38 44
38 79
38 80
38 22
38 25
38 58
38 59
39 0
39 80
39 19
39 25
39 71
40 0
40 65
40 34
40 4
40 6
40 80
40 42
40 75
40 44
40 66
40 46
40 79
40 48
40 50
40 74
40 22
40 25
40 59
40 61
40 62
40 36
41 0
41 1
41 4
41 6
41 9
41 10
41 13
41 16
41 17
41 19
41 22
41 25
41 28
41 29
41 34
41 36
41 38
41 44
41 46
41 48
41 50
41 58
41 59
41 60
41 61
41 62
41 65
41 68
41 74
41 75
41 79
41 82
42 0
42 80
42 34
42 68
42 6
42 9
42 10
42 75
42 60
42 48
42 50
42 79
42 74
42 58
42 59
42 28
42 61
43 0
43 34
43 6
43 10
43 11
43 44
43 79
43 80
43 50
43 25
43 59
43 28
43 42
46 0
46 68
46 73
46 80
46 25
46 59
46 61
47 0
47 48
47 10
47 44
47 74
47 75
47 76
47 79
47 80
47 50
47 25
47 59
47 42
48 0
48 65
48 34
48 4
48 8
48 10
48 75
48 79
48 48
48 58
48 59
48 61
49 65
49 34
49 6
49 74
49 75
49 48
49 25
51 0
51 65
51 34
51 6
51 80
51 60
51 74
51 75
51 66
51 48
51 50
51 58
51 59
51 28
51 29
51 62
52 0
52 48
52 34
52 75
52 36
52 6
52 7
52 80
52 10
52 71
52 79
52 16
52 50
52 25
52 74
53 0
53 1
53 4
53 6
53 8
53 10
53 12
53 13
53 16
53 19
53 25
53 28
53 34
53 36
53 38
53 42
53 44
53 46
53 48
53 50
53 58
53 59
53 60
53 61
53 62
53 65
53 71
53 73
53 74
53 75
53 79
53 80
54 0
54 1
54 34
54 75
54 6
54 65
54 60
54 71
54 44
54 79
54 50
54 25
54 58
54 28
54 30
55 48
55 34
55 71
55 74
55 75
55 44
55 79
55 80
55 50
55 22
55 7
55 58
55 59
56 0
56 51
56 34
56 75
56 4
56 38
56 6
56 65
56 8
56 76
56 42
56 71
56 44
56 80
56 48
56 50
56 19
56 25
56 59
56 60
56 74
58 1
58 34
58 16
58 71
58 74
58 75
58 79
58 80
58 50
58 25
58 59
58 60
58 61
62 0
62 1
62 6
62 7
62 8
62 10
62 19
62 25
62 28
62 29
62 34
62 36
62 38
62 42
62 44
62 46
62 48
62 50
62 58
62 59
62 60
62 61
62 62
62 66
62 68
62 73
62 74
62 75
62 76
62 80
62 82
63 0
63 65
63 6
63 74
63 75
63 44
63 13
63 79
63 48
63 50
63 25
63 59
63 30
64 0
64 4
64 6
64 7
64 13
64 16
64 25
64 30
64 34
64 36
64 38
64 42
64 44
64 46
64 48
64 50
64 57
64 58
64 59
64 62
64 65
64 68
64 75
64 79
64 80
64 82
66 0
66 48
66 74
66 75
66 44
67 0
67 48
67 74
67 75
67 80
67 59
70 0
70 4
70 6
70 13
70 19
70 22
70 25
70 30
70 34
70 38
70 42
70 44
70 46
70 48
70 50
70 58
70 59
70 61
70 62
70 65
70 66
70 71
70 74
70 75
70 76
70 79
70 80
70 82
71 0
71 4
71 6
71 10
71 12
71 16
71 19
71 22
71 25
71 28
71 29
71 30
71 36
71 38
71 42
71 44
71 46
71 48
71 50
71 57
71 60
71 61
71 62
71 65
71 66
71 71
71 74
71 75
71 76
71 79
71 80
72 48
72 34
72 11
72 6
72 60
72 74
72 75
72 79
72 80
72 50
72 25
72 58
72 59
72 28
74 0
74 34
74 36
74 71
74 74
74 75
74 80
74 50
74 19
74 25
74 59
74 28
75 0
75 1
75 6
75 8
75 16
75 19
75 22
75 25
75 29
75 30
75 34
75 36
75 38
75 44
75 46
75 48
75 50
75 51
75 58
75 59
75 60
75 61
75 62
75 65
75 68
75 71
75 74
75 75
75 79
75 80
75 82
76 48
76 34
76 75
76 36
76 6
76 65
76 80
76 71
76 44
76 82
76 79
76 16
76 50
76 22
76 25
76 59
77 68
77 48
77 75
77 36
77 6
77 65
77 8
77 80
77 10
77 71
77 79
77 16
77 25
77 59
77 74
78 80
78 74
78 75
78 44
78 46
78 48
78 50
78 61
79 0
79 65
79 34
79 4
79 6
79 60
79 42
79 75
79 44
79 82
79 79
79 48
79 76
79 50
79 73
79 36
79 28
79 61
79 30
79 68
82 65
82 8
82 48
82 50
82 25
82 59
84 0
84 80
84 74
84 75
84 48
84 50
85 80
85 65
85 42
85 71
86 1
86 36
86 6
86 38
86 65
86 42
86 75
86 44
86 61
86 80
86 74
86 68
86 79
86 60
86 29
