88
0 64
0 1
0 68
0 33
0 65
0 71
0 73
0 7
0 80
0 51
0 84
0 24
0 28
0 63
1 0
1 34
1 68
1 41
1 75
1 45
1 79
1 84
1 86
1 57
1 36
1 28
1 62
1 63
3 0
3 1
3 73
3 43
3 44
3 45
3 79
3 48
3 49
3 51
3 56
3 47
3 61
3 30
5 0
5 1
5 70
6 84
6 73
6 42
6 36
6 52
7 64
7 22
7 73
7 74
7 79
7 49
7 52
7 86
7 23
7 25
7 63
7 42
7 62
7 5
8 75
8 55
9 64
9 65
9 34
9 35
9 7
9 73
9 42
9 45
9 84
9 86
9 41
9 57
9 60
9 31
13 64
13 65
13 51
13 72
13 44
13 40
13 83
13 22
13 23
13 57
13 28
13 63
16 5
16 7
16 72
16 41
16 76
16 79
16 20
16 21
16 56
16 57
16 28
16 62
18 3
18 73
18 55
18 76
18 47
18 49
18 83
18 86
18 23
18 27
18 63
20 42
20 31
21 65
21 5
21 70
21 40
21 75
21 44
21 45
21 79
21 48
21 86
21 28
21 30
22 64
22 3
22 7
22 40
22 73
22 42
22 75
22 44
22 45
22 81
22 21
22 59
22 28
22 31
23 64
23 67
23 5
23 72
23 45
23 47
23 49
23 51
23 84
23 62
23 30
23 31
24 64
24 65
24 36
24 86
24 70
24 40
24 41
24 75
24 76
24 45
24 51
24 22
24 23
24 56
24 61
24 30
24 31
25 1
25 34
25 37
25 73
25 44
25 45
25 46
25 47
25 49
25 51
25 23
25 63
25 62
25 31
26 33
26 34
26 75
26 5
26 41
26 62
26 44
26 21
26 22
26 73
26 56
26 54
26 28
26 30
26 63
27 33
27 2
27 65
27 7
27 73
27 42
27 80
27 49
27 21
27 22
27 23
27 57
27 28
27 62
28 1
28 67
28 65
28 7
28 79
28 35
28 21
28 56
28 57
28 28
28 62
28 51
29 0
29 65
29 34
29 33
29 72
29 41
29 55
29 45
29 23
29 56
29 27
29 28
30 64
30 33
30 34
30 67
30 41
30 75
30 76
30 45
30 48
30 49
30 21
30 86
30 73
30 56
30 28
30 61
30 31
31 1
31 3
31 40
31 73
31 44
31 13
31 83
31 52
31 86
31 30
32 41
32 67
32 36
32 86
33 40
33 34
33 84
33 42
34 0
34 1
34 2
34 84
34 65
34 40
34 42
34 75
34 34
34 77
34 80
34 52
34 21
34 86
34 57
34 29
34 62
35 64
35 33
35 34
35 44
35 76
35 45
35 56
35 57
35 61
37 40
37 75
37 45
37 21
37 86
37 28
38 65
38 34
38 36
38 5
38 40
38 80
38 84
38 21
38 86
38 23
38 57
38 22
38 61
38 63
39 64
39 65
39 68
39 33
39 7
39 40
39 75
39 79
39 49
39 84
39 23
39 62
39 63
40 34
40 86
40 40
40 75
40 76
40 45
40 79
40 48
40 72
40 22
40 56
40 57
40 63
40 28
40 31
41 0
41 1
41 67
41 33
41 7
41 42
41 61
41 47
41 84
41 21
41 22
41 56
41 29
43 1
43 66
43 35
43 36
43 65
43 40
43 75
43 76
43 34
43 45
43 83
43 84
43 21
43 23
44 0
44 34
44 35
44 36
44 5
44 7
44 41
44 71
44 49
44 84
44 21
45 64
45 65
45 34
45 36
45 71
45 73
45 7
45 80
45 56
45 21
45 24
46 1
46 5
46 7
46 41
46 44
46 47
46 51
46 21
46 24
46 62
47 64
47 1
47 67
47 5
47 41
47 76
47 45
47 47
47 48
47 49
47 86
47 73
47 56
47 79
47 62
47 63
49 0
49 64
49 2
49 36
49 71
49 40
49 75
49 34
49 77
49 48
49 52
49 21
49 86
49 24
49 57
49 28
49 61
49 62
50 64
50 1
50 35
50 5
50 44
50 45
50 80
50 21
50 86
50 57
50 27
50 28
50 62
51 64
51 51
51 2
51 35
51 5
51 7
51 40
51 79
51 49
51 67
51 57
51 47
51 61
52 49
52 34
52 45
52 86
52 63
53 0
53 36
53 5
53 7
53 40
53 55
53 51
53 84
53 57
53 23
53 56
53 52
53 27
53 61
54 0
54 1
54 34
54 47
54 49
54 23
54 57
54 79
54 60
54 61
55 33
55 67
55 45
55 61
55 3
55 52
55 21
55 86
55 23
55 29
56 0
56 66
56 68
56 5
56 44
56 51
56 84
56 22
56 57
56 24
56 25
56 28
56 63
57 33
57 34
57 35
57 36
57 5
57 42
57 75
57 76
57 13
57 47
57 49
57 84
57 21
57 23
57 28
57 61
57 31
58 1
58 34
58 68
58 47
58 51
58 84
58 23
58 56
58 36
58 28
58 63
60 0
60 33
60 35
60 7
60 41
60 75
60 13
60 51
60 84
60 31
61 65
61 34
61 7
61 76
61 21
61 23
61 24
61 28
61 53
61 31
62 0
62 1
62 2
62 36
62 65
62 7
62 40
62 41
62 75
62 51
62 86
62 23
62 56
62 62
63 0
63 36
63 7
63 79
63 80
63 51
63 84
63 21
63 56
63 47
63 63
64 0
64 65
65 0
65 1
65 34
65 7
65 72
65 73
65 44
65 45
65 40
65 22
65 61
65 62
66 33
66 2
66 36
66 75
66 34
66 79
66 48
66 51
66 86
66 56
66 30
67 0
67 34
67 35
67 37
67 63
67 44
67 46
67 47
67 56
67 27
67 62
67 31
68 1
68 36
68 70
68 7
68 41
68 44
68 76
68 49
68 84
68 86
68 23
68 57
68 28
68 62
68 31
69 2
69 68
69 54
69 70
69 72
69 47
69 45
69 79
69 83
69 52
69 86
69 27
69 62
69 31
70 0
70 1
70 2
70 35
70 40
70 41
70 79
70 44
70 34
70 64
70 47
70 83
70 63
70 61
70 31
71 64
71 65
71 34
71 3
71 36
71 5
71 7
71 43
71 48
71 75
71 35
71 23
71 56
71 68
71 27
71 28
71 30
72 1
72 34
72 67
72 7
72 40
72 60
72 75
72 76
72 47
72 49
72 52
72 86
72 23
72 57
72 59
72 28
72 61
73 64
73 33
73 7
73 72
73 75
73 51
73 23
73 63
73 31
74 0
74 36
74 7
74 40
74 44
74 75
74 76
74 84
74 21
74 23
74 57
74 30
75 64
75 5
75 41
75 76
75 44
75 49
75 86
75 56
75 27
75 31
76 33
76 34
76 36
76 5
76 51
76 73
76 44
76 45
76 83
76 23
76 63
76 31
77 64
77 1
77 35
77 5
77 7
77 41
77 42
77 76
77 47
77 67
77 84
77 86
77 56
77 57
77 79
77 31
78 67
78 36
78 73
78 44
78 47
78 84
78 41
78 56
78 63
78 31
79 35
79 36
79 44
79 75
79 76
79 45
79 83
79 21
79 57
79 63
79 31
80 65
80 40
80 73
80 42
80 44
80 45
80 79
80 48
80 84
80 41
80 23
80 56
80 28
80 31
81 0
81 65
81 7
81 47
81 21
81 86
81 27
81 28
81 61
81 31
82 64
82 68
82 67
82 36
82 40
82 41
82 76
82 45
82 13
82 80
82 20
82 86
82 57
82 61
82 62
82 63
83 72
83 57
83 28
83 21
83 23
84 65
84 36
84 37
84 41
84 75
84 76
84 79
84 49
84 51
84 84
84 57
84 28
84 62
85 64
85 36
85 40
85 41
85 42
85 44
85 45
85 84
85 21
85 57
85 56
85 68
85 62
85 31
86 34
86 13
86 45
86 80
86 49
86 51
86 84
86 52
86 30
86 63
87 64
87 36
87 5
87 41
87 76
87 47
87 51
87 56
87 28
87 62
87 63
