88
0 3
0 4
0 8
0 9
0 13
0 14
0 15
0 49
0 50
0 41
0 23
0 58
0 28
0 30
1 33
1 83
1 3
1 4
1 49
1 8
1 41
1 10
1 13
1 14
1 17
1 19
1 23
1 58
1 30
2 33
2 8
2 9
2 49
2 19
2 41
2 58
2 28
4 32
4 3
4 8
4 41
4 10
4 13
4 14
4 17
4 50
4 19
4 23
4 58
4 62
5 32
5 33
5 3
5 4
5 49
5 8
5 9
5 10
5 13
5 14
5 17
5 50
5 41
5 23
6 9
6 13
6 14
6 49
6 58
6 28
6 62
8 32
8 33
8 37
8 8
8 9
8 74
8 13
8 49
8 50
8 19
8 30
9 33
9 3
9 4
9 8
9 41
9 13
9 15
9 49
9 50
9 19
9 62
9 58
9 30
14 33
14 3
14 4
14 37
14 49
14 8
14 41
14 12
14 17
14 50
14 19
14 23
14 58
14 62
17 32
17 3
17 4
17 9
17 74
17 13
17 14
17 49
17 50
17 19
17 41
17 23
17 58
17 62
18 32
18 4
18 8
18 9
18 10
18 62
18 14
18 17
18 50
18 19
18 41
18 23
18 58
18 30
19 33
19 3
19 37
19 8
19 9
19 13
19 14
19 49
19 50
19 19
19 41
19 30
20 33
20 3
20 8
20 9
20 74
20 12
20 13
20 14
20 50
20 19
20 41
20 23
20 58
20 62
21 4
21 17
21 41
21 23
21 13
21 49
21 50
21 19
21 9
22 33
22 3
22 4
22 8
22 9
22 74
22 62
22 14
22 49
22 19
22 41
22 23
22 58
22 28
22 30
23 37
23 49
23 9
23 74
23 12
23 13
23 14
23 17
23 50
23 19
23 62
23 41
23 58
23 30
24 32
24 4
24 37
24 8
24 9
24 74
24 62
24 13
24 14
24 49
24 19
24 41
24 23
24 58
24 30
25 33
25 3
25 4
25 49
25 41
25 13
25 17
25 19
25 23
25 58
27 32
27 33
27 3
27 37
27 9
27 49
27 50
27 19
27 23
27 30
29 9
29 50
29 14
30 33
30 3
30 4
30 49
30 8
30 74
30 12
30 13
30 14
30 17
30 19
30 58
30 10
31 32
31 33
31 3
31 4
31 37
31 8
31 41
31 10
31 12
31 13
31 14
31 50
31 19
31 58
31 62
32 33
32 3
32 4
32 8
32 9
32 74
32 13
32 14
32 17
32 41
32 58
32 10
32 30
33 33
33 49
33 9
33 74
33 62
33 13
33 17
33 19
33 41
33 23
33 30
34 32
34 3
34 37
34 9
34 49
34 50
34 41
34 23
34 28
34 62
35 32
35 33
35 3
35 4
35 37
35 8
35 41
35 10
35 12
35 13
35 14
35 49
35 19
35 23
35 58
36 33
36 4
36 41
36 13
36 14
36 19
36 58
37 33
37 3
37 4
37 37
37 8
37 41
37 13
37 14
37 17
37 50
37 62
37 58
37 28
37 30
38 32
38 33
38 3
38 4
38 37
38 8
38 9
38 10
38 17
38 50
38 62
38 41
38 58
38 28
38 30
39 33
39 3
39 4
39 37
39 49
39 9
39 62
39 12
39 13
39 17
39 19
39 41
39 23
39 58
39 30
40 33
40 3
40 49
40 8
40 41
40 74
40 12
40 13
40 14
40 15
40 17
40 50
40 19
40 23
40 62
41 33
41 3
41 49
41 8
41 9
41 10
41 12
41 14
41 17
41 50
41 19
41 58
41 74
41 30
42 33
42 4
42 49
42 8
42 9
42 74
42 14
42 17
42 50
42 41
42 58
42 10
43 33
43 3
43 4
43 37
43 9
43 10
43 14
43 17
43 19
43 41
43 23
43 58
43 28
43 30
44 3
44 4
44 49
44 8
44 9
44 13
44 14
44 17
44 50
44 19
44 41
44 23
44 58
44 30
45 32
45 33
45 3
45 37
45 9
45 10
45 12
45 13
45 14
45 49
45 19
45 41
45 23
45 58
45 74
46 32
46 33
46 37
46 49
46 8
46 9
46 13
46 14
46 17
46 50
46 41
46 23
46 58
46 28
46 30
47 33
47 4
47 37
47 8
47 14
47 17
47 19
47 62
47 58
47 30
48 32
48 83
48 4
48 49
48 8
48 9
48 13
48 14
48 17
48 50
48 19
48 62
48 23
48 28
48 30
49 32
49 33
49 83
49 3
49 4
49 37
49 8
49 10
49 14
49 50
49 19
49 58
49 30
51 33
51 4
51 49
51 8
51 9
51 13
51 14
51 17
51 50
51 62
52 33
52 83
52 37
52 8
52 9
52 10
52 13
52 14
52 49
52 50
52 19
52 62
52 23
52 58
52 30
53 33
53 3
53 4
53 8
53 74
53 13
53 14
53 49
53 50
53 62
53 23
53 58
53 30
54 8
54 10
54 19
54 50
54 14
55 32
55 33
55 3
55 4
55 37
55 8
55 9
55 13
55 14
55 17
55 50
55 41
55 58
55 28
55 30
56 8
56 9
56 12
56 49
56 50
56 41
56 58
56 28
57 33
57 3
57 4
57 49
57 8
57 41
57 74
57 13
57 14
57 17
57 19
57 62
57 23
57 30
59 33
59 3
59 4
59 9
59 12
59 13
59 14
59 49
59 50
59 19
59 41
59 30
60 33
60 3
60 4
60 49
60 8
60 9
60 13
60 17
60 41
60 58
61 4
61 37
61 49
61 8
61 9
61 13
61 14
61 17
61 50
61 19
61 41
61 23
61 58
61 30
63 49
63 8
63 41
63 13
63 17
63 50
63 23
63 58
63 28
63 30
64 33
64 50
64 9
64 62
64 49
65 32
65 33
65 4
65 9
65 12
65 13
65 49
65 50
65 19
65 41
65 23
65 58
66 3
66 37
66 8
66 9
66 13
66 14
66 49
66 50
66 19
66 41
66 23
66 58
66 28
66 30
67 32
67 3
67 4
67 37
67 49
67 9
67 74
67 13
67 14
67 17
67 50
67 19
67 62
67 41
67 30
68 3
68 4
68 9
68 10
68 13
68 49
68 50
68 58
69 33
69 3
69 8
69 41
69 10
69 9
70 33
70 8
70 9
70 74
70 13
70 14
70 50
70 23
70 58
70 30
71 33
71 3
71 37
71 49
71 8
71 9
71 74
71 13
71 17
71 50
71 83
71 23
71 58
71 28
71 62
72 33
72 3
72 4
72 37
72 8
72 74
72 12
72 13
72 17
72 50
72 19
72 23
72 58
72 30
73 33
73 3
73 4
73 49
73 8
73 9
73 62
73 14
73 17
73 50
73 19
73 41
73 23
73 58
73 30
74 41
74 74
74 13
74 14
74 17
74 50
74 19
74 62
74 58
74 30
75 33
75 3
75 4
75 37
75 8
75 9
75 74
75 17
75 62
75 41
75 58
75 30
76 33
76 3
76 4
76 37
76 9
76 74
76 13
76 14
76 49
76 50
76 19
76 41
76 58
76 28
76 30
77 33
77 8
77 41
77 10
77 13
77 14
77 49
77 50
77 9
77 58
78 3
78 4
78 17
78 41
78 74
78 13
78 14
78 49
78 50
78 19
78 58
78 30
79 83
79 3
79 4
79 8
79 9
79 12
79 13
79 14
79 49
79 50
79 19
79 62
79 41
79 58
79 30
80 32
80 33
80 4
80 49
80 8
80 41
80 10
80 14
80 15
80 17
80 19
80 62
80 23
80 74
80 30
81 33
81 3
81 37
81 9
81 74
81 13
81 14
81 23
82 33
82 3
82 4
82 8
82 10
82 12
82 13
82 17
82 50
82 19
82 23
82 58
82 28
82 74
82 30
84 50
86 33
86 3
86 4
86 8
86 9
86 10
86 19
86 62
87 33
87 4
87 37
87 8
87 9
87 74
87 13
87 14
87 15
87 50
87 19
87 41
87 23
87 28
87 62
