88
0 2
0 5
0 87
0 12
0 77
0 78
0 47
0 46
0 23
1 59
1 4
1 8
1 73
1 10
1 12
1 45
1 79
1 85
1 47
1 60
1 31
2 33
2 66
2 5
2 17
2 21
2 26
3 33
3 4
3 39
3 40
3 9
3 45
3 78
3 47
3 50
3 20
3 26
3 59
3 60
3 29
3 62
3 31
4 0
4 80
4 66
4 69
4 73
4 75
4 12
4 77
4 46
4 47
4 48
4 82
4 20
4 21
4 86
4 58
5 80
5 3
5 38
5 8
5 9
5 12
5 15
5 48
5 40
5 82
5 67
5 54
5 73
5 26
5 27
5 59
6 66
6 3
6 79
6 19
6 21
6 58
7 64
7 1
7 3
7 33
7 9
7 10
7 71
7 78
7 18
7 67
7 20
7 54
7 56
7 75
7 29
7 62
8 39
8 40
8 75
8 48
8 52
8 21
8 56
8 53
9 65
9 49
9 41
9 74
9 80
9 81
9 52
9 85
9 60
9 62
9 53
10 2
10 8
10 9
10 10
10 12
10 15
10 18
10 21
10 27
10 31
10 36
10 37
10 40
10 43
10 46
10 50
10 52
10 56
10 58
10 62
10 66
10 73
10 76
10 82
10 86
11 48
11 2
11 8
11 43
11 77
11 79
11 80
11 57
11 29
11 63
12 34
12 35
12 70
12 71
12 73
12 76
12 47
12 51
12 85
12 54
12 23
12 24
12 57
12 26
13 11
13 77
13 78
13 80
13 50
13 61
17 0
17 11
18 64
18 1
18 35
18 71
18 80
18 81
18 54
18 58
18 27
19 0
19 38
19 74
19 76
19 13
19 78
19 50
19 19
19 21
19 54
19 62
20 32
20 5
20 38
20 39
20 10
20 43
20 13
20 46
20 45
20 49
20 53
20 86
20 79
20 61
20 30
21 3
21 5
21 72
21 73
21 45
21 78
21 77
21 17
21 53
21 21
21 24
21 57
21 28
21 37
21 31
22 62
22 12
22 54
22 38
23 2
23 12
23 82
23 54
24 32
24 38
24 72
24 60
24 80
24 21
24 59
24 28
24 30
24 85
25 1
25 2
25 65
25 74
25 15
25 86
25 24
25 26
26 64
26 67
26 3
26 77
26 5
26 38
26 71
26 40
26 11
26 13
26 46
26 45
26 72
26 51
26 20
26 21
26 56
26 31
27 0
27 1
27 2
27 43
27 4
27 37
27 6
27 64
27 74
27 11
27 79
27 80
27 50
27 67
27 38
27 60
27 30
27 63
28 66
28 36
28 39
28 9
28 10
28 44
28 78
28 80
28 20
28 54
28 27
28 61
28 31
29 67
29 10
29 12
29 78
29 15
29 80
29 49
29 54
29 23
29 24
29 25
29 58
29 59
29 74
30 36
30 38
30 75
30 15
30 81
30 21
30 86
30 87
30 27
30 30
30 85
31 64
31 2
31 5
31 39
31 9
31 12
31 47
31 19
31 21
31 26
32 66
32 3
32 69
32 70
32 40
32 9
32 74
32 12
32 13
32 35
32 85
32 63
33 0
33 48
33 66
33 35
33 36
33 69
33 13
33 80
33 49
33 51
33 21
33 86
33 26
33 58
34 38
34 10
34 82
34 80
34 81
34 18
34 21
34 24
34 27
35 33
35 2
35 3
35 5
35 70
35 80
35 9
35 10
35 67
35 12
35 82
35 48
35 76
35 75
35 35
35 86
35 59
35 28
35 29
36 0
36 64
36 3
36 9
36 76
36 20
36 54
36 27
37 2
37 67
37 74
37 43
37 45
37 61
37 49
37 50
37 19
37 86
37 26
37 60
37 58
37 63
38 37
38 38
38 71
38 8
38 9
38 60
38 46
38 47
38 80
38 40
38 19
38 85
38 56
38 26
38 59
38 28
38 29
39 20
39 2
39 82
39 13
39 6
40 0
40 3
40 70
40 38
40 8
40 73
40 74
40 12
40 47
40 40
40 19
40 53
40 57
40 59
40 63
41 1
41 6
41 70
41 41
41 10
41 12
41 13
41 54
41 42
42 32
42 70
42 40
42 80
42 82
42 19
42 86
43 32
43 9
43 67
43 57
43 79
44 58
44 63
44 52
44 30
44 31
45 33
45 37
45 54
45 23
45 31
45 63
46 5
46 9
46 11
46 12
46 13
46 15
46 23
46 24
46 26
46 27
46 28
46 30
46 31
46 37
46 38
46 43
46 56
46 58
46 67
46 72
46 74
46 85
47 80
47 3
47 41
47 75
47 12
47 79
47 48
47 49
47 18
47 51
47 23
47 27
47 28
47 61
47 30
47 31
48 33
48 3
48 54
48 74
48 76
48 48
48 83
48 20
48 21
48 86
48 87
48 58
48 63
48 31
49 0
49 2
49 35
49 36
49 38
49 71
49 9
49 10
49 87
49 12
49 46
49 79
49 76
49 21
49 41
49 57
49 59
49 61
49 63
50 64
50 3
50 4
50 38
50 40
50 73
50 75
51 59
51 2
51 26
51 20
51 50
52 0
52 2
52 3
52 36
52 6
52 39
52 10
52 43
52 13
52 80
52 82
52 35
52 20
52 66
52 86
52 23
52 67
52 27
52 60
52 29
53 49
54 57
54 25
54 69
54 21
56 83
56 3
56 71
56 73
56 11
56 12
56 46
56 79
56 81
56 51
56 78
56 58
56 63
56 60
56 31
57 38
57 6
57 72
57 9
57 82
57 86
57 60
57 30
58 32
58 37
58 43
58 46
58 79
58 81
58 82
58 53
59 5
59 9
59 10
59 47
59 50
59 79
59 86
59 27
59 60
59 61
59 63
60 32
60 3
60 72
60 74
60 76
60 40
60 54
60 24
61 63
62 0
62 1
62 36
62 32
62 72
62 11
62 76
62 79
62 80
62 82
62 52
62 53
62 62
62 24
62 25
62 87
62 39
62 85
63 1
63 35
63 4
63 5
63 6
63 65
63 38
63 41
63 10
63 11
63 45
63 47
63 67
63 54
63 27
63 28
63 62
64 1
64 35
64 3
64 5
64 6
64 39
64 9
64 10
64 43
64 12
64 13
64 47
64 80
64 82
64 19
64 52
64 86
64 28
64 60
64 31
65 74
65 38
65 63
66 4
66 5
66 40
66 74
66 43
66 19
66 20
66 63
66 69
67 37
67 41
67 79
67 12
67 15
67 48
67 81
67 82
67 51
67 20
67 21
67 54
67 56
67 58
67 47
67 5
68 51
68 67
68 43
68 19
68 23
68 60
69 82
69 67
69 60
69 58
70 0
70 32
70 2
70 59
70 4
70 69
70 33
70 8
70 41
70 86
70 46
70 15
70 63
70 54
70 87
70 47
70 28
70 31
71 33
71 38
71 70
71 9
71 10
71 75
72 43
72 28
72 29
72 63
73 2
73 69
73 38
73 8
73 81
73 19
73 24
74 1
74 36
74 74
74 76
74 78
74 47
74 48
74 10
74 19
74 21
74 57
74 29
74 30
75 66
75 3
75 69
75 42
75 51
75 20
75 21
75 52
75 63
76 32
76 1
76 66
76 51
76 65
76 40
76 9
76 74
76 43
76 78
76 64
76 49
76 19
76 20
76 53
76 73
76 24
76 58
76 59
76 60
77 2
77 37
77 71
77 77
77 45
77 48
77 20
77 87
77 26
77 63
77 31
78 66
78 35
78 69
78 77
78 19
78 54
78 56
78 61
78 31
79 9
79 12
79 20
79 31
80 52
81 53
83 67
83 40
83 50
83 3
83 54
83 87
83 60
83 30
84 32
84 12
84 82
84 20
84 53
84 54
84 24
84 25
84 63
86 67
86 49
86 71
86 73
86 10
86 75
86 46
86 43
86 18
86 19
86 7
86 57
86 26
86 58
87 35
87 4
87 6
87 40
87 74
87 11
87 48
87 56
87 82
87 20
87 86
87 24
87 52
87 58
87 72
87 63
