88
0 3
0 6
0 43
0 77
0 48
0 86
0 23
0 25
0 58
0 27
0 63
1 5
1 38
1 9
1 42
1 43
1 76
1 77
1 85
1 23
1 25
1 58
1 27
2 2
2 42
2 82
2 18
2 85
2 55
2 53
3 2
3 5
3 6
3 9
3 42
3 43
3 13
3 79
3 51
3 20
3 58
4 2
4 3
4 5
4 38
4 42
4 13
4 77
4 34
4 51
4 86
4 55
4 26
4 58
7 38
7 76
7 77
7 85
7 86
7 26
9 6
9 9
9 42
9 76
9 77
9 48
9 55
9 27
10 3
10 5
10 6
10 75
10 20
10 85
10 58
11 3
11 6
11 9
11 42
11 43
11 51
11 20
11 86
11 26
11 27
11 58
12 3
12 5
12 38
12 8
12 9
12 42
12 18
12 51
12 20
12 58
12 61
14 2
14 5
14 6
14 13
14 77
14 85
14 26
14 53
14 31
16 2
16 8
16 63
16 75
16 66
16 77
16 18
16 51
16 85
16 86
16 23
16 25
16 27
16 53
17 65
17 2
17 43
17 5
17 38
17 42
17 75
17 13
17 48
17 20
17 85
17 86
17 55
17 27
19 2
19 35
19 38
19 6
19 42
19 43
19 76
19 34
19 77
19 75
19 20
19 53
19 23
19 25
19 55
20 2
20 3
20 5
20 6
20 9
20 75
20 13
20 20
20 53
20 86
20 25
20 26
20 27
21 6
21 42
21 43
21 77
21 79
21 48
21 20
21 86
21 58
21 27
21 61
21 63
22 2
22 82
22 6
22 9
22 42
22 43
22 76
22 77
22 46
22 13
22 18
22 20
22 27
23 42
23 55
23 13
23 85
23 86
23 23
23 58
24 3
24 5
24 9
24 42
24 55
24 13
24 77
24 82
24 53
24 86
24 23
24 58
24 27
24 63
25 5
25 9
25 43
25 77
25 13
25 51
25 20
25 53
25 86
25 23
25 55
25 58
25 27
28 65
28 2
28 3
28 6
28 8
28 75
28 13
28 79
28 18
28 20
28 85
28 86
28 23
28 26
30 6
30 38
30 13
30 51
30 85
30 55
30 58
31 6
31 63
31 13
31 48
31 20
31 85
31 86
31 23
31 26
31 27
31 53
32 3
32 38
32 6
32 42
32 48
32 82
32 20
32 85
32 23
32 26
32 27
32 58
32 53
33 3
33 9
33 43
33 77
33 13
33 85
33 58
34 2
34 38
34 42
34 43
34 76
34 18
34 20
34 27
34 63
35 65
35 38
35 42
35 43
35 76
35 77
35 79
35 48
35 85
35 55
35 26
35 27
35 58
36 2
36 5
36 38
36 34
36 46
36 18
36 53
36 86
36 55
36 25
36 26
36 63
37 2
37 5
37 38
37 43
37 77
37 20
37 53
37 23
37 25
37 26
37 27
37 58
37 31
38 2
38 38
38 42
38 43
38 77
38 46
38 20
38 86
38 23
38 58
38 27
39 3
39 38
39 6
39 9
39 42
39 55
39 13
39 77
39 48
39 85
39 23
39 26
39 53
40 2
40 3
40 38
40 9
40 76
40 46
40 82
40 85
40 86
40 26
40 27
40 53
41 2
41 3
41 42
41 20
41 53
41 86
41 23
42 34
42 3
42 5
42 9
42 75
42 13
42 77
42 43
42 53
42 86
43 3
43 5
43 43
43 13
43 51
43 86
43 55
44 2
44 3
44 5
44 6
44 8
44 9
44 43
44 13
44 20
44 85
44 86
44 55
44 27
45 65
45 34
45 3
45 38
45 9
45 42
45 43
45 76
45 48
45 20
45 85
45 86
45 55
45 27
46 8
46 76
46 13
46 77
46 48
46 82
46 20
46 85
46 23
46 58
46 27
46 53
46 31
47 2
47 5
47 38
47 43
47 76
47 77
47 46
47 18
47 85
47 86
47 23
47 25
47 26
48 35
48 38
48 6
48 76
48 77
48 82
48 85
48 86
48 26
48 27
48 58
48 63
49 2
49 6
49 9
49 43
49 76
49 48
49 85
49 86
49 26
49 27
49 30
49 63
50 5
50 6
50 42
50 75
50 13
50 46
50 53
50 86
50 23
50 26
50 27
50 58
50 30
51 3
51 5
51 38
51 8
51 42
51 43
51 76
51 77
51 20
51 85
51 55
51 26
51 27
51 61
52 34
52 43
52 5
52 8
52 9
52 42
52 75
52 76
52 13
52 85
52 86
52 55
52 58
52 53
53 2
53 5
53 42
53 76
53 77
53 86
53 55
53 58
54 3
54 38
54 6
54 8
54 42
54 76
54 77
54 46
54 51
54 85
54 55
54 26
54 58
55 2
55 43
55 75
55 3
55 85
55 86
56 2
56 3
56 6
56 42
56 55
56 76
56 77
56 34
56 82
56 20
56 23
56 26
56 27
56 63
57 38
57 6
57 8
57 42
57 75
57 76
57 77
57 46
57 13
57 20
57 85
57 86
57 23
57 58
58 42
58 48
58 20
58 85
58 26
58 27
58 58
59 38
59 6
59 8
59 9
59 42
59 76
59 82
59 20
59 53
59 86
59 55
59 26
59 58
59 63
60 2
60 3
60 5
60 42
60 43
60 76
60 48
60 20
60 53
60 86
60 23
60 26
60 27
60 58
60 85
62 2
62 38
62 9
62 77
62 53
62 23
62 27
63 5
63 38
63 42
63 77
63 46
63 48
63 82
63 85
63 23
63 26
63 27
64 65
64 2
64 3
64 5
64 9
64 42
64 75
64 76
64 77
64 48
64 82
64 53
64 26
64 27
64 58
65 3
65 5
65 9
65 76
65 13
65 55
65 26
65 63
66 2
66 3
66 5
66 38
66 9
66 75
66 13
66 48
66 43
66 51
66 55
67 65
67 3
67 6
67 42
67 75
67 76
67 77
67 20
67 85
67 23
67 55
67 26
67 58
67 53
68 2
68 3
68 6
68 8
68 9
68 43
68 48
68 18
68 51
68 85
68 26
68 53
69 2
69 6
69 9
69 42
69 55
69 76
69 82
69 51
69 86
69 23
69 26
69 27
69 61
70 3
70 38
70 6
70 9
70 43
70 76
70 77
70 13
70 20
70 85
70 86
70 26
70 58
71 65
71 2
71 3
71 9
71 13
71 85
71 86
71 23
71 25
71 58
71 27
71 53
72 3
72 38
72 6
72 9
72 43
72 76
72 13
72 77
72 48
72 51
72 20
72 86
72 25
72 26
73 2
73 34
73 5
73 6
73 9
73 75
73 13
73 77
73 43
73 18
73 53
73 55
73 58
73 27
74 3
74 6
74 42
74 75
74 76
74 77
74 46
74 61
74 82
74 20
74 85
74 86
74 55
74 26
74 27
74 58
74 30
75 2
75 38
75 8
75 43
75 76
75 13
75 85
75 23
75 55
75 58
75 27
75 53
76 3
76 5
76 38
76 42
76 75
76 82
76 20
76 86
76 55
76 26
76 58
77 3
77 55
77 77
77 13
77 48
77 18
77 20
77 85
77 23
77 58
77 53
78 2
78 3
78 38
78 9
78 43
78 76
78 13
78 46
78 48
78 20
78 53
78 86
78 58
80 2
80 3
80 5
80 6
80 75
80 76
80 46
80 51
80 86
80 23
80 55
80 26
80 38
81 3
81 38
81 6
81 9
81 42
81 43
81 76
81 13
81 48
81 53
81 86
81 23
81 26
81 58
81 85
82 2
82 38
82 8
82 9
82 75
82 76
82 51
82 53
82 55
82 25
82 58
83 65
83 2
83 67
83 6
83 38
83 9
83 42
83 43
83 34
83 46
83 82
83 85
83 86
83 55
83 26
85 9
85 42
85 20
85 53
85 86
85 23
85 31
86 6
86 42
86 43
86 76
86 13
86 53
86 23
86 55
86 26
86 58
87 65
87 43
87 38
87 42
87 75
87 76
87 82
87 20
87 85
87 55
87 26
87 27
