88
0 80
0 58
0 47
1 69
1 9
1 42
1 43
1 13
1 79
1 48
1 27
1 60
1 31
2 3
2 6
2 9
2 10
2 13
2 23
2 24
2 25
2 27
2 28
2 33
2 34
2 37
2 38
2 42
2 43
2 45
2 46
2 55
2 62
2 67
2 79
2 85
2 87
3 34
3 67
3 68
3 74
3 76
3 2
3 47
3 49
3 79
3 21
3 86
3 87
3 27
3 29
3 62
4 33
4 34
4 5
4 38
4 9
4 42
4 76
4 46
4 47
4 48
4 83
4 73
4 25
4 27
4 60
4 30
4 31
7 67
7 38
7 9
7 42
7 44
7 46
7 48
7 49
7 20
7 85
7 55
7 25
7 27
7 28
7 29
7 30
9 34
9 5
9 39
9 72
9 73
9 42
9 13
9 46
9 45
9 74
9 78
9 86
9 87
9 29
9 85
9 31
10 33
10 66
10 3
10 7
10 9
10 74
10 39
10 46
10 79
10 27
10 28
10 31
12 49
12 34
12 25
13 37
13 73
13 43
13 76
13 49
13 85
13 29
13 30
13 31
14 2
14 3
14 38
14 71
14 73
14 74
14 43
14 76
14 44
14 16
14 9
14 25
14 27
15 25
15 79
15 39
18 33
18 5
18 38
18 39
18 42
18 77
18 80
18 81
18 20
18 21
18 86
18 23
18 31
19 0
19 32
19 37
19 38
19 33
19 10
19 39
19 76
19 13
19 16
19 86
19 25
19 58
19 70
19 74
19 30
20 0
20 66
20 43
20 37
20 49
20 73
20 23
20 47
20 81
20 52
20 86
20 87
20 29
24 69
24 70
24 9
24 87
24 77
24 49
24 85
24 73
24 55
24 23
24 62
24 29
24 30
25 64
25 33
25 34
25 3
25 6
25 38
25 74
25 66
25 47
25 49
25 50
25 87
25 79
25 30
25 69
26 34
26 37
26 74
26 46
26 47
26 49
26 21
26 27
26 60
26 85
27 3
27 6
27 74
27 45
27 78
27 16
27 86
27 27
27 30
27 31
28 3
28 38
28 6
28 39
28 10
28 77
28 46
28 79
28 81
28 20
28 54
28 29
28 31
29 86
29 3
29 36
29 37
29 6
29 72
29 9
29 74
29 87
29 77
29 79
29 20
29 22
29 73
29 58
29 38
29 28
29 31
30 1
30 6
30 9
30 13
30 27
30 29
30 31
30 33
30 35
30 37
30 38
30 44
30 49
30 55
30 67
30 68
30 69
30 70
30 73
30 74
30 85
30 86
30 87
33 33
33 2
33 35
33 5
33 71
33 9
33 43
33 34
33 45
33 49
33 86
33 73
33 25
33 47
33 28
33 29
33 30
34 39
34 44
34 49
34 86
34 58
34 31
35 33
35 3
35 37
35 6
35 73
35 42
35 77
35 46
35 79
35 49
35 87
35 25
35 47
36 0
36 1
36 3
36 9
36 10
36 13
36 22
36 25
36 27
36 31
36 34
36 37
36 46
36 47
36 58
36 66
36 72
36 76
36 79
36 80
36 81
36 85
36 86
36 87
38 2
38 35
38 72
38 9
38 74
38 34
38 78
38 46
38 31
39 66
39 5
39 6
39 39
39 72
39 76
39 71
39 44
39 48
39 83
39 86
39 87
39 25
39 60
39 29
40 3
40 69
40 9
40 10
40 78
40 85
40 55
40 60
40 29
45 34
45 5
45 70
45 39
45 72
45 46
45 78
45 81
45 52
45 21
45 23
45 85
45 31
46 0
46 10
46 13
46 20
46 21
46 30
46 34
46 37
46 38
46 42
46 44
46 46
46 47
46 56
46 66
46 68
46 71
46 72
46 73
46 78
46 79
46 83
46 85
47 1
47 13
47 23
47 25
47 39
47 42
47 44
47 45
47 48
47 49
47 58
47 66
47 69
47 71
47 74
47 76
47 78
47 79
47 80
47 81
47 83
47 85
47 86
48 3
48 6
48 7
48 32
48 33
48 34
48 35
48 37
48 38
48 39
48 42
48 44
48 45
48 46
48 49
48 52
48 58
48 66
48 67
48 73
48 80
48 81
48 87
49 2
49 3
49 6
49 13
49 20
49 23
49 25
49 30
49 33
49 34
49 37
49 39
49 44
49 47
49 48
49 49
49 60
49 62
49 71
49 76
49 79
49 85
49 86
50 32
50 33
50 34
50 54
50 55
50 44
50 13
50 49
50 86
50 87
52 33
52 37
52 39
52 9
52 43
52 49
52 83
52 20
52 87
52 52
52 29
52 62
53 0
53 3
53 9
53 25
53 29
53 31
53 34
53 37
53 38
53 44
53 46
53 47
53 49
53 52
53 62
53 67
53 69
53 73
53 74
53 79
53 80
53 85
53 87
55 33
55 69
55 38
55 48
55 76
55 79
55 80
55 81
55 37
55 25
55 31
55 29
55 5
58 33
58 2
58 3
58 68
58 38
58 73
58 67
58 45
58 77
58 50
58 51
58 85
58 86
58 87
58 25
58 79
59 37
59 38
59 71
59 9
59 46
59 47
59 49
59 87
59 31
60 32
60 33
60 69
60 6
60 44
60 46
60 80
60 20
60 38
60 5
61 9
61 76
61 47
61 21
61 73
61 87
61 29
61 30
64 33
64 34
64 48
64 37
64 38
64 7
64 13
64 47
64 16
64 81
64 21
64 28
64 29
64 62
64 85
65 37
65 71
65 72
65 9
65 79
65 87
65 76
65 77
65 47
65 85
65 30
65 73
65 27
65 62
65 69
66 3
66 9
66 44
66 47
66 76
66 49
66 85
66 54
66 87
66 58
67 32
67 1
67 2
67 5
67 38
67 33
67 9
67 39
67 46
67 47
67 80
67 62
67 86
67 73
67 25
67 30
67 69
68 1
68 67
68 5
68 6
68 39
68 79
68 55
68 76
68 45
68 46
68 47
68 16
68 87
68 20
68 21
68 23
68 56
68 58
68 38
68 37
70 34
70 3
70 69
70 39
70 76
70 42
70 44
70 47
70 80
70 35
70 20
70 62
70 25
70 79
70 29
70 30
70 31
72 33
72 34
72 43
72 68
72 37
72 6
72 7
72 72
72 73
72 39
72 66
72 67
72 20
72 86
72 23
72 52
72 31
73 32
73 5
73 6
73 73
73 77
73 47
73 16
73 9
73 85
73 86
73 23
73 70
73 37
73 69
74 2
74 67
74 68
74 69
74 73
74 44
74 34
74 78
74 79
74 49
74 46
74 25
74 29
74 31
75 34
75 43
75 6
75 7
75 73
75 10
75 39
75 78
75 79
75 46
75 87
75 25
75 29
75 30
76 33
76 3
76 69
76 39
76 72
76 60
76 87
76 76
76 46
76 49
76 86
76 23
76 28
76 30
77 0
77 5
77 76
77 50
77 47
77 16
77 37
77 27
77 29
77 31
78 34
78 3
78 68
78 69
78 6
78 72
78 42
78 43
78 47
78 48
78 67
78 86
78 23
78 83
78 25
78 87
78 31
80 34
80 67
80 69
80 38
80 9
80 10
80 45
80 77
80 79
80 86
80 87
80 55
80 30
80 37
81 3
81 69
81 6
81 45
81 47
81 16
81 81
81 20
81 85
81 86
81 87
81 29
81 30
81 37
82 68
82 37
82 6
82 39
82 76
82 83
82 38
82 28
83 0
83 35
83 6
83 74
83 21
83 86
84 6
84 38
84 7
84 71
84 77
84 46
84 80
84 50
84 83
84 69
84 85
84 54
84 55
84 25
84 87
84 86
84 62
84 31
85 33
85 69
85 39
85 10
85 76
85 52
85 86
85 29
85 37
86 32
86 3
86 38
86 6
86 7
86 73
86 39
86 44
86 13
86 47
86 16
86 43
86 67
86 21
86 23
86 71
86 27
86 70
86 31
87 64
87 35
87 34
87 67
87 69
87 38
87 7
87 44
87 76
87 60
87 48
87 83
87 86
87 28
