88
0 34
0 67
0 37
0 70
0 40
0 41
0 14
0 49
0 51
0 54
0 57
0 27
0 62
1 32
1 35
1 6
1 40
1 41
1 75
1 76
1 79
1 51
1 53
1 58
1 47
2 33
2 34
2 37
2 6
2 40
2 41
2 74
2 76
2 61
2 77
2 47
2 48
2 72
2 56
2 58
2 60
2 29
2 30
3 32
3 1
3 34
3 67
3 4
3 33
3 6
3 7
3 79
3 44
3 47
3 48
3 50
3 87
3 36
3 27
3 28
3 37
7 48
7 50
7 3
7 37
8 68
8 76
8 79
8 23
8 57
8 26
9 64
9 76
9 77
9 31
10 33
10 34
10 67
10 58
10 22
11 70
13 64
13 3
13 36
13 8
13 76
13 77
13 45
13 82
13 53
13 87
13 26
13 62
15 57
18 47
20 3
20 6
20 71
20 77
20 46
20 20
20 26
21 64
21 34
21 67
21 36
21 41
21 75
21 44
21 66
21 79
21 83
21 53
21 55
21 57
21 26
21 61
22 67
22 38
22 70
22 8
22 41
22 74
22 44
22 79
22 50
22 51
22 22
22 30
23 32
23 38
23 7
23 8
23 73
23 44
23 79
23 48
23 50
23 53
23 58
23 61
23 31
24 51
24 34
24 3
24 37
24 6
24 7
24 41
24 74
24 71
24 44
24 48
24 75
24 35
24 20
24 53
24 73
24 55
24 28
24 62
28 32
28 1
28 70
28 38
28 77
28 8
28 41
28 76
28 45
28 46
28 47
28 22
28 73
28 57
28 58
28 79
28 61
30 33
30 35
30 69
30 6
30 75
30 44
30 47
30 82
30 27
30 30
30 37
31 64
31 4
31 69
31 38
31 73
31 75
31 48
31 51
31 20
31 21
31 23
31 26
31 28
31 53
32 34
32 67
32 5
32 7
32 76
32 74
32 44
32 46
32 79
32 49
32 20
32 53
32 54
32 87
32 56
32 57
32 27
33 32
33 3
33 37
33 70
33 41
33 44
33 45
33 47
33 48
33 51
33 53
33 54
33 73
33 79
33 60
33 61
33 62
33 31
34 34
34 69
34 70
34 71
34 73
34 75
34 76
34 45
34 77
34 47
34 20
34 53
34 55
34 26
34 58
35 70
35 7
35 8
35 77
35 47
35 48
35 49
35 51
35 21
35 86
35 55
35 28
35 61
35 62
35 31
37 1
37 3
37 69
37 38
37 71
37 8
37 73
37 74
37 75
37 44
37 20
37 53
37 33
37 30
38 33
38 36
38 37
38 38
38 40
38 76
38 79
38 44
38 47
38 20
38 57
38 58
38 27
38 61
38 30
38 31
39 64
39 75
39 4
39 38
39 7
39 40
39 41
39 71
39 44
39 77
39 48
39 50
39 20
39 73
39 57
39 87
39 30
40 64
40 33
40 34
40 4
40 37
40 72
40 74
40 47
40 48
40 50
40 53
40 22
40 36
40 54
40 61
40 62
41 67
41 5
41 6
41 71
41 8
41 45
41 61
41 50
41 82
41 57
41 38
41 29
41 30
41 31
42 35
42 3
42 4
42 5
42 6
42 7
42 8
42 49
42 82
42 83
42 56
42 26
42 27
42 70
43 64
43 33
43 67
43 69
43 6
43 7
43 41
43 76
43 77
43 47
43 58
43 61
43 62
43 37
44 33
44 4
44 37
44 7
44 8
44 73
44 46
44 50
44 20
44 21
44 22
44 55
44 57
44 26
44 27
44 28
44 61
44 62
45 65
45 33
45 72
45 77
45 47
45 40
45 20
45 54
45 55
45 24
45 58
45 28
46 33
46 4
46 5
46 6
46 72
46 74
46 44
46 46
46 40
46 52
46 61
46 30
46 37
47 33
47 34
47 36
47 69
47 7
47 60
47 76
47 66
47 46
47 79
47 20
47 62
47 86
47 57
47 52
47 27
47 28
47 30
47 31
48 34
48 36
48 37
48 8
48 74
48 44
48 45
48 47
48 40
48 50
48 51
48 54
48 58
48 62
49 64
49 34
49 36
49 37
49 71
49 74
49 45
49 79
49 51
49 57
49 26
49 27
49 30
52 3
52 4
52 37
52 38
52 60
52 74
52 44
52 70
52 78
52 47
52 48
52 50
52 79
52 20
52 22
52 25
52 54
52 28
53 34
53 3
53 4
53 6
53 7
53 8
53 75
53 76
53 66
53 77
53 20
53 21
53 54
53 87
53 27
53 28
53 30
53 53
55 64
55 33
55 36
55 6
55 8
55 74
55 62
55 76
55 79
55 48
55 53
55 87
55 57
55 58
55 61
55 30
56 66
56 4
56 69
56 70
56 8
56 41
56 76
56 50
56 54
56 55
56 29
56 30
57 67
57 70
57 6
57 8
57 55
57 44
57 77
57 46
57 48
57 40
57 53
57 87
57 26
57 29
59 32
59 4
59 41
59 74
59 44
59 78
59 51
59 22
59 36
59 26
59 58
59 62
60 33
60 50
60 70
60 6
60 71
60 73
60 77
60 49
60 82
60 53
60 87
60 26
60 27
60 60
61 34
61 35
61 6
61 38
61 40
61 41
61 74
61 75
61 44
61 45
61 50
61 67
61 53
61 55
61 57
61 58
61 27
61 60
61 30
62 1
62 3
62 36
62 33
62 8
62 7
62 45
62 40
62 20
62 54
62 55
62 58
62 30
63 33
63 34
63 3
63 4
63 70
63 40
63 67
63 47
63 83
63 26
63 27
63 28
63 62
66 36
66 37
66 38
66 71
66 73
66 87
66 61
66 78
66 47
66 82
66 51
66 20
66 55
66 68
66 60
66 29
66 30
67 32
67 4
67 7
67 40
67 76
67 46
67 20
67 21
67 22
67 36
67 58
67 28
67 62
69 1
69 71
69 7
69 77
69 83
69 20
69 54
69 55
69 26
69 27
69 62
69 31
70 68
70 6
70 7
70 40
70 74
70 44
70 47
70 51
70 57
70 4
70 27
70 60
70 30
70 36
71 33
71 37
71 71
71 41
71 62
71 77
71 83
71 20
71 53
71 26
71 61
71 30
72 32
72 70
72 40
72 41
72 77
72 46
72 50
72 54
72 24
72 58
72 27
72 28
73 32
73 44
73 74
73 75
73 76
73 60
73 51
73 22
73 26
73 28
73 58
73 30
74 33
74 34
74 27
74 46
74 79
75 34
75 3
75 4
75 69
75 6
75 40
75 83
75 76
75 48
75 67
75 20
75 21
75 22
75 87
75 57
75 26
75 70
75 29
75 53
76 3
76 4
76 71
76 41
76 74
76 75
76 76
76 77
76 73
76 50
76 67
76 52
76 21
76 22
76 55
76 57
76 58
76 28
76 31
77 33
77 4
77 7
77 8
77 75
77 44
77 40
77 51
77 87
77 36
77 27
77 60
77 31
78 64
78 1
78 67
78 4
78 70
78 7
78 73
78 75
78 79
78 51
78 20
78 22
78 55
78 56
78 52
78 26
78 62
79 65
79 3
79 38
79 8
79 79
79 75
79 77
79 46
79 61
79 20
79 21
79 57
79 27
79 29
79 53
82 33
82 34
82 67
82 4
82 38
82 7
82 41
82 79
82 75
82 44
82 47
82 48
82 76
82 51
82 21
82 27
82 81
82 62
82 53
84 33
84 67
84 3
84 4
84 70
84 55
84 44
84 46
84 48
84 75
84 51
84 20
84 23
84 83
84 36
84 27
84 28
84 30
84 31
85 3
85 82
85 7
85 40
85 41
85 74
85 75
85 78
85 45
85 77
85 60
85 48
85 50
85 53
85 55
85 27
85 28
85 61
86 33
86 3
86 36
86 6
86 71
86 40
86 73
86 75
86 76
86 45
86 46
86 79
86 48
86 51
86 54
86 55
87 1
87 67
87 3
87 36
87 37
87 70
87 8
87 74
87 46
87 61
87 51
87 62
87 54
87 26
87 60
87 58
87 30
