88
0 32
0 35
0 38
0 77
0 78
0 45
0 48
0 49
0 51
0 54
0 59
1 36
1 70
1 39
1 77
1 83
1 52
1 85
1 26
4 9
4 26
5 33
5 34
5 48
5 8
5 9
5 13
5 77
5 80
5 83
5 21
5 73
5 41
9 80
9 49
9 50
9 43
10 8
10 43
10 76
10 77
10 79
10 49
10 20
10 52
10 30
12 9
12 35
13 0
13 33
13 66
13 35
13 36
13 37
13 39
13 9
13 42
13 71
13 45
13 77
13 60
13 80
13 83
13 52
13 21
13 27
13 28
13 30
13 69
18 9
19 48
19 27
19 47
20 33
20 35
20 9
20 10
20 75
20 78
20 80
20 43
20 21
20 23
20 61
20 30
20 31
22 34
22 67
22 76
23 0
23 8
23 41
23 42
23 75
23 76
23 52
23 21
23 28
24 64
24 67
24 9
24 10
24 87
24 45
24 43
24 50
24 35
24 23
24 27
25 64
25 34
25 35
25 36
25 39
25 42
25 71
25 13
25 46
25 77
25 48
25 17
25 67
25 20
25 66
25 86
25 59
25 60
25 61
28 49
28 10
28 26
30 67
30 54
30 39
30 9
30 42
30 78
30 49
30 35
30 86
30 73
30 25
30 26
30 62
32 48
32 41
32 38
33 35
33 69
33 39
33 8
33 42
33 43
33 45
33 48
33 60
33 10
34 32
34 64
34 2
34 35
34 37
34 70
34 8
34 73
34 10
34 76
34 34
34 46
34 79
34 80
34 20
34 86
34 87
34 28
34 42
34 62
34 31
36 80
36 66
36 35
36 37
36 60
36 42
36 75
36 77
36 79
36 48
36 87
36 67
36 54
36 73
36 83
36 86
36 26
36 28
36 10
36 62
37 0
37 33
37 2
37 69
37 38
37 71
37 8
37 73
37 79
37 70
37 76
37 34
37 78
37 47
37 85
37 86
37 26
37 27
37 60
37 30
38 25
38 37
38 62
40 33
40 38
40 73
40 42
40 45
40 49
40 83
40 85
40 54
40 55
40 27
40 61
40 30
41 20
41 23
41 26
41 27
41 28
41 31
41 33
41 34
41 35
41 37
41 47
41 48
41 49
41 52
41 59
41 66
41 69
41 73
41 75
41 76
41 79
41 81
41 85
44 32
44 35
44 71
44 8
44 73
44 10
44 77
44 80
44 59
44 83
44 21
44 86
44 87
44 26
44 27
45 2
45 11
45 25
45 27
45 30
45 36
45 39
45 42
45 45
45 46
45 49
45 50
45 60
45 61
45 64
45 66
45 67
45 69
45 76
45 77
45 78
45 79
45 80
45 81
45 85
45 86
46 2
46 9
46 20
46 25
46 26
46 28
46 30
46 32
46 33
46 35
46 36
46 41
46 48
46 49
46 50
46 59
46 60
46 70
46 75
46 77
46 80
46 83
47 64
47 80
47 83
47 35
47 36
47 69
47 71
47 9
47 42
47 45
47 78
47 47
47 48
47 50
47 67
47 87
47 27
47 61
49 34
49 75
49 36
49 86
49 9
49 66
49 11
49 76
49 13
49 46
49 80
49 49
49 83
49 21
49 54
49 87
49 60
49 78
49 30
49 31
50 0
50 64
50 34
50 35
50 37
50 38
50 39
50 9
50 10
50 70
50 66
50 48
50 49
50 75
50 51
50 54
50 81
50 59
50 28
50 74
50 69
51 33
51 8
51 41
51 75
51 76
51 59
51 61
51 62
53 64
53 2
53 71
53 9
53 34
53 30
53 31
54 32
54 66
54 35
54 69
54 38
54 71
54 9
54 42
54 43
54 76
54 77
54 80
54 50
54 67
54 41
54 54
54 23
54 25
54 58
54 70
54 61
55 2
55 36
55 54
55 73
55 42
55 43
55 44
55 34
55 49
55 83
55 20
55 86
55 61
55 62
56 0
56 2
56 67
56 36
56 70
56 71
56 8
56 9
56 60
56 45
56 47
56 48
56 76
56 50
56 20
56 41
56 25
56 79
56 52
56 61
56 31
57 64
57 80
57 38
57 49
57 8
57 48
57 17
57 54
58 0
58 3
58 20
58 26
58 27
58 28
58 35
58 36
58 37
58 38
58 39
58 42
58 45
58 47
58 49
58 52
58 59
58 60
58 62
58 76
58 78
58 87
59 32
59 64
59 67
59 39
59 60
59 42
59 87
59 45
59 73
59 48
59 49
59 83
59 21
59 54
59 23
59 25
59 28
59 74
59 62
62 8
62 9
62 10
62 13
62 20
62 23
62 31
62 32
62 33
62 37
62 38
62 42
62 43
62 49
62 52
62 60
62 61
62 66
62 73
62 79
62 80
62 83
63 33
63 83
63 78
64 71
64 73
64 10
64 43
64 45
64 83
64 20
64 9
64 26
64 27
64 42
64 30
65 8
65 9
65 13
65 20
65 21
65 25
65 27
65 28
65 32
65 37
65 39
65 46
65 47
65 48
65 49
65 50
65 53
65 54
65 64
65 76
65 78
65 79
65 80
65 81
65 86
65 87
66 0
66 64
66 36
66 86
66 9
66 74
66 76
66 78
66 47
66 48
66 81
66 20
66 54
66 27
66 28
67 71
67 77
67 86
67 39
67 8
67 10
67 43
67 76
67 13
67 46
67 45
67 48
67 81
67 20
67 78
67 54
67 87
67 52
67 26
67 60
67 62
68 32
68 2
68 36
68 37
68 42
68 43
68 66
68 83
68 52
68 87
68 59
68 62
69 2
69 35
69 47
69 73
69 42
69 76
69 66
69 78
69 13
69 80
69 21
69 86
69 27
70 32
70 2
70 35
70 66
70 69
70 38
70 39
70 8
70 9
70 10
70 43
70 13
70 80
70 75
70 67
70 54
70 83
70 25
70 60
70 61
70 31
71 32
71 64
71 2
71 59
71 36
71 37
71 38
71 71
71 80
71 42
71 83
71 66
71 47
71 48
71 50
71 79
71 52
71 54
71 27
71 70
71 31
72 8
72 9
72 13
72 26
72 31
72 33
72 35
72 37
72 41
72 42
72 46
72 48
72 49
72 50
72 60
72 61
72 72
72 73
72 76
72 78
72 81
72 85
73 0
73 8
73 9
73 10
73 17
73 23
73 25
73 27
73 34
73 36
73 37
73 39
73 42
73 47
73 52
73 54
73 60
73 61
73 69
73 76
73 83
73 85
74 0
74 79
74 2
74 67
74 36
74 70
74 39
74 74
74 43
74 76
74 47
74 51
74 20
74 85
74 54
74 87
74 83
74 25
74 27
74 28
74 52
75 0
75 39
75 9
75 62
75 77
75 45
75 48
75 49
75 50
75 21
75 54
75 47
75 30
75 31
76 32
76 33
76 2
76 35
76 36
76 38
76 71
76 8
76 9
76 83
76 46
76 79
76 80
76 67
76 54
76 23
76 26
76 27
76 30
77 2
77 66
77 8
77 10
77 76
77 13
77 78
77 80
77 49
77 52
77 54
77 25
77 26
77 59
77 61
78 0
78 67
78 8
78 43
78 76
78 80
78 83
78 54
78 87
78 60
78 62
79 9
79 21
79 25
79 27
79 32
79 35
79 36
79 37
79 38
79 45
79 48
79 50
79 52
79 59
79 62
79 64
79 66
79 71
79 73
79 80
79 81
79 83
79 86
81 0
81 2
81 38
81 71
81 8
81 41
81 75
81 76
81 45
81 79
81 80
81 49
81 50
81 54
81 27
81 28
83 38
84 25
84 30
84 31
84 32
84 35
84 36
84 37
84 38
84 41
84 47
84 48
84 49
84 54
84 58
84 59
84 61
84 62
84 64
84 66
84 71
84 77
84 83
86 0
86 64
86 69
86 74
86 49
86 20
86 25
86 59
86 42
87 0
87 32
87 34
87 35
87 38
87 80
87 41
87 43
87 77
87 79
87 48
87 49
87 67
87 21
87 86
87 83
87 27
87 28
87 30
87 31
