88
0 41
0 3
0 17
0 79
2 1
2 43
2 33
2 7
2 41
2 42
2 11
2 82
2 47
2 80
2 17
2 18
2 21
2 87
2 62
2 37
5 1
5 3
5 5
5 7
5 41
5 10
5 11
5 12
5 47
5 80
5 17
5 18
5 35
5 21
5 43
5 33
5 79
5 37
7 1
7 5
7 7
7 80
7 41
7 42
7 82
7 47
7 16
7 17
7 18
7 83
7 86
7 33
7 79
7 74
7 37
9 1
9 35
9 5
9 7
9 80
9 41
9 42
9 11
9 12
9 82
9 47
9 16
9 17
9 18
9 83
9 21
9 33
9 62
10 1
10 35
10 5
10 33
10 41
10 10
10 12
10 82
10 47
10 18
10 83
10 86
10 87
10 79
10 37
10 62
10 31
13 1
13 83
13 3
13 33
13 7
13 80
13 41
13 10
13 11
13 12
13 82
13 47
13 16
13 17
13 18
13 35
13 74
13 21
13 79
13 42
13 37
18 1
18 35
18 5
18 7
18 80
18 41
18 10
18 12
18 82
18 47
18 16
18 18
18 83
18 21
18 87
18 33
18 79
18 42
18 62
18 37
19 11
19 16
19 42
19 3
19 7
20 1
20 5
20 7
20 41
20 74
20 11
20 18
20 83
20 33
22 1
22 83
22 3
22 33
22 7
22 80
22 41
22 42
22 43
22 12
22 47
22 16
22 17
22 18
22 35
22 79
22 62
22 31
23 1
23 3
23 5
23 7
23 80
23 42
23 47
23 16
23 18
23 83
23 21
23 33
23 79
23 62
23 37
25 16
25 1
25 83
25 80
26 1
26 83
26 3
26 5
26 7
26 41
26 42
26 11
26 82
26 47
26 16
26 18
26 35
26 87
26 33
26 79
26 74
26 37
27 1
27 3
27 5
27 33
27 80
27 42
27 11
27 82
27 47
27 16
27 17
27 18
27 83
27 43
27 62
27 31
28 1
28 35
28 33
28 41
28 74
28 18
28 47
28 17
28 82
28 83
28 10
28 42
28 62
28 31
30 1
30 83
30 3
30 33
30 7
30 80
30 41
30 42
30 11
30 12
30 82
30 79
30 16
30 17
30 18
30 35
30 87
30 37
32 1
32 83
32 3
32 5
32 7
32 80
32 41
32 10
32 43
32 82
32 47
32 16
32 18
32 35
32 33
32 79
32 42
32 37
34 33
34 83
34 3
34 5
34 7
34 42
34 11
34 82
34 80
34 43
34 18
34 35
34 87
34 74
34 62
35 1
35 3
35 5
35 7
35 42
35 11
35 12
35 82
35 47
35 16
35 18
35 83
35 21
35 86
35 33
38 33
38 7
38 11
38 79
38 80
38 17
38 82
38 83
38 47
39 1
39 83
39 3
39 5
39 7
39 41
39 10
39 11
39 12
39 82
39 47
39 80
39 17
39 18
39 35
39 21
39 33
39 37
39 62
39 31
40 1
40 3
40 5
40 41
40 42
40 12
40 79
40 80
40 17
40 31
41 1
41 83
41 3
41 5
41 7
41 80
41 10
41 11
41 82
41 79
41 16
41 17
41 18
41 35
41 86
41 74
44 33
44 3
44 5
44 80
44 41
44 10
44 12
44 82
44 47
44 16
44 17
44 18
44 83
44 74
44 21
44 79
44 42
44 37
45 1
45 83
45 3
45 33
45 7
45 80
45 41
45 10
45 11
45 12
45 79
45 16
45 43
45 82
45 35
45 74
45 86
45 42
45 37
46 33
46 3
46 42
46 11
46 18
46 79
46 16
46 17
46 82
46 35
46 47
47 1
47 35
47 37
47 7
47 80
47 41
47 10
47 11
47 12
47 82
47 79
47 16
47 17
47 18
47 83
47 74
47 21
47 86
47 42
47 62
48 80
48 37
48 7
48 41
48 74
48 11
48 79
48 16
48 82
48 86
48 87
50 1
50 7
50 80
50 82
50 83
50 62
51 41
52 80
52 37
52 41
52 10
52 11
52 16
52 82
52 83
52 21
52 87
52 62
53 1
53 7
53 41
53 10
53 11
53 79
53 18
53 83
53 47
53 74
53 31
54 1
54 43
54 33
54 7
54 80
54 41
54 10
54 11
54 12
54 82
54 79
54 16
54 18
54 83
54 87
54 42
54 62
55 1
55 3
55 5
55 7
55 80
55 42
55 12
55 47
55 16
55 17
55 83
55 87
55 33
55 79
55 74
55 62
55 37
56 1
56 83
56 3
56 33
56 7
56 80
56 41
56 42
56 11
56 12
56 79
56 16
56 17
56 82
56 35
56 87
56 62
56 37
57 1
57 35
57 5
57 33
57 80
57 41
57 74
57 82
57 47
57 16
57 17
57 18
57 83
57 21
57 87
57 37
57 62
57 31
58 1
58 3
58 5
58 7
58 80
58 41
58 10
58 43
58 47
58 16
58 17
58 82
58 74
58 87
58 33
58 79
58 37
58 31
59 16
59 47
59 11
59 7
60 1
60 35
60 5
60 7
60 10
60 79
60 16
60 17
60 21
60 47
60 42
61 1
61 35
61 5
61 7
61 41
61 10
61 11
61 12
61 82
61 79
61 16
61 17
61 18
61 83
61 21
61 43
61 86
61 74
61 62
63 1
63 83
63 3
63 5
63 7
63 41
63 10
63 11
63 79
63 80
63 17
63 82
63 35
63 21
63 86
63 42
63 31
64 1
64 83
65 33
65 5
65 41
65 12
65 18
65 62
66 1
66 3
66 5
66 7
66 8
66 41
66 10
66 11
66 82
66 47
66 16
66 17
66 18
66 21
66 33
66 79
66 62
66 37
67 3
67 11
67 80
67 17
67 18
67 62
68 33
68 83
68 3
68 5
68 7
68 80
68 41
68 42
68 79
68 16
68 17
68 82
68 35
68 21
68 86
68 74
68 62
68 37
69 1
69 3
69 5
69 7
69 80
69 41
69 42
69 11
69 12
69 82
69 47
69 16
69 17
69 18
69 35
69 21
69 43
69 87
69 33
69 62
69 37
70 1
70 3
70 5
70 7
70 80
70 10
70 11
70 12
70 79
70 16
70 17
70 82
70 83
70 74
70 87
70 33
70 42
70 62
71 1
71 83
71 3
71 5
71 7
71 80
71 42
71 11
71 16
71 17
71 18
71 35
71 43
71 33
71 86
71 74
71 62
71 37
72 1
72 35
72 5
72 33
72 80
72 41
72 10
72 11
72 12
72 47
72 16
72 17
72 82
72 83
72 74
72 43
72 79
72 42
72 37
73 5
73 7
73 41
73 74
73 11
73 47
73 80
73 18
73 83
73 42
73 37
75 1
75 35
75 16
75 33
75 41
75 42
75 18
75 47
75 80
75 17
75 82
75 21
76 33
76 3
76 5
76 7
76 41
76 10
76 11
76 82
76 47
76 80
76 17
76 18
76 83
76 21
76 79
76 42
76 62
76 31
77 1
77 83
77 3
77 5
77 7
77 80
77 10
77 82
77 47
77 16
77 17
77 18
77 35
77 74
77 21
77 33
77 79
77 42
77 62
78 41
78 82
78 11
78 17
78 47
81 1
81 83
81 3
81 5
81 7
81 41
81 10
81 11
81 12
81 82
81 47
81 16
81 43
81 18
81 35
81 33
81 79
81 62
81 31
82 1
82 3
82 5
82 7
82 80
82 41
82 10
82 11
82 82
82 47
82 16
82 17
82 18
82 35
82 86
82 79
82 42
82 62
83 33
83 3
83 5
83 7
83 80
83 41
83 10
83 12
83 47
83 16
83 17
83 18
83 83
83 21
83 79
83 42
83 37
84 33
84 83
84 3
84 5
84 7
84 41
84 42
84 11
84 82
84 47
84 16
84 17
84 18
84 35
84 21
84 87
84 79
84 62
84 37
85 1
85 3
85 5
85 80
85 41
85 42
85 11
85 12
85 82
85 15
85 16
85 17
85 18
85 83
85 87
85 79
85 37
85 31
