88
0 50
0 58
0 6
0 71
2 2
2 69
2 6
2 44
2 12
2 66
2 17
2 50
2 26
2 59
2 58
3 2
3 50
3 66
3 69
3 6
3 42
3 75
3 12
3 13
3 87
3 17
3 18
3 83
3 55
3 56
3 26
3 58
4 0
4 1
4 2
4 6
4 12
4 13
4 17
4 26
4 27
4 28
4 36
4 38
4 42
4 44
4 58
4 59
4 67
4 69
4 75
4 76
4 83
4 85
4 87
5 2
5 6
5 12
5 13
5 14
5 17
5 18
5 26
5 38
5 42
5 43
5 44
5 50
5 51
5 58
5 59
5 61
5 76
5 83
5 85
5 86
5 87
6 44
6 6
6 87
7 0
7 1
7 2
7 13
7 17
7 26
7 27
7 28
7 37
7 38
7 42
7 43
7 44
7 46
7 50
7 58
7 59
7 67
7 69
7 75
7 76
7 87
8 1
8 2
8 4
8 6
8 12
8 13
8 17
8 24
8 26
8 28
8 29
8 41
8 42
8 43
8 44
8 50
8 53
8 58
8 59
8 66
8 67
8 68
8 69
8 72
8 76
8 83
8 84
8 86
8 87
9 1
9 2
9 4
9 6
9 12
9 13
9 14
9 17
9 24
9 27
9 28
9 29
9 37
9 38
9 42
9 44
9 50
9 58
9 69
9 76
9 83
9 84
9 85
9 87
10 0
10 2
10 69
10 6
10 42
10 43
10 13
10 50
10 87
10 58
10 59
11 0
11 1
11 2
11 4
11 6
11 12
11 13
11 17
11 26
11 27
11 28
11 42
11 44
11 50
11 51
11 53
11 55
11 57
11 58
11 59
11 66
11 69
11 72
11 83
11 87
12 17
12 42
12 6
12 87
18 2
18 38
18 6
18 44
18 13
18 17
18 50
18 87
18 26
18 59
18 28
18 58
19 42
19 59
19 6
20 67
20 69
20 38
20 42
20 75
20 12
20 13
20 17
20 50
20 83
20 87
20 26
20 59
20 58
21 17
21 50
21 13
22 17
22 59
23 0
23 1
23 2
23 6
23 12
23 13
23 17
23 24
23 26
23 28
23 37
23 42
23 43
23 44
23 50
23 51
23 53
23 55
23 56
23 59
23 61
23 66
23 67
23 69
23 75
23 76
23 83
23 85
23 87
24 0
24 2
24 6
24 12
24 13
24 26
24 27
24 38
24 42
24 43
24 44
24 50
24 51
24 58
24 59
24 66
24 69
24 73
24 75
24 82
24 83
24 85
24 87
25 1
25 59
25 38
25 6
25 44
25 42
25 75
25 12
25 13
25 87
25 17
25 50
25 55
25 58
25 27
27 67
27 69
27 6
27 44
27 13
27 17
27 50
27 59
27 55
27 27
28 58
28 17
28 42
28 26
28 13
29 26
29 59
29 42
29 50
29 69
30 0
30 2
30 59
30 69
30 6
30 42
30 12
30 13
30 17
30 87
30 26
30 27
30 58
31 2
31 59
31 6
31 42
31 13
31 50
31 87
31 26
31 27
31 58
32 28
32 13
32 6
33 66
33 69
33 44
33 42
33 12
33 13
33 15
33 17
33 87
33 26
33 28
33 58
34 1
34 2
34 6
34 12
34 13
34 17
34 24
34 26
34 42
34 44
34 50
34 51
34 55
34 58
34 59
34 61
34 66
34 69
34 75
34 76
34 83
34 85
34 86
35 2
35 66
35 69
35 6
35 42
35 87
35 76
35 13
35 17
35 50
35 83
35 86
35 55
35 26
35 59
36 42
36 83
36 50
36 6
37 0
37 2
37 67
37 66
37 38
37 6
37 44
37 42
37 43
37 12
37 13
37 76
37 17
37 50
37 83
37 87
37 55
37 26
37 59
37 58
37 69
38 69
38 6
38 42
38 55
38 44
38 13
38 17
38 50
38 83
38 87
38 26
38 59
38 28
38 58
39 17
39 42
39 50
39 6
40 67
40 69
40 6
40 55
40 44
40 13
40 17
40 50
40 83
40 84
40 59
40 87
40 26
40 27
41 2
41 69
41 42
41 75
41 44
41 13
41 50
41 87
41 55
41 26
41 59
41 58
43 6
43 13
43 50
43 83
43 58
43 59
43 28
44 66
44 69
44 42
44 13
44 17
44 26
44 27
44 28
44 58
46 2
46 59
46 69
46 42
46 13
46 17
46 50
46 26
46 27
46 28
47 17
47 58
47 59
47 87
48 0
48 2
48 6
48 12
48 13
48 17
48 18
48 26
48 28
48 29
48 42
48 44
48 46
48 50
48 53
48 56
48 59
48 61
48 67
48 69
48 75
48 83
48 87
49 69
49 6
49 13
49 17
49 50
49 87
50 66
50 69
50 42
50 44
50 17
50 50
50 26
50 59
50 58
51 42
51 75
51 12
51 13
51 17
51 50
51 83
51 26
51 58
52 42
52 69
52 6
53 67
53 69
53 6
53 76
53 42
53 12
53 13
53 44
53 17
53 59
53 87
53 26
53 38
53 58
54 2
54 87
54 38
54 6
54 44
54 42
54 75
54 12
54 13
54 46
54 76
54 17
54 50
54 85
54 55
54 24
54 26
54 58
56 2
56 69
56 6
56 42
56 13
56 17
56 87
56 26
56 38
56 58
60 2
60 6
60 12
60 13
60 14
60 17
60 24
60 27
60 38
60 42
60 44
60 50
60 58
60 59
60 66
60 67
60 69
60 71
60 73
60 75
60 83
60 87
61 2
61 67
61 66
61 38
61 6
61 42
61 75
61 13
61 17
61 50
61 83
61 87
61 26
61 28
61 69
62 2
62 12
62 13
62 14
62 17
62 24
62 26
62 28
62 38
62 42
62 44
62 46
62 50
62 55
62 58
62 59
62 66
62 67
62 72
62 76
62 83
62 87
63 0
63 1
63 2
63 6
63 12
63 13
63 14
63 15
63 17
63 18
63 26
63 28
63 37
63 42
63 44
63 50
63 55
63 58
63 59
63 67
63 68
63 69
63 73
63 75
63 76
63 80
63 83
63 85
63 87
64 0
64 2
64 69
64 6
64 42
64 43
64 12
64 13
64 17
64 50
64 83
64 87
64 26
64 38
65 59
65 6
66 2
66 69
66 38
66 42
66 12
66 13
66 15
66 17
66 83
66 85
66 87
66 26
66 59
66 58
67 1
67 2
67 50
67 66
67 69
67 6
67 71
67 44
67 42
67 12
67 13
67 76
67 17
67 18
67 67
67 86
67 87
67 26
67 59
67 58
69 17
69 6
70 0
70 2
70 69
70 6
70 76
70 42
70 75
70 44
70 13
70 17
70 50
70 74
70 26
70 59
70 58
71 0
71 69
71 6
71 42
71 44
71 13
71 15
71 17
71 50
71 58
71 87
71 56
71 26
71 29
72 59
72 69
72 6
72 44
72 42
72 12
72 13
72 17
72 50
72 87
72 26
72 27
72 58
73 2
73 67
73 66
73 37
73 6
73 42
73 75
73 44
73 13
73 14
73 87
73 17
73 50
73 83
73 85
73 55
73 26
73 59
73 28
73 58
73 69
74 0
74 38
74 6
74 44
74 42
74 75
74 12
74 13
74 17
74 50
74 87
74 55
74 27
75 17
75 42
75 50
75 13
75 87
76 1
76 2
76 68
76 38
76 6
76 71
76 44
76 42
76 75
76 12
76 13
76 17
76 50
76 83
76 85
76 87
76 26
76 59
76 28
76 58
76 69
78 58
78 76
78 6
78 38
79 1
79 2
79 69
79 6
79 42
79 13
79 17
79 85
79 87
79 58
80 2
80 6
80 12
80 13
80 17
80 26
80 38
80 42
80 44
80 46
80 50
80 51
80 55
80 58
80 59
80 69
80 72
80 76
80 83
80 84
80 85
80 87
81 69
81 6
81 42
81 12
81 13
81 17
81 58
83 17
86 1
86 42
87 59
87 68
87 6
87 42
87 83
87 87
87 58
87 27
87 26
