88
0 34
0 69
0 39
0 40
0 44
0 76
0 47
0 15
0 16
0 82
0 19
0 84
0 23
0 79
2 80
3 36
4 9
5 1
5 35
5 38
5 6
5 39
5 8
5 73
5 55
5 12
5 45
5 51
5 53
5 86
5 23
5 59
5 63
6 67
6 68
6 5
6 10
6 87
6 78
6 15
6 16
6 83
6 55
6 36
6 59
6 74
6 63
7 65
7 2
7 77
7 69
7 39
7 9
7 10
7 45
7 46
7 47
7 81
7 20
7 73
7 79
7 29
7 63
8 39
8 75
8 44
8 45
8 16
8 49
8 82
8 51
8 55
8 59
8 60
8 29
8 63
9 32
9 2
9 9
9 74
9 44
9 13
9 45
9 16
9 19
9 41
9 63
10 32
10 48
10 2
10 77
10 71
10 41
10 12
10 66
10 46
10 15
10 16
10 50
10 53
10 58
10 29
11 80
11 34
11 36
11 69
11 7
11 74
11 12
11 2
11 13
11 48
11 83
11 66
11 86
11 26
11 60
12 32
12 51
12 2
12 70
12 7
12 9
12 42
12 11
12 44
12 13
12 19
12 20
12 41
12 60
12 74
13 59
13 10
13 11
13 47
13 48
13 84
13 57
13 15
13 60
16 0
16 5
16 39
16 63
16 74
16 75
16 13
16 47
16 19
16 20
16 73
16 23
16 27
16 69
16 37
17 65
17 27
17 45
17 70
17 39
18 65
18 77
18 14
18 45
18 51
18 53
18 59
19 36
19 5
19 39
19 11
19 44
19 78
19 80
19 82
19 86
20 67
20 68
20 38
20 70
20 8
20 9
20 13
20 78
20 48
20 40
20 46
20 26
20 30
21 35
21 68
21 38
21 39
21 40
21 10
21 45
21 42
21 20
21 53
21 55
21 57
21 29
23 61
23 5
23 6
23 7
23 9
23 39
23 12
23 13
23 46
23 15
23 80
23 84
23 41
23 55
23 44
24 32
24 65
24 36
24 6
24 50
24 46
24 79
24 82
24 83
25 2
25 35
25 68
25 38
25 39
25 44
25 45
25 77
25 15
25 16
25 81
25 20
25 78
25 86
25 58
25 30
25 31
26 65
26 5
26 39
26 41
26 11
26 45
26 15
26 48
26 17
26 83
26 20
26 85
26 58
26 27
26 60
27 0
27 32
27 82
27 69
27 38
27 40
27 44
27 10
27 12
27 45
27 14
27 18
27 58
27 73
27 23
27 26
27 29
28 2
29 0
29 36
29 9
29 12
29 50
29 82
29 19
29 84
29 27
30 35
30 5
30 38
30 71
30 9
30 76
30 80
30 51
30 20
30 26
30 59
30 30
31 33
31 70
31 71
31 8
31 76
31 78
31 15
31 84
31 14
31 23
31 58
32 65
32 34
32 35
32 48
32 80
32 41
32 74
32 16
32 23
32 26
33 1
33 3
33 37
33 65
33 9
33 42
33 75
33 77
33 79
33 19
33 84
33 58
33 60
33 69
33 5
34 66
34 7
34 40
34 11
34 12
34 84
34 23
34 55
34 29
35 1
35 67
35 73
35 55
35 12
35 79
35 76
35 50
35 23
35 25
35 26
35 58
36 67
36 68
36 69
36 9
36 74
36 79
36 35
36 53
36 58
36 63
36 60
36 42
36 37
37 51
37 67
37 36
37 6
37 7
37 12
37 13
37 46
37 45
37 18
37 19
37 53
37 23
37 60
37 63
38 0
38 48
38 21
38 70
39 33
39 2
39 5
39 42
39 45
39 80
39 82
39 69
40 51
40 66
40 5
40 38
40 73
40 43
40 45
40 78
40 19
40 41
40 55
40 59
40 30
41 35
41 68
41 69
41 6
41 44
41 74
41 11
41 12
41 13
41 15
41 80
41 53
41 57
41 70
41 61
42 16
42 40
42 26
42 37
42 9
43 1
43 2
43 3
43 51
43 7
43 73
43 10
43 12
43 19
43 55
43 57
43 58
43 60
44 59
44 70
44 7
44 41
44 11
44 76
44 13
44 84
44 39
44 26
44 27
45 0
45 1
45 12
45 80
45 19
45 62
46 32
46 66
46 3
46 36
46 5
46 70
46 39
46 41
46 13
46 53
46 23
46 59
46 28
46 30
46 63
47 32
47 2
47 35
47 7
47 9
47 76
47 77
47 45
47 80
47 17
47 82
47 54
47 73
48 35
48 5
48 70
48 9
48 81
48 19
49 0
49 1
49 39
49 10
49 12
49 13
49 14
49 50
49 19
49 20
49 42
50 20
50 84
50 5
50 7
51 65
51 7
51 72
51 9
51 79
51 12
51 15
51 81
51 82
51 83
51 20
51 23
51 52
51 58
51 47
51 29
52 10
53 65
53 66
53 36
53 45
53 76
53 77
53 78
53 79
53 82
53 58
53 59
53 29
53 62
53 63
54 65
54 2
54 68
54 72
54 10
54 44
54 66
54 78
54 15
54 16
54 50
54 19
54 74
54 55
54 29
54 30
55 65
55 1
55 40
55 73
55 11
55 14
55 15
55 46
55 55
55 30
56 70
57 32
57 65
57 35
57 74
57 7
57 41
57 10
57 87
57 18
57 51
57 20
57 53
57 54
57 73
57 84
57 58
57 29
57 85
58 0
58 65
58 2
58 67
58 5
58 6
58 71
58 44
58 10
58 12
58 76
58 81
58 19
58 84
58 23
58 42
58 63
59 69
59 7
59 42
59 77
59 50
59 84
59 53
59 26
59 59
59 60
59 74
60 65
60 35
60 68
60 70
60 39
60 44
60 16
60 18
60 84
60 53
60 55
60 59
60 60
61 16
61 55
62 76
62 30
63 54
63 38
63 41
63 11
63 76
63 13
63 77
63 15
63 50
63 84
63 86
63 23
63 25
63 29
64 9
65 35
65 5
65 40
65 73
65 10
65 53
65 55
65 30
66 40
66 41
66 13
66 48
66 87
66 26
67 2
67 67
67 5
67 44
67 10
67 12
67 82
67 78
67 15
67 16
67 50
67 20
67 87
67 58
67 79
67 60
67 74
68 0
68 70
68 38
68 9
68 42
68 44
68 13
68 78
68 15
68 16
68 54
68 26
68 59
68 58
68 31
69 66
69 68
69 8
69 49
69 53
69 27
70 32
70 1
70 66
70 3
70 36
70 73
70 75
70 79
70 48
70 81
70 19
70 84
71 0
71 67
71 68
71 69
71 14
71 16
71 51
71 84
71 58
71 5
72 0
72 66
72 10
72 44
72 16
72 20
72 60
73 0
73 67
73 37
73 70
73 41
73 42
73 75
73 45
73 78
73 16
73 86
73 38
73 29
74 2
74 68
74 37
74 74
74 50
74 46
74 48
74 18
74 51
74 20
74 86
74 57
74 58
74 30
74 63
75 1
75 34
75 68
75 65
75 73
75 10
75 75
75 76
75 45
75 41
75 55
75 26
76 0
76 50
77 34
77 70
77 76
77 13
77 50
77 23
77 25
77 63
78 65
78 68
78 5
78 6
78 1
78 8
78 9
78 76
78 46
78 49
78 72
78 27
79 0
79 35
79 68
79 41
79 10
79 75
79 16
79 23
79 36
80 86
81 64
81 37
81 7
81 71
81 13
81 15
81 16
81 20
81 55
81 60
81 29
81 30
81 31
82 65
82 39
82 80
82 41
82 10
82 75
82 78
82 16
82 40
82 30
83 1
83 48
83 69
83 7
83 40
83 44
83 10
83 12
83 46
83 16
83 76
83 82
83 80
83 87
83 68
83 63
84 65
84 66
84 6
84 40
84 9
84 12
84 15
84 73
84 20
84 54
84 55
84 26
84 27
84 29
84 63
85 1
85 5
85 45
85 46
85 86
85 58
86 2
86 70
86 6
86 7
86 12
86 13
86 15
86 80
86 50
86 26
86 38
86 58
86 30
87 0
87 32
87 69
87 73
87 61
87 48
87 17
87 53
87 25
87 29
87 30
