88
0 0
0 6
0 7
0 10
0 11
0 16
0 17
0 21
0 23
0 25
0 26
0 27
0 33
0 39
0 40
0 42
0 45
0 47
0 52
0 54
0 59
0 60
0 61
0 62
0 64
0 65
0 68
0 69
0 77
0 80
0 83
1 0
1 64
1 59
1 68
1 65
1 39
1 10
1 55
1 45
1 77
1 47
1 83
1 54
1 23
1 25
1 27
1 61
2 0
2 6
2 9
2 11
2 21
2 22
2 23
2 25
2 27
2 33
2 38
2 39
2 40
2 42
2 45
2 47
2 52
2 55
2 59
2 61
2 62
2 64
2 68
2 70
2 71
2 77
2 81
2 82
2 83
3 0
3 64
3 59
3 38
3 6
3 39
3 40
3 9
3 42
3 11
3 45
3 77
3 83
3 21
3 23
3 25
3 27
3 60
3 65
4 0
4 6
4 9
4 10
4 11
4 21
4 22
4 23
4 27
4 33
4 38
4 39
4 40
4 42
4 45
4 47
4 52
4 54
4 55
4 59
4 61
4 65
4 68
4 71
4 77
4 81
4 83
5 65
5 9
5 52
5 22
5 39
12 0
12 9
12 10
12 11
12 17
12 21
12 22
12 23
12 25
12 26
12 27
12 33
12 38
12 39
12 40
12 42
12 45
12 47
12 52
12 55
12 59
12 61
12 62
12 65
12 68
12 70
12 71
12 77
12 80
12 81
12 82
12 83
13 0
13 6
13 7
13 9
13 10
13 17
13 22
13 27
13 33
13 38
13 39
13 40
13 42
13 45
13 47
13 52
13 53
13 54
13 55
13 59
13 61
13 62
13 64
13 65
13 68
13 70
13 71
13 77
13 82
13 83
14 0
14 6
14 9
14 10
14 11
14 17
14 23
14 25
14 26
14 38
14 39
14 40
14 42
14 45
14 52
14 54
14 55
14 59
14 60
14 61
14 62
14 64
14 65
14 68
14 69
14 71
14 77
14 82
14 83
16 0
16 6
16 7
16 9
16 10
16 11
16 17
16 21
16 22
16 23
16 25
16 26
16 27
16 33
16 38
16 39
16 40
16 42
16 45
16 52
16 53
16 54
16 55
16 59
16 61
16 62
16 65
16 68
16 69
16 70
16 77
16 81
16 82
16 83
16 87
17 0
17 9
17 10
17 11
17 21
17 22
17 23
17 25
17 26
17 27
17 33
17 38
17 39
17 40
17 42
17 45
17 47
17 52
17 59
17 61
17 62
17 64
17 65
17 68
17 70
17 73
17 77
17 83
19 65
19 68
19 38
19 71
19 9
19 10
19 77
19 45
19 82
19 83
19 52
19 54
19 55
19 27
20 59
20 38
20 10
20 45
20 82
20 83
20 52
20 21
20 23
20 27
28 45
28 77
29 65
29 7
29 9
29 11
29 77
29 83
29 62
29 22
29 23
29 25
29 27
29 61
29 39
30 27
30 55
30 39
31 0
31 33
31 68
31 38
31 6
31 7
31 11
31 45
31 77
31 47
31 81
31 82
31 21
31 55
31 25
31 61
31 39
31 65
32 0
32 7
32 40
32 39
32 77
32 45
32 81
32 22
32 25
32 27
34 0
34 6
34 7
34 9
34 11
34 21
34 22
34 23
34 25
34 26
34 27
34 39
34 42
34 45
34 47
34 52
34 62
34 65
34 68
34 71
34 81
34 83
35 0
35 7
35 9
35 10
35 11
35 16
35 21
35 22
35 23
35 25
35 26
35 27
35 33
35 38
35 39
35 45
35 47
35 52
35 55
35 59
35 60
35 61
35 62
35 64
35 70
35 71
35 77
35 81
35 83
35 87
36 0
36 33
36 77
36 38
37 65
37 38
37 7
37 42
37 11
37 77
37 83
37 21
37 22
37 23
37 25
37 71
37 39
41 0
41 6
41 7
41 9
41 10
41 11
41 17
41 21
41 22
41 23
41 25
41 26
41 27
41 33
41 38
41 39
41 40
41 42
41 45
41 47
41 52
41 54
41 55
41 59
41 62
41 64
41 65
41 68
41 71
41 77
41 81
41 83
43 0
43 6
43 7
43 10
43 11
43 17
43 22
43 23
43 25
43 27
43 33
43 38
43 39
43 40
43 42
43 45
43 47
43 52
43 54
43 55
43 60
43 61
43 64
43 65
43 68
43 71
43 73
43 77
43 81
43 82
43 83
43 87
46 0
46 65
46 59
46 68
46 38
46 6
46 7
46 40
46 9
46 39
46 45
46 77
46 83
46 25
46 27
46 70
46 61
46 62
48 0
48 27
48 77
48 38
49 65
49 23
49 52
49 45
49 55
50 0
50 33
50 68
50 39
50 9
50 10
50 11
50 45
51 0
51 6
51 9
51 11
51 21
51 22
51 23
51 26
51 27
51 33
51 38
51 39
51 40
51 45
51 47
51 52
51 54
51 55
51 59
51 60
51 61
51 62
51 64
51 65
51 73
51 77
51 80
51 81
51 82
51 83
58 0
58 6
58 9
58 10
58 11
58 16
58 17
58 23
58 25
58 27
58 38
58 39
58 40
58 42
58 45
58 47
58 52
58 54
58 55
58 59
58 60
58 61
58 62
58 64
58 65
58 68
58 69
58 71
58 81
58 82
58 83
65 0
65 6
65 7
65 10
65 11
65 17
65 22
65 23
65 25
65 26
65 27
65 33
65 38
65 39
65 40
65 42
65 45
65 47
65 52
65 54
65 55
65 59
65 60
65 61
65 62
65 64
65 65
65 68
65 70
65 77
65 83
66 0
66 65
66 59
66 68
66 38
66 39
66 9
66 10
66 11
66 77
66 83
66 23
66 27
66 62
72 0
72 6
72 9
72 10
72 11
72 17
72 22
72 23
72 25
72 26
72 27
72 33
72 38
72 40
72 42
72 45
72 47
72 52
72 54
72 55
72 60
72 61
72 62
72 65
72 68
72 71
72 73
72 77
72 80
72 81
72 83
72 87
74 0
74 6
74 7
74 9
74 11
74 21
74 22
74 23
74 25
74 26
74 27
74 33
74 39
74 40
74 42
74 45
74 47
74 52
74 54
74 55
74 59
74 60
74 62
74 65
74 68
74 70
74 71
74 73
74 77
74 80
74 81
74 83
74 87
75 0
75 7
75 9
75 10
75 11
75 14
75 16
75 17
75 21
75 22
75 23
75 25
75 27
75 33
75 38
75 39
75 40
75 45
75 52
75 55
75 59
75 60
75 62
75 64
75 65
75 68
75 69
75 71
75 77
75 80
75 81
75 82
75 83
75 87
78 0
78 6
78 9
78 10
78 11
78 17
78 21
78 23
78 25
78 27
78 33
78 38
78 39
78 40
78 42
78 47
78 52
78 59
78 60
78 61
78 65
78 68
78 71
78 77
78 80
78 81
78 82
79 0
79 6
79 7
79 9
79 10
79 11
79 17
79 22
79 23
79 25
79 26
79 27
79 38
79 39
79 40
79 42
79 45
79 47
79 52
79 54
79 55
79 60
79 61
79 65
79 68
79 70
79 71
79 77
79 81
79 82
79 83
82 6
82 7
82 9
82 10
82 11
82 17
82 22
82 23
82 25
82 26
82 27
82 33
82 38
82 39
82 40
82 42
82 45
82 47
82 52
82 55
82 59
82 61
82 62
82 64
82 68
82 70
82 71
82 73
82 77
82 82
82 83
82 87
83 0
83 6
83 7
83 9
83 10
83 11
83 21
83 22
83 23
83 25
83 27
83 33
83 38
83 39
83 40
83 42
83 47
83 52
83 54
83 59
83 60
83 61
83 62
83 64
83 65
83 68
83 70
83 71
83 73
83 77
83 81
83 82
83 87
86 6
86 7
86 9
86 10
86 11
86 17
86 21
86 22
86 23
86 25
86 26
86 27
86 33
86 38
86 39
86 42
86 45
86 47
86 52
86 54
86 55
86 59
86 61
86 62
86 64
86 65
86 69
86 71
86 77
86 81
86 82
86 83
