88
0 1
0 34
0 40
0 9
0 76
0 77
0 14
0 79
0 53
0 86
0 87
0 57
0 59
0 78
0 30
0 31
1 48
1 87
1 79
1 39
2 57
2 31
2 20
2 87
4 0
4 1
4 83
4 4
4 37
4 33
4 40
4 41
4 42
4 43
4 46
4 47
4 48
4 79
4 32
4 86
4 87
4 57
4 59
4 53
4 31
8 35
8 37
8 41
8 79
8 22
8 58
8 59
9 0
9 35
9 4
9 38
9 9
9 43
9 77
9 78
9 48
9 86
9 87
9 36
9 58
9 59
10 37
10 78
10 79
10 81
10 53
10 86
10 57
10 26
11 22
11 30
11 31
11 32
11 33
11 34
11 37
11 38
11 39
11 40
11 41
11 42
11 47
11 48
11 53
11 57
11 58
11 59
11 62
11 69
11 77
11 79
11 82
13 0
13 1
13 4
13 9
13 20
13 30
13 31
13 35
13 37
13 38
13 40
13 41
13 43
13 47
13 48
13 57
13 58
13 62
13 78
13 79
13 81
13 86
16 60
16 4
16 53
16 86
16 87
17 0
17 34
17 35
17 36
17 37
17 40
17 9
17 77
17 78
17 47
17 80
17 81
17 53
17 86
17 41
17 57
17 58
17 59
17 30
17 31
19 0
19 1
19 4
19 9
19 20
19 30
19 31
19 32
19 36
19 38
19 42
19 43
19 47
19 53
19 57
19 58
19 59
19 60
19 77
19 78
19 81
19 82
19 86
19 87
21 33
21 40
21 9
21 78
21 80
21 41
21 87
21 57
21 58
21 53
21 30
21 31
22 0
22 33
22 34
22 35
22 38
22 9
22 42
22 43
22 76
22 77
22 78
22 79
22 82
22 20
22 41
22 58
22 59
22 60
23 32
23 1
23 35
23 36
23 38
23 39
23 9
23 87
23 77
23 46
23 48
23 81
23 82
23 20
23 53
23 86
23 41
23 57
23 30
24 0
24 4
24 37
24 38
24 42
24 76
24 77
24 78
24 48
24 81
24 20
24 53
24 86
24 87
24 57
24 59
26 48
26 35
26 9
26 77
26 78
26 47
26 80
26 81
26 87
26 59
26 30
27 0
27 35
27 69
27 40
27 9
27 76
27 46
27 48
27 41
27 57
27 58
27 30
27 31
28 58
28 53
28 47
29 0
29 1
29 35
29 4
29 38
29 33
29 9
29 39
29 76
29 77
29 78
29 79
29 81
29 83
29 32
29 41
29 36
29 87
29 59
29 62
29 53
30 80
30 9
30 35
30 31
30 87
31 57
31 20
31 78
31 39
33 1
33 9
33 10
33 20
33 30
33 31
33 32
33 35
33 38
33 39
33 40
33 42
33 48
33 53
33 58
33 59
33 77
33 78
33 79
33 81
33 86
33 87
34 32
34 35
34 36
34 37
34 38
34 9
34 79
34 87
34 78
34 47
34 48
34 81
34 83
34 20
34 86
34 41
34 57
34 59
34 30
34 31
35 35
35 37
35 40
35 41
35 77
35 59
35 30
36 32
36 1
36 86
36 35
36 69
36 40
36 9
36 10
36 78
36 77
36 46
36 47
36 81
36 53
36 22
36 87
36 57
36 58
36 79
36 60
37 36
37 9
37 77
37 79
37 48
37 82
37 87
37 59
37 30
37 31
39 35
39 69
39 39
39 79
39 47
39 30
39 31
40 0
40 36
40 38
40 40
40 46
40 78
40 20
40 85
40 59
40 60
40 53
40 30
40 31
41 0
41 1
41 35
41 36
41 33
41 32
41 80
41 41
41 46
41 47
41 48
41 81
41 53
41 87
41 30
41 31
42 36
42 79
42 48
42 86
42 58
42 62
42 31
43 1
43 35
43 36
43 38
43 40
43 9
43 76
43 46
43 47
43 81
43 53
43 86
43 41
43 58
43 60
43 78
43 30
43 31
44 41
44 82
44 77
44 86
44 39
45 0
45 33
45 53
45 30
45 81
46 0
46 35
46 9
46 77
46 86
46 57
46 58
47 40
47 79
47 48
47 20
47 87
47 59
47 31
48 48
48 20
48 86
48 87
49 20
49 38
49 87
50 0
50 34
50 69
50 6
50 9
50 46
50 47
50 81
50 20
50 41
50 87
51 0
51 32
51 35
51 4
51 69
51 33
51 40
51 9
51 87
51 46
51 79
51 48
51 81
51 80
51 41
51 58
51 59
51 60
51 30
51 31
52 32
52 4
52 40
52 41
52 78
52 79
52 48
52 81
52 83
52 53
52 57
52 47
52 28
52 30
54 58
54 35
54 76
55 0
55 1
55 10
55 20
55 31
55 34
55 35
55 36
55 39
55 40
55 43
55 53
55 57
55 58
55 60
55 76
55 77
55 78
55 79
55 81
55 86
55 87
56 9
56 82
56 35
56 60
56 22
60 76
60 78
60 47
60 48
60 87
60 59
61 0
61 1
61 6
61 9
61 20
61 30
61 31
61 33
61 34
61 36
61 37
61 39
61 40
61 41
61 43
61 47
61 57
61 59
61 77
61 79
61 80
61 85
61 87
62 36
63 0
63 1
63 35
63 38
63 33
63 9
63 78
63 47
63 48
63 81
63 20
63 62
63 86
63 41
63 58
63 30
64 0
64 32
64 35
64 36
64 37
64 6
64 41
64 76
64 78
64 47
64 48
64 81
64 83
64 87
64 57
64 69
66 0
66 1
66 35
66 37
66 32
66 9
66 79
66 87
66 47
66 48
66 81
66 22
66 41
66 58
66 59
66 86
66 30
66 31
68 1
68 6
68 9
68 10
68 22
68 28
68 30
68 32
68 35
68 37
68 38
68 43
68 47
68 53
68 57
68 62
68 77
68 78
68 79
68 80
68 81
68 86
68 87
69 0
69 33
69 86
69 38
69 40
69 9
69 79
69 87
69 76
69 78
69 47
69 48
69 81
69 83
69 22
69 41
69 57
69 58
69 59
69 30
69 31
70 4
70 37
70 38
70 39
70 9
70 46
70 77
70 78
70 48
70 41
70 87
70 58
70 59
70 30
71 0
71 4
71 10
71 30
71 31
71 32
71 33
71 35
71 38
71 40
71 41
71 47
71 48
71 53
71 57
71 58
71 59
71 77
71 78
71 79
71 81
71 86
72 0
72 1
72 4
72 37
72 6
72 32
72 40
72 80
72 47
72 48
72 20
72 85
72 86
72 87
72 36
72 58
72 30
72 31
73 0
73 1
73 35
73 4
73 37
73 39
73 10
73 77
73 47
73 48
73 82
73 79
73 20
73 87
73 58
73 59
73 60
73 30
74 0
74 32
74 34
74 4
74 86
74 38
74 40
74 43
74 79
74 48
74 81
74 83
74 20
74 53
74 22
74 57
74 62
74 36
74 58
74 59
74 30
75 0
75 32
75 4
75 38
75 39
75 9
75 42
75 77
75 46
75 79
75 78
75 22
75 41
75 57
75 58
75 31
76 34
76 6
76 78
76 79
76 20
76 53
76 86
76 28
77 0
77 32
77 34
77 35
77 37
77 33
77 9
77 77
77 78
77 79
77 81
77 53
77 22
77 41
77 57
77 59
77 86
77 30
77 31
78 83
78 43
78 36
78 31
79 1
79 4
79 9
79 28
79 31
79 33
79 34
79 35
79 36
79 38
79 39
79 42
79 47
79 48
79 53
79 57
79 58
79 77
79 78
79 79
79 80
79 81
79 83
79 86
80 33
80 36
80 6
80 41
80 10
80 47
80 48
80 58
82 59
83 32
83 1
83 35
83 4
83 38
83 40
83 82
83 62
84 33
84 34
84 47
84 48
84 83
84 58
86 32
86 35
86 36
86 41
86 10
86 77
86 47
86 57
86 60
86 30
87 1
87 4
87 9
87 20
87 30
87 31
87 32
87 37
87 40
87 46
87 47
87 49
87 53
87 57
87 59
87 60
87 76
87 77
87 80
87 81
87 82
87 85
87 86
