88
0 6
0 10
0 13
0 21
0 24
0 26
0 31
0 32
0 39
0 40
0 42
0 43
0 45
0 47
0 52
0 63
0 64
0 69
0 70
0 72
0 73
0 75
0 76
0 78
0 82
1 0
1 2
1 6
1 10
1 14
1 20
1 22
1 30
1 32
1 33
1 34
1 35
1 36
1 39
1 42
1 46
1 47
1 52
1 63
1 64
1 66
1 70
1 72
1 73
1 77
1 81
1 84
1 87
2 2
2 4
2 5
2 8
2 9
2 10
2 21
2 31
2 32
2 33
2 34
2 36
2 39
2 42
2 43
2 45
2 46
2 55
2 60
2 63
2 69
2 70
2 72
2 73
2 77
2 81
2 82
2 84
2 87
3 0
3 1
3 2
3 4
3 5
3 6
3 10
3 14
3 16
3 21
3 24
3 31
3 33
3 35
3 36
3 42
3 43
3 45
3 46
3 47
3 61
3 63
3 66
3 69
3 70
3 76
3 78
3 81
3 82
3 87
4 0
4 32
4 36
4 33
4 72
4 73
4 10
4 76
4 8
4 22
4 87
4 58
4 42
6 64
6 34
6 36
6 5
6 6
6 8
6 10
6 55
6 78
6 13
6 14
6 47
6 52
6 46
6 22
6 23
6 69
6 63
10 0
10 1
10 5
10 8
10 10
10 14
10 20
10 21
10 22
10 26
10 32
10 33
10 34
10 39
10 42
10 43
10 45
10 47
10 52
10 58
10 61
10 64
10 66
10 69
10 70
10 76
10 78
10 81
10 82
10 87
11 2
11 4
11 5
11 6
11 8
11 10
11 13
11 17
11 20
11 21
11 26
11 30
11 34
11 35
11 38
11 42
11 45
11 46
11 47
11 52
11 54
11 63
11 64
11 69
11 70
11 72
11 73
11 77
11 81
11 82
11 87
12 2
12 4
12 5
12 8
12 9
12 10
12 14
12 31
12 33
12 35
12 36
12 39
12 42
12 43
12 45
12 46
12 47
12 54
12 55
12 63
12 64
12 65
12 66
12 70
12 72
12 74
12 75
12 77
12 82
12 84
12 85
14 0
14 1
14 2
14 10
14 14
14 26
14 31
14 33
14 34
14 36
14 42
14 45
14 46
14 47
14 52
14 64
14 69
14 72
14 78
14 81
14 82
14 84
20 0
20 2
20 4
20 5
20 6
20 8
20 10
20 13
20 14
20 20
20 21
20 22
20 31
20 39
20 45
20 47
20 50
20 51
20 52
20 61
20 64
20 66
20 69
20 70
20 73
20 77
20 82
20 87
22 2
22 4
22 5
22 10
22 14
22 16
22 21
22 26
22 29
22 31
22 33
22 36
22 39
22 42
22 43
22 46
22 47
22 50
22 54
22 55
22 58
22 60
22 61
22 63
22 64
22 66
22 69
22 73
22 77
22 78
22 82
22 87
23 4
23 6
23 13
23 14
23 16
23 17
23 22
23 24
23 26
23 31
23 33
23 34
23 35
23 39
23 42
23 43
23 45
23 51
23 52
23 58
23 61
23 63
23 66
23 69
23 70
23 72
23 73
23 75
23 77
23 81
23 82
24 2
24 5
24 6
24 8
24 10
24 14
24 17
24 20
24 22
24 24
24 31
24 33
24 35
24 39
24 40
24 42
24 45
24 46
24 47
24 61
24 62
24 63
24 64
24 70
24 73
24 87
28 0
28 5
28 6
28 8
28 9
28 10
28 13
28 16
28 21
28 22
28 24
28 31
28 32
28 34
28 36
28 39
28 42
28 43
28 45
28 50
28 63
28 64
28 69
28 72
28 73
28 76
28 78
28 82
28 87
29 2
29 6
29 8
29 9
29 10
29 13
29 22
29 24
29 31
29 32
29 33
29 35
29 36
29 38
29 43
29 45
29 46
29 47
29 52
29 54
29 63
29 69
29 74
29 76
29 77
29 78
29 82
29 84
29 86
29 87
32 0
32 1
32 2
32 4
32 6
32 13
32 14
32 21
32 31
32 33
32 34
32 36
32 39
32 42
32 43
32 45
32 47
32 52
32 54
32 58
32 61
32 62
32 63
32 64
32 69
32 70
32 78
32 81
32 82
32 84
32 87
34 0
34 2
34 4
34 5
34 6
34 8
34 9
34 13
34 22
34 26
34 30
34 31
34 33
34 34
34 35
34 42
34 43
34 46
34 47
34 61
34 63
34 66
34 69
34 70
34 72
34 73
34 75
34 76
34 77
34 78
34 87
35 2
35 5
35 6
35 8
35 9
35 13
35 17
35 20
35 21
35 24
35 32
35 33
35 34
35 36
35 40
35 42
35 43
35 45
35 46
35 51
35 63
35 64
35 69
35 77
35 78
35 85
35 87
36 2
36 4
36 5
36 6
36 13
36 14
36 21
36 22
36 23
36 26
36 31
36 33
36 40
36 42
36 43
36 45
36 47
36 58
36 61
36 63
36 64
36 65
36 70
36 72
36 73
36 76
36 78
36 82
46 2
46 4
46 6
46 14
46 20
46 22
46 24
46 26
46 29
46 33
46 34
46 39
46 42
46 43
46 45
46 60
46 61
46 63
46 64
46 65
46 67
46 69
46 70
46 72
46 82
46 87
48 82
48 35
48 4
48 5
48 6
48 39
48 73
48 10
48 43
48 76
48 13
48 46
48 45
48 50
48 77
48 84
48 21
48 36
48 42
48 69
48 31
49 0
49 64
49 2
49 36
49 69
49 39
49 8
49 73
49 10
49 43
49 13
49 45
49 72
49 82
49 19
49 84
49 85
49 87
49 47
49 31
50 64
50 35
50 4
50 5
50 6
50 39
50 72
50 10
50 43
50 46
50 47
50 50
50 52
50 21
50 87
50 70
50 42
50 31
53 0
53 5
53 6
53 8
53 10
53 13
53 14
53 19
53 20
53 21
53 29
53 31
53 33
53 34
53 36
53 39
53 42
53 43
53 45
53 46
53 47
53 52
53 63
53 69
53 70
53 73
53 74
53 75
53 76
53 77
53 81
53 82
53 84
62 0
62 2
62 4
62 6
62 8
62 10
62 17
62 20
62 21
62 22
62 24
62 31
62 33
62 34
62 35
62 36
62 39
62 40
62 45
62 46
62 47
62 61
62 64
62 65
62 70
62 75
62 76
62 81
62 82
62 84
62 87
71 0
71 2
71 4
71 5
71 9
71 10
71 13
71 20
71 21
71 22
71 26
71 33
71 34
71 36
71 39
71 40
71 42
71 43
71 46
71 47
71 54
71 61
71 63
71 64
71 69
71 70
71 72
71 73
71 75
71 87
72 0
72 2
72 5
72 6
72 8
72 13
72 22
72 24
72 29
72 31
72 33
72 34
72 36
72 39
72 42
72 43
72 45
72 46
72 47
72 50
72 51
72 54
72 63
72 69
72 70
72 81
72 82
72 84
72 87
80 64
80 33
80 35
80 36
80 5
80 65
80 39
80 10
80 43
80 13
80 14
80 17
80 82
80 46
80 54
80 70
80 30
80 31
82 0
82 5
82 6
82 8
82 17
82 21
82 31
82 33
82 34
82 40
82 45
82 46
82 47
82 52
82 58
82 61
82 63
82 65
82 69
82 70
82 73
82 75
82 76
82 77
82 82
82 87
85 65
85 4
85 69
85 6
85 39
85 8
85 14
85 47
85 72
85 19
85 52
85 46
85 84
85 70
85 61
85 63
86 2
86 4
86 5
86 6
86 14
86 22
86 31
86 33
86 34
86 35
86 36
86 38
86 39
86 40
86 43
86 45
86 46
86 47
86 52
86 61
86 63
86 64
86 67
86 70
86 72
86 73
86 74
86 78
86 81
86 84
87 0
87 4
87 5
87 6
87 8
87 13
87 19
87 20
87 21
87 26
87 31
87 33
87 36
87 39
87 42
87 45
87 46
87 58
87 60
87 61
87 62
87 63
87 64
87 65
87 69
87 70
87 72
87 76
87 77
87 81
87 84
87 87
