88
0 0
0 64
0 3
0 6
0 39
0 55
0 81
0 46
0 17
0 51
0 86
0 23
0 24
0 59
0 28
0 61
0 30
0 31
1 1
1 81
1 11
1 17
1 82
1 51
2 8
2 1
2 62
2 81
3 64
3 1
3 54
3 38
3 75
3 81
3 50
3 83
3 22
3 24
3 25
3 26
3 62
3 51
4 2
4 3
4 36
4 86
4 8
4 9
4 42
4 50
4 83
4 22
4 25
4 26
5 59
5 36
5 37
5 6
5 72
5 9
5 46
5 81
5 82
5 86
5 26
5 38
5 60
6 2
6 75
6 83
6 20
6 54
6 23
7 32
7 1
7 67
7 68
7 37
7 8
7 42
7 46
7 22
7 87
7 56
7 28
8 32
8 65
8 2
8 42
8 61
8 44
8 34
8 47
8 17
8 82
8 83
8 86
8 24
8 60
8 29
8 62
8 63
9 0
9 1
9 67
9 4
9 37
9 39
9 64
9 42
9 11
9 45
9 50
9 82
9 22
9 24
9 86
9 30
9 31
10 1
10 6
10 13
10 17
10 22
10 23
10 25
10 29
10 32
10 35
10 42
10 54
10 60
10 62
10 64
10 70
10 73
10 78
10 80
10 82
10 86
10 87
11 58
11 64
11 66
11 3
11 5
11 11
11 13
11 78
11 61
11 35
11 87
11 67
11 83
11 26
11 29
11 62
11 37
12 4
12 13
13 0
13 32
13 67
13 80
13 9
13 74
13 11
13 16
13 81
13 50
13 20
13 55
13 24
13 30
14 50
15 48
15 42
15 22
15 31
16 37
18 1
18 60
18 74
18 11
18 50
18 18
18 51
18 62
18 25
18 28
18 42
18 30
18 31
19 40
19 27
20 0
20 1
20 2
20 36
20 64
20 9
20 75
20 44
20 34
20 45
20 80
20 51
20 20
20 66
20 54
20 87
20 56
20 26
20 61
20 62
22 0
22 65
22 34
22 66
22 82
22 11
22 44
22 13
22 80
22 50
22 53
22 86
22 23
22 26
22 59
22 28
22 62
22 31
23 50
23 35
23 76
23 62
23 63
24 65
24 35
24 4
24 86
24 38
24 63
24 11
24 78
24 73
24 87
24 83
24 21
24 54
24 55
24 25
24 26
24 27
24 28
24 29
24 36
25 34
25 37
25 7
25 75
25 22
25 59
25 63
26 64
26 32
26 35
26 4
26 8
26 11
26 51
26 26
26 28
26 29
27 51
27 66
27 75
27 61
28 40
29 67
29 5
29 38
29 81
29 8
29 55
29 12
29 87
29 17
29 50
29 22
29 23
29 25
29 26
29 59
29 62
30 67
30 9
30 74
30 75
30 44
30 50
30 17
30 18
30 35
31 32
31 4
31 55
31 76
31 87
31 56
32 32
32 5
32 6
32 9
32 11
32 13
32 17
32 62
32 23
32 25
32 59
32 29
32 55
32 37
33 42
33 36
33 38
34 32
34 67
34 5
34 6
34 11
34 44
34 13
34 46
34 47
34 83
34 20
34 22
34 24
34 25
34 29
34 62
34 63
35 0
35 1
35 2
35 86
35 6
35 71
35 8
35 75
35 44
35 34
35 49
35 82
35 51
35 54
35 28
35 61
35 31
36 67
36 6
36 9
36 22
36 59
36 28
37 64
37 32
37 34
37 3
37 5
37 75
37 13
37 20
37 54
37 87
37 24
37 31
38 32
38 43
38 68
38 38
38 7
38 75
38 78
38 81
38 35
38 17
38 54
38 23
38 46
38 39
39 64
39 4
39 22
39 8
39 46
39 47
39 83
39 20
39 86
39 25
39 58
39 60
39 5
40 0
40 2
40 35
40 36
40 8
40 9
40 74
40 75
40 76
40 45
40 60
40 18
40 83
40 23
40 25
40 28
40 63
41 33
41 66
41 86
41 48
41 8
41 41
41 75
41 44
41 78
41 16
41 72
41 20
41 22
41 26
41 59
42 0
42 51
42 66
42 37
42 74
42 44
42 34
42 78
42 50
42 42
42 23
42 25
42 29
43 0
43 40
43 34
44 2
44 86
44 8
44 9
44 55
44 34
44 78
44 16
44 54
44 23
44 25
44 58
44 59
44 60
44 63
45 36
45 41
45 78
45 82
45 83
45 28
45 30
45 63
46 0
46 1
46 66
46 4
46 32
46 39
46 13
46 17
46 51
46 86
46 55
46 26
46 29
46 62
47 52
47 68
47 54
48 51
49 36
49 30
49 6
49 87
50 2
50 5
50 38
50 42
50 13
50 61
50 17
50 83
50 74
50 86
50 87
50 26
50 37
50 30
50 31
51 2
51 4
51 8
51 9
51 11
51 13
51 78
51 81
51 54
51 73
51 63
52 64
52 67
52 36
52 5
52 6
52 41
52 75
52 13
52 81
52 20
52 26
52 59
52 29
52 30
53 66
54 3
54 4
54 5
54 13
54 24
54 32
54 33
54 36
54 42
54 44
54 48
54 51
54 53
54 59
54 60
54 61
54 62
54 63
54 64
54 78
54 82
54 87
55 0
55 2
55 34
55 4
55 13
55 50
55 51
55 20
55 66
55 87
55 24
55 25
55 28
55 30
55 36
56 2
56 8
56 74
56 82
56 60
56 30
57 28
57 29
57 38
58 34
58 7
58 8
58 9
58 42
58 44
58 46
58 47
58 16
58 83
58 52
58 87
58 59
59 2
59 5
59 6
59 8
59 11
59 13
59 17
59 20
59 26
59 31
59 34
59 36
59 42
59 44
59 46
59 55
59 61
59 63
59 68
59 74
59 78
59 86
60 65
60 66
60 36
60 6
60 44
60 11
60 76
60 13
60 61
60 17
60 20
60 2
60 29
60 30
61 66
61 67
61 5
61 72
61 75
61 17
61 50
61 20
61 87
61 24
61 25
61 59
61 29
61 37
62 49
62 67
62 38
63 1
63 67
63 4
63 5
63 39
63 23
63 26
63 59
63 62
64 1
64 34
64 35
64 4
64 37
64 40
64 42
64 66
64 46
64 81
64 20
64 54
64 87
64 52
64 59
64 28
64 63
65 35
65 5
65 6
65 39
65 9
65 42
65 43
65 78
65 82
65 56
65 25
65 29
65 62
65 37
66 83
66 46
66 37
66 38
67 0
67 1
67 35
67 4
67 37
67 74
67 46
67 50
67 86
67 28
67 30
67 31
68 64
68 2
68 11
68 5
68 87
69 1
69 66
69 35
69 37
69 6
69 7
69 8
69 9
69 11
69 13
69 17
69 54
69 24
69 25
69 58
69 63
69 81
69 31
70 33
70 37
70 46
70 51
70 78
70 56
70 25
70 58
71 32
71 65
71 25
72 32
72 1
72 35
72 51
72 20
72 86
72 60
73 44
73 54
73 38
73 5
74 35
74 5
74 8
74 9
74 42
74 43
74 59
74 46
74 47
74 40
74 78
74 52
74 53
74 22
74 55
74 25
74 74
74 54
74 61
74 37
75 0
75 2
75 3
75 66
75 38
75 6
75 9
75 79
75 73
75 13
75 45
75 81
75 35
75 20
75 85
75 22
75 41
75 59
75 86
75 31
76 0
76 34
76 36
76 41
76 42
76 43
76 60
76 55
76 28
77 32
77 11
77 20
78 0
78 5
78 6
78 42
78 61
78 17
78 82
78 52
78 53
78 54
78 87
78 26
78 28
78 29
78 62
78 63
79 11
81 2
81 35
81 36
81 74
81 54
81 26
82 25
82 26
82 60
83 18
83 50
83 82
83 37
84 32
84 1
84 33
84 71
84 72
84 74
84 43
84 76
84 81
84 54
84 25
84 37
84 62
84 31
86 2
86 86
86 39
86 44
86 76
86 48
86 81
86 22
86 26
86 27
86 60
86 62
87 64
87 1
87 2
87 75
87 86
87 42
87 11
87 46
87 80
87 62
87 22
87 23
87 55
87 26
87 27
87 28
87 29
87 30
