88
0 0
0 35
0 68
0 69
0 9
0 10
0 12
0 49
0 50
0 24
0 36
0 60
0 74
1 65
1 35
1 4
1 37
1 70
1 71
1 72
1 73
1 74
1 76
1 45
1 77
1 16
1 19
1 21
1 54
1 87
1 57
2 83
2 59
2 37
2 6
2 7
2 41
2 71
2 44
2 46
2 56
2 50
2 51
2 22
2 24
2 25
2 54
3 68
3 38
3 6
3 71
3 9
3 7
3 45
3 84
3 36
3 60
3 63
4 66
4 7
4 73
4 74
4 79
4 51
4 54
5 0
5 65
5 3
5 69
5 6
5 40
5 41
5 11
5 76
5 45
5 46
5 19
5 85
5 37
6 0
6 2
6 54
6 38
6 71
6 7
6 13
6 47
6 19
6 84
6 86
6 87
6 56
7 65
7 34
7 41
7 45
7 80
7 52
7 23
7 63
8 0
8 2
8 3
8 4
8 37
8 8
8 76
8 13
8 78
8 45
8 51
8 21
8 86
8 57
8 56
8 25
8 47
8 69
8 53
9 32
9 69
9 70
9 72
9 49
9 84
9 58
9 59
10 65
10 36
10 6
10 71
10 73
10 42
10 45
10 13
10 80
10 82
10 21
10 54
10 56
10 59
10 74
10 62
11 51
12 51
12 70
12 36
12 37
12 6
12 8
12 63
12 61
12 46
12 47
12 16
12 50
12 19
12 84
12 21
12 86
12 57
12 38
12 28
12 53
12 31
13 32
13 69
13 71
13 8
13 13
13 77
13 80
13 51
13 22
13 24
13 25
13 28
13 61
13 31
15 66
15 7
15 72
15 73
15 44
15 34
15 19
15 23
16 36
17 69
17 8
17 46
17 47
17 40
17 84
17 86
17 31
18 57
18 34
18 29
18 78
19 65
19 4
19 38
19 71
19 80
19 41
19 12
19 77
19 15
19 16
19 49
19 18
19 84
19 86
19 56
19 25
19 59
19 60
19 31
20 66
20 6
20 71
20 9
20 44
20 19
20 41
20 86
20 23
20 56
20 58
20 59
20 28
21 18
21 68
22 35
22 38
22 40
22 41
22 10
22 43
22 45
22 78
22 77
22 18
22 3
22 84
22 22
22 55
22 57
22 87
22 61
22 30
23 64
23 2
23 37
23 38
23 7
23 73
23 42
23 15
23 84
23 24
23 25
23 63
23 52
24 66
24 67
24 68
24 69
24 45
24 19
24 21
24 29
25 4
25 5
25 9
25 75
25 76
25 78
25 44
25 81
25 46
25 54
25 41
25 24
25 63
26 80
27 70
27 9
27 50
27 19
27 59
27 61
28 64
28 80
28 49
28 84
28 52
28 61
29 0
30 68
30 65
30 67
30 4
30 70
30 7
30 9
30 42
30 39
30 77
30 78
30 19
30 84
30 23
30 25
30 87
30 28
30 61
30 62
31 48
31 49
31 84
32 65
32 66
32 70
32 72
32 41
32 10
32 44
32 16
32 82
32 51
32 21
32 87
32 24
32 31
33 0
33 66
33 71
33 8
33 41
33 47
33 21
33 23
33 25
33 26
33 31
34 80
34 4
34 6
34 71
34 8
34 9
34 10
34 11
34 78
34 48
34 40
34 21
34 22
34 24
34 25
34 61
34 63
35 49
35 2
35 13
35 53
36 65
36 35
36 4
36 69
36 70
36 73
36 42
36 54
36 9
36 56
36 68
37 0
37 34
37 41
37 9
37 57
37 30
38 65
38 54
38 10
38 13
38 48
38 49
38 82
38 20
38 22
38 23
38 56
38 57
38 60
39 69
39 6
39 71
39 47
39 24
39 28
40 35
40 5
40 71
40 9
40 74
40 80
40 51
40 52
40 22
40 56
40 25
40 54
40 60
40 30
40 31
41 0
41 32
41 4
41 22
41 6
41 80
41 84
41 21
41 86
41 24
41 69
42 12
42 18
42 4
42 30
43 0
43 67
43 40
43 41
43 13
43 52
43 86
43 55
44 65
44 2
44 68
44 37
44 7
44 10
44 76
44 80
44 50
44 53
44 86
44 69
44 57
44 60
44 61
44 30
44 31
45 6
45 71
45 42
45 77
45 48
45 49
45 51
45 24
45 26
45 59
45 62
46 0
46 64
46 3
46 70
46 41
46 10
46 13
46 77
46 45
46 49
46 82
46 74
46 22
46 87
46 57
46 61
46 63
47 9
47 59
47 36
47 86
47 71
48 19
48 61
48 54
49 7
49 75
49 79
49 86
49 58
49 59
50 64
50 33
50 66
50 4
50 5
50 38
50 74
50 13
50 80
50 28
50 37
51 0
51 33
51 66
51 36
51 37
51 7
51 71
51 49
51 50
51 19
51 52
51 1
51 62
52 32
52 73
52 74
52 19
52 13
53 3
54 32
54 2
54 4
54 37
54 66
54 61
54 21
54 23
54 29
55 82
56 34
56 35
56 68
56 5
56 41
56 74
56 45
56 77
56 84
56 22
56 73
56 25
56 26
56 27
56 31
57 8
57 24
57 66
57 76
58 86
58 7
58 73
58 74
58 50
58 22
58 56
58 57
59 64
59 59
59 86
59 39
59 8
59 76
59 13
59 78
59 84
59 22
59 57
59 25
59 54
59 63
60 0
60 4
60 5
60 38
60 7
60 8
60 46
60 18
60 51
61 1
61 36
61 37
61 6
61 40
61 74
61 43
61 13
61 47
61 18
61 51
61 22
61 56
61 26
61 54
61 86
61 69
61 63
62 0
62 65
62 68
62 70
62 41
62 13
62 78
62 80
62 85
62 56
63 1
63 34
63 69
63 70
63 33
63 74
63 46
63 81
63 52
63 49
63 38
63 60
63 63
64 61
64 6
65 35
65 37
65 77
65 48
65 82
65 21
65 54
65 23
65 24
65 57
65 27
65 60
65 63
66 35
66 49
66 6
66 7
66 72
66 74
66 12
66 79
66 16
66 17
66 42
66 63
67 33
67 4
67 6
67 40
67 44
67 45
67 47
67 56
67 51
67 86
67 24
68 68
68 1
68 4
68 7
68 9
68 74
68 87
68 44
68 80
68 49
68 19
68 73
68 36
68 26
68 31
69 69
69 9
69 42
69 12
69 45
69 49
69 19
69 23
69 57
69 26
69 61
69 63
70 32
70 84
70 2
70 4
70 5
70 40
70 10
70 13
70 77
70 61
70 80
70 19
70 52
70 87
70 24
70 36
70 42
71 64
71 34
71 4
71 38
71 8
71 41
71 45
71 46
71 77
71 49
71 19
71 22
71 73
71 56
71 59
71 30
72 33
72 2
72 68
72 9
72 77
72 45
72 80
72 22
72 36
72 26
72 62
73 67
73 54
73 6
73 7
73 40
73 41
73 12
73 13
73 48
73 51
73 86
73 9
73 59
74 1
74 66
74 4
74 37
74 9
74 57
74 62
74 13
74 56
74 18
74 83
74 21
74 22
74 41
74 24
74 36
74 30
75 32
75 84
75 4
75 5
75 70
75 7
75 75
75 45
75 47
75 18
75 52
75 86
75 57
75 24
75 25
75 87
76 64
76 65
76 32
76 69
76 7
76 41
76 74
76 12
76 48
76 22
76 57
76 36
76 54
77 3
77 68
77 5
77 38
77 44
77 21
77 56
77 57
78 1
78 35
78 68
78 86
78 38
78 33
78 8
78 74
78 77
78 48
78 49
78 21
78 54
78 55
78 25
78 60
79 68
79 69
79 71
79 79
79 49
79 59
79 63
82 1
82 3
82 68
82 69
82 70
82 73
82 42
82 13
82 35
82 85
82 54
82 36
82 62
83 0
83 75
83 47
83 50
83 51
83 63
84 49
84 35
84 6
86 2
86 68
86 37
86 6
86 71
86 8
86 60
86 42
86 34
86 78
86 13
86 80
86 81
86 82
86 56
86 28
86 63
87 1
87 65
87 40
87 73
87 75
87 12
87 81
87 50
87 30
87 63
