88
0 40
0 19
1 20
1 78
1 23
2 25
2 69
3 81
3 50
4 0
4 4
4 10
4 15
4 17
4 21
4 24
4 31
4 33
4 38
4 43
4 49
4 51
4 53
4 56
4 60
4 63
4 64
4 69
4 70
4 74
4 82
4 85
5 42
6 0
6 1
6 66
6 68
6 37
6 6
6 9
6 76
6 47
6 81
6 51
6 20
6 21
6 87
6 58
6 38
6 61
6 85
7 10
7 20
7 23
7 37
7 41
7 42
7 44
7 50
7 51
7 53
7 55
7 61
7 63
7 65
7 67
7 70
7 71
7 72
7 73
7 74
7 75
7 85
8 2
8 6
8 15
8 16
8 22
8 25
8 30
8 31
8 36
8 40
8 41
8 43
8 44
8 49
8 51
8 52
8 53
8 54
8 58
8 59
8 62
8 63
8 71
8 74
8 75
8 83
9 33
9 44
10 49
10 57
11 67
11 36
11 69
11 38
11 72
11 42
11 25
11 61
12 27
12 75
12 87
13 1
13 35
13 38
13 39
13 9
13 10
13 11
13 45
13 15
13 48
13 85
13 54
13 23
13 57
13 59
13 60
13 62
14 64
14 27
14 18
14 53
14 23
14 59
14 62
14 63
15 0
15 66
15 5
15 41
15 46
15 15
15 49
15 83
15 24
15 58
15 27
15 60
15 31
16 9
16 77
16 49
17 34
17 36
17 38
17 6
17 75
17 46
17 15
17 48
17 19
17 24
17 62
17 31
18 49
18 53
19 66
19 43
19 47
19 10
19 23
19 79
19 16
19 62
19 87
19 27
19 60
19 30
19 31
21 59
21 63
22 33
22 35
22 51
22 73
22 79
22 16
22 17
22 19
22 86
22 41
22 30
23 0
23 1
23 48
23 6
23 39
23 72
23 78
23 80
23 17
23 83
23 20
23 8
23 57
23 61
24 51
24 34
24 39
24 11
24 77
24 47
24 17
24 83
24 25
24 58
24 29
24 31
25 0
25 54
25 9
25 75
25 22
25 23
25 60
25 29
26 65
26 72
26 44
26 78
26 40
26 52
26 53
26 25
26 59
27 70
27 39
27 10
27 44
27 47
27 21
27 54
27 42
27 85
28 32
28 2
28 59
28 82
28 54
28 38
28 40
28 42
28 75
28 44
28 13
28 46
28 17
28 50
28 84
28 22
28 23
28 24
28 25
28 27
28 31
30 32
30 65
30 36
30 37
30 39
30 73
30 19
30 30
31 2
31 66
31 6
31 75
31 13
31 77
31 17
31 52
31 58
31 47
31 61
32 33
32 40
32 41
32 13
32 52
32 86
32 23
32 24
32 27
33 0
33 32
33 75
33 50
33 80
33 81
33 18
33 52
33 53
33 22
33 87
33 28
34 59
34 68
34 61
35 69
37 37
37 47
37 50
37 51
37 57
37 58
38 2
38 35
38 68
38 37
38 38
38 40
38 79
38 48
38 17
38 84
38 85
38 26
38 63
39 0
39 39
39 44
39 76
39 46
39 15
39 24
39 25
39 58
39 59
39 60
39 31
40 32
40 4
40 6
40 40
40 45
40 46
40 54
40 25
40 58
40 27
40 36
41 0
41 9
41 44
41 48
41 17
41 84
41 85
41 56
41 52
41 59
41 62
41 21
42 0
42 5
42 15
42 20
42 24
42 26
42 30
42 32
42 33
42 35
42 37
42 39
42 40
42 60
42 61
42 62
42 69
42 70
42 72
42 73
42 75
42 79
42 83
42 84
43 2
43 3
43 6
43 74
43 34
43 15
43 48
43 17
43 54
43 55
43 27
43 61
43 63
44 64
44 33
44 67
44 3
44 68
44 54
44 71
44 40
44 43
44 44
44 13
44 45
44 17
44 35
44 84
44 22
44 23
44 79
44 31
45 0
45 4
45 5
45 19
45 20
45 21
45 22
45 30
45 31
45 41
45 46
45 58
45 61
45 62
45 64
45 65
45 68
45 70
45 71
45 72
45 75
45 81
45 83
45 85
45 86
46 0
46 65
46 37
46 33
46 76
46 47
46 50
46 84
46 57
46 30
49 66
49 69
49 40
49 75
49 84
49 53
49 60
50 33
50 74
50 20
50 71
51 32
51 1
51 67
51 5
51 40
51 13
51 15
51 49
51 20
51 21
51 25
51 26
51 58
51 53
52 64
52 65
52 67
52 86
52 73
52 42
52 45
52 49
52 84
52 22
52 87
52 24
52 59
52 63
53 0
53 2
53 7
53 11
53 13
53 16
53 19
53 20
53 21
53 25
53 26
53 30
53 33
53 34
53 56
53 62
53 63
53 64
53 67
53 68
53 73
53 80
53 83
53 85
53 86
53 87
54 0
54 33
54 66
54 35
54 42
54 49
54 51
54 52
54 57
54 25
54 27
54 60
55 6
55 38
55 39
55 9
55 42
55 55
55 44
55 50
55 51
55 41
55 57
55 58
56 66
56 50
56 5
56 71
56 55
56 34
56 82
56 83
56 84
56 85
56 87
57 35
57 4
57 74
57 6
57 10
57 11
57 48
57 43
57 51
57 52
57 54
57 87
57 24
57 84
57 26
57 86
57 42
58 74
58 27
58 22
58 71
59 65
59 35
59 69
59 6
59 76
59 20
59 53
59 70
59 62
60 1
60 16
60 17
60 21
60 22
60 24
60 25
60 26
60 30
60 33
60 36
60 42
60 44
60 47
60 48
60 55
60 59
60 62
60 66
60 67
60 73
60 78
60 80
60 87
61 36
61 39
61 41
61 14
61 53
61 22
61 87
62 1
62 55
62 36
62 46
62 49
64 66
64 67
64 36
64 72
64 73
64 34
64 46
64 47
64 40
64 50
64 52
64 59
64 27
65 64
65 32
65 67
65 69
65 72
65 73
65 74
65 77
65 40
65 85
65 59
66 33
66 34
66 35
66 68
66 69
66 11
66 13
66 79
66 23
66 55
66 37
67 0
67 32
67 54
67 81
67 74
67 78
67 17
67 50
67 51
67 20
67 22
67 61
68 32
68 73
68 58
68 36
68 21
69 10
69 21
69 24
69 25
69 27
69 31
69 33
69 39
69 40
69 41
69 45
69 46
69 47
69 48
69 49
69 52
69 60
69 66
69 69
69 71
69 72
69 76
69 77
69 79
69 80
69 83
69 86
70 34
70 4
70 5
70 38
70 12
70 46
70 84
70 57
70 30
71 0
71 59
71 47
71 74
71 46
71 15
71 84
71 55
71 56
71 52
71 27
71 61
71 62
72 1
72 10
72 11
72 19
72 22
72 24
72 28
72 31
72 33
72 34
72 37
72 47
72 53
72 55
72 58
72 59
72 60
72 63
72 73
72 74
72 75
72 76
72 80
72 85
72 87
73 1
73 66
73 37
73 70
73 33
73 47
73 45
73 78
73 79
73 80
73 26
73 27
74 33
74 34
74 70
74 10
74 13
74 49
75 67
75 70
75 71
75 74
75 79
75 49
77 33
77 39
77 72
77 73
77 77
77 16
77 20
77 52
77 61
77 62
78 0
78 65
78 34
78 67
78 36
78 10
78 48
78 3
78 85
78 87
78 61
78 30
79 65
79 75
79 69
79 9
79 42
79 11
79 44
79 46
79 16
79 56
79 62
80 2
80 43
80 70
80 6
80 39
80 71
80 34
80 47
80 16
80 23
80 57
81 24
81 34
81 53
82 72
82 2
83 37
83 40
83 73
83 19
83 21
83 61
83 63
84 46
84 16
84 56
84 50
84 85
84 24
85 68
85 69
85 6
85 39
85 13
85 51
85 20
85 21
85 25
85 60
85 53
85 31
86 1
86 2
86 5
86 20
86 21
86 22
86 30
86 32
86 35
86 36
86 40
86 43
86 56
86 62
86 63
86 65
86 66
86 68
86 69
86 77
86 78
86 80
86 83
86 84
87 67
87 4
87 9
87 42
87 22
87 87
87 56
87 36
87 62
