88
0 66
0 35
0 4
0 70
0 6
0 7
0 75
0 73
0 55
0 76
0 81
0 18
0 67
0 22
0 23
0 68
0 26
0 27
0 61
1 65
1 2
1 4
1 37
1 6
1 7
1 44
1 76
1 79
1 80
1 23
1 47
1 61
1 31
3 2
3 6
3 7
3 12
3 16
3 18
3 22
3 27
3 31
3 32
3 33
3 35
3 41
3 45
3 46
3 51
3 55
3 57
3 61
3 66
3 68
3 73
3 75
3 76
3 79
3 80
3 81
8 2
8 4
8 7
8 16
8 22
8 25
8 26
8 27
8 31
8 32
8 34
8 35
8 37
8 41
8 44
8 47
8 51
8 57
8 62
8 66
8 68
8 75
8 79
8 80
9 32
9 65
9 66
9 59
9 6
9 76
9 51
9 23
9 58
9 27
9 61
10 0
10 2
10 4
10 7
10 12
10 22
10 27
10 33
10 34
10 35
10 41
10 44
10 47
10 51
10 57
10 58
10 59
10 67
10 70
10 71
10 75
10 76
10 80
11 2
11 34
11 37
11 70
11 41
11 42
11 66
11 46
11 81
11 22
11 55
11 57
11 31
12 32
12 34
12 75
12 4
12 6
12 7
12 41
12 71
12 12
12 45
12 44
12 51
12 22
12 25
12 79
12 61
13 32
13 33
13 4
13 37
13 65
13 7
13 12
13 47
13 51
13 85
13 55
13 57
13 26
13 68
13 61
13 31
17 32
17 66
17 37
17 70
17 71
17 73
17 80
17 22
17 55
17 57
17 26
17 31
18 2
18 4
18 5
18 6
18 16
18 23
18 26
18 32
18 33
18 34
18 35
18 41
18 42
18 44
18 47
18 51
18 55
18 66
18 70
18 71
18 73
18 75
18 76
18 80
18 81
19 6
19 7
19 12
19 22
19 25
19 26
19 32
19 33
19 35
19 37
19 42
19 51
19 55
19 57
19 58
19 67
19 68
19 70
19 71
19 73
19 75
19 76
19 79
19 80
20 65
20 66
20 35
20 4
20 70
20 6
20 7
20 40
20 75
20 71
20 44
20 46
20 79
20 80
20 18
20 22
20 25
20 27
20 31
24 32
24 2
24 35
24 4
24 70
24 40
24 66
24 75
24 76
24 45
24 46
24 80
24 18
24 53
24 55
24 26
24 61
24 62
24 31
28 22
29 2
29 35
29 37
29 6
29 40
29 81
29 53
29 26
29 27
30 0
30 2
30 12
30 18
30 22
30 25
30 27
30 33
30 37
30 45
30 47
30 49
30 51
30 53
30 55
30 57
30 62
30 66
30 67
30 68
30 76
30 81
31 0
31 2
31 5
31 6
31 7
31 12
31 16
31 22
31 25
31 33
31 34
31 35
31 37
31 45
31 47
31 51
31 53
31 55
31 57
31 58
31 66
31 70
31 76
32 32
32 2
32 67
32 70
32 7
32 75
32 76
32 57
32 22
32 55
32 25
32 71
32 31
35 0
35 2
35 4
35 5
35 6
35 7
35 16
35 22
35 25
35 26
35 31
35 32
35 33
35 34
35 35
35 41
35 42
35 46
35 47
35 51
35 53
35 55
35 57
35 59
35 62
35 67
35 70
35 71
35 73
35 76
35 79
35 80
35 81
38 68
38 33
38 34
38 67
38 4
38 37
38 7
38 76
38 66
38 80
38 51
38 53
38 55
38 25
38 26
38 59
38 62
38 31
39 32
39 2
39 67
39 4
39 70
39 81
39 73
39 75
39 12
39 34
39 16
39 76
39 18
39 55
39 57
39 59
39 61
39 31
41 32
41 65
41 2
41 59
41 4
41 5
41 6
41 42
41 75
41 12
41 66
41 47
41 80
41 53
41 55
41 27
41 70
41 62
41 37
43 32
43 33
43 67
43 4
43 37
43 6
43 7
43 41
43 71
43 12
43 16
43 76
43 57
43 22
43 23
43 25
43 81
43 61
43 68
46 4
46 6
46 12
46 21
46 22
46 25
46 26
46 31
46 32
46 33
46 34
46 41
46 46
46 47
46 51
46 55
46 59
46 65
46 66
46 70
46 71
46 73
46 79
46 80
48 0
48 2
48 66
48 70
48 6
48 7
48 40
48 44
48 12
48 45
48 79
48 76
48 81
48 53
48 22
48 73
48 25
48 26
48 59
48 58
48 31
49 0
49 2
49 4
49 6
49 7
49 12
49 25
49 26
49 27
49 33
49 34
49 37
49 40
49 41
49 51
49 55
49 62
49 66
49 71
49 73
49 75
49 76
50 32
50 33
50 2
50 4
50 37
50 6
50 7
50 44
50 66
50 75
50 12
50 45
50 46
50 51
50 53
50 22
50 57
50 70
50 68
52 2
52 4
52 6
52 12
52 22
52 25
52 26
52 31
52 33
52 37
52 40
52 45
52 46
52 47
52 51
52 55
52 57
52 58
52 59
52 66
52 67
52 68
52 70
52 71
52 73
52 75
52 76
52 79
52 80
52 84
54 0
54 32
54 66
54 4
54 70
54 81
54 80
54 73
54 12
54 47
54 16
54 76
54 51
54 57
54 55
54 25
54 61
54 62
54 31
56 0
56 32
56 2
56 67
56 37
56 6
56 33
56 40
56 42
56 70
56 34
56 79
56 71
56 81
56 75
56 57
56 25
56 26
56 65
56 61
56 31
60 0
60 2
60 4
60 6
60 12
60 16
60 22
60 26
60 27
60 31
60 33
60 35
60 37
60 40
60 41
60 44
60 45
60 51
60 57
60 58
60 59
60 61
60 67
60 68
60 70
60 73
60 80
63 0
63 2
63 6
63 7
63 18
63 22
63 27
63 31
63 32
63 47
63 51
63 53
63 55
63 57
63 59
63 61
63 65
63 66
63 73
63 75
63 76
63 80
63 81
64 4
64 7
64 12
64 16
64 22
64 23
64 25
64 26
64 31
64 35
64 42
64 45
64 46
64 47
64 55
64 57
64 66
64 70
64 71
64 73
64 76
64 81
72 0
72 4
72 5
72 7
72 12
72 16
72 18
72 22
72 26
72 31
72 32
72 34
72 37
72 44
72 51
72 58
72 61
72 66
72 70
72 71
72 73
72 75
72 76
72 79
72 80
72 81
72 84
74 0
74 32
74 2
74 67
74 4
74 37
74 6
74 71
74 42
74 12
74 66
74 46
74 80
74 81
74 51
74 53
74 57
74 58
74 68
74 31
76 57
76 66
76 37
76 7
76 42
76 71
76 12
76 45
76 46
76 51
76 53
76 22
76 55
76 25
76 58
77 2
77 4
77 6
77 7
77 12
77 18
77 22
77 23
77 25
77 26
77 31
77 32
77 33
77 37
77 40
77 41
77 44
77 45
77 51
77 53
77 55
77 58
77 59
77 61
77 65
77 67
77 68
77 71
77 73
77 75
77 76
77 80
78 0
78 2
78 4
78 7
78 12
78 16
78 18
78 21
78 22
78 25
78 26
78 31
78 32
78 35
78 37
78 40
78 41
78 46
78 51
78 55
78 57
78 61
78 66
78 67
78 68
78 70
78 73
78 75
78 76
78 79
78 80
78 81
82 68
82 6
82 12
82 4
82 61
82 31
83 32
83 65
83 66
83 59
83 4
83 37
83 6
83 7
83 76
83 79
83 12
83 46
83 47
83 22
83 57
83 25
83 58
83 27
83 70
83 31
86 2
86 4
86 7
86 12
86 16
86 18
86 23
86 25
86 26
86 27
86 31
86 32
86 33
86 34
86 35
86 37
86 44
86 45
86 46
86 51
86 53
86 55
86 57
86 58
86 61
86 62
86 66
86 70
86 76
86 79
86 80
86 81
86 84
87 0
87 2
87 6
87 7
87 12
87 16
87 18
87 22
87 25
87 27
87 33
87 34
87 37
87 41
87 42
87 44
87 45
87 47
87 51
87 53
87 55
87 58
87 65
87 66
87 67
87 70
87 71
87 73
87 75
87 81
