88
0 32
0 3
0 69
0 6
0 8
0 73
0 43
0 44
0 46
0 79
0 40
0 53
0 22
0 55
0 24
0 57
0 27
0 86
0 78
0 63
1 3
1 6
1 8
1 10
1 15
1 20
1 23
1 24
1 27
1 38
1 42
1 43
1 44
1 45
1 46
1 48
1 53
1 55
1 57
1 66
1 69
1 70
1 71
1 72
1 73
1 76
1 82
1 85
4 69
4 62
7 65
7 66
7 36
7 70
7 38
7 40
7 41
7 10
7 44
7 45
7 80
7 79
7 48
7 23
7 24
7 25
7 58
7 27
9 80
9 36
9 70
9 71
9 40
9 41
9 11
9 44
9 46
9 76
9 72
9 86
9 55
9 24
9 57
9 62
10 3
10 6
10 11
10 23
10 33
10 34
10 40
10 41
10 44
10 46
10 49
10 53
10 57
10 58
10 59
10 61
10 63
10 66
10 69
10 72
10 74
10 76
10 78
10 80
10 82
10 87
11 64
11 33
11 2
11 3
11 69
11 6
11 40
11 42
11 11
11 46
11 82
11 78
11 86
11 24
11 58
11 59
12 64
12 65
12 34
12 3
12 36
12 38
12 40
12 42
12 11
12 76
12 77
12 46
12 48
12 43
12 82
12 78
12 87
12 23
12 58
12 59
13 1
13 4
13 6
13 8
13 10
13 23
13 25
13 26
13 27
13 36
13 43
13 44
13 46
13 48
13 53
13 59
13 65
13 66
13 69
13 70
13 71
13 73
13 76
13 81
13 82
13 85
13 86
13 87
15 32
17 66
17 62
20 2
20 20
20 21
20 23
20 25
20 27
20 34
20 36
20 37
20 46
20 47
20 48
20 53
20 57
20 59
20 61
20 63
20 65
20 66
20 72
20 74
20 78
20 79
20 82
20 86
21 65
21 66
21 35
21 70
21 6
21 39
21 8
21 41
21 10
21 43
21 76
21 46
21 82
21 74
21 86
21 55
21 42
24 3
24 8
24 20
24 23
24 34
24 35
24 39
24 41
24 44
24 57
24 58
24 59
24 61
24 65
24 70
24 72
24 74
24 76
24 79
24 80
24 81
24 82
24 86
24 87
25 33
25 36
25 37
25 72
25 41
25 42
25 45
25 40
25 87
25 58
25 59
25 61
25 62
25 69
26 1
26 6
26 8
26 11
26 15
26 20
26 23
26 24
26 25
26 34
26 40
26 41
26 44
26 55
26 57
26 58
26 66
26 72
26 73
26 74
26 75
26 79
26 80
26 82
26 86
27 32
27 34
27 67
27 38
27 6
27 72
27 41
27 10
27 46
27 82
27 73
27 23
27 24
27 25
27 58
27 86
27 61
27 62
28 80
28 66
28 71
28 8
28 41
28 11
28 44
28 77
28 79
28 48
28 40
28 21
28 86
28 73
28 24
28 57
28 87
28 27
28 62
28 85
33 0
33 2
33 6
33 11
33 21
33 23
33 24
33 34
33 36
33 42
33 43
33 45
33 46
33 53
33 58
33 61
33 63
33 65
33 66
33 67
33 70
33 71
33 74
33 76
33 79
33 80
33 82
33 87
35 2
35 6
35 10
35 11
35 24
35 27
35 36
35 37
35 38
35 42
35 43
35 44
35 53
35 55
35 57
35 59
35 65
35 67
35 69
35 70
35 71
35 72
35 73
35 76
35 80
35 86
35 87
37 65
37 34
37 74
37 38
37 80
37 8
37 73
37 42
37 76
37 46
37 48
37 82
37 20
37 78
37 55
37 24
37 57
37 26
37 27
37 61
42 2
42 8
42 11
42 15
42 20
42 23
42 24
42 26
42 29
42 36
42 42
42 45
42 46
42 55
42 58
42 61
42 62
42 63
42 69
42 70
42 71
42 75
42 78
42 80
42 86
42 87
43 2
43 67
43 38
43 39
43 40
43 41
43 11
43 44
43 78
43 48
43 72
43 20
43 21
43 57
43 58
43 27
46 3
46 8
46 12
46 23
46 24
46 27
46 28
46 32
46 34
46 38
46 40
46 42
46 43
46 44
46 61
46 62
46 63
46 65
46 66
46 69
46 74
46 76
46 87
47 2
47 6
47 8
47 10
47 20
47 28
47 34
47 39
47 40
47 41
47 42
47 43
47 53
47 55
47 58
47 61
47 66
47 67
47 70
47 73
47 74
47 78
47 79
47 80
47 82
47 86
49 2
49 43
49 36
49 38
49 6
49 71
49 72
49 63
49 74
49 11
49 76
49 66
49 46
49 20
49 21
49 87
49 25
49 59
49 61
49 62
49 53
50 64
50 34
50 36
50 70
50 71
50 40
50 73
50 42
50 43
50 44
50 77
50 82
50 23
50 58
50 27
50 74
50 62
53 2
53 6
53 10
53 15
53 25
53 27
53 38
53 39
53 41
53 43
53 44
53 46
53 48
53 53
53 57
53 58
53 61
53 63
53 66
53 67
53 69
53 71
53 73
53 77
53 80
53 87
55 6
55 8
55 10
55 12
55 20
55 25
55 26
55 28
55 34
55 41
55 42
55 55
55 59
55 66
55 67
55 69
55 72
55 73
55 74
55 75
55 78
55 80
55 86
57 2
57 10
57 20
57 23
57 24
57 36
57 40
57 41
57 42
57 43
57 44
57 45
57 46
57 48
57 53
57 59
57 62
57 67
57 69
57 70
57 71
57 72
57 77
57 78
57 81
57 87
58 2
58 3
58 36
58 69
58 71
58 40
58 74
58 39
58 61
58 86
58 59
58 10
60 2
60 6
60 8
60 11
60 15
60 23
60 32
60 34
60 40
60 42
60 48
60 55
60 57
60 61
60 65
60 69
60 71
60 72
60 76
60 78
60 79
60 82
60 86
63 6
63 10
63 11
63 20
63 21
63 25
63 34
63 36
63 40
63 41
63 46
63 61
63 62
63 63
63 66
63 67
63 71
63 72
63 74
63 76
63 77
63 80
63 81
63 86
63 87
64 6
64 10
64 20
64 23
64 25
64 26
64 36
64 38
64 40
64 41
64 42
64 46
64 48
64 53
64 55
64 57
64 61
64 62
64 64
64 65
64 69
64 72
64 74
64 75
64 80
64 86
64 87
67 3
67 6
67 10
67 11
67 15
67 20
67 21
67 25
67 27
67 36
67 42
67 53
67 59
67 61
67 66
67 69
67 70
67 72
67 73
67 76
67 79
67 80
67 82
67 86
67 87
74 6
74 11
74 12
74 15
74 24
74 39
74 40
74 41
74 44
74 46
74 48
74 55
74 57
74 61
74 63
74 64
74 65
74 67
74 69
74 70
74 73
74 74
74 76
74 80
74 87
75 3
75 6
75 20
75 24
75 25
75 26
75 32
75 36
75 40
75 42
75 43
75 44
75 46
75 53
75 55
75 59
75 61
75 64
75 65
75 67
75 69
75 71
75 74
75 76
75 77
75 78
75 79
75 87
78 3
78 10
78 15
78 23
78 24
78 25
78 26
78 35
78 36
78 38
78 40
78 41
78 43
78 45
78 48
78 58
78 59
78 61
78 62
78 63
78 67
78 69
78 72
78 74
78 76
78 80
78 82
78 86
79 3
79 6
79 11
79 20
79 23
79 34
79 36
79 38
79 39
79 41
79 42
79 43
79 44
79 46
79 49
79 53
79 58
79 61
79 63
79 66
79 69
79 73
79 74
79 76
79 78
79 79
79 80
79 86
84 65
84 2
84 36
84 37
84 6
84 80
84 73
84 10
84 79
84 48
84 57
84 24
84 25
84 38
84 30
86 3
86 8
86 10
86 12
86 20
86 23
86 24
86 34
86 36
86 41
86 43
86 44
86 46
86 48
86 53
86 57
86 58
86 59
86 62
86 65
86 71
86 72
86 76
86 80
86 86
86 87
87 2
87 67
87 66
87 69
87 38
87 72
87 74
87 87
87 34
87 78
87 79
87 80
87 20
87 53
87 23
87 24
87 58
87 70
87 63
