88
2 0
2 1
2 66
2 35
2 37
2 70
2 65
2 8
2 75
2 77
2 46
2 63
2 29
2 69
2 31
3 32
3 1
3 69
3 70
3 71
3 64
3 77
3 46
3 61
3 48
3 81
3 52
3 78
3 26
3 29
3 30
4 32
4 64
4 66
4 35
4 37
4 70
4 71
4 43
4 76
4 77
4 48
4 75
4 19
4 20
4 52
4 84
4 30
4 69
5 1
5 19
5 24
5 26
5 29
5 30
5 32
5 35
5 37
5 38
5 41
5 42
5 46
5 47
5 49
5 52
5 64
5 65
5 69
5 71
5 76
5 77
6 0
6 1
6 35
6 69
6 38
6 32
6 64
6 43
6 47
6 71
6 49
6 19
6 20
6 24
6 52
6 26
6 63
6 70
6 61
6 30
6 31
7 0
7 1
7 20
7 26
7 29
7 30
7 31
7 34
7 37
7 39
7 42
7 47
7 48
7 61
7 64
7 65
7 66
7 69
7 70
7 71
7 76
7 77
9 0
9 1
9 8
9 19
9 20
9 24
9 26
9 29
9 30
9 32
9 37
9 48
9 49
9 52
9 63
9 66
9 69
9 70
9 71
9 75
9 76
9 78
10 0
10 8
10 20
10 24
10 26
10 29
10 31
10 32
10 34
10 35
10 37
10 42
10 43
10 46
10 49
10 52
10 61
10 63
10 64
10 65
10 69
10 71
10 76
10 78
10 84
11 0
11 1
11 8
11 19
11 20
11 24
11 29
11 30
11 31
11 35
11 38
11 39
11 42
11 46
11 49
11 52
11 61
11 63
11 64
11 66
11 70
11 71
11 75
11 76
11 80
11 81
11 84
12 0
12 1
12 19
12 20
12 24
12 26
12 31
12 34
12 35
12 37
12 38
12 39
12 42
12 43
12 46
12 47
12 61
12 64
12 65
12 66
12 69
12 71
12 77
12 78
12 84
13 0
13 8
13 19
13 20
13 24
13 29
13 30
13 31
13 32
13 34
13 35
13 37
13 38
13 41
13 43
13 46
13 47
13 52
13 64
13 69
13 70
13 78
15 65
15 66
15 34
15 69
15 70
15 41
15 75
15 77
15 78
15 47
15 49
15 52
15 26
15 61
16 32
16 64
16 34
16 37
16 70
16 41
16 61
16 46
16 47
16 48
16 19
16 84
16 24
16 29
16 69
17 64
17 84
17 34
17 69
17 38
17 77
17 46
17 19
17 20
17 78
17 52
17 26
17 70
17 61
17 30
19 19
19 20
19 26
19 29
19 30
19 31
19 32
19 34
19 35
19 37
19 39
19 43
19 47
19 49
19 61
19 65
19 70
19 71
19 76
19 77
19 78
19 84
21 1
21 66
21 37
21 42
21 77
21 49
21 20
21 24
21 52
21 29
21 30
22 0
22 32
22 66
22 35
22 38
22 71
22 76
22 78
22 48
22 19
22 26
22 61
22 30
22 31
23 32
23 1
23 66
23 69
23 38
23 71
23 64
23 41
23 76
23 77
23 47
23 49
23 19
23 20
23 24
23 52
23 70
23 61
23 30
23 31
25 0
25 8
25 19
25 20
25 24
25 26
25 27
25 30
25 31
25 34
25 37
25 38
25 42
25 43
25 46
25 48
25 49
25 61
25 64
25 66
25 69
25 70
25 71
25 76
25 78
25 81
28 0
28 8
28 14
28 19
28 26
28 29
28 30
28 31
28 32
28 35
28 38
28 39
28 46
28 47
28 48
28 63
28 64
28 65
28 66
28 69
28 70
28 71
28 76
28 77
28 78
28 84
29 0
29 20
29 27
29 29
29 30
29 31
29 32
29 35
29 37
29 38
29 47
29 48
29 61
29 63
29 64
29 66
29 69
29 70
29 75
29 76
29 78
29 80
29 81
33 1
33 19
33 20
33 24
33 29
33 34
33 35
33 37
33 38
33 39
33 42
33 43
33 46
33 49
33 52
33 61
33 63
33 64
33 65
33 66
33 71
33 76
33 77
33 78
33 84
34 32
34 34
34 35
34 37
34 71
34 8
34 41
34 43
34 76
34 77
34 46
34 48
34 75
34 52
34 78
34 69
34 24
34 84
34 29
34 30
34 31
40 0
40 1
40 19
40 24
40 30
40 31
40 32
40 34
40 37
40 38
40 42
40 43
40 47
40 48
40 49
40 52
40 61
40 63
40 64
40 66
40 69
40 70
40 71
40 75
40 78
44 0
44 1
44 20
44 26
44 31
44 34
44 35
44 38
44 39
44 41
44 43
44 46
44 47
44 48
44 49
44 52
44 65
44 66
44 69
44 75
44 77
44 84
51 1
51 8
51 14
51 19
51 20
51 24
51 26
51 29
51 30
51 31
51 32
51 35
51 37
51 38
51 41
51 46
51 48
51 61
51 63
51 66
51 70
51 77
51 78
53 64
53 1
53 34
53 37
53 38
53 39
53 41
53 75
53 76
53 20
53 24
53 52
53 26
53 30
53 31
54 1
54 35
54 39
54 76
54 77
54 46
54 47
54 19
54 20
55 0
55 1
55 8
55 19
55 20
55 24
55 26
55 29
55 30
55 31
55 32
55 35
55 37
55 42
55 46
55 47
55 52
55 63
55 64
55 69
55 70
55 75
55 76
55 77
56 8
56 19
56 20
56 24
56 26
56 29
56 30
56 31
56 32
56 34
56 35
56 37
56 39
56 42
56 43
56 46
56 47
56 52
56 61
56 63
56 65
56 66
56 70
56 71
56 76
56 78
56 84
57 32
57 1
57 66
57 35
57 37
57 71
57 64
57 43
57 76
57 47
57 48
57 20
57 24
57 52
57 26
57 61
57 30
57 31
58 64
58 1
58 34
58 35
58 69
58 70
58 65
58 41
58 42
58 75
58 77
58 78
58 47
58 48
58 19
58 20
58 24
58 52
58 61
58 30
58 63
59 32
59 65
59 34
59 38
59 70
59 75
59 76
59 77
59 46
59 47
59 19
59 24
59 26
59 31
60 0
60 1
60 8
60 20
60 24
60 26
60 32
60 37
60 38
60 41
60 43
60 46
60 52
60 61
60 64
60 65
60 66
60 69
60 70
60 71
60 75
60 76
60 77
62 8
62 19
62 20
62 27
62 30
62 31
62 35
62 37
62 38
62 39
62 46
62 47
62 49
62 52
62 61
62 63
62 64
62 66
62 69
62 70
62 71
62 75
62 77
62 78
63 0
63 1
63 19
63 24
63 29
63 30
63 34
63 37
63 38
63 39
63 43
63 46
63 47
63 48
63 52
63 61
63 66
63 69
63 71
63 77
63 78
63 80
67 8
67 19
67 20
67 29
68 1
68 19
68 20
68 24
68 26
68 29
68 30
68 31
68 34
68 35
68 37
68 38
68 41
68 42
68 46
68 52
68 61
68 64
68 66
68 70
68 71
68 77
68 78
68 84
73 0
73 1
73 8
73 20
73 24
73 29
73 32
73 34
73 35
73 37
73 38
73 39
73 42
73 46
73 47
73 52
73 61
73 63
73 64
73 66
73 69
73 70
73 71
73 76
73 84
74 0
74 1
74 19
74 20
74 24
74 26
74 29
74 32
74 34
74 35
74 37
74 38
74 39
74 42
74 43
74 47
74 49
74 65
74 66
74 69
74 70
74 71
74 75
74 77
74 78
74 84
79 1
79 66
79 37
79 38
79 34
79 47
79 20
79 24
79 30
82 0
82 1
82 8
82 19
82 20
82 26
82 30
82 34
82 35
82 38
82 39
82 41
82 42
82 43
82 46
82 47
82 52
82 61
82 66
82 70
82 76
82 77
82 84
85 66
85 69
85 38
85 39
85 77
85 78
85 19
85 52
85 30
86 0
86 1
86 26
86 29
86 30
86 32
86 34
86 35
86 37
86 41
86 43
86 47
86 49
86 52
86 61
86 64
86 65
86 70
86 71
86 76
86 77
86 78
87 1
87 19
87 61
87 31
