88
0 11
0 36
0 55
1 32
1 33
1 68
1 37
1 71
1 40
1 9
1 39
1 49
1 84
1 52
1 61
1 62
1 63
2 0
2 65
2 33
2 72
2 41
2 43
2 12
2 8
2 51
2 84
2 22
2 61
2 63
3 66
3 36
3 6
3 39
3 9
3 71
3 45
3 77
3 81
3 19
3 84
3 21
3 86
3 55
3 62
3 53
4 34
4 3
4 68
4 5
4 7
4 72
4 10
4 43
4 82
4 47
4 81
4 75
4 19
4 53
4 67
4 69
7 32
7 65
7 3
7 4
7 5
7 6
7 71
7 9
7 43
7 76
7 17
7 41
7 33
9 19
9 62
9 30
9 55
10 0
10 64
10 67
10 5
10 72
10 9
10 10
10 75
10 45
10 49
10 52
10 53
10 73
10 42
10 85
10 37
11 51
11 67
11 4
11 37
11 39
11 8
11 75
11 3
11 85
11 87
11 55
11 26
12 2
12 34
12 36
12 8
12 76
12 66
12 77
12 79
12 54
12 55
12 63
13 64
13 51
13 34
13 37
13 6
13 9
13 10
13 11
13 76
13 77
13 19
13 26
13 38
13 61
13 63
16 0
16 33
16 66
16 4
16 5
16 70
16 71
16 73
16 42
16 11
16 79
16 49
16 19
16 25
16 58
16 69
17 3
17 4
17 6
17 39
17 8
17 10
17 44
17 79
17 81
17 52
17 53
17 58
17 27
17 62
19 66
19 3
19 68
19 69
19 72
19 42
19 11
19 44
19 79
19 48
19 17
19 75
19 53
19 43
19 58
20 3
20 76
20 11
20 12
20 77
20 52
21 3
21 68
21 38
21 7
21 8
21 9
21 79
21 43
21 12
21 46
21 44
21 76
21 75
21 19
21 84
21 73
21 58
21 47
22 33
22 3
22 36
22 5
22 71
22 72
22 41
22 10
22 11
22 45
22 77
22 81
22 86
22 87
22 27
22 61
22 62
23 68
23 5
23 38
23 71
23 9
23 42
23 11
23 49
23 51
23 53
23 6
23 58
24 2
24 67
24 5
24 49
24 72
24 42
24 12
24 34
24 79
24 81
24 51
25 33
25 67
25 70
25 38
25 8
25 76
25 10
25 75
25 12
25 13
25 47
25 49
25 19
25 55
25 42
25 51
28 0
28 32
28 75
28 36
28 5
28 38
28 7
28 72
28 73
28 11
28 76
28 45
28 46
28 77
28 17
28 21
28 85
28 81
28 62
28 63
29 32
29 72
29 12
29 86
29 25
29 58
31 33
31 67
31 5
31 9
31 42
31 73
31 13
31 45
31 3
31 22
31 41
31 26
32 51
32 34
32 3
32 82
32 37
32 38
32 8
32 41
32 10
32 67
32 12
32 13
32 79
32 49
32 75
32 19
32 84
32 21
32 86
32 26
33 2
33 37
33 6
33 71
33 8
33 10
33 11
33 12
33 17
33 53
33 22
33 49
33 58
33 63
34 34
34 67
34 6
34 41
34 42
34 12
34 66
34 79
34 16
34 53
34 55
34 26
34 27
34 58
34 85
36 0
36 32
36 36
36 38
36 64
36 73
36 43
36 44
36 77
36 46
36 79
36 76
36 49
36 19
36 27
36 63
37 45
37 6
37 71
37 42
37 76
37 77
37 79
37 81
37 19
37 53
37 26
37 62
40 1
40 2
40 3
40 4
40 5
40 71
40 41
40 66
40 43
40 45
40 46
40 16
40 51
40 21
40 73
40 55
40 36
40 63
40 61
40 85
40 53
41 32
41 33
41 67
41 4
41 54
41 51
41 81
41 8
41 41
41 43
41 86
41 48
41 40
41 19
41 84
41 22
41 36
41 70
41 69
43 0
43 2
43 37
43 6
43 43
43 77
43 81
43 21
43 54
43 30
45 65
45 2
45 5
45 6
45 71
45 73
45 55
45 53
45 22
45 23
45 62
46 0
46 67
46 36
46 6
46 71
46 73
46 10
46 77
46 46
46 47
46 58
46 84
46 22
46 26
46 79
46 42
46 63
47 32
47 1
47 71
47 4
47 33
47 7
47 72
47 73
47 10
47 11
47 12
47 13
47 77
47 51
47 84
47 55
47 26
47 63
47 28
47 37
49 32
49 33
49 2
49 36
49 37
49 81
49 72
49 76
49 10
49 43
49 12
49 66
49 79
49 49
49 51
49 85
49 86
52 2
52 67
52 4
52 5
52 38
52 8
52 87
52 17
52 19
52 53
52 86
52 85
52 36
52 63
52 28
52 62
52 37
53 0
53 32
53 71
53 4
53 37
53 7
53 73
53 10
53 11
53 81
53 84
53 85
53 23
53 26
53 58
53 63
55 32
55 68
55 73
55 75
55 76
55 47
55 54
55 9
55 36
55 58
55 55
56 72
56 11
56 67
56 16
57 0
57 68
57 37
57 72
57 79
57 26
57 62
60 32
60 1
60 3
60 38
60 8
60 9
60 77
60 81
60 86
60 72
60 58
60 27
60 62
62 51
62 67
62 37
62 38
62 7
62 73
62 39
62 12
62 79
62 43
62 19
62 86
62 87
62 26
63 51
63 2
63 75
63 4
63 6
63 39
63 40
63 73
63 10
63 71
63 45
63 61
63 17
63 19
63 85
63 58
63 42
63 62
63 65
64 2
64 4
64 6
64 19
64 22
64 26
64 32
64 37
64 38
64 39
64 40
64 42
64 43
64 45
64 51
64 58
64 63
64 68
64 71
64 77
64 79
64 84
65 33
65 4
65 6
65 9
65 12
65 45
65 73
65 76
65 81
65 84
65 85
65 54
65 41
65 53
66 67
66 68
66 37
66 6
66 9
66 10
66 55
66 76
66 44
66 17
66 87
66 62
67 64
67 32
67 5
67 38
67 73
67 11
67 12
67 77
67 51
67 53
67 86
67 87
67 58
68 67
68 68
68 54
68 70
68 8
68 9
68 43
68 46
68 86
68 87
68 4
68 36
69 0
69 4
69 38
69 81
69 8
69 9
69 10
69 75
69 45
69 72
69 19
69 21
69 22
69 41
69 68
69 63
69 62
69 53
70 0
70 66
70 67
70 5
70 70
70 71
70 9
70 75
70 2
70 43
70 82
70 55
70 58
73 0
73 66
73 67
73 68
73 39
73 76
73 77
73 79
73 86
73 55
73 4
74 33
74 2
74 43
74 5
74 38
74 39
74 42
74 11
74 76
74 77
74 46
74 81
74 84
74 85
74 71
74 63
74 37
76 0
76 64
76 2
76 3
76 81
76 7
76 8
76 9
76 39
76 44
76 13
76 77
76 76
76 72
76 75
76 84
76 58
77 0
77 2
77 5
77 16
77 17
77 22
77 26
77 28
77 32
77 34
77 38
77 41
77 45
77 47
77 51
77 58
77 63
77 64
77 67
77 68
77 81
77 84
77 85
78 1
78 67
78 70
78 73
78 16
78 81
78 84
78 21
78 54
78 27
78 61
78 53
79 66
79 3
79 4
79 5
79 6
79 71
79 9
79 10
79 11
79 12
79 79
79 76
79 17
79 19
79 53
79 41
79 25
79 38
79 61
79 81
80 6
80 8
80 87
80 12
80 45
80 79
80 16
80 81
80 19
80 23
80 55
80 63
81 3
81 68
81 37
81 7
81 76
81 77
81 45
81 51
81 85
81 36
81 26
81 53
82 32
82 36
82 69
82 38
82 7
82 72
82 41
82 43
82 46
82 8
82 40
82 19
82 86
82 49
84 64
84 1
84 67
84 38
84 39
84 43
84 45
84 46
84 16
84 86
84 55
85 41
85 84
85 85
85 63
86 32
86 33
86 66
86 67
86 36
86 6
86 8
86 41
86 45
86 64
86 51
86 84
86 21
86 86
86 25
86 27
86 62
87 2
87 3
87 8
87 10
87 11
87 13
87 77
87 47
87 72
87 21
87 86
87 55
87 25
87 87
87 61
87 85
87 63
