88
0 32
0 38
0 8
0 46
0 72
0 83
0 87
0 25
0 26
0 28
0 61
0 63
1 19
1 1
1 10
1 76
1 46
1 83
1 84
1 61
2 0
2 1
2 2
2 5
2 6
2 9
2 13
2 18
2 19
2 23
2 24
2 25
2 26
2 30
2 33
2 35
2 36
2 46
2 50
2 51
2 54
2 61
2 64
2 65
2 75
2 77
2 78
2 83
2 84
4 47
5 50
7 0
7 5
7 6
7 8
7 9
7 19
7 21
7 26
7 32
7 34
7 36
7 49
7 50
7 52
7 61
7 68
7 71
7 72
7 78
7 79
7 82
7 87
10 1
10 2
10 3
10 6
10 8
10 9
10 17
10 21
10 24
10 25
10 28
10 34
10 35
10 36
10 38
10 45
10 46
10 47
10 50
10 52
10 60
10 62
10 64
10 66
10 70
10 78
10 82
12 32
12 64
12 34
12 3
12 66
12 5
12 38
12 8
12 10
12 50
12 77
12 18
12 52
12 21
12 87
12 24
12 29
12 30
12 69
18 64
18 65
18 2
18 9
18 75
18 76
18 66
18 46
18 49
18 51
18 52
18 62
18 23
18 25
18 30
18 63
21 1
21 2
21 6
21 8
21 10
21 18
21 24
21 25
21 26
21 28
21 34
21 35
21 36
21 38
21 46
21 59
21 60
21 63
21 64
21 65
21 67
21 72
21 73
21 79
21 82
21 87
23 64
23 33
23 25
25 2
25 3
25 69
25 72
25 9
25 46
25 73
25 26
25 63
26 1
26 34
26 67
26 36
26 5
26 6
26 8
26 83
26 79
26 72
26 18
26 51
26 54
26 25
26 69
26 63
27 45
27 69
27 38
27 49
27 77
27 79
27 17
27 21
27 30
29 66
29 13
29 79
30 3
30 38
31 52
31 46
31 87
32 0
32 32
32 2
32 35
32 8
32 73
32 78
32 34
32 77
32 47
32 50
32 51
32 21
32 24
32 25
32 26
32 59
32 60
32 61
32 30
32 63
33 65
33 72
33 9
33 82
33 52
33 63
34 3
34 34
34 67
34 54
35 25
35 50
35 19
35 38
36 65
36 67
36 1
36 78
36 79
36 61
37 25
37 82
37 5
38 1
38 2
38 8
38 9
38 18
38 19
38 24
38 25
38 29
38 36
38 38
38 41
38 46
38 50
38 51
38 52
38 60
38 63
38 64
38 66
38 72
38 74
38 75
38 76
38 77
38 78
38 82
38 83
38 87
39 0
39 2
39 6
39 8
39 17
39 19
39 21
39 23
39 26
39 30
39 33
39 35
39 45
39 59
39 60
39 63
39 64
39 74
39 78
39 79
39 83
39 84
39 87
40 3
40 66
40 35
40 5
40 72
40 74
40 75
40 76
40 82
40 78
40 47
40 50
40 19
40 59
40 69
41 32
41 2
41 35
41 50
41 54
41 62
42 73
42 18
42 62
43 66
43 67
43 38
43 50
43 82
43 83
43 26
44 64
44 2
44 38
44 8
44 50
44 17
44 82
44 52
44 24
44 25
44 26
44 28
44 30
45 1
45 3
45 5
45 6
45 8
45 9
45 17
45 18
45 28
45 30
45 32
45 35
45 38
45 41
45 52
45 54
45 60
45 61
45 62
45 65
45 66
45 75
45 76
45 77
45 78
45 79
45 82
45 87
46 64
46 18
46 3
46 36
46 79
47 9
47 35
47 38
47 51
49 3
49 13
50 32
50 19
50 2
50 66
50 60
50 74
50 75
50 45
50 77
50 82
50 51
50 52
50 87
50 28
50 63
51 64
51 33
51 66
51 35
51 36
51 38
51 49
51 8
51 10
51 77
51 46
51 79
51 17
51 19
51 54
51 24
51 25
51 28
51 74
51 62
51 65
52 2
52 3
52 8
52 9
52 10
52 17
52 19
52 25
52 26
52 30
52 33
52 34
52 47
52 59
52 62
52 63
52 64
52 67
52 73
52 74
52 76
52 82
52 83
52 87
53 59
53 35
53 77
54 32
54 19
54 69
54 9
54 79
54 83
54 73
54 87
54 24
54 30
55 1
55 66
55 3
55 5
55 8
55 73
55 74
55 45
55 46
55 87
55 69
56 5
56 10
56 17
56 19
56 21
56 24
56 25
56 28
56 34
56 36
56 45
56 60
56 64
56 65
56 67
56 73
56 74
56 75
56 77
56 79
56 82
56 83
56 84
57 66
57 18
57 51
57 84
57 52
57 61
58 33
58 2
58 35
58 36
58 9
58 87
58 45
58 79
58 50
58 18
58 51
58 66
58 54
58 73
58 60
58 61
58 30
60 51
60 34
60 82
60 8
60 9
60 83
60 76
60 66
60 46
60 72
60 18
60 19
60 52
60 23
60 87
60 28
60 61
61 0
61 1
61 2
61 3
61 5
61 6
61 10
61 17
61 25
61 28
61 32
61 49
61 50
61 52
61 61
61 66
61 67
61 69
61 73
61 74
61 78
61 83
62 32
62 33
62 2
62 36
62 5
62 6
62 41
62 74
62 75
62 13
62 77
62 17
62 50
62 19
62 66
62 63
62 79
62 51
63 6
63 8
63 13
63 18
63 21
63 26
63 28
63 30
63 34
63 45
63 47
63 50
63 52
63 54
63 61
63 63
63 65
63 67
63 71
63 74
63 75
63 77
63 79
63 82
63 83
63 87
65 1
65 2
65 5
65 17
65 19
65 21
65 24
65 26
65 28
65 33
65 34
65 35
65 49
65 52
65 64
65 65
65 66
65 69
65 72
65 78
65 79
65 82
65 83
65 84
66 0
66 1
66 3
66 6
66 9
66 10
66 19
66 21
66 23
66 25
66 28
66 29
66 32
66 33
66 34
66 35
66 47
66 49
66 52
66 54
66 60
66 66
66 67
66 73
66 78
66 79
66 82
66 87
67 2
67 5
67 6
67 8
67 13
67 17
67 18
67 21
67 28
67 33
67 38
67 45
67 46
67 47
67 49
67 51
67 52
67 60
67 64
67 65
67 66
67 72
67 74
67 77
67 84
67 87
68 65
68 3
68 19
68 52
68 21
68 87
69 32
69 72
69 74
69 54
69 87
69 29
70 3
70 8
70 9
70 10
70 13
70 19
70 23
70 29
70 33
70 35
70 38
70 41
70 45
70 49
70 54
70 59
70 60
70 63
70 64
70 65
70 67
70 73
70 78
70 79
71 32
71 65
71 68
71 74
71 72
71 10
71 49
71 19
71 52
71 62
71 23
71 24
71 29
71 30
72 0
72 1
72 2
72 66
72 8
72 73
72 82
72 45
72 46
72 49
72 50
72 83
72 84
72 21
72 54
72 24
72 25
72 28
72 30
72 63
73 65
73 66
73 35
73 69
73 38
73 8
73 67
73 77
73 78
73 72
73 50
73 51
73 52
73 21
73 23
73 24
73 25
73 87
73 28
73 61
73 63
74 0
74 3
74 5
74 8
74 10
74 13
74 32
74 34
74 38
74 47
74 49
74 52
74 60
74 61
74 63
74 64
74 65
74 67
74 72
74 73
74 78
74 82
74 84
75 2
75 3
75 5
75 9
75 10
75 17
75 18
75 21
75 24
75 26
75 32
75 34
75 35
75 36
75 38
75 45
75 46
75 54
75 60
75 63
75 67
75 72
75 76
75 79
75 83
76 32
76 33
76 75
76 82
76 19
76 54
77 32
77 10
77 76
77 6
78 64
78 36
78 73
78 13
78 77
78 49
78 51
78 41
78 23
78 24
78 59
78 28
78 63
79 2
79 35
79 36
79 73
79 13
79 17
79 9
79 41
79 28
80 64
80 33
80 32
80 9
80 45
80 60
80 25
80 28
80 61
80 62
82 24
82 38
82 47
85 0
85 6
85 9
85 74
85 51
85 10
86 32
86 72
86 9
86 74
86 46
86 21
86 24
86 30
87 41
87 79
87 9
87 30
87 23
87 62
