88
0 0
0 2
0 3
0 5
0 9
0 10
0 18
0 29
0 30
0 32
0 36
0 41
0 44
0 48
0 50
0 54
0 60
0 62
0 67
0 69
0 72
0 81
3 1
3 34
3 67
3 4
3 37
3 33
3 41
3 71
3 44
3 66
3 46
3 48
3 75
3 21
3 22
3 73
3 60
3 69
3 63
5 1
5 4
5 5
5 19
5 21
5 29
5 30
5 34
5 41
5 42
5 44
5 46
5 47
5 48
5 50
5 51
5 54
5 59
5 62
5 65
5 67
5 71
5 72
5 74
5 75
5 79
5 82
8 2
8 67
8 4
8 70
8 10
8 48
8 50
8 19
8 21
8 22
8 30
8 63
9 0
9 2
9 4
9 9
9 10
9 11
9 13
9 21
9 22
9 29
9 30
9 32
9 34
9 38
9 40
9 42
9 45
9 50
9 51
9 59
9 62
9 63
9 66
9 67
9 70
9 71
9 73
9 77
9 79
12 0
12 2
12 4
12 10
12 21
12 29
12 30
12 33
12 37
12 38
12 39
12 42
12 44
12 54
12 60
12 63
12 66
12 71
12 73
12 74
12 76
12 82
18 1
18 2
18 4
18 37
18 9
18 11
18 34
18 48
18 50
18 21
18 73
18 41
18 60
18 29
18 30
18 69
19 1
19 2
19 36
19 5
19 71
19 40
19 75
19 34
19 46
19 79
19 48
19 51
19 21
19 22
19 69
19 29
19 62
19 63
20 0
20 32
20 2
20 66
20 37
20 51
20 33
20 40
20 9
20 10
20 44
20 13
20 81
20 50
20 19
20 53
20 73
20 41
20 27
20 29
20 69
23 0
23 32
23 2
23 50
23 66
23 5
23 9
23 74
23 75
23 34
23 46
23 47
23 18
23 21
23 22
23 41
23 87
23 59
26 1
26 2
26 34
26 54
26 72
26 9
26 79
26 13
26 45
26 81
26 50
26 67
26 20
26 21
26 22
26 41
26 47
26 29
26 69
26 63
27 0
27 33
27 67
27 4
27 69
27 71
27 73
27 10
27 44
27 50
27 79
27 48
27 81
27 18
27 21
27 54
27 87
27 24
27 58
27 29
29 32
29 33
29 2
29 67
29 4
29 69
29 34
29 81
29 21
29 22
29 87
29 27
29 60
29 29
29 62
29 53
30 0
30 33
30 75
30 5
30 70
30 39
30 10
30 71
30 79
30 74
30 21
30 54
30 29
30 62
30 63
31 0
31 2
31 67
31 66
31 54
31 74
31 75
31 34
31 79
31 48
31 81
31 50
31 19
31 22
31 87
31 25
31 60
31 29
31 63
32 64
32 1
32 67
32 4
32 5
32 33
32 10
32 44
32 14
32 81
32 51
32 74
32 22
32 36
32 58
32 60
32 29
32 69
32 63
33 32
33 33
33 2
33 37
33 70
33 71
33 81
33 48
33 49
33 51
33 21
33 54
33 87
33 60
33 69
33 5
34 0
34 2
34 4
34 5
34 6
34 9
34 10
34 11
34 19
34 29
34 30
34 32
34 34
34 39
34 40
34 41
34 45
34 46
34 50
34 54
34 60
34 64
34 66
34 67
34 70
34 81
34 82
35 1
35 4
35 70
35 33
35 40
35 74
35 13
35 46
35 81
35 53
35 22
35 87
35 29
35 62
35 63
36 0
36 1
36 75
36 36
36 40
36 9
36 10
36 11
36 46
36 79
36 48
36 87
36 19
36 21
36 22
36 41
36 58
36 27
36 60
36 62
36 63
37 9
37 11
37 18
37 19
37 21
37 29
37 32
37 33
37 36
37 37
37 41
37 48
37 50
37 53
37 59
37 60
37 62
37 63
37 66
37 69
37 72
37 75
37 76
37 82
38 1
38 34
38 67
38 37
38 40
38 73
38 46
38 81
38 21
38 87
38 58
38 62
39 64
39 2
39 4
39 37
39 6
39 72
39 41
39 10
39 11
39 34
39 46
39 81
39 19
39 73
39 60
39 74
39 63
40 0
40 32
40 2
40 75
40 4
40 5
40 70
40 33
40 41
40 10
40 71
40 46
40 81
40 19
40 24
40 36
40 29
40 63
41 5
41 11
41 13
41 19
41 21
41 22
41 29
41 30
41 32
41 34
41 37
41 39
41 41
41 44
41 45
41 48
41 50
41 53
41 62
41 66
41 69
41 72
41 81
42 0
42 34
42 36
42 69
42 70
42 71
42 72
42 9
42 10
42 44
42 48
42 50
42 51
42 73
42 42
42 62
42 63
43 0
43 1
43 5
43 70
43 32
43 40
43 41
43 10
43 62
43 82
43 49
43 50
43 42
43 74
43 21
43 54
43 73
43 29
43 30
43 37
46 0
46 33
46 34
46 67
46 5
46 72
46 9
46 79
46 11
46 66
46 47
46 81
46 21
46 54
46 63
46 60
46 29
46 69
46 37
47 34
47 67
47 4
47 5
47 6
47 71
47 73
47 74
47 11
47 13
47 79
47 48
47 50
47 19
47 82
47 22
47 60
47 62
48 0
48 66
48 37
48 71
48 9
48 10
48 75
48 48
48 82
48 22
48 24
48 58
48 60
48 42
48 63
49 32
49 1
49 34
49 67
49 4
49 5
49 38
49 33
49 54
49 10
49 70
49 79
49 48
49 72
49 51
49 22
49 87
49 27
49 60
49 74
55 0
55 32
55 2
55 66
55 54
55 72
55 9
55 10
55 13
55 46
55 79
55 48
55 50
55 21
55 22
55 29
55 62
56 1
56 2
56 4
56 5
56 9
56 10
56 19
56 22
56 32
56 33
56 37
56 38
56 45
56 50
56 51
56 62
56 69
56 70
56 71
56 72
56 74
56 82
57 0
57 1
57 2
57 4
57 70
57 71
57 40
57 9
57 10
57 44
57 45
57 48
57 81
57 50
57 51
57 66
57 22
57 41
57 82
57 30
57 63
58 5
62 1
62 2
62 4
62 9
62 10
62 19
62 22
62 29
62 32
62 33
62 34
62 36
62 37
62 40
62 41
62 49
62 50
62 60
62 62
62 66
62 69
62 70
62 72
62 74
62 76
66 0
66 1
66 34
66 67
66 82
66 70
66 72
66 41
66 10
66 76
66 66
66 14
66 79
66 81
66 50
66 51
66 21
66 87
66 24
66 60
66 42
74 32
74 1
74 2
74 67
74 38
74 33
74 41
74 44
74 34
74 79
74 81
74 21
74 54
74 87
74 62
75 0
75 33
75 2
75 4
75 41
75 10
75 75
75 34
75 45
75 81
75 62
75 87
75 30
75 63
76 2
76 4
76 5
76 72
76 9
76 82
76 34
76 46
76 48
76 81
76 50
76 66
76 54
76 41
76 36
76 59
76 60
76 29
76 63
77 0
77 32
77 5
77 33
77 9
77 10
77 43
77 44
77 82
77 79
77 48
77 81
77 50
77 21
77 22
77 69
77 87
77 62
77 63
78 0
78 1
78 34
78 37
78 40
78 54
78 11
78 48
78 81
78 82
78 19
78 62
78 22
78 69
78 87
78 27
78 60
78 30
78 63
79 0
79 33
79 3
79 4
79 5
79 72
79 74
79 75
79 81
79 82
79 67
79 21
79 54
79 69
79 24
79 60
79 62
79 37
83 2
83 4
83 5
83 81
83 71
83 72
83 41
83 66
83 34
83 48
83 49
83 50
83 83
83 74
83 21
83 22
83 87
83 60
83 29
83 62
83 69
84 0
84 81
84 62
85 0
85 1
85 2
85 4
85 5
85 32
85 41
85 74
85 87
85 44
85 34
85 63
85 79
85 50
85 22
85 69
85 33
85 54
85 60
85 30
85 37
86 0
86 1
86 2
86 5
86 10
86 18
86 19
86 21
86 22
86 32
86 33
86 36
86 37
86 40
86 41
86 46
86 48
86 51
86 60
86 62
86 64
86 66
86 70
86 71
86 72
86 73
86 74
86 79
86 82
