88
0 0
0 1
0 2
0 6
0 7
0 13
0 15
0 25
0 26
0 28
0 38
0 39
0 40
0 48
0 51
0 54
0 56
0 59
0 61
0 62
0 63
0 66
0 68
0 69
0 83
1 0
1 2
1 5
1 6
1 7
1 10
1 13
1 15
1 21
1 32
1 34
1 40
1 46
1 48
1 51
1 54
1 56
1 60
1 61
1 62
1 68
1 69
1 79
1 81
2 0
2 32
2 3
2 37
2 6
2 7
2 40
2 87
2 13
2 48
2 17
2 83
2 85
2 21
2 22
2 55
2 26
2 54
2 61
2 62
2 81
3 1
3 3
3 68
3 5
3 6
3 63
3 79
3 43
3 70
3 15
3 17
3 35
3 22
3 55
3 47
3 28
3 61
3 69
3 51
5 32
5 1
5 66
5 35
5 37
5 7
5 8
5 79
5 87
5 13
5 15
5 48
5 72
5 22
5 55
5 57
5 54
5 69
6 1
6 2
6 3
6 5
6 10
6 13
6 17
6 22
6 28
6 31
6 34
6 38
6 40
6 47
6 55
6 62
6 68
6 69
6 79
6 83
6 85
6 86
6 87
11 33
11 68
11 37
11 81
11 7
11 73
11 87
11 17
11 21
11 22
11 55
11 25
11 54
11 28
11 69
13 0
13 32
13 2
13 37
13 81
13 7
13 8
13 73
13 71
13 15
13 72
13 51
13 57
13 22
13 55
13 25
13 87
13 54
13 28
18 2
18 54
18 7
18 8
18 40
18 50
18 22
18 57
18 63
21 0
21 1
21 83
21 87
21 33
21 7
21 40
21 63
21 43
21 48
21 17
21 51
21 57
21 23
21 25
21 71
21 27
21 55
21 37
25 37
25 74
25 79
25 83
25 22
25 62
26 0
26 1
26 2
26 35
26 5
26 70
26 32
26 40
26 73
26 75
26 34
26 46
26 15
26 55
26 63
26 28
26 61
26 69
26 37
27 0
27 34
27 35
27 68
27 86
27 6
27 7
27 79
27 13
27 46
27 45
27 48
27 17
27 51
27 22
27 55
27 56
27 25
27 47
27 62
28 1
28 5
28 6
28 13
28 15
28 17
28 22
28 23
28 24
28 28
28 35
28 37
28 54
28 56
28 57
28 61
28 63
28 68
28 74
28 79
28 83
28 87
29 24
29 17
29 2
29 62
29 23
30 0
30 34
30 68
30 5
30 7
30 8
30 87
30 77
30 15
30 17
30 22
30 55
30 26
30 28
30 61
32 0
32 1
32 2
32 34
32 66
32 5
32 6
32 32
32 40
32 81
32 44
32 13
32 79
32 17
32 22
32 68
32 54
32 28
32 61
32 37
33 0
33 2
33 10
33 15
33 21
33 23
33 25
33 27
33 28
33 34
33 35
33 38
33 46
33 53
33 55
33 61
33 63
33 66
33 68
33 69
33 74
33 79
33 83
33 85
33 87
35 0
35 5
35 6
35 8
35 10
35 13
35 15
35 17
35 22
35 23
35 28
35 32
35 34
35 37
35 43
35 54
35 55
35 56
35 61
35 68
35 69
35 75
35 85
36 64
36 33
36 5
36 6
36 40
36 57
36 87
36 15
36 48
36 83
36 21
36 22
36 55
36 25
36 54
36 61
36 62
36 63
39 2
39 5
39 6
39 8
39 10
39 13
39 15
39 17
39 28
39 34
39 35
39 37
39 40
39 51
39 55
39 63
39 66
39 68
39 69
39 72
39 76
39 79
39 83
39 87
42 68
42 69
42 7
42 73
42 13
42 15
42 17
42 85
42 22
42 55
42 56
42 54
42 62
46 0
46 66
46 68
46 5
46 6
46 71
46 8
46 55
46 46
46 15
46 48
46 17
46 40
46 22
46 23
46 61
46 30
46 69
47 0
47 2
47 5
47 6
47 8
47 13
47 15
47 17
47 22
47 23
47 24
47 32
47 33
47 34
47 49
47 54
47 56
47 57
47 60
47 61
47 63
47 64
47 68
47 69
51 2
51 5
51 6
51 7
51 8
51 21
51 25
51 28
51 33
51 35
51 37
51 48
51 51
51 55
51 61
51 63
51 67
51 68
51 69
51 74
51 77
51 79
51 81
51 83
52 0
52 1
52 2
52 8
52 10
52 15
52 17
52 21
52 22
52 24
52 25
52 26
52 33
52 34
52 37
52 40
52 46
52 48
52 54
52 57
52 63
52 68
52 69
52 79
53 0
53 2
53 5
53 6
53 7
53 15
53 17
53 22
53 24
53 25
53 34
53 37
53 40
53 41
53 48
53 54
53 55
53 56
53 61
53 68
53 79
53 81
53 83
53 85
55 32
55 35
55 5
55 6
55 7
55 8
55 46
55 72
55 56
55 17
55 51
55 20
55 22
55 55
55 24
55 25
55 26
55 79
55 61
55 69
55 37
56 2
56 6
56 13
56 23
56 33
56 34
56 37
56 38
56 46
56 48
56 53
56 55
56 61
56 62
56 63
56 68
56 69
56 71
56 74
56 79
56 81
56 83
56 85
56 87
57 33
57 68
57 69
57 13
57 15
57 48
57 17
57 20
57 22
57 87
57 24
57 79
57 28
57 37
60 0
60 32
60 2
60 34
60 68
60 33
60 51
60 7
60 73
60 13
60 47
60 35
60 57
60 54
60 55
60 25
60 79
60 28
60 61
60 85
63 0
63 1
63 34
63 68
63 5
63 6
63 7
63 77
63 15
63 48
63 83
63 52
63 54
63 55
63 33
63 61
63 69
63 37
64 0
64 1
64 83
64 35
64 68
64 5
64 6
64 7
64 40
64 78
64 15
64 17
64 51
64 69
64 56
64 24
64 57
64 63
64 61
64 62
64 37
65 86
66 0
66 2
66 5
66 6
66 8
66 13
66 21
66 22
66 23
66 24
66 33
66 35
66 37
66 44
66 46
66 48
66 52
66 57
66 58
66 63
66 68
66 76
66 83
66 87
67 0
67 2
67 5
67 8
67 9
67 17
67 21
67 25
67 28
67 35
67 37
67 40
67 48
67 54
67 55
67 56
67 57
67 61
67 66
67 79
67 80
67 83
72 33
72 35
72 5
72 6
72 7
72 15
72 48
72 17
72 50
72 85
72 86
72 24
72 22
72 28
73 35
73 37
73 6
73 7
73 40
73 46
73 15
73 80
73 17
73 83
73 57
73 38
73 61
73 30
75 2
75 68
75 5
75 6
75 7
75 71
75 34
75 15
75 48
75 17
75 52
75 85
75 22
75 57
75 56
75 25
75 87
75 79
75 28
75 81
75 69
77 0
77 1
77 2
77 6
77 8
77 9
77 15
77 17
77 22
77 25
77 32
77 34
77 37
77 40
77 46
77 54
77 61
77 63
77 68
77 69
77 77
77 79
77 81
77 87
78 32
78 33
78 35
78 69
78 47
78 15
78 85
78 87
78 24
78 79
78 61
78 62
78 37
79 6
79 7
79 13
79 15
79 23
79 25
79 28
79 34
79 37
79 40
79 49
79 54
79 55
79 56
79 57
79 58
79 62
79 66
79 69
79 70
79 72
79 79
79 83
79 86
79 87
81 0
81 1
81 67
81 35
81 5
81 6
81 8
81 63
81 79
81 83
81 47
81 48
81 17
81 51
81 85
81 57
81 59
81 61
81 37
82 0
82 2
82 5
82 7
82 13
82 21
82 28
82 34
82 38
82 40
82 48
82 50
82 54
82 55
82 56
82 61
82 62
82 68
82 69
82 72
82 74
82 77
82 78
82 83
82 85
83 1
83 81
83 35
83 5
83 6
83 7
83 8
83 13
83 61
83 48
83 17
83 85
83 40
83 79
83 28
83 37
83 62
83 31
85 5
85 6
85 79
85 22
85 55
85 28
85 63
87 0
87 2
87 34
87 66
87 39
87 8
87 41
87 45
87 13
87 46
87 15
87 48
87 56
87 77
87 54
87 23
87 24
87 87
87 79
