88
1 33
1 34
1 35
1 68
1 37
1 39
1 41
1 43
1 77
1 46
1 79
1 75
1 20
1 23
1 26
1 59
1 28
1 58
1 62
2 33
2 35
2 68
2 37
2 39
2 10
2 43
2 77
2 46
2 47
2 16
2 19
2 20
2 21
2 26
2 59
2 28
2 29
2 31
3 79
3 33
3 35
3 68
3 39
3 41
3 10
3 43
3 13
3 46
3 47
3 77
3 20
3 21
3 59
3 29
3 62
4 33
4 34
4 35
4 68
4 37
4 41
4 79
4 83
4 13
4 46
4 77
4 16
4 19
4 23
4 58
4 59
4 29
4 62
5 35
5 68
5 41
5 23
5 59
5 28
6 33
6 34
6 35
6 37
6 39
6 41
6 79
6 43
6 13
6 77
6 16
6 20
6 21
6 23
6 58
6 59
6 28
6 29
6 62
7 33
7 35
7 68
7 37
7 39
7 79
7 43
7 77
7 46
7 47
7 16
7 19
7 20
7 21
7 23
7 59
7 28
7 29
7 62
8 33
8 34
8 35
8 68
8 37
8 77
8 41
8 79
8 43
8 13
8 46
8 47
8 16
8 19
8 21
8 23
8 26
8 59
8 28
8 62
11 33
11 35
11 68
11 37
11 39
11 77
11 43
11 13
11 46
11 47
11 16
11 75
11 19
11 20
11 21
11 23
11 59
11 28
11 29
12 58
12 33
12 35
12 68
12 39
12 41
12 79
12 43
12 77
12 46
12 47
12 19
12 21
12 26
12 59
12 28
12 29
12 62
12 31
13 33
13 34
13 35
13 68
13 37
13 41
13 79
13 46
13 47
13 20
13 21
13 23
13 58
13 59
13 28
13 29
15 37
15 39
15 41
15 43
15 77
15 46
15 79
15 21
15 59
16 33
16 34
16 68
16 37
16 39
16 41
16 79
16 43
16 77
16 47
16 16
16 19
16 20
16 21
16 58
16 59
16 28
16 29
16 62
17 23
17 41
17 79
17 37
17 39
18 33
18 83
18 35
18 37
18 41
18 43
18 13
18 47
18 16
18 75
18 58
18 20
18 21
18 23
18 26
18 59
18 28
18 29
18 62
18 31
21 33
21 34
21 77
21 39
21 43
21 13
21 46
21 47
21 16
21 19
21 20
21 21
21 23
21 58
21 59
21 28
21 29
21 62
22 34
22 68
22 37
22 41
22 79
22 75
22 77
22 47
22 16
22 19
22 20
22 23
22 83
22 58
22 59
22 28
22 29
22 62
22 31
24 68
25 33
25 34
25 35
25 68
25 77
25 41
25 79
25 75
25 13
25 46
25 47
25 58
25 21
25 23
25 83
25 26
25 59
25 28
25 29
25 62
28 33
28 35
28 68
28 37
28 39
28 41
28 77
28 43
28 13
28 46
28 47
28 16
28 75
28 21
28 23
28 79
28 28
28 62
28 31
29 33
29 35
29 68
29 77
29 41
29 79
29 43
29 13
29 46
29 47
29 16
29 75
29 83
29 20
29 21
29 59
29 28
29 29
30 33
30 34
30 68
30 37
30 39
30 41
30 79
30 43
30 13
30 77
30 47
30 16
30 20
30 21
30 23
30 59
30 28
30 29
30 62
30 31
33 77
33 33
33 35
33 68
33 39
33 10
33 43
33 13
33 46
33 47
33 16
33 19
33 20
33 21
33 23
33 58
33 59
33 28
33 29
33 62
33 31
36 34
36 35
36 68
36 37
36 41
36 79
36 43
36 13
36 46
36 77
36 16
36 75
36 19
36 20
36 21
36 26
36 59
36 62
37 33
37 35
37 68
37 37
37 39
37 77
37 43
37 13
37 46
37 47
37 16
37 20
37 21
37 23
37 79
37 28
37 29
37 62
40 33
40 34
40 35
40 37
40 77
40 41
40 10
40 75
40 13
40 46
40 47
40 16
40 19
40 21
40 23
40 58
40 79
40 28
40 29
40 62
42 33
42 34
42 35
42 68
42 37
42 41
42 79
42 43
42 47
42 16
42 75
42 19
42 20
42 21
42 23
42 58
42 59
42 28
42 29
42 62
42 31
44 21
45 41
45 10
45 43
45 77
45 46
45 47
45 23
45 59
45 29
46 33
46 75
46 68
46 39
46 41
46 79
46 43
46 77
46 46
46 47
46 16
46 19
46 20
46 21
46 23
46 59
46 29
46 62
46 31
47 33
47 75
47 68
47 39
47 41
47 77
47 43
47 13
47 46
47 47
47 16
47 20
47 21
47 23
47 59
47 28
47 62
47 31
48 33
48 43
48 68
48 37
48 31
49 33
49 34
49 35
49 29
49 23
50 35
50 47
50 21
50 58
50 59
50 28
51 33
51 35
51 68
51 39
51 10
51 75
51 13
51 47
51 20
51 23
51 28
51 29
51 31
52 43
52 35
52 68
52 77
52 47
53 35
53 41
53 46
53 79
53 16
53 23
53 58
53 29
53 62
54 33
54 34
54 35
54 37
54 41
54 10
54 43
54 13
54 46
54 77
54 16
54 19
54 20
54 21
54 23
54 26
54 79
54 28
54 29
54 31
55 33
55 35
55 68
55 37
55 39
55 41
55 43
55 13
55 46
55 77
55 16
55 20
55 21
55 23
55 58
55 79
55 28
55 62
55 31
56 37
56 46
57 41
57 43
57 68
57 59
57 28
61 33
61 34
61 35
61 68
61 37
61 41
61 43
61 77
61 46
61 47
61 20
61 21
61 23
61 58
61 79
61 29
61 62
61 31
62 33
62 34
62 68
62 37
62 39
62 41
62 75
62 77
62 46
62 16
62 83
62 20
62 21
62 23
62 59
62 28
62 62
62 31
63 35
63 68
63 37
63 39
63 41
63 43
63 77
63 47
63 16
63 75
63 83
63 21
63 23
63 58
63 59
63 28
63 29
63 62
63 31
65 68
65 77
66 75
66 68
66 37
66 39
66 41
66 79
66 43
66 77
66 46
66 47
66 16
66 19
66 21
66 23
66 59
66 28
66 29
66 62
67 34
67 35
67 68
67 37
67 41
67 43
67 13
67 46
67 79
67 21
67 23
67 58
67 59
67 28
67 29
67 62
67 31
68 33
68 34
68 35
68 68
68 37
68 41
68 43
68 77
68 46
68 47
68 16
68 75
68 21
68 59
68 28
68 29
68 31
69 33
69 43
69 77
69 59
69 41
70 33
70 43
70 75
70 46
70 47
70 16
70 59
70 29
71 33
71 35
71 68
71 37
71 41
71 43
71 13
71 46
71 47
71 16
71 75
71 19
71 20
71 21
71 59
71 28
71 29
71 62
72 83
72 37
72 10
72 13
72 77
72 79
72 19
72 20
72 58
72 47
72 29
72 62
72 31
73 33
73 34
73 37
73 43
73 16
73 21
73 23
73 28
73 29
73 62
76 33
76 34
76 35
76 68
76 37
76 41
76 43
76 13
76 46
76 47
76 16
76 75
76 21
76 23
76 58
76 79
76 28
76 29
76 31
77 35
77 68
77 37
77 39
77 41
77 77
77 46
77 16
77 19
77 23
77 58
77 59
77 28
77 29
77 62
77 31
78 34
78 77
78 47
78 16
78 20
78 21
78 28
78 29
78 62
79 34
79 35
79 68
79 37
79 39
79 41
79 43
79 13
79 46
79 79
79 16
79 20
79 21
79 59
79 28
79 29
79 62
81 31
81 35
81 21
81 47
82 33
82 35
82 37
82 41
82 43
82 46
82 47
82 16
82 19
82 21
82 59
82 29
82 62
84 59
84 23
85 35
85 41
85 43
85 46
85 21
85 23
85 59
85 28
85 62
86 33
86 34
86 35
86 68
86 37
86 41
86 43
86 13
86 46
86 79
86 16
86 75
86 21
86 23
86 28
86 29
86 62
86 31
87 68
87 37
87 39
87 41
87 43
87 13
87 46
87 47
87 16
87 19
87 21
87 23
87 58
87 28
87 29
87 62
87 31
