88
0 0
0 1
0 8
0 9
0 11
0 12
0 13
0 21
0 22
0 24
0 26
0 27
0 29
0 32
0 35
0 37
0 38
0 41
0 42
0 46
0 47
0 50
0 53
0 54
0 57
0 58
0 64
0 69
0 71
0 72
0 77
0 81
0 83
0 84
2 1
2 7
2 8
2 9
2 11
2 21
2 22
2 29
2 31
2 32
2 35
2 39
2 40
2 41
2 42
2 43
2 44
2 46
2 47
2 50
2 54
2 64
2 67
2 69
2 70
2 73
2 80
2 81
2 83
2 84
2 87
3 0
3 1
3 8
3 11
3 21
3 22
3 24
3 26
3 27
3 29
3 32
3 35
3 37
3 39
3 40
3 41
3 42
3 43
3 45
3 47
3 52
3 54
3 55
3 57
3 58
3 60
3 64
3 67
3 69
3 71
3 73
3 81
3 83
3 84
3 87
6 0
6 83
6 43
6 84
6 31
13 0
13 1
13 21
13 22
13 26
13 28
13 29
13 31
13 32
13 33
13 37
13 41
13 42
13 46
13 50
13 54
13 55
13 58
13 67
13 69
13 71
13 73
13 76
13 80
13 83
13 84
13 87
14 0
14 1
14 9
14 21
14 24
14 26
14 27
14 31
14 35
14 37
14 38
14 39
14 41
14 42
14 45
14 46
14 47
14 49
14 50
14 52
14 54
14 56
14 67
14 69
14 70
14 71
14 72
14 73
14 80
14 83
14 84
14 87
18 0
18 1
18 7
18 8
18 9
18 10
18 11
18 12
18 26
18 31
18 32
18 36
18 37
18 38
18 39
18 40
18 42
18 44
18 46
18 47
18 49
18 50
18 52
18 54
18 57
18 58
18 64
18 69
18 73
18 77
18 81
18 83
18 87
19 0
19 8
19 12
19 21
19 27
19 29
19 31
19 32
19 33
19 35
19 37
19 39
19 41
19 42
19 43
19 44
19 46
19 47
19 49
19 50
19 52
19 57
19 58
19 64
19 67
19 69
19 72
19 73
19 77
19 80
19 81
19 83
19 84
19 87
23 0
23 8
23 10
23 11
23 17
23 21
23 26
23 28
23 29
23 31
23 32
23 33
23 35
23 36
23 38
23 41
23 42
23 46
23 47
23 49
23 54
23 57
23 58
23 64
23 67
23 69
23 70
23 71
23 72
23 77
23 80
23 81
23 83
23 84
23 87
25 0
25 1
25 8
25 9
25 11
25 12
25 21
25 22
25 24
25 27
25 29
25 31
25 32
25 35
25 37
25 42
25 45
25 49
25 50
25 52
25 55
25 57
25 58
25 64
25 67
25 70
25 71
25 72
25 73
25 77
25 80
25 81
25 83
25 84
25 87
29 0
29 7
29 8
29 12
29 22
29 27
29 28
29 31
29 32
29 33
29 35
29 37
29 38
29 41
29 43
29 46
29 47
29 49
29 50
29 52
29 55
29 57
29 58
29 60
29 64
29 67
29 70
29 72
29 76
29 77
29 81
29 83
29 84
29 87
30 1
30 7
30 11
30 13
30 21
30 22
30 26
30 27
30 28
30 29
30 31
30 32
30 33
30 35
30 36
30 37
30 41
30 42
30 44
30 47
30 49
30 50
30 54
30 56
30 57
30 58
30 64
30 67
30 69
30 70
30 71
30 73
30 81
30 83
30 87
34 0
34 1
34 8
34 10
34 11
34 12
34 21
34 22
34 26
34 27
34 28
34 29
34 32
34 35
34 36
34 37
34 38
34 42
34 45
34 46
34 47
34 50
34 54
34 55
34 57
34 60
34 64
34 69
34 70
34 72
34 73
34 76
34 81
34 83
34 84
34 87
48 0
48 4
48 7
48 9
48 12
48 13
48 21
48 22
48 27
48 29
48 31
48 32
48 33
48 37
48 38
48 39
48 41
48 43
48 46
48 47
48 49
48 50
48 52
48 53
48 55
48 57
48 60
48 64
48 67
48 71
48 76
48 77
48 80
48 83
48 84
48 87
51 7
51 8
51 10
51 21
51 22
51 26
51 28
51 29
51 31
51 32
51 33
51 35
51 37
51 39
51 41
51 42
51 43
51 44
51 46
51 47
51 50
51 54
51 56
51 57
51 58
51 64
51 70
51 71
51 72
51 76
51 77
51 81
51 83
51 84
61 9
61 12
61 13
61 21
61 22
61 32
61 33
61 35
61 37
61 38
61 39
61 42
61 43
61 50
61 52
61 54
61 56
61 58
61 67
61 69
61 73
61 77
61 84
62 0
62 1
62 35
62 54
62 33
62 8
62 64
62 39
62 76
62 13
62 46
62 50
62 21
62 22
62 87
62 71
62 28
62 29
62 69
62 31
63 1
63 2
63 7
63 8
63 9
63 10
63 12
63 21
63 22
63 27
63 28
63 29
63 31
63 32
63 33
63 35
63 37
63 39
63 41
63 42
63 43
63 45
63 46
63 47
63 50
63 52
63 54
63 64
63 69
63 76
63 81
63 83
63 84
63 87
65 64
65 33
65 54
65 70
65 71
65 8
65 41
65 42
65 11
65 76
65 46
65 49
65 83
65 52
65 22
65 87
65 81
65 69
65 31
66 0
66 8
66 9
66 10
66 11
66 13
66 21
66 22
66 29
66 32
66 33
66 35
66 37
66 38
66 39
66 41
66 42
66 45
66 47
66 49
66 53
66 54
66 55
66 57
66 67
66 69
66 70
66 71
66 72
66 73
66 77
66 81
66 83
66 84
66 87
68 7
68 9
68 13
68 26
68 27
68 29
68 31
68 32
68 35
68 37
68 39
68 41
68 42
68 43
68 46
68 52
68 58
68 67
68 69
68 71
68 73
68 76
68 81
68 83
74 0
74 1
74 7
74 8
74 11
74 12
74 13
74 22
74 24
74 26
74 27
74 28
74 31
74 32
74 33
74 35
74 36
74 37
74 38
74 39
74 41
74 42
74 45
74 49
74 50
74 64
74 67
74 71
74 72
74 81
74 83
75 0
75 1
75 2
75 9
75 10
75 13
75 21
75 22
75 26
75 28
75 29
75 31
75 33
75 35
75 38
75 39
75 41
75 43
75 45
75 46
75 49
75 50
75 54
75 55
75 56
75 57
75 58
75 67
75 69
75 76
75 77
75 81
75 83
75 84
75 87
78 0
78 1
78 5
78 7
78 8
78 9
78 11
78 13
78 21
78 22
78 29
78 35
78 38
78 39
78 41
78 42
78 43
78 47
78 49
78 50
78 52
78 54
78 56
78 57
78 67
78 69
78 71
78 72
78 73
78 77
78 81
78 83
78 84
78 87
79 0
79 5
79 7
79 8
79 11
79 12
79 21
79 22
79 26
79 27
79 28
79 29
79 31
79 32
79 35
79 37
79 38
79 39
79 40
79 41
79 42
79 43
79 44
79 46
79 47
79 49
79 50
79 52
79 54
79 55
79 56
79 67
79 69
79 70
79 71
79 72
79 81
79 83
79 84
82 0
82 8
82 9
82 11
82 12
82 21
82 22
82 26
82 29
82 31
82 35
82 37
82 39
82 40
82 41
82 42
82 45
82 46
82 47
82 49
82 50
82 52
82 54
82 55
82 58
82 64
82 67
82 69
82 70
82 71
82 72
82 84
82 87
84 0
84 1
84 8
84 12
84 13
84 17
84 21
84 22
84 28
84 29
84 31
84 32
84 35
84 37
84 39
84 40
84 42
84 43
84 49
84 50
84 52
84 53
84 54
84 56
84 58
84 64
84 67
84 69
84 70
84 71
84 76
84 81
84 84
84 87
85 0
85 32
85 67
85 37
85 39
85 13
85 52
85 22
85 87
85 54
87 0
87 1
87 8
87 9
87 10
87 13
87 21
87 27
87 28
87 31
87 32
87 35
87 36
87 37
87 38
87 39
87 41
87 42
87 46
87 47
87 54
87 55
87 56
87 58
87 67
87 70
87 71
87 73
87 77
87 80
87 81
87 84
87 87
