88
0 2
0 67
0 36
0 45
0 44
0 13
0 78
0 15
0 83
0 46
0 55
0 27
0 61
1 20
1 44
1 37
2 66
2 67
2 5
2 7
2 40
2 75
2 44
2 13
2 78
2 79
2 84
2 24
2 71
2 31
3 33
3 34
3 36
3 38
3 7
4 65
4 67
4 36
4 69
4 15
4 20
4 55
4 52
5 0
5 1
5 66
5 67
5 69
5 65
5 7
5 40
5 11
5 47
5 72
5 51
5 20
5 55
5 24
5 52
5 59
6 32
6 1
6 2
6 67
6 69
6 71
6 44
6 76
6 46
6 86
6 55
6 22
6 37
7 65
7 43
7 36
7 5
7 38
7 71
7 41
7 11
7 20
7 53
7 54
7 55
7 84
7 61
7 62
8 66
8 71
8 7
8 13
8 26
8 59
9 20
9 43
9 52
9 62
9 71
10 0
10 32
10 37
10 41
10 13
10 78
10 15
10 80
10 56
10 84
10 23
10 24
10 57
10 61
11 0
11 2
11 39
11 72
11 74
11 11
11 46
11 15
11 80
11 49
11 83
11 54
12 4
12 9
12 11
12 46
12 49
12 19
12 87
12 23
12 61
13 34
13 35
13 36
13 5
13 8
13 10
13 75
13 78
13 47
13 72
13 53
13 86
13 24
13 26
13 63
13 61
13 31
14 1
16 0
16 32
16 43
16 40
16 79
17 65
17 10
17 23
17 61
17 80
17 84
17 87
17 42
17 31
18 34
18 5
19 0
19 35
19 86
19 71
19 8
19 43
19 44
19 78
19 19
19 52
19 22
19 20
19 54
19 29
20 8
21 32
21 19
22 65
22 66
22 5
22 8
22 41
22 62
22 44
22 13
22 19
22 53
22 87
22 24
22 61
22 30
23 2
23 87
23 4
23 86
23 40
23 9
23 10
23 55
23 46
23 83
23 84
23 54
23 23
23 26
23 31
24 32
24 19
25 64
25 35
25 5
25 72
25 9
25 74
25 11
25 44
25 43
25 83
25 23
25 62
26 8
26 1
26 53
26 6
26 40
27 32
27 74
27 51
27 36
28 46
29 0
29 65
29 35
29 38
29 32
29 72
29 41
29 45
29 84
29 54
29 52
30 32
30 64
30 59
30 8
30 10
30 43
30 46
30 61
30 67
30 20
30 78
30 22
30 55
30 27
30 42
30 31
31 0
31 11
31 8
31 75
31 52
31 86
32 32
32 3
32 41
32 55
32 44
32 78
32 79
32 22
32 23
32 56
32 25
32 26
32 59
33 1
33 67
33 70
33 72
33 74
33 43
33 51
33 53
33 54
33 59
34 1
34 66
34 79
34 49
34 22
34 87
34 59
35 32
35 66
35 59
35 36
35 7
35 8
35 44
35 13
35 15
35 49
35 83
35 86
35 25
35 47
35 63
36 1
36 5
36 50
36 20
36 58
36 59
37 66
37 43
37 69
37 39
37 40
37 10
37 11
37 20
37 53
37 86
37 87
37 84
37 71
37 59
37 29
37 62
38 2
38 43
38 37
38 71
38 9
38 11
38 76
38 46
38 73
38 59
38 52
38 41
38 54
38 23
38 27
39 2
39 3
39 40
39 73
39 26
39 62
40 0
40 67
40 73
40 11
40 44
40 82
40 52
40 86
40 60
40 62
41 1
41 2
41 65
41 72
41 9
41 43
41 76
41 15
41 40
41 73
41 7
41 31
42 32
42 0
42 2
42 8
42 49
42 23
43 74
43 6
43 7
43 40
43 10
43 44
43 46
43 79
43 48
43 19
43 52
43 23
43 84
43 42
43 62
43 31
44 71
44 8
44 76
44 46
44 15
44 49
44 52
44 54
44 72
44 26
45 65
45 75
45 76
45 62
46 0
46 66
46 67
46 54
46 7
46 9
46 11
46 2
46 77
46 49
46 20
46 22
46 59
47 49
47 26
47 11
47 69
47 22
48 65
48 67
48 73
48 76
48 44
48 20
48 53
48 54
48 23
48 26
48 59
48 61
48 62
48 31
49 0
49 1
49 66
49 67
49 65
49 72
49 9
49 71
49 13
49 15
49 87
49 20
49 57
49 52
49 58
50 65
50 10
50 58
50 73
50 39
51 84
51 1
51 35
51 71
51 40
51 10
51 78
51 49
51 67
51 20
51 55
51 24
51 72
51 61
51 62
52 3
52 36
52 72
52 9
52 11
52 14
52 40
52 84
52 43
52 24
53 32
53 65
53 2
53 35
53 1
53 10
53 43
53 76
53 15
53 19
53 84
53 87
53 25
53 26
54 32
54 33
54 2
54 35
54 5
54 71
54 41
54 10
54 13
54 46
54 15
54 82
54 19
54 20
54 62
55 1
55 34
55 35
55 36
55 65
55 76
55 13
55 20
55 31
56 40
56 11
56 84
56 53
56 58
56 27
57 1
57 66
57 37
57 65
57 39
57 72
57 41
57 44
57 13
57 73
57 80
57 81
57 52
57 54
57 9
58 41
58 36
58 54
59 33
59 4
59 5
59 7
59 13
59 45
59 49
59 50
59 20
59 53
59 22
59 23
59 24
59 59
59 37
60 1
60 2
60 67
60 86
60 71
60 40
60 73
60 87
60 72
60 54
60 23
60 26
60 59
60 61
60 31
61 68
61 49
61 72
61 11
61 40
61 19
61 84
61 86
61 23
61 24
61 36
61 27
61 61
62 67
62 37
62 39
62 72
62 41
62 8
62 84
62 22
62 23
62 20
62 54
62 62
63 56
63 1
63 58
63 76
63 23
64 48
64 2
64 5
64 7
64 8
64 80
64 18
64 83
64 84
64 87
64 25
64 26
64 59
65 35
65 67
65 86
65 71
65 8
65 9
65 78
65 40
65 3
65 84
65 22
65 25
65 52
66 0
66 32
66 5
66 65
66 64
66 9
66 87
66 76
66 49
66 83
66 52
66 53
66 22
66 23
66 59
67 2
67 35
67 36
67 7
67 74
67 75
67 66
67 78
67 77
67 84
67 46
67 23
67 10
67 53
68 44
69 32
69 1
69 2
69 35
69 71
69 72
69 41
69 74
69 43
69 46
69 82
69 62
69 87
69 30
70 73
71 1
71 67
71 5
71 8
71 41
71 11
71 81
71 18
71 86
71 40
71 55
71 61
71 62
71 31
72 32
72 43
72 8
72 10
72 11
72 76
72 46
72 54
72 55
72 26
72 74
72 63
73 65
73 35
73 41
73 74
73 76
73 78
74 32
74 34
74 69
74 39
74 72
74 9
74 74
74 76
74 15
74 19
74 84
74 58
74 31
75 2
75 75
75 41
75 11
75 45
75 43
75 20
75 22
75 23
75 52
75 59
75 60
76 2
76 35
76 54
76 7
76 41
76 78
76 79
76 84
76 22
76 87
76 26
76 59
77 1
77 67
77 4
77 54
77 65
77 7
77 73
77 44
77 15
77 22
77 55
77 24
77 36
77 62
78 67
78 4
78 6
78 40
78 9
78 10
78 55
78 13
78 15
78 20
78 41
78 73
78 23
78 87
78 53
79 0
79 1
79 32
79 8
79 73
79 42
79 55
79 76
79 78
79 19
79 20
79 23
79 87
80 64
80 66
80 8
80 10
80 76
80 46
80 15
80 40
80 52
80 53
80 22
80 87
80 72
80 84
80 61
81 8
82 0
82 1
82 2
82 4
82 8
82 9
82 74
82 11
82 79
82 40
82 83
82 52
82 22
82 41
82 72
82 87
82 61
83 2
83 4
83 86
83 44
83 66
83 54
83 58
83 59
83 61
83 62
84 32
84 1
84 34
84 36
84 75
84 13
84 15
84 49
84 19
84 52
84 23
84 83
84 59
84 61
86 66
86 67
86 71
86 73
86 10
86 43
86 13
86 80
86 35
86 53
86 26
87 32
87 65
87 67
87 73
87 41
87 11
87 49
87 19
87 52
87 85
87 86
87 87
87 26
87 59
