88
1 65
1 42
1 27
1 18
1 39
4 0
4 65
4 2
4 3
4 68
4 39
4 41
4 42
4 43
4 44
4 13
4 16
4 59
4 18
4 83
4 55
4 25
4 87
4 27
4 61
4 31
6 0
6 65
6 3
6 68
6 39
6 42
6 44
6 16
6 59
6 18
6 83
6 55
6 25
6 27
6 61
6 62
6 31
7 18
7 42
8 83
9 39
10 0
10 65
10 2
10 59
10 68
10 42
10 43
10 44
10 13
10 18
10 83
10 27
12 39
17 0
17 65
17 2
17 3
17 68
17 39
17 42
17 43
17 44
17 13
17 59
17 18
17 83
17 27
17 61
17 62
19 65
20 0
20 65
20 2
20 3
20 68
20 5
20 39
20 41
20 42
20 43
20 13
20 16
20 59
20 18
20 83
20 55
20 87
20 27
20 61
20 62
20 31
21 83
22 0
22 65
22 3
22 68
22 39
22 41
22 42
22 43
22 13
22 16
22 59
22 18
22 83
22 55
22 27
22 31
23 0
23 65
23 2
23 59
23 39
23 42
23 43
23 18
23 27
23 61
23 31
24 65
24 39
24 42
24 43
24 18
24 55
24 27
26 65
26 42
26 83
26 18
26 39
28 0
28 65
28 2
28 59
28 68
28 39
28 41
28 42
28 43
28 13
28 16
28 18
28 83
28 55
28 27
28 61
28 62
28 31
29 2
29 39
29 41
29 42
29 44
29 18
29 83
29 55
29 27
29 31
30 0
30 65
30 2
30 59
30 68
30 39
30 41
30 42
30 43
30 44
30 13
30 16
30 18
30 83
30 55
30 25
30 27
30 61
30 62
30 31
31 0
31 65
31 2
31 3
31 68
31 39
31 41
31 42
31 43
31 44
31 13
31 16
31 18
31 83
31 55
31 25
31 59
31 62
31 31
32 0
32 65
32 2
32 3
32 68
32 39
32 42
32 43
32 44
32 13
32 59
32 83
32 55
32 27
32 61
32 62
32 31
33 0
33 65
33 2
33 3
33 68
33 39
33 42
33 43
33 44
33 13
33 59
33 18
33 83
33 55
33 87
33 27
33 62
33 31
34 0
34 65
34 39
34 44
34 13
34 18
34 83
35 0
35 65
35 2
35 3
35 68
35 5
35 39
35 42
35 43
35 44
35 13
35 16
35 59
35 18
35 83
35 55
35 25
35 87
35 27
35 61
35 31
36 0
36 65
36 2
36 3
36 39
36 41
36 42
36 43
36 44
36 13
36 16
36 59
36 18
36 83
36 55
36 25
36 87
36 27
36 61
36 62
36 31
37 0
37 65
37 2
37 3
37 68
37 5
37 39
37 41
37 42
37 43
37 44
37 13
37 59
37 18
37 83
37 55
37 25
37 27
37 61
37 62
37 31
38 0
38 65
38 2
38 59
38 68
38 39
38 41
38 42
38 43
38 44
38 13
38 16
38 18
38 83
38 87
38 25
38 27
38 61
38 62
38 31
40 0
40 65
40 2
40 3
40 68
40 39
40 41
40 42
40 43
40 44
40 13
40 16
40 59
40 18
40 83
40 55
40 25
40 87
40 27
40 61
40 62
43 0
43 65
43 2
43 3
43 68
43 39
43 42
43 43
43 44
43 13
43 16
43 59
43 18
43 83
43 55
43 87
43 27
43 61
43 62
43 31
45 0
45 65
45 2
45 59
45 68
45 39
45 41
45 42
45 43
45 44
45 13
45 16
45 18
45 83
45 55
45 87
45 27
45 61
45 62
45 31
46 65
46 2
46 39
46 44
46 18
46 59
46 31
47 65
47 2
47 3
47 68
47 5
47 39
47 42
47 43
47 44
47 13
47 16
47 59
47 18
47 83
47 55
47 25
47 87
47 27
47 61
47 62
47 31
48 0
48 65
48 2
48 3
48 68
48 39
48 41
48 42
48 87
48 44
48 13
48 16
48 59
48 18
48 83
48 55
48 25
48 27
48 61
48 62
48 31
49 0
49 65
49 2
49 3
49 68
49 5
49 39
49 41
49 42
49 87
49 44
49 13
49 59
49 18
49 83
49 55
49 25
49 27
49 61
49 62
49 31
50 0
50 65
50 2
50 3
50 68
50 39
50 42
50 43
50 44
50 13
50 59
50 18
50 83
50 55
50 87
50 27
50 61
50 62
50 31
51 0
51 65
51 2
51 3
51 68
51 39
51 42
51 43
51 44
51 13
51 16
51 18
51 83
51 55
51 59
51 62
51 31
52 0
52 65
52 2
52 3
52 68
52 39
52 42
52 43
52 44
52 13
52 16
52 59
52 18
52 83
52 55
52 27
52 31
54 65
54 2
54 3
54 68
54 39
54 42
54 43
54 44
54 13
54 59
54 18
54 83
54 55
54 27
54 61
54 62
54 31
55 0
55 65
55 2
55 59
55 68
55 39
55 42
55 43
55 44
55 13
55 16
55 18
55 83
55 55
55 25
55 27
55 61
55 62
55 31
56 0
56 65
56 2
56 3
56 68
56 39
56 42
56 43
56 44
56 13
56 16
56 83
56 55
56 87
56 59
56 62
56 31
58 0
58 65
58 2
58 59
58 68
58 39
58 42
58 43
58 44
58 13
58 18
58 83
58 55
58 87
58 27
58 61
58 62
58 31
60 0
60 65
60 2
60 3
60 68
60 39
60 41
60 42
60 43
60 44
60 13
60 16
60 59
60 18
60 83
60 55
60 87
60 27
60 62
60 31
63 0
63 2
63 3
63 42
63 13
63 83
63 27
66 0
66 65
66 3
66 68
66 39
66 41
66 42
66 43
66 44
66 13
66 59
66 18
66 83
66 87
66 27
66 62
66 31
67 0
67 65
67 2
67 3
67 68
67 39
67 42
67 43
67 44
67 13
67 59
67 18
67 83
67 55
67 27
67 31
69 65
69 2
69 3
69 42
69 18
69 83
69 59
70 0
70 65
70 2
70 3
70 68
70 39
70 41
70 42
70 43
70 44
70 13
70 59
70 18
70 83
70 55
70 87
70 27
70 61
72 0
72 65
72 2
72 3
72 39
72 42
72 43
72 13
72 59
72 18
72 83
72 27
72 61
73 0
73 65
73 2
73 3
73 68
73 39
73 41
73 42
73 43
73 44
73 13
73 16
73 59
73 18
73 83
73 55
73 25
73 27
73 61
73 62
73 31
74 0
74 65
74 2
74 3
74 68
74 41
74 42
74 43
74 44
74 13
74 59
74 18
74 83
74 55
74 27
74 61
74 62
74 31
75 0
75 65
75 2
75 3
75 68
75 39
75 41
75 42
75 43
75 44
75 13
75 16
75 59
75 18
75 83
75 55
75 25
75 27
75 61
75 62
75 31
76 0
76 65
76 2
76 3
76 68
76 39
76 42
76 43
76 44
76 13
76 16
76 59
76 18
76 83
76 55
76 27
76 62
78 0
78 65
78 2
78 3
78 68
78 39
78 41
78 42
78 43
78 44
78 59
78 18
78 83
78 55
78 25
78 87
78 27
78 61
78 62
78 31
79 0
79 65
79 2
79 3
79 68
79 5
79 39
79 42
79 43
79 44
79 13
79 59
79 18
79 83
79 55
79 25
79 27
79 61
79 62
79 31
81 0
81 65
81 2
81 3
81 68
81 39
81 41
81 42
81 43
81 44
81 13
81 16
81 59
81 18
81 83
81 55
81 27
81 62
81 31
82 0
82 65
82 2
82 3
82 68
82 39
82 41
82 42
82 43
82 44
82 13
82 59
82 18
82 83
82 55
82 25
82 87
82 27
82 62
82 31
85 0
85 65
85 2
85 3
85 68
85 39
85 41
85 42
85 43
85 44
85 13
85 16
85 59
85 18
85 83
85 55
85 87
85 27
85 61
85 31
86 0
86 65
86 2
86 3
86 68
86 39
86 41
86 42
86 43
86 44
86 13
86 16
86 18
86 83
86 55
86 25
86 87
86 27
86 61
86 62
86 31
