88
0 33
0 43
0 12
0 11
0 76
0 77
0 44
0 48
0 49
0 53
0 54
0 26
1 65
1 2
1 4
1 69
1 8
1 41
1 42
1 75
1 44
1 77
1 79
1 48
1 76
1 50
1 51
1 54
1 73
1 62
2 65
2 2
2 40
2 9
2 10
2 75
2 76
2 79
2 17
2 22
2 55
2 28
2 42
3 0
3 2
3 3
3 5
3 8
3 10
3 11
3 22
3 27
3 30
3 32
3 35
3 36
3 39
3 42
3 48
3 54
3 55
3 57
3 60
3 65
3 75
3 82
3 83
3 85
4 2
4 5
4 7
4 11
4 14
4 22
4 24
4 26
4 32
4 36
4 39
4 41
4 43
4 44
4 50
4 53
4 55
4 61
4 62
4 65
4 66
4 69
4 71
4 76
4 82
4 83
5 2
5 6
5 7
5 8
5 17
5 22
5 28
5 29
5 35
5 39
5 41
5 42
5 44
5 50
5 59
5 62
5 66
5 67
5 69
5 77
5 81
5 83
5 87
6 0
6 2
6 6
6 8
6 9
6 17
6 35
6 37
6 39
6 40
6 42
6 43
6 44
6 48
6 54
6 59
6 62
6 72
6 76
6 77
6 79
6 81
6 84
6 87
7 67
7 36
7 44
7 75
7 76
7 79
7 84
7 54
8 0
8 67
8 39
8 77
8 83
8 22
9 0
9 35
9 4
9 69
9 6
9 71
9 40
9 44
9 12
9 60
9 81
9 82
9 55
9 27
9 28
10 0
10 32
10 33
10 8
10 41
10 42
10 60
10 48
10 17
10 82
10 84
10 53
10 54
10 73
10 25
10 79
10 28
12 65
12 36
12 10
12 79
12 85
12 60
12 29
13 5
13 6
13 9
13 12
13 25
13 28
13 29
13 32
13 35
13 40
13 41
13 42
13 43
13 47
13 48
13 53
13 54
13 59
13 60
13 61
13 65
13 69
13 75
13 81
13 85
14 59
15 0
15 1
15 2
15 40
15 41
15 43
15 48
15 51
15 22
15 24
15 60
15 29
17 32
17 1
17 2
17 35
17 38
17 6
17 39
17 42
17 43
17 66
17 67
17 86
17 24
17 71
17 27
17 30
19 2
19 71
19 45
19 55
19 28
19 30
21 41
21 42
23 33
23 38
23 81
23 8
23 73
23 75
23 12
23 77
23 76
23 40
23 82
23 85
23 22
23 24
23 60
24 24
25 32
25 2
25 4
25 12
25 54
25 24
25 61
28 1
28 33
28 44
28 45
28 51
28 85
28 22
29 60
29 4
29 14
29 71
30 41
30 47
30 39
31 42
31 48
31 50
31 84
31 22
31 57
32 0
32 65
32 2
32 4
32 33
32 51
32 60
33 32
33 3
33 39
33 73
33 42
33 79
33 61
34 24
34 51
34 87
34 43
34 71
35 65
35 8
35 41
35 82
35 54
35 9
35 25
36 35
36 6
36 42
36 43
36 76
36 16
36 67
37 67
37 7
37 43
37 45
37 3
37 59
38 0
38 1
38 2
38 3
38 9
38 10
38 16
38 22
38 31
38 32
38 35
38 38
38 40
38 42
38 43
38 51
38 55
38 69
38 73
38 76
38 83
38 87
39 3
39 4
39 6
39 8
39 30
39 35
39 39
39 40
39 41
39 42
39 43
39 44
39 48
39 50
39 51
39 57
39 67
39 71
39 76
39 77
39 79
39 84
40 33
40 35
40 4
40 54
40 39
40 8
40 41
40 42
40 76
40 79
40 48
40 67
40 22
40 87
40 57
40 29
40 69
41 2
41 67
41 38
41 6
41 71
41 10
41 44
41 79
41 53
41 47
41 29
42 1
42 2
42 3
42 4
42 5
42 12
42 17
42 33
42 35
42 36
42 38
42 39
42 40
42 45
42 47
42 48
42 51
42 54
42 67
42 71
42 75
42 76
42 79
42 82
43 0
43 1
43 4
43 6
43 12
43 22
43 28
43 32
43 38
43 39
43 40
43 41
43 43
43 44
43 54
43 59
43 61
43 67
43 69
43 71
43 73
43 75
43 83
43 84
45 32
45 1
45 67
45 4
45 10
45 76
45 77
45 61
45 50
45 35
45 84
45 85
45 42
45 62
46 73
46 10
46 43
46 4
46 38
47 87
48 4
48 9
48 43
48 76
48 47
48 48
48 22
48 87
48 36
49 65
49 2
49 5
49 39
49 12
49 45
49 48
49 82
49 83
49 54
49 28
49 61
50 33
50 67
50 69
50 9
50 53
50 28
51 51
51 3
51 4
51 9
51 43
51 44
51 17
51 35
51 54
51 55
51 30
52 0
52 67
52 38
52 39
52 73
52 42
52 11
52 76
52 43
52 3
52 25
53 2
53 67
53 39
53 10
53 44
53 77
53 79
53 81
53 3
53 22
53 55
53 57
53 28
54 66
54 36
54 5
54 39
54 8
54 41
54 43
54 44
54 2
54 45
54 81
54 87
54 55
54 61
55 66
55 67
55 44
55 12
55 47
55 51
55 87
55 24
55 28
56 33
56 83
56 3
56 4
56 5
56 6
56 8
56 60
56 42
56 35
56 73
56 24
56 28
56 29
56 69
57 1
57 6
57 8
57 10
57 47
57 51
58 0
58 6
58 84
58 85
58 22
58 55
58 57
59 0
59 4
59 5
59 6
59 7
59 9
59 23
59 24
59 32
59 33
59 41
59 42
59 43
59 45
59 50
59 54
59 55
59 61
59 66
59 71
59 73
59 75
59 76
59 84
60 8
60 41
60 10
60 75
60 79
60 82
60 22
60 60
61 1
61 2
61 6
61 33
61 8
61 41
61 44
61 34
61 45
61 40
61 84
61 57
62 32
62 33
62 73
62 42
62 77
62 85
62 54
62 28
63 1
63 2
63 3
63 5
63 40
63 44
63 67
63 12
63 77
63 79
63 76
63 51
63 87
63 83
63 27
63 31
64 35
66 1
66 67
66 4
66 7
66 8
66 10
66 77
66 3
66 54
66 25
67 0
67 51
67 66
67 35
67 7
67 8
67 77
67 46
67 48
67 83
67 54
67 55
67 28
68 32
68 1
68 2
68 4
68 86
68 65
68 39
68 8
68 41
68 43
68 76
68 45
68 77
68 17
68 84
68 22
68 40
68 29
68 81
69 0
69 1
69 2
69 4
69 7
69 10
69 12
69 17
69 28
69 39
69 40
69 41
69 48
69 51
69 53
69 54
69 55
69 60
69 62
69 67
69 69
69 76
69 82
69 83
70 0
70 83
70 35
70 39
70 41
70 71
70 12
70 47
70 17
70 50
70 67
70 53
70 25
70 28
70 85
71 33
71 35
71 4
71 81
71 65
71 8
71 9
71 48
71 59
71 51
71 54
71 41
71 27
71 28
71 62
72 32
72 66
72 4
72 75
72 12
72 24
72 59
73 33
73 43
73 77
73 79
73 81
73 25
73 27
74 76
74 4
74 81
74 12
74 39
75 0
75 2
75 3
75 36
75 71
75 9
75 42
75 76
75 45
75 77
75 47
75 51
75 85
75 60
75 61
76 1
76 7
76 40
76 41
76 87
76 57
77 35
77 7
77 41
77 77
77 22
77 55
78 53
79 32
79 1
79 36
79 71
79 40
79 44
79 39
79 76
79 47
79 27
79 28
79 30
80 17
80 75
80 55
82 40
82 9
82 47
82 28
82 39
83 0
83 71
83 9
83 12
83 82
83 62
84 1
84 4
84 38
84 6
84 8
84 9
84 42
84 43
84 77
84 81
84 53
84 22
84 55
84 25
84 60
84 85
85 36
85 23
86 71
86 73
86 42
86 12
86 77
86 81
86 53
86 59
86 28
87 4
87 5
87 6
87 8
87 10
87 26
87 27
87 28
87 35
87 36
87 39
87 43
87 46
87 47
87 48
87 59
87 65
87 71
87 75
87 76
87 77
87 81
87 84
87 87
