88
0 10
0 11
0 13
0 14
0 15
0 17
0 20
0 25
0 26
0 27
0 29
0 30
0 33
0 41
0 44
0 45
0 48
0 49
0 51
0 60
0 65
0 68
0 69
0 70
0 74
0 79
0 80
0 82
0 84
0 87
1 32
1 1
1 2
1 67
1 37
1 33
1 8
1 63
1 57
1 78
1 48
1 50
1 52
1 53
1 23
1 56
1 25
1 59
1 74
1 69
1 31
2 65
2 2
2 35
2 36
2 37
2 40
2 41
2 74
2 11
2 76
2 13
2 77
2 48
2 72
2 67
2 20
2 73
2 26
2 60
5 8
5 15
5 22
5 24
5 26
5 27
5 32
5 33
5 34
5 39
5 40
5 43
5 44
5 51
5 52
5 53
5 55
5 56
5 69
5 70
5 71
5 74
5 77
5 82
6 1
6 2
6 4
6 8
6 14
6 15
6 20
6 22
6 23
6 25
6 26
6 27
6 29
6 37
6 39
6 41
6 45
6 48
6 52
6 55
6 59
6 60
6 63
6 66
6 71
6 73
6 77
6 82
6 84
10 84
10 1
10 2
10 35
10 51
10 74
10 11
10 76
10 45
10 15
10 19
10 52
10 53
10 56
10 25
10 26
10 79
10 60
10 30
10 63
13 35
13 68
13 37
13 38
13 8
13 9
13 45
13 77
13 47
13 49
13 20
13 78
13 73
13 41
13 52
21 8
21 10
21 13
21 22
21 24
21 25
21 27
21 33
21 34
21 37
21 40
21 49
21 52
21 56
21 57
21 59
21 61
21 62
21 64
21 69
21 72
21 78
21 79
21 82
21 86
25 1
25 2
25 4
25 8
25 9
25 10
25 15
25 19
25 20
25 22
25 25
25 27
25 32
25 37
25 44
25 45
25 46
25 47
25 48
25 57
25 59
25 60
25 65
25 68
25 69
25 73
25 76
25 84
27 69
27 40
27 41
27 20
27 21
27 61
28 3
28 4
28 8
28 9
28 10
28 14
28 15
28 22
28 26
28 38
28 51
28 52
28 55
28 63
28 64
28 65
28 66
28 69
28 70
28 76
28 77
28 79
28 82
28 86
29 0
29 1
29 2
29 13
29 22
29 24
29 25
29 26
29 27
29 28
29 31
29 32
29 39
29 45
29 46
29 51
29 52
29 53
29 54
29 57
29 59
29 63
29 65
29 66
29 67
29 68
29 70
29 71
29 72
29 75
29 80
29 82
29 84
31 1
31 2
31 59
31 4
31 37
31 38
31 75
31 76
31 10
31 11
31 44
31 13
31 49
31 50
31 19
31 52
31 24
31 27
31 42
33 79
33 2
33 37
33 38
33 72
33 63
33 42
33 11
33 13
33 73
33 80
33 82
33 51
33 53
33 54
33 55
33 56
33 25
33 87
33 27
33 31
35 5
35 9
35 11
35 14
35 15
35 22
35 23
35 27
35 36
35 37
35 42
35 44
35 46
35 49
35 50
35 54
35 55
35 57
35 60
35 61
35 66
35 67
35 71
35 72
35 74
35 76
35 78
35 79
35 84
35 86
38 32
38 65
38 66
38 35
38 8
38 43
38 44
38 77
38 14
38 17
38 51
38 40
38 24
38 55
38 62
38 63
39 4
39 8
39 9
39 10
39 11
39 13
39 14
39 15
39 23
39 25
39 26
39 28
39 32
39 43
39 45
39 50
39 52
39 56
39 59
39 69
39 71
39 76
39 79
39 80
39 84
43 0
43 2
43 8
43 9
43 10
43 11
43 14
43 15
43 20
43 22
43 25
43 27
43 30
43 37
43 38
43 40
43 47
43 49
43 51
43 52
43 53
43 59
43 61
43 63
43 66
43 67
43 70
43 73
43 76
43 77
43 78
43 79
47 3
47 4
47 8
47 10
47 11
47 13
47 15
47 19
47 20
47 23
47 26
47 29
47 40
47 41
47 43
47 51
47 53
47 57
47 60
47 63
47 65
47 67
47 68
47 69
47 70
47 73
47 76
47 79
47 80
47 84
47 86
49 1
49 2
49 8
49 11
49 13
49 14
49 20
49 22
49 23
49 24
49 25
49 27
49 29
49 33
49 35
49 37
49 40
49 41
49 45
49 51
49 53
49 56
49 61
49 63
49 64
49 65
49 66
49 67
49 69
49 72
49 78
49 80
50 1
50 3
50 8
50 10
50 11
50 13
50 14
50 15
50 20
50 21
50 29
50 36
50 37
50 38
50 43
50 48
50 49
50 51
50 53
50 55
50 61
50 64
50 66
50 69
50 73
50 74
50 76
50 77
50 79
50 80
51 32
51 69
51 71
51 8
51 11
51 76
51 13
51 14
51 79
51 50
51 51
51 52
51 21
51 57
51 60
51 53
56 32
56 1
56 4
56 65
56 8
56 9
56 42
56 44
56 77
56 64
56 15
56 49
56 20
56 53
56 22
56 55
56 73
56 62
58 32
58 80
58 53
58 14
58 61
59 1
59 4
59 8
59 10
59 15
59 20
59 23
59 24
59 32
59 33
59 40
59 41
59 44
59 49
59 50
59 53
59 54
59 55
59 56
59 57
59 59
59 60
59 62
59 63
59 64
59 65
59 66
59 68
59 69
59 80
59 82
59 84
59 86
59 87
60 2
60 37
60 70
60 71
60 8
60 41
60 74
60 87
60 13
60 63
60 61
60 49
60 51
60 56
60 24
60 27
60 60
60 29
60 31
61 67
61 69
61 38
61 73
61 10
61 11
61 13
61 47
61 56
61 51
61 20
61 24
61 52
61 79
61 70
61 63
65 10
65 15
65 17
65 19
65 20
65 22
65 24
65 28
65 32
65 44
65 53
65 56
65 59
65 65
65 69
65 70
65 72
65 75
65 78
65 80
65 86
65 87
66 64
66 67
66 68
66 70
66 72
66 9
66 11
66 13
66 49
66 75
66 20
66 53
66 25
66 26
66 27
66 62
69 33
69 69
69 72
69 11
69 45
69 46
69 57
69 61
74 2
74 3
74 8
74 14
74 19
74 23
74 25
74 27
74 34
74 36
74 37
74 45
74 46
74 49
74 51
74 53
74 55
74 56
74 59
74 60
74 63
74 64
74 67
74 71
74 75
74 77
74 82
74 84
74 87
75 0
75 1
75 3
75 10
75 11
75 13
75 14
75 15
75 27
75 29
75 33
75 35
75 43
75 49
75 50
75 51
75 56
75 59
75 61
75 66
75 67
75 68
75 71
75 74
75 76
75 77
75 78
75 79
75 82
75 84
76 64
76 35
76 68
76 37
76 9
76 11
76 13
76 14
76 15
76 50
76 67
76 52
76 53
76 55
76 24
76 69
76 59
76 30
76 63
77 0
77 4
77 8
77 11
77 13
77 14
77 15
77 20
77 27
77 31
77 33
77 35
77 36
77 37
77 38
77 39
77 40
77 41
77 44
77 50
77 52
77 53
77 55
77 59
77 66
77 70
77 71
77 73
77 75
77 79
77 80
77 84
79 68
79 4
79 37
79 38
79 71
79 9
79 10
79 45
79 14
79 49
79 84
79 54
79 41
79 56
79 36
79 27
79 74
79 63
81 4
81 9
81 11
81 14
81 19
81 21
81 23
81 26
81 33
81 40
81 41
81 44
81 51
81 52
81 63
81 64
81 68
81 71
81 72
81 73
81 80
81 82
82 33
82 67
82 4
82 38
82 77
82 8
82 9
82 42
82 13
82 14
82 45
82 49
82 20
82 22
82 23
82 52
82 27
82 63
83 64
83 1
83 70
83 8
83 42
83 13
83 14
83 47
83 50
83 51
83 78
83 25
83 26
83 79
83 61
83 63
84 64
84 65
84 66
84 14
84 79
84 51
84 20
84 21
84 86
85 68
85 71
85 75
85 78
85 53
85 55
87 66
87 37
87 9
87 10
87 11
87 13
87 78
87 15
87 80
87 49
87 53
87 69
87 56
87 25
87 59
87 30
87 63
