88
0 3
0 55
1 11
1 68
1 85
1 78
2 1
2 35
2 68
2 37
2 6
2 40
2 41
2 45
2 80
2 49
2 83
2 54
2 38
2 51
3 0
3 32
3 67
3 37
3 6
3 11
3 50
3 3
3 26
3 38
3 63
4 0
4 40
4 9
4 74
4 11
4 76
4 78
4 18
4 51
4 54
4 60
4 30
5 0
5 1
5 34
5 68
5 37
5 40
5 42
5 43
5 45
5 78
5 77
5 49
5 55
5 60
5 63
6 68
6 5
6 6
6 39
6 42
6 77
6 45
6 82
6 52
6 38
6 31
7 1
7 2
7 3
7 38
7 39
7 73
7 75
7 45
7 78
7 35
7 85
7 22
7 26
8 33
8 2
8 4
8 69
8 70
8 38
8 44
8 76
8 77
8 78
8 49
8 27
9 32
9 35
9 68
9 5
9 72
9 73
9 11
9 78
9 87
9 26
10 33
10 34
10 68
10 5
10 70
10 7
10 10
10 11
10 78
10 79
10 46
10 22
10 39
10 47
11 3
11 4
11 37
11 6
11 39
11 43
11 12
11 47
11 81
11 83
11 22
11 26
11 27
12 0
12 1
12 2
12 3
12 70
12 40
12 74
12 43
12 17
12 51
12 85
12 22
12 87
12 25
12 26
13 0
13 51
13 2
13 3
13 81
13 43
13 76
13 17
13 83
13 22
16 1
16 2
16 68
16 49
16 6
16 39
16 40
16 9
16 43
16 76
16 78
16 80
16 17
16 83
16 70
16 69
17 83
17 63
18 9
18 10
18 52
18 85
18 86
18 26
18 31
19 76
21 9
21 26
21 3
22 0
22 33
22 2
22 4
22 32
22 73
22 43
22 76
22 45
22 77
22 47
22 17
22 50
22 68
22 60
23 66
23 37
24 0
24 1
24 3
24 68
24 5
24 40
24 10
24 11
24 45
24 62
24 37
25 32
25 1
25 74
25 9
25 40
26 35
26 4
26 7
26 72
26 46
26 47
26 60
27 64
27 32
27 71
27 7
27 47
27 49
27 22
27 56
27 57
27 27
28 68
28 78
29 26
29 82
29 43
29 37
30 2
30 76
30 31
31 2
31 66
31 38
31 7
31 40
31 10
31 39
31 44
31 45
31 47
31 16
31 49
31 82
31 51
31 52
31 56
31 26
31 27
31 63
32 32
32 1
32 3
32 69
32 33
32 11
32 44
32 13
32 45
32 54
32 39
32 31
33 1
33 21
34 74
34 77
34 38
34 39
35 1
35 3
35 38
35 33
35 12
35 77
35 79
35 22
35 24
36 1
36 35
36 4
36 37
36 76
36 77
36 78
36 50
36 18
36 57
36 68
37 32
37 2
37 43
37 5
37 7
37 9
37 11
37 12
37 47
37 26
37 27
37 60
37 63
38 1
38 3
38 4
38 51
38 33
38 40
38 9
38 42
38 39
38 12
38 13
38 77
38 76
38 17
38 18
38 35
38 73
38 56
38 74
39 1
39 2
39 3
39 68
39 69
39 70
39 7
39 74
39 39
39 44
39 13
39 21
39 62
39 37
40 0
40 64
40 3
40 5
40 6
40 76
40 12
40 78
40 17
40 52
40 85
40 26
40 63
40 60
40 37
41 68
41 70
41 35
41 4
41 69
41 6
41 7
41 40
41 42
41 39
41 13
41 50
41 83
41 36
41 26
41 63
41 60
41 74
41 31
42 32
42 3
42 4
42 6
42 10
42 77
42 47
42 18
42 52
42 55
42 27
42 31
43 0
43 32
43 4
43 37
43 38
43 81
43 10
43 12
43 70
43 78
43 17
43 22
43 26
43 27
43 60
44 32
44 1
44 2
44 35
44 68
44 38
44 6
44 7
44 40
44 70
44 77
44 47
44 17
44 87
44 24
44 26
44 60
45 68
45 37
45 70
45 39
45 10
45 49
45 51
45 63
47 1
47 34
47 67
47 5
47 70
47 9
47 10
47 43
47 2
47 78
47 49
47 82
47 55
47 74
47 62
47 69
48 0
48 1
48 35
48 4
48 69
48 6
48 7
48 10
48 43
48 77
48 81
48 57
48 60
49 2
49 78
50 74
50 43
50 76
50 49
50 51
50 60
50 62
50 63
51 0
51 32
51 35
51 70
51 6
51 49
51 8
51 76
51 74
51 12
51 77
51 78
51 79
51 80
51 17
51 51
51 22
52 68
52 5
52 31
52 63
52 43
52 77
52 49
52 85
52 22
52 56
52 24
52 27
52 37
52 69
53 0
53 42
53 52
53 5
54 0
54 2
54 68
54 5
54 6
54 41
54 47
54 80
54 49
54 23
54 26
54 27
54 30
55 0
55 83
55 3
55 5
55 6
55 7
55 11
55 76
55 17
55 51
55 52
55 22
55 38
55 60
55 30
56 0
56 34
56 3
56 69
56 6
56 7
56 73
56 11
56 45
56 85
56 86
56 27
57 33
57 35
57 38
57 6
57 7
57 74
57 39
57 46
57 80
57 49
57 78
57 22
57 26
57 27
57 60
57 85
58 50
58 5
58 46
58 63
59 34
59 37
59 38
59 49
59 73
59 42
59 43
59 47
59 16
59 17
59 57
59 6
59 79
59 62
59 63
60 35
60 3
60 68
60 69
60 39
60 10
60 11
60 46
60 43
60 83
60 5
61 0
61 3
61 5
61 43
61 55
61 26
61 60
61 62
62 64
62 2
62 5
62 38
62 40
62 44
62 47
62 49
62 82
62 52
62 69
62 72
62 63
62 70
62 30
62 37
63 35
63 4
63 7
63 9
63 11
63 76
63 45
63 17
63 51
63 71
63 63
63 30
63 31
64 10
64 74
64 22
64 37
64 70
66 32
66 1
66 66
66 43
66 37
66 7
66 10
66 11
66 45
66 78
66 47
66 49
66 18
66 51
66 85
66 55
66 27
66 74
66 31
67 34
67 5
67 39
67 12
67 47
67 17
67 83
67 85
67 22
67 49
67 31
68 69
68 73
68 42
68 76
68 77
68 26
69 33
69 2
69 34
69 4
69 5
69 6
69 7
69 41
69 74
69 11
69 13
69 47
69 85
69 27
69 60
70 3
70 37
70 6
70 7
70 40
70 41
70 74
70 77
70 78
70 47
70 35
70 85
71 32
71 1
71 2
71 4
71 70
71 38
71 49
71 10
71 76
71 17
71 52
71 21
71 24
71 27
71 42
72 4
72 37
72 7
72 73
72 42
72 26
72 60
73 32
73 64
73 75
73 68
73 38
73 9
73 10
73 11
73 45
73 85
73 86
73 56
73 27
73 60
73 30
73 63
74 2
74 75
74 4
74 69
74 11
74 87
74 26
74 60
75 32
75 35
75 68
75 73
75 56
75 82
75 52
75 85
75 55
75 24
76 1
76 66
76 5
76 42
76 22
76 27
77 32
77 35
77 4
77 5
77 38
77 7
77 12
77 13
77 17
77 22
77 31
78 2
78 3
78 4
78 54
78 9
78 11
78 12
78 47
78 43
78 85
78 22
78 24
78 68
78 60
78 63
79 52
79 76
80 32
80 1
80 35
80 4
80 37
80 7
80 40
80 52
80 21
80 55
80 57
80 60
80 31
81 1
81 69
81 70
81 81
81 42
81 78
81 17
81 87
81 49
81 31
82 0
82 32
82 70
82 49
82 42
82 11
82 77
82 45
82 17
82 55
82 47
83 35
83 69
83 6
83 39
83 40
83 41
83 77
83 47
83 17
83 51
83 54
83 55
83 27
84 12
84 76
84 52
85 0
85 64
85 4
85 5
85 7
85 9
85 74
85 43
85 12
85 77
85 47
85 19
85 85
85 22
85 71
85 86
85 69
85 31
86 32
86 51
86 69
86 63
87 0
87 33
87 35
87 4
87 38
87 6
87 49
87 73
87 74
87 11
87 76
87 70
87 47
87 17
87 51
87 85
87 22
87 60
87 69
87 31
