88
0 64
0 2
0 3
0 72
0 41
0 12
0 77
0 79
0 80
0 81
0 51
0 52
0 62
0 23
0 60
0 61
0 30
0 63
1 64
1 2
1 70
1 41
1 10
1 13
1 58
2 64
2 70
2 73
2 75
2 41
2 61
3 64
3 71
3 73
3 75
3 13
3 47
3 49
3 55
3 25
3 28
4 34
4 67
4 8
4 76
4 45
4 79
4 21
4 86
4 25
4 28
4 61
4 63
5 0
5 32
5 2
5 34
5 51
5 52
5 23
5 58
5 27
5 63
8 80
8 17
8 13
10 0
10 58
10 67
10 4
10 38
10 71
10 72
10 9
10 10
10 75
10 44
10 80
10 51
10 52
10 55
10 25
10 26
10 28
10 42
10 63
11 2
11 68
11 81
11 73
11 75
11 76
11 13
11 79
11 17
11 18
11 61
11 60
11 44
14 0
14 1
14 6
14 12
14 18
14 21
14 25
14 26
14 28
14 38
14 40
14 44
14 45
14 46
14 48
14 55
14 56
14 58
14 62
14 64
14 67
14 68
14 70
14 71
14 73
14 77
14 81
17 32
17 38
17 8
17 41
17 74
17 80
17 50
19 34
19 3
19 68
19 70
19 11
19 76
19 45
19 78
19 79
19 49
19 54
19 4
19 63
21 32
21 1
21 70
21 80
21 73
21 44
21 13
21 77
21 76
21 81
21 83
21 85
21 54
21 62
21 63
22 7
22 8
22 9
22 10
22 18
22 21
22 32
22 34
22 37
22 38
22 41
22 48
22 49
22 51
22 55
22 58
22 60
22 61
22 64
22 66
22 68
22 72
22 73
22 80
22 81
22 85
22 86
25 32
25 3
25 68
25 70
25 38
25 9
25 11
25 12
25 13
25 49
25 50
25 67
25 85
25 54
25 58
25 28
27 64
27 75
27 76
27 18
27 55
27 58
28 49
28 60
29 64
29 2
29 67
29 4
29 86
29 40
29 73
29 13
29 81
29 18
29 62
29 54
29 56
29 58
29 30
29 85
30 0
30 1
30 2
30 75
30 7
30 8
30 60
30 43
30 76
30 66
30 80
30 49
30 18
30 52
30 21
30 54
30 85
30 28
30 61
30 62
30 63
31 1
31 7
31 10
31 12
31 13
31 25
31 28
31 37
31 38
31 39
31 41
31 48
31 52
31 54
31 55
31 58
31 61
31 62
31 64
31 67
31 71
31 73
31 75
31 77
31 78
31 81
31 83
32 64
32 1
32 49
32 42
32 44
32 48
32 17
32 26
32 30
33 64
33 4
33 38
33 71
33 40
33 73
33 10
33 45
33 46
33 80
33 82
33 83
33 26
33 28
33 58
33 31
34 2
34 34
34 68
34 17
34 41
34 13
34 79
34 81
34 21
34 86
34 58
34 47
36 0
36 68
36 38
36 72
36 16
36 51
36 52
36 62
36 28
36 30
37 9
37 18
37 58
37 77
37 7
38 80
38 2
38 38
38 8
38 44
38 47
38 48
38 40
38 51
38 52
38 21
38 54
38 55
38 24
38 79
38 60
38 61
38 63
39 72
39 73
39 2
39 18
39 63
41 34
41 67
41 39
41 41
41 10
41 13
41 78
41 48
41 81
41 52
41 86
41 55
41 25
41 62
42 0
42 64
42 75
42 4
42 38
42 7
42 9
42 71
42 76
42 13
42 79
42 48
42 49
42 51
42 55
42 56
42 58
42 63
42 62
42 31
43 9
43 13
43 80
43 49
43 52
43 41
43 25
43 61
43 62
44 49
44 63
44 44
44 61
44 79
46 0
46 1
46 3
46 10
46 11
46 27
46 28
46 38
46 43
46 44
46 48
46 49
46 51
46 54
46 55
46 60
46 67
46 70
46 71
46 72
46 73
46 75
46 76
46 80
46 83
46 85
46 86
47 73
47 18
47 68
47 86
47 7
48 1
48 4
48 9
48 10
48 26
48 32
48 34
48 39
48 47
48 48
48 52
48 54
48 55
48 56
48 60
48 62
48 64
48 67
48 73
48 74
48 81
48 85
49 32
49 2
49 3
49 4
49 71
49 8
49 75
49 77
49 46
49 79
49 68
49 60
51 1
51 3
51 8
51 9
51 10
51 11
51 13
51 21
51 28
51 32
51 41
51 42
51 46
51 47
51 48
51 50
51 51
51 52
51 54
51 55
51 58
51 60
51 61
51 62
51 64
51 72
51 73
51 76
51 81
53 1
53 2
53 67
53 4
53 8
53 9
53 43
53 44
53 49
53 51
53 56
53 85
53 54
53 41
53 24
53 26
53 58
53 63
54 68
54 7
54 8
54 71
54 44
54 79
54 40
54 51
54 52
54 85
54 56
54 24
54 61
54 30
55 0
55 1
55 2
55 6
55 7
55 10
55 11
55 13
55 25
55 26
55 28
55 30
55 33
55 38
55 40
55 42
55 45
55 46
55 50
55 58
55 60
55 62
55 64
55 67
55 68
55 71
55 80
57 68
57 6
57 70
57 71
57 75
57 48
57 49
57 25
57 26
57 28
57 58
57 63
59 33
59 4
59 38
59 73
59 55
59 79
59 81
59 18
59 41
59 56
59 60
60 1
60 68
60 81
60 41
60 44
60 17
60 85
60 25
60 4
60 63
60 60
60 61
60 21
61 2
61 7
61 9
61 11
61 12
61 13
61 21
61 31
61 34
61 35
61 38
61 40
61 41
61 44
61 52
61 60
61 62
61 70
61 71
61 77
61 80
61 85
62 64
62 4
62 70
62 71
62 80
62 52
62 26
62 58
62 30
63 2
63 4
63 7
63 8
63 9
63 11
63 13
63 18
63 25
63 28
63 31
63 34
63 42
63 49
63 50
63 51
63 54
63 55
63 56
63 64
63 66
63 67
63 68
63 74
63 76
63 80
63 81
63 86
65 3
65 71
65 72
65 44
65 49
65 18
66 1
66 2
66 35
66 68
66 71
66 40
66 10
66 81
66 18
66 55
66 4
66 30
66 63
67 0
67 34
67 7
67 72
67 73
67 71
67 13
67 60
67 80
67 54
67 23
67 58
67 27
67 28
71 1
71 2
71 4
71 8
71 9
71 10
71 14
71 21
71 28
71 35
71 36
71 37
71 42
71 44
71 50
71 51
71 52
71 54
71 55
71 56
71 60
71 66
71 68
71 73
71 74
71 77
71 79
71 82
71 85
72 33
72 67
72 68
72 71
72 9
72 43
72 44
72 50
72 49
72 18
72 52
72 21
72 55
72 58
72 75
72 85
73 32
73 1
73 66
73 4
73 38
73 64
73 42
73 75
73 76
73 46
73 18
73 21
73 54
73 68
73 62
73 31
74 1
74 4
74 7
74 9
74 10
74 13
74 21
74 25
74 36
74 39
74 40
74 41
74 42
74 43
74 44
74 46
74 48
74 54
74 55
74 60
74 61
74 63
74 71
74 72
74 73
74 79
74 80
74 82
74 85
74 86
75 40
75 27
75 11
75 44
78 32
78 67
78 7
78 72
78 41
78 11
78 13
78 61
78 80
78 51
78 21
78 54
78 23
78 25
78 71
78 79
78 29
78 62
78 85
79 34
79 3
79 4
79 8
79 10
79 75
79 46
79 48
79 49
79 18
79 67
79 36
79 60
79 42
79 62
79 63
80 1
80 60
80 25
80 28
80 49
82 1
82 79
82 52
82 51
82 41
83 1
83 2
83 67
83 4
83 71
83 7
83 44
83 48
83 49
83 18
83 21
83 55
83 62
85 1
85 72
85 10
85 11
85 44
85 81
85 52
85 21
85 8
85 61
86 64
86 75
86 46
86 18
86 21
86 23
87 0
87 2
87 7
87 8
87 9
87 10
87 13
87 18
87 21
87 25
87 28
87 37
87 38
87 42
87 46
87 51
87 54
87 58
87 60
87 61
87 62
87 63
87 67
87 71
87 73
87 75
87 76
87 77
87 85
87 86
