88
0 64
0 3
0 68
0 5
0 42
0 76
0 82
0 20
1 36
1 7
1 11
1 47
1 24
1 57
1 26
1 27
1 60
3 64
3 38
3 40
3 78
3 50
3 56
3 62
4 24
4 52
6 33
6 2
6 4
6 39
6 8
6 9
6 74
6 40
6 50
6 52
6 22
6 23
6 24
6 72
6 58
7 34
7 38
7 7
7 74
7 50
7 20
7 53
7 27
7 42
8 64
8 32
8 72
8 45
8 51
8 53
8 22
8 24
9 3
9 76
9 53
10 32
10 5
10 40
10 21
10 54
10 55
11 1
11 35
11 4
11 9
11 43
11 78
11 17
11 25
11 62
11 31
13 0
13 1
13 39
13 56
13 19
13 24
13 30
16 80
16 50
17 65
17 35
17 71
17 42
17 7
17 13
17 49
17 86
17 87
18 59
18 38
18 71
18 40
18 73
18 10
18 43
18 13
18 78
18 80
18 72
18 51
18 27
18 60
18 62
19 1
19 75
19 68
19 5
19 6
19 39
19 72
19 9
19 74
19 71
19 12
19 76
19 83
19 52
19 53
19 55
19 87
19 31
20 54
20 70
20 44
20 20
20 86
20 55
20 22
21 5
21 40
21 41
21 79
21 81
21 57
21 62
22 39
22 10
22 75
22 12
22 78
22 47
23 66
23 7
23 72
23 9
23 71
23 8
23 79
23 40
23 20
23 85
23 22
23 87
23 30
23 31
24 0
24 9
24 47
24 24
24 52
24 56
24 62
25 6
25 40
25 17
25 50
25 23
25 24
25 27
25 61
26 6
26 39
26 8
26 9
26 10
26 71
26 45
26 80
26 56
26 20
26 21
26 24
26 52
26 61
26 53
27 64
27 3
27 4
27 69
27 8
27 47
27 50
27 52
27 55
27 56
28 24
28 82
28 11
29 2
29 4
29 69
29 72
29 9
29 75
29 76
29 86
29 87
29 23
29 55
29 61
30 32
30 7
30 73
30 44
30 78
30 23
30 57
31 2
31 67
31 70
31 73
31 44
31 85
31 22
32 4
32 8
32 9
32 23
32 34
32 41
32 45
32 53
32 55
32 57
32 60
32 61
32 62
32 65
32 67
32 69
32 72
32 78
32 80
32 81
32 84
32 86
33 4
33 69
33 8
33 74
33 50
33 19
33 22
33 24
33 25
33 58
33 30
33 31
34 32
34 66
34 68
34 41
34 10
34 87
34 44
34 61
34 50
34 20
34 53
34 54
34 57
34 24
34 52
34 26
34 73
34 28
34 29
35 0
35 1
35 4
35 70
35 38
35 71
35 41
35 42
35 75
35 77
35 50
35 83
35 21
35 73
35 56
35 87
36 64
36 65
36 4
36 69
36 6
36 7
36 40
36 75
36 45
36 78
36 77
36 56
36 23
36 24
36 27
36 70
36 29
37 2
37 67
37 38
37 6
37 72
37 42
37 75
37 21
37 55
37 60
38 33
38 2
38 67
38 68
38 6
38 10
38 55
38 83
38 21
38 22
38 23
38 24
38 25
39 3
39 69
39 70
39 8
39 73
39 10
39 21
39 56
39 53
39 5
40 33
40 68
40 5
40 31
41 65
41 66
41 3
41 70
41 71
41 41
41 75
41 77
41 79
41 56
41 67
41 20
41 53
41 24
42 64
42 65
42 68
42 41
42 82
42 51
42 52
42 21
42 54
42 60
42 53
43 7
43 72
43 41
43 11
43 45
43 19
43 22
43 56
43 63
44 65
44 70
44 8
44 73
44 74
44 76
44 45
44 17
44 52
44 21
44 22
44 57
44 58
44 63
45 1
45 11
45 38
45 71
46 64
46 33
46 35
46 5
46 70
46 65
46 8
46 73
46 42
46 78
46 79
46 80
46 40
46 54
46 72
46 59
47 32
47 4
47 69
47 72
47 73
47 77
47 80
47 40
47 57
47 22
47 87
47 25
47 59
48 72
48 23
49 0
49 1
49 2
49 9
49 79
49 12
49 45
49 47
49 51
49 73
49 25
49 27
49 28
49 60
49 31
50 2
50 5
50 6
50 7
50 9
50 20
50 22
50 24
50 25
50 26
50 30
50 31
50 39
50 45
50 47
50 53
50 65
50 68
50 80
50 83
50 86
50 87
51 4
51 71
51 8
51 10
51 43
51 44
51 13
51 77
51 45
51 40
51 50
51 52
51 22
51 72
51 25
51 63
52 68
52 7
52 76
52 78
52 79
52 82
52 53
52 23
53 1
53 33
53 65
53 8
53 74
53 81
53 40
53 22
53 87
53 54
54 65
54 66
54 67
54 4
54 5
54 40
54 75
54 44
54 80
54 20
54 86
54 23
55 64
55 1
55 2
55 67
55 65
55 39
55 44
55 34
55 79
55 53
55 86
55 55
55 45
55 28
56 3
56 40
56 74
56 76
56 78
56 79
56 82
56 19
56 87
56 28
57 6
57 13
57 17
57 23
57 24
57 26
57 27
57 31
57 35
57 38
57 39
57 41
57 42
57 44
57 53
57 56
57 57
57 61
57 62
57 71
57 79
57 82
58 65
58 2
58 4
58 76
58 83
58 24
58 62
58 31
60 1
60 11
60 69
60 21
61 32
61 33
61 2
61 6
61 73
61 80
61 55
61 58
62 3
62 39
62 75
62 56
62 67
62 52
62 54
62 24
62 25
62 63
62 61
62 31
63 2
63 3
63 5
63 6
63 40
63 73
63 55
63 79
63 51
63 41
63 23
63 25
63 59
64 65
64 71
64 8
64 81
64 50
64 84
64 60
64 31
65 33
65 72
65 45
65 80
65 82
65 85
65 23
65 58
66 2
66 68
66 5
66 38
66 39
66 76
66 42
66 71
66 44
66 13
66 78
66 45
66 17
66 20
66 21
66 86
66 87
66 27
66 61
66 30
66 85
67 45
67 55
68 64
68 66
68 35
68 39
68 74
68 43
68 76
68 50
68 51
68 20
68 62
68 67
68 56
68 52
68 61
68 30
69 75
70 45
70 69
70 7
70 73
70 13
70 79
70 80
70 51
70 22
70 9
70 25
70 28
70 30
71 51
71 68
71 74
71 75
71 12
71 79
71 83
71 54
71 60
72 32
72 70
72 8
72 9
72 87
72 12
72 13
72 79
72 49
72 50
72 51
72 20
72 85
72 73
72 23
72 56
72 57
72 27
72 60
72 63
73 51
73 83
73 3
73 38
73 6
73 65
73 41
73 42
73 12
73 78
73 79
73 35
73 20
73 21
73 22
73 69
73 74
73 27
73 61
73 62
73 63
74 75
74 22
74 11
74 45
74 54
74 55
74 56
74 87
74 86
75 35
75 70
75 40
75 80
75 51
75 53
75 25
75 60
76 4
76 69
76 41
76 43
76 76
76 78
76 79
76 85
76 54
76 55
77 69
77 6
77 8
77 38
77 74
77 40
77 41
77 21
77 86
77 87
77 57
77 27
77 53
77 5
78 2
78 36
78 54
78 73
78 50
78 86
78 55
78 28
79 0
79 1
79 6
79 70
79 65
79 9
79 43
79 50
79 82
79 85
79 86
79 59
79 61
79 53
80 65
80 34
80 54
80 7
80 8
80 75
80 44
80 47
80 50
80 53
80 86
80 60
80 62
80 63
81 2
81 67
81 40
81 41
81 45
81 8
81 83
81 52
81 22
82 1
82 2
82 9
82 10
82 17
82 23
82 27
82 28
82 36
82 51
82 57
82 61
82 62
82 64
82 68
82 69
82 70
82 71
82 72
82 73
82 74
82 86
82 87
83 67
83 69
83 71
83 8
83 41
83 76
83 44
83 84
84 60
84 22
84 87
85 0
85 64
85 36
85 69
85 70
85 74
85 45
85 78
85 80
85 19
85 86
85 57
85 60
86 3
86 5
86 8
86 42
86 43
86 45
86 72
86 21
86 26
86 61
87 68
87 72
87 73
87 74
87 13
87 81
87 86
