88
0 1
0 36
0 86
0 43
0 20
0 22
0 68
1 64
1 43
1 72
1 9
1 42
1 11
1 18
1 82
1 26
1 29
1 62
4 64
4 46
4 37
4 38
4 13
7 36
7 39
7 9
7 43
7 82
7 46
7 18
7 52
7 23
7 27
8 1
8 36
8 33
8 51
8 7
8 76
8 11
8 12
8 13
8 78
8 45
8 49
8 82
8 19
8 52
8 22
8 87
8 71
8 79
8 70
9 1
9 87
9 68
9 37
9 39
9 9
9 10
9 71
9 76
9 13
9 45
9 48
9 42
9 74
9 41
9 23
9 26
9 29
9 63
10 1
10 75
10 39
10 73
10 42
10 43
10 12
10 45
10 76
10 48
10 49
10 50
10 20
10 53
10 22
10 23
10 62
11 64
11 66
11 35
11 82
11 37
11 38
11 39
11 41
11 11
11 76
11 13
11 49
11 18
11 73
11 23
11 58
11 86
11 81
12 36
12 8
12 9
12 42
12 79
12 49
12 82
12 20
12 22
12 55
12 58
13 66
13 36
13 38
13 72
13 10
13 75
13 13
13 78
13 49
13 18
13 82
13 20
13 53
13 86
13 23
13 68
13 29
13 63
14 48
14 49
14 43
14 12
17 1
17 36
17 9
17 87
17 76
17 48
17 49
17 52
17 86
17 55
17 68
17 26
17 27
17 29
17 63
18 1
18 36
18 70
18 71
18 73
18 63
18 9
18 53
18 87
18 58
18 27
18 29
18 31
19 0
19 32
19 36
19 49
19 71
19 73
19 76
19 13
19 46
19 17
19 52
19 53
19 31
20 1
20 75
20 48
20 70
20 39
20 73
20 43
20 12
20 77
20 16
20 17
20 18
20 19
20 52
20 53
20 60
20 61
21 8
21 52
21 12
22 32
22 33
22 68
22 9
22 43
22 77
22 45
22 19
22 23
22 36
23 0
23 64
23 86
23 8
23 71
24 33
24 36
24 8
24 73
24 78
24 53
24 22
24 23
24 58
24 59
24 61
25 48
25 35
25 72
25 9
25 11
25 12
25 78
25 16
25 17
25 50
25 20
25 86
25 73
25 25
25 58
25 27
25 60
26 70
26 77
26 46
26 45
26 82
26 84
26 87
26 29
27 64
28 33
28 66
28 75
28 36
28 86
28 39
28 8
28 9
28 10
28 11
28 13
28 46
28 77
28 49
28 82
28 19
28 21
28 22
28 68
28 42
29 64
29 43
29 72
29 73
29 10
29 11
29 12
29 77
29 76
29 56
29 27
29 60
30 32
30 33
30 34
30 68
30 70
30 73
30 10
30 76
30 13
30 77
30 82
30 52
30 86
30 60
30 29
31 64
31 33
31 70
31 9
31 10
31 43
31 12
31 13
31 45
31 48
31 49
31 18
31 84
31 53
31 22
31 87
31 60
31 42
32 1
32 36
32 37
32 33
32 72
32 76
32 10
32 39
32 12
32 77
32 78
32 16
32 49
32 20
32 48
32 22
32 55
32 56
32 86
33 36
33 42
33 11
33 12
34 19
34 1
34 11
34 68
34 39
35 19
35 66
35 43
35 70
35 11
35 76
35 13
35 47
35 83
35 20
35 22
35 52
35 62
36 48
36 33
36 52
36 68
36 28
37 75
37 46
38 36
38 38
38 8
38 9
38 78
38 19
38 20
38 21
38 87
38 68
38 58
38 60
38 29
38 30
38 53
39 33
39 66
39 68
39 71
39 43
39 76
39 19
39 22
39 57
39 29
40 33
40 68
40 73
40 48
40 82
40 22
40 57
40 26
41 68
41 48
41 34
41 36
41 70
41 39
41 73
41 71
41 76
41 13
41 46
41 45
41 16
41 49
41 18
41 20
41 77
41 86
41 87
41 52
41 63
42 32
42 22
42 71
42 39
42 77
42 78
42 48
42 53
42 86
42 55
42 60
43 64
43 1
43 70
43 39
43 9
43 42
43 12
43 78
43 18
43 52
43 22
43 41
43 58
43 27
43 29
43 63
44 82
45 0
45 49
45 27
45 78
45 63
46 48
46 66
46 68
46 72
46 16
46 18
46 19
46 84
46 27
46 60
47 33
47 38
47 10
47 12
47 13
47 16
47 19
47 21
47 30
47 63
48 33
48 66
48 37
48 41
48 43
48 45
48 60
48 16
48 82
48 19
48 22
48 23
48 83
48 55
48 87
48 27
48 28
49 42
49 33
49 68
49 38
49 10
49 11
49 13
49 19
49 86
49 87
49 23
49 25
49 60
49 29
50 64
50 0
50 73
50 43
50 76
50 18
50 52
50 23
50 55
50 27
51 9
52 66
52 35
52 36
52 37
52 39
52 73
52 42
52 12
52 45
52 13
52 20
52 58
52 29
53 64
53 37
53 70
53 9
53 76
53 77
53 19
53 22
53 23
53 29
54 64
54 66
54 39
54 41
54 45
54 48
54 19
54 22
55 82
55 67
55 77
55 71
56 32
56 8
56 73
56 42
56 12
56 45
56 21
56 23
56 27
56 61
57 1
57 48
57 33
57 71
57 45
57 16
57 18
57 20
57 86
57 29
59 68
59 1
59 36
59 37
59 39
59 72
59 10
59 71
59 12
59 13
59 48
59 50
59 19
59 20
59 86
59 23
59 52
59 27
59 30
59 63
60 64
60 33
60 66
60 36
60 38
60 39
60 42
60 46
60 16
60 82
60 19
60 48
60 25
60 63
60 68
60 53
61 0
61 36
61 37
61 39
61 46
61 80
61 17
61 22
61 87
61 49
62 33
62 71
62 73
62 42
62 75
62 12
62 49
62 18
62 28
63 64
63 11
63 71
63 8
63 75
63 76
63 45
63 48
63 87
63 63
64 64
64 19
64 66
64 86
64 70
64 9
64 43
64 83
64 20
64 22
64 38
65 1
65 39
65 12
65 77
65 49
65 23
65 58
65 63
66 20
66 84
66 87
67 64
67 33
67 43
67 69
67 38
67 9
67 23
67 70
67 48
67 49
67 82
67 52
67 85
67 73
67 41
67 87
67 27
67 60
67 61
68 59
68 68
68 37
68 38
68 8
68 10
68 43
68 15
68 18
68 19
68 20
68 23
68 25
68 27
68 60
68 29
68 63
69 0
69 32
69 67
69 68
69 33
69 71
69 42
69 76
69 18
69 20
69 53
69 59
69 28
70 9
70 42
70 43
70 76
70 13
70 50
70 23
70 61
71 32
71 1
71 42
71 12
71 19
71 86
72 65
72 72
72 41
72 10
72 12
72 77
72 46
72 16
72 22
72 27
73 64
73 33
73 66
73 82
73 39
73 43
73 45
73 78
73 48
73 49
73 18
73 19
73 53
73 71
73 27
73 29
74 1
74 82
74 33
74 8
74 73
74 42
74 43
74 12
74 13
74 47
74 16
74 76
74 18
74 20
74 22
74 52
74 58
74 29
74 63
75 37
75 38
75 71
75 72
75 82
75 45
75 48
75 49
75 18
75 20
75 27
76 64
76 36
76 70
76 39
76 75
76 76
76 45
76 78
76 16
76 18
76 52
76 82
76 87
76 60
76 61
77 64
77 66
77 35
77 73
77 23
77 50
77 20
77 22
77 87
77 55
77 60
77 29
77 63
78 0
78 65
78 66
78 36
78 74
78 41
78 42
78 12
78 17
78 18
78 20
78 53
78 22
78 68
78 58
78 86
78 29
79 10
79 58
79 86
79 87
80 82
80 43
80 37
81 48
81 8
81 16
81 49
81 82
81 58
82 73
82 43
82 61
82 38
82 55
83 32
83 36
83 37
83 72
83 55
83 45
83 49
83 82
83 19
83 22
83 23
83 27
83 60
83 29
84 13
85 48
85 18
85 43
85 76
85 78
86 68
86 70
86 12
86 18
86 23
86 58
86 29
87 64
87 1
87 37
87 39
87 11
87 13
87 46
87 49
87 18
87 22
87 23
87 87
87 28
87 62
