88
0 4
0 72
0 41
0 42
0 43
0 46
0 82
0 83
0 84
0 27
0 61
0 62
0 63
1 1
1 2
1 6
1 9
1 10
1 13
1 26
1 30
1 32
1 35
1 40
1 41
1 42
1 43
1 49
1 52
1 55
1 56
1 57
1 60
1 61
1 65
1 69
1 82
1 86
2 0
2 5
2 6
2 8
2 17
2 19
2 20
2 25
2 26
2 33
2 35
2 38
2 45
2 46
2 47
2 50
2 52
2 54
2 56
2 58
2 60
2 76
2 83
2 86
3 0
3 65
3 4
3 6
3 42
3 54
3 58
4 35
4 38
4 71
4 40
4 10
4 13
4 83
4 52
4 54
4 61
4 31
5 32
5 2
5 38
5 72
5 42
5 13
5 46
5 45
5 20
5 21
5 23
5 26
5 47
5 62
6 2
6 3
6 8
6 12
6 20
6 25
6 27
6 34
6 36
6 40
6 41
6 44
6 46
6 52
6 54
6 55
6 63
6 66
6 67
6 69
6 75
6 76
6 77
6 83
6 86
7 1
7 66
7 51
7 82
7 25
8 64
8 32
8 73
8 74
8 11
8 13
8 61
8 49
8 50
8 51
8 22
8 55
8 25
8 10
9 2
9 35
9 36
9 40
9 73
9 75
9 77
9 82
9 83
9 28
9 31
10 1
10 10
10 17
10 22
10 26
10 31
10 33
10 35
10 36
10 37
10 39
10 41
10 43
10 44
10 46
10 48
10 53
10 54
10 56
10 57
10 58
10 61
10 62
10 73
10 76
10 77
10 83
10 87
11 73
11 21
12 25
12 82
12 5
13 0
13 2
13 3
13 5
13 8
13 12
13 17
13 18
13 23
13 25
13 27
13 30
13 31
13 35
13 40
13 41
13 49
13 50
13 60
13 61
13 62
13 64
13 66
13 70
13 74
13 75
13 77
13 86
14 21
16 0
16 24
17 1
17 36
17 47
17 49
17 82
17 51
17 20
18 61
18 4
18 6
18 13
18 78
18 47
18 83
18 22
18 55
18 24
18 26
18 27
18 58
19 32
19 4
19 40
19 10
19 45
19 47
19 84
19 52
19 58
19 62
19 63
20 0
20 8
20 73
20 10
20 9
20 21
20 23
21 37
21 39
21 72
21 9
21 43
21 40
21 82
22 64
22 0
22 5
22 1
22 47
22 49
22 51
22 23
22 25
22 27
23 0
23 32
23 8
23 10
23 82
23 46
23 48
23 17
23 50
23 83
23 21
23 86
23 56
23 24
23 25
23 27
23 29
23 30
23 31
24 49
25 56
26 32
26 51
26 3
26 5
26 73
26 18
26 35
26 85
26 41
26 25
26 27
27 1
27 67
27 36
27 69
27 35
27 43
27 50
27 19
27 22
27 58
27 51
27 30
27 5
28 1
28 4
28 5
28 9
28 13
28 21
28 31
28 32
28 38
28 43
28 44
28 45
28 48
28 51
28 61
28 62
28 63
28 64
28 67
28 69
28 73
28 77
29 50
29 28
30 6
30 9
30 10
30 13
30 77
30 48
30 19
30 54
30 23
30 63
30 60
30 74
30 31
31 1
31 4
31 11
31 19
31 20
31 23
31 24
31 26
31 32
31 33
31 34
31 35
31 40
31 47
31 48
31 52
31 54
31 55
31 57
31 64
31 66
31 74
31 83
32 19
32 67
32 38
32 9
32 11
32 76
32 17
32 3
32 41
32 27
32 63
33 32
34 0
34 1
34 2
34 65
34 41
34 44
34 17
34 51
34 52
34 21
34 57
34 27
34 60
34 62
35 64
35 65
35 3
35 32
35 43
35 12
35 17
35 82
35 85
35 63
36 66
36 5
36 10
36 44
36 52
36 24
36 26
36 27
36 60
36 42
36 62
37 2
37 67
37 54
37 70
37 73
37 11
37 13
37 46
37 50
37 35
37 86
37 25
37 58
37 63
38 1
38 66
38 67
38 5
38 70
38 39
38 72
38 74
38 76
38 45
38 79
38 55
38 56
38 28
38 62
39 11
39 8
39 73
39 75
39 77
39 82
39 51
39 21
39 25
39 28
40 32
40 1
40 3
40 74
40 6
40 42
40 11
40 46
40 61
40 56
40 75
40 19
40 20
40 22
40 57
40 24
40 25
40 26
40 29
40 35
41 64
41 5
41 49
41 76
41 10
41 12
41 47
41 17
41 18
41 84
41 24
41 57
41 58
41 20
42 0
42 32
42 2
42 67
42 36
42 6
42 65
42 44
42 10
42 71
42 12
42 34
42 78
42 49
42 84
42 86
42 58
42 27
42 60
42 62
42 31
43 64
43 35
43 39
43 76
43 12
43 85
43 55
43 24
43 58
43 27
43 63
44 12
45 0
45 5
45 8
45 9
45 11
45 22
45 23
45 31
45 33
45 38
45 40
45 44
45 48
45 49
45 62
45 64
45 66
45 70
45 72
45 74
45 75
45 77
45 78
46 6
46 9
46 18
46 19
46 20
46 21
46 29
46 30
46 31
46 32
46 33
46 42
46 43
46 47
46 48
46 51
46 55
46 57
46 61
46 63
46 66
46 67
46 69
46 75
46 83
47 64
47 33
47 2
47 75
47 5
47 38
47 65
47 80
47 42
47 43
47 70
47 77
47 48
47 50
47 84
47 57
47 22
47 23
47 25
47 58
47 60
48 1
48 2
48 8
48 9
48 13
48 19
48 23
48 24
48 26
48 27
48 31
48 33
48 34
48 41
48 42
48 43
48 45
48 54
48 56
48 58
48 69
48 74
48 76
48 86
49 1
49 2
49 3
49 11
49 12
49 13
49 19
49 26
49 27
49 28
49 30
49 37
49 42
49 46
49 48
49 49
49 59
49 60
49 62
49 64
49 67
49 69
49 71
49 73
49 76
49 82
49 86
50 43
50 52
50 21
50 63
51 3
51 6
51 8
51 11
51 31
51 36
51 38
51 39
51 43
51 44
51 45
51 46
51 47
51 51
51 57
51 58
51 61
51 62
51 69
51 70
51 76
51 77
51 84
52 64
52 65
52 3
52 0
52 41
52 12
52 78
52 20
52 46
52 86
52 55
52 28
52 61
54 32
54 65
54 66
54 70
54 10
54 85
54 30
55 9
55 36
56 3
56 39
56 43
56 76
56 46
56 11
56 52
57 0
59 46
60 8
60 11
60 77
60 52
60 22
60 56
61 10
62 32
62 2
62 37
62 6
62 73
62 74
62 47
62 84
62 24
62 57
62 26
62 10
62 63
63 64
63 57
63 63
63 45
63 85
64 78
66 2
66 35
66 71
66 73
66 20
66 60
66 61
67 1
67 69
67 33
67 40
67 9
67 74
67 20
67 85
67 60
67 29
69 72
70 76
71 24
72 41
73 1
73 65
73 13
73 47
73 19
73 58
73 61
75 37
75 13
76 0
76 6
76 8
76 11
76 12
76 18
76 23
76 24
76 32
76 37
76 38
76 39
76 45
76 48
76 50
76 52
76 55
76 60
76 61
76 62
76 65
76 66
76 71
76 75
76 77
77 36
77 5
77 6
77 9
77 44
77 47
77 82
77 69
78 3
78 72
78 10
78 47
78 54
78 23
78 28
80 12
80 4
80 21
80 62
80 39
81 71
82 66
82 67
82 4
82 5
82 6
82 74
82 48
82 19
82 20
82 23
82 25
82 52
83 69
83 40
83 74
83 46
83 20
83 85
83 28
84 5
84 8
84 10
84 12
84 16
84 17
84 20
84 21
84 24
84 31
84 37
84 38
84 44
84 47
84 56
84 57
84 66
84 70
84 71
84 73
84 75
84 82
85 36
85 6
85 7
85 76
85 58
85 60
86 32
86 66
86 36
86 5
86 40
86 9
86 11
86 12
86 77
86 73
86 72
86 82
86 41
86 22
86 23
86 56
86 58
86 54
86 60
86 61
86 31
87 64
87 74
87 45
87 82
87 26
87 30
