88
2 33
2 34
2 75
2 7
2 72
2 42
2 11
2 76
2 8
2 21
2 22
2 23
2 59
2 63
4 0
4 9
4 12
4 17
4 21
4 25
4 28
4 34
4 38
4 40
4 46
4 50
4 61
4 66
4 67
4 72
4 75
4 77
4 79
4 83
4 84
4 86
6 0
6 2
6 5
6 7
6 15
6 17
6 21
6 23
6 24
6 25
6 26
6 27
6 34
6 39
6 42
6 43
6 44
6 52
6 57
6 59
6 62
6 66
6 70
6 72
6 75
6 76
6 78
6 79
8 1
8 5
8 8
8 9
8 12
8 17
8 21
8 22
8 23
8 25
8 26
8 30
8 34
8 40
8 42
8 43
8 44
8 45
8 46
8 47
8 52
8 58
8 61
8 66
8 70
8 83
8 84
10 1
10 34
10 36
10 6
10 33
10 40
10 9
10 42
10 39
10 44
10 13
10 77
10 45
10 16
10 52
10 78
10 23
10 84
10 26
10 28
10 85
12 1
12 34
12 66
12 7
12 72
12 77
12 11
12 76
12 45
12 14
12 15
12 16
12 49
12 46
12 23
12 25
12 29
12 62
12 63
15 3
15 46
18 2
18 5
18 10
18 15
18 16
18 17
18 22
18 24
18 25
18 33
18 34
18 36
18 39
18 40
18 44
18 46
18 56
18 61
18 62
18 63
18 65
18 66
18 67
18 70
18 72
18 76
18 78
18 84
20 3
20 38
20 7
20 73
20 42
20 77
20 78
20 20
20 22
20 23
20 24
20 25
20 59
20 29
21 1
21 71
21 36
21 6
21 39
21 73
21 10
21 11
21 78
21 15
21 17
21 84
21 86
21 24
21 57
21 26
21 47
21 58
21 30
22 6
22 7
22 13
22 16
22 17
22 25
22 26
22 27
22 33
22 34
22 39
22 44
22 45
22 46
22 47
22 49
22 52
22 66
22 67
22 73
22 79
22 86
25 3
25 5
25 6
25 9
25 11
25 15
25 16
25 24
25 26
25 30
25 38
25 39
25 40
25 45
25 47
25 52
25 56
25 59
25 61
25 65
25 66
25 72
25 76
25 77
25 78
25 79
25 83
26 0
26 3
26 5
26 7
26 9
26 10
26 15
26 17
26 20
26 21
26 26
26 30
26 33
26 34
26 43
26 44
26 47
26 52
26 56
26 58
26 62
26 65
26 68
26 71
26 76
26 78
26 81
26 86
28 3
28 5
28 6
28 8
28 12
28 16
28 24
28 26
28 29
28 30
28 34
28 36
28 38
28 49
28 52
28 54
28 56
28 57
28 58
28 59
28 65
28 67
28 70
28 76
28 79
28 83
28 86
29 1
29 2
29 75
29 33
29 40
29 9
29 42
29 71
29 44
29 45
29 46
29 15
29 17
29 52
29 78
29 84
29 47
29 30
30 1
30 2
30 3
30 5
30 7
30 9
30 10
30 17
30 20
30 25
30 26
30 28
30 30
30 36
30 39
30 40
30 43
30 46
30 54
30 59
30 62
30 67
30 71
30 72
30 73
30 76
30 79
30 86
31 68
31 71
31 40
31 12
31 11
31 76
31 17
31 22
31 56
31 24
31 36
31 58
31 61
32 0
32 1
32 2
32 3
32 70
32 44
32 66
32 78
32 77
32 84
32 56
32 58
33 0
33 65
33 3
33 39
33 8
33 9
33 10
33 45
33 16
33 22
33 25
33 62
34 0
34 8
34 9
34 11
34 12
34 22
34 23
34 24
34 25
34 27
34 33
34 34
34 44
34 47
34 52
34 57
34 58
34 59
34 62
34 66
34 73
34 75
34 76
34 77
34 78
34 85
34 86
35 65
35 34
35 1
35 9
35 10
35 79
35 17
35 83
35 84
35 56
36 0
36 66
36 8
36 73
36 11
36 12
36 78
36 79
36 17
36 46
36 58
37 33
37 66
37 75
37 5
37 70
37 65
37 72
37 11
37 77
37 46
37 15
37 17
37 83
37 52
37 54
37 24
37 84
37 58
37 86
37 62
38 33
38 34
38 3
38 36
38 71
38 72
38 9
38 12
38 47
38 20
38 25
38 61
38 62
39 2
39 3
39 5
39 8
39 9
39 21
39 23
39 26
39 29
39 33
39 36
39 39
39 40
39 42
39 43
39 47
39 49
39 56
39 59
39 62
39 70
39 71
39 78
39 79
39 81
39 83
39 86
41 43
41 5
41 6
41 7
41 39
41 44
41 77
41 15
41 59
41 83
41 52
41 58
41 27
41 28
42 0
42 65
42 2
42 3
42 36
42 5
42 7
42 9
42 10
42 71
42 44
42 34
42 46
42 45
42 83
42 52
42 25
42 26
42 58
42 30
44 56
44 59
44 44
44 15
46 3
46 49
46 7
46 10
46 71
46 45
46 43
46 17
46 83
46 21
46 22
46 25
47 2
47 42
47 79
47 52
47 85
47 86
47 63
48 2
48 70
48 7
48 72
48 73
48 42
48 43
48 76
48 15
48 20
48 86
48 24
48 58
48 47
49 0
49 65
49 2
49 70
49 71
49 8
49 75
49 15
49 56
49 22
49 24
49 57
49 47
49 28
52 33
52 2
52 43
52 10
52 75
52 77
52 79
52 83
52 85
52 22
52 56
52 58
52 59
52 62
53 65
53 71
53 40
53 46
53 83
53 86
55 67
57 0
57 66
57 7
57 8
57 73
57 39
57 47
57 17
57 40
57 56
57 26
57 30
62 0
62 1
62 2
62 3
62 8
62 9
62 10
62 12
62 13
62 15
62 22
62 23
62 25
62 36
62 40
62 44
62 62
62 67
62 71
62 73
62 75
62 77
62 79
63 65
63 66
63 59
63 72
63 73
63 42
63 77
63 79
63 40
63 86
63 47
64 33
64 34
64 7
64 8
64 73
64 46
64 15
64 83
64 84
64 21
64 23
64 56
65 0
65 33
65 3
65 71
65 40
65 73
65 10
65 7
65 77
65 47
65 16
65 43
65 84
65 22
66 66
66 75
66 38
66 71
66 8
66 9
66 42
66 43
66 12
66 77
66 78
66 76
66 72
66 21
66 23
66 56
66 57
66 26
66 59
66 28
66 63
67 66
67 7
67 40
67 73
67 42
67 2
67 77
67 78
67 16
67 9
67 22
67 23
67 39
67 58
69 66
69 67
69 70
69 7
69 12
69 2
69 45
69 16
69 17
69 83
69 47
69 28
70 3
70 5
70 8
70 9
70 10
70 11
70 13
70 23
70 24
70 25
70 36
70 39
70 42
70 46
70 52
70 56
70 62
70 65
70 66
70 72
70 75
70 77
70 79
70 86
71 2
71 38
71 7
71 8
71 10
71 76
71 46
71 15
71 16
71 17
71 83
71 84
71 21
71 56
71 72
71 26
71 62
72 65
72 5
72 70
72 71
72 11
72 58
72 59
73 0
73 2
73 67
73 70
73 43
73 44
73 61
73 78
73 15
73 49
73 83
73 20
73 54
73 23
73 52
73 26
73 59
73 58
73 30
76 67
76 72
76 76
76 46
76 15
76 51
76 86
76 23
76 58
76 28
77 24
77 65
77 11
77 44
77 70
79 1
79 10
79 13
79 20
79 21
79 24
79 25
79 26
79 34
79 36
79 39
79 40
79 42
79 45
79 47
79 49
79 52
79 56
79 57
79 67
79 70
79 72
79 75
79 79
79 81
79 83
79 84
80 65
80 70
80 73
80 42
80 43
80 44
80 77
80 47
80 86
80 9
81 3
81 36
81 40
81 44
81 10
81 12
81 79
82 73
82 84
84 3
84 22
84 71
84 40
84 79
84 17
84 67
84 84
84 86
84 26
84 59
84 61
84 62
85 0
85 1
85 33
85 7
85 8
85 10
85 11
85 44
85 46
85 61
85 72
85 52
85 78
85 23
85 24
85 25
85 59
85 42
85 39
87 0
87 65
87 36
87 75
87 84
87 26
