88
0 1
0 4
0 7
0 9
0 13
0 22
0 23
0 27
0 31
0 35
0 36
0 37
0 43
0 48
0 55
0 56
0 58
0 60
0 69
0 73
0 74
0 81
1 1
1 2
1 7
1 8
1 11
1 13
1 20
1 24
1 26
1 29
1 32
1 38
1 48
1 52
1 55
1 56
1 65
1 71
1 77
1 81
1 82
1 86
1 87
2 0
2 33
2 2
2 67
2 38
2 6
2 81
2 8
2 41
2 43
2 86
2 78
2 49
2 20
2 73
2 55
2 56
2 57
2 70
2 30
2 69
3 1
3 69
3 38
3 39
3 72
3 87
3 76
3 77
3 47
3 81
3 58
3 52
3 86
3 55
3 24
3 26
3 60
3 29
3 65
4 0
4 2
4 41
4 10
4 46
4 47
4 48
4 56
4 24
4 74
4 31
8 65
8 2
8 38
8 81
8 72
8 11
8 14
8 47
8 48
8 49
8 50
8 51
8 52
8 46
8 86
8 23
8 56
8 26
8 63
8 31
9 1
9 2
9 4
9 38
9 39
9 41
9 42
9 45
9 49
9 55
9 56
9 57
9 59
9 60
9 65
9 67
9 70
9 72
9 76
9 78
9 86
9 87
10 2
10 4
10 20
10 24
10 30
10 32
10 35
10 37
10 39
10 41
10 43
10 48
10 51
10 56
10 65
10 68
10 70
10 71
10 72
10 73
10 74
10 77
10 86
11 71
11 7
11 41
11 10
11 39
11 76
11 77
11 14
11 47
11 81
11 51
11 23
11 57
11 26
11 63
11 31
12 65
12 43
12 68
12 69
12 8
12 75
12 78
12 56
12 52
12 46
12 55
12 24
12 4
12 58
16 32
16 1
16 34
16 4
16 6
16 74
16 20
16 86
16 24
16 60
16 31
17 2
17 66
17 86
17 71
17 43
17 34
17 78
17 13
17 83
17 22
17 55
17 24
17 45
17 87
17 59
17 63
18 75
18 4
18 37
18 7
18 8
18 11
18 45
18 14
18 77
18 48
18 72
18 50
18 58
18 55
18 39
18 26
18 63
18 29
18 31
20 0
20 4
20 8
20 10
20 11
20 22
20 27
20 39
20 43
20 46
20 49
20 51
20 55
20 65
20 66
20 71
20 72
20 73
20 78
20 81
20 83
20 87
21 48
21 82
21 52
21 31
21 30
21 63
23 65
23 68
23 72
23 42
23 75
23 76
23 50
23 47
23 18
23 56
23 27
24 7
26 32
26 1
26 66
26 75
26 65
26 39
26 8
26 42
26 71
26 82
26 14
26 49
26 50
26 20
26 46
26 22
26 23
26 59
27 0
27 2
27 70
27 73
27 63
27 9
27 41
27 59
27 60
27 31
28 65
28 4
28 69
28 9
28 74
28 11
28 50
28 47
28 49
28 18
28 52
28 86
28 87
28 56
28 57
28 58
28 30
28 63
30 0
30 32
30 66
30 1
30 76
30 13
30 46
30 45
30 48
30 49
30 52
30 22
30 24
31 72
31 35
31 60
31 13
31 29
32 1
32 67
32 36
32 65
32 48
32 22
32 24
32 57
32 27
32 30
33 9
33 71
34 1
34 4
34 6
34 7
34 8
34 11
34 13
34 14
34 20
34 22
34 26
34 27
34 29
34 31
34 34
34 52
34 63
34 72
34 73
34 75
34 78
34 86
35 67
35 4
35 38
35 72
35 42
35 13
35 83
35 85
35 55
35 56
36 2
36 8
36 18
36 20
36 22
36 24
36 27
36 32
36 33
36 34
36 38
36 39
36 42
36 48
36 50
36 52
36 57
36 63
36 66
36 67
36 70
36 72
36 74
36 75
36 77
36 78
36 86
37 2
37 18
37 20
37 23
37 24
37 26
37 37
37 43
37 46
37 48
37 50
37 56
37 57
37 63
37 65
37 66
37 71
37 72
37 73
37 78
37 81
37 82
37 85
39 32
39 65
39 2
39 69
39 6
39 73
39 43
39 77
39 78
39 45
39 18
39 87
39 56
40 65
40 67
40 68
40 72
40 41
40 42
40 75
40 77
40 81
40 56
40 57
40 30
41 32
41 70
41 73
41 42
41 11
41 76
41 77
41 30
42 5
42 13
42 30
42 32
42 37
42 39
42 41
42 43
42 45
42 55
42 56
42 60
42 65
42 66
42 67
42 69
42 71
42 72
42 73
42 75
42 78
42 86
43 0
43 2
43 4
43 10
43 11
43 13
43 24
43 32
43 41
43 49
43 50
43 52
43 55
43 58
43 60
43 63
43 65
43 71
43 72
43 76
43 81
43 86
46 65
46 67
46 4
46 70
46 6
46 41
46 42
46 43
46 50
46 14
46 77
46 49
46 18
46 51
46 85
46 55
46 68
46 58
46 63
47 65
47 70
47 39
47 73
47 10
47 75
47 77
47 47
47 56
47 51
47 24
47 29
48 0
48 73
48 14
48 46
48 76
48 77
48 78
48 48
48 51
48 85
48 86
48 58
49 1
49 2
49 4
49 11
49 13
49 14
49 23
49 24
49 31
49 34
49 35
49 36
49 37
49 45
49 51
49 56
49 58
49 63
49 64
49 68
49 71
49 73
49 77
49 78
49 82
50 56
50 41
50 66
50 76
50 37
52 31
54 1
54 66
54 35
54 68
54 37
54 6
54 71
54 72
54 42
54 14
54 81
54 50
54 67
54 46
54 26
54 30
54 31
56 34
56 69
56 7
56 72
56 76
56 13
56 78
56 82
56 51
56 86
56 27
56 63
57 0
57 73
57 42
57 77
57 56
57 86
57 24
59 0
59 5
59 7
59 11
59 14
59 23
59 27
59 29
59 32
59 35
59 36
59 38
59 42
59 45
59 48
59 49
59 52
59 55
59 56
59 65
59 68
59 69
59 70
59 71
59 87
60 41
60 71
60 67
60 39
60 7
61 41
62 65
62 2
62 71
62 4
62 37
62 7
62 41
62 11
62 12
62 78
62 47
62 81
62 75
62 52
62 85
62 86
62 23
62 57
62 58
62 29
63 32
63 1
63 4
63 70
63 77
63 50
63 51
63 52
63 22
63 56
66 42
66 45
66 78
66 18
66 85
66 22
67 64
67 11
67 37
67 71
67 73
67 42
67 75
67 78
67 41
67 87
67 57
67 29
68 32
68 35
68 5
68 38
68 73
68 42
68 11
68 76
68 20
68 56
68 58
68 63
69 2
69 72
69 73
69 86
69 58
69 60
69 26
70 2
70 35
70 4
70 71
70 72
70 43
70 76
70 77
70 14
70 8
70 26
72 5
72 7
72 72
72 73
72 42
72 11
72 47
73 69
73 73
73 11
73 46
73 55
73 27
74 65
74 75
74 69
74 63
74 45
75 49
75 18
75 51
75 4
75 22
76 8
76 11
76 13
76 20
76 27
76 30
76 34
76 37
76 39
76 41
76 42
76 45
76 46
76 49
76 51
76 52
76 58
76 63
76 65
76 71
76 76
76 86
77 0
77 2
77 68
77 69
77 71
77 72
77 42
77 7
77 76
77 29
77 37
78 73
78 60
78 68
78 41
78 52
80 2
80 73
80 34
80 78
80 77
80 52
81 4
81 7
81 42
81 78
81 49
81 30
81 63
82 1
82 35
82 68
82 37
82 71
82 8
82 41
82 78
82 73
82 72
82 18
82 22
82 23
82 24
82 57
82 26
82 27
82 60
82 63
83 2
83 70
83 7
83 41
83 13
83 48
83 49
83 86
83 24
83 58
83 63
86 0
86 68
86 34
86 71
86 4
86 69
86 7
86 8
86 41
86 11
86 13
86 48
86 18
86 52
86 57
86 39
86 58
86 59
87 0
87 1
87 3
87 4
87 7
87 11
87 13
87 26
87 29
87 31
87 32
87 35
87 36
87 39
87 41
87 42
87 45
87 48
87 49
87 55
87 58
87 59
87 63
87 66
87 70
87 71
87 83
