88
0 5
0 70
0 85
0 24
0 25
0 60
0 61
0 69
1 33
1 60
4 5
4 70
4 8
4 73
4 75
4 63
4 79
4 72
4 50
4 85
4 24
4 25
4 27
4 60
4 61
4 69
5 33
5 69
5 70
5 8
5 73
5 5
5 79
5 72
5 50
5 85
5 25
5 27
5 60
5 61
5 63
6 33
6 5
6 70
6 8
6 73
6 75
6 50
6 79
6 72
6 18
6 85
6 22
6 24
6 25
6 26
6 27
6 61
8 33
8 5
8 72
8 50
8 81
8 18
8 85
8 22
8 24
8 25
8 26
8 27
8 61
8 69
8 63
9 33
9 5
9 8
9 73
9 75
9 79
9 72
9 50
9 85
9 22
9 24
9 25
9 26
9 27
9 60
9 61
9 63
10 33
10 5
10 70
10 8
10 63
10 50
10 79
10 72
10 18
10 24
10 27
10 60
10 61
10 69
11 33
11 69
11 70
11 81
11 8
11 73
11 75
11 50
11 72
11 18
11 85
11 25
11 26
11 27
11 60
11 61
12 33
12 69
12 70
12 8
12 75
12 79
12 72
12 50
12 22
12 24
12 25
12 26
12 27
12 60
12 61
12 63
13 33
13 5
13 70
13 8
13 73
13 63
13 79
13 72
13 50
13 85
13 22
13 24
13 25
13 27
13 60
13 61
13 69
14 5
14 70
14 8
14 73
14 75
14 63
14 79
14 18
14 85
14 22
14 25
14 26
14 27
14 60
14 61
14 69
15 33
15 5
15 70
15 8
15 73
15 75
15 50
15 18
15 85
15 22
15 24
15 25
15 26
15 27
15 60
15 69
16 25
16 50
16 60
17 33
17 8
17 75
17 50
17 85
17 24
17 27
17 60
17 61
19 33
19 5
19 70
19 8
19 73
19 75
19 50
19 79
19 72
19 18
19 22
19 24
19 25
19 27
19 61
19 69
20 24
20 25
20 50
20 70
23 33
23 5
23 70
23 72
23 73
23 75
23 63
23 79
23 8
23 50
23 22
23 25
23 26
23 27
23 60
23 61
23 69
26 33
26 69
26 70
26 8
26 73
26 75
26 50
26 79
26 72
26 18
26 85
26 24
26 25
26 26
26 60
26 61
27 33
27 69
27 70
27 8
27 73
27 50
27 72
27 18
27 85
27 24
27 25
27 26
27 27
27 61
27 63
29 24
29 22
29 70
29 61
30 8
30 24
30 22
30 25
31 8
31 24
31 50
31 25
32 33
32 50
32 85
32 24
32 27
32 60
34 33
34 70
34 72
34 50
34 8
34 18
34 85
34 24
34 25
34 27
35 33
35 5
35 70
35 8
35 72
35 50
35 85
35 22
35 24
35 25
35 27
35 60
35 61
36 8
36 25
36 5
36 61
37 33
37 27
37 60
37 61
38 50
38 60
39 5
39 70
39 72
39 73
39 79
39 8
39 50
39 85
39 22
39 24
39 25
39 60
39 61
39 69
40 33
40 5
40 70
40 8
40 73
40 72
40 50
40 85
40 22
40 24
40 26
40 27
40 60
40 61
40 69
40 63
41 33
41 5
41 70
41 8
41 73
41 75
41 79
41 81
41 50
41 85
41 24
41 25
41 26
41 60
41 61
41 63
42 72
42 33
42 50
42 60
43 33
43 5
43 70
43 72
43 79
43 8
43 50
43 85
43 22
43 24
43 25
43 26
43 27
43 61
44 5
44 8
44 73
44 75
44 50
44 85
44 24
44 25
44 27
44 60
44 61
44 63
45 33
45 5
45 70
45 8
45 73
45 50
45 72
45 18
45 85
45 24
45 25
45 27
45 60
45 61
45 69
45 63
46 33
46 69
46 73
46 50
46 22
46 24
46 25
46 26
46 60
46 61
47 33
47 5
47 70
47 72
47 73
47 79
47 50
47 85
47 22
47 24
47 25
47 26
47 27
47 60
47 61
48 33
48 5
48 70
48 72
48 8
48 50
48 22
48 25
48 27
48 60
48 61
48 69
49 5
49 75
49 50
49 22
49 24
49 25
49 26
49 60
49 61
49 63
50 33
50 5
50 70
50 72
50 73
50 79
50 8
50 50
50 22
50 24
50 25
50 27
50 60
50 61
50 69
51 33
51 5
51 70
51 8
51 73
51 72
51 50
51 85
51 22
51 24
51 25
51 26
51 27
51 60
51 61
51 69
51 63
52 33
52 5
52 70
52 72
52 73
52 50
52 18
52 22
52 24
52 25
52 26
52 27
52 60
52 61
52 63
53 33
53 5
53 8
53 50
53 79
53 72
53 18
53 22
53 24
53 25
53 27
53 60
53 61
53 69
53 63
54 33
54 69
54 8
54 73
54 75
54 72
54 50
54 85
54 22
54 24
54 25
54 26
54 27
54 60
54 61
54 63
55 33
55 5
55 70
55 8
55 63
55 75
55 50
55 79
55 72
55 18
55 22
55 24
55 25
55 27
55 60
55 61
55 69
56 33
56 5
56 70
56 8
56 73
56 75
56 79
56 72
56 18
56 85
56 24
56 25
56 26
56 27
56 60
56 61
56 69
57 5
57 81
57 8
57 73
57 75
57 72
57 50
57 22
57 24
57 25
57 27
57 60
57 61
57 69
57 63
58 33
58 5
58 72
58 63
58 79
58 8
58 50
58 24
58 25
58 26
58 27
58 60
58 61
58 69
59 33
59 5
59 70
59 8
59 73
59 63
59 79
59 72
59 18
59 85
59 24
59 25
59 26
59 27
59 60
59 61
59 69
62 33
62 5
62 72
62 75
62 50
62 8
62 18
62 85
62 24
62 25
62 26
62 27
62 60
62 61
65 33
65 69
65 81
65 8
65 73
65 75
65 50
65 72
65 18
65 85
65 22
65 24
65 25
65 26
65 60
65 61
65 63
66 33
66 5
66 70
66 72
66 63
66 75
66 50
66 79
66 18
66 85
66 24
66 25
66 26
66 27
66 60
66 61
66 69
67 33
67 5
67 70
67 8
67 50
67 79
67 72
67 18
67 85
67 22
67 25
67 26
67 27
67 60
67 61
68 33
68 69
68 70
68 73
68 50
68 79
68 18
68 22
68 24
68 25
68 63
68 60
68 61
68 5
71 33
71 5
71 70
71 73
71 50
71 79
71 81
71 18
71 22
71 24
71 25
71 26
71 27
71 60
71 61
71 69
71 63
72 33
72 5
72 70
72 8
72 73
72 50
72 72
72 18
72 85
72 24
72 25
72 27
72 60
72 61
72 63
73 33
73 5
73 70
73 8
73 79
73 72
73 85
73 22
73 24
73 25
73 26
73 27
73 60
73 61
73 63
74 33
74 5
74 70
74 8
74 73
74 79
74 50
74 85
74 22
74 24
74 25
74 60
74 61
74 69
75 33
75 5
75 72
75 73
75 75
75 79
75 81
75 50
75 85
75 24
75 25
75 27
75 60
75 61
75 69
75 63
76 33
76 8
76 72
76 50
76 26
76 27
76 60
76 61
77 33
77 5
77 70
77 8
77 73
77 50
77 63
77 79
77 72
77 18
77 85
77 24
77 25
77 27
77 60
77 61
77 69
78 33
78 69
78 70
78 72
78 73
78 75
78 79
78 50
78 85
78 24
78 25
78 26
78 27
78 60
78 61
78 63
80 33
80 5
80 70
80 8
80 73
80 79
80 72
80 50
80 85
80 24
80 25
80 26
80 27
80 60
80 61
83 24
83 60
83 61
84 33
84 69
84 8
84 72
84 50
84 85
84 24
84 25
84 26
85 33
85 5
85 70
85 8
85 73
85 75
85 72
85 50
85 85
85 24
85 25
85 27
85 60
85 69
85 63
86 5
86 70
86 8
86 73
86 75
86 72
86 85
86 24
86 25
86 26
86 27
86 60
86 61
86 69
87 33
87 5
87 70
87 8
87 73
87 79
87 72
87 50
87 85
87 22
87 25
87 26
87 27
87 60
87 61
87 69
