88
0 2
0 6
0 41
0 10
0 12
0 14
0 49
0 19
0 20
0 78
0 23
0 57
0 30
1 0
1 2
1 5
1 6
1 9
1 16
1 17
1 22
1 30
1 35
1 37
1 40
1 41
1 43
1 44
1 46
1 48
1 54
1 59
1 60
1 62
1 69
1 74
1 76
1 83
2 0
2 2
2 41
2 76
2 78
2 49
2 20
2 54
2 23
2 52
2 59
2 63
3 32
3 8
3 9
3 14
3 83
3 84
3 87
3 30
3 63
4 0
4 2
4 8
4 9
4 74
4 76
4 14
4 17
4 19
4 20
4 78
4 84
4 59
4 31
5 1
5 34
5 6
5 39
5 9
5 11
5 12
5 14
5 17
5 19
5 84
5 83
5 59
5 31
6 0
6 1
6 2
6 3
6 4
6 8
6 9
6 10
6 11
6 14
6 16
6 17
6 18
6 20
6 22
6 28
6 31
6 32
6 34
6 40
6 41
6 43
6 49
6 54
6 59
6 63
6 64
6 76
6 78
7 1
7 2
7 4
7 8
7 9
7 10
7 14
7 17
7 19
7 20
7 22
7 24
7 30
7 31
7 32
7 34
7 37
7 38
7 43
7 46
7 49
7 52
7 54
7 55
7 69
7 74
7 76
7 83
7 84
8 0
8 32
8 54
8 6
8 9
8 44
8 14
8 49
8 20
8 22
8 41
9 0
9 34
9 4
9 6
9 49
9 40
9 43
9 78
9 13
9 14
9 17
9 19
9 84
9 46
9 54
9 72
9 25
9 59
9 36
10 32
10 83
10 4
10 9
10 46
10 49
10 19
10 20
10 56
11 0
11 1
11 2
11 4
11 6
11 8
11 9
11 10
11 14
11 16
11 17
11 24
11 30
11 32
11 34
11 41
11 43
11 49
11 52
11 54
11 55
11 56
11 59
11 78
11 87
12 2
12 3
12 4
12 9
12 10
12 16
12 17
12 18
12 20
12 24
12 37
12 41
12 43
12 46
12 48
12 49
12 54
12 55
12 59
12 60
12 74
12 76
12 78
12 81
12 83
12 84
13 2
13 37
13 6
13 9
13 43
13 13
13 78
13 45
13 49
13 19
13 84
13 41
13 54
13 23
13 59
13 60
13 30
13 63
14 0
14 32
14 2
14 86
14 84
14 42
14 43
14 76
14 34
14 14
14 16
14 82
14 19
14 20
14 78
14 54
14 23
14 83
14 55
14 58
14 74
15 0
15 84
15 5
15 6
15 39
15 11
15 45
15 14
15 17
15 18
15 83
15 20
15 54
15 57
15 49
16 4
16 9
16 74
16 11
16 76
16 14
16 49
16 18
16 83
16 84
16 46
16 54
16 55
16 59
17 0
17 32
17 2
17 3
17 4
17 8
17 83
17 14
17 49
17 19
17 84
17 78
17 54
17 60
17 30
18 86
18 39
18 76
18 17
18 83
18 84
18 22
18 49
18 59
18 62
19 49
19 76
20 1
20 2
20 3
20 4
20 9
20 10
20 12
20 14
20 17
20 18
20 22
20 23
20 26
20 29
20 32
20 41
20 43
20 44
20 52
20 58
20 71
20 74
20 76
20 78
20 81
20 83
20 84
21 4
21 17
21 40
21 9
21 12
21 13
21 45
21 76
21 81
21 18
21 20
21 22
21 23
22 0
22 2
22 8
22 9
22 11
22 12
22 14
22 19
22 20
22 22
22 28
22 29
22 32
22 35
22 42
22 43
22 44
22 49
22 54
22 59
22 63
22 76
22 83
22 87
23 0
23 2
23 4
23 6
23 8
23 9
23 10
23 13
23 14
23 17
23 23
23 32
23 42
23 43
23 44
23 45
23 46
23 55
23 60
23 63
23 70
23 83
23 84
23 86
24 28
25 41
27 1
27 27
27 76
27 78
27 59
28 0
28 2
28 4
28 37
28 6
28 13
28 78
28 17
28 19
28 20
28 14
28 54
28 24
28 29
29 32
29 2
29 3
29 9
29 10
29 66
29 14
29 45
29 78
29 60
30 0
30 1
30 49
30 40
30 42
30 43
30 45
30 14
30 47
30 81
30 19
30 86
30 63
31 54
31 34
31 19
31 13
31 86
32 2
32 8
32 73
32 10
32 44
32 34
32 83
32 41
32 63
33 9
33 43
33 28
33 55
33 49
34 16
34 35
34 6
34 10
34 43
34 12
34 78
34 80
34 81
34 14
34 23
34 56
34 42
34 63
35 4
35 70
35 8
35 9
35 12
35 14
35 18
35 84
35 41
36 32
36 19
36 2
36 9
36 43
36 13
36 83
36 84
36 20
37 0
37 3
37 6
37 8
37 9
37 11
37 46
37 49
37 82
37 19
37 84
37 41
37 20
37 59
38 66
38 4
38 5
38 70
38 9
38 76
38 2
38 12
38 80
38 84
38 86
38 52
38 6
38 28
39 32
39 19
39 20
39 8
39 43
39 16
39 83
39 84
39 55
39 52
39 28
39 29
39 30
42 32
42 3
42 6
42 40
42 46
42 49
42 83
42 84
42 63
43 0
43 32
43 54
43 6
43 7
43 40
43 41
43 14
43 19
43 20
43 78
43 22
43 23
43 59
44 0
44 2
44 3
44 6
44 8
44 13
44 14
44 16
44 17
44 20
44 28
44 31
44 40
44 43
44 45
44 48
44 54
44 59
44 60
44 63
44 67
44 72
44 74
44 76
44 78
44 81
44 84
46 83
46 5
46 38
46 49
46 76
46 78
46 17
46 19
46 28
46 30
47 41
47 43
47 13
47 20
47 24
47 63
48 2
48 4
48 71
48 44
48 76
48 14
48 81
48 19
48 20
48 78
48 24
48 52
48 63
50 32
50 5
50 6
50 39
50 8
50 41
50 12
50 13
50 14
50 45
50 16
50 19
50 46
50 54
50 59
50 37
51 24
51 9
51 58
51 76
51 70
52 12
53 83
53 5
54 0
54 40
54 10
54 8
54 84
54 56
58 19
58 72
58 49
58 83
58 84
58 54
58 55
58 59
59 32
59 3
59 5
59 6
59 49
59 8
59 41
59 42
59 55
59 14
59 17
59 19
59 84
59 86
59 23
59 63
59 28
59 37
61 49
61 59
61 5
62 32
62 35
62 3
62 4
62 5
62 19
62 43
62 48
62 49
62 83
62 84
63 1
63 4
63 5
63 12
63 17
63 19
63 20
63 25
63 29
63 31
63 32
63 34
63 35
63 40
63 41
63 42
63 43
63 54
63 55
63 59
63 60
63 63
63 68
63 72
63 76
63 78
63 83
63 84
64 54
66 6
67 43
67 4
67 54
67 11
67 44
67 14
67 17
67 83
67 22
68 0
68 54
68 8
68 9
68 42
68 43
68 76
68 78
68 16
68 19
68 84
68 46
68 22
68 60
69 0
69 76
69 14
69 49
69 84
69 54
69 27
69 60
69 31
72 26
76 0
76 84
76 3
76 4
76 5
76 49
76 40
76 10
76 44
76 13
76 46
76 45
76 16
76 17
76 20
76 55
76 56
76 72
76 59
76 63
78 63
79 83
81 2
81 4
81 41
81 43
81 78
81 60
81 49
81 83
81 84
81 24
81 36
81 58
81 28
82 2
82 49
82 39
82 43
82 44
82 78
82 17
82 19
82 14
82 46
83 2
83 54
83 9
83 14
83 49
83 78
83 86
83 41
84 0
84 32
84 4
84 81
84 44
84 43
84 12
84 77
84 78
84 76
84 49
84 18
84 19
84 84
84 24
84 59
84 28
84 30
84 63
85 0
85 4
85 6
85 8
85 14
85 16
85 17
85 19
85 24
85 28
85 30
85 31
85 32
85 37
85 40
85 43
85 44
85 46
85 48
85 49
85 54
85 59
85 63
85 69
85 70
85 78
85 83
86 9
86 35
86 54
86 14
86 63
87 0
87 4
87 38
87 43
87 76
87 78
87 49
87 19
87 24
87 59
