88
1 20
2 73
4 64
4 31
4 83
4 60
4 71
6 74
6 69
6 41
6 42
6 44
6 80
6 83
6 20
6 85
6 23
6 56
6 25
6 26
6 58
6 30
6 63
7 3
7 82
7 40
7 73
7 75
7 76
7 13
7 81
7 18
7 51
7 52
7 87
7 24
8 34
8 67
8 66
8 70
8 38
8 71
8 8
8 74
8 45
8 79
8 72
8 83
8 52
8 85
8 23
8 30
10 23
11 67
11 38
11 8
11 73
11 76
11 3
11 85
11 28
12 49
13 35
13 68
13 69
13 71
13 63
13 75
13 46
13 59
13 54
13 55
13 57
13 27
13 31
17 33
17 74
17 13
17 47
18 80
18 23
18 3
18 79
20 34
20 35
20 36
20 71
20 72
20 9
20 56
20 25
22 8
22 48
22 18
22 60
22 49
23 7
23 13
23 18
23 23
23 25
23 27
23 31
23 40
23 41
23 42
23 43
23 47
23 48
23 55
23 56
23 58
23 66
23 69
23 71
23 77
23 81
23 82
23 85
24 64
24 70
24 69
24 38
24 8
24 79
24 45
24 46
24 13
24 82
24 51
24 23
24 56
24 59
24 60
24 61
24 63
25 64
25 37
27 37
27 71
27 44
27 13
27 23
27 60
27 31
28 4
29 64
30 4
30 16
30 19
30 31
30 34
30 37
30 39
30 42
30 45
30 48
30 56
30 57
30 63
30 66
30 67
30 69
30 72
30 75
30 76
30 82
30 83
30 87
31 64
31 33
31 68
31 76
31 13
31 78
31 18
31 25
31 59
31 30
31 31
32 67
32 81
32 39
32 72
32 9
32 43
32 46
32 47
32 71
32 49
32 54
32 55
32 24
32 25
32 58
32 60
33 2
33 68
33 47
33 55
33 56
33 25
33 59
34 68
34 34
34 3
34 4
34 38
34 39
34 40
34 75
34 77
34 47
34 16
34 82
34 83
34 20
34 86
34 87
34 25
34 63
34 31
35 33
35 47
35 39
35 9
35 74
35 87
35 44
35 13
35 46
35 45
35 16
35 81
35 82
35 51
35 52
35 54
35 73
35 27
35 29
35 30
36 32
36 68
36 66
36 3
36 4
36 70
36 40
36 9
36 74
36 55
36 45
36 78
36 49
36 82
36 20
36 23
36 25
36 59
36 60
36 63
37 32
37 78
37 47
38 64
38 68
38 36
38 37
38 70
38 71
38 8
38 73
38 42
38 75
38 76
38 79
38 72
38 4
38 58
38 59
38 81
38 31
39 35
39 69
39 46
39 49
39 23
39 57
39 61
40 64
40 77
40 80
40 87
40 56
40 27
40 30
40 31
41 3
41 36
41 7
41 73
41 74
41 78
41 80
41 81
41 82
41 83
41 55
41 56
41 4
41 58
41 27
41 60
41 61
42 11
42 19
42 20
42 23
42 34
42 37
42 39
42 41
42 44
42 45
42 52
42 55
42 61
42 64
42 66
42 73
42 74
42 76
42 77
42 80
42 81
42 87
43 64
43 33
43 35
43 68
43 75
43 44
43 49
43 52
43 85
43 54
43 57
43 25
43 31
44 65
44 67
44 4
44 70
44 38
44 39
44 8
44 87
44 45
44 77
44 13
44 72
44 83
44 55
44 57
44 79
44 61
44 81
45 3
45 8
45 20
45 27
45 31
45 36
45 37
45 42
45 44
45 45
45 49
45 51
45 52
45 59
45 60
45 67
45 69
45 76
45 77
45 79
45 86
45 87
46 64
46 84
46 2
46 35
46 68
46 72
46 63
46 42
46 43
46 45
46 46
46 77
46 80
46 79
46 20
46 25
46 58
46 59
46 74
46 30
46 52
47 5
47 13
47 20
47 21
47 31
47 37
47 39
47 41
47 43
47 46
47 48
47 52
47 56
47 57
47 59
47 69
47 71
47 72
47 73
47 78
47 80
47 85
47 87
48 68
48 69
48 74
48 44
48 53
48 54
48 21
49 2
49 35
49 4
49 37
49 38
49 72
49 74
49 44
49 13
49 46
49 45
49 49
49 20
49 66
49 55
49 68
49 26
50 64
50 33
50 2
50 3
50 70
50 38
50 80
50 41
50 76
50 66
50 73
50 16
50 53
50 54
50 23
50 57
50 85
52 51
52 69
52 71
52 78
52 48
52 49
52 82
52 83
52 20
52 85
52 57
53 39
53 76
53 71
54 66
54 69
54 38
54 39
54 83
54 13
54 77
54 51
54 52
54 54
54 24
54 25
54 26
54 58
54 63
55 0
55 37
55 71
55 73
55 45
55 81
55 54
55 56
55 5
56 35
56 3
56 4
56 72
56 73
56 83
56 23
56 24
56 57
56 59
56 61
57 32
57 33
57 3
57 36
57 5
57 51
57 40
57 42
57 76
57 13
57 49
57 35
57 52
57 21
57 54
57 55
57 57
57 59
57 61
57 85
57 31
58 69
58 44
58 80
58 52
58 59
58 60
58 62
59 66
59 36
59 70
59 41
59 42
59 45
59 18
59 51
59 23
59 25
59 26
59 30
60 4
60 5
60 70
60 72
60 80
60 18
60 54
60 23
60 36
60 38
60 60
61 56
61 23
62 33
62 66
62 67
62 69
62 71
62 80
62 76
62 13
62 48
62 83
62 85
62 54
62 24
62 57
62 59
62 62
63 8
63 18
63 20
63 23
63 27
63 31
63 32
63 33
63 34
63 38
63 44
63 48
63 50
63 52
63 54
63 58
63 59
63 60
63 64
63 66
63 70
63 73
64 33
64 59
64 71
64 20
64 54
64 23
64 57
64 27
64 60
64 61
65 3
65 37
65 44
65 43
65 76
65 45
65 48
65 49
65 20
65 54
65 63
66 3
66 44
66 50
66 51
66 85
66 22
66 57
66 59
66 30
67 2
67 3
67 4
67 37
67 81
67 8
67 45
67 78
67 47
67 40
67 18
67 52
67 24
67 68
67 58
67 79
67 72
67 31
68 32
68 3
68 36
68 39
68 8
68 41
68 42
68 79
68 72
68 35
68 53
68 58
68 30
69 81
69 39
70 79
70 34
70 35
70 68
70 37
70 39
70 42
70 75
70 47
70 80
70 18
70 51
70 54
70 87
70 57
70 58
70 59
70 31
71 32
71 2
71 3
71 37
71 70
71 71
71 9
71 76
71 66
71 81
71 54
71 87
71 25
71 26
71 27
71 60
71 31
72 64
72 2
72 68
72 55
72 46
72 16
72 81
72 82
72 52
72 22
72 87
72 57
72 58
73 48
73 34
73 71
73 8
73 76
73 47
73 16
73 86
73 26
73 28
74 35
74 72
74 41
74 43
74 76
74 78
74 47
74 40
74 67
74 85
75 0
75 59
75 36
75 37
75 74
75 45
75 46
75 16
75 52
75 87
75 27
76 64
76 68
76 34
76 35
76 4
76 38
76 8
76 9
76 74
76 87
76 46
76 49
76 85
76 23
76 25
76 58
76 63
76 36
77 64
77 48
77 82
77 69
77 39
77 72
77 9
77 44
77 77
77 78
77 79
77 16
77 49
77 18
77 85
77 54
77 25
77 58
77 27
77 61
77 30
78 16
78 43
78 48
78 39
78 41
78 7
78 78
78 80
78 81
78 62
78 63
79 64
79 33
79 38
79 40
79 74
79 48
79 54
79 87
79 26
79 60
82 80
82 36
82 69
82 38
82 72
82 76
82 43
82 44
82 77
82 47
82 48
82 18
82 51
82 87
82 24
82 4
82 30
83 64
83 80
83 35
83 68
83 70
83 9
83 44
83 77
83 78
83 76
83 81
83 67
83 53
83 25
83 58
83 61
83 30
83 31
86 64
86 35
86 69
86 8
86 75
86 44
86 23
86 27
86 37
86 31
87 48
87 34
87 59
87 38
87 41
87 44
87 77
87 78
87 16
87 18
87 67
87 20
87 85
87 73
87 57
87 25
87 27
87 30
