88
0 74
0 43
0 30
0 22
0 61
0 62
1 24
1 36
1 5
1 22
2 3
2 37
2 39
2 43
2 44
2 13
2 79
2 51
2 23
2 63
5 0
5 70
5 3
5 36
5 5
5 6
5 41
5 43
5 13
5 50
5 67
5 52
5 21
5 22
5 23
5 60
5 37
6 5
6 13
6 21
6 22
6 23
6 26
6 28
6 30
6 34
6 38
6 43
6 44
6 48
6 50
6 51
6 57
6 58
6 61
6 70
6 76
6 77
6 85
6 86
7 0
7 1
7 13
7 22
7 23
7 24
7 26
7 28
7 30
7 33
7 36
7 37
7 38
7 42
7 43
7 45
7 47
7 51
7 52
7 58
7 60
7 61
7 62
7 63
7 67
7 85
8 1
8 34
8 66
8 5
8 38
8 33
8 42
8 39
8 13
8 48
8 51
8 74
8 22
8 23
8 86
8 26
8 28
8 61
8 63
9 1
9 3
9 4
9 6
9 13
9 21
9 22
9 23
9 26
9 30
9 31
9 34
9 36
9 38
9 40
9 42
9 50
9 52
9 60
9 63
9 67
9 87
10 33
10 5
10 43
10 85
10 23
10 63
11 0
11 13
11 21
11 22
11 26
11 27
11 28
11 36
11 42
11 43
11 48
11 49
11 50
11 51
11 56
11 57
11 58
11 61
11 62
11 66
11 75
11 79
11 83
11 86
12 5
12 13
12 21
12 22
12 28
12 30
12 37
12 42
12 43
12 44
12 50
12 51
12 58
12 61
12 62
12 65
12 70
12 71
12 75
12 76
12 77
12 79
12 82
12 86
12 87
14 4
14 38
14 39
14 74
14 13
14 48
14 62
14 22
14 24
14 28
14 30
14 63
16 3
16 4
16 5
16 6
16 43
16 79
16 48
16 50
16 51
16 53
16 22
16 62
16 38
16 86
16 30
16 37
18 1
18 3
18 5
18 6
18 8
18 22
18 23
18 28
18 30
18 31
18 34
18 38
18 39
18 42
18 44
18 48
18 58
18 60
18 61
18 63
18 74
18 79
18 82
18 87
20 34
20 3
20 36
20 49
20 8
20 75
20 46
20 48
20 43
20 50
20 51
20 53
20 30
21 3
21 5
21 13
21 23
21 30
21 31
21 34
21 36
21 38
21 40
21 43
21 44
21 58
21 60
21 62
21 63
21 64
21 65
21 67
21 74
21 75
21 86
21 87
24 3
25 48
25 1
25 13
25 38
25 71
28 0
28 1
28 2
28 3
28 5
28 6
28 22
28 23
28 26
28 27
28 30
28 34
28 36
28 38
28 40
28 43
28 51
28 62
28 66
28 70
28 72
28 73
28 85
28 86
29 0
29 1
29 3
29 13
29 22
29 23
29 24
29 28
29 33
29 34
29 37
29 38
29 39
29 48
29 51
29 54
29 61
29 63
29 67
29 74
29 75
29 76
29 81
29 86
30 1
30 4
30 6
30 13
30 22
30 23
30 25
30 26
30 27
30 28
30 30
30 32
30 34
30 36
30 38
30 39
30 43
30 51
30 57
30 58
30 61
30 62
30 63
30 67
30 74
30 75
30 86
30 87
31 65
31 74
31 27
31 62
33 3
33 36
33 6
33 74
33 43
33 61
33 50
33 22
33 26
33 28
33 42
33 30
33 31
34 3
34 5
34 6
34 8
34 13
34 22
34 23
34 27
34 28
34 30
34 36
34 37
34 38
34 39
34 48
34 50
34 58
34 60
34 61
34 63
34 64
34 71
34 77
34 79
35 0
35 3
35 74
35 48
35 49
35 51
35 25
35 61
35 62
35 63
36 0
36 3
36 6
36 23
36 26
36 30
36 34
36 37
36 38
36 39
36 42
36 43
36 50
36 51
36 62
36 63
36 64
36 66
36 67
36 69
36 70
36 72
36 74
36 75
36 76
37 0
37 3
37 5
37 6
37 8
37 13
37 22
37 23
37 28
37 30
37 31
37 36
37 39
37 41
37 42
37 43
37 48
37 51
37 58
37 62
37 75
37 83
37 86
38 0
38 51
38 44
38 13
38 53
41 0
41 82
41 37
41 40
41 42
41 87
41 13
41 49
41 50
41 51
41 62
41 23
41 58
41 30
41 63
43 74
44 42
44 51
45 5
45 41
45 62
45 54
45 28
45 30
46 0
46 6
46 13
46 22
46 23
46 26
46 28
46 38
46 43
46 48
46 50
46 53
46 61
46 62
46 67
46 70
46 71
46 73
46 75
46 76
46 79
46 86
46 87
47 33
47 69
47 42
47 13
47 50
47 86
47 23
47 26
47 28
47 62
48 0
48 1
48 13
48 22
48 23
48 24
48 25
48 28
48 30
48 31
48 34
48 37
48 38
48 40
48 42
48 43
48 44
48 48
48 50
48 51
48 62
48 63
48 65
48 70
48 72
48 77
48 79
48 80
49 36
49 38
49 74
49 13
49 83
49 22
49 23
49 25
49 42
49 62
49 63
51 0
51 65
51 37
51 62
51 13
51 48
51 49
51 85
51 58
51 30
51 63
53 8
53 74
53 28
53 61
53 38
57 3
57 6
57 13
57 22
57 23
57 26
57 28
57 30
57 33
57 37
57 46
57 48
57 50
57 51
57 57
57 58
57 61
57 63
57 69
57 73
57 74
57 75
57 79
57 86
58 50
58 30
58 6
59 0
59 3
59 6
59 13
59 22
59 23
59 26
59 27
59 28
59 30
59 34
59 45
59 50
59 51
59 54
59 60
59 61
59 62
59 63
59 72
59 73
59 75
59 79
62 43
62 68
62 5
62 39
62 41
62 75
62 76
62 51
62 86
63 50
63 30
63 5
63 62
63 63
66 0
66 5
66 6
66 22
66 23
66 25
66 26
66 36
66 47
66 48
66 50
66 58
66 61
66 62
66 63
66 66
66 67
66 69
66 71
66 74
66 76
66 85
66 86
67 5
67 6
67 13
67 22
67 27
67 28
67 30
67 34
67 38
67 39
67 47
67 48
67 50
67 54
67 57
67 58
67 61
67 62
67 63
67 64
67 67
67 79
67 81
67 86
68 0
68 34
68 67
68 36
68 38
68 72
68 42
68 44
68 13
68 50
68 82
68 22
68 26
68 28
68 61
68 63
69 0
69 1
69 2
69 22
69 23
69 26
69 27
69 28
69 30
69 38
69 39
69 41
69 42
69 43
69 46
69 48
69 50
69 51
69 61
69 66
69 69
69 74
69 75
69 76
69 86
70 34
70 43
70 36
70 38
70 71
70 75
70 2
70 48
70 50
70 22
70 61
70 30
71 0
71 1
71 3
71 5
71 6
71 13
71 21
71 25
71 27
71 28
71 30
71 33
71 37
71 38
71 43
71 48
71 50
71 54
71 56
71 61
71 62
71 63
71 76
71 79
71 83
72 65
72 34
72 5
72 38
72 6
72 61
72 62
73 75
73 77
76 0
76 34
76 68
76 37
76 43
76 79
76 62
76 56
76 58
76 61
76 30
77 43
77 23
78 0
78 48
78 79
78 37
78 13
79 1
79 5
79 8
79 13
79 26
79 28
79 30
79 36
79 37
79 38
79 40
79 43
79 46
79 50
79 51
79 53
79 57
79 61
79 63
79 64
79 79
79 83
79 86
80 0
80 6
80 13
80 22
80 23
80 24
80 26
80 31
80 34
80 36
80 37
80 38
80 41
80 42
80 44
80 48
80 50
80 51
80 58
80 62
80 68
80 69
80 79
80 82
80 85
82 13
82 31
86 0
86 3
86 6
86 8
86 13
86 22
86 26
86 28
86 30
86 34
86 37
86 42
86 43
86 56
86 61
86 62
86 63
86 68
86 71
86 73
86 74
86 78
86 79
87 3
87 5
87 22
87 23
87 26
87 28
87 30
87 35
87 37
87 38
87 42
87 43
87 47
87 48
87 50
87 51
87 56
87 62
87 63
87 74
87 75
87 79
87 85
