88
0 34
0 67
0 68
0 5
0 70
0 79
0 47
0 49
0 84
0 22
0 55
0 24
0 25
0 27
0 61
0 62
1 64
1 51
1 34
1 35
1 68
1 72
1 74
1 76
1 80
1 19
1 54
1 24
1 59
1 29
1 63
2 0
2 66
2 35
2 37
2 71
2 40
2 76
2 87
2 44
2 13
2 47
2 48
2 83
2 55
2 60
2 69
2 63
3 1
3 34
3 59
3 5
3 6
3 71
3 38
3 41
3 44
3 46
3 51
3 78
3 22
3 27
3 86
3 62
3 31
4 48
4 35
4 72
4 74
4 43
4 13
4 78
4 45
4 16
4 20
4 85
4 86
4 23
4 26
4 60
4 61
5 32
5 65
5 34
5 36
5 69
5 70
5 39
5 13
5 80
5 17
5 50
5 83
5 66
5 87
5 25
5 59
6 33
6 66
6 3
6 6
6 48
6 42
6 44
6 45
6 46
6 80
6 51
6 52
6 53
6 29
8 16
8 36
9 11
10 32
10 2
10 34
10 68
10 69
10 76
10 13
10 46
10 49
10 50
10 83
10 22
10 36
10 30
12 56
12 69
13 0
13 1
13 3
13 38
13 39
13 72
13 63
13 77
13 46
13 48
13 50
13 53
13 73
13 56
13 59
13 29
13 31
16 66
16 3
16 69
16 72
16 73
16 87
16 44
16 77
16 76
16 17
16 82
16 54
16 55
16 24
16 26
16 59
16 86
16 31
17 0
17 1
17 2
17 3
17 32
17 65
17 75
17 79
17 43
17 82
17 83
17 20
17 26
17 62
18 48
18 25
18 55
18 5
18 39
19 32
19 2
19 35
19 70
19 73
19 10
19 45
19 79
19 52
19 62
21 62
22 0
22 51
22 68
22 39
22 77
22 46
22 49
22 83
22 85
22 54
22 56
22 62
23 1
23 2
23 67
23 36
23 37
23 81
23 40
23 76
23 62
23 12
23 46
23 47
23 17
23 83
23 21
23 22
23 23
23 25
23 29
23 30
23 63
24 34
24 3
24 69
24 42
24 81
24 54
24 87
24 62
24 63
25 32
25 65
25 70
25 80
25 10
25 76
25 16
25 82
25 83
25 86
25 55
25 60
26 2
26 67
26 36
26 5
26 71
26 72
26 41
26 75
26 76
26 66
26 47
26 48
26 51
26 56
26 26
26 27
26 69
27 82
27 36
27 30
28 62
28 68
28 85
28 46
28 71
29 34
29 35
29 37
29 44
29 13
29 77
29 80
29 59
29 52
29 55
29 26
29 47
30 0
30 65
30 69
30 70
30 40
30 41
30 42
30 12
30 45
30 46
30 60
30 52
30 73
30 25
30 28
30 30
31 0
31 65
31 3
31 71
31 13
31 45
31 51
31 26
31 60
31 61
31 31
33 67
33 5
33 39
33 75
33 12
33 79
33 87
33 25
33 27
34 43
34 44
34 48
34 50
34 20
34 53
34 86
34 60
34 30
34 31
35 34
35 36
35 70
35 10
35 43
35 13
35 83
35 29
36 32
36 34
36 59
36 41
36 42
36 79
36 80
36 50
36 87
36 47
36 30
37 64
37 2
37 36
37 41
37 10
37 55
37 12
37 46
37 82
37 20
37 23
37 24
37 57
37 87
37 74
37 31
38 64
38 66
38 35
38 5
38 6
38 38
38 63
38 10
38 83
38 12
38 77
38 16
38 49
38 67
38 52
38 74
38 72
38 26
38 27
38 37
38 31
39 38
39 71
39 72
39 75
39 47
39 17
39 83
39 55
39 25
39 58
39 28
39 29
39 30
39 63
40 32
40 64
40 68
40 42
40 43
40 12
40 47
40 80
40 81
40 50
40 79
40 20
40 21
40 59
40 28
40 31
41 65
41 2
41 36
41 33
41 41
41 43
41 66
41 80
41 82
41 56
41 58
41 30
42 33
42 49
42 40
42 47
42 17
42 86
42 23
42 24
42 30
43 1
43 34
43 37
43 39
43 10
43 71
43 12
43 61
43 49
43 51
43 52
43 54
43 55
43 24
43 25
43 26
43 28
43 42
44 65
44 38
44 49
44 72
44 73
44 40
44 50
44 52
44 53
44 61
44 62
45 64
45 34
45 36
45 37
45 41
45 44
45 77
45 21
45 86
45 87
45 60
46 64
46 1
46 82
46 37
46 6
46 73
46 42
46 55
46 76
46 45
46 50
46 22
46 23
46 57
46 58
46 70
46 30
46 63
47 64
47 76
47 22
47 70
48 35
48 3
48 69
48 51
48 73
48 10
48 43
48 79
48 82
48 83
48 23
48 24
48 62
48 5
49 64
49 33
49 3
49 40
49 9
49 44
49 17
49 53
49 54
49 29
50 1
50 68
50 70
50 40
50 82
50 57
50 27
50 28
50 61
51 0
51 35
51 5
51 39
51 73
51 43
51 45
51 80
51 17
51 67
51 53
51 87
51 55
51 25
51 26
51 28
51 69
54 66
54 3
54 36
54 69
54 6
54 73
54 42
54 43
54 77
54 46
54 50
54 52
54 78
54 54
54 56
54 57
54 85
55 34
55 75
55 37
55 6
55 39
55 40
55 76
55 74
55 71
55 12
55 47
55 81
55 52
55 85
55 22
55 55
55 57
55 70
55 31
56 67
56 13
57 0
57 32
57 35
57 68
57 86
57 38
57 33
57 42
57 45
57 22
57 26
58 68
58 73
58 74
58 11
58 17
58 83
58 54
58 25
58 26
58 28
58 29
59 64
59 2
59 67
59 86
59 6
59 41
59 10
59 75
59 46
59 80
59 42
59 85
59 73
59 23
59 57
59 27
59 29
60 42
60 72
60 41
60 74
60 76
60 77
60 61
60 48
60 50
60 83
60 54
60 28
60 29
61 0
61 32
61 37
61 33
61 72
61 74
61 13
61 45
61 80
61 49
61 52
61 22
61 23
61 24
61 57
61 79
61 61
62 0
62 65
62 3
62 36
62 5
62 60
62 11
62 45
62 85
62 75
62 52
62 62
62 86
62 69
62 26
62 27
62 28
62 30
62 63
63 71
63 60
63 74
63 75
63 12
63 45
63 22
63 23
63 28
63 29
64 73
64 44
64 48
64 86
64 55
64 59
64 61
65 80
66 33
66 86
66 6
66 41
66 77
66 22
66 24
66 25
66 27
66 37
66 31
67 37
67 38
67 72
67 42
67 11
67 47
67 50
67 6
67 58
68 0
68 1
68 2
68 35
68 68
68 65
68 64
68 76
68 44
68 66
68 80
68 72
68 20
68 85
68 86
68 23
68 52
68 59
68 28
68 63
69 21
70 35
70 36
70 10
70 43
70 13
70 79
70 85
70 54
70 24
70 47
70 60
70 53
71 65
71 1
71 7
71 72
71 41
71 10
71 75
71 44
71 50
71 46
71 82
71 83
72 2
72 43
72 76
72 49
72 20
72 53
72 22
73 35
73 6
73 38
73 12
73 47
73 51
73 70
74 6
74 39
74 10
74 48
74 60
74 31
75 33
75 34
75 35
75 37
75 70
75 41
75 10
75 77
75 6
75 81
75 22
75 56
75 26
76 36
76 37
76 38
76 39
76 10
76 45
76 77
76 47
76 20
76 85
76 23
76 56
76 57
76 62
76 5
77 17
77 42
77 12
77 22
77 6
78 24
79 68
79 49
79 46
79 80
79 17
79 83
79 85
79 24
80 2
80 35
80 38
80 71
80 12
80 63
81 0
81 1
81 59
81 71
81 41
81 42
81 43
81 13
81 46
81 77
81 50
81 23
81 25
81 47
82 1
82 66
82 35
82 68
82 70
82 65
82 33
82 13
82 45
82 16
82 50
82 51
82 85
82 55
82 59
82 28
83 38
83 71
83 44
83 50
83 54
83 29
83 63
84 5
84 62
85 64
85 70
86 64
86 33
86 34
86 38
86 39
86 40
86 73
86 43
86 80
86 54
87 20
