88
0 51
0 2
0 50
0 4
0 5
0 71
0 9
0 42
0 75
0 12
0 13
0 18
0 19
0 66
0 56
0 26
0 59
0 69
1 32
1 68
1 71
1 4
1 70
1 38
1 7
1 72
1 10
1 11
1 12
1 50
1 84
1 85
1 23
1 55
1 26
1 75
1 58
1 62
2 2
2 5
2 7
2 8
2 13
2 14
2 17
2 26
2 33
2 39
2 43
2 47
2 50
2 51
2 57
2 59
2 61
2 65
2 68
2 78
2 84
2 86
3 2
3 5
3 7
3 8
3 9
3 11
3 12
3 13
3 14
3 19
3 20
3 23
3 25
3 26
3 32
3 36
3 41
3 43
3 55
3 56
3 58
3 61
3 62
3 68
3 69
3 81
3 86
4 68
4 71
4 4
4 5
4 6
4 39
4 72
4 9
4 11
4 12
4 13
4 75
4 18
4 41
4 23
4 24
4 55
4 26
4 38
4 70
4 62
5 11
5 4
5 7
5 10
5 75
5 61
6 33
6 75
6 68
6 5
6 70
6 39
6 8
6 42
6 43
6 15
6 87
6 56
6 19
6 23
6 24
6 26
6 74
6 62
7 19
7 33
7 11
7 5
7 69
8 65
8 11
8 33
8 8
8 75
8 13
8 71
8 18
8 51
8 86
8 23
8 26
9 67
9 68
9 7
9 74
9 11
9 12
9 50
9 20
9 55
10 32
10 75
10 86
10 74
10 11
10 19
10 22
10 56
10 26
11 4
11 5
11 8
11 9
11 10
11 11
11 12
11 13
11 16
11 18
11 19
11 20
11 26
11 32
11 33
11 51
11 53
11 55
11 57
11 58
11 59
11 61
11 62
11 69
11 70
11 74
11 75
11 81
12 67
12 69
12 42
12 13
12 50
12 23
13 43
13 8
13 74
13 75
13 12
13 15
13 17
13 18
13 59
14 2
14 8
14 9
14 12
14 13
14 14
14 19
14 22
14 24
14 25
14 26
14 31
14 32
14 55
14 57
14 69
14 70
14 75
14 79
14 84
14 85
14 86
14 87
15 33
15 69
15 7
15 8
15 11
15 12
15 50
15 86
15 23
15 57
15 71
15 59
15 62
16 2
16 7
16 11
16 12
16 13
16 19
16 23
16 27
16 33
16 38
16 41
16 42
16 45
16 57
16 58
16 60
16 61
16 67
16 69
16 74
16 81
16 87
17 7
17 8
17 74
17 75
17 48
17 81
17 53
17 58
19 4
19 5
19 8
19 9
19 11
19 12
19 13
19 14
19 17
19 23
19 25
19 26
19 27
19 30
19 33
19 42
19 51
19 57
19 59
19 71
19 74
19 87
20 65
20 26
21 65
21 68
21 11
21 50
21 19
21 86
22 74
23 69
23 8
23 74
23 13
23 14
23 18
23 19
23 10
24 2
24 69
24 38
24 7
24 41
24 74
24 12
25 32
25 74
25 5
25 39
25 42
25 11
25 15
25 50
25 20
25 69
25 25
25 26
25 75
25 61
25 62
25 31
26 33
26 2
26 67
26 38
26 7
26 8
26 9
26 11
26 12
26 13
26 57
26 86
26 23
26 56
26 55
26 85
27 33
28 33
28 4
28 13
28 14
28 50
28 58
28 62
29 2
29 4
29 8
29 11
29 12
29 14
29 17
29 18
29 26
29 32
29 39
29 40
29 50
29 51
29 55
29 56
29 67
29 70
29 71
29 72
29 74
29 87
30 33
30 2
30 67
30 4
30 38
30 65
30 8
30 9
30 42
30 11
30 13
30 17
30 84
30 41
30 23
30 25
30 26
30 59
30 61
30 55
31 33
31 71
31 70
31 39
31 41
31 75
31 12
31 17
31 19
31 86
31 56
31 26
31 59
32 17
33 70
33 8
33 10
33 11
33 14
33 17
33 22
33 56
33 24
33 26
34 2
34 3
34 8
34 74
34 11
34 81
35 8
35 74
35 62
35 26
35 14
36 33
36 66
36 6
36 8
36 74
36 12
36 85
36 55
36 59
37 69
37 70
37 75
37 15
37 17
37 24
38 33
38 68
38 69
38 7
38 11
38 17
38 4
39 5
39 74
39 75
39 56
39 51
39 22
39 55
39 24
39 26
39 10
40 65
40 33
40 41
40 74
40 7
40 19
40 86
41 10
41 75
41 62
41 14
41 23
42 69
42 70
42 11
42 13
42 51
42 22
43 19
43 81
43 75
44 74
44 11
44 14
44 86
44 24
44 25
44 26
45 69
45 9
45 74
45 12
45 20
45 56
45 25
45 26
45 59
46 69
46 7
46 74
46 75
46 19
46 85
46 23
47 11
47 86
48 32
48 8
48 74
48 43
48 22
48 23
48 56
48 57
48 26
49 33
49 2
49 75
49 7
49 8
49 9
49 11
49 14
49 19
49 41
49 71
49 59
50 65
50 2
50 3
50 4
50 6
50 8
50 41
50 10
50 11
50 19
50 56
50 57
50 26
50 59
50 61
50 62
51 33
51 2
51 67
51 68
51 5
51 70
51 7
51 10
51 75
51 12
51 85
51 58
52 26
52 75
52 69
52 86
52 23
53 13
55 8
55 75
55 19
55 20
55 85
55 26
56 68
56 70
56 71
56 43
56 19
56 86
56 25
56 59
57 32
57 65
57 2
57 67
57 69
57 6
57 39
57 8
57 74
57 11
57 13
57 15
57 17
57 50
57 51
57 24
57 26
57 75
57 62
58 19
59 38
59 7
59 8
59 12
59 14
59 20
59 23
59 56
59 59
60 39
60 8
60 81
60 23
60 58
60 61
61 69
61 71
61 8
61 74
61 11
61 81
61 23
62 33
62 87
62 4
62 38
62 8
62 9
62 41
62 75
62 12
62 51
62 21
62 86
62 23
62 58
62 59
62 74
62 62
63 68
63 6
64 58
65 62
66 68
66 7
66 10
66 12
66 13
66 81
66 55
66 25
67 65
67 75
67 11
67 13
67 50
67 19
67 86
67 56
68 3
68 4
68 8
68 19
68 22
68 23
68 31
68 38
68 39
68 40
68 50
68 51
68 55
68 56
68 59
68 68
68 69
68 74
68 75
68 85
68 86
68 87
69 5
69 7
69 8
69 10
69 11
69 12
69 23
69 30
69 32
69 58
69 60
69 61
69 62
69 64
69 67
69 70
69 74
69 75
69 78
69 81
69 84
69 86
69 87
70 59
70 86
70 70
70 43
70 19
70 84
70 22
70 26
70 38
71 7
71 74
71 11
71 14
71 19
71 86
71 23
71 61
71 63
72 33
72 4
72 75
72 20
72 86
72 26
72 58
73 41
73 74
73 12
73 70
73 55
74 8
74 11
74 13
74 40
74 19
74 59
75 51
75 43
75 68
75 69
75 38
75 7
75 42
75 11
75 12
75 14
75 87
75 56
75 19
75 84
75 57
75 24
75 39
75 26
75 59
75 81
76 2
76 74
76 11
76 81
76 19
76 10
77 86
77 39
78 33
78 7
78 8
78 75
78 40
78 19
78 62
79 74
79 61
79 22
79 14
79 71
81 70
81 7
81 74
81 19
81 85
81 26
81 59
81 42
81 62
82 2
82 12
82 14
82 21
82 22
82 23
82 26
82 27
82 38
82 43
82 44
82 50
82 55
82 56
82 58
82 59
82 61
82 62
82 67
82 69
82 70
82 75
82 78
82 84
82 85
82 86
83 43
83 69
83 6
83 7
83 8
83 75
83 19
83 23
83 26
84 2
84 4
84 8
84 11
84 15
84 18
84 19
84 23
84 24
84 25
84 30
84 33
84 42
84 51
84 55
84 57
84 59
84 62
84 67
84 70
84 71
84 73
84 74
84 75
84 81
84 86
84 87
85 8
85 56
85 19
85 13
86 33
86 71
86 75
86 12
86 19
86 84
86 86
86 24
86 57
86 59
87 32
87 65
87 69
87 71
87 75
87 20
87 23
87 26
87 62
