88
0 71
0 77
0 49
0 82
0 51
0 52
0 63
1 34
1 68
1 12
1 46
1 17
1 25
1 60
2 42
2 70
2 39
3 2
3 5
4 65
4 68
4 5
4 49
4 41
4 10
4 43
4 12
4 80
4 17
4 20
4 26
4 27
4 60
4 74
5 18
6 64
6 34
6 5
6 7
6 12
6 76
6 13
6 46
6 17
6 22
7 32
7 2
7 68
7 38
7 39
7 72
7 73
7 43
7 45
7 46
7 80
7 21
7 22
7 24
7 57
8 64
8 2
8 67
8 37
8 70
8 77
8 78
8 45
8 17
8 82
8 54
8 30
8 31
9 32
9 64
9 2
9 67
9 4
9 5
9 7
9 40
9 9
9 66
9 79
9 48
9 52
9 57
9 28
10 64
10 35
10 44
10 76
10 47
10 16
10 86
10 57
10 29
11 27
11 26
11 54
11 38
11 22
12 33
12 68
12 38
12 40
12 73
12 13
12 21
12 22
12 23
13 5
13 6
13 13
13 20
13 23
13 24
13 25
13 29
13 34
13 38
13 41
13 43
13 45
13 51
13 60
13 63
13 64
13 70
13 72
13 73
13 74
13 75
13 76
13 80
13 82
14 66
14 4
14 74
14 9
14 10
14 43
14 48
14 49
14 51
14 52
14 21
14 23
14 59
14 60
14 29
14 63
16 70
16 39
16 7
16 44
16 79
16 48
16 18
18 4
18 5
18 6
18 8
18 10
18 12
18 20
18 21
18 24
18 29
18 30
18 31
18 38
18 39
18 41
18 45
18 46
18 49
18 52
18 56
18 59
18 60
18 63
18 69
18 71
19 2
19 4
19 8
19 10
19 11
19 16
19 20
19 25
19 27
19 29
19 38
19 39
19 48
19 52
19 54
19 59
19 62
19 64
19 67
19 74
19 77
19 79
19 80
19 82
20 72
20 17
20 2
20 75
20 31
21 37
21 47
22 1
22 35
22 5
22 70
22 71
22 73
22 76
22 77
22 79
22 17
22 24
22 25
22 59
22 60
22 29
22 30
23 64
23 1
23 69
23 39
23 72
23 41
23 48
23 49
23 51
23 21
24 66
24 35
24 82
24 40
24 75
24 67
24 77
24 50
24 51
24 53
24 86
24 56
24 59
24 30
24 31
26 0
26 1
26 7
26 11
26 12
26 20
26 21
26 22
26 24
26 27
26 31
26 35
26 38
26 43
26 48
26 53
26 54
26 55
26 57
26 63
26 64
26 73
26 84
27 64
27 67
27 4
27 70
27 39
27 10
27 46
27 47
27 49
28 2
28 9
28 12
28 20
28 22
28 25
28 30
28 37
28 39
28 43
28 46
28 49
28 52
28 56
28 57
28 60
28 62
28 72
28 73
28 76
28 77
28 82
28 86
28 87
29 64
29 2
29 35
29 54
29 41
29 74
29 44
29 77
29 78
29 53
29 22
29 27
30 70
31 25
31 10
31 74
31 47
32 68
32 73
32 10
32 75
32 16
32 21
32 54
32 63
33 32
33 2
33 67
33 37
33 9
33 43
33 45
33 63
33 47
33 48
33 78
33 86
33 24
33 27
33 31
34 64
34 75
35 12
35 79
36 71
36 9
36 75
36 20
36 54
36 23
36 26
36 27
37 64
37 1
37 35
37 6
37 75
37 8
37 9
37 55
37 12
37 50
37 46
37 44
37 49
37 18
37 67
37 23
37 56
37 87
37 27
37 29
38 68
38 10
38 13
38 82
38 19
38 24
38 27
38 63
39 65
39 66
39 35
39 4
39 69
39 6
39 7
39 8
39 55
39 44
39 46
39 47
39 80
39 23
39 26
39 31
41 0
41 66
41 43
41 4
41 39
41 41
41 75
41 76
41 13
41 20
41 55
41 63
42 5
42 40
42 41
42 74
42 48
42 22
42 27
42 29
43 1
43 34
43 67
43 49
43 70
43 39
43 8
43 41
43 47
43 17
43 20
43 62
43 54
43 23
43 56
43 25
43 63
43 30
43 31
44 68
44 1
44 35
44 4
44 5
44 40
44 41
44 74
44 11
44 79
44 16
44 22
44 23
44 57
44 59
44 60
45 32
45 34
45 75
45 5
45 38
45 39
45 40
45 74
45 71
45 44
45 79
45 51
45 20
45 55
45 56
45 25
45 87
45 59
45 70
45 52
46 35
46 22
47 12
47 87
48 35
48 5
48 71
48 41
48 11
48 45
48 78
48 17
48 18
48 51
48 24
48 59
48 29
49 78
50 35
50 72
50 82
50 83
50 21
50 55
50 57
50 60
51 69
51 31
52 72
52 67
52 23
53 33
53 45
53 46
53 13
53 48
53 49
53 29
53 30
54 1
54 70
54 40
54 42
54 43
54 76
54 47
54 54
54 25
54 59
54 30
55 1
55 3
55 11
55 18
55 19
55 27
55 34
55 41
55 43
55 45
55 56
55 58
55 59
55 65
55 66
55 67
55 68
55 69
55 75
55 77
55 84
55 87
56 33
56 2
56 39
56 40
56 44
56 42
56 71
56 12
56 46
56 79
56 80
56 17
56 52
56 56
56 60
57 2
57 68
57 38
57 72
57 41
57 11
57 78
57 79
57 82
57 83
57 52
57 54
57 55
58 37
59 1
59 8
59 10
59 13
59 18
59 20
59 22
59 27
59 28
59 31
59 34
59 40
59 44
59 49
59 51
59 58
59 59
59 62
59 64
59 72
59 77
59 78
60 6
60 17
60 21
60 25
60 29
60 31
60 34
60 37
60 40
60 45
60 46
60 48
60 51
60 56
60 57
60 59
60 62
60 67
60 71
60 73
60 74
60 76
60 80
60 82
61 80
61 2
61 68
61 5
61 9
61 44
61 16
61 20
61 21
61 86
61 27
62 1
62 36
62 38
62 7
62 9
62 74
62 39
62 12
62 82
62 47
62 76
62 50
62 52
62 21
62 73
62 24
62 60
63 8
63 24
63 51
63 55
64 63
64 67
64 53
64 62
64 87
65 43
65 38
65 6
65 7
65 9
65 39
65 76
65 13
65 48
65 82
65 55
65 58
65 30
66 34
66 38
66 6
66 73
66 10
66 86
66 24
66 30
67 80
67 26
67 60
67 37
68 68
68 38
68 6
68 8
68 10
68 44
68 22
68 54
68 70
69 32
69 65
69 66
69 6
69 7
69 12
69 61
69 79
69 83
69 23
69 47
69 29
70 3
70 9
70 11
70 24
70 25
70 27
70 29
70 30
70 31
70 32
70 40
70 46
70 47
70 49
70 51
70 54
70 64
70 67
70 69
70 70
70 75
70 78
70 80
70 82
71 6
71 7
71 9
71 10
71 12
71 13
71 21
71 25
71 31
71 34
71 39
71 44
71 46
71 50
71 55
71 57
71 62
71 66
71 71
71 72
71 73
71 75
71 79
71 82
71 84
71 86
72 1
72 4
72 6
72 9
72 10
72 12
72 24
72 35
72 40
72 42
72 48
72 49
72 50
72 52
72 54
72 55
72 57
72 58
72 60
72 70
72 73
72 75
72 86
73 2
73 35
73 4
73 50
73 79
73 56
73 18
73 86
73 23
73 24
73 25
73 26
73 60
74 32
74 35
74 4
74 38
74 73
74 11
74 46
74 84
74 53
74 41
74 52
74 62
74 63
76 32
76 64
76 83
76 67
76 37
76 40
76 73
76 57
76 12
76 13
76 48
76 51
76 52
76 21
76 23
76 25
77 32
77 33
77 35
77 68
77 49
77 72
77 77
77 45
77 80
77 40
77 22
77 56
77 60
77 31
79 38
79 71
79 74
79 7
79 76
79 77
79 46
79 17
79 20
79 86
79 23
79 25
79 29
79 30
82 32
82 80
82 71
82 6
82 49
82 10
82 55
82 44
82 82
82 46
82 48
82 17
82 75
82 20
82 86
82 23
82 58
82 42
82 31
83 47
84 2
84 7
85 71
86 80
