88
0 2
0 67
0 9
0 48
0 51
0 26
1 66
1 38
1 72
1 41
1 10
1 83
1 12
1 13
1 82
1 51
1 74
1 21
1 87
1 24
1 58
1 61
1 31
2 76
2 63
3 34
3 3
3 21
4 39
5 1
5 34
5 33
5 8
5 9
5 10
5 39
5 12
5 47
5 49
5 86
5 26
5 59
5 74
5 30
5 31
6 83
6 61
6 7
7 32
7 34
7 35
7 57
7 11
7 79
7 67
7 21
7 22
7 55
7 83
7 25
7 58
7 60
7 74
7 63
8 0
8 1
8 83
8 65
8 39
8 8
8 9
8 57
8 45
8 47
8 51
8 21
8 41
8 25
8 60
8 29
8 85
8 31
9 32
9 33
9 39
9 12
9 46
9 80
9 49
9 82
9 19
9 21
9 57
9 24
9 25
9 27
9 78
9 63
10 64
10 3
10 68
10 7
10 75
10 47
10 43
10 21
10 57
10 58
10 60
10 62
11 3
11 72
11 41
11 11
11 76
11 78
11 17
11 53
11 46
11 86
11 58
11 29
11 31
12 68
12 65
12 66
12 3
12 4
12 5
12 8
12 10
12 11
12 12
12 47
12 17
12 50
12 51
12 86
12 36
12 26
12 60
12 74
13 65
13 67
13 51
13 33
13 10
13 47
13 48
13 17
13 19
13 59
13 63
15 36
17 0
17 33
17 66
17 67
17 6
17 39
17 64
17 74
17 78
17 48
17 72
17 58
17 59
17 60
17 61
17 63
19 17
19 50
19 84
19 25
19 58
19 31
20 49
20 33
21 32
21 8
21 12
21 47
21 17
21 30
22 33
22 12
22 17
22 47
23 1
23 66
23 3
23 33
23 7
23 72
23 41
23 74
23 11
23 13
23 80
23 47
23 48
23 49
23 23
23 62
23 63
24 0
24 66
24 3
24 39
24 75
24 41
24 11
24 12
24 48
24 17
24 50
24 19
24 87
24 23
24 57
24 58
24 27
24 60
24 29
24 31
25 64
25 8
25 10
25 11
25 46
25 47
25 58
25 53
25 23
25 87
25 27
25 26
25 63
26 72
26 68
26 47
27 19
27 43
27 83
30 48
30 10
30 63
31 48
31 49
31 47
32 64
32 66
32 37
32 46
32 50
32 78
32 57
32 58
32 63
32 53
33 1
33 2
33 10
33 12
33 13
33 17
33 21
33 23
33 30
33 35
33 36
33 39
33 48
33 49
33 57
33 61
33 62
33 67
33 71
33 77
33 78
33 80
33 82
34 67
34 50
34 22
34 24
34 60
34 31
35 21
36 32
36 51
36 66
36 43
36 4
36 38
36 39
36 10
36 11
36 78
36 19
36 55
36 25
36 26
36 27
36 60
36 58
36 62
36 68
37 1
37 68
37 72
37 9
37 55
37 80
37 50
37 51
37 62
37 87
37 30
38 66
38 86
38 49
38 8
38 41
38 71
38 12
38 46
38 47
38 17
38 50
38 51
38 78
38 73
38 55
38 58
38 60
38 63
39 64
39 33
39 66
39 75
39 63
39 11
39 76
39 13
39 47
39 82
39 53
39 87
39 27
39 30
39 31
40 1
41 0
41 1
41 67
41 3
41 33
41 9
41 12
41 82
41 78
41 48
41 50
41 35
41 41
41 86
41 23
41 57
41 60
41 31
42 33
42 2
42 3
42 37
42 9
42 10
42 43
42 82
42 46
42 50
42 42
42 86
42 57
42 25
42 75
42 60
42 29
42 30
42 31
43 33
43 2
43 59
43 68
43 6
43 75
43 17
43 50
43 27
43 60
44 65
44 42
44 13
44 48
44 50
44 60
44 29
44 62
44 63
45 64
45 1
45 35
45 0
45 41
45 74
45 11
45 45
45 48
45 86
45 30
46 34
46 67
46 7
46 63
46 42
46 75
46 46
46 17
46 53
46 39
46 26
46 27
46 31
47 33
47 12
47 45
47 80
47 50
47 58
47 29
48 43
48 46
49 1
49 67
49 36
49 38
49 9
49 10
49 83
49 58
49 59
49 61
49 31
50 0
50 64
50 3
50 39
50 74
50 48
50 59
50 61
50 63
51 64
51 80
51 66
51 3
51 36
51 8
51 12
51 45
51 48
51 72
51 67
51 58
51 63
51 60
51 29
51 31
52 64
52 57
53 0
53 34
53 68
53 71
53 76
53 66
53 46
53 47
53 48
53 50
53 62
53 87
53 24
53 57
53 63
53 60
53 30
53 31
54 38
55 0
55 1
55 2
55 3
55 33
55 38
55 32
55 72
55 73
55 11
55 82
55 46
55 71
55 17
55 50
55 58
55 59
55 28
56 64
56 66
56 3
56 49
56 75
56 12
56 13
56 46
56 50
56 16
56 17
56 82
56 34
57 0
57 66
57 35
57 39
57 8
57 9
57 12
57 14
57 80
57 17
57 82
57 41
57 23
57 72
57 25
57 31
58 1
58 36
58 76
58 42
58 11
58 12
58 46
58 48
58 82
58 83
58 21
58 23
58 26
58 27
58 74
58 63
59 33
59 3
59 68
59 39
59 40
59 42
59 46
59 82
59 83
59 24
59 57
59 58
59 74
59 62
59 31
60 1
60 2
60 3
60 38
60 7
60 10
60 39
60 12
60 48
60 83
60 21
60 55
60 87
60 59
60 60
60 63
61 67
61 82
61 37
61 41
61 74
61 11
61 13
61 78
61 17
61 18
61 58
61 73
61 26
61 63
61 60
61 29
61 31
62 0
62 65
62 2
62 35
62 36
62 38
62 10
62 13
62 77
62 66
62 23
62 25
62 26
62 59
62 58
63 67
63 36
63 38
63 7
63 41
63 10
63 12
63 50
63 82
63 3
63 20
63 21
63 26
63 27
64 0
64 1
64 35
64 68
64 32
64 64
64 9
64 10
64 39
64 45
64 47
64 17
64 73
64 55
65 65
65 67
65 82
65 76
65 74
65 43
65 13
65 45
65 47
65 80
65 49
65 50
65 21
65 86
65 75
65 60
66 0
66 33
66 2
66 3
66 38
66 70
66 55
66 76
66 19
66 87
66 57
66 26
66 27
66 62
67 64
67 1
67 67
67 35
67 9
67 75
67 78
67 47
67 17
67 50
67 19
67 23
67 24
67 58
67 31
68 0
68 65
68 35
68 38
68 73
68 78
68 48
68 19
68 9
68 21
68 23
68 24
68 60
68 63
69 32
69 66
69 2
70 66
70 26
70 21
71 9
71 42
71 78
71 17
71 82
71 86
71 25
71 26
71 59
71 60
71 29
72 0
72 34
72 74
72 5
72 38
72 72
72 10
72 12
72 46
72 17
72 51
72 52
72 26
72 61
72 31
73 1
73 2
73 7
73 63
73 43
73 78
73 82
73 83
73 21
73 46
73 59
73 31
74 66
74 3
74 38
74 11
74 44
74 45
74 78
74 15
74 80
74 17
74 50
74 21
74 24
74 62
74 58
74 47
74 30
75 64
75 3
75 38
75 7
75 8
75 10
75 11
75 12
75 78
75 47
75 19
75 87
75 57
75 60
75 63
76 36
76 38
76 71
76 43
76 12
76 45
76 47
76 17
76 86
76 24
76 29
76 31
77 86
78 65
78 2
78 67
78 69
78 38
78 33
78 75
78 46
78 59
78 23
78 27
79 1
79 3
79 6
79 39
79 73
79 10
79 47
79 81
79 59
79 55
79 27
80 32
80 1
80 34
80 64
80 73
80 42
80 12
80 66
80 78
80 76
80 83
80 74
80 57
80 25
80 26
80 60
80 58
81 2
81 39
81 10
81 75
81 48
81 49
81 53
81 26
81 59
82 10
82 31
82 87
83 24
83 10
84 62
85 66
85 12
86 0
86 66
86 3
86 75
86 34
86 47
86 11
86 56
86 62
86 24
86 30
87 64
87 2
87 3
87 39
87 13
87 46
87 50
87 83
87 87
87 59
87 30
