88
0 84
0 1
0 66
0 36
0 5
0 38
0 7
0 40
0 80
0 78
0 48
0 49
0 82
0 19
0 52
0 22
0 68
0 26
0 27
0 28
0 58
1 2
1 36
1 5
1 38
1 40
1 44
1 34
1 80
1 49
1 82
1 19
1 66
1 22
1 68
1 58
1 27
1 28
1 62
2 84
2 1
2 66
2 36
2 5
2 6
2 40
2 80
2 19
2 52
2 85
2 22
2 68
2 26
2 28
2 58
2 62
2 69
3 0
3 5
3 6
3 11
3 19
3 22
3 23
3 26
3 27
3 28
3 38
3 40
3 44
3 45
3 48
3 52
3 55
3 66
3 68
3 69
3 80
3 84
4 32
4 1
4 34
4 36
4 6
4 80
4 40
4 9
4 44
4 66
4 78
4 48
4 49
4 82
4 19
4 52
4 22
4 26
4 28
4 62
5 0
5 1
5 68
5 5
5 6
5 32
5 40
5 78
5 48
5 19
5 85
5 26
5 27
5 62
5 69
6 0
6 1
6 34
6 66
6 38
6 80
6 11
6 44
6 45
6 48
6 49
6 82
6 58
6 52
6 23
6 84
6 26
6 27
6 28
6 29
6 62
10 80
10 66
10 36
10 5
10 38
10 40
10 83
10 44
10 48
10 49
10 82
10 19
10 52
10 84
10 6
10 27
10 62
13 0
13 32
13 68
13 5
13 7
13 9
13 44
13 48
13 49
13 82
13 52
13 23
13 84
13 26
13 28
13 62
19 80
19 48
20 48
20 52
20 22
21 1
21 62
23 0
23 1
23 5
23 6
23 11
23 19
23 22
23 26
23 28
23 29
23 32
23 36
23 38
23 44
23 45
23 48
23 52
23 58
23 62
23 68
23 80
23 84
23 85
24 0
24 2
24 68
24 45
24 49
24 19
24 84
24 36
24 26
24 58
25 84
25 68
25 6
28 27
28 52
29 40
29 27
29 4
30 26
30 19
30 5
31 28
32 66
32 36
32 69
32 6
32 34
32 80
32 19
32 22
32 58
32 27
32 62
32 5
33 78
34 80
34 58
34 11
34 5
34 6
35 5
36 36
36 22
37 44
38 1
38 2
38 4
38 5
38 6
38 16
38 19
38 20
38 22
38 27
38 28
38 36
38 39
38 44
38 49
38 58
38 62
38 66
38 68
38 78
38 80
38 82
38 83
38 84
39 0
39 48
39 2
39 4
39 5
39 6
39 40
39 11
39 16
39 49
39 82
39 19
39 22
39 26
39 27
39 28
39 62
39 69
40 0
40 1
40 4
40 5
40 6
40 19
40 22
40 23
40 26
40 27
40 40
40 44
40 45
40 48
40 49
40 58
40 62
40 68
40 69
40 78
40 82
40 84
40 85
41 66
41 36
41 49
41 19
41 52
41 62
43 2
43 68
43 5
43 6
43 11
43 44
43 34
43 78
43 45
43 48
43 49
43 84
43 85
43 22
43 26
43 28
44 84
44 1
44 36
44 38
44 40
44 44
44 48
44 49
44 19
44 52
44 22
44 68
44 26
44 27
44 28
44 62
45 84
45 80
45 2
45 36
45 5
45 6
45 39
45 66
45 48
45 20
45 85
45 22
45 68
45 26
45 27
45 28
46 32
46 68
46 66
46 4
46 6
46 80
46 11
46 44
46 48
46 49
46 19
46 52
46 85
46 36
46 62
46 84
47 32
47 68
47 4
47 5
47 6
47 7
47 80
47 44
47 48
47 19
47 52
47 85
47 22
47 36
47 27
47 28
47 62
48 1
48 6
48 9
48 11
48 19
48 27
48 28
48 29
48 32
48 34
48 40
48 44
48 48
48 49
48 58
48 62
48 66
48 68
48 69
48 78
48 80
48 84
49 0
49 68
49 6
49 40
49 44
49 80
49 58
49 52
49 22
49 84
49 26
49 27
49 28
49 29
49 62
52 84
52 80
52 66
52 68
52 5
52 6
52 44
52 48
52 49
52 19
52 20
52 22
52 52
52 58
52 27
52 62
53 36
53 5
53 6
53 11
53 78
53 52
53 26
53 58
54 36
54 39
54 40
54 11
54 44
54 80
54 22
54 55
54 26
54 27
55 0
55 66
55 68
55 5
55 40
55 11
55 44
55 78
55 48
55 82
55 19
55 52
55 22
55 83
55 84
55 26
55 27
55 58
56 0
56 32
56 2
56 36
56 5
56 6
56 40
56 80
56 11
56 66
56 48
56 83
56 52
56 85
56 68
56 26
56 28
56 84
57 66
57 4
57 5
57 6
57 34
57 48
57 82
57 68
57 26
57 27
57 62
58 32
58 1
58 66
58 68
58 5
58 6
58 39
58 11
58 44
58 78
58 80
58 49
58 19
58 52
58 85
58 22
58 84
58 58
58 27
58 28
58 62
59 0
59 68
59 2
59 4
59 5
59 6
59 83
59 34
59 19
59 52
59 22
59 36
59 26
59 28
59 58
59 62
62 0
62 6
62 22
62 26
62 28
62 62
63 0
63 4
63 9
63 16
63 19
63 22
63 26
63 27
63 28
63 32
63 36
63 39
63 40
63 44
63 48
63 52
63 58
63 62
63 68
63 69
63 80
63 84
63 85
64 0
64 4
64 5
64 7
64 19
64 20
64 22
64 26
64 27
64 28
64 34
64 36
64 39
64 40
64 44
64 45
64 48
64 52
64 62
64 69
64 80
64 84
65 0
65 32
65 2
65 68
65 38
65 40
65 11
65 48
65 49
65 52
65 85
65 22
65 84
65 26
65 27
65 28
65 62
66 40
66 58
66 27
66 52
67 40
67 27
67 19
67 22
68 1
68 2
68 4
68 5
68 6
68 7
68 19
68 26
68 28
68 32
68 36
68 40
68 44
68 45
68 49
68 52
68 58
68 68
68 69
68 78
68 83
68 84
69 80
69 2
69 68
69 5
69 6
69 40
69 9
69 11
69 78
69 48
69 49
69 82
69 52
69 85
69 22
69 84
69 26
69 27
69 28
69 62
69 69
70 48
70 80
70 49
70 84
70 26
70 27
70 28
70 62
71 0
71 1
71 2
71 4
71 5
71 6
71 9
71 19
71 22
71 26
71 28
71 32
71 36
71 44
71 48
71 49
71 52
71 58
71 62
71 66
71 69
71 78
71 82
72 0
72 1
72 66
72 36
72 6
72 84
72 22
72 27
72 62
73 1
73 2
73 36
73 5
73 6
73 9
73 11
73 44
73 66
73 80
73 19
73 52
73 85
73 22
73 68
73 62
74 0
74 1
74 2
74 36
74 6
74 32
74 83
74 44
74 34
74 19
74 84
74 66
74 22
74 68
74 58
74 27
74 28
75 48
75 36
75 5
75 38
75 40
75 9
75 80
75 16
75 49
75 82
75 52
75 22
75 84
75 58
75 28
75 62
76 68
76 84
76 66
76 4
76 38
76 6
76 80
76 19
76 52
76 22
76 36
76 26
76 27
76 62
76 69
77 84
77 34
77 4
77 69
77 6
77 11
77 44
77 66
77 49
77 52
77 55
77 36
77 26
77 27
77 28
77 58
77 62
78 84
78 1
78 36
78 5
78 6
78 40
78 11
78 44
78 78
78 48
78 49
78 82
78 52
78 85
78 68
78 26
78 27
78 62
79 40
79 44
79 68
79 5
79 62
82 0
82 1
82 34
82 5
82 6
82 32
82 38
82 80
82 11
82 48
82 49
82 19
82 52
82 85
82 22
82 83
82 26
82 27
82 58
82 62
85 0
85 1
85 2
85 5
85 6
85 11
85 22
85 26
85 27
85 28
85 29
85 36
85 38
85 44
85 49
85 52
85 55
85 68
85 69
85 78
85 80
85 82
85 83
85 84
86 66
86 6
86 40
86 49
86 84
86 58
87 32
87 80
87 2
87 4
87 5
87 84
87 11
87 34
87 48
87 49
87 82
87 19
87 52
87 66
87 23
87 68
87 26
87 27
