88
0 68
0 86
0 71
0 41
0 42
0 11
0 44
0 46
0 79
0 18
0 51
0 85
0 54
0 25
0 58
0 62
1 65
1 71
1 75
1 44
1 80
1 58
1 60
2 51
2 2
2 11
2 77
2 71
3 71
3 72
3 44
3 80
3 81
3 85
3 54
3 55
3 63
4 35
4 68
4 71
4 10
4 75
4 76
4 81
4 62
4 87
4 59
4 30
5 32
5 5
5 38
5 9
5 50
5 86
5 26
5 54
5 28
5 58
6 63
6 30
6 71
8 72
8 26
8 13
9 49
9 63
10 32
10 2
10 36
10 70
10 40
10 75
10 76
10 13
10 61
10 48
10 49
10 52
10 86
10 25
10 26
10 58
10 63
11 64
11 1
11 34
11 35
11 68
11 38
11 65
11 42
11 81
11 55
11 26
11 62
12 57
12 28
13 54
13 38
14 1
14 2
14 5
14 7
14 8
14 9
14 10
14 13
14 25
14 34
14 41
14 42
14 44
14 45
14 49
14 52
14 54
14 55
14 56
14 61
14 67
14 71
14 72
14 75
14 85
16 18
16 10
17 66
17 38
17 40
17 45
17 47
17 81
17 23
18 76
18 78
18 71
19 64
19 51
19 67
19 4
19 37
19 9
19 80
19 49
19 3
19 41
19 25
19 28
20 41
20 11
21 32
21 2
21 59
21 68
21 81
21 7
21 75
21 49
21 82
21 67
21 54
21 57
21 27
21 61
21 30
22 0
22 2
22 6
22 18
22 23
22 28
22 38
22 41
22 46
22 49
22 51
22 54
22 56
22 60
22 63
22 67
22 68
22 70
22 72
22 73
22 75
22 76
22 79
22 80
22 83
22 86
22 87
23 54
24 79
25 4
25 54
25 38
25 71
25 41
25 10
25 11
25 44
25 49
25 86
25 55
25 62
26 60
26 55
27 71
27 43
27 77
27 51
27 52
27 58
28 61
29 0
29 32
29 67
29 4
29 64
29 74
29 48
29 49
29 50
29 85
29 55
29 25
29 26
29 27
29 60
30 0
30 1
30 67
30 68
30 5
30 6
30 7
30 72
30 9
30 13
30 46
30 60
30 80
30 52
30 21
30 73
30 85
30 28
30 62
30 63
31 1
31 6
31 8
31 9
31 12
31 13
31 21
31 25
31 28
31 38
31 41
31 42
31 46
31 48
31 50
31 51
31 52
31 55
31 62
31 68
31 71
31 72
31 73
31 75
31 77
31 85
31 87
32 64
32 0
32 68
32 9
32 75
32 49
32 21
32 22
32 28
33 32
33 1
33 4
33 33
33 40
33 73
33 39
33 76
33 13
33 80
33 17
33 21
33 55
33 25
33 59
33 60
34 0
34 7
34 44
34 47
34 21
34 23
34 26
34 63
34 53
34 31
35 64
35 3
36 64
36 1
36 67
36 70
36 7
36 10
36 13
36 18
36 60
37 55
37 13
37 47
38 0
38 64
38 34
38 9
38 75
38 76
38 13
38 46
38 49
38 18
38 21
38 73
38 41
38 58
38 60
38 61
38 62
39 0
39 64
39 12
39 21
39 79
40 58
40 28
41 64
41 70
41 7
41 8
41 78
41 48
41 51
41 52
41 55
41 28
41 30
41 63
42 3
42 4
42 86
42 38
42 49
42 10
42 44
42 13
42 47
42 48
42 17
42 54
42 68
42 79
42 28
42 61
42 30
43 1
43 68
43 49
43 8
43 44
43 13
43 40
44 9
44 61
44 44
44 37
44 55
45 2
45 42
46 1
46 7
46 9
46 11
46 13
46 16
46 25
46 28
46 34
46 36
46 44
46 46
46 52
46 53
46 54
46 55
46 57
46 58
46 60
46 62
46 71
46 72
46 73
46 76
46 77
46 79
47 32
47 41
47 42
47 83
47 60
48 64
48 66
48 3
48 4
48 86
48 7
48 41
48 43
48 44
48 13
48 79
48 80
48 49
48 51
48 52
48 22
48 73
48 56
48 83
48 58
48 60
49 1
49 2
49 70
49 71
49 8
49 73
49 10
49 75
49 34
49 52
49 55
49 61
50 60
50 68
50 38
51 1
51 6
51 7
51 8
51 9
51 10
51 21
51 24
51 25
51 28
51 33
51 39
51 41
51 44
51 52
51 55
51 58
51 60
51 61
51 62
51 63
51 64
51 71
51 73
51 77
51 78
51 79
51 80
51 81
52 33
52 75
52 52
53 0
53 64
53 2
53 4
53 6
53 40
53 41
53 66
53 43
53 76
53 45
53 80
53 18
53 52
53 21
53 73
53 58
53 74
54 1
54 2
54 4
54 39
54 11
54 34
54 46
54 48
54 18
54 27
54 28
54 62
55 6
55 8
55 9
55 10
55 18
55 21
55 28
55 31
55 32
55 42
55 46
55 50
55 51
55 52
55 55
55 56
55 61
55 63
55 65
55 72
55 73
55 74
55 77
55 79
55 80
55 81
56 2
56 58
57 67
57 38
57 13
57 50
57 82
57 51
57 84
57 22
57 56
57 63
57 31
58 28
58 21
59 1
59 2
59 68
59 40
59 60
59 44
59 51
59 52
59 28
59 63
60 66
60 4
60 37
60 11
60 2
60 49
60 51
60 85
60 54
60 56
60 60
60 21
61 32
61 1
61 67
61 70
61 6
61 8
61 64
61 10
61 79
61 40
61 18
61 51
61 84
61 21
61 73
61 25
61 58
61 27
61 74
61 63
62 1
62 4
62 8
62 81
62 85
62 24
62 62
63 2
63 4
63 6
63 12
63 13
63 18
63 23
63 25
63 28
63 34
63 41
63 44
63 48
63 49
63 54
63 55
63 58
63 63
63 66
63 67
63 68
63 72
63 73
63 77
63 80
63 81
63 87
64 72
64 67
64 31
65 6
65 8
65 28
65 80
65 60
65 61
66 48
66 2
66 67
66 4
66 5
66 73
66 80
66 82
66 21
66 55
66 26
66 61
67 35
67 68
67 5
67 9
67 10
67 81
67 50
67 52
67 85
67 41
67 21
67 53
67 31
68 43
68 61
68 6
69 73
69 25
69 49
70 28
70 13
71 1
71 3
71 4
71 6
71 8
71 9
71 11
71 12
71 13
71 17
71 18
71 21
71 28
71 32
71 34
71 41
71 44
71 46
71 53
71 58
71 64
71 68
71 70
71 71
71 73
71 75
71 80
71 81
71 85
72 6
72 7
72 8
72 71
72 44
72 79
72 48
72 49
72 18
72 85
72 54
72 55
72 25
72 62
72 81
73 64
73 65
73 2
73 3
73 7
73 73
73 11
73 76
73 80
73 17
73 67
73 87
73 23
73 71
73 60
74 0
74 1
74 4
74 6
74 9
74 10
74 13
74 22
74 26
74 28
74 34
74 38
74 40
74 47
74 48
74 51
74 54
74 55
74 58
74 62
74 63
74 64
74 67
74 70
74 71
74 76
74 80
74 81
74 85
74 87
75 18
75 87
75 85
75 7
76 64
76 56
77 32
77 83
78 1
78 70
78 38
78 71
78 40
78 75
78 44
78 45
78 48
78 18
78 51
78 52
78 54
78 87
78 58
78 61
78 63
79 65
79 5
79 8
79 42
79 75
79 77
79 49
79 50
79 62
79 22
79 56
79 72
79 60
79 10
79 30
80 40
80 56
80 58
80 38
81 2
81 76
81 63
82 41
82 58
82 75
82 52
82 85
83 1
83 3
83 4
83 49
83 7
83 75
83 61
83 81
83 18
83 71
83 60
83 58
84 10
84 62
84 79
85 4
85 42
85 77
85 18
85 21
85 68
85 58
85 28
85 53
86 6
86 9
86 46
86 79
86 28
86 63
87 2
87 3
87 4
87 12
87 17
87 18
87 19
87 29
87 30
87 36
87 37
87 41
87 44
87 45
87 48
87 51
87 52
87 54
87 61
87 62
87 65
87 72
87 73
87 79
87 80
87 81
87 86
87 87
