88
0 0
0 1
0 2
0 3
0 5
0 6
0 13
0 19
0 20
0 22
0 24
0 26
0 29
0 34
0 37
0 38
0 40
0 42
0 50
0 56
0 57
0 60
0 63
0 65
0 67
0 68
0 69
0 70
0 72
0 73
0 76
0 77
0 79
0 84
0 86
0 87
6 0
6 1
6 2
6 3
6 6
6 10
6 19
6 20
6 22
6 24
6 31
6 34
6 37
6 38
6 40
6 42
6 43
6 46
6 51
6 56
6 57
6 63
6 67
6 68
6 70
6 71
6 76
6 77
6 87
11 0
11 1
11 2
11 5
11 8
11 9
11 10
11 13
11 17
11 19
11 22
11 24
11 31
11 34
11 37
11 42
11 43
11 44
11 46
11 52
11 57
11 62
11 63
11 65
11 67
11 68
11 70
11 72
11 73
11 77
11 79
11 86
15 1
15 2
15 3
15 5
15 8
15 10
15 13
15 20
15 22
15 24
15 37
15 40
15 42
15 43
15 46
15 56
15 57
15 63
15 68
15 70
15 71
15 73
15 76
15 77
15 86
15 87
16 1
16 2
16 3
16 5
16 6
16 8
16 9
16 10
16 13
16 19
16 20
16 22
16 26
16 31
16 34
16 37
16 38
16 40
16 42
16 47
16 50
16 51
16 52
16 56
16 57
16 65
16 68
16 69
16 72
16 76
16 77
16 79
16 87
17 0
17 1
17 2
17 3
17 4
17 5
17 6
17 8
17 9
17 10
17 13
17 19
17 26
17 31
17 34
17 37
17 38
17 40
17 42
17 45
17 46
17 47
17 50
17 51
17 52
17 57
17 60
17 62
17 63
17 65
17 68
17 69
17 70
17 71
17 72
17 73
17 76
17 79
17 86
17 87
18 0
18 1
18 2
18 3
18 5
18 6
18 8
18 9
18 13
18 22
18 26
18 30
18 31
18 37
18 38
18 40
18 42
18 43
18 46
18 51
18 52
18 56
18 57
18 63
18 65
18 67
18 68
18 69
18 72
18 76
18 77
18 79
18 86
18 87
25 0
25 1
25 2
25 3
25 5
25 6
25 8
25 10
25 17
25 19
25 20
25 22
25 24
25 26
25 30
25 31
25 37
25 38
25 40
25 42
25 46
25 47
25 56
25 57
25 60
25 62
25 63
25 65
25 67
25 68
25 69
25 70
25 71
25 72
25 73
25 76
25 77
25 84
25 86
25 87
27 0
27 65
27 2
27 38
27 6
27 42
27 76
27 13
27 77
27 20
27 22
27 24
27 57
27 79
27 70
27 69
27 31
28 0
28 1
28 2
28 3
28 5
28 6
28 10
28 13
28 19
28 20
28 22
28 24
28 26
28 30
28 31
28 38
28 40
28 42
28 46
28 51
28 56
28 57
28 60
28 63
28 65
28 67
28 68
28 69
28 70
28 71
28 72
28 73
28 76
28 77
28 84
28 86
28 87
30 0
30 2
30 3
30 4
30 5
30 6
30 10
30 13
30 19
30 20
30 22
30 24
30 30
30 31
30 34
30 37
30 38
30 40
30 42
30 43
30 44
30 46
30 50
30 51
30 56
30 57
30 60
30 62
30 63
30 65
30 67
30 70
30 71
30 72
30 73
30 76
30 77
30 79
30 84
30 87
31 1
31 2
31 3
31 5
31 10
31 19
31 20
31 22
31 34
31 37
31 38
31 40
31 42
31 43
31 46
31 50
31 52
31 56
31 63
31 67
31 68
31 69
31 71
31 72
31 73
31 76
31 77
31 79
31 87
33 0
33 1
33 3
33 4
33 5
33 6
33 10
33 17
33 19
33 20
33 22
33 26
33 31
33 34
33 37
33 38
33 40
33 42
33 43
33 46
33 50
33 52
33 56
33 57
33 63
33 65
33 67
33 68
33 69
33 70
33 71
33 72
33 73
33 76
33 77
33 79
33 86
33 87
35 0
35 1
35 2
35 3
35 6
35 9
35 10
35 13
35 19
35 22
35 24
35 26
35 31
35 34
35 37
35 40
35 43
35 44
35 46
35 47
35 50
35 51
35 56
35 63
35 65
35 67
35 68
35 70
35 71
35 72
35 73
35 76
35 77
35 79
35 87
36 1
36 2
36 3
36 5
36 6
36 19
36 20
36 22
36 24
36 26
36 40
36 42
36 43
36 46
36 50
36 51
36 56
36 57
36 63
36 65
36 69
36 70
36 71
36 72
36 73
36 77
36 79
36 87
39 0
39 1
39 2
39 3
39 4
39 6
39 10
39 13
39 20
39 22
39 24
39 29
39 30
39 31
39 34
39 37
39 40
39 42
39 43
39 45
39 50
39 51
39 52
39 56
39 57
39 62
39 63
39 65
39 67
39 68
39 69
39 70
39 71
39 72
39 73
39 76
39 77
39 84
39 86
41 0
41 1
41 2
41 3
41 5
41 6
41 9
41 10
41 13
41 19
41 24
41 26
41 34
41 37
41 38
41 40
41 42
41 43
41 48
41 50
41 51
41 52
41 56
41 57
41 63
41 65
41 67
41 68
41 69
41 70
41 71
41 73
41 76
41 77
41 79
41 86
41 87
42 0
42 1
42 2
42 3
42 5
42 6
42 10
42 13
42 20
42 22
42 24
42 31
42 34
42 40
42 42
42 43
42 46
42 51
42 52
42 56
42 63
42 68
42 69
42 72
42 73
42 76
42 77
42 86
42 87
43 1
43 2
43 3
43 5
43 6
43 8
43 9
43 13
43 19
43 22
43 24
43 26
43 30
43 37
43 38
43 40
43 42
43 43
43 46
43 47
43 50
43 51
43 52
43 57
43 60
43 62
43 63
43 65
43 67
43 68
43 69
43 70
43 71
43 72
43 73
43 76
43 77
43 79
43 87
54 0
54 2
54 3
54 6
54 13
54 17
54 22
54 24
54 29
54 34
54 37
54 38
54 40
54 42
54 46
54 51
54 52
54 56
54 57
54 63
54 69
54 70
54 72
54 73
54 77
54 79
54 86
58 0
58 1
58 2
58 3
58 4
58 6
58 9
58 10
58 20
58 22
58 24
58 26
58 29
58 30
58 31
58 34
58 37
58 42
58 44
58 46
58 47
58 50
58 51
58 52
58 56
58 57
58 65
58 67
58 68
58 69
58 70
58 71
58 72
58 73
58 77
58 84
58 86
58 87
64 0
64 1
64 2
64 3
64 5
64 6
64 8
64 9
64 13
64 17
64 19
64 20
64 22
64 31
64 34
64 37
64 38
64 40
64 42
64 43
64 46
64 47
64 48
64 49
64 50
64 51
64 52
64 56
64 57
64 63
64 65
64 67
64 69
64 71
64 72
64 73
64 76
64 77
64 79
64 87
71 0
71 1
71 2
71 5
71 6
71 10
71 13
71 19
71 20
71 22
71 24
71 26
71 30
71 31
71 34
71 37
71 38
71 40
71 42
71 43
71 46
71 50
71 51
71 52
71 56
71 65
71 68
71 69
71 70
71 72
71 76
71 79
71 87
74 0
74 1
74 2
74 3
74 4
74 6
74 9
74 10
74 20
74 22
74 26
74 31
74 37
74 38
74 40
74 46
74 50
74 51
74 56
74 57
74 65
74 68
74 69
74 71
74 72
74 76
74 77
74 79
74 87
82 0
82 2
82 3
82 4
82 5
82 6
82 22
82 26
82 30
82 31
82 34
82 37
82 40
82 42
82 46
82 49
82 50
82 51
82 52
82 56
82 57
82 60
82 65
82 67
82 69
82 70
82 71
82 72
82 73
82 76
82 77
82 79
82 84
82 86
82 87
83 0
83 2
83 3
83 4
83 5
83 6
83 8
83 10
83 13
83 17
83 19
83 20
83 22
83 24
83 30
83 31
83 34
83 37
83 40
83 42
83 43
83 46
83 50
83 52
83 56
83 57
83 60
83 63
83 65
83 67
83 68
83 69
83 71
83 72
83 76
83 77
83 79
83 84
83 86
83 87
