88
0 32
0 0
0 5
0 8
0 18
0 78
0 82
0 83
0 52
0 84
0 58
0 37
1 32
1 5
1 8
1 18
1 84
1 52
1 58
1 37
2 0
2 32
2 83
2 5
2 65
2 7
2 8
2 82
2 78
2 47
2 16
2 18
2 19
2 52
2 21
2 87
2 25
2 58
2 79
2 84
2 37
3 0
3 32
3 83
3 5
3 65
3 7
3 8
3 11
3 82
3 78
3 47
3 18
3 19
3 52
3 84
3 58
3 37
4 0
4 32
4 5
4 65
4 7
4 8
4 11
4 82
4 78
4 47
4 18
4 83
4 52
4 21
4 87
4 25
4 58
4 84
4 37
6 0
6 32
6 83
6 5
6 65
6 7
6 8
6 82
6 78
6 47
6 18
6 19
6 52
6 21
6 87
6 84
6 58
6 37
9 0
9 32
9 5
9 84
9 7
9 8
9 82
9 78
9 47
9 18
9 83
9 52
9 85
9 87
9 25
9 58
9 69
9 37
10 0
10 32
10 83
10 5
10 84
10 7
10 8
10 11
10 82
10 78
10 47
10 16
10 18
10 19
10 52
10 21
10 87
10 25
10 58
10 69
10 37
13 0
13 32
13 83
13 5
13 65
13 7
13 8
13 11
13 78
13 47
13 16
13 82
13 19
13 52
13 87
13 25
13 58
13 79
13 84
13 69
13 37
14 0
14 32
14 5
14 8
14 82
14 78
14 18
14 83
14 84
14 52
14 58
14 37
15 32
15 5
15 7
15 8
15 82
15 78
15 47
15 18
15 83
15 84
15 52
15 58
15 37
20 0
20 32
20 83
20 5
20 84
20 7
20 8
20 11
20 82
20 78
20 47
20 18
20 19
20 52
20 87
20 25
20 58
20 37
22 32
22 5
23 18
23 83
23 78
24 0
24 32
24 83
24 5
24 7
24 8
24 11
24 78
24 47
24 18
24 19
24 84
24 21
24 87
24 58
24 85
24 37
26 32
26 65
26 37
26 8
26 78
26 18
26 84
26 52
26 58
26 5
27 32
27 65
27 5
27 19
27 11
27 18
27 83
27 84
27 58
28 0
28 32
28 83
28 5
28 7
28 8
28 11
28 82
28 78
28 18
28 19
28 52
28 87
28 84
28 58
28 69
28 37
29 0
29 37
29 7
29 8
29 18
29 78
29 82
29 19
29 52
29 58
30 0
30 32
30 5
30 19
30 8
30 11
30 18
30 78
30 82
30 83
30 84
30 58
30 37
31 32
31 0
31 83
31 5
31 8
31 82
31 78
31 18
31 19
31 52
31 84
31 58
32 0
32 32
32 83
32 5
32 65
32 7
32 8
32 82
32 78
32 47
32 18
32 19
32 52
32 21
32 87
32 25
32 58
32 84
32 37
33 0
33 5
33 7
33 8
33 11
33 16
33 18
33 19
33 21
33 25
33 32
33 37
33 47
33 52
33 58
33 65
33 69
33 78
33 82
33 83
33 84
33 85
33 87
34 32
34 65
34 83
34 5
34 84
34 7
34 8
34 11
34 78
34 47
34 16
34 18
34 19
34 52
34 25
34 58
34 69
34 37
36 18
36 37
36 78
36 5
38 32
38 84
38 83
38 5
38 7
38 8
38 82
38 78
38 47
38 16
38 18
38 19
38 52
38 87
38 25
38 58
38 37
39 32
39 19
39 5
39 8
39 18
39 47
39 82
39 83
39 52
39 87
39 84
39 58
39 37
41 0
41 5
41 7
41 8
41 11
41 16
41 18
41 19
41 21
41 25
41 32
41 37
41 47
41 52
41 58
41 69
41 78
41 82
41 83
41 84
41 85
41 87
42 32
42 5
42 8
42 18
42 78
42 82
42 84
42 58
43 0
43 32
43 83
43 5
43 84
43 7
43 8
43 11
43 82
43 78
43 47
43 16
43 18
43 19
43 52
43 87
43 25
43 58
43 37
45 32
45 65
45 83
45 5
45 84
45 7
45 8
45 11
45 82
45 78
45 47
45 16
45 18
45 19
45 52
45 21
45 87
45 25
45 58
45 69
45 37
46 32
46 83
46 5
46 8
46 11
46 18
46 78
46 82
46 19
46 84
46 52
46 58
46 37
49 0
49 32
49 83
49 5
49 84
49 65
49 8
49 11
49 82
49 78
49 47
49 18
49 19
49 52
49 87
49 25
49 58
49 37
50 0
50 5
50 7
50 8
50 11
50 16
50 18
50 19
50 21
50 25
50 32
50 37
50 47
50 52
50 58
50 69
50 78
50 79
50 82
50 83
50 84
50 85
50 87
51 18
51 84
54 0
54 32
54 83
54 5
54 84
54 7
54 8
54 11
54 82
54 78
54 47
54 18
54 19
54 52
54 85
54 87
54 25
54 58
54 37
56 5
56 8
56 82
56 78
56 18
56 19
56 84
56 58
57 0
57 5
57 7
57 8
57 11
57 16
57 18
57 19
57 21
57 25
57 32
57 37
57 47
57 58
57 65
57 69
57 78
57 79
57 82
57 83
57 84
57 85
57 87
59 0
59 32
59 5
59 7
59 8
59 11
59 82
59 78
59 47
59 18
59 52
59 87
59 84
59 58
59 37
60 0
60 32
60 83
60 5
60 84
60 7
60 8
60 11
60 82
60 78
60 47
60 16
60 18
60 19
60 52
60 21
60 87
60 25
60 58
60 69
60 37
62 0
62 32
62 83
62 5
62 7
62 8
62 82
62 78
62 18
62 19
62 84
62 87
62 52
62 58
63 0
63 5
63 7
63 8
63 11
63 16
63 18
63 19
63 21
63 25
63 32
63 37
63 47
63 52
63 58
63 65
63 69
63 78
63 82
63 83
63 84
63 85
64 0
64 32
64 83
64 5
64 65
64 7
64 8
64 11
64 82
64 78
64 16
64 18
64 19
64 52
64 21
64 87
64 25
64 58
64 84
64 69
64 37
66 32
66 5
66 8
66 18
66 78
66 47
66 82
66 19
66 84
66 52
66 58
66 37
67 32
67 19
67 5
67 8
67 11
67 18
67 78
67 82
67 83
67 84
67 25
67 58
67 52
67 37
70 37
70 8
70 78
70 18
70 84
70 58
72 0
72 32
72 83
72 5
72 8
72 11
72 82
72 78
72 47
72 18
72 19
72 52
72 87
72 84
72 58
72 79
72 37
73 0
73 32
73 83
73 5
73 65
73 7
73 8
73 11
73 82
73 78
73 79
73 18
73 19
73 52
73 87
73 84
73 58
73 37
74 0
74 32
74 83
74 5
74 84
74 7
74 8
74 11
74 82
74 78
74 47
74 16
74 18
74 19
74 52
74 87
74 25
74 58
74 79
74 69
74 37
75 0
75 5
75 7
75 8
75 11
75 16
75 18
75 19
75 21
75 25
75 32
75 37
75 47
75 52
75 58
75 65
75 69
75 78
75 82
75 83
75 84
75 87
76 32
76 84
76 83
76 5
76 7
76 8
76 11
76 82
76 78
76 47
76 16
76 18
76 19
76 52
76 87
76 25
76 58
76 37
78 0
78 5
78 7
78 8
78 11
78 16
78 18
78 19
78 25
78 32
78 37
78 47
78 52
78 58
78 65
78 69
78 78
78 82
78 83
78 84
78 85
78 87
81 32
81 37
81 7
81 8
81 18
81 78
81 82
81 83
81 84
81 52
81 58
81 5
82 5
82 7
82 8
82 11
82 16
82 18
82 19
82 21
82 25
82 32
82 37
82 47
82 52
82 58
82 65
82 69
82 78
82 79
82 82
82 83
82 84
82 87
84 0
84 32
84 83
84 5
84 65
84 7
84 8
84 11
84 82
84 78
84 47
84 16
84 18
84 19
84 52
84 87
84 25
84 58
84 79
84 84
84 37
86 0
86 32
86 83
86 5
86 84
86 7
86 8
86 11
86 82
86 78
86 47
86 16
86 18
86 19
86 52
86 21
86 87
86 25
86 58
86 69
86 37
