88
0 0
0 1
0 2
0 3
0 4
0 5
0 6
0 7
0 9
0 10
0 11
0 14
0 16
0 17
0 18
0 19
0 22
0 23
0 28
0 30
0 35
0 36
0 37
0 38
0 42
0 44
0 50
0 51
0 55
0 59
0 62
0 65
0 69
0 71
0 74
0 75
0 80
0 81
0 83
0 84
0 86
0 87
2 0
2 2
2 3
2 4
2 6
2 8
2 10
2 12
2 13
2 14
2 17
2 19
2 22
2 23
2 26
2 27
2 35
2 36
2 37
2 38
2 39
2 40
2 41
2 42
2 43
2 44
2 50
2 55
2 57
2 59
2 61
2 70
2 71
2 75
2 81
2 82
2 83
2 84
5 3
5 61
5 7
9 1
9 2
9 3
9 7
9 9
9 10
9 13
9 14
9 17
9 18
9 19
9 22
9 27
9 28
9 36
9 40
9 42
9 43
9 45
9 50
9 53
9 55
9 59
9 61
9 69
9 75
9 77
9 80
9 83
10 0
10 1
10 2
10 3
10 4
10 5
10 6
10 7
10 10
10 11
10 12
10 13
10 14
10 17
10 19
10 22
10 26
10 27
10 33
10 36
10 37
10 38
10 39
10 40
10 41
10 44
10 59
10 62
10 67
10 69
10 70
10 71
10 74
10 75
10 77
10 79
10 81
10 82
10 87
11 2
11 3
11 4
11 5
11 7
11 9
11 10
11 11
11 12
11 13
11 14
11 16
11 19
11 26
11 27
11 28
11 30
11 31
11 33
11 39
11 40
11 41
11 42
11 44
11 45
11 55
11 57
11 58
11 59
11 61
11 62
11 65
11 67
11 69
11 70
11 71
11 77
11 80
11 81
11 82
11 83
11 87
12 1
12 2
12 3
12 4
12 5
12 7
12 9
12 10
12 11
12 12
12 13
12 14
12 19
12 23
12 26
12 27
12 30
12 33
12 36
12 38
12 39
12 40
12 44
12 45
12 53
12 55
12 56
12 61
12 62
12 65
12 66
12 69
12 70
12 71
12 75
12 77
12 80
12 83
12 87
13 0
13 1
13 2
13 3
13 5
13 6
13 10
13 11
13 12
13 13
13 14
13 17
13 18
13 19
13 22
13 23
13 26
13 27
13 28
13 33
13 35
13 40
13 41
13 42
13 45
13 50
13 53
13 58
13 59
13 61
13 62
13 67
13 75
13 77
13 79
13 80
13 83
13 84
14 0
14 1
14 2
14 3
14 4
14 5
14 6
14 7
14 8
14 9
14 10
14 11
14 14
14 16
14 18
14 19
14 22
14 26
14 37
14 38
14 40
14 41
14 42
14 43
14 44
14 45
14 58
14 59
14 61
14 70
14 71
14 74
14 75
14 80
14 82
14 83
14 84
14 87
15 0
15 1
15 4
15 6
15 9
15 10
15 11
15 13
15 14
15 17
15 18
15 19
15 27
15 36
15 37
15 38
15 39
15 40
15 42
15 44
15 45
15 50
15 53
15 55
15 59
15 62
15 69
15 70
15 74
15 75
15 77
15 83
15 86
16 3
16 4
16 5
16 6
16 7
16 8
16 9
16 10
16 11
16 13
16 14
16 18
16 19
16 22
16 23
16 26
16 27
16 28
16 30
16 33
16 36
16 38
16 39
16 41
16 43
16 44
16 50
16 53
16 57
16 58
16 62
16 65
16 66
16 67
16 69
16 70
16 71
16 75
16 77
16 80
16 81
16 82
16 86
18 67
18 4
18 40
18 44
18 17
18 36
22 1
22 59
23 2
23 3
23 4
23 10
23 13
23 14
23 16
23 23
23 26
23 33
23 37
23 39
23 40
23 42
23 43
23 44
23 45
23 53
23 56
23 61
23 62
23 66
23 67
23 77
23 79
23 80
23 83
26 50
26 87
27 18
27 43
27 5
27 38
28 0
28 2
28 3
28 4
28 5
28 6
28 9
28 10
28 11
28 14
28 17
28 18
28 19
28 22
28 23
28 27
28 28
28 30
28 33
28 36
28 37
28 38
28 40
28 41
28 42
28 43
28 45
28 50
28 53
28 57
28 58
28 61
28 62
28 65
28 69
28 70
28 71
28 80
28 81
28 83
28 84
28 86
29 65
29 1
29 5
29 38
29 33
29 9
29 14
29 18
29 19
29 22
29 23
29 26
29 59
29 28
30 43
30 36
30 42
30 75
30 45
30 14
30 28
30 61
30 62
30 31
31 80
31 59
31 44
31 53
31 14
33 0
33 81
35 33
35 3
35 4
35 5
35 6
35 7
35 40
35 9
35 11
35 81
35 80
35 17
35 38
35 28
35 61
35 69
36 43
36 83
36 7
36 14
36 39
37 0
37 1
37 2
37 3
37 4
37 5
37 6
37 7
37 9
37 14
37 18
37 23
37 27
37 28
37 35
37 36
37 37
37 39
37 41
37 42
37 50
37 53
37 59
37 61
37 71
37 80
37 86
38 44
38 12
38 6
39 36
39 38
39 43
39 80
39 87
39 26
40 1
40 3
40 4
40 5
40 33
40 9
40 42
40 11
40 45
40 80
40 17
40 41
40 39
40 87
40 28
41 66
41 4
41 10
41 45
41 82
41 27
42 0
42 53
43 1
43 4
43 40
43 42
43 44
43 14
43 83
43 23
43 58
43 59
44 65
44 7
44 9
44 43
44 13
44 14
44 19
44 55
44 27
45 0
45 3
45 4
45 5
45 7
45 10
45 12
45 13
45 14
45 19
45 22
45 23
45 25
45 31
45 33
45 40
45 41
45 42
45 44
45 45
45 50
45 53
45 57
45 69
45 71
45 75
45 81
45 82
47 53
48 7
48 40
48 43
48 77
48 18
48 28
49 7
49 41
49 75
49 12
49 14
49 22
49 39
49 26
49 27
49 62
53 12
54 28
54 39
55 81
55 87
55 28
55 37
55 13
56 10
56 4
56 18
56 14
56 61
57 36
57 14
58 0
58 40
58 80
59 80
59 27
59 58
59 83
59 28
61 41
61 26
62 1
62 37
62 65
62 77
62 79
62 59
63 43
63 11
67 67
67 87
68 33
68 3
68 6
68 14
68 83
68 26
69 41
69 77
69 81
70 0
70 50
70 83
71 10
71 27
71 22
75 42
75 36
75 37
76 9
76 53
76 37
76 7
77 2
77 3
77 69
77 38
77 9
77 11
77 66
77 80
77 17
77 19
77 41
77 22
77 23
77 27
77 61
77 31
79 77
82 0
82 1
82 2
82 3
82 5
82 6
82 7
82 9
82 11
82 12
82 13
82 14
82 17
82 18
82 19
82 22
82 23
82 26
82 27
82 28
82 36
82 37
82 38
82 39
82 43
82 50
82 53
82 56
82 58
82 59
82 61
82 62
82 69
82 70
82 77
82 80
82 84
82 86
83 1
83 2
83 4
83 6
83 7
83 8
83 10
83 11
83 12
83 13
83 14
83 17
83 18
83 19
83 22
83 23
83 26
83 28
83 33
83 36
83 38
83 39
83 40
83 41
83 53
83 55
83 56
83 58
83 59
83 61
83 62
83 66
83 67
83 69
83 70
83 75
83 77
83 80
83 81
83 82
83 83
83 86
83 87
84 80
84 81
84 43
84 14
84 38
86 0
86 1
86 2
86 3
86 4
86 5
86 6
86 7
86 8
86 10
86 12
86 13
86 14
86 16
86 19
86 22
86 23
86 26
86 27
86 28
86 33
86 36
86 39
86 40
86 42
86 43
86 44
86 45
86 50
86 53
86 59
86 61
86 62
86 65
86 67
86 69
86 75
86 79
86 81
86 83
86 87
87 0
87 1
87 2
87 3
87 4
87 5
87 7
87 8
87 9
87 10
87 11
87 12
87 13
87 14
87 17
87 19
87 22
87 23
87 26
87 28
87 33
87 37
87 38
87 40
87 42
87 43
87 44
87 45
87 50
87 53
87 55
87 69
87 71
87 77
87 82
87 86
87 87
