88
0 5
0 39
0 72
0 73
0 80
0 8
0 62
1 70
1 41
1 45
1 47
1 20
1 54
1 87
1 58
2 37
2 72
2 9
2 18
2 59
2 29
3 33
3 66
3 3
3 68
3 69
3 71
3 8
3 41
3 34
3 80
3 87
3 57
3 61
4 0
4 33
4 4
4 38
4 39
4 40
4 10
4 71
4 13
4 77
4 45
4 80
4 19
4 54
4 62
5 0
5 69
5 39
5 55
5 79
5 80
5 18
5 86
5 23
5 27
5 62
5 63
6 64
6 33
6 35
6 4
6 37
6 81
6 40
6 9
6 45
6 77
6 47
6 49
6 52
6 22
6 86
6 63
7 2
7 37
7 40
7 45
7 51
7 86
8 32
8 65
8 67
8 68
8 69
8 71
8 8
8 10
8 72
8 82
8 51
8 87
8 61
9 64
9 33
9 38
9 70
9 81
9 40
9 80
9 17
9 51
9 58
9 59
9 29
9 30
9 63
10 65
10 2
10 4
10 54
10 41
10 13
10 46
10 45
10 80
10 81
10 83
10 86
10 57
10 30
11 72
11 9
11 10
11 76
11 79
11 27
11 62
12 65
12 59
12 5
12 6
12 76
12 78
12 19
12 23
12 24
12 27
12 62
12 31
13 22
13 10
13 75
13 45
13 86
13 28
13 30
14 2
14 78
14 47
14 51
14 23
14 28
15 8
15 23
15 80
15 87
15 58
15 30
17 58
17 35
18 19
18 41
18 43
18 13
18 39
19 63
19 69
19 38
19 71
19 73
19 77
19 14
19 13
19 9
19 23
19 24
19 47
19 29
19 31
20 0
20 33
20 2
20 43
20 40
20 73
20 75
20 34
20 14
20 79
20 20
20 46
20 55
20 45
21 4
21 72
21 73
21 75
21 45
21 46
21 47
21 80
21 40
21 8
21 41
21 59
21 62
22 87
22 43
22 52
22 86
22 79
23 65
23 9
23 75
23 45
23 13
23 19
23 57
23 47
24 66
24 70
24 39
24 46
24 76
24 45
24 78
24 51
24 14
24 87
24 28
24 29
24 30
24 63
25 33
25 35
25 5
25 8
25 73
25 44
25 48
25 19
25 52
25 87
25 59
25 30
26 0
26 34
26 46
26 80
26 22
26 62
27 72
27 65
27 75
27 76
27 9
28 65
28 27
28 69
28 23
29 57
29 20
29 28
29 70
29 39
30 2
30 35
30 69
30 75
30 44
30 13
30 14
30 45
30 48
30 81
30 20
30 27
31 65
31 67
31 69
31 43
31 47
31 20
31 5
32 3
32 4
32 70
32 81
32 73
32 13
32 14
32 45
32 80
32 17
32 78
32 23
32 68
32 59
32 28
33 3
33 5
33 75
33 61
33 14
33 79
33 18
33 22
33 87
33 57
33 26
33 29
34 4
34 38
34 40
34 9
34 45
34 20
34 86
34 23
35 66
35 44
35 10
35 76
35 34
35 47
35 17
35 22
35 55
35 58
35 29
35 63
36 65
36 5
36 33
36 40
36 39
36 46
36 80
36 23
36 24
36 57
36 27
36 62
36 37
37 51
37 39
37 76
37 46
37 79
37 18
37 19
37 22
37 47
37 30
38 1
38 70
38 65
38 39
38 46
38 81
38 55
38 24
38 57
38 30
38 63
39 64
39 65
39 5
39 81
39 9
39 23
39 17
39 87
39 24
39 62
39 63
40 35
40 72
40 9
40 76
40 46
40 80
40 18
40 20
40 73
40 23
40 59
40 29
40 63
41 65
41 5
41 70
41 71
41 45
41 14
41 46
41 30
41 37
42 4
42 54
42 71
42 72
42 41
42 46
42 79
42 80
42 19
42 86
42 57
42 58
42 59
43 32
43 2
43 69
43 70
43 39
43 72
43 10
43 81
43 58
43 28
43 37
44 37
44 39
44 8
44 9
44 75
44 80
44 81
44 40
44 86
44 23
44 72
44 30
45 51
45 66
45 4
45 37
45 70
45 73
45 78
45 47
45 81
45 19
45 20
45 86
45 63
45 29
45 31
46 0
46 34
46 68
46 38
46 44
46 76
46 45
46 14
46 79
46 81
46 18
46 86
46 55
47 34
47 9
47 44
47 16
47 86
47 55
47 58
47 29
47 62
48 37
48 43
48 49
48 25
48 58
48 63
49 32
49 6
49 70
49 39
49 73
49 75
49 77
49 51
49 20
49 23
49 56
49 27
49 28
49 62
51 34
51 38
51 72
51 9
51 51
51 25
51 29
52 49
52 87
52 13
52 77
52 47
52 80
52 17
52 18
52 19
52 55
52 57
52 28
52 61
52 30
52 63
53 8
53 10
53 43
53 40
53 22
53 28
53 30
54 64
54 33
54 4
54 5
54 70
54 71
54 72
54 39
54 45
54 47
54 55
54 6
54 28
55 4
55 5
55 38
55 9
55 10
55 46
55 80
55 19
55 87
55 57
55 62
55 37
56 73
56 57
56 69
56 14
56 87
57 0
57 5
57 9
57 13
57 47
57 51
57 73
57 61
58 2
58 5
58 72
58 10
58 14
58 56
58 51
58 46
58 22
58 23
58 24
58 58
58 29
59 64
59 73
59 44
59 9
59 81
60 33
60 3
60 9
60 10
60 43
60 51
60 86
60 23
60 56
60 57
60 29
60 63
61 34
61 6
61 8
61 13
61 45
61 81
61 52
61 25
61 28
61 61
62 68
62 5
62 73
62 80
62 81
62 54
62 24
62 58
62 37
63 64
63 72
63 87
63 47
63 81
63 51
63 23
63 24
63 28
63 29
63 62
63 31
64 35
64 4
64 40
64 75
64 44
64 47
64 49
64 87
64 57
64 58
64 30
65 3
65 5
65 71
65 40
65 14
65 79
65 54
65 55
65 56
65 57
65 28
66 65
66 35
66 37
66 70
66 71
66 9
66 77
66 14
66 18
66 46
66 23
66 57
66 58
66 27
67 32
67 65
67 52
67 46
67 47
68 0
68 70
68 9
68 13
68 82
68 20
68 73
68 27
68 29
68 30
68 63
69 33
69 4
69 43
69 45
69 46
69 79
69 82
69 51
69 20
69 22
69 87
69 28
70 64
70 70
70 38
70 40
70 73
70 42
70 45
70 72
70 83
70 20
70 86
70 23
70 24
70 57
70 62
71 32
71 65
71 5
71 38
71 33
71 8
71 14
71 80
71 51
71 57
71 63
72 3
72 81
72 39
72 8
72 9
72 45
72 40
72 19
72 20
72 57
72 55
72 52
72 29
72 30
72 63
73 33
73 2
73 5
73 9
73 10
73 76
73 46
73 44
73 80
73 81
73 52
73 55
73 59
73 63
74 35
74 52
74 5
74 30
75 32
75 37
75 8
75 10
75 75
75 79
75 80
75 72
75 86
75 55
75 58
75 63
76 64
76 33
76 37
76 6
76 72
76 48
76 40
76 83
76 20
76 24
76 70
77 33
77 66
77 4
77 48
77 9
77 75
77 44
77 45
77 80
77 57
77 73
77 23
77 55
77 63
78 65
78 66
78 4
78 5
78 70
78 46
78 80
78 49
78 83
78 23
78 62
78 63
79 65
79 4
79 81
79 55
79 76
79 14
79 49
79 18
79 20
79 22
79 23
79 52
79 58
79 63
79 31
80 32
80 33
80 66
80 4
80 5
80 17
80 8
80 75
80 47
80 81
80 20
80 56
81 3
81 73
81 75
81 51
81 55
81 57
81 28
83 65
83 86
83 38
83 39
83 72
83 46
83 47
83 18
83 52
83 22
83 55
83 56
83 37
84 4
84 72
84 75
84 13
84 14
84 79
84 17
84 82
84 19
84 52
84 28
85 80
85 10
85 75
85 18
86 65
86 6
86 37
86 70
86 40
86 10
86 51
86 86
86 58
86 28
86 42
87 65
87 2
87 68
87 37
87 10
87 76
87 34
87 47
87 81
87 18
87 87
87 57
