88
0 0
0 3
0 8
0 11
0 12
0 13
0 20
0 23
0 27
0 29
0 30
0 35
0 38
0 39
0 48
0 53
0 58
0 60
0 61
0 69
0 73
0 83
0 87
1 66
1 50
1 73
1 75
1 34
1 82
1 87
1 58
1 31
2 64
2 33
2 2
2 3
2 5
2 84
2 71
2 80
2 11
2 12
2 82
2 47
2 48
2 50
2 20
2 24
2 52
2 79
2 29
3 80
3 20
3 12
3 46
5 17
5 26
6 32
6 35
6 3
6 36
6 5
6 71
6 73
6 80
6 67
6 20
6 27
6 30
7 0
7 2
7 3
7 5
7 11
7 12
7 20
7 34
7 38
7 43
7 48
7 51
7 58
7 60
7 66
7 68
7 70
7 73
7 74
7 76
7 77
7 80
7 87
8 65
8 66
8 35
8 69
8 76
8 12
8 77
8 78
8 79
8 67
8 20
8 55
8 56
8 27
8 60
8 30
9 20
9 71
10 39
10 87
11 4
11 8
11 11
11 20
11 23
11 26
11 27
11 30
11 32
11 42
11 52
11 54
11 56
11 59
11 66
11 73
11 74
11 75
11 77
11 79
11 80
11 82
11 83
12 6
12 13
12 20
12 26
12 27
12 28
12 30
12 32
12 34
12 35
12 37
12 38
12 42
12 46
12 48
12 50
12 51
12 56
12 73
12 78
12 79
12 80
12 81
12 82
13 0
13 8
13 11
13 13
13 30
13 32
13 37
13 38
13 42
13 47
13 57
13 64
13 70
13 71
13 72
13 73
13 74
13 76
13 78
13 81
13 83
13 87
14 32
14 2
14 3
14 5
14 17
14 74
14 12
14 66
14 13
14 81
14 58
14 42
15 32
15 48
15 82
16 80
17 11
18 34
18 35
18 74
18 80
18 3
18 60
18 30
19 82
20 48
20 56
21 2
21 3
21 5
21 16
21 17
21 23
21 24
21 27
21 29
21 33
21 36
21 37
21 41
21 42
21 47
21 51
21 59
21 61
21 62
21 67
21 69
21 72
21 75
21 79
22 81
22 51
22 12
23 32
23 33
23 2
23 67
23 81
23 65
23 41
23 87
23 13
23 80
23 17
23 51
23 54
23 73
23 26
23 27
23 60
23 30
24 56
25 51
25 61
26 51
26 67
26 61
27 35
27 5
27 39
27 9
27 79
27 43
27 47
27 15
27 17
27 78
27 59
27 73
27 25
27 71
27 27
27 60
27 30
27 31
28 32
28 65
28 52
28 5
28 38
29 64
29 32
29 67
29 8
29 73
29 42
29 43
29 46
29 48
29 24
29 25
29 30
30 32
30 43
30 11
30 77
30 46
30 80
30 56
30 25
30 27
30 29
31 81
31 28
32 66
32 67
32 37
32 71
32 13
32 51
32 54
32 25
32 58
33 33
33 2
33 3
33 38
33 71
33 8
33 73
33 11
33 12
33 13
33 77
33 72
33 50
33 20
33 54
33 58
33 28
34 66
34 36
34 37
34 47
34 48
34 82
34 51
34 53
34 54
34 24
34 26
34 29
35 74
35 19
35 58
35 31
36 65
36 2
36 35
36 66
36 37
36 38
36 72
36 41
36 76
36 34
36 48
36 53
36 73
36 56
36 25
36 26
36 58
36 63
37 51
37 3
37 70
37 81
37 41
37 11
37 12
37 13
37 48
37 76
37 35
37 20
37 73
37 23
37 56
37 55
37 87
37 60
37 61
38 2
38 67
38 50
38 30
38 87
39 56
39 83
40 20
40 34
40 11
40 76
40 57
41 83
41 3
41 5
41 38
41 73
41 43
41 76
41 46
41 48
41 17
41 82
41 67
41 53
41 54
41 56
41 26
41 29
42 48
42 58
42 43
42 53
43 73
43 74
43 75
44 52
44 61
45 9
46 24
46 58
46 12
46 69
47 32
47 36
47 71
47 42
47 11
47 80
47 17
47 50
47 20
47 56
47 39
47 59
47 30
48 32
48 3
48 5
48 71
48 72
48 42
48 12
48 45
48 47
48 83
48 52
48 53
48 55
48 56
48 60
48 29
49 50
49 28
49 70
50 58
50 3
50 60
50 5
51 83
51 67
51 69
51 38
51 3
51 20
51 24
51 30
51 31
52 34
52 70
52 11
52 12
52 79
52 50
52 20
52 56
52 26
52 47
52 31
53 2
53 67
53 73
53 48
53 83
53 28
53 61
53 62
54 0
54 42
54 80
54 17
54 83
54 87
54 56
54 58
55 32
55 65
55 2
55 5
55 75
55 12
55 77
55 78
55 80
55 82
55 51
55 69
55 54
55 23
55 60
55 30
55 37
56 0
56 32
56 66
56 3
56 37
56 81
56 65
56 73
56 42
56 43
56 12
56 13
56 46
56 48
56 49
56 75
56 83
56 24
56 58
56 30
57 59
57 5
57 78
58 4
58 8
58 11
58 13
58 26
58 29
58 32
58 37
58 40
58 46
58 52
58 56
58 60
58 61
58 64
58 69
58 70
58 71
58 74
58 75
58 76
58 77
58 78
58 80
58 83
59 33
59 67
59 36
59 51
59 72
59 42
59 12
59 48
59 83
59 87
59 60
60 56
60 83
60 77
61 0
61 32
61 2
61 3
61 69
61 38
61 39
61 64
61 42
61 11
61 87
61 47
61 80
61 43
61 50
61 20
61 54
61 55
61 58
61 59
62 0
62 32
62 66
62 3
62 86
62 6
62 33
62 41
62 12
62 77
62 47
62 48
62 49
62 50
62 76
62 25
62 26
62 28
62 58
62 30
62 81
63 32
63 80
63 2
63 72
63 41
63 42
63 43
63 12
63 48
63 50
63 51
63 20
63 73
63 55
63 56
63 26
63 59
63 29
63 31
64 12
64 30
64 79
65 67
65 5
65 41
65 12
65 77
65 51
65 24
66 80
66 12
66 37
66 31
67 66
67 59
67 36
67 71
67 8
67 39
67 50
67 46
67 80
67 82
67 20
67 27
67 30
68 48
68 24
69 56
69 81
69 3
69 12
70 25
70 26
71 3
71 5
71 70
71 17
71 73
71 42
71 11
71 48
71 81
71 67
71 52
71 23
71 60
71 37
72 56
72 83
73 34
73 37
73 71
73 42
73 43
73 61
73 69
74 2
74 20
74 86
75 34
75 37
75 38
75 11
75 48
75 50
75 20
75 55
75 56
75 30
76 37
76 7
76 42
76 11
76 46
76 80
76 17
76 50
76 78
76 54
76 55
76 24
76 25
76 27
76 39
77 67
77 5
77 11
77 13
77 46
77 77
77 80
77 43
77 3
77 20
77 26
77 60
77 29
77 37
78 32
78 81
78 2
78 60
79 67
79 70
79 75
79 12
79 81
79 50
79 51
79 20
79 53
80 64
80 35
80 36
80 69
80 81
80 39
80 73
80 11
80 61
80 48
80 59
80 82
80 83
80 24
80 26
80 27
80 28
80 58
80 30
81 64
81 3
81 8
81 12
81 17
81 51
81 21
81 40
81 57
81 26
81 27
82 35
82 2
82 3
82 73
82 78
82 81
82 83
82 84
82 41
82 23
82 20
82 26
82 60
82 58
83 5
83 8
83 25
83 26
83 27
83 28
83 30
83 35
83 36
83 37
83 42
83 43
83 46
83 48
83 50
83 55
83 60
83 65
83 67
83 69
83 70
83 72
83 77
83 80
83 81
83 82
83 83
84 0
84 58
84 83
84 35
84 5
84 81
84 65
84 72
84 11
84 82
84 16
84 43
84 50
84 51
84 56
84 25
84 26
84 59
84 29
84 30
84 31
85 66
85 67
85 37
85 11
85 12
85 50
85 61
85 80
85 81
85 82
85 20
85 58
85 27
85 29
86 48
86 59
86 67
86 38
87 33
87 83
87 3
87 5
87 60
87 11
87 52
87 47
87 80
87 37
87 67
87 20
87 55
87 25
87 27
87 28
87 29
87 31
