88
0 0
0 2
0 35
0 4
0 5
0 42
0 13
0 16
0 81
0 50
0 83
0 82
0 54
0 56
0 28
0 62
0 63
1 1
1 35
1 4
1 5
1 81
1 44
1 13
1 16
1 49
1 50
1 83
1 82
1 56
1 63
1 28
1 37
2 0
2 1
2 82
2 5
2 13
2 16
2 50
2 28
2 63
3 0
3 48
3 2
3 35
3 4
3 5
3 42
3 44
3 16
3 49
3 83
3 54
3 56
3 28
3 62
3 63
4 0
4 1
4 2
4 35
4 4
4 42
4 44
4 13
4 48
4 81
4 50
4 54
4 56
4 28
4 62
5 1
5 4
5 5
5 42
5 44
5 13
5 48
5 82
5 28
5 62
6 1
6 2
6 35
6 4
6 5
6 48
6 44
6 13
6 16
6 17
6 50
6 83
6 82
6 54
6 62
6 63
7 35
7 4
7 5
7 42
7 48
7 82
7 62
8 0
8 48
8 2
8 4
8 5
8 42
8 13
8 16
8 81
8 50
8 83
8 82
8 54
8 23
8 63
8 28
8 62
8 37
9 0
9 1
9 2
9 4
9 37
9 48
9 42
9 44
9 13
9 16
9 81
9 50
9 82
9 54
9 56
9 28
9 62
9 63
10 1
10 2
10 35
10 4
10 5
10 81
10 42
10 44
10 13
10 48
10 17
10 50
10 83
10 54
10 56
10 28
10 62
10 63
12 0
12 2
12 35
12 4
12 5
12 42
12 44
12 13
12 16
12 81
12 82
12 83
12 54
12 56
12 28
12 37
14 16
14 2
14 35
14 42
14 48
14 50
17 0
17 2
17 35
17 4
17 5
17 81
17 16
17 49
17 83
17 28
20 0
20 5
20 82
20 13
20 48
20 50
20 54
20 56
21 35
21 42
21 44
21 81
21 56
21 63
22 44
22 13
22 82
22 83
22 54
22 56
22 28
24 81
24 2
24 54
25 16
25 2
25 42
25 48
25 82
25 28
26 2
26 35
26 4
26 37
26 42
26 13
26 16
26 81
26 50
26 83
26 28
26 63
27 2
27 4
27 5
27 42
27 48
27 81
27 82
27 83
27 54
27 28
27 62
28 48
28 2
28 35
28 5
28 81
28 13
28 16
28 17
28 82
28 83
28 54
28 56
28 28
28 62
28 63
29 2
29 50
29 4
29 37
29 13
29 16
29 82
29 83
29 54
29 28
29 62
30 48
30 2
30 35
30 82
30 5
30 81
30 42
30 13
30 16
30 17
30 50
30 83
30 54
30 23
30 56
30 28
30 62
30 63
31 0
31 48
31 2
31 4
31 5
31 42
31 82
31 16
31 81
31 50
31 83
31 54
31 56
31 28
31 62
32 81
32 42
32 5
32 54
33 0
33 1
33 2
33 35
33 4
33 5
33 81
33 48
33 42
33 44
33 13
33 16
33 49
33 50
33 56
33 28
33 62
33 63
34 0
34 48
34 2
34 35
34 4
34 5
34 81
34 42
34 44
34 13
34 16
34 17
34 82
34 83
34 54
34 56
34 28
34 62
35 16
35 35
35 4
35 42
35 48
35 81
35 50
35 54
36 1
36 2
36 4
36 5
36 42
36 13
36 48
36 50
36 54
36 56
36 28
36 62
38 0
38 48
38 2
38 4
38 5
38 42
38 44
38 13
38 16
38 81
38 83
38 54
38 56
38 28
39 1
39 2
39 35
39 4
39 5
39 48
39 13
39 16
39 81
39 83
39 54
39 63
39 28
39 62
39 37
40 0
40 48
40 2
40 35
40 4
40 37
40 42
40 13
40 16
40 81
40 50
40 83
40 82
40 54
40 28
40 62
41 0
41 2
41 4
41 42
41 50
41 48
41 81
41 82
41 54
41 23
41 56
41 62
41 63
43 0
43 48
43 2
43 35
43 82
43 37
43 81
43 42
43 13
43 16
43 17
43 50
43 83
43 54
43 56
43 63
45 0
45 2
45 4
45 5
45 42
45 44
45 13
45 16
45 81
45 54
45 23
45 56
45 63
45 28
45 62
45 37
46 0
46 1
46 2
46 35
46 4
46 42
46 13
46 48
46 81
46 50
46 83
46 82
46 54
46 56
46 62
46 63
47 0
47 1
47 2
47 35
47 5
47 48
47 42
47 13
47 16
47 81
47 83
47 54
47 23
48 1
48 2
48 35
48 4
48 5
48 42
48 13
48 48
48 50
48 82
48 54
48 63
48 28
48 62
48 37
51 0
51 1
51 35
51 4
51 37
51 48
51 42
51 44
51 13
51 16
51 81
51 50
51 54
51 56
51 28
51 62
52 1
52 35
52 4
52 48
52 81
52 83
52 54
52 28
52 63
53 0
53 1
53 2
53 82
53 5
53 42
53 44
53 13
53 48
53 81
53 50
53 83
53 54
53 56
53 63
53 28
53 62
53 37
54 0
54 1
54 2
54 35
54 5
54 48
54 16
54 50
54 83
54 54
54 56
54 63
54 28
54 62
54 37
55 0
55 2
55 4
55 42
55 13
55 81
55 82
55 83
55 54
55 56
55 62
57 0
57 1
57 2
57 4
57 5
57 48
57 42
57 44
57 13
57 16
57 81
57 54
57 63
57 28
57 62
57 37
58 16
58 5
59 81
59 4
59 5
60 0
60 48
60 4
61 2
61 83
62 35
62 4
62 5
62 42
62 50
62 83
62 54
62 23
62 62
64 56
64 28
65 0
65 48
65 2
65 35
65 4
65 5
65 81
65 42
65 44
65 16
65 49
65 50
65 83
65 54
65 28
65 62
65 37
66 1
66 2
66 35
66 4
66 5
66 81
66 48
66 42
66 13
66 16
66 49
66 83
66 54
66 23
66 56
66 28
66 62
67 0
67 1
67 35
67 4
67 5
67 81
67 42
67 44
67 16
67 17
67 50
67 83
67 54
67 23
67 56
67 28
67 62
68 0
68 1
68 2
68 35
68 5
68 42
68 44
68 13
68 48
68 81
68 83
68 54
68 23
68 56
68 63
68 28
68 62
68 37
69 48
69 2
69 35
69 5
69 42
69 13
69 16
69 81
69 82
69 83
69 54
69 28
69 63
70 1
70 2
70 35
70 4
70 5
70 42
70 44
70 48
70 81
70 83
70 63
70 28
70 37
71 35
71 4
71 5
71 81
71 42
71 44
71 13
71 16
71 17
71 82
71 83
71 54
71 56
71 63
71 28
71 37
72 0
72 48
72 2
72 35
72 4
72 5
72 81
72 49
72 42
72 16
72 17
72 50
72 83
72 54
72 56
72 63
72 62
72 37
73 1
73 35
73 4
73 5
73 48
73 42
73 13
73 16
73 83
73 28
73 62
74 16
74 54
75 0
75 1
75 4
75 5
75 81
75 48
75 42
75 44
75 82
75 16
75 49
75 50
75 83
75 54
75 56
75 28
76 0
76 1
76 2
76 35
76 4
76 5
76 48
76 42
76 44
76 13
76 16
76 81
76 82
76 83
76 63
76 28
76 62
76 37
77 0
77 1
77 35
77 4
77 5
77 48
77 44
77 13
77 16
77 81
77 50
77 83
77 82
77 54
77 28
77 62
77 37
78 44
78 5
78 62
79 0
79 16
79 2
79 35
79 4
79 5
79 13
79 48
79 81
79 62
79 37
80 0
80 1
80 2
80 35
80 4
80 5
80 48
80 42
80 13
80 16
80 81
80 50
80 83
80 82
80 54
80 28
80 62
80 37
81 48
81 2
81 35
81 4
81 5
81 81
81 42
81 44
81 16
81 49
81 50
81 83
81 56
81 28
81 63
86 0
86 2
86 35
86 4
86 5
86 42
86 44
86 13
86 48
86 50
86 83
86 54
86 23
86 56
86 63
86 28
86 62
86 37
87 1
87 2
87 35
87 82
87 5
87 48
87 42
87 44
87 13
87 16
87 81
87 50
87 83
87 23
87 56
87 63
87 62
87 37
