88
0 2
0 3
0 36
0 69
0 38
0 40
0 10
0 67
0 13
0 14
0 47
0 50
0 18
0 19
0 20
0 66
0 87
0 59
0 28
0 29
0 62
1 8
1 20
1 61
2 1
2 2
2 3
2 36
2 8
2 10
2 75
2 12
2 34
2 40
2 18
2 51
2 85
2 87
3 0
3 1
3 66
3 3
3 68
3 38
3 6
3 43
3 78
3 16
3 18
3 35
3 53
3 86
3 24
3 28
3 29
3 63
4 3
4 4
4 69
4 73
4 11
4 43
4 82
4 20
4 24
4 58
6 1
6 2
6 38
6 33
6 8
6 73
6 39
6 46
6 47
6 17
6 82
6 22
6 58
6 61
6 31
7 51
7 3
7 5
7 70
7 75
7 13
7 18
7 19
7 58
8 83
8 3
8 68
8 5
8 6
8 39
8 8
8 73
8 10
8 11
8 76
8 78
8 16
8 35
8 24
8 58
8 38
8 70
8 42
8 62
8 69
9 0
9 1
9 66
9 70
9 38
9 33
9 40
9 10
9 11
9 49
9 82
9 51
9 20
9 62
9 86
9 24
9 29
9 30
10 63
10 83
10 14
10 6
10 31
11 67
11 5
11 9
11 42
11 47
11 51
11 22
11 58
11 29
11 31
12 2
12 6
12 10
12 66
12 13
12 16
12 51
12 85
12 87
13 64
13 1
13 34
13 3
13 36
13 5
13 38
13 33
13 8
13 9
13 42
13 43
13 16
13 87
13 50
13 67
13 73
13 58
14 10
14 76
14 58
14 39
15 6
15 39
15 73
15 82
15 78
15 18
15 28
16 0
16 69
16 77
16 17
16 23
16 57
16 61
18 72
18 9
18 42
18 43
18 12
18 15
18 8
18 51
18 52
18 85
18 24
18 25
18 60
18 62
19 0
19 68
19 67
19 4
19 7
19 9
19 74
19 39
19 12
19 13
19 46
19 17
19 75
19 52
19 23
19 56
19 57
19 61
20 65
20 2
20 36
20 37
20 38
20 73
20 43
20 78
20 47
20 16
20 21
20 86
20 79
20 61
20 85
20 69
22 68
22 2
22 66
22 74
22 13
22 77
22 47
22 18
22 19
22 85
22 24
22 25
22 27
22 61
22 30
23 1
23 2
23 36
23 70
23 39
23 8
23 9
23 74
23 44
23 13
23 16
23 17
23 18
23 19
23 82
23 85
23 58
23 61
23 62
23 63
24 3
24 6
24 72
24 41
24 11
24 78
24 83
24 9
24 53
24 87
24 23
24 25
24 58
24 63
25 33
25 26
25 28
25 49
26 65
26 43
26 38
26 11
26 13
26 78
26 50
26 58
27 1
27 38
27 6
27 73
27 43
27 76
27 13
27 47
27 79
27 51
27 25
27 58
27 27
29 0
29 1
29 67
29 65
29 32
29 72
29 9
29 43
29 76
29 61
29 16
29 49
29 50
29 52
29 54
29 23
29 58
29 29
31 0
31 51
31 83
31 68
31 38
31 8
31 73
31 42
31 75
31 12
31 13
31 46
31 76
31 72
31 19
31 21
31 58
31 59
31 60
32 41
32 43
32 69
32 6
32 73
33 1
33 2
33 36
33 6
33 33
33 72
33 43
33 12
33 13
33 15
33 48
33 83
33 53
33 87
33 61
33 85
34 73
34 62
34 14
34 17
35 33
35 2
35 7
35 9
35 11
35 47
35 49
35 18
35 19
35 20
35 86
35 56
35 25
35 63
36 64
36 70
36 9
36 76
36 50
36 83
36 21
36 24
37 32
37 64
37 67
37 35
37 36
37 8
37 83
37 13
37 77
37 15
37 72
37 51
37 86
37 68
37 60
37 61
38 0
38 18
38 67
38 62
38 14
39 34
39 62
40 2
40 67
40 36
40 69
40 40
40 75
40 12
40 50
40 51
40 22
40 27
40 28
40 61
41 16
41 25
41 11
42 1
42 66
42 36
42 69
42 38
42 33
42 42
42 43
42 76
42 46
42 49
42 18
42 85
42 23
42 24
42 25
42 60
42 62
43 33
43 65
43 7
43 47
43 39
43 46
43 15
43 50
43 19
43 20
43 53
43 86
43 73
43 71
43 27
43 28
43 85
43 63
44 16
44 34
44 67
44 46
45 1
45 33
45 42
45 43
45 84
45 25
45 27
45 52
46 2
46 11
46 13
46 15
46 16
46 49
46 19
46 87
46 27
46 63
47 0
47 1
47 2
47 75
47 86
47 70
47 7
47 40
47 42
47 39
47 12
47 14
47 15
47 19
47 54
47 79
47 28
48 35
48 70
48 71
48 10
48 50
48 46
48 15
48 82
48 51
48 86
49 68
49 9
49 10
49 75
49 12
49 50
49 73
49 24
50 0
50 5
50 12
50 76
50 77
50 14
50 15
50 47
50 61
51 49
51 30
51 69
51 6
51 7
52 33
52 66
52 38
52 72
52 8
52 83
52 23
52 25
52 63
54 0
54 3
54 5
54 6
54 38
54 11
54 44
54 13
54 46
54 59
54 17
54 50
54 78
54 43
54 24
54 27
54 60
54 69
55 63
55 27
55 14
55 31
56 58
56 70
56 87
58 66
58 67
58 40
58 10
58 76
58 2
58 8
58 21
58 58
58 31
59 0
59 1
59 7
59 9
59 10
59 11
59 12
59 16
59 17
59 20
59 28
59 32
59 40
59 41
59 47
59 62
59 68
59 74
59 76
59 78
59 83
59 86
60 0
60 65
60 2
60 35
60 4
60 7
60 8
60 10
60 11
60 13
60 78
60 43
60 51
60 85
60 67
60 39
60 60
60 83
60 63
61 56
62 32
62 33
62 70
62 43
62 37
62 51
62 10
62 11
62 76
62 13
62 77
62 15
62 59
62 50
62 42
62 56
62 25
62 47
62 60
62 29
62 31
63 68
63 1
63 67
63 35
63 4
63 37
63 38
63 33
63 39
63 12
63 45
63 47
63 75
63 19
63 23
63 70
63 25
63 65
63 62
63 63
64 8
64 11
64 85
64 69
66 28
66 18
66 86
66 85
66 38
67 65
67 35
67 36
67 5
67 7
67 40
67 9
67 10
67 75
67 15
67 50
67 20
67 23
67 24
67 27
68 1
68 36
68 69
68 38
68 33
68 8
68 10
68 11
68 13
68 46
68 16
68 40
68 18
68 19
68 20
68 82
68 86
68 23
68 65
68 85
68 63
69 0
69 65
69 2
69 35
69 5
69 6
69 40
69 42
69 11
69 82
69 51
69 22
69 67
69 83
69 27
69 70
70 64
70 1
70 36
70 33
70 65
70 76
70 79
70 16
70 18
71 35
71 7
71 73
71 78
71 46
71 56
71 25
71 28
71 31
72 0
72 65
72 83
72 35
72 70
72 7
72 72
72 9
72 39
72 46
72 15
72 49
72 18
72 67
72 85
72 86
72 23
72 55
72 58
72 27
72 61
73 1
73 66
73 3
73 68
73 13
73 46
73 24
73 28
73 29
73 62
73 31
74 33
74 66
74 5
74 70
74 65
74 72
74 9
74 75
74 73
74 78
74 47
74 49
74 18
74 52
74 62
74 22
74 55
74 24
74 60
74 30
75 3
75 68
75 6
75 7
75 8
75 23
75 61
75 18
75 87
75 24
75 27
75 29
75 62
76 6
76 38
76 39
76 9
76 43
76 7
76 60
76 61
77 0
77 43
77 75
77 72
78 0
78 66
78 75
78 68
78 73
78 11
78 44
78 78
78 82
78 22
78 55
78 87
78 60
78 29
78 63
82 69
82 49
82 50
82 19
82 60
82 29
82 62
83 8
83 58
83 87
85 66
85 68
85 69
85 6
85 7
85 41
85 42
85 46
85 82
85 22
85 87
85 70
85 30
86 1
86 83
86 9
86 73
86 87
86 51
86 20
86 23
86 24
87 33
87 36
87 70
87 15
87 18
87 83
87 58
87 28
87 31
