88
0 34
0 68
0 5
0 70
0 71
0 72
0 21
0 23
0 57
0 27
1 69
1 76
1 13
1 77
1 81
1 55
2 51
2 37
2 10
2 46
2 83
2 21
2 60
2 85
2 31
3 58
3 60
4 34
4 36
4 6
4 7
4 73
4 10
4 55
4 76
4 13
4 80
4 85
4 86
4 23
4 68
4 71
4 60
6 64
6 3
6 8
6 9
6 42
6 13
6 77
6 81
6 52
6 85
6 79
6 30
6 53
7 81
7 42
7 85
8 34
8 3
8 68
8 69
8 7
8 13
8 81
8 85
8 54
8 55
8 60
9 2
9 4
9 71
9 72
9 9
9 13
9 81
9 85
9 73
9 55
9 57
10 42
10 69
10 86
10 71
11 2
11 71
11 40
11 52
11 87
11 56
12 64
12 1
12 3
12 7
13 72
13 48
13 55
13 46
13 73
14 85
14 4
14 54
14 6
14 39
14 40
14 73
14 10
14 76
14 79
14 81
14 51
14 52
14 21
14 22
14 23
14 26
14 30
14 69
15 57
15 23
15 68
15 22
15 87
18 64
18 2
18 4
18 69
18 6
18 40
18 41
18 10
18 13
18 45
18 81
18 52
18 53
18 22
18 55
18 36
18 27
18 60
18 62
18 85
19 6
20 64
20 78
20 85
20 55
20 26
20 27
21 2
21 4
21 69
21 72
21 9
21 13
21 81
21 22
21 41
21 26
21 60
22 2
22 34
22 4
22 22
22 70
22 13
22 85
22 86
22 87
22 27
22 62
22 53
23 31
23 41
23 27
23 60
23 57
24 64
24 3
24 68
24 70
24 10
24 55
24 76
24 13
24 77
24 20
24 23
24 36
24 79
25 36
25 69
25 70
25 46
25 48
25 51
25 85
25 55
25 56
25 27
25 60
26 9
26 26
26 60
26 42
26 87
27 2
27 68
27 71
27 76
27 34
27 21
27 4
27 26
27 27
27 60
27 58
27 36
28 4
28 69
28 8
28 73
28 10
28 77
28 79
28 81
28 52
28 22
28 57
28 26
28 62
29 30
29 86
30 3
30 4
30 38
30 71
30 72
30 77
30 45
30 80
30 35
30 20
30 53
30 52
30 26
31 2
31 36
31 70
31 71
31 40
31 42
31 43
31 53
31 55
31 26
32 1
32 2
32 68
32 69
32 6
32 81
32 40
32 9
32 42
32 70
32 13
32 77
32 47
32 48
32 72
32 53
32 54
32 41
32 60
33 3
33 68
33 69
33 39
33 9
33 10
33 13
33 46
33 77
33 81
33 52
33 85
33 26
33 60
33 42
33 62
34 1
34 2
34 4
34 86
34 70
34 7
34 40
34 47
34 79
34 44
34 34
34 45
34 76
34 21
34 54
34 55
34 27
34 85
35 2
35 35
35 36
35 69
35 71
35 8
35 73
35 76
35 34
35 46
35 79
35 51
35 85
35 22
35 68
36 64
36 2
36 41
36 42
36 13
36 79
36 81
36 23
36 60
36 30
37 4
37 70
37 72
37 9
37 79
37 48
37 20
37 62
38 34
38 3
38 41
38 13
38 79
38 81
38 53
38 87
38 26
38 27
38 21
39 2
39 4
39 69
39 71
39 43
39 81
39 52
39 53
39 25
39 68
39 27
39 21
39 55
39 37
40 55
40 51
40 76
40 45
40 53
41 69
41 76
41 45
41 79
41 81
41 87
42 68
42 37
42 8
42 10
42 43
42 77
42 21
42 55
42 60
42 53
43 68
43 37
43 70
43 9
43 76
43 77
43 79
43 21
43 54
43 41
43 36
43 73
44 51
44 3
44 36
44 38
44 8
44 9
44 79
44 35
44 20
44 53
44 86
44 55
44 27
44 63
45 73
45 51
45 36
45 13
45 86
46 1
46 81
46 67
46 36
46 37
46 6
46 7
46 38
46 10
46 76
46 77
46 72
46 57
46 27
46 60
46 31
47 64
47 65
47 68
47 39
47 72
47 77
47 51
47 52
47 23
47 59
47 60
48 45
48 68
48 69
48 6
48 57
48 46
48 13
48 78
48 79
48 81
48 85
48 86
48 55
48 36
49 3
49 36
49 72
49 13
49 81
49 85
49 22
49 57
49 26
50 68
50 72
50 73
50 76
50 45
50 57
51 35
51 4
51 69
51 6
51 7
51 8
51 41
51 10
51 71
51 44
51 76
51 40
51 85
51 86
51 87
51 56
51 36
51 27
51 81
52 64
52 54
52 72
52 44
52 42
52 76
52 77
52 40
52 22
52 23
52 27
52 61
53 64
53 10
53 76
53 45
53 47
53 79
54 87
54 60
54 13
54 6
54 55
55 40
55 73
55 55
55 76
55 87
55 58
56 2
56 43
56 69
56 7
56 8
56 73
56 87
56 79
56 51
56 9
56 85
56 55
56 61
57 1
57 2
57 36
57 37
57 6
57 8
57 73
57 43
57 13
57 78
57 48
57 72
57 82
57 52
57 21
57 22
57 55
57 26
57 27
57 85
58 2
58 34
58 36
58 38
58 8
58 41
58 45
58 13
58 77
58 79
58 20
58 53
58 62
59 68
59 65
59 2
59 59
59 4
59 69
59 7
59 40
59 42
59 71
59 76
59 13
59 46
59 79
59 51
59 20
59 55
59 36
59 27
59 30
60 3
60 70
60 73
60 23
60 54
60 41
60 55
60 27
61 68
61 70
61 40
61 9
61 13
61 20
61 36
61 27
62 70
62 71
62 9
62 13
62 77
62 79
62 86
62 87
63 1
63 2
63 9
63 10
63 45
63 46
63 85
63 55
63 27
63 42
63 53
64 2
64 69
64 9
64 10
64 45
64 46
64 81
64 52
64 85
64 86
64 55
64 26
64 54
65 64
65 69
65 38
65 8
65 76
65 85
65 22
65 23
65 57
65 54
65 53
66 68
66 34
66 36
66 69
66 41
66 87
66 46
66 79
66 51
66 20
66 53
66 22
66 55
66 52
66 27
66 60
66 85
67 36
67 69
67 8
67 9
67 10
67 76
67 40
67 51
67 20
67 21
67 86
67 72
67 68
67 60
67 85
68 64
68 69
68 7
68 40
68 42
68 71
68 76
68 13
68 21
68 22
68 60
68 62
68 85
69 34
69 68
69 81
69 51
69 53
69 26
70 68
70 69
70 71
70 8
70 13
70 81
70 85
70 87
70 26
70 27
71 34
71 68
71 70
71 7
71 40
71 10
71 51
71 22
71 87
71 57
71 26
71 27
72 36
72 72
72 73
72 55
72 76
72 80
72 85
72 87
72 27
72 60
72 53
73 34
73 3
73 4
73 10
73 45
73 81
73 53
73 86
73 27
73 60
73 42
73 21
74 66
74 69
74 7
74 8
74 73
74 42
74 2
74 21
74 87
74 26
74 62
74 53
75 64
75 34
75 36
75 69
75 6
75 40
75 41
75 55
75 13
75 46
75 79
75 81
75 20
75 57
75 54
75 23
75 52
75 26
75 60
76 45
76 68
76 70
76 40
76 13
76 77
76 79
76 20
76 60
76 31
77 65
77 2
77 36
77 40
77 41
77 76
77 79
77 52
77 53
77 57
77 27
77 60
77 61
77 62
77 85
78 36
78 69
78 38
78 40
78 41
78 45
78 79
78 81
78 87
78 4
79 68
79 71
79 42
79 76
79 53
79 55
79 59
79 85
81 34
81 35
81 36
81 69
81 6
81 39
81 8
81 55
81 13
81 79
81 40
81 20
81 85
81 86
81 23
81 68
81 27
81 62
81 81
82 2
82 27
82 10
82 62
82 13
83 2
83 36
83 69
83 40
83 41
83 44
83 13
83 51
83 52
83 53
83 27
83 31
84 40
84 41
84 26
84 36
84 54
85 81
85 26
85 27
85 36
85 69
86 41
86 57
86 53
86 22
86 55
87 70
87 6
87 71
87 42
87 79
87 81
87 52
87 57
87 26
