88
0 3
0 37
0 6
0 73
0 75
0 44
0 77
0 48
0 23
0 24
0 38
0 61
1 66
1 44
1 42
2 2
2 35
2 66
2 37
2 77
2 72
2 73
2 44
2 34
2 46
2 45
2 3
2 78
2 24
2 57
2 60
2 69
3 66
3 70
3 71
3 40
3 73
3 55
3 44
3 45
3 46
3 78
3 23
3 25
3 58
3 62
3 31
4 3
4 16
4 24
4 25
4 31
4 34
4 35
4 38
4 40
4 43
4 44
4 45
4 47
4 57
4 59
4 60
4 62
4 63
4 64
4 65
4 66
4 72
4 73
4 74
7 40
7 37
7 6
7 71
8 63
8 46
8 37
8 6
8 23
9 44
11 74
13 3
13 6
13 23
13 24
13 25
13 31
13 33
13 34
13 37
13 40
13 44
13 46
13 47
13 48
13 51
13 52
13 59
13 62
13 63
13 64
13 65
13 66
13 68
13 69
13 71
13 73
13 74
13 75
13 78
13 79
14 78
16 3
16 6
16 16
16 23
16 24
16 31
16 33
16 37
16 44
16 45
16 48
16 49
16 51
16 56
16 57
16 61
16 63
16 65
16 66
16 68
16 69
16 73
16 74
16 75
16 77
16 78
16 79
19 23
20 2
20 3
20 22
20 23
20 24
20 25
20 31
20 34
20 37
20 38
20 44
20 45
20 46
20 47
20 48
20 57
20 60
20 63
20 64
20 65
20 66
20 68
20 69
20 72
20 73
20 77
20 79
21 68
21 37
21 38
21 72
21 73
21 42
21 46
21 47
21 51
21 78
21 55
21 24
21 57
21 6
21 79
21 60
21 74
21 69
25 2
25 3
25 6
25 16
25 23
25 24
25 34
25 35
25 37
25 39
25 40
25 44
25 45
25 46
25 48
25 60
25 61
25 62
25 66
25 68
25 69
25 72
25 74
25 77
25 78
25 79
25 81
26 68
26 69
26 71
26 72
26 73
26 75
26 46
26 48
26 81
26 23
26 24
26 25
26 60
26 37
27 2
27 3
27 16
27 24
27 34
27 35
27 37
27 38
27 39
27 45
27 48
27 51
27 55
27 57
27 58
27 59
27 60
27 63
27 65
27 66
27 69
27 70
27 74
27 75
27 78
27 79
28 65
28 66
28 70
28 44
28 46
28 61
29 6
29 40
29 73
29 45
29 49
29 55
30 2
30 3
30 6
30 24
30 25
30 34
30 35
30 37
30 38
30 40
30 44
30 46
30 51
30 59
30 60
30 61
30 62
30 63
30 65
30 66
30 69
30 72
30 73
30 78
31 66
31 35
31 74
31 44
31 45
31 46
31 16
31 85
31 23
31 57
31 60
31 31
32 65
32 2
32 3
32 38
32 6
32 40
32 73
32 74
32 43
32 44
32 45
32 46
32 47
32 72
32 52
32 78
32 23
32 24
32 25
32 60
32 55
34 66
34 68
34 71
34 40
34 74
34 45
34 46
34 77
34 72
34 51
34 52
34 78
34 22
34 61
34 62
34 63
36 2
36 3
36 6
36 22
36 23
36 24
36 34
36 37
36 39
36 40
36 42
36 45
36 47
36 56
36 59
36 60
36 62
36 64
36 65
36 69
36 70
36 71
36 72
36 74
36 75
36 78
38 65
38 37
38 6
38 72
38 60
38 74
38 46
38 79
38 52
38 22
38 38
38 70
38 42
38 31
41 65
41 2
41 3
41 69
41 6
41 40
41 73
41 74
41 44
41 45
41 77
41 48
41 49
41 79
41 60
43 37
43 73
43 74
43 48
43 55
43 60
43 42
43 62
46 3
46 69
46 40
46 42
46 75
46 45
46 79
46 23
46 57
46 47
46 60
46 37
46 31
48 2
48 3
48 66
48 37
48 77
48 72
48 73
48 74
48 55
48 34
48 46
48 45
48 23
48 24
48 57
48 47
48 62
48 69
49 65
49 34
49 3
49 66
49 37
49 72
49 75
49 44
49 45
49 46
49 77
49 24
49 68
49 59
49 69
49 31
50 3
50 22
50 23
50 38
50 40
50 44
50 45
50 46
50 48
50 49
50 55
50 56
50 57
50 59
50 61
50 62
50 63
50 66
50 71
50 72
50 73
50 74
50 75
51 2
51 3
51 6
51 16
51 23
51 24
51 31
51 34
51 37
51 40
51 42
51 44
51 45
51 47
51 57
51 59
51 60
51 61
51 64
51 66
51 68
51 69
51 70
51 71
51 74
51 77
51 78
53 2
53 66
53 37
53 71
53 40
53 63
53 42
53 55
53 44
53 45
53 46
53 47
53 49
53 73
53 23
53 56
53 72
53 59
53 60
53 74
53 31
54 34
54 3
54 6
54 38
54 40
54 73
54 44
54 66
54 46
54 47
54 23
54 57
54 79
54 60
54 63
55 66
55 3
55 37
55 6
55 40
55 73
55 74
55 55
55 47
55 48
55 72
55 75
55 23
55 24
55 59
55 69
57 66
57 3
57 37
57 6
57 40
57 45
57 48
57 23
57 57
57 62
57 69
61 64
61 34
61 6
61 38
61 71
61 44
61 45
61 46
61 22
61 55
61 24
61 25
61 59
61 60
61 61
61 63
63 65
63 2
63 3
63 66
63 37
63 73
63 42
63 55
63 44
63 45
63 46
63 77
63 23
63 24
63 25
65 51
65 35
65 68
65 6
65 39
65 40
65 73
65 42
65 44
65 46
65 49
65 3
65 72
65 62
65 65
66 2
66 66
66 37
66 38
66 39
66 73
66 74
66 44
66 45
66 46
66 47
66 22
66 68
66 60
66 61
66 62
66 69
67 2
67 3
67 23
67 24
67 37
67 40
67 42
67 43
67 44
67 45
67 46
67 48
67 55
67 56
67 58
67 61
67 63
67 69
67 71
67 72
67 73
67 74
67 77
67 79
71 65
71 2
71 3
71 69
71 6
71 72
71 74
71 75
71 44
71 45
71 40
71 35
71 42
71 37
72 64
72 6
72 40
72 73
72 74
72 45
72 78
72 46
72 22
72 23
72 59
72 60
73 65
73 66
73 35
73 6
73 71
73 72
73 73
73 44
73 77
73 78
73 45
73 46
73 47
73 61
74 65
74 66
74 68
74 69
74 6
74 39
74 72
74 73
74 74
74 70
74 46
74 77
74 78
74 55
74 60
76 2
76 3
76 15
76 23
76 25
76 34
76 35
76 37
76 38
76 42
76 43
76 44
76 45
76 51
76 52
76 55
76 56
76 57
76 60
76 61
76 62
76 64
76 65
76 66
76 68
76 69
76 72
76 73
76 74
79 2
79 3
79 6
79 23
79 24
79 31
79 33
79 34
79 35
79 37
79 38
79 44
79 55
79 57
79 59
79 60
79 61
79 63
79 64
79 65
79 66
79 68
79 72
79 73
79 74
79 75
79 77
81 51
81 34
81 35
81 66
81 37
81 6
81 71
81 42
81 43
81 45
81 3
81 57
81 23
81 55
81 59
81 60
81 74
81 69
82 3
82 7
82 23
82 24
82 25
82 31
82 34
82 35
82 37
82 40
82 43
82 44
82 45
82 46
82 47
82 48
82 59
82 60
82 61
82 64
82 65
82 66
82 68
82 69
82 72
82 73
82 74
82 77
83 2
83 3
83 6
83 16
83 22
83 23
83 24
83 37
83 42
83 45
83 46
83 48
83 52
83 59
83 62
83 63
83 64
83 66
83 68
83 70
83 71
83 72
83 78
86 2
86 3
86 6
86 22
86 23
86 24
86 25
86 35
86 40
86 44
86 46
86 47
86 48
86 52
86 55
86 60
86 61
86 63
86 65
86 66
86 68
86 70
86 73
86 74
87 3
87 6
87 23
87 24
87 35
87 37
87 38
87 39
87 40
87 44
87 45
87 47
87 48
87 55
87 56
87 57
87 59
87 60
87 61
87 63
87 65
87 69
87 72
87 73
87 74
87 77
87 81
87 85
