88
0 69
0 7
0 44
0 77
0 45
0 17
0 83
0 49
1 5
1 6
1 7
1 9
1 10
1 12
1 19
1 20
1 30
1 32
1 34
1 40
1 41
1 49
1 51
1 54
1 56
1 74
1 75
1 76
1 84
1 86
3 42
3 36
3 6
3 38
3 7
4 66
4 67
4 69
4 40
4 77
4 79
4 54
4 47
4 31
5 64
5 1
5 2
5 35
5 5
5 84
5 40
5 9
5 10
5 11
5 12
5 79
5 83
5 74
5 56
5 25
5 29
5 62
6 48
6 66
6 35
6 75
6 79
6 80
6 82
6 86
6 25
6 61
6 62
7 0
7 67
7 43
7 36
7 70
7 41
7 10
7 11
7 12
7 44
7 51
7 20
7 86
7 56
7 84
7 79
7 74
8 64
8 0
8 67
8 7
8 9
8 75
8 78
8 79
8 43
8 86
8 61
8 30
8 31
9 64
9 0
9 35
9 5
9 9
9 11
9 77
9 82
9 41
10 40
10 83
10 77
10 70
10 47
11 64
11 1
11 32
11 79
11 20
11 26
11 61
12 7
12 9
12 10
12 14
12 20
12 24
12 26
12 35
12 36
12 38
12 39
12 42
12 51
12 53
12 64
12 66
12 71
12 72
12 74
12 75
12 77
12 83
13 64
13 34
13 3
13 6
13 7
13 44
13 11
13 12
13 78
13 47
13 76
13 82
13 51
13 86
13 71
13 79
13 29
16 66
16 69
16 40
16 44
16 74
16 12
16 79
16 48
16 54
16 24
16 42
17 31
19 1
19 66
19 37
19 40
19 74
19 11
19 12
19 13
19 46
19 79
19 17
19 84
19 10
20 63
21 70
21 40
21 11
21 82
21 87
21 63
23 32
23 66
23 43
23 39
23 11
23 76
23 45
23 48
23 24
23 30
24 0
24 48
24 38
24 46
24 80
24 61
25 0
25 64
25 3
25 6
25 10
25 13
25 79
25 51
25 55
25 47
27 32
27 1
27 34
27 43
27 36
27 7
27 80
27 74
27 11
27 12
27 77
27 14
27 61
27 48
27 75
27 82
27 46
27 39
27 71
27 29
27 30
28 75
28 47
28 20
28 54
28 79
28 63
29 64
29 67
29 38
29 42
29 75
29 48
29 56
29 25
29 28
30 3
30 5
30 7
30 10
30 12
30 15
30 17
30 24
30 30
30 32
30 35
30 43
30 45
30 54
30 62
30 64
30 66
30 69
30 70
30 79
30 84
30 86
31 12
31 24
31 25
31 29
31 34
31 40
31 42
31 43
31 44
31 51
31 54
31 61
31 63
31 69
31 70
31 72
31 75
31 76
31 78
31 80
31 84
31 86
32 83
32 3
32 77
32 61
33 55
34 32
34 51
34 66
34 67
34 5
34 6
34 64
34 44
34 12
34 78
34 61
34 56
34 82
34 19
34 24
34 26
34 38
34 29
34 30
34 69
35 1
35 34
35 67
35 69
35 70
35 39
35 11
35 12
35 45
35 77
35 47
35 17
35 83
35 20
35 24
35 26
35 61
35 30
35 63
36 64
36 1
36 43
36 6
36 42
36 11
36 44
36 83
36 56
36 26
37 64
37 66
37 3
37 69
37 6
37 7
37 72
37 9
37 39
37 12
37 78
37 47
37 80
37 56
37 54
37 41
37 24
37 70
37 61
38 37
38 38
38 39
38 10
38 48
38 51
38 86
39 0
39 3
39 5
39 11
39 17
39 19
39 20
39 24
39 25
39 31
39 34
39 35
39 41
39 44
39 55
39 61
39 63
39 76
39 77
39 79
39 83
39 86
39 87
40 32
40 1
40 66
40 67
40 37
40 6
40 64
40 9
40 76
40 78
40 79
40 83
40 20
40 87
40 56
40 25
40 26
40 38
40 29
40 63
41 51
41 34
41 5
41 38
41 74
41 61
41 77
41 46
41 45
41 83
41 20
41 25
41 29
42 64
42 4
42 37
42 38
42 9
42 10
42 46
42 83
42 74
42 54
42 41
42 6
42 70
42 42
42 69
42 63
43 35
43 39
43 9
43 43
43 78
43 79
43 19
43 61
43 30
43 31
44 0
44 32
44 66
44 3
44 37
44 49
44 40
44 44
44 13
44 79
44 17
44 82
44 51
44 47
45 84
45 51
45 35
45 37
45 7
45 41
45 39
45 17
45 83
45 20
45 25
45 49
45 29
46 70
46 38
46 71
46 40
46 42
46 46
46 17
46 29
46 63
47 1
47 43
47 5
47 70
47 39
47 9
47 10
47 11
47 44
47 13
47 14
47 47
47 76
47 17
47 75
47 46
47 56
47 24
47 26
47 78
47 31
48 32
48 67
48 10
48 43
48 44
48 84
48 86
48 61
49 9
49 34
49 6
49 47
50 39
52 24
52 31
52 69
52 79
53 64
53 48
53 34
53 44
53 80
54 34
54 70
54 39
54 40
54 41
54 42
54 13
54 48
54 83
54 54
54 24
54 26
54 74
55 1
55 3
55 38
55 39
55 42
55 75
55 45
55 78
55 48
55 17
55 19
55 46
55 26
56 0
56 32
56 66
56 43
56 6
56 33
56 9
56 42
56 39
56 76
56 13
56 45
56 80
56 56
56 82
56 19
56 24
56 25
56 28
56 30
57 66
57 38
57 6
57 44
57 10
57 12
57 46
57 76
57 17
57 20
57 56
57 24
57 84
57 70
57 69
57 31
58 66
58 70
58 40
58 41
58 75
58 44
58 24
58 26
58 61
58 63
59 0
59 1
59 4
59 5
59 6
59 9
59 10
59 11
59 13
59 20
59 29
59 31
59 32
59 36
59 38
59 42
59 44
59 54
59 62
59 69
59 71
59 80
59 82
60 82
61 32
61 67
61 3
61 69
61 70
61 71
61 77
61 83
61 61
61 37
63 64
63 39
63 40
63 71
63 44
63 14
63 51
64 1
64 5
64 11
64 12
64 13
64 17
64 25
64 30
64 31
64 32
64 35
64 36
64 41
64 44
64 47
64 54
64 61
64 63
64 70
64 76
64 79
64 84
65 86
66 0
66 69
66 6
66 41
66 10
66 77
66 46
66 45
66 17
66 83
66 56
66 24
66 74
66 30
67 64
67 34
67 46
67 48
67 82
67 20
67 24
67 29
67 62
68 67
68 56
68 74
68 75
68 6
69 67
69 36
69 5
69 6
69 74
69 75
69 13
69 14
69 80
69 86
69 26
69 62
69 37
70 75
70 67
71 34
71 39
71 40
71 9
71 44
71 15
71 83
71 24
71 25
71 31
72 1
72 66
72 3
72 36
72 37
72 70
72 12
72 47
72 82
72 25
73 66
73 5
73 7
73 74
73 75
73 78
73 51
73 14
73 25
73 26
73 42
74 80
74 11
74 86
74 30
74 14
75 80
75 24
75 82
75 30
75 47
76 34
76 43
76 38
76 7
76 40
76 9
76 10
76 75
76 77
76 47
76 48
76 82
76 25
76 30
77 6
77 7
77 9
77 11
77 17
77 20
77 24
77 28
77 31
77 32
77 35
77 40
77 43
77 46
77 56
77 63
77 64
77 70
77 75
77 76
77 78
77 82
78 32
78 6
78 41
78 75
78 47
78 80
78 17
78 82
78 51
78 63
79 66
79 35
79 10
79 76
79 48
79 51
79 86
79 56
79 30
79 31
80 2
80 3
80 20
80 25
80 32
80 35
80 36
80 38
80 39
80 41
80 42
80 47
80 51
80 54
80 61
80 63
80 69
80 70
80 74
80 76
80 77
80 78
80 84
82 32
82 75
82 37
82 38
82 39
82 73
82 71
82 12
82 46
82 76
82 48
82 17
82 83
82 20
82 78
82 54
82 25
86 1
86 67
86 69
86 48
86 74
86 12
86 80
86 51
86 20
86 54
86 25
86 5
87 0
87 35
87 36
87 7
87 74
87 75
87 77
87 17
87 82
87 10
