88
3 0
3 3
3 5
3 7
3 9
3 11
3 12
3 13
3 15
3 21
3 22
3 26
3 29
3 31
3 36
3 39
3 41
3 42
3 45
3 48
3 49
3 57
3 59
3 66
3 67
3 68
3 71
3 86
3 87
4 0
4 3
4 5
4 7
4 9
4 10
4 11
4 12
4 13
4 15
4 21
4 22
4 23
4 26
4 28
4 29
4 31
4 35
4 36
4 39
4 40
4 41
4 42
4 43
4 45
4 49
4 57
4 59
4 61
4 71
4 86
4 87
8 0
8 2
8 9
8 12
8 15
8 18
8 23
8 25
8 26
8 28
8 29
8 35
8 36
8 38
8 41
8 42
8 48
8 49
8 53
8 54
8 55
8 57
8 58
8 59
8 61
8 67
8 71
8 75
8 79
8 83
9 0
9 36
9 38
9 40
9 43
9 12
9 13
9 45
9 53
9 86
9 55
9 58
9 29
9 31
10 0
10 2
10 7
10 10
10 11
10 12
10 15
10 18
10 21
10 22
10 28
10 35
10 36
10 40
10 42
10 43
10 48
10 53
10 57
10 58
10 66
10 74
10 79
10 83
10 86
10 87
11 2
11 7
11 43
11 12
11 66
11 13
11 19
11 86
11 45
11 57
11 59
11 30
12 0
12 2
12 5
12 12
12 14
12 15
12 26
12 29
12 30
12 31
12 33
12 35
12 40
12 41
12 42
12 43
12 44
12 45
12 53
12 54
12 55
12 57
12 59
12 68
12 73
12 74
12 75
12 79
12 83
12 87
13 0
13 2
13 5
13 9
13 11
13 12
13 15
13 19
13 22
13 23
13 26
13 29
13 35
13 39
13 40
13 44
13 45
13 49
13 53
13 54
13 57
13 58
13 66
13 67
13 74
13 79
13 83
16 2
16 3
16 7
16 11
16 12
16 15
16 18
16 26
16 29
16 31
16 35
16 38
16 39
16 40
16 42
16 43
16 44
16 48
16 53
16 57
16 58
16 59
16 61
16 67
16 71
16 74
16 75
16 83
16 86
16 87
18 3
18 5
18 12
18 21
18 22
18 25
18 29
18 31
18 40
18 41
18 43
18 44
18 53
18 55
18 58
18 66
18 67
18 68
18 71
18 74
18 86
18 87
20 0
20 11
20 13
20 15
20 83
20 86
20 55
20 59
20 61
23 0
23 2
23 3
23 5
23 8
23 9
23 12
23 15
23 18
23 26
23 28
23 31
23 33
23 35
23 39
23 40
23 41
23 43
23 45
23 48
23 50
23 54
23 55
23 57
23 66
23 67
23 68
23 71
23 73
23 83
23 87
24 33
24 54
24 39
24 49
24 18
24 83
24 86
24 26
24 30
26 0
26 1
26 3
26 8
26 9
26 11
26 12
26 15
26 21
26 22
26 26
26 28
26 30
26 37
26 44
26 45
26 49
26 53
26 54
26 57
26 58
26 59
26 66
26 67
26 71
26 74
26 79
26 86
26 87
27 2
27 5
27 7
27 8
27 9
27 14
27 15
27 22
27 23
27 25
27 26
27 30
27 31
27 35
27 38
27 39
27 40
27 41
27 42
27 45
27 49
27 53
27 55
27 57
27 58
27 59
27 66
27 67
27 68
27 81
27 83
27 86
27 87
30 0
30 2
30 3
30 6
30 8
30 9
30 10
30 15
30 18
30 23
30 29
30 30
30 33
30 37
30 38
30 40
30 41
30 42
30 43
30 44
30 45
30 53
30 55
30 57
30 59
30 61
30 66
30 79
30 83
30 86
32 35
32 67
32 3
32 36
32 13
32 48
32 81
32 83
32 54
32 87
32 29
32 30
34 1
34 5
34 9
34 10
34 15
34 23
34 28
34 35
34 37
34 38
34 44
34 45
34 48
34 53
34 59
34 66
34 67
34 68
34 71
34 74
34 83
34 86
34 87
37 2
37 43
37 71
37 10
37 7
37 48
37 23
37 55
37 30
39 0
39 2
39 3
39 5
39 8
39 10
39 11
39 15
39 18
39 23
39 25
39 28
39 29
39 31
39 36
39 40
39 41
39 43
39 45
39 48
39 49
39 53
39 54
39 55
39 58
39 68
39 74
39 75
39 83
39 86
40 2
40 67
40 5
40 71
40 74
40 13
40 35
40 87
40 26
40 31
41 0
41 45
41 35
41 36
41 5
41 41
41 42
41 87
41 13
41 15
41 79
41 74
41 54
41 55
41 57
41 59
41 86
41 29
41 30
42 0
42 2
42 5
42 12
42 13
42 14
42 15
42 18
42 19
42 22
42 23
42 26
42 29
42 30
42 31
42 35
42 36
42 38
42 39
42 45
42 48
42 53
42 55
42 57
42 58
42 59
42 66
42 71
42 73
42 74
42 79
42 83
43 0
43 2
43 6
43 9
43 12
43 13
43 15
43 18
43 22
43 23
43 25
43 30
43 31
43 34
43 36
43 38
43 40
43 41
43 42
43 43
43 44
43 49
43 53
43 55
43 57
43 58
43 68
43 74
43 75
43 86
43 87
45 1
45 3
45 36
45 37
45 40
45 74
45 44
45 13
45 79
45 35
45 53
46 74
46 36
50 5
50 8
50 9
50 12
50 13
50 14
50 15
50 18
50 21
50 26
50 28
50 29
50 36
50 38
50 39
50 40
50 41
50 42
50 44
50 45
50 49
50 53
50 57
50 58
50 59
50 66
50 67
50 71
50 74
50 83
50 87
51 0
51 33
51 83
51 3
51 68
51 5
51 58
51 71
51 9
51 55
51 13
51 45
51 49
51 18
51 35
51 21
51 41
51 26
51 29
51 30
51 31
52 66
52 35
52 5
52 40
52 42
52 13
52 58
52 28
52 29
54 0
54 74
54 48
54 49
54 23
54 57
54 26
54 30
54 31
56 3
56 68
56 75
56 13
56 45
56 48
56 86
56 87
56 36
56 55
58 3
58 38
58 71
58 9
58 12
58 15
58 57
58 58
58 28
58 29
59 2
59 36
59 54
59 40
59 74
59 43
59 13
59 49
59 22
59 10
62 45
62 38
62 42
62 87
62 13
62 15
62 48
62 83
62 53
62 23
62 59
62 10
63 3
63 36
63 38
63 40
63 41
63 42
63 44
63 45
63 79
63 19
63 26
64 3
64 40
64 15
64 83
64 53
64 59
64 28
67 0
67 2
67 3
67 5
67 10
67 13
67 14
67 18
67 22
67 25
67 26
67 28
67 29
67 30
67 31
67 35
67 36
67 37
67 39
67 40
67 42
67 44
67 53
67 55
67 59
67 61
67 71
67 79
67 83
67 86
69 0
69 2
69 5
69 12
69 13
69 18
69 22
69 29
69 33
69 36
69 40
69 41
69 42
69 43
69 44
69 48
69 49
69 53
69 54
69 55
69 58
69 59
69 61
69 67
69 71
69 73
69 75
69 87
70 66
70 67
70 5
70 44
70 74
70 12
70 2
70 15
70 49
70 22
70 55
70 29
70 31
72 1
72 3
72 5
72 8
72 12
72 13
72 15
72 23
72 28
72 29
72 31
72 33
72 35
72 36
72 38
72 39
72 40
72 41
72 42
72 44
72 45
72 50
72 54
72 59
72 61
72 66
72 68
72 74
72 79
72 86
72 87
78 3
78 5
78 12
78 13
78 15
78 22
78 23
78 26
78 33
78 36
78 42
78 43
78 48
78 53
78 54
78 57
78 61
78 66
78 67
78 71
78 73
78 74
78 79
78 83
78 86
81 66
81 68
81 7
81 74
81 43
81 83
81 36
81 26
81 59
81 29
85 2
85 3
85 54
85 10
85 43
85 14
85 18
85 67
85 86
85 23
85 59
85 31
86 0
86 1
86 2
86 3
86 10
86 12
86 13
86 14
86 18
86 23
86 28
86 29
86 34
86 37
86 38
86 41
86 42
86 43
86 44
86 45
86 48
86 49
86 54
86 55
86 57
86 61
86 74
86 86
86 87
