88
0 75
0 68
0 37
0 7
0 73
0 10
0 43
0 44
0 46
0 79
0 82
0 78
0 71
0 27
0 28
0 61
0 85
0 63
1 64
1 37
1 70
1 73
1 10
1 43
1 44
1 18
1 85
1 24
1 25
1 27
1 60
1 63
2 64
2 65
2 34
2 75
2 68
2 38
2 7
2 60
2 43
2 44
2 79
2 81
2 73
2 24
2 25
2 28
2 62
2 63
3 64
3 34
3 75
3 37
3 70
3 71
3 43
3 44
3 79
3 81
3 18
3 51
3 20
3 25
3 27
3 60
3 63
4 65
4 68
4 37
4 71
4 8
4 10
4 43
4 18
4 85
4 25
4 27
4 62
4 63
5 64
5 34
5 37
5 81
5 71
5 8
5 10
5 75
5 44
5 78
5 79
5 17
5 18
5 85
5 25
5 27
5 62
9 64
9 34
9 71
9 8
9 73
9 10
9 43
9 79
9 18
9 62
9 24
9 25
9 27
9 28
9 61
9 30
9 85
11 64
11 65
11 75
11 37
11 38
11 7
11 8
11 73
11 10
11 71
11 44
11 78
11 17
11 18
11 62
11 85
11 25
11 30
11 63
12 64
12 70
12 8
12 60
12 10
12 75
12 44
12 82
12 78
12 81
12 18
12 62
12 85
12 25
12 27
12 28
12 61
12 30
12 63
13 64
13 70
13 7
13 8
13 60
13 10
13 75
13 44
13 81
13 46
13 79
13 17
13 18
13 78
13 73
13 40
13 28
13 62
13 63
15 34
15 37
15 71
15 8
15 10
15 81
15 82
15 85
15 25
15 27
15 28
15 61
15 30
15 63
17 65
17 37
17 38
17 7
17 8
17 73
17 43
17 81
17 46
17 17
17 82
17 51
17 85
17 25
17 27
17 60
17 61
17 62
17 63
19 65
19 34
19 75
19 37
19 70
19 71
19 8
19 73
19 10
19 43
19 44
19 46
19 79
19 17
19 24
19 60
19 61
19 30
19 81
21 70
21 38
21 7
21 8
21 43
21 44
21 81
21 46
21 40
21 18
21 20
21 21
21 85
21 25
21 71
21 27
21 60
21 61
21 30
21 63
22 64
22 81
22 75
22 68
22 37
22 38
22 7
22 73
22 10
22 43
22 70
22 46
22 79
22 17
22 18
22 85
22 24
22 60
22 61
22 63
23 64
23 65
23 34
23 68
23 37
23 81
23 7
23 8
23 10
23 71
23 78
23 17
23 18
23 62
23 40
23 24
23 25
23 27
23 60
23 30
23 85
24 64
24 68
24 5
24 38
24 71
24 8
24 63
24 10
24 75
24 78
24 40
24 18
24 51
24 62
24 73
24 27
24 30
24 37
25 64
25 75
25 68
25 5
25 7
25 60
25 10
25 43
25 44
25 82
25 79
25 81
25 18
25 62
25 85
25 27
25 28
25 30
25 63
29 64
29 75
29 5
29 38
29 7
29 8
29 73
29 10
29 43
29 44
29 70
29 46
29 17
29 51
29 85
29 63
29 28
29 62
29 37
31 64
31 5
31 38
31 71
31 8
31 60
31 75
31 44
31 63
31 81
31 18
31 85
31 25
31 27
31 28
31 37
32 64
32 5
32 7
32 8
32 73
32 44
32 46
32 79
32 81
32 82
32 51
32 62
32 24
32 25
32 28
32 30
32 63
33 75
33 68
33 37
33 38
33 8
33 60
33 10
33 43
33 44
33 46
33 79
33 17
33 18
33 85
33 40
33 25
33 27
33 28
33 30
33 63
35 64
35 68
35 37
35 70
35 71
35 10
35 75
35 44
35 46
35 79
35 18
35 51
35 20
35 57
35 25
35 27
35 62
36 64
36 65
36 34
36 75
36 37
36 38
36 7
36 40
36 43
36 70
36 46
36 81
36 18
36 85
36 25
36 71
36 27
36 60
36 63
39 75
39 37
39 38
39 7
39 8
39 73
39 43
39 82
39 17
39 18
39 62
39 85
39 25
39 71
39 27
39 30
39 63
41 64
41 34
41 37
41 38
41 71
41 8
41 73
41 10
41 75
41 70
41 46
41 79
41 81
41 53
41 85
41 25
41 27
41 60
41 62
41 63
42 64
42 75
42 68
42 5
42 70
42 7
42 60
42 10
42 71
42 44
42 46
42 17
42 18
42 62
42 27
42 28
42 61
42 30
42 85
43 64
43 82
43 5
43 38
43 71
43 8
43 10
43 81
43 79
43 17
43 18
43 62
43 40
43 25
43 63
43 60
43 30
43 37
45 64
45 65
45 75
45 5
45 70
45 7
45 10
45 71
45 44
45 81
45 79
45 17
45 18
45 85
45 25
45 63
45 28
45 61
45 62
45 37
47 37
47 38
47 7
47 8
47 60
47 75
47 44
47 81
47 79
47 40
47 18
47 85
47 73
47 27
47 28
47 62
47 63
48 64
48 65
48 34
48 37
48 71
48 8
48 73
48 10
48 44
48 82
48 46
48 18
48 20
48 85
48 25
48 61
48 62
49 64
49 65
49 75
49 38
49 7
49 8
49 73
49 10
49 43
49 82
49 78
49 79
49 18
49 51
49 71
49 60
49 63
52 64
52 75
52 68
52 38
52 7
52 8
52 10
52 71
52 44
52 17
52 18
52 51
52 62
52 40
52 24
52 25
52 30
52 81
55 64
55 38
55 70
55 8
55 10
55 79
55 17
55 18
55 51
55 25
55 27
55 30
55 63
56 81
56 53
56 60
56 85
56 57
58 43
58 70
58 7
58 60
58 10
58 75
58 44
58 78
58 81
58 18
58 27
58 28
58 63
60 64
60 5
60 81
60 71
60 8
60 73
60 75
60 44
60 82
60 46
60 79
60 17
60 18
60 62
60 24
60 60
60 78
60 30
60 37
66 64
66 65
66 34
66 37
66 38
66 71
66 40
66 75
66 70
66 79
66 81
66 51
66 21
66 24
66 25
66 60
66 85
66 63
67 34
67 75
67 38
67 7
67 8
67 73
67 43
67 44
67 46
67 79
67 81
67 18
67 53
67 85
67 62
67 25
67 71
67 27
67 60
67 30
67 63
69 64
69 68
69 8
69 10
69 43
69 44
69 46
69 81
69 18
69 85
69 25
69 27
69 62
70 64
70 5
70 38
70 71
70 8
70 60
70 10
70 75
70 44
70 70
70 79
70 81
70 62
70 25
70 27
70 28
70 61
70 30
70 85
71 64
71 34
71 68
71 37
71 38
71 7
71 8
71 60
71 10
71 43
71 78
71 46
71 79
71 82
71 21
71 73
71 55
71 27
71 28
72 5
72 38
72 71
72 8
72 63
72 43
72 44
72 70
72 46
72 79
72 81
72 20
72 62
72 85
72 25
72 27
72 60
72 30
72 37
73 64
73 70
73 38
73 40
73 60
73 75
73 78
73 46
73 18
73 20
73 62
73 73
73 25
73 27
73 28
73 30
73 85
74 64
74 65
74 37
74 71
74 8
74 10
74 75
74 44
74 46
74 81
74 18
74 27
74 60
74 61
74 62
76 37
76 81
76 7
76 73
76 10
76 71
76 46
76 79
76 17
76 51
76 85
76 55
76 25
76 60
76 61
76 62
76 5
77 64
77 34
77 59
77 5
77 38
77 71
77 73
77 10
77 43
77 46
77 79
77 81
77 75
77 51
77 85
77 25
77 27
77 60
77 62
77 37
83 64
83 8
83 44
83 79
83 18
83 25
84 68
84 37
84 38
84 7
84 71
84 81
84 46
84 17
84 18
84 51
84 85
84 25
84 27
84 70
84 61
84 30
84 63
86 64
86 65
86 37
86 70
86 71
86 8
86 73
86 10
86 43
86 78
86 81
86 62
86 25
86 60
86 61
86 30
86 85
87 64
87 75
87 37
87 7
87 8
87 10
87 43
87 44
87 82
87 79
87 81
87 18
87 85
87 25
87 71
87 59
87 60
87 61
87 30
87 63
