88
0 0
0 32
0 67
0 36
0 5
0 65
0 39
0 40
0 74
0 13
0 14
0 78
0 56
0 58
0 85
1 68
1 5
1 6
1 71
1 73
1 53
1 55
1 57
2 68
2 5
2 72
2 78
2 17
2 84
2 53
2 56
2 26
2 60
2 37
3 64
3 67
3 86
3 55
3 62
3 63
4 27
4 53
4 62
5 0
5 33
5 67
5 37
5 40
5 9
5 74
5 43
5 64
5 72
5 78
5 54
5 23
5 55
5 27
5 69
6 64
6 0
6 45
6 68
6 37
6 33
6 9
6 13
6 46
6 79
6 17
6 87
6 57
6 58
8 64
8 44
8 79
9 0
9 66
9 67
9 39
9 8
9 55
9 40
9 50
9 83
9 21
9 23
9 58
9 59
9 63
10 64
10 0
10 67
10 37
10 32
10 41
10 42
10 75
10 77
10 47
10 54
10 63
11 40
11 41
11 77
11 78
11 79
11 21
11 87
11 24
11 25
11 62
13 32
13 34
13 71
13 73
13 42
13 78
13 54
13 26
13 62
17 5
17 6
17 71
17 72
17 9
17 55
17 45
17 78
17 81
17 41
17 87
17 26
18 5
18 21
20 32
20 67
20 68
20 69
20 38
20 72
20 54
20 36
20 26
20 5
21 33
21 66
21 37
21 40
21 9
21 13
21 78
21 16
21 52
21 24
22 60
22 58
22 44
22 53
22 70
23 32
23 34
23 67
23 5
23 40
23 41
23 13
23 78
23 21
23 25
23 59
24 32
24 33
24 68
24 37
24 38
24 72
24 10
24 13
24 79
24 40
24 53
24 63
25 64
25 6
25 13
25 81
25 56
25 57
26 5
26 7
26 72
26 55
26 44
26 13
26 52
26 53
26 22
26 87
26 24
26 57
26 60
27 0
27 2
27 67
27 5
27 70
27 78
27 79
27 22
27 38
27 62
27 37
30 38
30 72
30 10
30 78
30 53
30 25
30 26
30 42
30 62
30 63
31 32
31 39
31 9
31 78
31 16
31 53
31 22
31 24
31 57
31 62
32 33
32 67
32 37
32 8
32 9
32 44
32 40
32 53
32 86
32 24
32 54
32 62
33 64
33 32
33 6
33 72
33 74
33 79
33 40
33 84
33 53
33 86
34 64
34 2
34 37
34 72
34 73
34 42
34 13
34 77
34 85
34 9
35 1
35 5
35 6
35 7
35 74
35 78
35 50
35 69
35 85
35 55
35 24
35 25
35 58
35 62
35 63
36 64
36 33
36 68
36 70
36 40
36 9
36 55
36 47
36 81
36 51
36 54
36 87
36 26
36 27
37 38
37 70
37 7
37 41
37 75
37 13
37 78
37 77
37 52
37 24
37 27
37 63
38 32
38 66
38 5
38 6
38 72
38 63
38 77
38 78
38 79
38 86
38 26
38 54
38 30
38 37
39 32
39 67
39 72
39 10
39 43
39 79
39 25
39 42
39 63
40 0
40 32
40 68
40 33
40 71
40 9
40 42
40 43
40 13
40 78
40 73
40 87
40 25
41 33
41 36
41 38
41 71
41 44
41 45
41 84
41 55
41 24
41 25
41 58
41 30
42 33
42 34
42 67
42 36
42 6
42 40
42 74
42 43
42 77
42 79
42 84
42 85
42 55
42 24
42 57
42 62
43 65
43 66
43 67
43 68
43 6
43 38
43 39
43 71
43 44
43 77
43 79
43 81
43 50
43 86
43 23
43 57
44 0
44 65
44 36
44 37
44 71
44 7
44 56
44 25
44 60
44 69
45 58
45 26
45 13
45 71
46 0
46 7
46 13
46 84
46 53
46 86
46 55
46 24
46 63
47 0
47 32
47 66
47 36
47 5
47 8
47 9
47 10
47 55
47 13
47 79
47 83
47 41
47 24
47 87
47 60
48 66
48 5
48 9
48 55
48 50
48 52
48 86
48 87
48 24
48 57
48 27
48 37
49 37
49 71
49 10
49 13
49 78
49 47
49 17
49 52
49 85
49 57
49 26
49 60
49 58
50 0
50 32
50 33
50 40
50 9
50 87
50 77
50 64
50 81
50 57
50 41
50 25
50 58
50 62
50 85
51 38
51 70
51 72
51 13
51 78
51 79
51 21
51 23
51 57
51 30
52 0
52 4
52 37
52 6
52 39
52 40
52 9
52 42
52 13
52 53
52 55
52 57
52 59
52 60
52 62
53 0
53 64
53 39
53 73
53 13
53 78
53 79
53 50
53 46
53 58
54 33
54 67
54 71
54 40
54 73
54 81
54 50
54 26
54 27
54 58
55 64
55 6
55 71
55 40
55 84
55 86
55 58
55 60
55 62
56 0
56 5
56 39
56 73
56 53
56 54
56 87
56 24
56 26
56 30
56 37
57 65
57 37
57 38
57 7
57 9
57 74
57 53
57 73
57 58
58 33
58 50
58 25
59 0
59 33
59 72
59 9
59 16
59 24
59 57
59 58
59 30
60 66
60 72
60 73
60 78
60 79
60 82
60 86
60 87
60 56
60 25
60 26
60 62
61 0
61 32
61 83
61 69
61 38
61 33
61 72
61 87
61 13
61 79
61 16
61 51
61 23
61 56
61 25
61 26
61 58
62 72
62 87
62 55
63 6
63 38
63 78
63 81
63 58
63 30
64 33
64 83
64 36
64 37
64 38
64 71
64 74
64 43
64 79
64 51
64 85
64 55
64 24
64 57
64 62
65 0
65 33
65 67
65 6
65 71
65 40
65 74
65 77
65 16
65 50
65 53
65 56
65 25
65 26
65 63
66 54
66 38
66 7
66 40
66 9
66 41
66 21
66 86
66 87
66 24
66 58
66 63
67 32
67 66
67 67
67 70
67 72
67 73
67 86
67 24
67 63
68 0
68 65
68 37
68 40
68 73
68 52
68 24
68 25
68 62
68 63
69 24
69 68
69 78
69 7
70 64
70 66
70 4
70 69
70 6
70 71
70 72
70 51
70 26
70 27
70 70
70 63
71 64
71 38
71 74
71 13
71 83
71 22
71 56
71 57
71 60
71 62
71 63
72 65
72 39
72 40
72 9
72 74
72 55
72 87
72 57
72 58
72 59
72 60
73 32
73 33
73 66
73 69
73 70
73 71
73 9
73 10
73 73
73 47
73 81
73 54
73 55
73 25
73 86
73 63
74 5
74 6
74 71
74 60
74 77
74 78
74 47
74 50
74 85
74 24
74 25
74 27
74 70
74 69
75 0
75 32
75 66
75 68
75 70
75 33
75 72
75 41
75 71
75 13
75 50
75 52
75 22
75 23
75 25
75 27
75 30
76 0
76 64
76 2
76 5
76 70
76 71
76 10
76 66
76 83
76 52
76 53
76 86
76 55
76 57
76 63
76 37
77 32
77 33
77 68
77 5
77 72
77 9
77 79
77 53
77 86
77 57
77 24
77 25
77 27
77 61
77 37
78 33
78 2
78 38
78 73
78 66
78 13
78 22
78 87
78 61
79 64
79 33
79 38
79 65
79 72
79 9
79 13
79 78
79 47
79 82
79 84
79 73
79 23
79 25
79 26
79 63
81 34
81 36
81 70
81 6
81 71
81 9
81 78
81 79
81 21
81 55
82 0
82 33
82 34
82 67
82 37
82 38
82 71
82 73
82 10
82 66
82 77
82 47
82 84
82 54
82 87
82 70
83 66
83 38
83 6
83 71
83 40
83 9
83 13
83 79
83 86
83 57
83 25
83 70
83 62
84 34
84 67
84 36
84 37
84 71
84 73
84 43
84 76
84 16
84 86
84 24
84 25
84 58
84 60
84 69
85 0
85 64
85 22
85 72
85 9
85 47
85 40
85 83
85 86
85 62
85 5
86 0
86 64
86 67
86 37
86 6
86 40
86 81
86 53
86 86
86 87
86 38
87 64
87 65
87 66
87 67
87 37
87 6
87 32
87 40
87 44
87 34
87 83
87 23
87 38
