88
0 32
0 2
0 3
0 38
0 39
0 41
0 67
0 12
0 78
0 16
0 50
0 51
0 73
0 71
0 27
0 28
1 0
1 1
1 66
1 3
1 33
1 6
1 7
1 9
1 42
1 76
1 65
1 84
1 21
1 86
1 73
1 28
1 30
1 31
2 0
2 1
2 38
2 32
2 74
2 46
2 10
2 52
2 26
2 27
2 28
2 58
3 64
3 1
3 66
3 4
3 6
3 7
3 9
3 11
3 44
3 46
3 81
3 50
3 21
3 86
3 56
3 36
3 28
3 62
4 33
4 34
4 3
4 86
4 8
4 10
4 13
4 59
4 40
4 84
4 53
4 22
4 72
4 57
4 58
4 27
4 62
4 31
5 35
5 3
5 54
5 7
5 11
5 13
5 77
5 47
5 16
5 49
5 18
5 19
5 22
5 55
5 56
5 57
5 71
5 29
5 31
6 65
6 2
6 67
6 70
6 8
6 10
6 75
6 76
6 34
6 45
6 52
6 53
6 57
6 59
7 84
8 2
8 71
8 10
8 16
8 59
8 31
9 0
9 32
9 59
9 36
9 69
9 49
9 72
9 41
9 42
9 11
9 46
9 16
9 17
9 18
9 53
9 56
9 24
9 27
9 74
10 10
10 30
10 37
10 6
10 61
11 64
11 33
11 2
11 67
11 71
11 40
11 43
11 76
11 79
11 81
11 82
11 21
11 27
11 62
11 85
12 64
12 32
12 11
12 4
12 38
12 70
12 72
12 42
12 75
12 45
12 80
12 27
13 0
13 67
13 35
13 38
13 81
13 40
13 9
13 10
13 48
13 17
13 51
13 20
13 55
13 26
13 27
13 74
13 31
14 10
14 3
16 32
16 48
16 34
16 70
16 38
16 8
16 9
16 11
16 12
16 66
16 16
16 18
16 19
16 53
16 56
16 25
16 61
16 30
17 32
17 34
17 3
17 38
17 42
17 62
17 13
17 46
17 17
17 20
17 53
17 54
17 56
17 52
17 58
17 28
17 30
18 32
18 2
18 36
18 37
18 38
18 9
18 10
18 11
18 12
18 66
18 77
18 83
18 53
18 56
18 28
18 61
18 30
19 26
19 60
19 53
19 85
19 71
20 1
20 2
20 36
20 39
20 9
20 76
20 34
20 46
20 45
20 16
20 19
20 20
20 53
20 86
20 56
20 62
21 0
21 35
21 2
21 3
21 36
21 37
21 33
21 80
21 42
21 39
21 66
21 46
21 71
21 75
21 19
21 53
21 54
21 67
21 58
21 59
22 34
22 73
22 43
22 76
22 85
22 60
22 30
23 33
23 2
23 4
23 69
23 40
23 80
23 74
23 45
23 48
23 50
23 51
23 20
23 21
23 24
23 36
23 27
23 30
23 53
24 0
24 4
24 37
24 38
24 74
24 22
24 58
25 39
26 0
26 1
26 39
26 7
26 20
26 60
26 63
27 32
27 1
27 35
27 6
27 33
27 64
27 73
27 43
27 45
27 71
27 72
27 20
27 21
27 22
27 62
27 56
27 25
27 26
27 30
28 0
28 33
28 2
28 67
28 49
28 65
28 39
28 8
28 9
28 71
28 13
28 40
28 18
28 54
28 41
28 30
29 5
30 32
30 42
30 22
30 46
30 78
31 3
31 37
31 11
31 12
31 77
31 46
31 48
31 17
31 58
32 32
32 1
32 3
32 5
32 44
32 45
32 81
32 18
32 84
32 21
32 54
32 26
32 62
33 34
33 35
33 37
33 39
33 44
33 74
33 76
33 78
33 16
33 59
33 21
33 58
33 27
33 31
34 33
34 67
34 4
34 6
34 65
34 8
34 42
34 11
34 12
34 45
34 40
34 84
34 53
34 22
34 72
34 57
34 62
35 66
35 35
35 28
35 74
35 54
36 48
36 59
36 37
36 7
36 10
36 43
36 78
36 16
36 17
36 75
36 51
36 20
36 54
36 69
36 52
36 26
36 27
36 28
36 30
36 31
37 59
37 6
37 39
37 72
37 74
37 14
37 16
37 17
37 40
37 86
37 87
37 57
37 27
38 1
38 34
38 3
38 36
38 86
38 33
38 74
38 39
38 45
38 46
38 77
38 48
38 67
38 52
38 22
38 79
38 28
38 30
39 33
39 34
39 67
39 5
39 6
39 40
39 73
39 16
39 81
39 21
39 56
39 28
39 37
40 1
40 2
40 26
40 36
40 42
41 6
41 8
41 45
41 47
41 81
41 51
41 72
42 33
42 2
42 35
42 5
42 70
42 74
42 34
42 46
42 45
42 16
42 18
42 51
42 52
42 62
42 55
42 57
42 26
42 79
42 30
43 1
43 5
43 6
43 39
43 54
43 58
44 24
44 2
44 36
44 42
44 30
45 32
45 65
45 2
45 33
45 71
45 10
45 39
45 13
45 46
45 80
45 20
45 85
45 26
45 31
46 32
46 59
46 4
46 5
46 38
46 41
46 10
46 43
46 44
46 45
46 17
46 83
46 20
46 73
46 26
46 27
46 28
47 73
47 62
47 4
47 54
47 6
48 1
48 6
48 71
48 76
48 16
48 50
48 84
48 25
48 52
49 65
49 67
49 37
49 70
49 33
49 8
49 9
49 12
49 51
49 54
49 56
49 26
49 38
49 62
50 32
50 40
50 12
50 17
50 20
50 8
51 3
51 57
51 18
51 35
51 77
52 32
52 33
52 67
52 35
52 9
52 42
52 43
52 81
52 3
52 21
52 54
52 56
52 26
53 73
53 26
53 52
53 37
53 17
54 1
54 2
54 6
54 65
54 72
54 74
54 43
54 76
54 80
54 87
54 60
54 63
55 0
55 6
55 12
55 49
55 54
55 56
55 27
56 32
56 66
56 67
56 37
56 38
56 8
56 73
56 42
56 11
56 12
56 45
56 48
56 84
56 59
56 70
56 30
57 65
57 10
57 44
57 52
57 71
58 48
58 73
58 83
58 23
58 71
59 33
59 44
59 76
59 79
59 49
59 18
60 25
60 51
61 33
61 43
61 39
61 44
61 10
61 11
61 12
61 77
61 16
61 17
61 18
61 84
61 54
61 23
61 59
61 62
62 1
62 18
62 71
62 12
62 62
62 76
62 13
62 82
62 51
62 53
62 9
62 29
62 30
63 77
64 33
64 3
64 70
64 73
64 46
64 84
64 21
64 54
65 1
65 86
65 35
65 36
65 38
65 6
65 74
65 77
65 80
65 81
65 84
65 54
65 55
65 56
65 57
65 28
65 30
65 31
66 0
66 8
66 37
66 48
67 41
67 50
67 11
67 30
67 25
69 8
70 48
70 36
70 6
70 39
70 72
70 73
70 44
70 16
70 53
71 33
71 5
71 38
71 72
71 12
71 44
71 45
71 81
71 50
71 52
71 53
71 73
71 41
71 56
71 57
71 70
72 65
72 59
72 72
72 41
72 76
72 13
72 61
72 16
72 49
72 51
72 53
72 73
72 58
72 27
72 29
72 31
73 32
73 34
73 5
73 38
73 40
73 41
73 43
73 13
73 45
73 19
73 84
73 86
73 73
73 56
73 26
73 60
73 31
74 32
74 5
74 6
74 7
74 8
74 9
74 74
74 39
74 44
74 48
74 72
74 56
74 57
74 42
75 33
75 2
75 69
75 6
75 71
75 74
75 43
75 21
75 86
75 70
76 81
76 34
76 83
76 55
76 41
77 6
77 71
77 40
77 73
77 10
77 13
77 77
77 48
77 81
77 18
77 20
77 54
77 24
77 25
77 26
77 27
77 62
78 3
79 8
81 41
81 66
81 28
81 10
81 39
82 16
82 9
82 66
82 44
82 80
83 65
83 12
83 53
83 73
84 56
84 12
84 45
84 86
85 64
85 59
85 67
85 12
85 7
86 2
86 3
86 54
86 70
86 73
86 10
86 13
86 45
86 48
86 51
86 86
86 58
86 42
86 31
