88
0 64
0 66
0 35
0 6
0 40
0 43
0 79
0 25
0 47
0 29
0 31
1 65
1 38
1 43
1 47
1 83
1 29
2 0
2 65
2 34
2 67
2 70
2 10
2 87
2 12
2 78
2 79
2 49
2 50
2 20
2 21
2 57
2 56
2 25
2 52
2 53
2 62
2 31
3 65
3 6
3 71
3 8
3 10
3 39
3 76
3 79
3 19
3 52
3 53
3 86
4 65
4 42
4 47
4 19
4 21
4 23
4 24
4 57
5 65
5 37
5 39
5 8
5 9
5 43
5 13
5 40
5 54
6 34
6 67
6 4
6 70
6 38
6 71
6 8
6 74
6 43
6 66
6 78
6 49
6 19
6 54
6 55
6 72
6 25
6 87
6 31
7 42
8 0
8 1
8 34
8 4
8 33
8 38
8 32
8 8
8 9
8 42
8 66
8 49
8 51
8 65
8 29
8 63
9 33
9 66
9 86
9 72
9 41
9 75
9 56
9 19
9 52
9 22
9 24
10 33
10 5
10 39
10 8
10 9
10 46
10 49
10 82
10 19
10 55
10 27
11 66
11 3
11 10
11 57
11 28
11 62
12 32
12 35
12 72
12 43
12 45
12 79
12 59
12 82
12 51
12 20
12 27
12 60
13 33
13 34
13 3
13 65
13 40
13 42
13 71
13 2
13 47
13 48
13 82
13 21
13 55
13 25
13 79
13 60
13 63
14 33
14 67
14 6
14 35
14 44
14 77
14 79
14 19
14 87
14 47
14 51
14 31
15 0
15 64
15 66
15 4
15 69
15 44
15 10
15 76
15 19
15 54
15 37
16 5
16 71
16 78
16 83
16 20
16 21
16 86
16 57
16 61
17 19
18 3
18 36
18 6
18 71
18 39
18 43
18 52
18 86
18 87
19 2
19 35
19 66
19 69
19 8
19 46
19 76
19 13
19 14
19 47
19 72
19 19
19 20
19 21
19 22
19 67
19 59
19 86
19 29
19 30
19 31
20 33
20 34
20 67
20 78
20 47
20 20
21 34
21 41
21 10
21 78
21 56
21 61
22 40
22 76
22 83
22 4
22 52
23 40
23 42
23 31
23 79
24 64
24 4
24 29
24 30
25 69
25 8
25 12
25 49
25 20
25 52
25 31
26 33
26 35
26 68
26 6
26 72
26 42
26 82
26 14
26 79
26 50
26 67
26 52
26 86
26 24
26 59
26 30
26 31
27 65
27 31
27 25
27 86
27 47
28 32
28 35
28 36
28 72
28 73
28 78
28 79
28 51
28 20
28 55
29 40
29 43
29 47
29 83
29 52
29 15
30 38
30 72
30 55
30 79
30 87
30 63
31 32
31 66
31 4
31 69
31 6
31 72
31 42
31 86
31 79
31 48
31 19
31 20
31 22
31 55
31 68
31 70
31 30
31 63
32 64
32 33
32 66
32 67
32 4
32 5
32 72
32 74
32 62
32 13
32 78
32 45
32 49
32 19
32 53
32 26
32 59
32 30
32 69
33 2
33 67
33 5
33 71
33 74
33 66
33 45
33 81
33 55
33 56
33 25
34 6
34 8
34 45
34 20
34 27
34 30
35 33
35 3
35 6
35 70
35 39
35 10
35 43
35 76
35 16
35 49
35 82
35 21
35 86
35 54
36 32
36 35
36 39
36 9
36 45
36 19
36 20
36 55
36 24
36 29
37 68
37 37
37 40
37 82
37 25
37 69
38 32
38 33
38 66
38 68
38 6
38 38
38 39
38 40
38 74
38 79
38 62
38 86
38 57
38 70
38 30
39 69
39 6
39 45
39 13
39 49
39 62
40 0
40 32
40 66
40 68
40 69
40 65
40 33
40 9
40 71
40 12
40 13
40 51
40 55
40 24
40 26
40 59
40 60
40 31
41 32
41 33
41 34
41 4
41 69
41 38
41 39
41 64
41 74
41 81
41 13
41 79
41 49
41 84
41 53
41 54
41 24
41 57
41 70
41 72
41 31
42 68
42 70
42 62
42 13
42 49
42 51
42 53
42 26
42 30
43 32
43 70
43 48
43 83
43 52
43 55
43 26
43 29
43 62
44 71
44 77
44 78
44 21
44 86
44 87
45 32
45 71
45 43
45 76
45 54
45 56
45 62
46 32
46 4
46 70
46 6
46 39
46 45
46 82
46 52
46 55
46 38
46 30
47 32
47 34
47 35
47 68
47 39
47 10
47 50
47 79
47 59
47 82
47 4
47 47
47 62
48 32
48 65
48 66
48 68
48 9
48 13
48 78
48 83
48 21
48 55
48 56
48 25
48 26
48 27
49 33
49 67
49 69
49 38
49 9
49 42
49 20
49 21
49 59
49 29
49 62
50 0
50 33
50 67
50 6
50 9
50 74
50 44
50 13
50 49
50 52
50 53
50 86
50 56
50 27
50 29
51 33
51 82
52 65
52 2
52 34
52 5
52 38
52 71
52 8
52 10
52 13
52 15
52 40
52 51
52 74
52 24
52 57
52 61
52 63
53 9
53 10
53 24
53 21
53 56
53 25
54 25
54 50
54 27
55 66
55 68
55 8
55 10
55 43
55 45
55 78
55 83
55 52
55 54
55 55
55 24
55 36
55 61
56 34
56 35
56 70
56 21
56 56
56 29
56 31
57 65
57 35
57 36
57 6
57 71
57 40
57 74
57 46
57 19
57 21
57 86
57 63
59 32
59 1
59 34
59 67
59 69
59 65
59 33
59 8
59 70
59 79
59 48
59 20
59 21
59 57
59 24
59 52
59 28
60 51
60 43
60 12
60 49
60 83
60 21
60 54
60 27
60 28
60 62
60 31
61 51
61 69
61 39
61 8
61 19
61 86
61 24
61 26
62 2
62 60
62 44
62 34
62 79
62 19
62 52
62 53
62 24
62 28
62 61
62 62
63 59
63 54
63 9
63 47
63 49
63 50
63 22
63 24
63 25
63 26
63 27
63 60
63 61
63 30
63 63
64 32
64 66
64 70
64 39
64 72
64 76
64 74
64 44
64 13
64 14
64 82
64 51
64 52
64 53
64 54
64 87
64 26
64 62
65 69
65 38
65 39
65 72
65 60
65 10
65 43
65 76
65 14
65 49
65 83
65 78
65 86
65 55
65 24
65 27
65 28
66 68
66 8
66 53
66 54
66 62
66 31
67 7
67 78
67 15
67 52
67 61
67 62
68 65
68 43
68 22
68 7
68 72
68 39
68 40
68 19
68 52
68 21
68 86
68 87
68 24
68 60
69 32
69 3
69 37
69 8
69 43
69 82
70 2
70 3
70 36
70 72
70 9
70 74
70 43
70 76
70 66
70 15
70 54
70 55
70 56
71 68
71 5
71 76
71 45
71 46
71 20
71 62
71 27
71 30
72 34
72 72
72 42
72 45
72 13
72 21
72 57
72 53
73 71
73 13
73 78
73 83
73 54
73 87
74 66
74 63
75 82
75 29
75 21
75 79
76 38
76 39
76 72
76 43
76 14
76 56
76 60
76 63
77 65
77 68
77 6
77 13
77 45
77 52
77 23
77 57
77 26
78 4
78 8
78 42
78 43
78 78
78 49
78 19
78 26
78 59
79 1
79 68
79 6
79 70
79 71
79 72
79 43
79 13
79 82
79 53
79 24
80 19
80 70
80 9
80 82
80 83
80 87
80 25
80 27
80 63
81 65
81 37
81 6
81 55
81 15
81 22
81 87
81 62
82 3
82 4
82 37
82 40
82 13
82 79
82 59
82 86
82 54
82 31
83 40
83 74
83 83
83 29
83 62
84 2
84 3
84 6
84 72
84 74
84 12
84 46
84 51
84 26
84 61
84 63
85 24
85 74
85 35
85 39
86 65
86 59
86 4
86 69
86 71
86 8
86 74
86 13
86 49
86 21
86 56
86 36
86 27
87 0
87 64
87 2
87 69
87 6
87 33
87 10
87 15
87 83
87 54
87 24
87 30
