88
0 7
0 11
0 12
0 13
0 18
0 20
0 21
0 23
0 26
0 30
0 32
0 33
0 34
0 40
0 44
0 47
0 54
0 62
0 63
0 66
0 67
0 69
0 70
0 75
0 83
0 86
1 2
1 3
1 12
1 23
1 30
1 32
1 36
1 37
1 40
1 45
1 47
1 53
1 62
1 63
1 65
1 66
1 67
1 72
1 73
1 74
1 75
1 77
1 78
1 79
1 87
2 32
2 2
2 36
2 37
2 8
2 44
2 74
2 75
2 12
2 66
2 46
2 15
2 18
2 79
2 54
2 87
2 26
2 47
2 86
2 29
2 63
3 4
3 7
3 14
3 20
3 23
3 25
3 32
3 36
3 40
3 42
3 44
3 47
3 62
3 63
3 65
3 66
3 67
3 71
3 72
3 74
3 76
3 79
3 87
6 62
7 2
7 8
7 13
7 16
7 18
7 23
7 25
7 29
7 32
7 36
7 40
7 41
7 42
7 52
7 53
7 62
7 63
7 66
7 69
7 74
7 77
7 78
7 79
7 87
9 32
9 87
9 47
9 49
9 54
9 23
9 79
9 60
9 61
16 64
16 2
16 3
16 36
16 69
16 71
16 40
16 44
16 42
16 43
16 12
16 13
16 75
16 74
16 66
16 87
16 56
16 61
18 32
18 1
18 34
18 3
18 36
18 37
18 72
18 10
18 62
18 13
18 78
18 18
18 67
18 20
18 53
18 86
18 23
18 25
18 74
18 29
18 30
19 74
23 66
23 3
23 36
23 71
23 72
23 73
23 42
23 43
23 12
23 13
23 47
23 80
23 81
23 51
23 74
23 53
23 86
23 79
23 10
23 62
23 63
24 13
24 25
24 33
24 36
24 42
24 44
24 45
24 52
24 54
24 57
24 61
24 62
24 63
24 66
24 67
24 69
24 71
24 72
24 73
24 75
24 77
24 83
24 84
24 86
24 87
25 1
25 3
25 6
25 8
25 10
25 12
25 20
25 25
25 29
25 34
25 36
25 37
25 44
25 47
25 54
25 57
25 62
25 63
25 66
25 67
25 69
25 72
25 74
25 76
25 79
25 83
27 2
27 67
27 70
27 71
27 72
27 44
27 10
27 11
27 12
27 13
27 46
27 73
27 81
27 18
27 74
27 53
27 54
27 23
27 87
27 61
27 63
28 3
28 4
28 7
28 10
28 13
28 20
28 23
28 26
28 29
28 32
28 34
28 36
28 37
28 40
28 47
28 53
28 57
28 61
28 63
28 70
28 72
28 74
28 78
28 81
28 87
38 3
38 5
38 12
38 18
38 20
38 25
38 32
38 34
38 37
38 42
38 44
38 48
38 57
38 60
38 62
38 69
38 71
38 73
38 78
38 79
38 81
38 86
38 87
39 3
39 10
39 13
39 18
39 20
39 23
39 25
39 31
39 32
39 33
39 36
39 42
39 47
39 52
39 53
39 54
39 65
39 66
39 71
39 72
39 77
39 78
39 83
40 1
40 11
40 13
40 20
40 25
40 32
40 34
40 36
40 40
40 42
40 43
40 44
40 56
40 57
40 61
40 67
40 71
40 74
40 77
40 78
40 79
40 81
40 86
40 87
42 10
42 13
42 23
42 29
42 32
42 34
42 36
42 44
42 46
42 47
42 52
42 53
42 62
42 64
42 65
42 67
42 71
42 72
42 73
42 77
42 79
42 81
42 83
42 87
46 2
46 8
46 11
46 13
46 20
46 23
46 24
46 30
46 33
46 36
46 39
46 42
46 45
46 46
46 53
46 54
46 63
46 66
46 69
46 71
46 74
46 76
46 79
46 83
47 64
47 33
47 39
47 8
47 73
47 10
47 71
47 44
47 45
47 78
47 79
47 72
47 18
47 20
47 53
47 87
47 25
47 63
47 42
47 62
47 31
49 3
49 4
49 14
49 29
49 30
49 31
49 32
49 36
49 37
49 39
49 40
49 46
49 51
49 53
49 54
49 62
49 63
49 66
49 69
49 70
49 72
49 73
49 75
49 76
49 79
49 83
50 3
50 7
50 10
50 11
50 13
50 18
50 23
50 26
50 29
50 31
50 35
50 37
50 39
50 40
50 41
50 42
50 43
50 44
50 46
50 54
50 63
50 64
50 73
50 74
50 77
50 78
50 81
53 32
53 2
53 3
53 36
53 37
53 71
53 8
53 73
53 10
53 87
53 12
53 45
53 14
53 72
53 67
53 52
53 46
53 23
53 63
53 29
53 53
54 2
54 3
54 6
54 10
54 12
54 13
54 18
54 23
54 25
54 26
54 32
54 44
54 52
54 54
54 61
54 62
54 63
54 66
54 67
54 71
54 73
54 77
54 83
56 1
56 3
56 10
56 13
56 15
56 20
56 23
56 24
56 25
56 31
56 32
56 37
56 40
56 43
56 44
56 53
56 54
56 63
56 65
56 66
56 71
56 72
56 73
56 74
56 77
56 78
56 81
58 3
58 37
58 40
58 73
58 12
58 44
58 81
58 26
59 66
59 67
59 12
59 13
59 78
59 53
65 33
65 34
65 3
65 36
65 39
65 72
65 44
65 11
65 12
65 45
65 46
65 43
65 51
65 53
65 55
65 67
65 25
65 71
65 62
65 31
68 64
68 65
68 66
68 67
68 36
68 72
68 10
68 75
68 44
68 61
68 48
68 20
68 53
68 54
68 23
68 87
68 60
68 29
68 62
70 4
70 8
70 10
70 13
70 18
70 20
70 25
70 29
70 34
70 40
70 42
70 47
70 53
70 60
70 61
70 62
70 63
70 66
70 67
70 70
70 71
70 72
70 73
70 78
70 81
71 1
71 3
71 10
71 12
71 13
71 20
71 23
71 25
71 30
71 32
71 34
71 36
71 40
71 46
71 53
71 54
71 61
71 62
71 65
71 66
71 72
71 73
71 75
71 79
71 81
72 0
72 2
72 3
72 7
72 13
72 20
72 23
72 25
72 26
72 34
72 41
72 42
72 46
72 47
72 51
72 53
72 57
72 62
72 63
72 66
72 71
72 72
72 78
72 87
73 32
73 1
73 3
73 4
73 69
73 65
73 74
73 71
73 44
73 13
73 87
73 75
73 20
73 53
73 23
73 25
73 26
73 30
73 36
77 6
77 10
77 12
77 20
77 32
77 33
77 39
77 40
77 41
77 42
77 44
77 45
77 47
77 53
77 54
77 63
77 66
77 71
77 72
77 73
77 74
77 77
77 78
77 79
77 81
77 83
77 87
79 3
79 8
79 12
79 13
79 18
79 23
79 25
79 33
79 40
79 47
79 62
79 63
79 64
79 65
79 71
79 73
79 74
79 75
79 76
79 77
79 83
79 87
81 3
81 8
81 12
81 13
81 20
81 23
81 24
81 25
81 26
81 28
81 36
81 40
81 44
81 51
81 53
81 54
81 62
81 63
81 66
81 69
81 71
81 72
81 78
81 79
81 87
83 3
83 12
83 13
83 17
83 18
83 20
83 23
83 25
83 32
83 36
83 40
83 44
83 51
83 54
83 61
83 63
83 66
83 70
83 72
83 73
83 75
83 76
83 87
84 10
84 12
84 18
84 20
84 25
84 29
84 32
84 42
84 44
84 47
84 51
84 53
84 54
84 60
84 62
84 63
84 64
84 66
84 67
84 73
84 81
84 87
85 2
85 7
85 10
85 11
85 12
85 20
85 23
85 24
85 34
85 37
85 41
85 42
85 44
85 57
85 60
85 62
85 65
85 67
85 69
85 71
85 72
85 74
85 77
85 87
86 3
86 10
86 18
86 23
86 25
86 31
86 32
86 36
86 37
86 40
86 42
86 43
86 44
86 49
86 53
86 54
86 62
86 67
86 71
86 72
86 75
86 79
86 81
87 2
87 3
87 4
87 49
87 8
87 41
87 77
87 12
87 13
87 46
87 47
87 40
87 20
87 66
87 54
87 25
87 79
87 29
