88
1 0
1 64
1 75
1 6
1 9
1 74
1 11
1 46
1 50
1 20
1 54
1 26
1 59
2 0
2 34
2 22
2 6
2 8
2 9
2 74
2 12
2 50
2 54
2 87
3 34
3 3
3 6
3 75
3 8
3 9
3 74
3 11
3 46
3 50
3 20
3 78
3 54
3 24
3 26
3 59
4 0
4 64
4 34
4 3
4 54
4 6
4 8
4 9
4 10
4 11
4 78
4 75
4 20
4 22
4 87
4 26
4 59
4 74
5 0
5 64
5 34
5 3
5 54
5 6
5 8
5 9
5 74
5 11
5 46
5 50
5 20
5 78
5 22
5 26
5 75
5 86
6 0
6 64
6 34
6 3
6 6
6 8
6 9
6 74
6 11
6 78
6 50
6 22
6 24
6 26
6 75
11 0
11 64
11 34
11 3
11 54
11 6
11 9
11 74
11 11
11 46
11 75
11 20
11 78
11 22
11 26
11 59
12 0
12 34
12 6
12 8
12 12
12 20
12 22
13 0
13 34
13 86
13 6
13 8
13 9
13 74
13 75
13 46
13 50
13 20
13 78
13 22
13 87
13 26
13 59
14 0
14 8
14 22
14 9
15 0
15 34
15 75
15 86
15 8
15 9
15 74
15 11
15 12
15 46
15 3
15 22
15 59
16 0
16 9
16 74
16 6
16 86
17 20
21 34
23 0
23 34
23 11
23 54
23 6
23 9
23 74
23 75
23 46
23 50
23 78
23 86
23 22
25 0
25 34
25 54
25 6
25 8
25 9
25 74
25 11
25 46
25 50
25 20
25 78
25 22
25 24
25 26
25 86
27 0
27 34
27 54
27 8
27 9
27 74
27 75
27 46
27 50
27 20
27 78
27 22
27 26
27 59
27 86
28 50
28 78
28 6
30 0
30 64
30 34
30 75
30 54
30 6
30 8
30 9
30 11
30 12
30 46
30 78
30 22
30 87
30 24
30 26
30 59
30 86
31 64
31 34
31 3
31 86
31 6
31 8
31 9
31 74
31 11
31 46
31 50
31 20
31 78
31 22
31 26
31 75
32 0
32 34
32 3
32 6
32 8
32 74
32 11
32 46
32 50
32 20
32 78
32 54
32 87
32 24
32 26
32 75
33 0
33 34
33 54
33 9
33 74
33 78
33 20
33 22
34 0
34 34
34 3
34 54
34 8
34 9
34 74
34 11
34 50
34 46
34 18
34 20
34 22
34 87
34 26
34 75
35 0
35 64
35 34
35 75
35 6
35 8
35 9
35 74
35 11
35 12
35 46
35 50
35 20
35 78
35 86
35 87
35 24
35 26
36 0
36 64
36 34
36 75
36 6
36 8
36 9
36 74
36 11
36 46
36 50
36 20
36 78
36 54
36 26
36 59
37 0
37 34
37 3
37 54
37 6
37 8
37 9
37 74
37 11
37 12
37 50
37 46
37 18
37 20
37 22
37 87
37 26
37 75
37 86
38 0
38 64
38 34
38 3
38 86
38 6
38 8
38 9
38 74
38 11
38 12
38 46
38 75
38 20
38 78
38 22
38 24
38 26
38 59
39 0
39 34
39 3
39 54
39 6
39 9
39 74
39 11
39 12
39 46
39 50
39 20
39 78
39 22
39 87
39 24
39 26
39 86
40 0
40 34
40 75
40 54
40 6
40 8
40 9
40 74
40 11
40 46
40 50
40 20
40 78
40 22
40 24
40 26
40 86
41 0
41 34
41 3
41 54
41 6
41 8
41 9
41 74
41 11
41 46
41 75
41 20
41 78
41 22
41 87
41 24
41 26
41 86
42 0
42 64
42 34
42 75
42 54
42 6
42 8
42 9
42 74
42 11
42 46
42 50
42 20
42 22
42 87
42 26
42 59
42 86
43 0
43 34
43 8
43 9
43 74
43 78
43 20
43 46
43 86
44 0
44 64
44 34
44 75
44 54
44 6
44 8
44 9
44 74
44 11
44 46
44 50
44 20
44 78
44 22
44 59
45 0
45 34
45 3
45 54
45 6
45 8
45 9
45 74
45 75
45 12
45 46
45 50
45 20
45 22
45 87
45 59
45 86
46 64
46 34
46 3
46 54
46 6
46 8
46 9
46 74
46 11
46 12
46 46
46 75
46 20
46 22
46 87
46 26
46 59
47 0
47 9
47 74
47 75
47 46
47 20
47 22
47 87
47 59
48 0
48 34
48 22
48 9
48 74
48 86
49 0
49 34
49 22
49 6
49 74
49 78
49 20
49 86
49 24
49 26
50 0
50 64
50 34
50 3
50 6
50 8
50 9
50 74
50 75
50 46
50 50
50 20
50 22
50 87
50 26
51 0
51 64
51 34
51 75
51 54
51 6
51 8
51 9
51 11
51 46
51 50
51 20
51 78
51 22
51 87
51 26
51 59
51 86
52 0
52 64
52 34
52 54
52 6
52 8
52 9
52 74
52 11
52 46
52 50
52 20
52 78
52 22
52 24
52 26
52 59
52 86
53 0
53 6
53 75
53 78
53 50
53 20
55 0
55 64
55 34
55 3
55 54
55 6
55 75
55 8
55 9
55 74
55 11
55 46
55 50
55 20
55 78
55 22
55 87
55 59
56 0
56 34
56 59
56 86
56 6
56 9
56 74
56 12
56 78
56 50
56 20
56 22
56 54
57 0
57 34
57 86
57 9
57 74
57 11
57 78
57 20
57 46
57 22
58 0
58 64
58 34
58 3
58 54
58 6
58 9
58 74
58 75
58 46
58 50
58 20
58 78
58 22
58 87
58 26
58 59
58 86
60 0
60 64
60 54
60 6
60 8
60 9
60 74
60 75
60 12
60 46
60 50
60 20
60 22
60 24
60 59
60 86
61 0
61 34
61 3
61 54
61 6
61 75
61 8
61 9
61 74
61 11
61 46
61 50
61 20
61 78
61 22
61 87
61 26
61 59
61 86
62 0
62 34
62 9
62 74
62 75
62 50
62 20
62 86
62 59
63 0
63 34
63 3
63 54
63 6
63 8
63 9
63 74
63 75
63 12
63 46
63 50
63 20
63 78
63 22
63 24
63 86
65 0
65 34
65 3
65 54
65 6
65 75
65 8
65 9
65 74
65 11
65 46
65 50
65 20
65 78
65 22
65 87
65 26
65 59
65 86
66 0
66 34
66 9
66 74
66 75
66 78
66 50
66 20
66 22
66 59
67 0
67 34
67 3
67 86
67 6
67 75
67 8
67 9
67 10
67 11
67 12
67 46
67 50
67 78
67 54
67 24
67 26
67 59
67 74
68 0
68 64
68 75
68 6
68 8
68 9
68 74
68 11
68 78
68 20
68 54
68 87
68 59
70 0
70 34
70 75
70 54
70 8
70 9
70 74
70 11
70 12
70 46
70 50
70 20
70 78
70 22
70 87
70 26
70 59
70 86
71 0
71 3
71 6
71 9
71 75
71 46
71 11
71 50
71 24
72 0
72 64
72 34
72 3
72 86
72 6
72 9
72 74
72 11
72 46
72 50
72 20
72 78
72 22
72 87
72 75
73 34
73 59
73 22
73 75
73 20
73 86
73 24
73 26
73 54
76 0
76 34
76 3
76 86
76 6
76 8
76 9
76 75
76 50
76 46
76 18
76 20
76 78
76 54
76 87
76 24
76 26
77 0
77 34
77 6
77 9
77 74
77 78
77 22
77 24
77 59
78 0
78 34
78 54
78 6
78 8
78 9
78 75
78 46
78 50
78 20
78 78
78 22
78 87
78 24
78 26
79 0
79 6
79 75
79 50
79 54
79 26
80 74
81 0
81 34
81 75
81 86
81 8
81 9
81 74
81 11
81 46
81 50
81 20
81 78
81 54
81 87
81 24
82 0
82 34
82 22
82 6
82 9
82 11
82 78
82 20
82 86
82 87
83 64
83 34
83 3
83 86
83 6
83 8
83 9
83 46
83 50
83 20
83 22
83 87
83 26
83 59
85 9
