88
0 0
0 33
0 37
0 6
0 77
0 64
0 9
0 10
0 13
0 46
0 47
0 81
0 18
0 51
0 52
0 54
0 41
0 86
0 42
1 64
1 2
1 34
1 68
1 9
1 76
1 13
1 44
1 18
1 52
1 26
1 27
1 62
2 64
2 9
2 10
2 76
2 83
2 63
2 62
2 31
3 64
3 2
3 54
3 9
3 42
3 12
3 86
3 41
3 58
4 0
4 32
4 2
4 34
4 37
4 6
4 64
4 9
4 10
4 44
4 13
4 77
4 18
4 51
4 63
4 70
4 62
4 31
5 0
5 3
5 6
5 72
5 9
5 42
5 13
5 78
5 16
5 81
5 51
5 52
5 62
5 54
5 41
5 56
5 30
5 63
7 2
7 3
7 13
8 64
8 40
8 9
8 10
8 18
8 51
8 41
8 27
10 64
10 2
10 40
10 9
10 76
10 44
10 81
10 83
10 52
10 41
10 24
10 62
11 64
11 2
11 43
11 68
11 6
11 72
11 9
11 11
11 76
11 45
11 77
11 81
11 18
11 51
11 54
11 41
11 27
11 62
14 64
14 66
14 3
14 68
14 70
14 72
14 76
14 44
14 45
14 77
14 13
14 50
14 81
14 18
14 51
14 86
14 23
14 56
14 58
17 64
17 2
17 68
17 54
17 40
17 78
17 50
17 52
17 86
17 58
17 62
19 0
19 2
19 3
19 9
19 13
19 20
19 24
19 26
19 32
19 33
19 43
19 44
19 46
19 47
19 56
19 58
19 62
19 63
19 68
19 72
19 76
19 77
19 81
21 0
21 9
21 12
21 17
21 18
21 27
21 30
21 33
21 43
21 44
21 47
21 50
21 58
21 64
21 68
21 69
21 70
21 72
21 76
21 81
21 83
21 86
22 32
22 35
22 36
22 86
22 39
22 9
22 10
22 11
22 44
22 14
22 50
22 52
22 54
22 23
22 56
22 26
22 27
22 58
22 62
25 0
25 86
25 40
25 9
25 10
25 62
25 44
25 16
25 76
25 50
25 52
25 41
25 54
25 23
25 56
25 58
25 74
25 30
27 64
27 35
27 41
27 74
27 51
27 54
27 58
28 10
28 35
29 64
29 2
29 43
29 68
29 70
29 6
29 41
29 10
29 11
29 44
29 13
29 76
29 17
29 18
29 51
29 52
29 86
29 23
29 83
30 0
30 51
30 3
30 70
30 72
30 9
30 74
30 76
30 81
30 83
30 86
30 41
30 58
31 64
31 34
31 36
31 40
31 41
31 74
31 11
31 44
31 2
31 13
31 51
31 54
31 45
31 62
31 63
32 32
32 2
32 41
32 10
32 13
32 81
32 18
32 83
33 32
33 64
33 2
33 68
33 37
33 70
33 9
33 76
33 45
33 78
33 81
33 18
33 41
33 23
33 56
33 58
33 63
34 32
34 64
34 2
34 34
34 68
34 86
34 72
34 41
34 44
34 13
34 46
34 81
34 18
34 54
34 27
34 62
36 0
36 34
36 3
36 68
36 70
36 6
36 81
36 72
36 9
36 10
36 77
36 46
36 17
36 18
36 35
36 52
36 62
36 54
36 27
36 86
36 30
37 58
37 68
38 33
38 3
38 36
38 70
38 72
38 41
38 11
38 12
38 13
38 78
38 47
38 76
38 18
38 51
38 54
38 23
38 26
38 58
38 62
38 63
39 0
39 3
39 68
39 9
39 78
39 41
39 58
39 62
41 32
41 70
41 40
41 9
41 44
41 46
41 81
41 41
41 58
42 0
42 2
42 3
42 68
42 70
42 39
42 72
42 9
42 42
42 44
42 34
42 46
42 76
42 51
42 62
42 54
42 41
42 58
42 27
42 78
42 30
43 68
43 70
43 40
43 43
43 46
43 18
43 54
43 63
44 2
44 3
44 44
44 81
44 18
44 29
44 62
44 63
46 58
46 51
46 68
46 70
46 6
46 64
46 10
46 76
46 50
46 77
46 72
46 18
46 42
46 86
46 23
46 26
46 27
46 29
46 62
47 9
47 44
47 81
47 18
47 51
47 62
47 30
48 0
48 64
48 3
48 70
48 81
48 40
48 9
48 11
48 44
48 13
48 77
48 47
48 72
48 18
48 51
48 52
48 54
48 41
48 56
48 63
49 0
49 2
49 3
49 9
49 10
49 11
49 13
49 14
49 17
49 18
49 26
49 37
49 42
49 43
49 44
49 54
49 58
49 62
49 66
49 68
49 81
49 86
51 64
51 2
51 86
51 70
51 72
51 41
51 42
51 44
51 13
51 77
51 51
51 54
51 9
51 26
51 63
51 62
51 31
53 0
53 66
53 43
53 70
53 40
53 11
53 13
53 45
53 50
53 56
53 18
53 51
53 52
53 62
53 54
53 24
53 83
53 47
53 30
53 63
54 70
54 9
54 77
54 54
54 41
54 58
54 63
54 62
54 31
55 0
55 32
55 2
55 3
55 68
55 6
55 64
55 9
55 13
55 77
55 34
55 86
55 58
55 27
55 62
57 0
57 2
57 9
57 18
57 23
57 32
57 34
57 36
57 39
57 41
57 42
57 47
57 51
57 52
57 56
57 62
57 66
57 68
57 70
57 72
57 74
57 77
59 0
59 2
59 9
59 12
59 16
59 32
59 36
59 40
59 42
59 43
59 44
59 50
59 54
59 56
59 62
59 63
59 64
59 66
59 68
59 72
59 76
59 81
59 86
60 68
60 54
60 39
60 9
60 74
60 13
60 78
60 86
60 41
60 24
61 0
61 32
61 2
61 50
61 68
61 81
61 77
61 10
61 76
61 13
61 46
61 47
61 17
61 18
61 52
61 54
61 26
61 58
61 62
61 63
62 68
62 70
62 41
62 11
62 77
62 52
62 58
63 64
63 32
63 2
63 6
63 72
63 41
63 44
63 77
63 46
63 47
63 81
63 52
63 54
63 30
65 64
65 74
65 76
65 81
65 18
65 56
65 27
66 0
66 34
66 3
66 72
66 10
66 43
66 76
66 2
66 46
66 47
66 50
66 51
66 52
66 78
66 54
66 23
66 58
66 42
66 62
67 64
67 2
67 68
67 70
67 6
67 72
67 41
67 10
67 43
67 44
67 13
67 63
67 76
67 81
67 52
67 23
67 56
67 26
67 27
67 58
67 31
71 64
71 2
71 3
71 9
71 10
71 44
71 13
71 76
71 81
71 18
71 83
71 52
71 54
71 41
71 74
71 62
71 63
72 2
72 70
72 10
72 43
72 18
72 52
72 86
72 23
72 26
72 62
72 63
73 64
73 33
73 2
73 68
73 86
73 6
73 72
73 44
73 12
73 47
73 76
73 81
73 83
73 52
73 54
73 56
73 26
73 30
74 64
74 34
74 3
74 68
74 70
74 81
74 40
74 10
74 43
74 76
74 13
74 46
74 72
74 18
74 83
74 42
74 30
74 63
75 64
75 40
75 10
75 11
75 18
75 42
78 64
78 0
78 43
78 9
78 11
78 81
78 18
78 41
78 58
78 27
78 62
78 63
79 0
79 51
79 34
79 3
79 36
79 81
79 64
79 9
79 74
79 11
79 44
79 46
79 72
79 18
79 35
79 54
79 23
79 56
79 30
79 63
80 37
80 41
80 74
80 81
80 18
80 9
80 56
80 62
82 68
82 41
82 50
82 18
82 52
82 54
82 62
82 31
83 32
83 50
83 68
83 70
83 76
83 13
83 81
83 18
83 86
83 26
83 58
85 0
85 64
85 2
85 3
85 66
85 70
85 72
85 9
85 10
85 83
85 76
85 13
85 46
85 34
85 18
85 51
85 52
85 41
85 56
85 68
85 30
86 64
86 68
86 6
86 9
86 11
86 54
87 0
87 33
87 2
87 3
87 86
87 70
87 39
87 64
87 9
87 74
87 13
87 77
87 47
87 16
87 72
87 78
87 54
87 41
87 58
87 81
