88
0 2
0 7
0 8
0 9
0 10
0 16
0 27
0 28
0 29
0 33
0 38
0 42
0 44
0 45
0 48
0 52
0 53
0 56
0 59
0 60
0 74
0 81
2 2
2 3
2 16
2 18
2 20
2 25
2 26
2 32
2 33
2 37
2 38
2 39
2 45
2 53
2 54
2 60
2 62
2 65
2 67
2 74
2 81
2 83
2 85
3 32
3 33
3 3
3 4
3 6
3 39
3 8
3 9
3 74
3 62
3 78
3 79
3 53
3 54
3 56
3 71
3 59
3 30
3 65
4 32
4 64
4 4
4 5
4 39
4 72
4 10
4 71
4 48
4 17
4 20
4 62
4 54
4 69
4 56
4 26
4 27
4 60
4 42
4 30
4 37
5 1
5 2
5 3
5 5
5 6
5 7
5 8
5 9
5 10
5 16
5 26
5 27
5 33
5 39
5 42
5 45
5 48
5 54
5 55
5 62
5 67
5 71
5 72
5 74
5 85
6 0
6 1
6 2
6 7
6 8
6 9
6 11
6 13
6 17
6 18
6 26
6 27
6 28
6 30
6 32
6 38
6 48
6 53
6 55
6 56
6 59
6 65
6 70
6 74
6 81
8 6
8 40
8 10
8 48
8 17
8 83
8 53
8 30
9 33
9 34
9 3
9 5
9 38
9 8
9 9
9 10
9 75
9 12
9 46
9 48
9 67
9 52
9 53
9 73
9 55
9 56
9 83
9 30
10 70
10 6
10 8
10 73
10 42
10 26
10 30
11 32
11 1
11 34
11 3
11 70
11 6
11 39
11 8
11 73
11 10
11 83
11 45
11 79
11 16
11 67
11 52
11 55
11 56
11 74
11 62
13 2
13 5
13 9
13 12
13 18
13 27
13 29
13 32
13 37
13 39
13 45
13 53
13 56
13 59
13 64
13 67
13 69
13 70
13 72
13 74
13 78
13 81
13 85
14 16
14 67
14 5
14 38
17 32
17 34
17 37
17 38
17 39
17 8
17 60
17 74
17 71
17 45
17 79
17 16
17 81
17 51
17 53
17 54
17 73
17 24
17 59
17 28
17 62
19 32
19 65
19 67
19 39
19 10
19 13
19 17
19 56
19 28
19 30
20 32
20 65
20 4
20 6
20 71
20 8
20 73
20 10
20 75
20 45
20 78
20 16
20 18
20 42
20 53
20 54
20 56
20 26
20 27
20 29
20 62
21 1
21 2
21 3
21 4
21 7
21 8
21 9
21 10
21 12
21 16
21 18
21 20
21 27
21 28
21 30
21 33
21 37
21 45
21 46
21 48
21 53
21 54
21 64
21 69
21 73
21 74
21 79
22 67
22 38
22 71
22 8
22 9
22 74
22 39
22 81
22 3
22 54
22 41
22 27
22 42
23 32
23 33
23 34
23 3
23 69
23 6
23 65
23 8
23 73
23 10
23 12
23 79
23 48
23 59
23 18
23 51
23 86
23 25
23 26
23 27
23 30
30 1
30 3
30 6
30 33
30 72
30 9
30 78
30 81
30 53
30 54
30 62
31 33
31 2
31 38
31 6
31 48
31 72
31 73
31 74
31 71
31 34
31 16
31 53
31 54
31 27
31 70
32 64
32 65
32 2
32 3
32 5
32 6
32 39
32 73
32 45
32 16
32 17
32 20
32 62
32 56
32 81
32 29
32 30
32 37
33 32
33 2
33 67
33 5
33 6
33 71
33 8
33 73
33 74
33 12
33 34
33 69
33 52
33 55
33 56
33 26
33 27
33 37
33 62
33 31
34 1
34 2
34 5
34 8
34 10
34 17
34 18
34 20
34 26
34 28
34 30
34 32
34 44
34 53
34 56
34 59
34 60
34 61
34 62
34 70
34 71
34 73
34 74
34 81
35 32
35 4
35 73
35 10
35 60
35 30
36 1
36 3
36 5
36 7
36 8
36 12
36 17
36 18
36 28
36 30
36 33
36 42
36 45
36 48
36 51
36 53
36 54
36 56
36 62
36 65
36 67
36 70
36 71
36 73
36 74
36 75
37 3
37 4
37 12
37 13
37 16
37 25
37 26
37 27
37 28
37 30
37 37
37 38
37 53
37 54
37 55
37 56
37 59
37 61
37 70
37 71
37 74
37 81
37 84
38 32
38 2
38 3
38 37
38 38
38 7
38 8
38 73
38 42
38 62
38 16
38 72
38 18
38 67
38 53
38 54
38 56
38 26
38 59
38 28
38 30
40 33
40 4
40 74
40 75
40 45
40 16
40 17
40 54
40 25
40 59
40 62
41 33
41 39
41 8
41 10
41 17
41 54
41 56
41 26
43 1
43 33
43 8
43 10
43 12
43 17
43 56
43 61
43 30
44 32
44 65
44 2
44 5
44 70
44 1
44 9
44 10
44 54
45 1
45 3
45 4
45 9
45 10
45 12
45 13
45 16
45 17
45 26
45 27
45 28
45 30
45 32
45 33
45 34
45 45
45 54
45 56
45 67
45 69
45 73
45 78
45 81
46 3
46 5
46 7
46 10
46 12
46 17
46 18
46 26
46 27
46 29
46 30
46 32
46 33
46 34
46 42
46 48
46 53
46 62
46 70
46 71
46 73
46 74
46 75
46 81
47 65
47 71
47 72
47 9
47 39
47 12
47 45
47 18
47 61
47 62
49 0
49 2
49 3
49 6
49 8
49 9
49 10
49 16
49 26
49 27
49 30
49 32
49 40
49 41
49 45
49 53
49 54
49 55
49 56
49 64
49 65
49 70
49 75
49 81
50 64
50 65
50 4
50 7
50 39
50 12
50 45
50 16
50 20
50 85
51 72
51 2
51 10
51 6
51 45
54 2
54 5
54 6
54 11
54 16
54 18
54 26
54 27
54 30
54 32
54 34
54 36
54 37
54 38
54 39
54 42
54 53
54 56
54 59
54 71
54 73
54 81
57 32
57 6
57 39
57 9
57 11
57 16
57 27
58 33
58 73
58 10
58 62
58 83
58 53
58 30
59 33
59 5
59 71
59 12
59 62
59 24
59 30
62 48
62 34
62 59
62 70
62 6
62 39
62 73
62 42
62 12
62 78
62 16
62 83
62 74
62 53
62 26
62 27
62 60
62 61
62 85
63 67
63 37
65 1
65 4
65 6
65 10
65 12
65 13
65 24
65 25
65 27
65 30
65 33
65 38
65 39
65 41
65 45
65 52
65 53
65 54
65 59
65 64
65 71
65 72
65 79
65 81
66 32
66 2
66 37
66 6
66 72
66 10
66 12
66 81
66 18
66 84
66 53
66 54
67 32
67 3
67 39
67 73
67 74
67 16
67 53
67 30
71 32
71 33
71 2
71 3
71 70
71 39
71 72
71 9
71 74
71 71
71 44
71 34
71 78
71 16
71 17
71 67
71 53
71 73
71 25
71 61
72 3
72 6
72 8
72 10
72 12
72 16
72 18
72 20
72 24
72 26
72 27
72 30
72 32
72 34
72 38
72 54
72 59
72 61
72 67
72 71
72 72
72 73
72 75
74 32
74 1
74 2
74 38
74 33
74 72
74 73
74 71
74 12
74 45
74 16
74 56
74 18
74 54
74 24
74 26
74 27
74 30
74 81
76 33
76 6
76 10
76 16
76 54
76 28
76 42
77 48
77 2
77 37
77 6
77 65
77 72
77 9
77 10
77 73
77 45
77 60
77 16
77 81
77 18
77 53
77 54
77 41
77 26
77 59
77 28
77 62
81 32
81 1
81 6
81 39
81 16
81 83
81 20
81 26
82 2
82 5
82 6
82 10
82 45
82 31
83 67
83 38
83 70
83 7
83 8
83 60
83 81
83 3
83 24
83 28
83 29
83 30
84 0
84 65
84 33
84 8
84 73
84 40
84 54
84 28
86 64
86 33
86 2
86 59
86 5
86 38
86 7
86 8
86 41
86 10
86 39
86 12
86 34
86 79
86 72
86 54
86 24
86 27
86 86
86 74
