88
0 1
0 67
0 5
0 41
0 12
0 14
0 15
0 18
0 21
0 23
0 24
0 58
0 59
0 78
0 53
1 1
1 66
1 43
1 5
1 6
1 8
1 9
1 74
1 11
1 12
1 78
1 49
1 18
1 19
1 84
1 21
1 23
1 58
1 59
1 31
2 0
2 1
2 3
2 7
2 8
2 10
2 13
2 16
2 19
2 27
2 31
2 38
2 41
2 43
2 53
2 58
2 60
2 66
2 74
2 78
2 84
2 86
3 0
3 1
3 5
3 6
3 7
3 64
3 10
3 11
3 13
3 15
3 18
3 19
3 53
3 59
3 60
4 6
4 10
4 11
4 13
4 16
4 21
4 53
5 0
5 32
5 43
5 37
5 10
5 11
5 13
5 77
5 18
5 26
5 59
6 0
6 1
6 3
6 38
6 9
6 11
6 13
6 46
6 43
6 84
6 21
7 21
8 0
8 66
8 8
8 41
8 10
8 12
8 14
8 15
8 84
8 21
8 53
9 70
9 41
9 42
9 11
9 12
9 50
9 15
9 16
9 18
9 53
9 26
9 47
9 60
10 0
10 1
10 66
10 50
10 6
10 43
10 13
10 15
10 16
10 18
10 84
10 21
10 24
11 0
11 67
11 5
11 7
11 74
11 11
11 50
11 84
11 21
11 23
11 58
11 59
12 1
12 66
12 68
12 5
12 41
12 43
12 12
12 16
12 50
12 19
12 54
13 33
13 5
13 8
13 74
13 11
13 50
13 17
13 18
13 21
13 24
13 62
15 0
15 5
15 7
15 9
15 12
15 13
15 15
15 50
15 21
15 55
15 26
15 60
16 0
16 1
16 5
16 7
16 64
16 41
16 11
16 12
16 15
16 50
16 84
16 21
16 60
17 18
18 0
18 64
18 37
18 7
18 9
18 10
18 47
18 21
18 59
18 60
18 53
19 74
20 1
20 66
20 10
20 44
20 79
20 17
20 50
20 84
20 53
20 87
21 2
21 5
21 6
21 7
21 8
21 13
21 15
21 16
21 18
21 19
21 23
21 26
21 27
21 39
21 46
21 53
21 54
21 55
21 58
21 60
21 64
21 66
21 79
21 84
23 0
23 1
23 68
23 5
23 6
23 74
23 50
23 78
23 18
23 53
23 54
23 36
23 59
23 60
25 5
25 6
25 7
25 10
25 76
25 15
25 17
25 18
25 53
25 23
25 59
25 63
26 50
27 1
27 59
27 53
28 0
28 1
28 5
28 74
28 11
28 14
28 15
28 50
28 53
28 60
28 63
29 1
29 66
29 43
29 69
29 7
29 8
29 9
29 42
29 11
29 12
29 18
29 52
29 21
29 22
29 55
29 84
29 53
30 0
30 1
30 66
30 50
30 32
30 37
30 7
30 9
30 10
30 13
30 49
30 18
30 19
30 84
30 21
30 26
30 59
31 0
31 3
31 10
31 11
31 77
31 50
31 43
31 18
31 23
31 27
31 74
31 63
32 0
32 1
32 5
32 38
32 41
32 10
32 23
32 18
32 19
32 84
32 87
32 26
33 0
33 2
33 7
33 9
33 11
33 76
33 21
33 41
33 26
33 60
33 53
34 8
34 10
34 19
34 84
35 0
35 1
35 61
35 11
35 13
35 15
35 18
35 84
35 20
35 26
35 60
35 58
36 0
36 51
36 65
36 50
36 4
36 6
36 7
36 10
36 13
36 46
36 18
36 19
36 21
36 60
36 74
36 53
37 35
37 6
37 9
37 74
37 15
37 19
37 84
37 53
37 41
37 59
37 10
38 1
38 11
38 18
38 26
38 59
38 60
39 0
39 18
39 11
39 68
40 53
41 5
41 6
41 41
41 10
41 11
41 19
41 84
41 21
41 57
41 59
41 60
42 66
42 5
42 70
42 7
42 41
42 10
42 50
42 18
42 84
42 53
42 55
43 5
43 6
43 7
43 60
43 10
43 15
43 49
43 84
43 55
43 26
43 28
43 63
44 1
44 35
44 5
44 6
44 7
44 8
44 9
44 41
44 12
44 50
44 15
44 49
44 18
44 21
44 54
44 23
44 58
44 63
44 60
44 53
45 1
45 43
45 36
45 73
45 11
45 44
45 15
45 84
45 54
45 26
45 63
46 0
46 1
46 66
46 43
46 68
46 6
46 7
46 9
46 11
46 50
46 21
46 87
46 25
46 26
46 59
46 60
47 0
47 75
47 38
47 6
47 7
47 41
47 74
47 11
47 87
47 19
47 21
47 55
47 26
47 60
47 58
48 5
49 64
49 66
49 40
49 41
49 13
49 15
49 81
49 51
49 84
49 85
49 26
49 60
49 53
49 31
50 1
50 11
50 5
50 6
50 42
50 75
50 43
50 18
50 59
50 63
51 0
51 2
51 50
51 73
51 66
51 15
51 18
51 19
51 55
51 60
52 84
53 0
53 1
53 6
53 7
53 8
53 9
53 10
53 13
53 15
53 16
53 19
53 23
53 26
53 46
53 49
53 50
53 53
53 54
53 59
53 60
53 63
53 66
53 74
53 78
53 79
53 84
53 85
54 32
54 66
54 67
54 6
54 7
54 40
54 13
54 15
54 50
54 21
54 87
54 60
55 0
55 1
55 3
55 7
55 8
55 9
55 10
55 11
55 12
55 13
55 15
55 18
55 23
55 26
55 27
55 43
55 50
55 60
55 61
55 62
55 63
55 66
55 67
55 71
55 84
55 86
56 0
56 1
56 3
56 5
56 65
56 7
56 72
56 9
56 10
56 43
56 15
56 84
56 53
56 59
57 0
57 7
57 8
57 41
57 10
57 11
57 12
57 13
57 18
57 84
57 21
57 26
57 74
57 85
58 1
58 36
58 5
58 72
58 9
58 11
58 12
58 84
58 21
58 26
58 60
59 33
59 66
59 5
59 7
59 75
59 46
59 50
59 84
59 21
59 22
59 26
59 60
62 5
63 43
63 36
63 5
63 7
63 10
63 11
63 16
63 17
63 51
63 62
63 55
63 26
63 60
63 30
64 1
65 0
65 5
65 7
65 9
65 42
65 11
65 77
65 14
65 15
65 21
65 23
66 0
66 74
66 5
66 7
66 10
66 43
66 13
66 78
66 15
66 17
66 50
66 19
66 52
66 53
66 86
66 23
66 84
66 58
66 27
66 42
66 63
67 32
67 1
67 67
67 5
67 71
67 87
67 35
67 23
67 7
67 58
67 63
68 1
69 5
70 0
70 50
70 8
70 10
70 13
70 18
70 53
70 55
70 60
71 59
71 5
71 7
71 63
71 43
71 44
71 50
71 19
71 84
71 85
71 27
71 60
71 53
72 41
73 66
73 53
73 21
73 50
73 7
74 1
75 66
75 68
75 9
75 11
75 79
75 18
75 19
75 21
75 55
75 60
76 1
76 50
76 11
76 12
77 0
77 1
77 2
77 50
77 5
77 7
77 8
77 41
77 11
77 44
77 13
77 47
77 18
77 84
77 21
77 26
77 59
77 60
77 62
77 63
78 0
78 64
78 5
78 33
78 8
78 41
78 16
78 49
78 51
78 84
78 21
78 63
79 63
79 37
79 55
80 50
80 36
80 37
80 6
80 8
80 74
80 82
80 16
80 40
80 18
80 21
80 22
80 60
80 53
81 50
82 0
82 5
82 7
82 8
82 13
82 15
82 50
82 20
82 21
82 55
82 59
82 60
83 0
83 1
83 3
83 5
83 7
83 8
83 11
83 16
83 18
83 20
83 21
83 23
83 26
83 33
83 38
83 39
83 44
83 50
83 53
83 58
83 60
83 62
83 74
83 77
83 84
83 86
84 53
84 6
85 0
85 9
85 57
86 1
86 5
86 7
86 9
86 10
86 43
86 19
86 21
86 22
86 41
86 53
87 0
87 43
87 5
87 72
87 9
87 11
87 50
87 18
87 19
87 20
87 53
87 23
87 84
87 59
87 30
