88
0 11
0 39
0 8
0 43
0 76
0 86
0 23
1 33
1 49
1 81
1 7
1 8
1 76
1 10
1 11
1 44
1 16
1 17
1 23
1 39
1 87
1 69
2 33
2 3
2 36
2 69
2 8
2 10
2 11
2 43
2 23
2 87
4 3
4 36
4 69
4 7
4 10
4 11
4 76
4 86
4 23
4 39
4 87
5 33
5 3
5 36
5 49
5 7
5 9
5 10
5 11
5 44
5 76
5 17
5 18
5 43
5 87
5 69
6 7
6 9
6 10
6 43
6 76
6 44
6 17
9 3
9 69
9 10
9 43
9 81
9 23
9 29
11 33
11 3
11 69
11 6
11 39
11 9
11 10
11 11
11 76
11 17
11 87
11 23
12 33
12 43
12 69
12 7
12 8
12 9
12 10
12 11
12 12
12 61
12 44
12 76
12 49
12 18
12 23
12 39
12 87
12 29
13 36
13 49
13 7
13 8
13 10
13 11
13 81
13 23
13 39
13 87
13 27
19 33
19 3
19 36
19 49
19 6
19 7
19 8
19 9
19 10
19 11
19 44
19 17
19 43
19 39
19 27
19 81
19 29
19 69
20 33
20 3
20 49
20 6
20 39
20 8
20 9
20 10
20 11
20 44
20 76
20 17
20 43
20 23
20 81
21 3
21 69
21 39
21 9
21 11
21 43
21 17
21 86
21 23
21 29
22 36
22 29
24 33
24 3
24 49
24 7
24 8
24 44
24 10
24 43
24 76
24 81
24 9
24 23
25 10
25 11
25 12
25 86
25 7
26 33
26 3
26 36
26 6
26 7
26 9
26 76
26 44
26 49
26 87
26 27
28 3
28 49
28 39
28 9
28 11
28 44
28 43
28 23
28 7
30 11
30 3
30 69
30 23
31 33
31 3
31 36
31 6
31 7
31 10
31 23
31 44
31 43
31 17
31 86
31 87
31 29
31 81
32 9
33 33
33 43
33 69
33 6
33 7
33 9
33 10
33 11
33 44
33 16
33 81
33 23
33 39
33 87
34 8
34 11
34 29
34 86
35 33
35 36
35 69
35 7
35 8
35 9
35 10
35 11
35 44
35 86
35 23
35 39
35 87
35 27
35 29
36 43
36 6
36 8
36 9
36 11
36 44
36 76
36 18
36 23
36 27
36 61
37 33
37 3
37 36
37 69
37 39
37 8
37 9
37 10
37 43
37 44
37 81
37 86
37 23
37 87
37 29
38 33
38 43
38 36
38 9
38 11
38 76
38 44
38 81
38 23
38 87
39 43
39 36
39 7
39 12
39 10
39 11
39 76
39 16
39 81
39 23
39 29
40 43
40 36
40 39
40 8
40 9
40 11
40 76
40 49
40 86
40 87
40 27
40 29
41 3
41 36
41 49
41 81
41 39
41 8
41 9
41 10
41 11
41 43
41 18
41 23
41 87
41 27
41 61
42 33
42 3
42 36
42 49
42 6
42 7
42 9
42 10
42 11
42 44
42 76
42 16
42 17
42 43
42 23
42 39
42 87
42 86
42 81
43 33
43 3
43 36
43 49
43 6
43 7
43 8
43 76
43 10
43 12
43 44
43 17
43 9
43 23
44 33
44 43
44 36
44 76
44 10
44 11
44 44
44 9
44 87
45 33
45 43
45 36
45 69
45 6
45 7
45 8
45 76
45 10
45 11
45 44
45 17
45 18
45 86
45 23
45 39
45 87
45 81
46 8
46 44
46 29
46 7
47 33
47 3
47 36
47 49
47 6
47 39
47 8
47 9
47 10
47 11
47 44
47 16
47 43
47 76
47 87
47 81
47 29
47 69
48 33
48 3
48 36
48 49
48 7
48 8
48 9
48 10
48 11
48 44
48 76
48 17
48 18
48 43
48 87
48 27
48 86
48 69
49 3
49 36
49 69
49 7
49 9
49 10
49 23
49 44
49 49
49 86
49 87
49 39
49 27
49 29
50 33
50 3
50 36
50 69
50 6
50 39
50 8
50 76
50 10
50 43
50 44
50 49
50 86
50 23
50 27
51 33
51 3
51 36
51 49
51 81
51 7
51 9
51 11
51 12
51 44
51 76
51 43
51 23
51 39
51 87
52 43
52 36
53 43
53 36
53 69
53 7
53 10
53 39
53 81
53 86
53 87
53 23
53 27
54 33
54 3
54 36
54 49
54 81
54 39
54 8
54 10
54 11
54 76
54 17
54 43
54 23
54 87
54 69
55 33
55 3
55 36
55 49
55 81
55 7
55 8
55 9
55 10
55 11
55 44
55 76
55 43
55 18
55 86
55 23
55 87
55 29
56 33
56 3
56 69
56 6
56 39
56 8
56 9
56 10
56 43
56 12
56 44
56 76
56 81
56 86
56 23
56 29
57 33
57 3
57 36
57 69
57 6
57 39
57 8
57 9
57 10
57 11
57 12
57 44
57 17
57 18
57 86
57 23
57 87
57 29
59 33
59 3
59 36
59 69
59 6
59 39
59 8
59 9
59 10
59 43
59 76
59 49
59 18
59 86
59 23
59 87
59 29
59 81
60 33
60 43
60 81
60 39
60 10
60 11
60 49
60 23
60 7
62 69
62 6
62 7
62 8
62 9
62 10
62 43
62 49
62 18
62 23
63 33
63 3
63 36
63 7
63 44
63 10
63 43
63 76
63 86
63 23
64 9
64 23
64 36
64 81
65 3
65 36
65 49
65 81
65 7
65 9
65 11
65 44
65 16
65 43
65 86
65 23
65 39
65 27
65 29
66 33
66 43
66 49
66 6
66 7
66 8
66 9
66 10
66 11
66 44
66 76
66 17
66 86
66 23
66 87
67 33
67 3
67 6
67 7
67 8
67 9
67 10
67 11
67 12
67 76
67 49
67 86
67 23
67 39
67 87
68 43
68 36
68 69
68 6
68 7
68 8
68 10
68 11
68 76
68 16
68 49
68 23
68 87
68 29
68 81
69 3
69 36
69 9
69 11
69 76
69 44
69 81
69 86
69 23
70 3
70 36
70 49
70 7
70 8
70 9
70 10
70 11
70 76
70 43
70 86
70 23
70 39
70 87
70 69
71 3
71 36
71 69
71 6
71 39
71 8
71 9
71 10
71 11
71 12
71 44
71 16
71 17
71 18
71 43
71 86
71 76
71 81
72 33
72 3
72 69
72 7
72 11
72 44
72 49
72 18
72 86
72 87
72 39
73 33
73 3
73 36
73 49
73 6
73 7
73 8
73 76
73 10
73 39
73 44
73 61
73 43
73 86
73 23
73 81
73 29
73 69
74 33
74 3
74 36
74 69
74 7
74 8
74 10
74 11
74 16
74 81
74 18
74 86
74 87
74 23
75 33
75 43
75 36
75 6
75 81
75 8
75 9
75 10
75 11
75 12
75 44
75 76
75 49
75 23
75 87
76 33
76 3
76 36
76 49
76 6
76 39
76 9
76 10
76 11
76 44
76 76
76 43
76 18
76 86
76 27
76 81
76 69
77 3
77 36
77 49
77 7
77 76
77 11
77 44
77 43
77 18
77 86
77 23
77 87
77 27
77 29
77 69
78 43
78 10
78 11
78 36
79 33
79 43
79 69
79 6
79 7
79 8
79 9
79 11
79 44
79 49
79 18
79 86
79 23
79 87
79 29
80 3
80 36
80 7
80 8
80 10
80 12
80 49
82 3
82 49
82 7
82 8
82 10
82 11
82 12
82 81
82 86
82 23
82 39
82 87
83 33
83 3
83 36
83 49
83 81
83 39
83 8
83 44
83 10
83 11
83 12
83 76
83 17
83 43
83 86
83 69
84 33
84 36
84 6
84 49
84 8
84 10
84 43
84 44
84 81
84 23
84 87
85 3
85 36
85 49
85 81
85 7
85 8
85 9
85 10
85 11
85 76
85 17
85 18
85 43
85 23
85 39
85 87
85 86
85 69
86 6
86 7
86 10
86 11
86 81
86 86
86 87
86 23
86 39
