88
0 64
0 35
0 68
0 37
0 72
0 73
0 10
0 76
0 80
0 49
0 52
0 26
0 27
0 74
0 62
0 69
1 0
1 64
1 34
1 39
1 57
1 71
1 47
1 80
1 81
1 83
1 21
1 22
1 55
1 25
1 61
1 62
2 0
2 3
2 69
2 6
2 74
2 43
2 79
2 49
2 18
2 35
2 84
2 53
2 57
3 64
3 0
3 34
3 67
3 4
3 9
3 42
3 75
3 13
3 52
4 57
4 35
4 60
4 37
4 62
5 0
5 33
5 6
5 7
5 48
5 24
6 43
6 74
6 11
6 42
6 63
7 0
7 33
7 2
7 3
7 5
7 70
7 39
7 40
7 13
7 80
7 49
7 20
7 86
7 55
7 24
7 27
7 61
7 69
7 63
8 39
8 10
8 80
8 84
8 87
8 27
8 60
9 66
9 67
9 6
9 39
9 72
9 9
9 76
9 44
9 49
9 85
9 53
9 31
10 64
10 33
10 75
10 69
10 39
10 71
10 76
10 45
10 78
10 79
10 49
10 18
10 53
10 57
10 63
10 61
10 85
10 31
11 25
11 57
11 71
12 64
12 52
13 4
13 37
13 74
13 75
13 79
13 18
13 19
13 52
13 21
13 20
13 57
13 30
13 31
14 80
16 52
16 21
17 34
17 67
17 41
17 43
17 49
17 61
18 72
18 42
18 79
18 85
18 47
19 48
19 65
19 74
19 49
19 81
20 64
20 2
20 3
20 5
20 38
20 39
20 9
20 80
20 49
20 69
20 41
20 26
20 81
20 62
20 37
21 35
21 71
21 72
21 41
21 39
21 44
21 77
21 45
21 80
21 19
21 23
21 57
21 58
21 62
22 45
23 64
23 65
23 74
23 44
23 79
23 81
23 84
24 75
24 76
24 13
25 66
25 43
25 9
25 10
25 75
25 78
25 47
25 80
25 49
25 51
25 52
25 86
25 73
26 31
26 42
26 23
26 6
26 79
27 64
27 33
27 40
27 74
27 45
27 80
27 18
27 19
27 53
27 30
28 66
28 35
28 5
28 7
28 67
28 20
28 62
28 37
29 9
29 34
29 76
29 20
29 79
30 34
30 69
30 38
30 71
30 72
30 74
30 75
30 45
30 81
30 83
30 52
30 63
31 64
31 2
31 3
31 36
31 5
31 72
31 75
31 44
31 34
31 45
31 18
31 35
31 86
31 87
31 25
31 59
31 61
32 44
32 39
33 35
33 5
33 38
33 73
33 79
33 47
33 81
33 52
33 53
33 86
33 55
33 6
33 63
33 61
33 37
34 0
34 1
34 2
34 69
34 64
34 47
34 80
34 50
34 52
34 53
34 57
34 63
34 60
34 61
34 62
34 31
35 33
35 66
35 6
35 71
35 73
35 75
35 45
35 79
35 20
35 56
35 47
35 62
35 63
36 64
36 33
36 6
36 39
36 40
36 43
36 46
36 47
36 23
36 24
36 57
37 67
37 72
37 21
37 86
37 55
37 31
38 2
38 35
38 36
38 37
38 9
38 74
38 75
38 79
38 85
38 24
38 25
38 27
38 53
39 40
39 74
39 81
39 86
39 30
39 31
40 33
40 5
40 38
40 81
40 9
40 74
40 45
40 77
40 80
40 49
40 51
40 69
40 41
40 79
40 62
40 31
41 84
41 34
41 35
41 5
41 71
41 40
41 10
41 76
41 66
41 79
41 80
41 81
41 83
41 20
41 53
41 54
41 24
41 25
41 26
41 30
42 64
42 66
42 38
42 9
42 42
42 44
42 34
42 80
42 49
42 53
42 23
42 57
42 27
42 30
43 69
43 71
43 46
43 81
43 54
43 30
44 0
44 33
44 37
44 6
44 40
44 42
44 44
44 22
45 0
45 34
45 35
45 86
45 43
45 45
45 80
45 81
45 20
45 21
45 54
45 57
45 56
45 25
45 59
45 60
45 52
46 64
46 34
46 69
46 71
46 40
46 44
46 39
46 76
46 80
46 81
46 20
46 52
46 49
47 33
47 4
47 86
47 38
47 40
47 9
47 43
47 13
47 78
47 45
47 72
47 18
47 84
47 41
47 73
47 23
47 26
47 59
47 85
48 48
48 47
48 53
48 46
48 71
50 64
50 35
50 70
50 42
50 75
50 24
50 61
50 63
51 75
51 76
52 64
52 39
52 44
52 75
52 76
52 13
52 71
53 4
53 69
53 39
53 47
53 63
53 79
53 84
53 36
53 27
53 37
53 31
54 51
54 34
54 69
54 38
54 39
54 72
54 74
54 47
54 19
54 85
54 87
54 57
54 59
54 60
54 63
55 2
55 72
55 73
55 74
55 76
55 23
56 24
56 49
56 74
57 65
57 66
57 37
57 39
57 72
57 75
57 13
57 77
57 52
57 87
57 79
57 61
58 66
58 83
58 54
59 34
59 35
59 38
59 72
59 73
59 79
59 80
59 81
59 52
59 62
59 54
59 57
59 24
59 25
59 27
59 30
59 63
60 6
60 71
60 72
60 41
60 10
60 76
60 79
60 40
60 62
60 73
60 26
60 59
60 61
60 30
61 72
61 25
61 26
62 64
62 84
62 34
62 76
62 79
63 34
63 6
63 72
63 75
63 76
63 53
63 22
63 57
63 59
63 30
64 0
64 64
64 67
64 39
64 74
64 75
64 76
64 77
64 47
64 18
64 19
64 21
64 22
64 79
64 85
64 63
65 0
65 64
65 2
65 37
65 73
65 78
65 47
65 80
65 49
65 84
65 85
65 23
65 57
65 26
65 61
65 30
66 35
66 67
66 69
66 40
66 10
66 43
66 19
66 21
66 87
66 57
67 33
67 68
67 40
67 13
67 79
67 21
67 24
67 53
68 6
68 71
68 73
68 39
68 76
68 77
68 47
68 84
68 23
69 35
69 37
69 72
69 59
69 19
69 53
69 86
69 55
69 27
69 60
70 64
70 33
70 34
70 5
70 72
70 73
70 43
70 45
70 79
70 80
70 18
70 51
70 20
70 85
70 86
70 69
71 68
71 71
71 9
71 87
71 81
71 20
71 23
71 25
71 58
71 63
71 61
71 55
71 31
72 0
72 34
72 85
72 39
72 72
72 9
72 10
72 77
72 61
72 20
72 21
72 55
72 52
72 42
72 30
72 63
73 0
73 75
73 39
73 40
73 71
73 76
73 78
73 18
73 20
73 53
73 55
73 52
73 26
73 59
73 31
74 9
74 10
74 3
75 34
75 3
75 69
75 71
75 44
75 11
75 76
75 49
75 84
75 53
75 55
75 39
76 0
76 33
76 66
76 35
76 48
76 73
76 79
76 80
76 52
76 41
76 56
76 26
76 30
77 34
77 59
77 4
77 5
77 6
77 40
77 9
77 10
77 46
77 80
77 81
77 62
77 73
77 38
77 61
77 30
77 37
78 65
78 67
78 86
78 6
78 72
78 73
78 44
78 13
78 78
78 35
78 22
78 55
78 38
78 31
79 0
79 64
79 69
79 32
79 77
79 81
79 51
79 84
79 62
79 22
79 20
79 30
80 57
80 39
81 64
81 67
81 39
81 9
81 41
81 43
81 19
81 52
81 85
81 87
81 56
81 25
81 53
82 84
82 1
82 35
82 68
82 5
82 7
82 72
82 10
82 43
82 44
82 80
82 75
82 20
82 52
82 27
82 74
82 62
83 59
83 37
83 72
83 74
83 13
83 45
83 49
83 19
83 52
83 86
83 87
83 24
83 47
83 62
84 65
84 21
85 43
85 69
85 71
85 41
85 42
85 75
85 45
85 80
85 49
85 18
85 20
85 53
85 73
85 59
86 48
86 66
86 67
86 36
86 69
86 72
86 75
86 77
86 45
86 80
86 40
86 20
86 26
86 61
87 34
87 37
87 72
87 73
87 74
87 75
87 44
87 45
87 80
87 84
87 57
87 25
87 30
87 31
