88
0 32
0 33
0 67
0 80
0 70
0 7
0 8
0 41
0 74
0 71
0 44
0 77
0 78
0 15
0 76
0 21
0 86
0 57
0 28
0 62
2 84
2 1
2 67
2 33
2 7
2 41
2 10
2 11
2 44
2 15
2 76
2 75
2 20
2 73
2 24
2 57
2 60
2 74
2 30
4 32
4 33
4 3
4 6
4 7
4 8
4 74
4 75
4 77
4 78
4 15
4 80
4 49
4 67
4 84
4 53
4 72
4 58
4 60
4 30
4 63
5 32
5 1
5 67
5 64
5 41
5 74
5 75
5 44
5 77
5 78
5 15
5 80
5 84
5 21
5 86
5 73
5 57
5 79
5 30
6 32
6 7
6 74
6 75
6 80
6 71
6 63
13 75
13 76
13 15
13 51
13 84
13 86
13 58
15 32
15 1
15 67
15 33
15 6
15 7
15 64
15 10
15 70
15 78
15 77
15 84
15 58
15 28
15 74
15 30
15 63
17 33
17 3
17 70
17 6
17 7
17 72
17 9
17 74
17 75
17 44
17 78
17 80
17 20
17 53
17 41
17 87
17 60
17 62
21 3
21 76
21 74
21 44
21 87
21 28
22 1
22 3
22 6
22 7
22 9
22 74
22 62
22 76
22 78
22 60
22 75
22 67
22 84
22 21
22 87
22 57
22 28
22 30
22 53
23 32
23 84
23 3
23 6
23 7
23 72
23 62
23 15
23 75
23 67
23 20
23 21
23 86
23 87
23 57
23 71
23 28
23 30
23 63
25 6
25 44
25 15
25 84
25 21
25 20
25 28
26 1
26 70
26 74
26 78
26 80
26 21
26 86
26 28
26 30
26 53
27 6
27 7
27 8
27 9
27 15
27 20
27 21
27 28
27 32
27 33
27 41
27 44
27 57
27 64
27 67
27 70
27 73
27 74
27 77
27 80
27 84
27 86
28 64
28 1
28 3
28 70
28 6
28 7
28 75
28 77
28 15
28 80
28 21
28 86
28 57
28 58
28 60
28 30
28 53
29 64
29 1
29 67
29 70
29 32
29 41
29 74
29 44
29 15
29 3
29 84
29 53
29 58
29 30
30 33
30 86
30 3
30 70
30 6
30 9
30 44
30 77
30 78
30 15
30 76
30 18
30 67
30 73
30 41
30 28
30 30
30 63
31 64
31 1
31 3
31 33
31 6
31 7
31 41
31 75
31 44
31 77
31 78
31 15
31 80
31 49
31 21
31 57
31 58
31 28
31 62
32 32
32 67
32 70
32 7
32 25
32 60
32 62
33 1
33 6
33 33
33 72
33 41
33 7
33 50
33 53
34 70
34 9
34 77
34 80
34 84
34 62
34 41
34 28
34 30
34 63
35 32
35 1
35 67
35 7
35 76
35 74
35 75
35 44
35 77
35 15
35 84
35 86
35 28
35 61
35 30
35 63
36 32
36 67
36 6
36 7
36 73
36 74
36 75
36 80
36 49
36 84
36 86
36 87
36 57
36 63
37 64
37 1
37 3
37 70
37 6
37 33
37 41
37 74
37 75
37 44
37 77
37 78
37 15
37 76
37 84
37 53
37 73
37 25
37 28
37 60
38 1
38 3
38 6
38 20
38 30
38 32
38 33
38 41
38 44
38 50
38 57
38 60
38 63
38 64
38 67
38 70
38 72
38 74
38 77
38 78
38 80
38 87
39 32
39 1
39 33
39 70
39 7
39 74
39 44
39 15
39 80
39 50
39 20
39 53
39 86
39 84
39 28
39 30
39 63
40 64
40 32
40 6
40 7
40 41
40 75
40 76
40 86
40 63
42 33
42 67
42 72
42 44
42 76
42 78
42 15
42 84
42 30
43 64
43 33
43 67
43 70
43 6
43 71
43 8
43 10
43 75
43 77
43 15
43 84
43 53
43 86
43 57
43 25
43 87
43 28
43 74
44 1
44 11
44 72
44 75
44 44
44 15
44 53
45 32
45 1
45 67
45 33
45 70
45 7
45 72
45 41
45 10
45 71
45 78
45 15
45 80
45 18
45 62
45 86
45 75
45 74
45 30
46 1
46 75
46 6
46 33
46 73
46 71
46 44
46 77
46 78
46 15
46 76
46 84
46 86
46 28
46 30
46 63
47 64
47 1
47 84
47 75
47 6
47 33
47 72
47 80
47 74
47 11
47 76
47 77
47 78
47 15
47 16
47 18
47 20
47 21
47 57
47 60
47 63
48 32
48 33
48 7
48 72
48 76
48 74
48 44
48 77
48 78
48 80
48 49
48 18
48 86
48 57
48 25
48 28
48 30
48 63
49 32
49 33
49 3
49 70
49 7
49 80
49 41
49 44
49 77
49 78
49 76
49 18
49 67
49 20
49 53
49 73
49 57
49 30
49 84
52 32
52 33
52 41
52 10
52 76
52 20
52 21
52 86
52 57
52 84
52 74
52 30
54 64
54 1
54 67
54 33
54 80
54 41
54 74
54 7
54 60
54 77
54 15
54 71
54 21
54 86
54 58
54 63
54 28
54 53
55 32
55 1
55 3
55 33
55 70
55 7
55 64
55 41
55 74
55 71
55 76
55 79
55 80
55 49
55 18
55 53
55 86
55 57
55 58
55 28
55 63
56 64
56 67
56 70
56 74
56 75
56 78
56 80
56 25
58 33
58 3
58 6
58 7
58 74
58 77
58 78
58 15
58 49
58 19
58 84
58 24
58 25
58 58
58 79
58 63
59 1
59 3
59 70
59 6
59 7
59 73
59 75
59 78
59 80
59 18
59 67
59 84
59 21
59 86
59 28
59 30
59 63
62 32
62 7
62 9
62 75
62 78
62 86
62 58
62 30
63 32
63 33
63 3
63 70
63 6
63 72
63 41
63 76
63 80
63 20
63 21
63 86
63 24
63 57
63 58
63 63
63 30
63 53
66 32
66 1
66 33
66 6
66 7
66 76
66 74
66 75
66 44
66 70
66 78
66 77
66 80
66 20
66 21
66 86
66 87
66 28
66 30
66 63
67 1
67 6
67 73
67 44
67 77
67 15
67 84
67 21
67 24
67 57
67 28
68 64
68 1
68 67
68 70
68 6
68 7
68 9
68 62
68 44
68 78
68 15
68 76
68 75
68 84
68 21
68 86
68 57
68 25
68 30
69 32
69 1
69 3
69 6
69 33
69 72
69 76
69 10
69 71
69 44
69 80
69 49
69 75
69 67
69 20
69 53
69 86
69 28
70 32
70 1
70 3
70 70
70 33
70 74
70 7
70 76
70 78
70 80
70 49
70 67
70 84
70 21
70 86
70 57
70 63
71 32
71 1
71 75
71 6
71 7
71 72
71 73
71 74
71 71
71 76
71 78
71 15
71 50
71 84
71 21
71 86
71 57
71 58
71 63
71 30
71 53
72 32
72 33
72 3
72 70
72 8
72 41
72 12
72 64
72 15
72 80
72 18
72 20
72 53
72 86
72 57
72 44
72 30
73 65
73 67
73 72
73 44
73 79
73 53
73 86
74 1
74 67
74 70
74 75
74 15
74 86
74 57
74 63
75 32
75 67
75 7
75 75
75 76
75 78
75 53
76 67
76 6
76 41
76 76
76 78
76 60
76 3
76 84
76 28
76 30
76 63
80 32
80 1
80 67
80 70
80 6
80 33
80 8
80 73
80 75
80 78
80 15
80 80
80 72
80 18
80 84
80 87
80 28
80 63
81 1
81 67
81 33
81 7
81 8
81 77
81 78
81 53
81 57
82 1
82 3
82 70
82 6
82 33
82 9
82 10
82 75
82 76
82 15
82 57
82 84
82 21
82 73
82 41
82 25
82 58
82 86
82 74
83 3
83 74
83 75
83 76
83 77
83 15
83 80
83 21
83 63
85 32
85 1
85 70
85 33
85 72
85 9
85 10
85 75
85 76
85 78
85 80
85 49
85 20
85 21
85 86
85 84
85 63
85 28
85 74
85 30
85 53
