88
2 65
2 5
2 39
2 43
2 20
2 30
3 0
3 38
3 39
3 9
3 42
3 7
3 12
3 78
3 49
3 25
3 30
4 1
4 41
4 43
4 12
4 78
4 48
5 32
5 5
5 38
5 9
5 42
5 16
6 32
6 33
6 5
6 38
6 39
6 9
6 43
6 78
6 48
6 49
6 20
6 54
6 41
6 61
11 0
11 32
11 36
11 33
11 38
11 7
11 9
11 10
11 16
11 49
11 54
11 41
11 60
11 42
11 30
11 65
13 32
13 33
13 7
13 41
13 43
13 12
13 78
13 48
13 20
13 54
13 56
13 60
13 61
14 48
14 36
14 5
14 38
14 39
14 40
14 9
14 42
14 12
14 78
14 16
14 49
14 20
14 41
14 56
14 65
15 32
15 65
15 5
15 38
15 7
15 8
15 41
15 10
15 39
15 12
15 48
15 40
15 54
15 25
15 49
15 30
18 0
18 48
18 5
18 7
18 9
18 10
18 43
18 12
18 78
18 16
18 49
18 54
18 41
18 25
18 61
18 30
20 65
20 20
20 78
20 38
20 7
21 60
21 12
21 30
22 0
22 33
22 36
22 5
22 7
22 9
22 10
22 12
22 78
22 16
22 48
22 54
22 41
22 24
22 25
22 60
23 0
23 32
23 43
23 5
23 33
23 40
23 41
23 10
23 39
23 12
23 78
23 61
23 16
23 20
23 54
23 25
23 42
23 30
24 36
24 5
24 7
24 41
24 10
24 12
24 48
24 49
24 54
24 60
24 42
25 33
25 36
25 38
25 7
25 9
25 10
25 43
25 12
25 78
25 49
25 56
25 60
25 30
26 33
26 5
26 38
26 7
26 40
26 9
26 42
26 43
26 12
26 78
26 48
26 41
26 60
26 61
26 30
26 65
27 33
27 43
27 36
27 5
27 65
27 7
27 8
27 41
27 42
27 39
27 78
27 16
27 40
27 48
27 56
27 24
27 60
27 30
29 0
29 38
29 39
29 40
29 9
29 42
29 43
29 12
29 49
29 20
29 54
29 41
29 25
29 60
31 0
31 32
31 5
31 38
31 7
31 9
31 10
31 39
31 78
31 48
31 49
31 41
31 56
31 42
32 1
32 36
32 5
32 7
32 8
32 9
32 10
32 39
32 40
32 20
32 54
32 25
32 49
32 60
32 30
33 0
33 33
33 36
33 5
33 38
33 65
33 40
33 9
33 10
33 43
33 78
33 61
33 16
33 25
33 60
33 42
33 30
34 32
34 65
34 7
34 10
34 12
34 78
34 48
34 49
34 20
34 56
34 42
35 0
35 32
35 49
35 39
35 40
35 9
35 10
35 12
35 61
35 17
35 20
35 41
35 24
35 56
35 60
35 42
37 0
37 32
37 36
37 5
37 38
37 7
37 9
37 42
37 43
37 12
37 78
37 48
37 49
37 41
37 25
37 60
37 65
38 32
38 1
38 36
38 38
38 33
38 40
38 41
38 10
38 43
38 16
38 49
38 56
38 42
38 30
39 36
39 40
39 42
39 48
39 49
39 54
39 10
40 39
40 42
40 78
40 49
40 60
40 30
41 1
41 5
41 39
41 20
41 56
41 60
41 61
42 5
42 7
42 10
42 48
42 24
42 25
42 30
44 32
44 48
44 38
44 40
44 9
44 42
44 43
44 12
44 78
44 16
44 49
44 54
44 41
44 61
45 32
45 33
45 36
45 5
45 38
45 7
45 40
45 9
45 39
45 12
45 78
45 16
45 17
45 48
45 25
45 60
45 61
45 30
45 65
46 38
46 7
46 40
46 41
46 43
46 78
47 0
47 33
47 5
47 38
47 7
47 40
47 41
47 43
47 16
47 24
47 61
49 33
49 65
49 7
49 10
49 16
49 30
50 0
50 1
50 36
50 5
50 38
50 32
50 40
50 9
50 10
50 39
50 16
50 17
50 48
50 61
50 30
51 65
51 36
51 5
51 40
51 9
51 10
51 43
51 20
51 54
51 41
51 56
51 25
51 61
51 30
52 33
52 5
52 7
52 40
52 41
52 42
52 43
52 60
52 30
53 65
53 36
53 5
53 7
53 8
53 42
53 39
53 78
53 48
53 40
53 56
53 49
53 60
54 0
54 65
54 43
54 36
54 38
54 7
54 9
54 10
54 39
54 12
54 78
54 60
54 30
55 0
55 36
55 5
55 10
55 12
55 78
55 49
55 30
56 5
56 38
56 39
56 40
56 41
56 42
56 12
56 16
56 49
57 32
57 33
57 36
57 65
57 7
57 9
57 10
57 43
57 78
57 61
57 49
57 54
57 41
57 60
57 42
57 30
58 0
58 65
58 43
58 36
58 7
58 40
58 41
58 10
58 39
58 12
58 48
58 49
58 56
58 25
58 60
58 30
59 32
59 1
59 36
59 65
59 7
59 40
59 10
59 43
59 12
59 54
59 61
60 32
60 48
60 43
60 36
60 5
60 38
60 7
60 9
60 39
60 12
60 78
60 16
60 49
60 54
60 41
60 30
61 0
61 48
61 43
61 5
61 38
61 7
61 9
61 42
61 39
61 12
61 78
61 16
61 49
61 41
61 56
61 25
61 30
61 65
62 16
62 38
62 7
63 0
63 1
63 36
63 38
63 32
63 42
63 43
63 12
63 78
63 16
63 49
63 48
63 54
63 25
63 30
63 65
64 48
64 36
64 38
64 7
64 8
64 9
64 39
64 12
64 78
64 16
64 40
64 20
64 54
64 56
64 60
64 61
64 30
65 0
65 48
65 5
65 39
65 40
65 41
65 42
65 43
65 16
65 49
65 56
65 24
65 25
65 61
65 30
66 32
66 33
66 39
66 10
66 48
66 25
67 32
67 36
67 7
68 32
68 5
68 38
68 40
68 9
68 10
68 43
68 12
68 78
68 48
68 49
68 41
68 24
68 60
68 30
69 33
69 43
69 36
69 39
69 7
69 12
69 78
70 32
70 33
70 36
70 38
70 7
70 41
70 10
70 39
70 12
70 78
70 20
70 30
71 32
71 65
71 36
71 38
71 7
71 9
71 42
71 39
71 12
71 78
71 48
71 20
71 54
71 41
71 61
71 30
72 12
72 36
72 61
72 17
73 38
73 7
73 10
73 78
73 49
73 56
73 60
73 61
74 36
74 41
74 10
74 43
74 12
74 20
74 54
74 60
75 65
75 42
75 43
75 49
76 48
76 36
76 38
76 41
76 78
76 16
76 49
76 54
76 25
76 60
76 30
77 33
77 36
77 7
77 40
77 41
77 10
77 39
77 12
77 48
77 49
77 20
77 56
77 24
77 25
77 42
78 65
78 43
78 5
78 33
78 42
78 39
78 78
78 48
78 49
78 20
78 54
78 56
78 24
78 60
79 32
79 1
79 5
79 7
79 9
79 10
79 12
79 61
79 48
79 20
79 25
79 33
79 60
79 42
79 30
80 32
80 65
80 43
80 36
80 5
80 38
80 7
80 40
80 41
80 39
80 78
80 48
80 20
80 54
80 25
80 60
81 0
81 32
81 5
81 38
81 33
81 9
81 42
81 78
81 48
81 49
81 20
81 24
81 25
81 61
81 30
81 65
82 32
82 48
82 36
82 5
82 39
82 40
82 9
82 10
82 12
82 78
82 16
82 49
82 54
82 41
82 25
82 42
83 32
83 48
83 43
83 36
83 5
83 38
83 7
83 40
83 10
83 39
83 12
83 78
83 16
83 60
83 42
83 30
84 0
84 65
84 36
84 5
84 38
84 32
84 41
84 42
84 78
84 49
84 20
84 60
84 61
84 30
85 32
85 48
85 36
85 38
85 9
85 10
85 43
85 16
85 49
85 54
85 41
86 0
86 32
86 43
86 5
86 38
86 7
86 9
86 42
86 39
86 78
86 48
86 20
86 25
86 33
86 61
86 30
87 36
87 38
87 10
87 43
87 12
87 49
87 61
