88
0 13
2 16
2 3
3 8
3 14
3 17
3 19
3 21
3 22
3 28
3 30
3 36
3 40
3 44
3 47
3 48
3 49
3 52
3 62
3 63
3 68
3 69
3 70
3 75
3 77
3 81
3 82
3 83
4 87
5 49
5 2
5 3
6 2
6 72
6 81
6 59
6 29
6 62
7 68
7 34
7 35
7 4
7 69
7 77
7 8
7 9
7 79
7 44
7 45
7 63
7 61
7 16
7 82
7 86
7 36
7 27
7 60
7 29
7 31
8 0
8 19
8 30
8 6
9 0
9 3
9 5
9 9
9 12
9 21
9 25
9 28
9 29
9 37
9 45
9 47
9 52
9 62
9 67
9 68
9 69
9 70
9 73
9 75
9 76
9 78
9 80
9 86
10 9
10 31
10 81
10 47
11 0
11 1
11 3
11 36
11 5
11 70
11 44
11 12
11 13
11 14
11 45
11 16
11 81
11 51
11 62
11 69
11 27
11 28
11 29
11 30
11 31
12 4
12 6
12 9
12 10
12 11
12 12
12 13
12 16
12 19
12 28
12 30
12 35
12 37
12 38
12 40
12 41
12 45
12 48
12 62
12 67
12 69
12 79
12 82
12 85
12 86
12 87
13 2
13 3
13 9
13 14
13 21
13 26
13 28
13 29
13 31
13 34
13 36
13 40
13 41
13 43
13 46
13 48
13 53
13 55
13 59
13 63
13 68
13 78
14 2
14 4
14 9
14 12
14 16
14 20
14 31
14 35
14 40
14 41
14 42
14 45
14 49
14 59
14 63
14 68
14 73
14 74
14 75
14 81
14 83
14 87
16 33
17 27
17 46
18 4
18 72
18 47
18 82
18 26
18 30
19 79
20 0
20 1
20 3
20 4
20 6
20 8
20 9
20 10
20 11
20 12
20 13
20 16
20 21
20 27
20 28
20 33
20 34
20 35
20 40
20 41
20 43
20 45
20 46
20 62
20 63
20 81
21 67
21 35
21 68
21 5
21 70
21 7
21 8
21 63
21 42
21 12
21 16
21 40
21 82
21 19
21 21
21 59
21 85
21 27
21 28
21 69
21 31
22 33
22 3
22 4
22 82
22 36
22 29
23 2
23 6
23 10
23 11
23 26
23 27
23 28
23 30
23 31
23 33
23 34
23 37
23 41
23 43
23 45
23 46
23 47
23 63
23 69
23 71
23 78
23 82
23 83
23 87
24 75
25 4
26 1
26 2
26 6
26 8
26 9
26 12
26 16
26 18
26 20
26 21
26 28
26 30
26 31
26 37
26 38
26 45
26 47
26 49
26 51
26 59
26 62
26 63
26 67
26 68
26 73
26 76
26 81
26 85
27 2
27 3
27 8
27 11
27 13
27 16
27 18
27 22
27 29
27 31
27 36
27 39
27 45
27 47
27 48
27 62
27 76
27 77
27 81
27 82
27 85
27 86
28 29
29 20
29 82
29 36
30 0
30 34
30 4
30 5
30 70
30 8
30 79
30 43
30 45
30 47
30 16
30 40
30 62
30 86
30 87
30 36
30 26
30 27
30 60
30 30
30 85
31 80
31 83
31 68
31 7
31 40
31 9
31 10
31 12
31 77
31 16
31 82
31 19
31 53
31 60
31 62
31 85
32 34
32 47
32 18
32 21
32 62
32 31
33 32
33 48
33 2
33 87
33 69
33 77
33 40
33 41
33 43
33 66
33 46
33 47
33 16
33 82
33 20
33 86
33 73
33 26
33 28
33 29
33 63
34 0
34 80
34 67
34 3
34 36
34 5
34 8
34 75
34 82
34 46
34 16
34 50
34 35
34 52
34 86
34 58
34 28
34 29
34 30
34 63
35 32
35 3
35 68
35 81
35 82
35 22
35 27
35 28
35 30
36 1
36 3
36 4
36 8
36 9
36 11
36 12
36 15
36 19
36 21
36 24
36 26
36 33
36 34
36 40
36 42
36 45
36 46
36 47
36 50
36 61
36 71
36 74
36 78
36 81
37 2
37 4
37 11
37 12
37 16
37 19
37 21
37 26
37 28
37 29
37 30
37 34
37 35
37 45
37 47
37 61
37 62
37 66
37 67
37 76
37 80
37 81
37 82
37 85
37 86
38 2
38 35
38 34
38 45
38 47
38 28
38 29
39 12
39 77
39 81
39 82
39 26
39 29
40 73
40 2
40 14
40 62
40 81
41 0
41 2
41 35
41 4
41 38
41 8
41 42
41 34
41 45
41 17
41 79
41 21
41 54
41 85
41 72
41 68
41 26
41 63
41 29
41 62
41 31
42 36
42 69
42 40
42 77
42 13
42 62
43 0
43 3
43 69
43 71
43 8
43 9
43 11
43 44
43 77
43 78
43 47
43 72
43 82
43 19
43 21
43 86
43 26
43 27
43 60
43 62
43 85
45 12
45 26
45 68
46 32
46 34
46 35
46 4
46 5
46 6
46 7
46 76
46 43
46 12
46 15
46 80
46 49
46 82
46 20
46 21
46 87
46 62
46 36
46 30
46 85
47 0
47 2
47 5
47 6
47 8
47 13
47 14
47 16
47 20
47 26
47 28
47 31
47 34
47 40
47 41
47 42
47 46
47 47
47 49
47 59
47 63
47 67
47 68
47 72
47 77
47 79
47 81
47 85
48 40
48 62
49 4
49 6
49 9
49 12
49 21
49 23
49 26
49 28
49 29
49 30
49 32
49 34
49 35
49 36
49 38
49 44
49 46
49 59
49 61
49 62
49 68
49 85
50 86
51 66
51 75
51 76
51 31
52 14
53 30
54 26
55 60
56 8
58 49
59 39
60 0
60 3
60 7
60 12
60 47
60 81
60 21
61 68
61 37
61 9
61 47
61 16
61 82
62 19
62 9
62 66
62 11
62 7
63 68
63 71
63 72
63 86
63 59
63 28
64 34
64 45
64 31
66 2
66 78
66 82
66 20
66 62
66 31
67 2
67 3
67 4
67 69
67 38
67 40
67 9
67 10
67 78
67 45
67 77
67 15
67 52
67 62
67 36
67 26
67 28
67 29
67 30
67 31
68 9
68 82
68 27
69 40
69 66
69 3
69 62
70 86
71 28
72 35
72 12
72 79
72 80
72 47
72 31
73 0
73 33
73 58
73 55
74 0
74 32
74 34
74 3
74 36
74 86
74 70
74 39
74 8
74 42
74 11
74 45
74 15
74 49
74 75
74 35
74 21
74 22
74 71
74 29
74 82
75 4
75 7
75 9
75 11
75 13
75 16
75 21
75 29
75 34
75 36
75 40
75 50
75 55
75 61
75 62
75 63
75 66
75 69
75 72
75 79
75 81
75 82
75 83
75 86
76 40
76 36
76 69
76 22
76 61
77 0
77 3
77 4
77 69
77 6
77 8
77 9
77 42
77 87
77 44
77 13
77 16
77 81
77 82
77 20
77 22
77 23
77 26
77 86
77 30
77 31
78 0
78 32
78 2
78 35
78 4
78 86
78 68
78 39
78 40
78 12
78 79
78 21
78 54
78 36
78 26
78 59
78 28
78 30
78 31
79 34
79 35
79 68
79 37
79 81
79 41
79 42
79 12
79 66
79 14
79 44
79 80
79 59
79 85
79 86
79 87
79 47
79 60
79 74
79 30
79 69
80 0
80 2
80 8
80 9
80 10
80 13
80 15
80 16
80 21
80 22
80 24
80 25
80 28
80 36
80 39
80 40
80 58
80 68
80 79
80 81
80 85
80 86
81 2
81 68
81 69
81 85
81 45
82 0
82 4
82 5
82 6
82 14
82 15
82 21
82 26
82 35
82 36
82 38
82 45
82 46
82 47
82 48
82 49
82 68
82 73
82 79
82 83
82 85
82 86
83 4
85 2
85 3
85 7
85 9
85 11
85 14
85 21
85 22
85 29
85 30
85 34
85 37
85 39
85 40
85 46
85 49
85 50
85 62
85 68
85 70
85 71
85 77
85 82
86 34
87 72
