88
0 9
0 37
1 84
1 33
1 34
1 4
1 41
1 42
1 12
1 46
1 15
1 48
1 49
1 20
1 53
1 76
1 55
1 24
1 52
1 30
2 41
2 27
2 38
2 7
4 64
4 66
4 3
4 37
4 71
4 8
4 9
4 11
4 44
4 14
4 40
4 51
4 46
4 23
4 56
4 26
4 78
4 53
6 64
6 66
6 5
6 76
6 13
6 47
6 18
6 83
6 84
6 87
6 37
6 31
7 1
7 34
7 38
7 6
7 75
7 78
7 49
7 52
7 53
7 56
7 24
7 27
7 31
8 31
9 23
9 47
9 84
9 71
10 10
10 4
10 82
11 68
11 66
11 58
11 4
11 34
12 9
12 50
12 67
12 28
12 41
13 43
13 6
13 38
13 11
13 14
13 15
13 20
13 26
13 59
13 60
13 63
15 67
15 9
15 43
15 52
15 53
15 22
15 24
15 31
16 35
16 44
16 14
16 17
16 53
16 24
17 30
18 65
18 34
18 3
18 70
18 6
18 8
18 9
18 10
18 75
18 12
18 45
18 17
18 50
18 67
18 23
18 87
18 59
18 30
18 31
19 35
19 70
19 6
19 72
19 41
19 42
19 43
19 44
19 13
19 14
19 79
19 82
19 78
19 54
19 87
19 24
19 60
19 62
19 85
21 66
21 75
21 12
21 2
21 52
21 53
21 86
21 87
22 64
22 33
22 2
22 35
22 37
22 6
22 39
22 8
22 9
22 71
22 12
22 66
22 72
22 75
22 52
22 87
22 58
22 30
22 63
23 1
23 35
23 38
23 6
23 7
23 41
23 10
23 76
23 13
23 78
23 47
23 17
23 50
23 67
23 84
23 73
23 23
23 49
23 28
24 3
24 11
24 78
24 79
24 25
24 31
25 67
25 4
25 7
25 55
25 46
25 47
25 14
25 87
26 2
26 35
26 70
26 34
26 46
26 56
26 24
27 33
27 2
27 66
27 70
27 6
27 42
27 75
27 13
27 46
27 47
27 17
27 51
27 53
27 55
27 56
27 57
27 87
27 30
27 63
28 42
29 1
29 2
29 3
29 43
29 14
29 58
30 68
30 6
30 70
30 38
30 10
30 11
30 76
30 53
30 54
30 27
30 31
31 64
31 35
31 38
31 7
31 72
31 73
31 42
31 75
31 77
31 80
31 83
31 53
31 86
31 87
31 56
31 26
31 85
31 63
32 57
32 30
32 63
33 9
33 67
33 61
34 3
34 4
34 6
34 8
34 78
34 14
34 16
34 17
34 51
34 84
34 53
34 87
34 56
34 28
34 61
34 62
34 85
35 64
35 34
35 4
35 37
35 41
35 43
35 50
35 86
35 73
35 31
36 80
36 34
36 67
36 68
36 7
36 40
36 10
36 45
36 48
36 50
36 84
36 22
36 24
36 42
36 63
37 1
37 2
37 5
37 38
37 7
37 8
37 11
37 66
37 46
37 77
37 17
37 20
37 57
37 55
37 56
37 52
37 49
37 81
37 85
37 31
38 2
38 35
38 36
38 6
38 8
38 82
38 11
38 12
38 77
38 46
38 15
38 43
38 18
38 67
38 53
38 24
38 83
38 47
38 85
39 27
39 47
39 78
39 79
40 0
40 33
40 2
40 66
40 38
40 8
40 9
40 10
40 75
40 44
40 34
40 14
40 17
40 83
40 84
40 86
40 73
40 87
40 27
40 30
41 2
41 3
41 36
41 70
41 63
41 44
41 34
41 77
41 47
41 76
41 17
41 67
41 84
41 53
41 22
41 87
41 27
41 59
41 30
41 31
42 64
42 66
42 41
42 84
42 73
42 62
43 1
43 35
43 5
43 9
43 43
43 14
43 60
43 30
43 31
44 24
44 18
44 83
44 85
44 23
45 66
45 71
45 9
45 78
45 79
45 17
45 50
45 46
45 58
45 63
46 0
46 1
46 86
46 6
46 72
46 11
46 13
46 15
46 56
46 83
46 22
46 24
46 27
46 5
47 32
47 2
47 3
47 72
47 9
47 42
47 75
47 34
47 8
47 84
47 23
47 63
47 30
47 31
48 64
48 34
48 86
48 9
48 42
48 87
48 12
48 77
48 46
48 47
48 48
48 76
48 83
48 84
48 53
48 73
48 41
48 78
48 62
49 1
49 67
49 37
49 33
49 8
49 74
49 76
49 77
49 78
49 79
49 16
49 72
49 51
49 84
49 56
49 5
50 3
51 0
51 33
51 67
51 3
51 4
51 37
51 6
51 40
51 43
51 12
51 82
51 47
51 75
51 35
51 62
51 23
51 24
51 30
51 31
52 67
52 5
52 38
52 39
52 8
52 41
52 43
52 46
52 17
52 35
52 57
52 62
52 63
53 34
53 38
53 6
53 9
53 42
53 14
53 47
53 83
53 84
53 78
53 86
53 56
53 25
53 27
53 69
54 4
54 6
54 8
54 75
54 76
54 47
54 20
54 86
55 2
55 4
55 22
56 3
56 69
56 38
56 40
56 73
56 42
56 43
56 44
56 46
56 56
56 82
56 20
56 23
56 24
56 52
56 63
56 31
57 46
57 14
57 15
57 50
57 85
57 24
57 27
57 29
57 53
58 66
58 3
58 5
58 70
58 7
58 8
58 44
58 14
58 46
58 56
58 57
59 43
59 37
59 39
59 75
59 17
59 56
59 31
59 5
60 35
60 8
60 75
60 13
60 14
60 19
61 34
61 35
61 37
61 2
61 15
61 49
61 18
61 56
61 26
61 47
61 62
61 63
62 64
62 2
62 3
62 5
62 6
62 8
62 41
62 42
62 75
62 12
62 66
62 14
62 87
62 82
62 19
62 22
62 23
62 25
62 58
62 74
63 51
63 35
63 4
63 37
63 6
63 40
63 9
63 43
63 44
63 47
63 15
63 80
63 18
63 19
63 52
63 41
63 24
63 87
63 38
63 62
65 83
65 3
65 7
65 40
65 41
65 55
65 77
65 79
65 49
65 51
65 62
65 86
65 23
65 56
65 25
65 60
65 30
66 60
66 84
66 37
66 38
66 23
67 0
67 65
67 2
67 3
67 70
67 38
67 39
67 43
67 34
67 47
67 49
67 75
67 52
67 53
67 59
67 30
67 85
68 2
68 8
68 41
68 42
68 76
68 34
68 51
68 55
68 56
68 57
69 33
69 37
69 42
69 77
69 13
69 30
69 5
70 1
70 2
70 85
70 5
70 39
70 63
70 76
70 66
70 14
70 81
70 84
70 46
70 57
70 24
70 25
70 26
70 59
70 62
70 37
71 34
71 36
71 40
71 44
71 78
71 79
71 80
71 62
72 64
72 2
72 67
72 37
72 38
72 42
72 43
72 14
72 47
72 16
72 87
72 56
72 26
72 28
72 30
73 32
73 1
73 2
73 75
73 37
73 33
73 64
73 9
73 43
73 79
73 84
73 62
73 41
73 56
73 55
73 58
73 61
73 30
75 1
75 66
75 68
75 37
75 6
75 10
75 12
75 49
75 50
75 55
75 24
75 27
75 28
76 64
76 65
76 35
76 72
76 78
76 79
76 81
76 82
76 46
76 23
76 47
77 32
77 34
77 84
77 2
78 66
78 40
78 43
78 14
78 15
78 87
78 57
79 3
79 68
79 42
79 11
79 47
79 80
79 43
79 62
79 55
79 30
80 64
80 51
80 85
80 62
80 63
81 72
81 9
81 77
81 14
82 3
82 38
82 9
82 80
82 30
82 63
83 37
83 8
83 41
83 45
83 46
83 15
83 57
84 24
84 85
84 23
85 24
85 3
85 69
85 39
86 32
86 1
86 66
86 87
86 5
86 65
86 7
86 64
86 10
86 43
86 17
86 50
86 51
86 21
86 22
86 55
86 33
86 74
86 62
87 34
87 3
87 68
87 7
87 8
87 73
87 46
87 81
87 9
87 85
87 86
87 23
87 25
87 61
