88
0 2
0 8
0 12
0 13
0 15
0 20
0 21
0 23
0 24
0 26
0 28
0 29
0 31
0 33
0 34
0 38
0 41
0 42
0 43
0 44
0 46
0 47
0 51
0 52
0 53
0 54
0 56
0 57
0 66
0 67
0 69
0 72
0 73
0 74
0 76
0 78
0 79
0 82
1 2
1 6
1 8
1 13
1 15
1 18
1 20
1 21
1 24
1 26
1 28
1 29
1 31
1 33
1 34
1 35
1 38
1 39
1 40
1 41
1 42
1 43
1 44
1 45
1 48
1 50
1 52
1 56
1 60
1 65
1 69
1 70
1 73
1 76
1 78
1 79
1 82
1 86
2 5
2 12
2 18
2 21
2 29
2 31
2 35
2 38
2 39
2 42
2 43
2 47
2 48
2 50
2 52
2 56
2 57
2 60
2 65
2 66
2 68
2 74
2 78
2 82
3 2
3 8
3 12
3 13
3 18
3 20
3 24
3 28
3 31
3 32
3 33
3 34
3 39
3 41
3 42
3 44
3 47
3 48
3 50
3 53
3 54
3 61
3 64
3 65
3 71
3 73
3 74
3 78
3 82
3 86
4 2
4 5
4 8
4 12
4 15
4 18
4 26
4 28
4 29
4 31
4 32
4 33
4 34
4 35
4 38
4 39
4 40
4 44
4 47
4 52
4 53
4 56
4 57
4 60
4 61
4 63
4 71
4 72
4 74
4 75
4 76
4 82
4 83
4 84
4 86
6 72
6 74
6 76
6 47
6 48
6 52
6 21
6 56
6 26
6 28
9 2
9 5
9 8
9 12
9 13
9 15
9 18
9 20
9 26
9 28
9 29
9 31
9 32
9 33
9 34
9 35
9 38
9 42
9 43
9 46
9 47
9 48
9 50
9 53
9 54
9 56
9 57
9 63
9 67
9 69
9 71
9 72
9 73
9 74
9 76
9 78
9 79
10 32
10 5
10 38
10 8
10 76
10 13
10 50
10 21
10 60
10 31
11 2
11 5
11 8
11 12
11 13
11 15
11 18
11 20
11 21
11 24
11 26
11 28
11 31
11 32
11 33
11 34
11 35
11 38
11 41
11 43
11 44
11 46
11 47
11 50
11 53
11 54
11 57
11 66
11 67
11 71
11 74
11 76
11 79
11 82
13 38
13 43
13 76
13 50
13 48
13 82
13 86
13 28
13 31
14 2
14 5
14 8
14 12
14 13
14 15
14 18
14 20
14 21
14 24
14 26
14 28
14 29
14 31
14 32
14 33
14 34
14 35
14 38
14 42
14 43
14 44
14 46
14 47
14 48
14 50
14 52
14 53
14 56
14 57
14 59
14 60
14 65
14 66
14 71
14 73
14 74
14 78
14 82
14 83
14 86
16 8
16 13
16 15
16 18
16 20
16 21
16 26
16 28
16 29
16 31
16 32
16 35
16 39
16 40
16 41
16 43
16 44
16 45
16 46
16 47
16 48
16 50
16 53
16 54
16 57
16 60
16 63
16 68
16 70
16 71
16 72
16 73
16 74
16 76
16 78
16 79
16 82
17 44
17 60
19 2
19 71
19 8
19 44
19 13
19 46
19 56
19 60
19 29
19 31
22 2
22 6
22 8
22 20
22 21
22 24
22 26
22 28
22 29
22 31
22 33
22 35
22 39
22 41
22 42
22 43
22 44
22 45
22 46
22 48
22 50
22 52
22 53
22 56
22 57
22 59
22 68
22 71
22 72
22 73
22 74
22 76
22 78
22 79
23 2
23 8
23 12
23 15
23 18
23 21
23 23
23 24
23 26
23 27
23 28
23 29
23 31
23 34
23 38
23 39
23 40
23 41
23 42
23 43
23 44
23 46
23 47
23 48
23 50
23 51
23 52
23 53
23 54
23 56
23 60
23 65
23 66
23 67
23 70
23 78
23 82
30 2
30 5
30 8
30 13
30 18
30 21
30 24
30 31
30 32
30 33
30 34
30 35
30 41
30 42
30 43
30 44
30 46
30 48
30 50
30 52
30 53
30 54
30 57
30 60
30 61
30 64
30 66
30 67
30 68
30 70
30 71
30 72
30 73
30 74
30 75
30 76
30 78
30 82
30 86
31 5
31 8
31 13
31 15
31 20
31 24
31 29
31 31
31 34
31 35
31 38
31 39
31 42
31 43
31 44
31 45
31 47
31 48
31 53
31 56
31 57
31 61
31 63
31 65
31 66
31 71
31 73
31 74
31 76
31 79
32 34
32 35
32 82
32 71
32 72
32 44
32 74
32 12
32 13
32 46
32 45
32 48
32 76
32 18
32 52
32 56
32 57
32 26
32 47
32 28
32 29
35 32
35 35
35 39
35 8
35 74
35 76
35 82
35 79
35 48
35 72
35 18
35 83
35 53
35 54
35 24
35 26
37 33
37 2
37 34
37 66
37 8
37 41
37 42
37 12
37 13
37 44
37 48
37 72
37 50
37 82
37 21
37 76
37 26
37 60
37 29
37 53
38 2
38 5
38 8
38 18
38 21
38 24
38 26
38 28
38 29
38 31
38 32
38 33
38 34
38 38
38 41
38 42
38 43
38 44
38 46
38 47
38 50
38 53
38 56
38 57
38 59
38 60
38 63
38 65
38 66
38 70
38 72
38 73
38 74
38 76
38 79
38 83
42 66
42 70
42 73
42 74
42 43
42 12
42 34
42 54
42 31
49 2
49 5
49 6
49 8
49 13
49 18
49 21
49 24
49 26
49 28
49 29
49 31
49 35
49 38
49 39
49 41
49 42
49 43
49 44
49 45
49 46
49 47
49 52
49 56
49 60
49 61
49 64
49 65
49 66
49 68
49 71
49 72
49 73
49 74
49 76
49 78
49 79
49 82
49 83
52 33
52 34
52 70
52 38
52 39
52 8
52 74
52 43
52 47
52 21
52 54
52 56
52 60
52 53
52 31
57 32
57 33
57 34
57 67
57 82
57 71
57 8
57 41
57 42
57 44
57 13
57 46
57 47
57 18
57 78
57 73
57 57
57 26
57 28
57 29
57 31
58 2
58 5
58 13
58 15
58 18
58 21
58 24
58 26
58 29
58 31
58 32
58 33
58 34
58 35
58 39
58 41
58 43
58 44
58 45
58 48
58 50
58 51
58 56
58 57
58 60
58 70
58 71
58 72
58 78
63 2
63 5
63 12
63 13
63 15
63 18
63 20
63 21
63 24
63 26
63 29
63 33
63 34
63 39
63 40
63 41
63 42
63 43
63 44
63 45
63 46
63 47
63 48
63 51
63 52
63 53
63 56
63 57
63 59
63 60
63 64
63 65
63 66
63 67
63 71
63 72
63 74
63 76
63 79
63 82
76 2
76 8
76 15
76 20
76 24
76 28
76 32
76 33
76 34
76 35
76 41
76 42
76 43
76 44
76 47
76 48
76 53
76 56
76 66
76 71
76 73
76 74
80 2
80 5
80 8
80 15
80 18
80 20
80 21
80 23
80 24
80 26
80 28
80 31
80 33
80 34
80 35
80 39
80 41
80 42
80 44
80 47
80 48
80 50
80 52
80 56
80 62
80 66
80 72
80 76
80 77
80 79
80 82
80 83
80 86
81 2
81 12
81 13
81 15
81 20
81 21
81 29
81 31
81 32
81 35
81 38
81 39
81 42
81 43
81 44
81 46
81 47
81 50
81 53
81 54
81 57
81 60
81 64
81 71
81 73
81 82
84 5
84 8
84 15
84 21
84 26
84 27
84 28
84 29
84 34
84 35
84 38
84 39
84 41
84 42
84 43
84 44
84 46
84 50
84 53
84 71
84 72
84 76
84 78
84 82
87 2
87 8
87 12
87 15
87 18
87 21
87 24
87 26
87 28
87 31
87 32
87 33
87 34
87 39
87 42
87 44
87 46
87 48
87 50
87 53
87 54
87 56
87 59
87 61
87 64
87 66
87 67
87 71
87 72
87 73
87 74
87 78
87 82
87 86
