88
0 87
1 32
1 37
1 41
1 76
1 57
1 58
1 27
2 65
2 69
2 6
2 71
2 40
2 43
2 77
2 49
2 87
2 33
2 27
2 63
3 32
3 2
3 5
3 6
3 39
3 9
3 10
3 43
3 12
3 79
3 19
3 22
3 57
3 70
3 62
3 31
4 1
4 4
4 54
4 70
4 40
4 87
4 14
4 47
4 48
4 52
4 46
4 22
4 23
4 68
4 79
5 4
5 38
5 7
5 43
5 46
5 48
5 30
6 0
6 67
6 36
6 49
6 38
6 7
6 75
6 46
6 47
6 17
6 19
6 78
6 26
6 27
6 70
6 31
7 65
7 67
7 36
7 70
7 72
7 17
7 35
7 31
8 86
9 31
9 73
9 67
9 54
9 71
10 0
10 33
10 3
10 4
10 12
10 18
10 53
10 56
10 68
10 63
11 77
12 55
13 32
13 1
13 86
13 71
13 8
13 9
13 74
13 72
13 83
13 52
13 21
13 54
13 73
13 56
13 58
13 30
14 84
14 1
14 3
14 86
14 39
14 71
14 48
14 82
14 19
14 20
14 22
14 25
14 52
14 30
14 31
15 63
16 33
16 3
16 57
17 80
17 81
18 35
18 68
18 39
18 10
18 78
18 13
18 46
18 47
18 50
18 17
18 18
18 20
18 21
18 57
18 56
18 52
18 26
18 79
18 61
18 31
19 67
19 6
19 70
19 49
19 74
19 12
19 48
19 17
19 84
19 22
19 56
19 38
19 62
20 2
21 68
21 9
21 74
21 46
21 47
21 48
21 54
22 64
22 1
22 2
22 4
22 38
22 73
22 74
22 11
22 13
22 84
22 21
22 23
22 55
22 58
22 53
23 9
23 13
23 26
23 28
23 31
23 35
23 37
23 43
23 44
23 46
23 51
23 52
23 56
23 58
23 59
23 63
23 68
23 70
23 74
23 76
23 78
23 79
23 87
24 51
24 66
24 67
24 4
24 37
24 39
24 41
24 75
24 47
24 43
24 3
24 22
24 68
24 61
25 0
25 1
25 67
25 68
25 8
25 73
25 11
25 12
25 13
25 51
25 22
25 26
26 11
26 70
26 7
26 9
26 10
26 75
26 84
26 57
26 71
26 62
26 63
27 35
27 68
27 6
27 40
27 73
27 43
27 76
27 25
27 58
27 63
28 20
29 67
29 70
29 75
29 78
29 18
29 35
29 46
29 87
29 57
29 59
30 34
30 75
30 37
30 38
30 7
30 41
30 43
30 13
30 47
30 18
30 19
30 21
30 54
30 87
30 83
30 58
30 29
30 30
30 63
31 32
31 33
31 37
31 70
31 76
31 42
31 43
31 12
31 77
31 84
31 62
31 29
31 30
32 32
32 9
32 54
32 46
33 48
33 35
33 6
33 70
33 72
33 80
33 54
33 38
33 63
34 32
34 1
34 3
34 4
34 51
34 49
34 35
34 52
34 53
34 26
34 27
34 58
35 3
35 68
35 38
35 71
35 8
35 10
35 7
35 44
35 77
35 80
35 54
35 26
35 61
35 62
36 0
36 1
36 34
36 67
36 73
36 10
36 43
36 77
36 48
36 22
36 87
36 24
36 26
36 27
37 32
37 83
37 11
37 6
37 7
37 72
37 73
37 75
37 77
37 19
37 29
38 57
38 34
38 67
38 53
38 23
39 75
39 29
40 73
40 74
40 43
40 44
40 61
40 29
40 49
40 54
40 9
40 59
40 42
41 34
41 3
41 46
41 51
41 84
41 87
41 27
41 30
42 56
42 29
42 54
42 7
43 1
43 35
43 36
43 54
43 6
43 33
43 8
43 9
43 71
43 78
43 46
43 73
43 41
43 22
43 23
43 87
43 27
43 65
43 61
43 62
43 53
44 46
45 0
45 3
45 7
45 13
45 17
45 22
45 25
45 27
45 30
45 32
45 33
45 39
45 43
45 49
45 52
45 53
45 62
45 63
45 71
45 79
45 80
45 84
45 87
46 2
46 36
46 69
46 38
46 7
46 8
46 73
46 75
46 17
46 50
46 9
46 87
46 72
46 23
47 1
47 7
47 10
47 17
47 25
47 29
47 31
47 34
47 40
47 41
47 44
47 51
47 52
47 54
47 57
47 63
47 66
47 73
47 76
47 77
47 82
47 86
48 0
48 48
48 3
48 4
48 71
48 80
48 87
48 62
49 3
49 13
49 27
49 30
49 31
49 33
49 38
49 42
49 45
49 48
49 53
49 55
49 56
49 61
49 64
49 66
49 70
49 71
49 73
49 74
49 75
49 77
49 83
50 0
50 1
50 34
50 5
50 78
50 20
50 54
50 52
51 67
51 70
51 75
51 44
51 77
51 19
51 84
51 23
51 58
51 27
52 57
52 22
53 66
53 5
53 40
53 43
53 18
53 86
53 23
54 65
55 1
55 3
55 4
55 6
55 44
55 12
55 13
55 56
55 21
55 87
55 24
55 25
55 62
55 63
56 35
56 67
56 3
56 4
56 37
56 6
56 7
56 8
56 73
56 10
56 76
56 77
56 40
56 19
56 21
56 54
56 55
56 72
56 38
56 42
57 32
57 71
57 43
57 77
57 78
57 48
57 17
57 19
57 23
58 1
58 35
58 68
58 6
58 41
58 87
58 44
58 16
58 43
58 22
58 23
58 29
59 80
59 74
59 51
59 44
60 77
60 62
61 1
61 2
61 33
61 72
61 10
61 43
61 44
61 13
61 20
61 86
61 57
62 64
62 34
62 3
62 69
62 73
62 10
62 55
62 47
62 18
62 22
62 87
62 58
62 42
63 65
63 3
63 4
63 71
63 40
63 10
63 75
63 77
63 48
63 21
63 87
63 56
63 57
63 30
63 53
64 32
64 33
64 34
64 4
64 6
64 39
64 9
64 87
64 12
64 77
64 49
64 20
64 23
64 59
64 61
65 65
65 68
65 5
65 70
65 33
65 41
65 74
65 23
65 13
65 47
65 16
65 51
65 84
65 87
66 33
66 67
66 39
66 42
66 75
66 44
66 13
66 46
66 45
66 80
66 51
66 84
66 54
66 79
66 60
66 29
67 66
67 68
67 70
67 7
67 41
67 43
67 86
67 23
67 24
67 25
67 58
67 55
68 48
68 33
68 34
68 21
69 73
69 87
69 62
69 71
70 34
70 36
70 37
70 84
70 53
70 56
70 58
70 60
71 37
71 6
71 77
71 78
71 80
71 83
71 23
71 30
72 60
72 35
72 76
72 79
73 3
73 4
73 6
73 13
73 17
73 19
73 23
73 24
73 25
73 26
73 38
73 40
73 42
73 47
73 58
73 63
73 67
73 73
73 74
73 75
73 77
73 82
74 76
74 84
75 43
75 68
76 1
76 3
76 7
76 12
76 16
76 17
76 22
76 24
76 29
76 30
76 34
76 42
76 43
76 47
76 52
76 53
76 58
76 62
76 63
76 68
76 72
76 77
76 79
76 86
76 87
77 8
77 41
77 72
77 47
78 0
78 67
78 36
78 9
78 42
78 14
78 80
78 54
78 73
78 26
78 30
79 1
79 66
79 8
79 41
79 43
79 77
79 46
79 47
79 48
79 49
79 53
79 21
79 54
79 23
79 24
79 72
79 63
79 29
79 62
79 31
80 32
80 1
80 2
80 4
80 70
80 48
80 74
80 76
80 47
80 16
80 49
80 84
80 23
80 68
80 26
80 29
80 30
80 63
81 32
81 43
81 5
81 70
81 7
81 39
81 45
81 79
81 80
81 18
81 22
81 27
81 37
82 33
82 29
83 17
83 27
83 77
83 23
84 2
84 67
84 5
84 9
84 42
84 76
84 66
84 13
84 48
84 35
84 23
84 61
85 55
86 3
86 41
86 84
86 86
86 23
86 62
87 35
87 8
87 46
87 79
87 48
87 49
87 20
87 78
87 55
87 56
87 52
87 61
87 53
