88
0 81
0 1
1 55
1 29
1 5
1 54
1 21
2 1
2 81
2 72
2 73
2 48
2 17
2 40
5 1
5 66
5 3
5 82
5 71
5 40
5 41
5 76
5 13
5 46
5 48
5 17
5 50
5 35
5 20
5 85
5 23
5 27
6 1
6 34
6 35
6 36
6 50
6 46
6 82
6 85
6 55
10 5
10 71
10 72
10 87
10 76
10 81
10 18
10 54
10 23
10 26
10 27
10 29
17 35
17 40
17 73
17 23
17 76
17 46
17 87
19 2
19 3
19 5
19 17
19 18
19 23
19 26
19 27
19 29
19 31
19 35
19 40
19 52
19 54
19 55
19 57
19 58
19 59
19 65
19 71
19 72
19 73
19 76
19 81
19 82
19 85
20 35
20 4
20 71
20 41
20 13
20 77
20 50
20 17
20 82
20 85
20 27
21 65
21 3
21 36
21 5
21 72
21 41
21 82
21 76
21 13
21 46
21 47
21 48
21 50
21 53
21 25
21 26
21 27
21 29
22 66
22 50
22 38
22 29
23 0
23 1
23 3
23 5
23 13
23 17
23 18
23 22
23 23
23 25
23 26
23 27
23 29
23 35
23 36
23 37
23 46
23 47
23 48
23 52
23 57
23 59
23 65
23 66
23 76
23 81
23 82
23 83
23 87
24 82
24 1
24 2
24 67
24 4
24 69
24 65
24 73
24 42
24 76
24 13
24 77
24 50
24 66
24 52
24 21
24 55
24 57
24 26
24 59
24 29
26 2
26 3
26 5
26 9
26 25
26 27
26 29
26 34
26 36
26 37
26 40
26 47
26 48
26 50
26 54
26 65
26 71
26 72
26 81
26 82
26 83
26 87
29 35
29 40
29 87
29 76
29 48
29 82
29 54
29 23
29 57
29 26
30 65
30 34
30 35
30 71
30 72
30 41
30 76
30 17
30 52
30 57
31 1
31 2
31 35
31 36
31 37
31 65
31 40
31 41
31 76
31 46
31 47
31 72
31 50
31 23
31 25
32 36
32 5
32 71
32 9
32 48
32 21
32 26
33 65
33 67
33 37
33 1
33 41
33 76
33 58
33 5
34 35
34 3
34 5
34 71
34 72
34 13
34 50
34 83
34 21
34 23
34 27
34 53
34 37
35 2
35 37
35 81
35 41
35 55
35 13
35 17
35 82
35 52
35 53
35 87
35 25
35 29
36 81
36 18
36 82
36 34
36 13
37 35
37 40
37 23
37 76
37 59
37 81
37 54
37 87
37 26
37 27
37 29
38 0
38 4
38 5
38 13
38 17
38 23
38 26
38 27
38 29
38 31
38 36
38 37
38 40
38 47
38 48
38 50
38 65
38 73
38 76
38 82
38 83
38 85
38 86
39 65
39 4
39 5
39 81
39 50
39 85
39 26
39 29
39 37
40 69
40 38
40 72
40 41
40 76
40 46
40 18
40 54
40 26
40 27
42 1
42 35
42 41
42 46
42 82
42 27
43 36
43 5
43 73
43 87
43 81
43 23
43 55
43 59
43 37
44 0
44 2
44 5
44 9
44 13
44 20
44 25
44 26
44 29
44 31
44 36
44 37
44 46
44 50
44 55
44 57
44 73
44 76
44 81
44 82
44 83
44 85
44 87
45 65
45 34
45 4
45 5
45 73
45 77
45 48
45 17
45 50
45 54
45 55
45 26
45 27
45 29
46 1
46 2
46 59
46 82
46 37
46 40
46 41
46 87
46 76
46 13
46 77
46 47
46 48
46 50
46 83
46 20
46 54
46 73
46 26
46 27
46 58
47 65
47 35
47 71
47 13
47 47
47 50
47 87
49 81
51 2
51 3
51 13
51 17
51 20
51 21
51 23
51 25
51 31
51 33
51 34
51 35
51 36
51 37
51 40
51 50
51 53
51 59
51 69
51 73
51 76
51 85
51 87
53 73
53 26
53 52
53 29
53 47
54 0
54 2
54 68
54 72
54 50
54 46
54 48
54 18
54 53
54 87
54 58
54 27
55 73
55 76
55 57
55 87
56 1
56 34
56 3
56 73
56 55
56 13
56 47
56 20
56 54
56 23
56 25
56 26
56 29
56 52
57 65
57 3
57 42
57 55
57 76
57 46
57 47
57 81
57 82
57 23
57 27
59 65
59 50
59 82
59 37
59 71
59 40
59 13
59 48
59 72
59 18
59 57
59 54
59 23
59 25
59 29
60 1
60 2
60 37
60 41
60 13
60 77
60 48
60 18
60 83
60 52
60 21
60 54
60 73
60 29
60 85
61 34
61 72
61 77
61 46
61 47
61 81
61 52
62 47
63 3
63 35
63 40
63 82
63 50
63 18
63 83
63 54
64 65
64 34
64 36
64 5
64 71
64 40
64 87
64 76
64 2
64 46
64 47
64 48
64 72
64 50
64 83
64 82
64 54
64 55
64 26
64 27
65 65
65 36
65 37
65 73
65 50
65 47
65 17
65 82
65 52
65 41
65 54
65 87
65 26
65 29
66 2
66 59
66 17
66 71
66 13
66 46
66 81
66 82
66 54
66 23
66 25
66 27
66 29
66 31
67 65
67 36
67 13
67 47
67 48
67 17
67 20
67 21
67 54
67 25
67 52
68 1
68 2
68 87
68 5
68 81
68 71
68 72
68 41
68 57
68 55
68 46
68 48
68 17
68 53
68 73
68 23
68 25
68 26
68 27
68 85
69 2
69 3
69 4
69 37
69 38
69 81
69 40
69 41
69 83
69 76
69 13
69 46
69 47
69 48
69 59
69 35
69 55
69 72
69 26
69 27
69 29
70 3
70 5
70 13
70 17
70 18
70 23
70 26
70 31
70 36
70 37
70 41
70 47
70 48
70 50
70 55
70 59
70 71
70 72
70 73
70 82
70 83
70 85
70 86
71 0
71 1
71 2
71 4
71 5
71 13
71 17
71 18
71 21
71 23
71 27
71 34
71 35
71 37
71 41
71 46
71 47
71 48
71 52
71 55
71 65
71 67
71 68
71 69
71 71
71 73
71 76
71 85
74 65
74 36
74 81
74 1
74 41
74 55
74 13
74 48
74 17
74 18
74 19
74 52
74 87
74 25
75 34
75 4
75 71
75 2
75 54
75 26
76 1
76 34
76 4
76 5
76 71
76 41
76 76
76 86
76 46
76 73
76 17
76 20
76 54
76 55
76 36
76 27
76 52
76 37
77 1
77 34
77 35
77 4
77 5
77 81
77 77
77 40
77 41
77 87
77 13
77 46
77 47
77 17
77 50
77 57
77 55
77 25
77 26
77 29
78 1
78 2
78 13
78 46
78 83
78 25
79 1
79 2
79 36
79 18
79 50
79 87
81 2
81 3
81 4
81 5
81 17
81 20
81 21
81 26
81 27
81 31
81 36
81 37
81 46
81 48
81 52
81 55
81 72
81 73
81 76
81 81
81 82
81 83
81 87
82 1
82 13
82 18
82 20
82 23
82 29
82 31
82 34
82 35
82 36
82 37
82 41
82 48
82 50
82 54
82 55
82 71
82 72
82 73
82 76
82 81
82 85
83 65
83 35
83 36
83 37
83 72
83 76
83 13
83 50
83 20
83 53
83 87
83 52
83 59
84 1
84 2
84 35
84 36
84 5
84 65
84 72
84 73
84 55
84 76
84 34
84 77
84 48
84 71
84 50
84 83
84 82
84 23
84 26
84 29
84 85
85 34
85 36
85 5
85 81
85 71
85 40
85 41
85 87
85 76
85 47
85 48
85 17
85 50
85 83
85 54
85 73
85 72
85 25
85 29
86 33
86 2
86 3
86 36
86 5
86 65
86 72
86 41
86 34
86 47
86 48
86 17
86 18
86 35
86 20
86 82
86 59
86 55
86 26
86 27
87 0
87 1
87 2
87 3
87 5
87 65
87 72
87 41
87 55
87 13
87 47
87 48
87 17
87 50
87 21
87 54
87 23
87 71
87 27
87 53
