88
0 32
0 33
0 2
0 35
0 68
0 38
0 65
0 72
0 41
0 75
0 45
0 49
0 51
0 84
0 21
0 83
0 63
0 61
0 31
1 0
1 32
1 65
1 4
1 38
1 6
1 39
1 9
1 57
1 87
1 13
1 77
1 47
1 19
1 84
1 53
1 22
1 41
1 36
1 28
1 51
3 0
3 2
3 4
3 6
3 9
3 13
3 19
3 25
3 28
3 32
3 33
3 35
3 36
3 39
3 41
3 44
3 45
3 47
3 49
3 51
3 53
3 57
3 61
3 63
3 65
3 68
3 72
3 73
3 75
3 77
3 84
3 87
7 2
7 4
7 13
7 19
7 21
7 25
7 28
7 32
7 36
7 39
7 41
7 44
7 45
7 47
7 51
7 53
7 61
7 63
7 65
7 68
7 69
7 73
7 77
7 79
7 83
7 84
10 0
10 4
10 6
10 9
10 13
10 19
10 22
10 31
10 32
10 36
10 38
10 45
10 47
10 49
10 51
10 53
10 61
10 63
10 65
10 68
10 72
10 73
10 77
10 79
10 83
10 84
11 0
11 4
11 6
11 9
11 19
11 21
11 22
11 28
11 31
11 36
11 38
11 39
11 41
11 44
11 45
11 47
11 49
11 51
11 53
11 61
11 69
11 73
11 77
11 83
11 84
12 0
12 2
12 6
12 9
12 13
12 19
12 21
12 22
12 25
12 28
12 31
12 32
12 33
12 35
12 36
12 38
12 39
12 44
12 45
12 47
12 49
12 53
12 61
12 63
12 68
12 72
12 73
12 75
12 77
12 79
12 83
12 84
16 0
16 2
16 4
16 9
16 13
16 22
16 31
16 32
16 33
16 35
16 38
16 41
16 44
16 47
16 49
16 53
16 61
16 65
16 73
16 75
16 77
16 83
16 84
17 32
17 36
17 45
17 63
20 32
20 33
20 38
20 41
20 77
20 47
20 22
20 28
23 33
23 68
23 38
23 6
23 39
23 73
23 13
23 47
23 19
23 84
23 9
23 36
23 31
26 2
26 4
26 6
26 9
26 13
26 19
26 21
26 22
26 28
26 31
26 33
26 35
26 36
26 38
26 39
26 44
26 45
26 47
26 49
26 51
26 53
26 57
26 61
26 65
26 68
26 72
26 73
26 77
26 79
26 83
26 84
26 87
27 0
27 6
27 9
27 13
27 19
27 21
27 25
27 31
27 32
27 33
27 36
27 38
27 41
27 45
27 49
27 51
27 53
27 57
27 61
27 65
27 68
27 72
27 73
27 77
27 83
27 84
27 87
28 2
28 8
28 9
28 13
28 21
28 22
28 28
28 31
28 32
28 33
28 35
28 36
28 38
28 39
28 44
28 47
28 51
28 57
28 61
28 68
28 72
28 73
28 77
28 83
28 84
29 0
29 2
29 4
29 6
29 8
29 9
29 13
29 19
29 21
29 22
29 28
29 31
29 32
29 33
29 36
29 38
29 39
29 41
29 44
29 45
29 47
29 49
29 53
29 57
29 61
29 63
29 68
29 69
29 72
29 79
29 83
29 84
30 65
30 39
30 9
30 44
30 13
30 77
30 49
30 19
30 21
30 73
30 41
30 61
30 63
32 2
32 4
32 6
32 9
32 13
32 18
32 19
32 21
32 22
32 25
32 28
32 31
32 32
32 33
32 36
32 38
32 39
32 41
32 44
32 47
32 49
32 51
32 61
32 63
32 65
32 69
32 72
32 73
32 77
32 79
32 84
32 87
34 2
34 4
34 6
34 21
34 22
34 28
34 31
34 32
34 33
34 35
34 36
34 38
34 39
34 41
34 44
34 45
34 49
34 53
34 57
34 63
34 68
34 69
34 72
34 73
34 75
34 77
37 0
37 2
37 4
37 6
37 19
37 22
37 31
37 32
37 36
37 38
37 41
37 44
37 47
37 49
37 51
37 53
37 57
37 61
37 65
37 68
37 73
37 77
40 0
40 2
40 6
40 8
40 9
40 13
40 19
40 21
40 22
40 28
40 31
40 32
40 36
40 38
40 39
40 41
40 44
40 45
40 47
40 49
40 51
40 57
40 61
40 63
40 65
40 77
40 79
40 83
42 0
42 2
42 4
42 6
42 9
42 13
42 19
42 21
42 22
42 25
42 31
42 32
42 33
42 36
42 38
42 39
42 41
42 44
42 45
42 47
42 49
42 51
42 53
42 57
42 61
42 63
42 68
42 73
42 79
42 83
42 84
43 32
43 33
43 2
43 4
43 6
43 39
43 72
43 41
43 68
43 45
43 77
43 47
43 84
43 73
43 57
43 25
43 63
43 28
43 61
43 36
44 65
44 35
44 68
44 38
44 39
44 9
44 75
44 13
44 77
44 49
44 19
44 84
44 53
44 73
44 41
44 28
44 31
46 0
46 51
46 4
46 73
46 49
46 83
46 9
46 53
46 22
46 87
46 68
46 28
46 36
47 0
47 9
47 13
47 18
47 19
47 21
47 22
47 28
47 31
47 33
47 36
47 39
47 41
47 45
47 47
47 51
47 57
47 61
47 65
47 72
47 73
47 83
48 0
48 73
48 21
48 22
48 57
48 63
48 31
49 2
49 4
49 6
49 9
49 18
49 21
49 25
49 32
49 33
49 35
49 36
49 38
49 39
49 41
49 44
49 49
49 51
49 53
49 57
49 61
49 63
49 65
49 68
49 73
49 75
49 77
49 83
49 84
50 2
50 4
50 6
50 9
50 13
50 19
50 22
50 28
50 32
50 33
50 36
50 39
50 41
50 44
50 45
50 49
50 51
50 53
50 57
50 61
50 63
50 68
50 69
50 72
50 73
50 75
50 77
50 79
50 83
52 2
52 6
52 9
52 21
52 22
52 28
52 33
52 36
52 38
52 41
52 49
52 51
52 53
52 57
52 61
52 63
52 65
52 68
52 69
52 72
52 73
52 77
52 83
52 84
55 68
55 33
55 35
55 36
55 69
55 6
55 65
55 72
55 63
55 44
55 13
55 77
55 45
55 49
55 83
55 21
55 22
55 73
55 25
55 47
55 31
58 41
58 9
58 61
58 73
59 53
62 0
62 2
62 4
62 6
62 8
62 9
62 13
62 19
62 21
62 22
62 28
62 32
62 33
62 36
62 41
62 47
62 49
62 51
62 53
62 57
62 61
62 63
62 65
62 68
62 69
62 72
62 73
62 75
62 77
62 79
62 83
62 84
64 0
64 2
64 4
64 6
64 9
64 13
64 19
64 21
64 22
64 25
64 28
64 31
64 33
64 38
64 39
64 41
64 44
64 45
64 47
64 49
64 51
64 53
64 57
64 61
64 63
64 68
64 69
64 72
64 73
64 75
64 77
64 84
64 87
67 2
67 6
67 8
67 9
67 19
67 21
67 22
67 28
67 31
67 33
67 38
67 39
67 44
67 47
67 49
67 53
67 63
67 65
67 68
67 69
67 72
67 84
74 32
74 33
74 4
74 38
74 9
74 79
74 44
74 13
74 47
74 73
74 21
74 22
74 41
74 36
74 63
74 28
74 61
74 53
76 0
76 32
76 83
76 75
76 51
76 33
76 72
76 39
76 44
76 45
76 47
76 19
76 84
76 21
76 22
76 57
76 25
76 63
76 28
76 53
76 31
78 0
78 32
78 2
78 4
78 38
78 6
78 39
78 72
78 9
78 57
78 45
78 47
78 49
78 84
78 21
78 22
78 41
78 36
78 63
78 65
78 31
80 0
80 65
80 2
80 19
80 41
80 83
80 13
80 45
80 51
80 21
80 22
80 9
80 57
80 28
82 33
82 68
82 44
82 49
82 84
82 57
82 4
85 0
86 0
86 2
86 6
86 13
86 19
86 21
86 22
86 28
86 32
86 33
86 35
86 36
86 38
86 39
86 44
86 45
86 49
86 51
86 53
86 61
86 63
86 65
86 69
86 73
86 77
86 83
86 84
86 87
