88
0 6
0 69
0 70
0 71
0 40
0 9
0 62
0 13
0 46
0 21
0 26
0 60
0 30
0 53
1 26
1 60
1 53
2 3
2 68
2 69
2 72
2 73
2 55
2 35
2 21
2 22
2 87
2 36
2 60
2 53
4 35
4 36
4 69
4 7
4 73
4 10
4 62
4 76
4 13
4 80
4 87
4 53
4 22
4 55
4 68
4 71
4 60
4 42
4 30
4 31
6 69
6 7
6 72
6 10
6 55
6 47
6 23
6 25
6 26
8 65
8 69
8 38
8 72
8 41
8 10
8 55
8 76
8 40
8 53
8 22
8 23
8 60
9 68
9 69
9 71
9 8
9 41
9 10
9 76
9 47
9 40
9 87
9 36
9 37
13 35
13 55
14 1
14 69
14 6
14 71
14 8
14 10
14 76
14 13
14 46
14 45
14 40
14 53
14 21
14 22
14 72
14 26
14 78
14 60
14 42
14 30
14 31
18 7
18 8
18 9
18 20
18 21
18 22
18 26
18 30
18 35
18 36
18 40
18 42
18 48
18 53
18 54
18 55
18 64
18 68
18 69
18 70
18 71
18 72
18 76
20 48
20 9
20 26
20 36
20 53
21 64
21 67
21 70
21 40
21 41
21 55
21 78
21 83
21 53
21 87
21 26
22 64
22 6
22 73
22 10
22 45
22 9
22 41
22 22
22 23
22 42
22 30
22 53
23 26
24 3
24 36
24 54
24 71
24 72
24 73
24 87
24 78
24 40
24 22
24 9
24 26
25 36
25 6
25 40
25 76
25 13
25 48
25 20
25 23
25 26
26 73
26 9
27 3
27 69
27 39
27 40
27 9
27 55
27 76
27 35
27 21
27 73
27 41
27 26
27 60
27 53
27 31
28 70
28 36
28 69
28 6
28 71
28 73
28 42
28 13
28 46
28 45
28 48
28 84
28 53
28 22
28 60
29 66
29 10
30 3
30 69
30 6
30 73
30 42
30 76
30 13
30 45
30 53
30 22
30 9
30 31
31 65
31 68
31 69
31 6
31 40
31 13
31 48
31 72
31 22
31 87
31 36
31 60
31 30
32 1
32 3
32 6
32 8
32 9
32 10
32 13
32 20
32 22
32 23
32 35
32 36
32 39
32 42
32 45
32 48
32 60
32 62
32 68
32 69
32 71
32 76
33 1
33 3
33 6
33 7
33 8
33 13
33 20
33 23
33 31
33 36
33 40
33 42
33 45
33 53
33 55
33 60
33 64
33 68
33 69
33 70
33 71
33 73
34 1
34 3
34 36
34 70
34 65
34 8
34 41
34 10
34 87
34 44
34 45
34 80
34 47
34 48
34 76
34 20
34 22
34 73
34 68
34 26
34 62
35 67
35 36
35 37
35 71
35 9
35 10
35 55
35 44
35 13
35 46
35 76
35 53
35 22
35 41
35 60
35 78
35 30
35 69
36 36
36 69
36 7
36 55
36 68
36 60
37 64
37 68
37 70
37 76
37 10
37 55
37 12
37 20
37 53
37 22
37 9
37 36
37 26
38 68
38 7
38 40
38 10
38 46
38 53
38 54
38 23
38 30
39 68
39 38
39 40
39 9
39 13
39 48
39 36
39 26
39 62
40 9
40 26
40 3
40 36
42 36
42 69
42 10
42 53
42 55
42 68
42 42
43 1
43 68
43 70
43 48
43 41
43 55
43 76
43 13
43 80
43 53
43 87
43 62
44 7
44 40
44 41
44 48
44 21
44 87
44 26
44 60
44 53
45 26
45 55
46 36
46 37
46 71
46 40
46 9
46 10
46 87
46 76
46 13
46 46
46 78
46 53
46 73
46 68
46 26
46 60
46 42
46 62
46 69
47 1
47 3
47 36
47 71
47 72
47 41
47 10
47 76
47 13
47 46
47 80
47 35
47 20
47 21
47 54
47 73
47 68
47 26
47 60
48 64
48 1
48 3
48 70
48 38
48 8
48 9
48 76
48 45
48 40
48 35
48 22
48 73
48 26
48 60
49 68
49 69
49 70
49 40
49 73
49 10
49 55
49 20
49 22
49 23
50 20
50 26
50 36
50 53
51 9
51 10
51 13
51 20
51 21
51 22
51 26
51 30
51 36
51 40
51 41
51 44
51 46
51 54
51 55
51 60
51 62
51 69
51 71
51 72
51 76
51 87
52 3
52 69
52 6
52 40
52 55
52 13
52 21
52 22
52 87
52 26
52 60
52 31
53 69
53 72
53 9
53 46
53 40
53 22
55 40
55 13
55 6
55 53
56 64
56 65
56 68
56 69
56 71
56 8
56 76
56 13
56 45
56 22
56 26
56 60
57 3
57 6
57 7
57 8
57 9
57 13
57 23
57 26
57 30
57 36
57 40
57 41
57 44
57 45
57 46
57 53
57 55
57 60
57 62
57 68
57 69
57 76
58 68
58 37
58 40
58 10
58 76
58 13
58 53
58 36
58 26
58 42
59 6
59 7
59 8
59 13
59 19
59 20
59 23
59 26
59 30
59 31
59 36
59 40
59 42
59 45
59 53
59 55
59 60
59 62
59 68
59 69
59 72
59 76
60 69
60 72
60 41
60 20
60 53
60 22
60 62
61 1
61 68
61 69
61 39
61 40
61 41
61 21
61 55
61 26
61 60
61 62
61 53
62 72
62 9
62 42
62 44
62 8
62 20
62 26
63 3
63 69
63 70
63 40
63 73
63 10
63 13
63 46
63 47
63 55
63 26
63 38
63 37
64 3
64 68
64 69
64 6
64 9
64 55
64 13
64 20
64 21
64 41
64 60
64 37
65 64
65 36
65 8
65 73
65 13
65 48
65 40
65 60
65 62
66 87
66 68
66 69
66 39
66 8
66 9
66 10
66 55
66 73
66 13
66 46
66 45
66 40
66 41
66 21
66 54
66 23
66 72
66 26
66 63
66 53
67 1
67 5
67 6
67 7
67 8
67 10
67 22
67 36
67 40
67 42
67 45
67 46
67 53
67 60
67 64
67 67
67 68
67 69
67 71
67 72
67 76
67 87
68 39
68 42
68 55
68 45
68 48
68 21
68 87
68 10
69 64
69 40
69 6
69 9
70 70
70 73
70 76
70 48
70 21
70 87
70 60
71 3
71 36
71 69
71 71
71 72
71 13
71 40
71 53
71 55
72 64
72 36
72 72
72 73
72 45
72 40
72 21
72 22
72 60
73 71
73 8
73 73
73 42
73 87
73 13
73 9
73 53
73 54
73 23
73 55
73 60
73 62
74 64
74 1
74 68
74 69
74 7
74 9
74 76
74 13
74 45
74 36
74 26
74 60
74 31
75 1
75 7
75 8
75 10
75 13
75 20
75 22
75 23
75 26
75 36
75 38
75 40
75 41
75 42
75 45
75 53
75 55
75 62
75 69
75 70
75 73
75 76
75 87
76 1
76 68
76 69
76 40
76 10
76 76
76 46
76 8
76 22
76 55
76 36
76 26
77 64
77 70
77 3
77 68
77 69
77 38
77 71
77 40
77 9
77 10
77 55
77 76
77 13
77 47
77 20
77 41
77 23
77 26
77 60
77 62
78 64
78 36
78 70
78 7
78 8
78 41
78 10
78 55
78 76
78 13
78 53
78 23
78 42
79 1
79 36
79 40
79 10
79 44
79 45
79 82
79 87
79 26
79 60
79 42
79 30
79 31
81 1
81 68
81 54
81 70
81 8
81 9
81 10
81 55
81 13
81 46
81 45
81 48
81 40
81 41
81 20
81 21
81 22
81 23
81 72
81 87
81 42
82 60
82 13
83 65
83 3
83 38
83 6
83 71
83 9
83 10
83 55
83 22
83 23
83 26
83 54
83 70
83 42
83 69
85 68
85 54
85 72
85 9
85 10
85 13
85 40
85 22
85 55
85 36
85 26
86 73
86 68
86 53
86 70
87 68
87 71
87 42
87 76
87 21
87 22
87 36
87 60
87 30
87 53
