88
0 3
0 4
0 69
0 12
0 76
0 45
0 53
0 22
0 73
0 56
0 57
0 59
0 28
1 65
1 69
1 71
1 72
1 41
1 12
1 14
1 79
1 50
1 87
1 57
1 28
1 63
2 51
2 71
2 8
2 9
2 44
2 77
2 78
2 79
2 80
2 18
2 83
2 21
2 23
2 25
3 64
3 40
3 77
3 13
3 20
3 86
3 87
3 52
3 47
3 60
4 23
4 2
4 83
4 39
5 27
5 68
5 39
6 32
6 51
6 2
6 3
6 36
6 81
6 71
6 8
6 41
6 74
6 45
6 64
6 77
6 72
6 19
6 20
6 86
6 25
6 61
6 30
6 52
7 12
7 36
8 2
8 4
8 5
8 9
8 10
8 13
8 28
8 29
8 33
8 40
8 41
8 45
8 50
8 59
8 69
8 71
8 74
8 75
8 76
8 80
8 81
8 86
9 51
9 2
9 72
9 43
9 12
9 46
9 16
9 8
9 19
9 84
9 21
9 86
9 55
9 30
10 2
10 35
10 6
10 47
10 87
10 25
11 68
11 70
11 71
11 10
11 75
11 13
11 61
11 51
11 20
11 86
11 57
11 63
11 28
11 29
11 31
12 85
12 78
12 87
13 0
13 65
13 35
13 4
13 37
13 38
13 72
13 63
13 79
13 43
13 45
13 47
13 16
13 21
13 86
13 23
13 68
13 59
13 28
13 53
14 3
14 68
14 5
14 8
14 9
14 42
14 87
14 78
14 77
14 14
14 18
14 53
14 22
14 85
14 25
14 26
14 63
14 60
14 62
14 37
15 80
15 12
15 37
15 31
16 8
16 61
16 63
17 4
17 12
17 14
17 15
17 24
17 29
17 30
17 31
17 34
17 37
17 42
17 45
17 46
17 50
17 51
17 54
17 57
17 65
17 69
17 77
17 80
17 87
18 34
18 67
18 70
18 44
18 10
18 11
18 12
18 56
18 35
18 22
18 23
18 24
18 57
18 30
19 48
19 27
19 35
19 46
20 31
20 47
20 71
21 33
21 12
21 87
23 65
23 2
23 6
23 40
23 41
23 61
23 13
23 47
23 17
23 86
23 56
23 25
23 26
23 29
25 0
25 35
25 5
25 39
25 41
25 74
25 43
25 44
25 81
25 3
25 84
25 21
25 86
25 56
25 69
27 33
27 83
27 4
27 5
27 51
27 72
27 9
27 10
27 19
27 53
27 73
27 55
27 25
27 60
27 74
27 85
27 63
29 9
29 58
29 60
30 32
30 64
30 2
30 3
30 68
30 70
30 80
30 76
30 57
30 12
30 13
30 79
30 50
30 81
30 18
30 19
30 53
30 23
30 25
30 59
30 61
31 2
31 67
31 6
31 8
31 44
31 34
31 79
31 16
31 86
31 30
33 32
33 34
33 3
33 39
33 8
33 42
33 11
33 76
33 14
33 43
33 53
33 56
33 59
33 62
34 19
34 66
34 3
34 69
34 12
34 61
34 35
34 21
34 86
34 28
34 29
34 53
35 0
35 64
35 4
35 6
35 38
35 40
35 46
35 47
35 17
35 52
35 85
35 54
35 57
35 62
35 31
36 13
36 22
36 25
36 27
36 28
36 31
36 32
36 33
36 42
36 44
36 47
36 50
36 52
36 55
36 56
36 61
36 63
36 64
36 65
36 73
36 75
36 76
37 32
37 2
37 4
37 6
37 77
37 73
37 74
37 76
37 13
37 46
37 45
37 80
37 78
37 51
37 52
37 53
37 22
37 23
37 61
38 14
38 19
38 23
38 24
38 31
38 33
38 35
38 40
38 43
38 44
38 46
38 52
38 56
38 57
38 59
38 62
38 69
38 71
38 75
38 78
38 79
38 84
38 87
39 68
39 81
39 50
39 19
39 52
39 23
39 56
39 36
39 59
39 29
39 31
40 3
40 5
40 13
40 14
40 18
40 21
40 28
40 29
40 30
40 50
40 51
40 56
40 57
40 59
40 63
40 64
40 70
40 73
40 79
40 80
40 83
40 87
41 65
41 68
41 71
41 40
41 9
41 13
41 14
41 61
41 48
41 21
41 4
41 58
41 29
41 85
42 32
42 51
42 83
42 3
42 9
42 43
42 76
42 45
42 75
42 19
42 85
42 86
42 23
42 57
42 60
42 29
43 68
43 33
43 4
43 70
43 78
43 77
43 14
43 50
43 19
43 20
43 46
43 87
43 52
43 59
43 30
44 33
44 66
44 4
44 38
44 39
44 8
44 10
44 71
44 12
44 14
44 79
44 17
44 51
44 20
44 53
44 86
44 40
44 56
44 57
44 81
45 41
45 51
45 20
45 57
46 33
46 34
46 3
46 5
46 38
46 71
46 72
46 9
46 74
46 43
46 45
46 56
46 54
46 24
46 81
46 70
46 86
46 37
47 75
47 5
47 70
47 39
47 9
47 42
47 71
47 12
47 45
47 46
47 81
47 83
47 20
47 85
47 87
47 25
47 60
47 29
47 62
47 69
48 55
49 39
49 9
49 81
49 86
49 23
49 60
51 56
51 33
51 10
51 25
52 51
52 68
52 70
52 39
52 8
52 9
52 42
52 11
52 13
52 45
52 83
52 84
52 41
52 55
53 61
53 75
53 68
53 69
53 6
53 47
53 8
53 9
53 43
53 45
53 14
53 15
53 72
53 50
53 77
53 56
53 71
53 27
53 70
53 29
53 85
54 83
54 3
54 70
54 10
54 12
54 45
54 15
54 48
54 49
54 35
54 20
54 53
54 57
54 52
54 60
54 31
55 34
55 4
55 56
55 70
55 42
55 78
55 81
55 83
55 52
55 46
55 87
55 24
55 25
55 30
56 35
56 4
56 37
56 6
56 71
56 72
56 87
56 13
56 77
56 22
56 55
56 57
56 61
56 62
56 31
57 32
57 34
57 3
57 4
57 69
57 8
57 73
57 10
57 75
57 76
57 45
57 46
57 17
57 35
57 20
57 53
57 68
57 26
57 62
57 85
59 80
61 33
61 3
61 68
62 56
62 73
62 15
63 33
63 59
63 52
63 17
65 31
65 3
65 71
68 0
68 33
68 34
68 3
68 68
68 5
68 8
68 64
68 47
68 80
68 40
68 87
68 57
68 61
68 30
68 69
69 32
69 68
69 69
69 70
69 40
69 44
69 12
69 46
69 16
69 82
69 19
69 63
69 61
69 62
69 31
70 73
70 45
70 46
70 79
70 51
70 60
71 64
71 65
71 69
71 70
71 33
71 40
71 9
71 10
71 11
71 50
71 47
71 18
71 6
72 9
72 31
72 45
72 6
72 57
73 9
73 41
73 23
76 10
76 14
76 18
76 25
76 35
76 42
76 45
76 47
76 56
76 58
76 60
76 61
76 65
76 68
76 69
76 70
76 71
76 73
76 79
76 80
76 82
76 85
76 87
77 1
77 2
77 70
77 65
77 49
77 44
77 10
77 71
77 12
77 46
77 17
77 83
77 52
77 78
77 55
77 24
77 25
77 42
77 62
79 64
79 35
79 3
79 68
79 74
79 51
79 40
79 9
79 42
79 12
79 78
79 56
79 50
79 19
79 52
79 86
79 24
79 61
79 62
79 31
80 64
80 33
80 4
80 37
80 38
80 44
80 74
80 43
80 12
80 14
80 47
80 16
80 19
80 52
80 78
80 86
80 30
80 69
81 64
81 66
81 70
81 9
81 74
81 18
81 19
81 52
81 53
81 61
82 32
82 69
82 6
82 8
82 72
82 85
82 56
83 66
83 21
85 64
85 33
85 68
85 6
85 72
85 42
85 13
85 79
85 50
85 24
85 28
85 29
85 62
85 63
86 6
86 39
86 8
86 42
86 76
86 81
87 67
87 4
87 37
87 38
87 73
87 43
87 12
87 77
87 47
87 69
87 75
87 83
87 52
87 57
87 25
87 26
87 59
87 28
87 62
87 63
