88
0 79
0 1
0 35
0 5
0 39
0 41
0 10
0 71
0 12
0 78
0 15
0 76
0 81
0 67
0 74
0 53
0 86
0 24
0 27
0 44
0 85
1 64
1 33
1 45
1 35
1 40
1 61
1 44
1 13
1 15
1 80
1 81
1 75
1 83
1 21
1 86
1 58
1 60
1 53
1 31
2 1
2 45
2 67
2 5
2 70
2 33
2 40
2 41
2 74
2 43
2 76
2 13
2 15
2 81
2 83
2 52
2 21
2 87
2 57
2 37
3 2
4 32
4 1
4 45
4 4
4 9
4 75
4 13
4 15
4 80
4 20
4 21
4 23
4 52
4 27
4 60
4 61
5 59
5 60
6 40
6 20
7 1
8 10
9 1
9 37
9 33
9 75
9 77
9 78
9 47
9 80
9 52
10 45
10 37
10 10
10 75
10 13
10 77
10 19
10 21
10 53
11 31
12 13
13 1
13 10
13 13
13 81
13 83
13 52
13 27
14 40
15 4
16 45
16 70
16 47
17 67
18 64
18 41
18 45
18 5
18 55
19 32
19 33
19 4
19 10
19 75
19 45
19 46
19 77
19 16
19 49
19 52
19 78
19 57
19 27
19 74
19 63
20 53
20 20
20 13
20 85
20 15
21 27
21 42
21 58
21 37
22 44
22 53
23 74
23 5
24 33
24 51
24 9
24 55
24 13
24 45
24 81
24 82
24 19
24 52
24 87
24 24
24 47
24 28
25 66
25 44
25 10
25 12
25 15
25 52
25 85
25 87
25 28
26 31
27 5
27 54
27 74
27 45
27 15
27 53
27 86
27 27
28 64
28 33
28 41
28 10
28 47
28 52
28 53
28 58
28 27
29 31
29 43
29 53
29 79
30 79
30 1
30 67
30 33
30 72
30 41
30 10
30 76
30 45
30 77
30 15
30 51
30 53
30 87
30 27
30 74
31 72
31 12
32 65
32 39
32 41
32 10
32 75
32 12
32 45
32 77
32 44
32 81
32 79
32 52
32 53
32 24
32 58
32 27
33 32
33 1
33 66
33 5
33 40
33 75
33 79
33 86
33 55
33 57
33 58
33 15
34 32
34 2
34 23
34 81
34 87
34 58
34 28
35 1
35 67
35 5
35 65
35 41
35 75
35 45
35 83
35 20
35 60
35 31
36 59
36 46
37 53
38 0
38 65
38 74
38 45
38 81
38 82
38 51
38 20
38 55
38 58
38 10
39 40
39 74
39 44
39 58
40 64
40 33
40 45
40 9
40 74
40 75
40 77
40 15
40 52
40 86
40 41
40 27
40 60
40 61
41 64
41 1
41 75
41 5
41 70
41 72
41 10
41 43
41 12
41 15
41 80
41 81
41 79
41 20
41 55
41 59
41 74
42 64
42 67
42 4
42 8
42 15
42 40
42 20
42 53
42 86
42 58
43 1
43 67
43 65
43 45
43 46
43 15
43 53
43 27
43 60
44 1
44 2
44 5
44 71
44 41
44 74
44 83
44 12
44 66
44 78
44 44
44 79
44 20
44 21
44 54
44 52
44 47
44 61
45 34
45 35
45 82
45 70
45 40
45 47
45 74
45 43
45 45
45 15
45 72
45 75
45 52
45 86
45 23
45 27
45 61
46 74
46 75
46 60
46 53
47 33
47 59
47 8
47 41
47 10
47 45
47 15
47 80
47 40
47 67
47 20
47 86
47 87
47 72
47 47
47 60
48 1
48 2
48 75
48 4
48 40
48 9
48 66
48 43
48 45
48 77
48 80
48 81
48 82
48 51
48 20
48 53
48 86
48 55
48 52
48 27
49 8
50 59
50 5
50 72
50 73
50 42
50 44
50 15
50 81
50 40
50 53
50 86
50 87
50 79
51 65
51 2
51 66
51 37
51 70
51 81
51 41
51 42
51 75
51 13
51 46
51 80
51 49
51 82
51 83
51 53
51 58
51 60
51 5
52 35
52 37
52 40
52 10
52 80
52 49
52 51
52 53
52 86
52 57
52 27
53 32
53 4
54 78
54 87
55 0
55 1
55 66
55 74
55 33
55 38
55 32
55 40
55 9
55 10
55 43
55 46
55 61
55 80
55 75
55 52
55 41
55 58
55 59
55 42
55 30
56 1
56 67
56 10
56 20
56 21
56 58
56 74
57 64
57 35
57 4
57 86
57 39
57 74
57 71
57 76
57 13
57 79
57 80
57 81
57 20
57 54
57 52
57 28
58 64
58 40
58 66
58 51
59 70
60 0
60 66
60 4
60 37
60 70
60 39
60 42
60 44
60 45
60 77
60 15
60 81
60 54
60 79
60 74
61 32
61 1
61 34
61 5
61 70
61 40
61 41
61 10
61 55
61 24
61 27
62 0
62 8
62 10
62 13
62 27
62 31
62 32
62 33
62 40
62 45
62 51
62 53
62 54
62 60
62 66
62 67
62 70
62 71
62 72
62 74
62 77
62 78
62 79
62 86
63 80
63 75
64 1
64 4
64 5
64 8
64 9
64 10
64 12
64 13
64 15
64 20
64 21
64 23
64 27
64 37
64 41
64 45
64 47
64 52
64 53
64 58
64 61
64 64
64 75
64 76
64 83
64 85
65 32
65 35
65 81
65 71
65 8
65 41
65 79
65 75
65 13
65 15
65 80
65 59
65 82
65 83
65 52
65 55
65 72
65 58
65 47
66 74
66 67
67 33
67 27
67 52
67 87
68 40
68 74
68 13
68 45
68 82
68 53
68 27
68 42
68 31
69 33
69 5
69 39
69 41
69 74
69 13
69 15
69 80
69 81
69 20
69 86
69 37
70 4
70 5
70 10
70 13
70 20
70 28
70 31
70 32
70 33
70 35
70 40
70 43
70 44
70 45
70 52
70 53
70 58
70 60
70 67
70 74
70 75
70 80
71 32
71 1
71 35
71 41
71 10
71 45
71 78
71 77
71 20
71 53
71 54
71 57
71 52
71 58
71 28
71 74
72 0
72 1
72 45
72 35
72 4
72 5
72 81
72 49
72 74
72 44
72 13
72 78
72 15
72 17
72 51
72 52
72 54
72 57
72 59
73 32
73 34
73 59
73 49
73 72
73 41
73 71
73 45
73 80
73 17
73 75
73 52
73 53
73 55
73 27
74 33
74 81
74 40
74 44
74 10
74 12
74 15
74 80
74 49
74 51
74 87
74 24
74 57
74 79
74 74
75 32
75 65
75 34
75 75
75 4
75 70
75 40
75 41
75 74
75 45
75 13
75 77
75 15
75 20
75 53
75 86
75 23
75 58
75 47
75 28
75 31
76 79
76 61
76 71
77 1
77 5
77 33
77 41
77 74
77 39
77 44
77 13
77 78
77 82
77 53
77 87
78 0
78 32
78 2
78 33
78 40
78 10
78 39
78 44
78 13
78 78
78 52
78 54
79 32
79 35
79 67
79 79
79 43
79 15
79 80
79 49
79 83
79 57
79 27
79 10
80 1
80 2
80 59
80 66
80 81
80 40
80 76
80 12
80 13
80 79
80 17
80 20
80 86
80 87
80 57
80 27
80 28
81 8
81 13
81 15
81 20
81 21
81 24
81 27
81 28
81 33
81 35
81 39
81 40
81 44
81 45
81 58
81 66
81 71
81 79
81 80
81 82
81 83
81 84
81 86
81 87
82 0
82 4
82 5
82 8
82 41
82 13
82 79
82 80
82 20
82 57
82 60
83 2
83 8
83 13
83 17
83 20
83 31
83 33
83 35
83 40
83 41
83 43
83 53
83 54
83 57
83 61
83 64
83 74
83 75
83 78
83 79
83 80
83 81
83 86
84 33
84 15
84 17
84 79
85 33
85 5
85 65
85 71
85 10
85 76
85 13
85 79
85 80
85 17
85 21
85 15
85 28
85 53
86 0
86 65
86 34
86 35
86 4
86 5
86 39
86 41
86 10
86 12
86 13
86 52
86 86
86 27
86 60
87 13
87 77
