88
0 0
0 2
0 4
0 8
0 11
0 13
0 18
0 33
0 36
0 38
0 39
0 43
0 50
0 57
0 58
0 61
0 62
0 63
0 72
0 74
0 75
0 76
0 79
0 80
0 85
0 86
1 0
1 1
1 2
1 34
1 36
1 86
1 38
1 33
1 8
1 60
1 13
1 72
1 67
1 22
1 87
1 24
1 26
1 63
1 28
1 31
3 51
3 2
3 11
3 6
4 1
4 2
4 4
4 10
4 11
4 18
4 26
4 30
4 33
4 36
4 38
4 43
4 50
4 57
4 58
4 60
4 62
4 63
4 66
4 67
4 72
4 74
4 75
4 76
5 34
5 4
5 86
5 26
5 58
5 63
7 33
7 34
7 75
7 4
7 38
7 6
7 8
7 11
7 66
7 80
7 85
7 58
7 62
7 63
8 0
8 1
8 2
8 34
8 36
8 33
8 10
8 39
8 13
8 79
8 80
8 75
8 67
8 86
8 57
8 60
8 74
8 62
10 0
10 2
10 4
10 8
10 11
10 13
10 18
10 22
10 26
10 28
10 30
10 33
10 38
10 43
10 58
10 62
10 63
10 67
10 74
10 76
10 77
10 80
10 85
10 87
11 0
11 1
11 4
11 6
11 7
11 10
11 11
11 18
11 20
11 26
11 28
11 34
11 36
11 39
11 42
11 43
11 50
11 60
11 63
11 74
11 85
11 86
14 33
14 87
19 33
19 34
19 11
19 76
19 26
19 60
19 63
20 2
20 34
20 4
20 6
20 39
20 8
20 74
20 11
20 13
20 50
20 51
20 85
20 86
20 67
20 36
20 62
21 0
21 1
21 34
21 43
21 4
21 86
21 33
21 8
21 10
21 11
21 13
21 79
21 80
21 72
21 18
21 85
21 22
21 36
21 74
21 63
23 33
23 38
23 6
23 7
23 8
23 74
23 11
23 76
23 79
23 72
23 18
23 62
23 86
23 85
23 63
23 60
23 30
23 31
24 33
24 72
24 11
24 85
24 58
24 26
25 66
25 67
25 39
25 76
25 2
25 13
25 18
25 85
25 26
25 61
25 31
26 33
26 4
26 43
26 79
26 85
26 86
26 36
26 26
26 59
26 60
26 62
27 33
27 67
27 38
27 8
27 11
27 76
27 26
27 60
27 30
27 63
28 67
28 38
28 72
28 74
28 11
28 85
28 86
29 72
29 43
29 67
30 11
30 8
30 74
30 43
30 85
30 87
30 58
31 0
31 36
31 18
31 58
31 60
31 62
32 6
32 38
32 8
32 74
32 11
32 57
32 62
34 0
34 33
34 43
34 6
34 74
34 11
35 34
35 6
35 43
35 18
35 86
35 58
36 2
36 4
36 6
36 8
36 10
36 13
36 18
36 25
36 26
36 33
36 34
36 36
36 38
36 43
36 58
36 60
36 61
36 63
36 66
36 67
36 72
36 74
36 80
37 18
37 4
37 6
38 0
38 2
38 4
38 6
38 8
38 11
38 12
38 13
38 18
38 21
38 26
38 30
38 34
38 36
38 38
38 43
38 50
38 58
38 60
38 62
38 66
38 72
38 74
38 76
38 86
39 1
39 34
39 43
39 4
39 38
39 6
39 33
39 8
39 60
39 74
39 11
39 13
39 72
39 18
39 86
39 36
39 59
39 28
39 39
39 63
40 33
40 34
40 4
40 74
40 60
41 2
41 6
41 8
41 10
41 13
41 26
41 28
41 34
41 36
41 38
41 39
41 42
41 43
41 46
41 50
41 58
41 59
41 61
41 62
41 63
41 66
41 67
41 72
41 74
41 76
41 86
42 0
42 4
42 8
42 11
42 18
42 26
42 29
42 30
42 33
42 34
42 42
42 43
42 57
42 58
42 60
42 62
42 63
42 67
42 72
42 74
42 75
42 76
42 80
42 85
42 86
43 36
43 38
43 72
43 42
43 43
43 13
43 18
43 86
43 58
43 63
44 2
44 67
44 4
44 38
44 43
44 80
45 80
45 43
45 6
46 0
46 2
46 4
46 72
46 86
46 58
47 34
47 58
47 6
47 38
48 34
48 66
48 18
48 58
48 59
48 30
49 11
49 33
49 67
51 0
51 2
51 4
51 6
51 8
51 11
51 18
51 26
51 32
51 33
51 34
51 38
51 39
51 42
51 43
51 58
51 60
51 63
51 66
51 72
51 74
51 85
51 86
52 1
52 2
52 67
52 38
52 6
52 7
52 8
52 10
52 11
52 48
52 74
52 85
52 86
52 87
52 39
52 26
52 60
52 58
52 63
53 0
53 2
53 38
53 8
53 74
53 34
53 26
55 80
55 2
55 34
55 4
55 86
55 6
55 39
55 8
55 74
55 11
55 13
55 77
55 48
55 43
55 75
55 85
55 54
55 60
55 62
55 31
56 33
56 34
56 43
56 51
56 26
56 60
57 0
57 2
57 4
57 7
57 8
57 11
57 18
57 22
57 26
57 33
57 34
57 36
57 38
57 39
57 58
57 60
57 62
57 63
57 66
57 67
57 72
57 74
57 87
60 0
60 2
60 4
60 8
60 10
60 18
60 22
60 26
60 33
60 34
60 38
60 43
60 58
60 62
60 63
60 66
60 72
60 74
60 76
60 80
60 85
60 86
60 87
64 33
64 36
64 38
64 11
64 80
64 18
64 51
64 86
64 58
64 59
64 60
64 29
65 43
65 10
65 67
65 4
65 58
66 34
66 11
66 76
66 18
66 86
66 60
67 11
67 38
67 72
67 43
67 62
67 63
68 2
68 6
68 7
68 8
68 11
68 13
68 22
68 26
68 34
68 36
68 39
68 42
68 43
68 48
68 57
68 60
68 61
68 66
68 67
68 72
68 74
68 75
68 85
68 86
69 2
69 67
69 74
69 86
70 34
70 67
70 66
70 38
70 7
70 72
70 74
70 11
70 76
70 2
70 61
70 18
70 85
70 39
70 26
70 59
70 60
70 58
70 62
70 63
71 58
71 2
71 34
71 66
71 85
72 2
72 4
72 6
72 8
72 13
72 18
72 24
72 25
72 28
72 33
72 38
72 39
72 43
72 57
72 58
72 60
72 62
72 66
72 67
72 72
72 74
72 76
72 79
72 80
72 85
72 86
73 34
73 36
73 38
73 8
73 18
73 57
74 0
74 1
74 2
74 4
74 6
74 8
74 10
74 11
74 13
74 22
74 25
74 26
74 30
74 33
74 34
74 36
74 38
74 39
74 43
74 57
74 60
74 62
74 63
74 72
74 76
74 79
74 85
74 86
76 0
76 33
76 66
76 36
76 6
76 8
76 11
76 18
76 85
76 58
76 60
76 21
77 33
77 34
77 43
77 4
77 86
77 6
77 39
77 8
77 42
77 11
77 12
77 72
77 67
77 62
77 22
77 85
77 58
77 60
77 30
77 63
78 34
78 4
78 38
78 6
78 8
78 74
78 58
78 85
78 26
78 60
78 42
78 62
78 63
81 72
81 18
81 58
82 0
82 32
82 34
82 67
82 66
82 38
82 8
82 74
82 13
82 61
82 80
82 85
82 86
82 26
82 79
82 60
82 58
82 62
82 63
83 11
83 38
83 60
83 74
83 43
83 26
83 28
83 58
83 62
83 63
84 0
84 1
84 2
84 6
84 8
84 18
84 30
84 33
84 34
84 36
84 38
84 39
84 43
84 48
84 58
84 59
84 60
84 61
84 62
84 66
84 67
84 74
84 76
84 80
84 86
86 2
86 4
86 6
86 7
86 8
86 10
86 11
86 18
86 20
86 31
86 33
86 34
86 38
86 43
86 46
86 58
86 62
86 63
86 67
86 72
86 74
86 76
86 80
86 86
87 0
87 2
87 6
87 10
87 11
87 18
87 20
87 26
87 33
87 34
87 36
87 38
87 42
87 43
87 50
87 57
87 60
87 62
87 63
87 67
87 72
87 79
87 80
87 86
87 87
