88
0 35
0 72
0 85
0 86
0 57
0 24
0 25
0 59
1 0
1 68
1 7
1 42
1 43
1 13
1 80
1 83
1 23
1 57
1 31
2 40
2 12
2 10
2 11
2 44
2 46
2 86
3 3
3 7
3 41
3 12
3 81
3 54
3 58
3 59
4 35
4 72
4 77
4 61
4 48
4 40
4 18
4 51
4 87
4 26
4 29
5 35
5 68
5 7
5 8
5 41
5 11
5 44
5 45
5 78
5 80
5 40
5 18
5 67
5 73
5 24
5 28
7 0
7 73
7 42
7 43
7 16
7 49
7 51
7 86
7 59
8 0
8 34
8 49
8 17
8 41
8 78
8 81
8 50
8 53
8 9
8 24
8 57
8 30
8 63
9 73
9 71
10 1
10 36
10 70
10 40
10 12
10 83
10 51
11 0
11 37
11 73
11 51
11 21
11 59
11 62
12 73
12 76
12 46
12 82
12 24
12 28
12 62
13 40
13 10
13 11
13 12
13 17
13 20
13 57
13 24
13 52
13 60
13 61
14 78
15 5
15 70
15 17
15 83
15 54
15 57
16 1
16 35
16 74
16 11
16 79
16 86
17 9
17 37
17 81
18 1
18 3
18 37
18 7
18 72
18 9
18 74
18 13
18 81
18 57
18 59
18 31
19 67
19 5
19 70
19 71
19 9
19 42
19 44
19 45
19 78
19 81
19 83
19 52
19 24
19 57
19 58
20 34
20 68
20 69
20 7
20 40
20 46
21 31
21 23
22 64
22 50
22 54
23 1
23 67
23 7
23 72
23 42
23 43
23 77
23 8
23 83
23 85
23 86
23 24
23 57
23 60
24 33
24 35
24 36
24 5
24 7
24 72
24 42
24 13
24 51
24 86
24 57
24 62
24 31
25 64
25 9
25 3
25 35
25 73
26 0
26 36
26 72
26 44
26 74
26 12
26 45
26 46
26 51
26 78
26 73
26 68
26 26
26 60
26 58
26 85
26 31
27 37
27 7
27 44
27 17
27 57
27 28
27 62
28 35
28 37
28 70
28 7
28 24
28 25
29 67
29 49
29 42
29 81
29 82
29 52
29 86
29 61
29 62
30 2
30 67
30 71
30 51
30 57
30 26
30 28
31 64
31 67
31 4
31 69
31 70
31 7
31 40
31 20
31 53
31 57
32 35
32 69
32 70
32 7
32 72
32 9
32 10
32 71
32 80
32 81
32 67
32 73
32 58
32 29
32 62
32 31
33 0
33 35
33 5
33 70
33 49
33 40
33 74
33 77
33 78
33 47
33 80
33 17
33 18
33 51
33 53
33 57
33 81
33 37
34 1
34 36
34 72
34 77
34 80
34 81
34 18
35 0
35 33
35 36
35 70
35 7
35 64
35 42
35 87
35 44
35 79
35 17
35 18
35 83
35 22
35 23
37 12
38 3
38 37
38 72
38 79
38 81
38 54
38 40
38 47
39 2
39 5
39 7
39 73
39 46
39 81
39 24
39 58
39 59
39 60
40 65
40 66
40 35
40 36
40 80
40 43
40 44
40 16
40 50
40 54
40 23
40 25
40 58
40 28
40 29
41 64
41 1
41 35
41 4
41 81
41 40
41 9
41 87
41 77
41 46
41 49
41 67
41 73
41 72
41 28
41 29
41 31
42 64
42 68
42 60
42 43
42 46
42 78
42 28
43 65
43 37
43 81
43 72
43 9
43 12
43 47
43 49
43 51
43 22
43 23
43 58
43 60
43 61
43 62
43 5
44 64
44 34
44 70
44 7
44 9
44 39
44 44
44 47
44 49
44 82
44 83
44 52
44 25
44 63
44 30
44 31
45 51
45 68
45 71
45 44
45 11
45 76
45 50
45 83
45 86
45 9
46 37
46 72
46 41
46 44
46 78
46 47
46 8
46 23
46 28
46 60
46 69
47 65
47 37
47 70
47 7
47 40
47 10
47 43
47 77
47 14
47 49
47 50
47 51
47 85
47 87
48 0
48 37
48 70
48 83
48 57
48 31
49 1
49 7
49 12
49 13
49 23
49 59
49 30
50 64
50 1
50 67
50 4
50 37
50 70
50 81
50 8
50 41
50 74
50 11
50 44
50 82
50 14
50 16
50 40
50 18
50 23
50 58
51 64
51 40
51 44
51 10
51 43
51 12
51 77
51 46
51 18
51 51
51 52
51 86
51 73
51 24
51 25
51 74
52 66
52 5
52 7
52 40
52 11
52 80
52 17
52 59
52 62
52 37
53 4
53 72
53 9
53 12
53 45
53 46
53 57
54 0
54 34
54 3
54 37
54 40
54 41
54 42
54 44
54 79
54 17
54 19
54 23
54 57
54 59
54 61
54 62
55 0
55 33
55 67
55 5
55 40
55 9
55 10
55 76
55 78
55 80
55 46
55 86
55 28
56 49
56 83
56 43
56 60
56 62
57 49
57 58
57 35
57 57
57 79
58 0
58 33
58 2
58 35
58 4
58 70
58 71
58 72
58 74
58 11
58 76
58 49
58 67
58 52
58 53
58 55
58 68
58 59
58 62
59 1
59 67
59 36
59 37
59 7
59 46
59 79
59 80
59 81
59 57
60 64
60 1
60 2
60 35
60 40
60 9
60 44
60 72
60 62
60 73
60 30
61 80
61 83
61 68
61 39
61 9
61 10
61 11
61 12
61 78
61 76
61 82
61 51
61 73
61 28
61 62
61 31
62 0
62 64
62 69
62 51
62 71
62 41
62 42
62 44
62 16
62 83
62 25
62 33
62 62
62 37
63 64
63 65
63 2
63 69
63 71
63 42
63 34
63 80
63 17
63 18
63 54
64 64
64 68
64 7
64 11
64 49
64 62
64 30
65 59
65 68
65 7
65 73
65 76
65 44
65 51
65 25
65 47
65 28
65 36
66 0
66 2
66 7
66 75
66 80
66 22
66 25
67 64
67 1
67 35
67 8
67 9
67 12
67 14
67 79
67 80
67 86
67 25
68 44
68 70
68 71
69 2
69 68
69 5
69 83
69 77
69 45
69 80
69 19
69 23
69 59
69 61
70 40
70 73
70 42
70 77
70 50
70 51
70 86
70 55
70 28
70 62
71 64
71 35
71 7
71 49
71 51
71 85
71 86
71 23
71 57
71 28
72 33
72 34
72 68
72 69
72 44
72 18
72 51
72 86
72 25
72 58
73 33
73 35
73 70
73 73
73 12
73 49
73 18
73 22
73 26
73 58
73 31
74 33
74 35
74 40
74 44
74 42
74 12
74 46
74 86
74 59
74 28
75 36
75 37
75 70
75 71
75 13
75 78
75 80
75 83
75 46
75 62
75 63
76 32
76 34
76 3
76 66
76 5
76 43
76 45
76 46
76 50
76 58
76 23
76 68
76 26
76 75
76 37
76 31
77 2
77 37
77 70
77 9
77 86
77 12
77 45
77 79
77 16
77 20
77 53
77 22
77 23
77 58
77 60
78 0
78 83
78 3
78 70
78 81
78 40
78 44
78 11
78 12
78 77
78 46
78 80
78 17
78 35
78 20
78 78
78 24
78 31
79 62
79 77
79 30
79 53
80 59
80 68
80 37
80 81
80 40
80 41
80 12
80 86
80 44
80 49
80 20
80 62
80 54
80 47
80 28
80 30
80 63
81 1
81 3
81 36
81 69
81 65
81 7
81 8
81 42
81 75
81 44
81 13
81 78
81 85
81 22
81 87
81 57
81 28
82 64
82 57
82 45
83 66
83 35
83 37
83 70
83 49
83 60
83 42
83 43
83 16
83 17
83 51
83 83
83 57
83 67
83 25
83 28
83 30
83 69
84 5
85 75
85 68
85 40
85 74
85 11
85 52
85 24
86 1
86 66
86 4
86 5
86 71
86 40
86 80
86 42
86 14
86 16
86 78
86 54
86 87
86 36
86 37
87 34
87 5
87 8
87 41
87 42
87 60
87 47
87 48
87 57
87 59
87 28
