88
0 0
0 2
0 5
0 15
0 18
0 24
0 31
0 32
0 44
0 47
0 52
0 53
0 54
0 55
0 60
0 63
0 69
0 70
0 71
0 73
0 76
0 78
0 80
0 81
0 82
0 83
0 86
1 2
1 3
1 17
1 18
1 19
1 21
1 23
1 25
1 31
1 35
1 36
1 41
1 50
1 53
1 54
1 55
1 60
1 69
1 71
1 72
1 73
1 74
1 77
1 79
1 80
1 82
2 36
2 5
2 71
2 8
2 45
2 78
2 15
2 80
2 40
2 53
2 86
2 60
2 31
5 0
5 66
5 70
5 40
5 44
5 76
5 78
5 50
5 46
5 55
6 0
6 8
6 15
6 25
6 27
6 31
6 38
6 40
6 44
6 46
6 52
6 55
6 56
6 60
6 61
6 62
6 64
6 65
6 66
6 68
6 69
6 70
6 71
6 77
6 79
6 82
6 83
6 84
6 86
7 2
7 3
7 5
7 8
7 19
7 23
7 24
7 32
7 36
7 38
7 45
7 46
7 47
7 52
7 54
7 55
7 60
7 63
7 64
7 66
7 68
7 71
7 73
7 76
7 77
7 81
7 82
7 86
8 68
8 2
8 3
8 36
8 5
8 71
8 8
8 63
8 86
8 76
8 77
8 46
8 82
8 19
8 52
8 54
8 25
8 27
8 60
8 61
8 31
9 83
9 67
9 36
9 5
9 38
9 71
9 72
9 74
9 76
9 45
9 15
9 80
9 81
9 19
9 84
9 53
9 54
9 68
9 27
9 70
9 69
10 0
10 32
10 67
10 68
10 38
10 71
10 8
10 44
10 77
10 80
10 56
10 55
10 24
10 27
10 81
10 31
12 0
12 66
12 8
12 46
12 82
12 54
12 31
13 2
13 35
13 70
13 71
13 40
13 41
13 74
13 44
13 78
13 54
13 55
13 24
17 64
17 68
17 69
17 70
17 72
17 74
17 82
17 78
17 47
17 80
17 50
17 19
17 84
17 54
17 27
17 60
17 61
17 63
20 82
20 65
20 2
20 3
20 36
20 69
20 38
20 73
20 66
20 83
20 45
20 50
20 19
20 74
20 53
20 54
20 25
20 86
20 61
20 62
20 84
21 3
21 54
21 38
21 8
21 73
21 47
21 40
21 82
21 86
21 23
22 0
22 2
22 5
22 8
22 25
22 33
22 35
22 38
22 41
22 44
22 46
22 53
22 56
22 60
22 61
22 62
22 63
22 68
22 69
22 70
22 73
22 78
22 82
22 83
22 84
22 86
26 0
26 8
26 19
26 23
26 25
26 36
26 38
26 41
26 44
26 45
26 47
26 55
26 62
26 70
26 71
26 78
26 79
26 80
26 81
26 82
26 83
26 86
28 64
28 2
28 5
28 70
28 71
28 40
28 44
28 78
28 80
28 72
28 50
28 83
28 52
28 53
28 54
28 55
28 60
29 35
29 5
29 71
29 72
29 41
29 44
29 78
29 15
29 76
29 82
29 52
29 54
29 24
29 25
29 47
30 65
30 35
30 36
30 69
30 71
30 8
30 73
30 18
30 82
30 19
30 52
30 54
30 60
32 0
32 86
32 82
32 69
32 38
32 40
32 41
32 44
32 45
32 73
32 81
32 18
32 54
32 55
32 56
32 25
32 79
32 60
33 67
33 38
33 70
33 72
33 55
33 76
33 77
33 50
33 3
33 86
33 23
33 61
34 3
34 5
34 8
34 24
34 32
34 35
34 36
34 38
34 44
34 53
34 54
34 55
34 56
34 60
34 61
34 68
34 71
34 72
34 73
34 76
34 78
34 79
34 81
34 86
35 2
35 8
35 18
35 19
35 25
35 31
35 38
35 40
35 45
35 46
35 53
35 56
35 66
35 70
35 71
35 72
35 73
35 76
35 78
35 79
35 80
35 84
36 3
36 5
36 8
36 17
36 18
36 19
36 23
36 25
36 27
36 28
36 36
36 38
36 41
36 44
36 46
36 47
36 53
36 54
36 55
36 65
36 67
36 68
36 70
36 71
36 72
36 76
36 80
36 83
37 0
37 3
37 5
37 8
37 19
37 27
37 35
37 38
37 40
37 53
37 54
37 60
37 70
37 71
37 72
37 73
37 76
37 77
37 78
37 79
37 82
37 83
38 0
38 3
38 5
38 8
38 19
38 23
38 27
38 31
38 35
38 36
38 38
38 40
38 41
38 50
38 52
38 54
38 55
38 63
38 70
38 72
38 78
38 80
38 82
39 0
39 8
39 31
39 35
39 38
39 41
39 44
39 46
39 52
39 54
39 55
39 56
39 63
39 64
39 65
39 67
39 68
39 71
39 72
39 73
39 74
39 77
39 78
39 80
39 81
39 86
40 0
40 3
40 5
40 8
40 17
40 21
40 23
40 24
40 25
40 28
40 38
40 47
40 52
40 53
40 54
40 61
40 63
40 65
40 67
40 69
40 71
40 72
40 73
40 82
40 84
42 2
42 3
42 68
42 69
42 38
42 8
42 73
42 70
42 44
42 66
42 47
42 72
42 82
42 19
42 53
42 23
42 83
42 60
42 61
43 2
43 3
43 70
43 71
43 8
43 73
43 77
43 78
43 79
43 81
43 21
43 60
46 0
46 25
46 28
46 35
46 36
46 38
46 40
46 41
46 46
46 47
46 52
46 53
46 54
46 55
46 67
46 69
46 70
46 72
46 73
46 77
46 80
46 82
47 5
47 8
47 18
47 19
47 27
47 31
47 35
47 36
47 38
47 40
47 41
47 44
47 46
47 56
47 60
47 63
47 64
47 66
47 67
47 69
47 71
47 72
47 73
47 77
47 78
47 80
47 86
48 0
48 2
48 3
48 8
48 18
48 19
48 35
48 36
48 38
48 44
48 45
48 53
48 54
48 66
48 69
48 70
48 72
48 74
48 77
48 80
48 81
48 82
48 84
48 86
49 73
49 35
49 76
49 86
51 0
51 2
51 3
51 5
51 8
51 15
51 18
51 23
51 24
51 32
51 44
51 45
51 53
51 54
51 56
51 60
51 66
51 67
51 69
51 73
51 76
51 78
51 79
51 82
51 84
51 86
55 38
55 71
55 41
55 76
55 46
55 50
55 19
55 84
55 53
55 60
55 61
57 64
57 65
57 69
57 8
57 73
57 44
57 45
57 78
57 79
57 76
57 40
57 50
57 52
57 54
57 72
57 60
58 0
58 35
58 3
58 68
58 5
58 70
58 40
58 41
58 78
58 47
58 80
58 81
58 19
58 53
58 86
58 73
58 24
58 25
58 61
58 69
58 63
61 64
61 8
61 76
61 78
61 55
61 25
61 27
61 61
66 64
66 86
66 5
66 38
66 41
66 44
66 77
66 78
66 47
66 82
66 19
66 84
66 54
66 73
66 56
66 27
66 70
66 62
66 69
67 0
67 5
67 8
67 19
67 27
67 28
67 31
67 35
67 38
67 50
67 52
67 55
67 56
67 61
67 64
67 66
67 67
67 68
67 70
67 71
67 72
67 73
67 74
67 80
67 82
75 2
75 5
75 8
75 19
75 24
75 25
75 27
75 28
75 32
75 36
75 44
75 46
75 47
75 52
75 55
75 56
75 61
75 64
75 69
75 70
75 73
75 74
75 76
75 77
75 78
75 79
75 80
75 81
75 86
79 2
79 3
79 15
79 19
79 24
79 25
79 31
79 32
79 35
79 38
79 46
79 52
79 53
79 54
79 55
79 56
79 60
79 63
79 69
79 71
79 73
79 74
79 76
79 77
79 78
79 79
79 80
79 82
85 68
85 71
85 72
85 55
85 47
85 80
85 52
85 54
85 23
85 27
85 31
87 2
87 3
87 5
87 25
87 27
87 35
87 45
87 47
87 50
87 52
87 54
87 56
87 60
87 61
87 62
87 64
87 69
87 70
87 71
87 72
87 73
87 74
87 77
87 82
87 83
87 86
