88
0 37
0 39
0 10
0 7
0 61
0 74
0 69
1 0
1 65
1 5
1 8
1 78
1 15
1 86
1 59
1 29
3 34
3 61
3 87
4 54
4 6
4 7
4 72
4 76
4 80
4 51
4 86
5 66
5 72
5 9
5 76
5 15
5 82
5 19
5 84
5 59
5 61
6 0
6 1
6 34
6 86
6 40
6 64
6 44
6 66
6 77
6 80
6 18
6 83
6 21
6 54
6 57
6 59
6 60
6 31
7 66
7 51
7 87
7 25
7 59
7 30
8 35
8 68
8 38
8 75
8 14
8 15
8 82
8 78
8 60
8 53
9 32
9 64
9 3
9 37
9 70
9 40
9 80
9 75
9 12
9 46
9 15
9 16
9 78
9 21
9 86
9 27
9 61
9 30
9 63
10 33
10 66
10 35
10 36
10 38
10 8
10 67
10 78
10 15
10 19
10 84
10 21
10 86
10 55
10 83
10 87
10 30
10 53
11 34
11 37
11 39
11 13
11 14
11 80
11 54
12 0
12 33
12 66
12 36
12 7
12 8
12 74
12 87
12 78
12 79
12 80
12 72
12 82
12 51
12 52
12 53
12 86
12 55
12 58
12 85
13 64
13 1
13 32
13 43
13 55
13 61
13 31
14 1
14 35
14 37
14 7
14 72
14 11
14 12
14 13
14 79
14 67
14 20
14 22
14 55
14 87
14 59
14 69
16 1
16 34
16 58
16 54
17 0
17 32
17 34
17 67
17 36
17 5
17 38
17 64
17 74
17 43
17 13
17 19
17 52
17 21
17 86
17 84
17 59
17 61
17 31
18 66
18 59
18 36
18 5
18 70
18 39
18 9
18 74
18 43
18 73
18 19
18 20
18 53
18 22
18 55
18 87
18 54
18 29
19 0
19 1
19 34
19 43
19 5
19 38
19 32
19 9
19 10
19 11
19 76
19 13
19 78
19 18
19 19
19 22
19 30
19 31
20 59
21 0
21 1
21 59
21 6
21 40
21 12
21 78
21 79
21 19
21 84
21 14
21 15
21 61
21 63
22 1
22 35
22 36
22 33
22 7
22 76
22 11
22 12
22 13
22 78
22 15
22 43
22 75
22 54
22 55
22 59
22 86
22 61
22 31
23 65
23 35
23 70
23 8
23 10
23 11
23 80
23 72
23 19
23 52
23 21
23 54
23 87
23 84
23 74
24 32
24 65
24 34
24 35
24 7
24 72
24 21
24 56
24 30
24 31
25 27
25 35
25 20
25 87
26 34
26 6
26 75
26 66
26 51
26 21
26 86
26 30
27 56
27 43
27 76
27 79
28 3
28 9
28 74
28 45
28 18
28 53
28 61
30 32
30 65
30 4
30 5
30 70
30 39
30 40
30 10
30 76
30 13
30 14
30 79
30 18
30 53
30 86
30 87
30 36
30 78
30 37
31 66
31 67
31 5
31 38
31 72
31 10
31 75
31 12
31 18
31 19
31 20
31 21
31 22
31 55
31 86
31 61
31 30
32 9
32 75
32 21
33 8
33 72
33 43
33 37
33 21
34 34
34 35
34 22
34 9
34 74
34 54
35 64
35 1
35 5
35 51
35 7
35 8
35 42
35 75
35 76
35 14
35 47
35 19
35 37
36 32
36 84
36 34
36 74
36 8
36 76
36 10
36 12
36 61
36 80
36 18
36 52
36 53
36 54
36 57
36 42
36 31
37 65
37 66
37 75
37 68
37 37
37 39
37 8
37 74
37 7
37 40
37 52
37 21
37 54
37 55
37 84
37 63
38 64
38 1
38 70
38 65
38 39
38 8
38 9
38 11
38 76
38 72
38 84
38 21
38 62
38 26
38 60
38 30
39 64
39 34
39 5
39 7
39 8
39 73
39 43
39 66
39 48
39 51
39 20
39 53
39 86
39 23
39 24
39 61
39 30
39 37
40 65
40 34
40 59
40 9
40 43
40 44
40 14
40 79
40 76
40 18
40 52
40 86
40 55
40 58
40 27
40 61
40 62
40 31
41 34
41 59
41 5
41 6
41 72
41 9
41 11
41 76
41 13
41 46
41 18
41 53
41 38
41 60
41 37
42 1
42 66
42 35
42 5
42 33
42 40
42 75
42 13
42 72
42 21
42 54
42 59
42 30
43 0
43 32
43 34
43 36
43 33
43 39
43 13
43 14
43 15
43 56
43 19
43 53
43 86
43 24
43 59
43 61
43 30
44 41
45 80
45 51
45 84
45 45
45 7
46 64
46 67
46 35
46 70
46 6
46 39
46 72
46 75
46 79
46 80
46 18
46 19
46 54
46 55
46 59
46 62
47 32
47 1
47 34
47 5
47 40
47 75
47 12
47 80
47 60
50 0
50 1
50 35
50 32
50 7
50 8
50 41
50 10
50 39
50 14
50 80
50 40
50 51
50 53
50 54
50 72
50 62
50 36
50 30
50 31
51 8
51 43
51 75
51 23
51 15
52 72
52 59
52 82
52 83
52 21
53 64
53 1
53 67
53 35
53 37
53 39
53 8
53 41
53 43
53 80
53 40
53 19
53 20
53 21
53 86
53 30
54 34
54 35
54 5
54 7
54 72
54 42
54 11
54 76
54 45
54 14
54 61
54 80
54 53
54 54
54 79
54 29
55 32
55 1
55 34
55 59
55 66
55 5
55 6
55 39
55 38
55 64
55 74
55 13
55 78
55 51
55 52
55 53
55 84
55 27
55 30
56 66
56 67
56 39
56 8
56 43
56 18
56 86
56 87
57 51
57 36
57 40
57 9
57 10
57 75
57 13
57 80
57 72
57 18
57 19
57 53
57 31
58 64
58 9
58 86
59 1
59 34
59 68
59 70
59 38
59 9
59 83
59 78
59 80
59 18
59 19
59 84
59 22
59 24
59 57
59 58
60 1
60 66
60 38
60 8
60 10
60 75
60 79
60 84
61 66
61 75
61 14
62 32
62 51
62 34
62 67
62 86
62 8
62 9
62 10
62 76
62 13
62 78
62 79
62 40
62 18
62 19
62 53
62 22
62 42
62 31
63 43
63 37
64 32
64 48
64 4
64 70
64 39
64 72
64 9
64 80
64 11
64 14
64 79
64 16
64 18
64 19
64 84
64 78
64 60
64 85
65 34
65 7
65 43
65 76
65 45
65 16
65 18
65 51
65 20
65 21
65 54
65 87
65 84
65 29
65 53
66 78
66 70
66 7
67 10
67 27
67 18
67 38
68 42
68 51
68 78
68 14
68 61
69 32
69 42
69 18
69 14
69 15
70 32
70 34
70 35
70 36
70 70
70 41
70 67
70 12
70 14
70 82
70 19
70 53
70 73
70 24
70 60
70 78
71 40
71 15
71 86
71 79
71 61
71 31
72 35
72 36
72 5
72 38
72 7
72 8
72 76
72 10
72 75
72 44
72 78
72 15
72 80
72 40
72 51
72 53
72 54
72 23
72 42
72 37
73 66
73 5
73 38
73 10
73 75
73 53
73 27
73 60
73 63
74 8
74 84
75 66
75 43
75 75
75 76
75 16
75 18
75 20
75 84
76 1
76 43
76 5
76 39
76 75
76 15
76 80
76 19
76 21
76 55
76 79
76 61
76 53
77 64
77 1
77 70
77 6
77 39
77 72
77 45
77 79
77 87
77 60
78 1
78 36
78 7
78 8
78 76
78 80
78 40
78 60
79 66
79 35
79 37
79 10
79 43
79 78
79 60
82 64
82 37
82 7
82 43
82 13
82 14
82 84
82 78
82 87
82 21
83 1
83 84
83 39
84 73
84 55
84 13
84 80
84 51
84 20
84 9
84 57
84 60
84 61
85 32
85 30
85 31
86 64
86 70
86 39
86 72
86 9
86 15
86 53
86 87
86 59
87 64
87 65
87 66
87 37
87 38
87 39
87 8
87 11
87 12
87 13
87 79
87 18
87 19
87 21
87 55
87 56
87 59
87 70
87 53
87 31
