88
0 0
0 32
0 59
0 5
0 6
0 7
0 11
0 48
0 67
0 52
0 21
0 71
0 38
0 60
0 85
1 1
1 38
1 6
1 71
1 72
1 73
1 11
1 44
1 77
1 80
1 16
1 81
1 83
1 86
1 23
1 24
1 30
1 31
2 37
2 6
2 11
2 76
2 45
2 47
2 52
2 23
2 26
2 28
2 58
3 1
3 70
3 38
3 71
3 44
3 76
3 47
3 82
4 66
4 71
4 40
4 9
4 77
4 46
4 83
4 20
4 53
5 49
5 52
5 70
6 48
6 35
6 36
6 70
6 6
6 7
6 9
6 11
6 47
6 80
6 54
6 61
6 63
8 16
9 6
10 23
13 32
13 33
13 35
13 86
13 81
13 39
13 40
13 73
13 74
13 76
13 49
13 82
13 52
13 22
13 30
15 60
16 1
16 35
16 69
16 7
16 19
16 87
16 60
16 62
16 31
17 39
17 74
17 43
17 16
17 57
17 87
17 55
17 26
18 66
18 6
18 39
18 46
18 47
18 80
18 20
18 21
18 87
18 59
18 31
19 0
19 64
19 70
19 65
19 72
19 73
19 7
19 77
19 78
19 80
19 20
19 24
19 27
19 30
20 33
20 35
20 5
20 6
20 73
20 11
20 47
20 83
20 20
20 21
20 57
20 52
20 59
20 70
20 29
20 85
20 53
21 32
21 35
21 11
21 80
21 82
21 83
21 86
21 23
21 58
21 59
21 63
22 35
22 36
22 37
22 43
22 79
22 82
22 20
22 23
22 52
22 58
22 27
23 36
23 39
23 72
23 42
23 11
23 81
23 83
23 52
23 86
23 62
24 0
24 1
24 66
24 38
24 33
24 40
24 73
24 42
24 7
24 13
24 46
24 79
24 52
24 23
24 59
24 74
24 65
25 85
25 47
26 65
26 67
26 54
26 6
26 85
26 86
26 23
26 24
27 33
27 70
27 73
27 43
27 76
27 52
27 55
27 84
27 59
28 33
28 71
28 7
28 8
28 9
28 39
28 78
28 79
28 49
28 83
28 52
28 21
28 73
28 23
28 56
28 55
28 58
28 59
29 48
29 66
30 66
30 68
30 6
30 41
30 43
30 76
30 77
30 78
30 16
30 55
30 24
30 57
31 33
31 36
31 69
31 7
31 73
31 55
31 85
31 23
31 26
31 60
31 53
31 31
32 32
32 1
32 34
32 36
32 8
32 9
32 10
32 80
32 72
32 73
32 26
32 58
32 63
33 19
33 83
34 69
34 70
34 7
34 8
34 73
34 81
34 41
34 23
34 63
35 33
35 68
35 6
35 39
35 73
35 74
35 46
35 86
35 60
36 0
36 39
36 9
36 43
36 76
36 47
36 82
36 52
36 85
36 73
36 87
36 27
37 32
37 34
37 35
37 38
37 7
37 43
37 76
37 77
37 78
37 16
37 84
37 21
37 54
37 57
37 71
37 59
37 63
38 32
38 65
38 34
38 5
38 8
38 43
38 76
38 13
38 69
38 21
38 54
38 23
38 59
38 30
38 31
39 66
39 67
39 39
39 72
39 9
39 43
39 77
39 78
39 87
39 80
39 56
39 20
39 86
39 41
39 24
39 26
39 59
39 60
40 32
40 64
40 35
40 6
40 71
40 43
40 78
40 13
40 46
40 47
40 81
40 21
40 85
40 60
40 30
40 31
41 1
41 37
41 70
41 33
41 73
41 39
41 76
41 77
41 80
41 55
41 26
41 31
42 32
42 1
42 87
42 86
42 6
42 41
42 11
42 80
42 18
42 20
42 54
42 23
42 26
42 59
42 29
43 0
43 34
43 67
43 8
43 76
43 79
43 49
43 20
43 25
43 58
43 47
44 34
44 71
44 40
44 11
44 78
44 79
44 16
44 82
44 52
44 46
44 87
44 26
44 30
44 63
45 32
45 34
45 36
45 54
45 39
45 40
45 73
45 76
45 66
45 80
45 49
45 52
45 22
45 68
45 63
46 0
46 33
46 70
46 6
46 65
46 8
46 73
46 71
46 13
46 46
46 78
46 23
46 57
46 87
46 28
46 61
47 66
47 5
47 70
47 39
47 8
47 73
47 74
47 87
47 13
47 78
47 40
47 82
47 20
47 53
47 55
47 49
47 61
48 33
48 34
48 37
48 39
48 43
48 76
48 46
48 83
48 24
48 27
49 32
49 34
49 35
49 6
49 70
49 39
49 75
49 77
49 78
49 16
49 84
49 52
50 79
51 32
51 33
51 70
51 7
51 13
51 47
51 83
51 59
52 33
52 39
52 8
52 80
52 87
52 76
52 77
52 78
52 79
52 48
52 49
52 52
52 40
52 72
52 57
52 59
53 0
53 71
53 8
53 41
53 42
53 11
53 76
53 77
53 79
53 83
53 21
53 86
53 73
53 62
53 60
53 30
54 59
54 22
54 38
54 71
54 42
54 11
54 83
54 62
54 86
54 55
54 27
54 30
55 64
55 66
55 35
55 71
55 8
55 76
55 47
55 21
55 27
56 0
56 32
56 66
56 68
56 38
56 7
56 72
56 78
56 83
56 20
56 55
56 59
57 32
57 5
57 71
57 75
57 13
57 80
57 83
57 52
57 28
57 30
58 29
59 65
59 82
59 31
59 30
59 41
60 34
60 67
60 36
60 7
60 9
60 74
60 11
60 45
60 47
60 82
60 41
60 61
60 57
60 42
61 32
61 66
61 38
61 6
61 7
61 45
61 77
61 61
61 16
61 85
61 55
61 24
61 27
61 29
61 30
62 65
62 67
62 38
62 7
62 41
62 13
62 83
62 87
62 24
62 59
63 1
63 2
63 35
63 6
63 70
63 8
63 38
63 81
63 55
63 27
64 56
64 41
64 37
64 54
64 87
65 34
65 36
65 6
65 7
65 8
65 73
65 75
65 13
65 45
65 16
65 81
65 19
65 52
65 21
65 26
66 0
66 65
66 38
66 42
66 87
66 76
66 45
66 46
66 82
66 19
66 52
66 21
66 23
66 57
66 26
66 59
67 32
67 1
67 63
67 70
67 65
67 7
67 40
67 41
67 39
67 46
67 82
67 83
67 52
67 21
67 86
67 24
67 68
67 27
67 53
68 36
68 6
68 71
68 74
68 16
68 53
68 30
69 36
69 72
69 9
69 42
69 77
69 16
69 40
69 21
69 24
69 57
69 58
70 66
70 36
70 70
70 6
70 43
70 76
70 46
70 82
70 20
70 24
70 52
70 59
70 31
71 33
71 71
71 41
71 44
71 16
71 49
71 83
71 24
71 58
71 63
72 65
72 2
72 54
72 38
72 13
72 79
72 49
72 21
72 86
73 43
73 6
73 9
73 11
73 46
73 49
73 20
73 41
73 27
74 0
74 35
74 36
74 40
74 42
74 75
74 45
74 81
74 85
74 24
74 58
74 59
74 60
75 30
75 47
76 0
76 66
76 35
76 7
76 9
76 71
76 44
76 26
76 58
77 1
77 59
77 37
77 6
77 42
77 79
77 80
77 83
77 57
77 58
77 47
77 60
77 30
77 5
78 32
78 81
79 32
79 34
79 67
79 6
79 71
79 42
79 52
79 53
79 54
79 55
79 56
79 84
79 26
79 30
79 63
80 0
80 33
80 36
80 84
80 7
80 41
80 74
80 43
80 80
80 83
80 20
80 53
80 86
80 52
80 71
80 30
80 31
81 0
81 65
81 34
81 67
81 69
81 9
81 42
81 78
81 79
81 82
81 52
81 23
81 24
81 59
81 60
81 63
82 58
82 67
82 85
83 32
83 13
83 46
83 58
83 27
83 29
83 31
84 75
84 63
85 0
85 34
85 54
85 77
85 45
85 86
85 59
85 30
86 40
86 82
86 59
87 32
87 48
87 65
87 7
87 73
87 76
87 77
87 47
87 16
87 49
87 22
87 55
87 58
87 60
87 30
87 81
