88
0 33
0 3
0 4
0 46
0 81
0 82
0 83
0 86
0 36
0 59
1 25
1 66
1 61
2 44
2 46
3 1
3 50
3 87
3 79
4 6
4 7
4 19
4 21
4 25
4 29
4 34
4 42
4 48
4 51
4 58
4 59
4 61
4 62
4 68
4 69
4 71
4 75
4 76
4 79
4 80
4 81
5 1
5 36
5 6
5 72
5 73
5 79
5 59
6 6
6 44
6 74
6 76
6 80
6 18
6 53
6 57
6 28
7 75
7 80
7 19
7 58
7 59
7 28
8 32
8 1
8 34
8 3
8 36
8 38
8 6
8 81
8 11
8 46
8 16
8 49
8 75
8 22
8 87
8 25
8 27
8 70
8 61
9 0
9 80
9 68
9 6
9 38
9 71
9 42
9 75
9 77
9 46
9 47
9 48
9 82
9 79
9 87
9 58
9 59
9 60
9 30
9 69
10 1
10 6
10 8
10 60
10 74
10 75
10 79
10 16
10 81
10 82
10 21
10 73
10 26
10 59
10 28
10 61
10 30
10 31
11 0
11 43
11 68
11 71
11 60
11 75
11 44
11 50
11 82
11 87
11 28
11 29
12 65
12 34
12 35
12 4
12 37
12 38
12 60
12 42
12 75
12 13
12 46
12 79
12 50
12 83
12 82
12 73
12 36
12 28
12 61
13 66
13 38
13 71
13 76
13 50
13 79
13 81
13 18
13 57
13 26
13 31
14 80
14 48
14 77
14 57
15 36
15 71
15 72
15 44
15 48
15 50
15 57
15 29
16 75
16 77
17 0
17 65
17 36
17 33
17 71
17 42
17 46
17 16
17 25
17 30
18 0
18 65
18 4
18 69
18 6
18 71
18 40
18 80
18 42
18 76
18 16
18 72
18 50
18 19
18 22
18 26
18 63
18 28
18 62
18 31
19 80
19 66
19 6
19 8
19 60
19 75
19 44
19 79
19 48
19 76
19 50
19 19
19 53
19 87
19 26
19 27
19 28
19 63
20 38
20 6
21 65
21 68
21 69
21 71
21 72
21 73
21 10
21 44
21 82
21 80
21 29
21 48
21 50
21 74
21 21
21 86
21 58
21 79
21 28
21 42
21 62
22 38
22 6
22 74
22 75
22 44
22 45
22 80
22 19
22 25
22 26
23 48
23 57
23 34
23 77
23 13
24 0
24 65
24 66
24 36
24 71
24 74
24 76
24 13
24 28
24 42
24 31
25 65
25 6
25 71
25 40
25 42
25 43
25 61
25 46
25 47
25 16
25 49
25 50
25 74
25 21
25 23
25 25
25 58
25 79
25 28
25 29
26 0
26 82
26 37
26 71
26 40
26 75
26 44
26 13
26 77
26 48
26 18
26 20
26 25
26 58
26 79
26 60
27 68
27 69
27 62
28 73
28 29
29 50
29 42
30 65
30 4
30 37
30 42
30 50
30 58
31 51
31 71
31 75
31 82
31 19
31 22
31 30
32 0
32 42
32 26
33 48
33 2
33 82
33 6
34 33
34 36
34 69
34 38
34 39
34 45
34 51
34 87
34 56
34 25
34 60
34 31
35 50
35 13
35 30
36 58
36 37
37 48
37 35
37 22
38 65
38 4
38 22
38 10
38 54
38 25
38 59
39 72
39 68
39 22
40 0
40 68
40 10
40 44
40 25
40 58
40 59
40 28
40 74
40 30
41 1
41 72
41 74
41 44
41 79
41 48
41 87
41 56
41 59
41 28
42 32
42 35
42 6
42 73
42 13
42 46
42 79
42 19
42 25
42 28
43 0
43 74
43 80
43 19
43 20
43 22
43 60
44 2
44 4
44 8
44 21
44 26
44 29
44 34
44 36
44 42
44 44
44 47
44 50
44 58
44 59
44 60
44 66
44 69
44 74
44 75
44 79
44 80
44 83
45 34
45 69
45 4
45 38
45 6
45 41
45 42
45 87
45 73
45 47
45 20
45 22
45 57
45 25
45 58
45 59
45 28
45 74
45 62
45 63
46 65
46 87
46 79
47 0
47 10
47 3
47 13
47 21
48 59
48 19
48 30
48 71
49 44
49 53
49 30
50 0
50 58
50 4
50 6
50 72
50 9
50 44
50 60
50 80
50 50
50 51
50 21
50 57
50 25
50 26
50 59
50 36
50 53
50 62
50 31
51 68
51 6
51 44
51 76
51 46
51 48
51 82
51 51
51 25
51 29
52 64
52 1
52 59
52 71
52 10
52 44
52 29
52 51
52 79
52 42
53 0
53 68
53 6
53 71
53 74
53 45
53 80
53 81
53 22
53 25
53 28
53 29
53 30
54 0
54 36
54 42
54 61
54 48
54 19
54 68
54 59
54 29
55 71
55 9
55 74
55 46
55 57
55 42
55 62
56 65
56 34
56 38
56 73
56 48
56 21
56 22
56 57
56 58
56 53
57 65
57 37
57 70
57 8
57 44
57 74
57 12
57 46
57 80
57 51
57 22
57 24
57 60
58 25
58 82
58 75
58 86
58 63
59 13
59 20
59 21
59 25
59 30
59 34
59 38
59 42
59 44
59 48
59 50
59 53
59 59
59 62
59 64
59 66
59 71
59 72
59 73
59 74
59 76
59 82
60 0
60 80
60 36
60 37
60 71
60 42
60 75
60 77
60 48
60 81
60 22
60 23
60 4
60 58
60 60
60 74
60 69
61 16
61 67
61 4
61 69
61 10
61 75
61 76
61 80
61 81
61 59
61 36
61 27
61 74
61 30
62 1
62 38
62 72
62 10
62 76
62 19
62 53
62 58
62 59
62 60
62 31
63 1
63 66
63 46
63 79
63 48
63 58
63 60
64 0
64 65
64 4
64 33
64 72
64 41
64 46
64 79
64 20
64 54
64 57
65 0
65 36
65 69
65 6
65 40
65 73
65 42
65 75
65 44
65 13
65 46
65 79
65 50
65 62
65 87
65 68
65 74
65 30
66 50
66 59
66 31
67 59
67 13
67 31
68 0
68 1
68 4
68 38
68 33
68 80
68 41
68 87
68 76
68 45
68 48
68 50
68 51
68 84
68 86
68 57
68 36
68 28
68 62
69 0
69 58
69 2
69 66
69 38
69 65
69 72
69 73
69 13
69 61
69 50
69 19
69 22
69 23
69 57
69 26
69 28
69 29
69 62
70 1
70 36
70 72
70 75
70 46
70 50
70 54
70 57
70 26
70 61
71 65
71 66
71 68
71 16
71 39
71 50
71 80
71 82
71 28
72 36
72 6
72 73
72 80
72 21
72 25
72 59
73 0
73 1
73 34
73 66
73 76
73 42
73 75
73 44
73 13
73 61
73 80
73 50
73 74
73 22
73 57
73 25
73 58
73 29
73 30
73 31
74 33
74 68
74 71
74 48
74 87
74 25
74 63
75 0
75 65
75 66
75 36
75 39
75 76
75 80
75 51
75 25
75 26
76 48
76 4
76 69
76 47
76 80
76 53
76 59
76 62
77 1
77 34
77 4
77 74
77 76
77 13
77 80
77 82
77 31
78 25
78 66
78 4
79 86
79 38
79 75
79 48
79 52
79 22
79 58
79 28
80 68
80 51
80 4
80 80
80 73
80 10
80 44
80 50
80 77
80 61
80 48
80 76
80 18
80 19
80 22
80 25
80 79
80 42
80 62
81 0
81 1
81 6
81 65
81 42
81 76
81 13
81 77
81 45
81 48
81 17
81 50
81 19
81 57
81 25
81 26
81 59
81 29
81 62
81 51
82 41
82 82
82 4
83 0
83 1
83 34
83 66
83 38
83 65
83 72
83 42
83 75
83 45
83 46
83 79
83 48
83 50
83 51
83 74
83 25
83 58
83 59
83 61
83 62
84 73
84 66
84 58
85 50
86 0
86 66
86 37
86 6
86 41
86 75
86 77
86 48
86 19
86 30
87 0
87 68
87 69
87 74
87 75
87 44
87 13
87 36
87 27
87 30
87 31
