88
0 84
0 2
0 74
0 66
0 37
0 42
0 43
0 34
0 50
0 19
0 52
0 53
0 22
0 23
0 56
0 25
0 26
0 59
0 86
0 58
1 0
1 50
1 4
1 26
2 0
2 2
2 3
2 4
2 5
2 6
2 10
2 13
2 14
2 16
2 22
2 23
2 25
2 26
2 28
2 30
2 31
2 32
2 34
2 37
2 42
2 44
2 48
2 50
2 52
2 53
2 55
2 56
2 61
2 62
2 63
2 64
2 66
2 70
2 74
2 75
2 79
3 0
3 2
3 43
3 4
3 69
3 40
3 11
3 34
3 45
3 75
3 51
3 84
3 66
3 54
3 24
3 83
3 61
3 30
4 1
4 19
5 86
6 2
6 6
6 19
6 22
6 23
6 24
6 26
6 28
6 30
6 34
6 38
6 39
6 53
6 56
6 58
6 59
6 62
6 63
6 64
6 65
6 78
6 86
7 0
7 32
7 34
7 4
7 86
7 66
7 40
7 73
7 10
7 44
7 13
7 14
7 77
7 19
7 84
7 53
7 22
7 24
7 26
7 59
7 28
9 0
9 32
9 2
9 3
9 69
9 6
9 46
9 79
9 56
9 18
9 19
9 53
9 22
9 24
9 27
9 30
10 0
10 2
10 13
10 14
10 19
10 20
10 22
10 23
10 24
10 26
10 30
10 32
10 34
10 35
10 38
10 40
10 51
10 53
10 54
10 56
10 59
10 61
10 62
10 67
10 72
10 73
10 75
10 78
10 85
11 36
12 19
13 2
13 42
13 30
14 6
16 3
16 4
16 6
16 75
16 14
16 19
16 85
16 23
16 24
16 53
16 62
16 31
19 23
20 0
20 1
20 2
20 5
20 6
20 11
20 13
20 19
20 20
20 22
20 23
20 24
20 26
20 30
20 38
20 44
20 53
20 56
20 59
20 61
20 62
20 65
20 66
20 71
20 72
20 75
20 76
20 84
20 85
20 86
21 62
21 54
22 0
22 1
22 34
22 51
22 84
22 62
22 22
22 56
22 30
22 31
23 30
24 0
24 1
24 2
24 69
24 6
24 32
24 74
24 66
24 14
24 77
24 50
24 52
24 22
24 87
24 56
24 30
25 0
25 70
26 0
26 19
27 62
27 14
28 64
29 19
30 3
30 72
30 26
30 19
31 0
31 3
31 4
31 5
31 6
31 7
31 18
31 22
31 23
31 24
31 26
31 28
31 30
31 37
31 38
31 42
31 44
31 48
31 50
31 51
31 54
31 56
31 59
31 62
31 66
31 67
31 75
31 79
31 81
31 83
31 85
31 86
31 87
32 30
32 14
33 6
34 0
34 1
34 2
34 3
34 4
34 7
34 13
34 16
34 17
34 20
34 22
34 23
34 24
34 26
34 27
34 30
34 34
34 35
34 38
34 42
34 43
34 47
34 48
34 49
34 50
34 53
34 58
34 59
34 61
34 62
34 66
34 69
34 72
34 74
34 78
34 82
34 85
35 0
36 66
36 38
36 72
36 53
36 22
36 30
37 51
37 2
37 5
37 6
37 39
37 73
37 75
37 34
37 50
37 19
37 69
37 21
37 22
37 23
37 24
37 86
37 87
37 59
37 28
37 62
37 65
38 1
38 34
38 4
38 6
38 71
38 73
38 14
38 48
38 19
38 52
38 78
38 23
38 26
38 60
38 58
38 30
38 51
40 66
40 3
40 4
40 5
40 6
40 75
40 86
40 79
40 81
40 82
40 19
40 53
40 22
40 23
40 25
40 26
40 59
40 60
40 58
40 30
40 69
41 0
41 2
41 4
41 6
41 14
41 19
41 22
41 23
41 28
41 30
41 34
41 38
41 44
41 46
41 51
41 54
41 56
41 59
41 60
41 62
41 63
41 65
41 66
41 70
41 72
41 77
41 78
41 81
41 82
41 83
41 85
41 86
41 87
42 6
42 38
42 48
42 86
42 23
42 24
42 58
42 54
43 0
43 2
43 3
43 4
43 6
43 13
43 14
43 34
43 37
43 38
43 40
43 53
43 54
43 56
43 62
43 63
43 72
43 75
43 79
43 84
43 85
43 86
46 0
46 2
46 4
46 19
46 22
46 23
46 24
46 25
46 31
46 38
46 46
46 48
46 53
46 55
46 56
46 58
46 61
46 62
46 66
46 69
46 70
46 74
46 75
46 77
46 79
46 84
47 23
48 0
48 32
48 66
48 4
48 6
48 41
48 80
48 50
48 19
48 62
48 87
48 59
48 30
48 51
49 33
49 2
49 3
49 4
49 75
49 48
49 22
49 59
49 60
50 0
50 2
50 3
50 4
50 37
50 72
50 75
50 78
50 34
50 14
50 50
50 84
50 53
50 22
50 23
50 56
50 26
50 59
50 31
51 53
52 59
52 34
52 19
52 30
53 0
53 3
53 69
53 72
53 44
53 13
53 45
53 48
53 50
53 19
53 53
53 22
53 23
53 56
53 26
53 59
53 61
53 62
53 85
54 2
54 3
54 4
54 5
54 6
54 23
54 24
54 25
54 26
54 28
54 30
54 32
54 37
54 38
54 40
54 44
54 48
54 50
54 51
54 52
54 56
54 58
54 59
54 62
54 64
54 65
54 66
54 67
54 69
54 71
54 74
54 75
54 79
54 84
54 85
55 0
55 1
55 2
55 3
55 4
55 5
55 13
55 14
55 22
55 23
55 24
55 26
55 32
55 34
55 36
55 38
55 50
55 52
55 53
55 54
55 58
55 59
55 61
55 62
55 64
55 65
55 69
55 71
55 72
55 73
55 75
55 76
55 78
55 86
56 19
57 66
57 6
57 72
57 34
57 86
57 23
57 26
57 62
58 0
58 26
58 30
58 22
59 48
60 38
61 33
61 2
61 87
61 38
61 6
61 72
61 73
61 42
61 86
61 13
61 48
61 50
61 19
61 52
61 22
61 23
61 57
61 26
61 60
62 0
62 66
62 4
62 34
62 50
62 56
62 26
62 59
63 30
64 0
64 2
64 22
64 73
64 48
64 84
64 85
64 86
64 23
64 26
64 30
66 2
66 3
66 5
66 13
66 19
66 22
66 23
66 25
66 30
66 34
66 37
66 40
66 45
66 48
66 49
66 50
66 53
66 54
66 56
66 57
66 58
66 61
66 62
66 64
66 66
66 68
66 69
66 73
66 78
66 79
66 82
66 84
66 87
67 81
68 44
68 48
68 84
68 86
68 56
68 59
69 0
69 34
69 59
69 4
69 5
69 6
69 40
69 44
69 13
69 14
69 19
69 66
69 86
69 56
69 25
69 38
69 30
70 0
70 33
70 2
70 70
70 6
70 64
70 10
70 76
70 34
70 79
70 19
70 53
70 22
70 23
70 24
70 59
70 86
70 42
71 64
71 68
71 87
71 16
71 53
71 22
71 23
71 24
71 26
71 62
72 0
72 1
72 2
72 5
72 6
72 74
72 13
72 79
72 48
72 50
72 19
72 84
72 23
72 26
72 27
72 30
73 0
73 2
73 3
73 4
73 5
73 6
73 13
73 22
73 24
73 25
73 26
73 32
73 34
73 38
73 48
73 50
73 51
73 52
73 53
73 56
73 61
73 62
73 63
73 66
73 69
73 73
73 74
73 75
73 82
73 84
73 86
73 87
74 50
75 59
76 0
76 56
76 42
76 6
77 57
77 34
77 2
77 10
79 75
79 6
81 37
81 38
81 74
81 75
81 44
81 13
81 14
81 81
81 19
81 86
81 23
81 56
81 30
82 14
82 30
83 19
83 66
83 75
83 4
83 58
85 26
85 21
85 6
85 23
86 0
86 1
86 2
86 3
86 4
86 14
86 19
86 23
86 30
86 34
86 38
86 48
86 50
86 53
86 54
86 56
86 62
86 66
86 71
86 73
86 79
86 84
87 67
87 4
87 69
87 73
87 74
87 19
87 62
87 86
87 26
87 28
87 30
