88
0 8
1 10
1 38
1 6
4 51
4 5
4 39
4 72
4 41
4 74
4 43
4 44
4 45
4 78
4 16
4 17
4 50
4 19
4 86
4 71
4 28
5 1
5 4
5 5
5 9
5 10
5 13
5 17
5 19
5 23
5 25
5 27
5 32
5 34
5 35
5 41
5 42
5 44
5 45
5 46
5 49
5 63
5 66
5 79
6 66
6 68
6 70
6 72
6 9
6 18
6 51
6 41
6 54
6 87
7 0
7 66
7 70
7 72
7 42
7 75
7 46
7 80
7 40
7 51
7 8
7 30
8 1
8 6
8 7
8 10
8 19
8 22
8 24
8 25
8 39
8 40
8 44
8 45
8 47
8 51
8 63
8 68
8 70
8 71
8 72
8 76
8 83
8 86
9 68
9 72
9 9
9 42
9 13
9 48
9 21
9 54
9 61
10 8
10 34
10 5
10 87
11 79
11 34
11 59
11 68
11 5
11 42
11 43
11 77
11 46
11 15
11 80
11 50
11 51
11 55
11 57
11 47
11 10
12 0
12 12
12 13
12 23
12 26
12 30
12 33
12 34
12 35
12 43
12 47
12 60
12 61
12 63
12 66
12 68
12 71
12 72
12 75
12 77
12 85
12 86
13 0
13 66
13 69
13 71
13 42
13 75
13 13
13 45
13 19
13 54
13 87
13 61
13 30
14 0
14 4
14 5
14 6
14 8
14 42
14 43
14 17
14 18
14 19
14 85
14 22
14 24
14 54
14 86
14 30
14 31
15 0
15 32
15 66
15 5
15 33
15 41
15 87
15 76
15 13
15 46
15 15
15 17
15 19
15 85
15 73
15 47
15 60
17 74
17 60
17 42
17 70
18 50
18 86
18 6
18 74
18 55
18 45
18 18
18 22
18 87
18 24
18 54
18 30
19 32
19 35
19 5
19 6
19 40
19 73
19 74
19 44
19 78
19 80
19 82
19 83
19 22
19 86
19 29
20 51
20 38
20 47
21 1
21 5
21 51
21 40
21 9
21 10
21 87
21 44
21 70
21 15
21 48
21 72
21 50
21 19
21 41
21 25
21 47
21 60
21 30
22 38
22 6
22 54
22 9
22 43
22 63
22 15
22 80
22 72
22 19
22 78
22 22
22 27
22 70
22 61
22 30
22 31
23 45
23 71
23 10
23 83
23 13
23 78
23 15
23 79
23 54
23 55
23 25
23 27
23 60
23 30
23 31
24 32
24 73
24 87
24 44
24 45
24 79
24 80
24 19
24 85
24 54
24 9
24 55
24 62
25 70
25 6
25 8
25 73
25 42
25 44
25 15
25 20
25 87
25 61
26 33
26 67
26 35
26 37
26 73
26 10
26 76
26 14
26 78
26 19
26 21
26 56
26 25
26 63
26 61
26 69
26 31
27 32
27 33
27 37
27 81
27 49
27 10
27 71
27 44
27 46
27 61
27 17
27 74
27 54
27 26
27 42
27 69
29 9
29 73
30 39
31 27
31 86
32 25
32 5
33 68
33 33
33 35
33 4
33 69
33 7
33 47
33 10
33 87
33 46
33 15
33 49
33 50
33 73
33 55
33 25
33 27
34 1
34 83
34 51
35 32
35 73
35 76
35 50
35 83
35 63
36 80
36 76
37 42
38 45
38 22
39 41
39 43
39 13
39 46
39 51
39 60
40 66
40 76
40 34
40 15
40 83
40 22
40 27
40 63
41 10
41 18
41 21
41 26
41 33
41 34
41 35
41 38
41 42
41 43
41 45
41 47
41 48
41 50
41 55
41 56
41 59
41 66
41 69
41 70
41 71
41 73
41 78
42 1
43 72
43 73
43 13
44 71
44 55
44 47
44 49
44 87
44 60
45 5
45 9
45 20
45 24
45 25
45 27
45 31
45 38
45 39
45 40
45 43
45 46
45 47
45 48
45 61
45 67
45 70
45 71
45 72
45 74
45 79
45 83
46 40
46 80
46 19
46 78
46 15
47 48
47 41
47 18
47 29
48 83
48 38
48 43
48 19
48 54
48 87
49 52
49 10
49 4
49 6
50 0
50 6
50 13
50 17
50 19
50 21
50 26
50 27
50 35
50 41
50 48
50 54
50 55
50 64
50 66
50 68
50 71
50 72
50 74
50 85
50 86
50 87
51 32
51 1
51 4
51 5
51 70
51 8
51 10
51 78
51 50
51 83
51 46
51 55
51 19
51 51
52 33
52 34
52 35
52 9
52 45
52 85
52 24
52 61
53 68
53 4
53 21
53 15
54 32
54 1
54 67
54 37
54 70
54 33
54 8
54 10
54 43
54 44
54 61
54 47
54 40
54 83
54 74
54 22
54 49
54 86
54 42
54 62
54 63
55 32
55 33
55 66
55 35
55 70
55 75
55 76
55 45
55 15
55 80
55 49
55 53
55 55
55 24
55 47
55 85
56 0
56 32
56 35
56 8
56 9
56 87
56 73
56 45
56 46
56 15
56 80
56 51
56 54
56 55
56 57
57 35
57 69
57 8
57 10
57 17
57 24
57 25
57 31
58 56
58 66
58 86
58 6
59 0
59 32
59 66
59 6
59 38
59 40
59 73
59 13
59 45
59 80
59 50
59 85
59 86
59 79
59 70
59 69
60 1
60 37
60 9
60 42
60 44
60 47
60 49
60 19
60 53
60 27
60 63
61 32
61 6
61 38
61 43
61 45
61 15
61 49
61 20
61 87
61 47
62 1
62 34
62 71
62 66
62 80
62 63
63 32
63 35
63 4
63 5
63 70
63 41
63 10
63 43
63 76
63 75
63 51
63 20
63 21
63 54
63 55
63 57
63 30
63 63
64 32
64 1
64 83
64 35
64 68
64 37
64 6
64 33
64 40
64 9
64 39
64 44
64 13
64 19
64 73
64 27
64 60
64 69
64 51
65 59
65 68
65 8
65 11
65 47
65 40
65 55
65 24
65 25
65 27
66 19
66 38
66 43
66 44
66 46
66 79
66 80
66 81
66 83
66 86
67 66
67 74
67 13
67 79
67 50
67 85
67 57
67 25
68 40
68 26
68 79
69 64
69 51
69 68
69 69
69 38
69 39
69 13
69 19
69 22
69 24
69 60
69 37
70 51
70 45
70 7
70 40
70 9
70 74
70 13
70 79
70 17
70 83
70 22
70 57
70 63
71 35
71 4
71 5
71 38
71 73
71 10
71 13
71 79
71 49
71 22
71 87
71 68
71 26
71 47
72 5
72 8
72 17
72 18
72 22
72 27
72 33
72 35
72 38
72 40
72 44
72 45
72 46
72 50
72 64
72 68
72 71
72 72
72 79
72 80
72 85
72 87
73 0
73 68
73 70
73 6
73 71
73 40
73 73
73 10
73 44
73 15
73 76
73 72
73 85
73 86
73 57
73 56
73 25
73 79
73 60
73 74
73 63
74 10
74 13
74 47
75 4
75 8
75 9
75 11
75 15
75 27
75 31
75 32
75 34
75 38
75 39
75 42
75 46
75 47
75 56
75 58
75 66
75 68
75 70
75 71
75 73
75 76
75 83
75 87
76 51
76 22
77 32
77 1
77 34
77 70
77 39
77 40
77 64
77 71
77 44
77 47
77 49
77 51
77 54
77 55
77 83
77 31
78 34
78 68
78 54
78 70
78 41
78 10
78 43
78 76
78 82
78 78
78 48
78 50
78 22
78 26
78 63
78 69
78 31
79 1
79 4
79 8
79 78
79 14
79 15
79 48
79 17
79 51
79 52
79 46
79 72
79 79
79 60
79 30
79 63
80 49
80 42
80 43
80 55
84 73
84 5
84 6
84 39
85 34
85 35
85 5
85 38
85 71
85 72
85 10
85 47
85 48
85 40
85 86
85 59
85 61
86 32
86 0
86 5
86 46
86 29
86 30
87 68
87 69
87 70
87 39
87 9
87 74
87 43
87 79
87 17
87 83
87 85
87 22
87 73
87 87
87 86
87 29
