88
0 51
0 84
0 54
0 78
0 87
1 32
1 76
1 77
1 83
1 87
1 60
2 68
2 38
2 40
2 44
2 76
2 77
2 78
2 79
2 54
2 23
2 24
3 66
3 3
3 4
3 49
3 74
3 11
3 13
3 81
3 20
3 55
3 52
3 27
3 60
3 62
4 32
4 49
4 42
4 51
4 76
5 10
5 86
5 44
5 45
5 78
7 51
7 2
7 35
7 40
7 44
7 74
7 75
7 76
7 45
7 43
7 19
7 53
7 55
7 10
8 33
8 66
8 37
8 39
8 10
8 11
8 46
8 79
8 80
8 52
8 54
8 26
8 42
8 62
8 31
9 67
9 35
9 42
9 87
9 76
9 13
9 79
9 81
9 3
9 20
9 62
9 86
9 55
9 56
9 30
10 67
10 69
10 78
10 49
10 22
10 23
10 30
10 37
11 46
11 47
11 51
11 30
11 58
11 62
13 32
13 34
13 69
13 10
13 61
13 45
13 47
13 49
13 83
13 74
13 21
13 86
13 55
13 56
13 53
13 30
13 31
15 37
15 41
15 86
15 87
15 56
15 69
16 64
16 34
16 4
16 38
16 6
16 7
16 9
16 87
16 45
16 79
16 81
16 21
16 41
16 24
16 26
19 64
19 41
19 76
19 62
19 38
20 32
20 66
20 35
20 70
20 6
20 72
20 42
20 43
20 44
20 77
20 46
20 47
20 75
20 21
20 55
20 62
20 26
20 53
20 30
20 31
21 3
21 68
21 37
21 6
21 39
21 9
21 74
21 44
21 46
21 19
21 52
21 21
21 41
21 56
21 30
21 53
22 34
22 75
22 68
22 11
22 44
22 81
22 21
23 38
23 9
23 74
23 20
23 24
23 31
24 64
24 66
24 3
24 76
24 45
24 58
24 28
25 56
26 33
26 3
26 68
26 38
26 72
26 77
26 46
26 17
26 83
26 52
27 3
27 6
27 73
27 10
27 11
27 81
27 26
28 4
28 70
28 72
28 9
28 74
28 43
28 20
28 86
28 55
28 56
29 24
29 74
29 35
29 10
29 6
30 2
30 67
30 68
30 37
30 39
30 72
30 75
30 66
30 46
30 79
30 49
30 52
30 54
30 24
30 57
30 30
30 69
31 58
32 83
32 35
32 4
32 70
32 38
32 39
32 74
32 76
32 77
32 46
32 19
32 54
32 56
32 63
32 31
33 2
33 3
33 37
33 6
33 9
33 42
33 43
33 44
33 34
33 45
33 20
33 54
33 41
33 56
33 74
34 2
34 4
34 39
34 74
34 43
34 47
34 51
34 21
34 57
34 62
34 53
35 37
35 10
35 75
35 47
35 21
35 87
36 33
36 3
36 36
36 39
36 41
36 75
36 13
36 46
36 87
36 26
36 60
36 58
36 30
36 31
37 17
37 60
38 64
38 33
38 83
38 3
38 4
38 51
38 39
38 72
38 75
38 76
38 13
38 45
38 35
38 21
38 26
38 65
38 31
39 67
39 69
39 74
39 75
39 77
39 14
39 57
39 63
39 61
39 37
40 41
40 43
40 60
40 46
40 49
41 64
41 65
41 4
41 51
41 33
41 73
41 10
41 44
41 13
41 56
41 19
41 54
41 24
41 63
42 33
42 3
42 4
42 81
42 65
42 45
42 46
42 61
42 49
42 50
42 78
42 86
42 24
42 26
42 60
42 58
43 33
43 2
43 35
43 36
43 37
43 6
43 40
43 41
43 11
43 76
43 34
43 47
43 19
43 20
43 66
43 56
43 26
44 51
44 2
44 67
44 37
44 71
44 8
44 41
44 83
44 34
44 46
44 79
44 40
44 19
44 56
44 24
44 31
45 36
45 37
45 39
45 77
45 54
45 87
45 24
45 26
46 65
46 66
46 35
46 68
46 5
46 6
46 75
46 79
46 81
46 82
46 51
46 52
46 55
46 26
46 58
47 33
47 2
47 86
47 40
47 9
47 10
47 75
47 78
47 60
47 81
47 19
47 54
47 87
47 56
47 26
47 79
47 28
48 6
48 42
48 77
48 79
48 21
48 55
49 40
49 13
49 81
49 52
49 55
49 61
49 30
50 42
50 78
51 33
51 2
51 67
51 6
51 9
51 74
51 75
51 44
51 34
51 20
51 21
51 86
51 52
51 58
51 31
52 4
52 75
52 45
52 77
52 20
52 54
52 36
53 33
53 83
53 68
53 37
53 6
53 40
53 44
53 13
53 46
53 79
53 78
53 51
53 21
53 86
53 25
53 58
53 61
53 30
54 51
54 39
54 72
54 75
54 77
54 78
54 47
54 19
54 21
54 56
54 62
55 64
55 2
55 67
55 6
55 74
55 34
55 24
56 64
56 67
56 38
56 40
56 42
56 62
56 12
56 13
56 45
56 49
56 51
56 57
56 55
56 25
56 58
56 30
56 63
57 2
57 67
57 36
57 37
57 55
57 77
57 79
57 34
57 49
57 20
57 87
57 62
58 33
58 34
58 75
58 36
58 38
58 81
58 41
58 11
58 56
58 19
58 20
58 62
58 54
58 87
58 24
58 83
58 58
58 30
59 2
59 68
59 69
59 70
59 41
59 11
59 45
59 14
59 77
59 48
59 50
59 19
59 86
59 55
59 57
59 87
59 79
59 61
60 4
60 6
60 40
60 9
60 75
60 13
60 79
60 86
60 36
60 30
60 31
61 64
61 67
61 6
61 38
61 71
61 42
61 11
61 45
61 77
61 47
61 84
61 21
61 70
61 74
61 69
62 64
62 65
62 35
62 69
62 70
62 11
62 76
62 43
62 67
62 20
62 87
62 24
62 58
62 61
62 31
63 55
63 26
63 83
63 61
63 79
65 66
65 43
65 36
65 39
65 11
65 13
65 78
65 47
65 49
65 52
65 46
65 55
65 56
65 31
66 51
66 2
66 4
66 69
66 72
66 9
66 42
66 75
66 44
66 78
66 19
66 86
66 83
66 59
66 61
67 51
67 2
67 3
67 9
67 10
67 75
67 78
67 82
67 35
67 54
67 55
67 30
67 31
68 66
68 38
68 74
68 76
68 53
68 23
68 57
69 32
69 66
69 35
69 68
69 39
69 9
69 42
69 75
69 77
69 46
69 56
69 78
69 86
69 55
69 24
69 62
69 63
70 64
70 65
70 66
70 34
70 54
70 24
70 30
71 38
71 47
71 49
71 20
71 53
71 31
72 64
72 2
72 35
72 68
72 6
72 39
72 42
72 43
72 76
72 13
72 79
72 49
72 83
72 61
72 31
73 35
73 68
73 38
73 43
73 25
73 27
74 66
74 68
74 70
74 2
74 78
74 49
74 82
74 19
74 56
74 55
74 24
74 36
74 58
74 61
75 33
75 67
75 69
75 6
75 17
75 72
75 41
75 79
75 81
75 35
75 86
75 58
75 47
75 30
76 32
76 36
76 70
76 9
76 45
76 79
76 87
76 24
76 47
76 60
76 30
76 31
77 65
77 43
77 36
77 40
77 10
77 11
77 44
77 13
77 14
77 47
77 67
77 46
77 54
77 87
77 58
77 42
78 64
78 69
78 70
78 72
78 41
78 46
78 47
78 51
78 20
78 86
78 6
78 54
78 61
78 62
79 32
79 3
79 4
79 69
79 38
79 44
79 79
79 51
79 21
79 24
79 26
79 61
80 64
80 56
80 66
80 35
80 77
81 2
81 37
81 38
81 40
81 10
81 43
81 13
81 78
81 81
81 21
81 86
81 56
82 33
82 34
82 40
82 10
82 18
82 83
82 87
82 24
83 68
83 49
83 11
83 81
83 83
83 4
84 72
84 40
84 83
84 21
84 54
85 10
86 3
86 38
86 70
86 72
86 11
86 78
86 40
86 57
86 60
86 30
86 63
87 64
87 2
87 67
87 36
87 9
87 43
87 79
87 81
87 53
87 86
87 55
87 24
87 61
87 62
