88
0 0
0 34
0 59
0 37
0 71
0 8
0 9
0 43
0 44
0 62
0 23
0 27
0 28
0 30
1 34
1 3
1 68
1 37
1 38
1 71
1 43
1 12
1 62
1 21
1 86
1 57
1 24
1 25
1 30
2 0
2 68
2 69
2 72
2 9
2 12
2 63
2 86
2 56
2 27
2 28
2 62
2 37
3 34
3 3
3 69
3 8
3 9
3 42
3 43
3 86
3 23
3 27
3 29
3 62
3 37
4 0
4 38
4 45
4 84
4 23
4 52
4 27
4 28
4 29
4 62
4 63
5 34
5 68
5 37
5 72
5 9
5 42
5 12
5 45
5 78
5 48
5 21
5 24
5 27
5 28
5 29
5 30
6 34
6 67
6 69
6 12
6 84
6 86
6 28
6 29
6 37
7 38
7 12
7 78
7 84
7 58
7 30
7 63
11 0
11 68
11 42
11 12
11 84
11 86
11 56
11 28
11 30
13 12
13 3
13 68
13 62
13 71
15 0
15 34
15 3
15 68
15 71
15 9
15 43
15 45
15 78
15 79
15 48
15 62
15 86
15 56
15 57
15 30
15 63
16 0
16 34
16 68
16 8
16 9
16 42
16 43
16 12
16 72
16 84
16 23
16 57
16 58
16 27
16 62
17 0
17 3
17 37
17 38
17 9
17 12
17 45
17 52
17 86
17 59
17 28
17 62
18 34
18 69
18 8
18 9
18 12
18 78
18 84
18 86
18 57
18 52
18 63
18 28
18 62
18 37
19 0
19 38
19 71
19 8
19 44
19 12
19 48
19 62
19 86
19 58
19 27
19 28
19 30
19 63
20 0
20 34
20 3
20 37
20 38
20 71
20 8
20 45
20 52
20 21
20 86
20 84
20 58
20 28
20 30
21 34
21 38
21 8
21 9
21 42
21 62
21 30
23 0
23 37
23 8
23 9
23 84
23 30
23 63
24 0
24 34
24 37
24 71
24 72
24 9
24 12
24 78
24 86
24 29
24 62
24 63
25 37
25 79
25 30
25 58
25 27
25 62
25 63
27 8
27 9
27 12
27 78
27 84
27 28
27 62
30 68
30 38
30 71
30 72
30 9
30 10
30 12
30 56
30 84
30 24
30 52
30 27
30 42
30 63
31 0
31 3
31 42
31 12
31 48
31 52
31 21
31 86
31 24
31 57
31 58
31 29
31 30
32 0
32 34
32 3
32 37
32 38
32 8
32 10
32 62
32 12
32 78
32 48
32 59
32 67
32 84
32 21
32 23
32 27
32 28
32 30
33 0
33 34
33 9
33 42
33 43
33 52
33 62
33 73
33 56
33 84
33 26
33 59
33 28
33 29
33 30
33 63
34 3
34 68
34 38
34 71
34 8
34 9
34 42
34 59
34 84
34 24
34 27
34 28
34 29
34 30
34 63
35 0
35 68
35 37
35 71
35 9
35 42
35 79
35 48
35 84
35 21
35 86
35 24
35 27
35 28
35 29
35 69
36 34
36 3
36 37
36 38
36 9
36 43
36 12
36 78
36 48
36 84
36 86
36 27
36 28
36 29
36 63
38 0
38 34
38 59
38 68
38 37
38 72
38 45
38 78
38 84
38 56
38 52
38 27
38 62
39 0
39 34
39 3
39 68
39 69
39 71
39 8
39 9
39 42
39 12
39 45
39 78
39 60
39 48
39 72
39 52
39 21
39 26
39 28
39 62
39 63
40 32
40 34
40 59
40 68
40 37
40 72
40 9
40 42
40 12
40 45
40 78
40 51
40 62
40 86
40 23
40 24
40 27
40 30
40 63
41 59
41 68
41 38
41 10
41 12
41 48
41 52
41 62
41 86
41 58
41 27
41 42
41 30
44 69
44 72
44 42
44 43
44 30
44 62
45 3
45 37
45 43
45 78
45 59
45 28
45 62
46 48
46 43
46 78
46 16
46 58
46 52
46 21
46 86
46 57
46 26
46 28
46 29
46 62
46 63
47 3
47 68
47 69
47 8
47 9
47 42
47 12
47 45
47 48
47 21
47 24
47 57
47 58
47 59
47 28
47 29
47 30
49 0
49 3
49 68
49 37
49 71
49 42
49 75
49 78
49 21
49 57
49 59
49 28
49 62
49 63
52 9
52 27
52 12
52 69
52 37
53 34
53 68
53 37
53 38
53 71
53 9
53 12
53 78
53 79
53 52
53 24
53 57
53 27
53 28
53 30
54 0
54 84
54 34
54 68
54 37
54 38
54 60
54 48
54 52
54 86
54 56
54 57
54 58
54 28
54 69
54 63
55 3
55 68
55 69
55 38
55 71
55 43
55 12
55 45
55 79
55 48
55 84
55 21
55 86
55 24
55 57
55 28
55 29
56 34
56 3
56 68
56 38
56 71
56 73
56 42
56 12
56 78
56 48
56 56
56 23
56 24
56 28
56 30
56 63
57 0
57 34
57 68
57 69
57 42
57 43
57 45
57 48
57 52
57 62
57 57
57 58
57 30
57 63
58 0
58 68
58 37
58 42
58 52
58 21
58 56
58 58
58 61
58 63
59 0
59 34
59 3
59 68
59 37
59 38
59 43
59 45
59 78
59 84
59 23
59 58
59 59
59 28
59 62
59 63
60 33
60 34
60 37
60 9
60 42
60 75
60 12
60 51
60 52
60 86
60 56
60 84
60 28
60 29
60 30
61 3
61 42
61 12
61 45
61 78
61 21
61 62
64 38
64 42
64 51
64 84
64 56
64 28
64 63
65 0
65 37
65 38
65 72
65 9
65 42
65 78
65 48
65 52
65 62
65 73
65 58
65 27
65 29
65 30
65 63
66 0
66 59
66 37
66 9
66 43
66 12
66 48
66 84
66 62
66 86
66 24
66 26
66 27
66 30
66 63
67 0
67 34
67 3
67 69
67 72
67 74
67 12
67 45
67 52
69 34
69 3
69 68
69 37
69 72
69 9
69 42
69 84
69 62
69 57
69 58
69 27
69 28
69 61
69 30
70 0
70 68
70 37
70 8
70 12
70 48
70 72
70 84
70 21
70 86
70 26
70 28
70 58
70 30
70 69
71 32
71 34
71 59
71 68
71 37
71 9
71 12
71 48
71 52
71 62
71 84
71 26
71 27
71 28
71 58
71 30
71 69
72 0
72 3
72 68
72 37
72 38
72 9
72 10
72 62
72 12
72 21
72 23
72 57
72 27
72 29
72 30
73 34
73 3
73 68
73 37
73 38
73 9
73 42
73 12
73 45
73 44
73 48
73 84
73 21
73 28
73 63
74 0
74 64
74 59
74 38
74 8
74 43
74 12
74 48
74 72
74 52
74 21
74 62
74 84
74 27
74 28
74 61
74 30
74 63
75 0
75 33
75 34
75 68
75 37
75 38
75 62
75 12
75 48
75 84
75 21
75 86
75 23
75 56
75 27
75 28
75 30
75 63
76 84
76 34
76 3
76 68
76 69
76 38
76 72
76 9
76 48
76 52
76 56
76 57
76 58
76 59
76 28
76 29
76 63
77 0
77 34
77 3
77 68
77 71
77 73
77 43
77 45
77 48
77 84
77 21
77 23
77 24
77 59
77 28
77 29
77 62
78 0
78 68
78 69
78 72
78 9
78 43
78 12
78 56
78 84
78 23
78 24
78 27
78 28
78 62
78 63
79 42
79 12
79 84
79 23
79 52
79 27
79 63
81 65
81 34
81 3
81 37
81 38
81 71
81 9
81 12
81 78
81 79
81 48
81 84
81 86
81 73
81 57
81 27
81 69
81 63
82 34
82 37
82 42
82 66
82 62
82 86
82 27
82 30
83 0
83 32
83 3
83 68
83 37
83 38
83 8
83 43
83 78
83 72
83 52
83 62
83 86
83 84
83 30
85 3
85 62
86 42
86 3
86 52
86 78
86 63
87 34
87 68
87 69
87 63
87 9
87 10
87 12
87 78
87 21
87 86
87 23
87 27
87 30
87 37
