88
0 31
0 47
0 44
0 85
0 39
1 1
1 3
1 7
1 8
1 10
1 13
1 19
1 21
1 23
1 28
1 29
1 30
1 31
1 33
1 35
1 38
1 39
1 41
1 44
1 47
1 48
1 49
1 55
1 58
1 59
1 67
1 77
1 79
1 80
1 81
1 85
1 86
3 1
3 67
3 3
3 4
3 33
3 38
3 7
3 8
3 10
3 55
3 48
3 19
3 21
3 23
3 58
3 59
3 29
3 31
4 0
4 1
4 3
4 4
4 6
4 7
4 8
4 10
4 13
4 17
4 19
4 21
4 23
4 28
4 30
4 33
4 38
4 39
4 43
4 44
4 47
4 48
4 53
4 55
4 58
4 59
4 79
4 80
4 81
4 84
4 85
4 86
8 1
8 6
8 7
8 8
8 12
8 13
8 19
8 23
8 29
8 30
8 31
8 38
8 41
8 42
8 47
8 48
8 53
8 57
8 58
8 59
8 80
8 85
9 1
9 42
9 48
9 81
9 59
9 28
9 30
9 31
11 1
11 3
11 38
11 39
11 41
11 75
11 13
11 48
11 49
11 53
11 55
11 58
11 59
11 28
11 81
12 1
12 4
12 38
12 6
12 80
12 63
12 10
12 55
12 12
12 47
12 48
12 17
12 79
12 53
12 86
12 23
12 59
12 28
12 42
12 85
12 31
13 0
13 1
13 3
13 7
13 8
13 10
13 13
13 28
13 31
13 33
13 38
13 41
13 43
13 47
13 48
13 49
13 50
13 53
13 58
13 59
13 62
13 63
13 86
18 1
18 3
18 33
18 6
18 7
18 75
18 77
18 47
18 48
18 59
18 55
18 38
18 28
18 63
22 55
25 0
25 1
25 3
25 6
25 7
25 10
25 13
25 19
25 23
25 28
25 31
25 35
25 38
25 39
25 42
25 44
25 47
25 48
25 50
25 59
25 79
25 80
26 1
26 3
26 33
26 7
26 39
26 13
26 48
26 84
26 23
26 31
27 41
27 10
27 55
27 44
27 50
27 19
27 84
27 21
27 23
27 31
28 0
28 1
28 4
28 6
28 7
28 8
28 10
28 12
28 19
28 21
28 23
28 28
28 31
28 35
28 38
28 39
28 41
28 42
28 44
28 48
28 53
28 55
28 59
28 67
28 75
28 79
28 80
28 85
28 86
29 3
29 4
29 38
29 77
29 48
29 19
29 84
29 85
29 59
29 28
29 30
29 63
30 1
30 3
30 4
30 39
30 10
30 12
30 47
30 80
30 84
30 85
30 86
30 23
30 58
30 31
31 0
31 1
31 3
31 4
31 6
31 7
31 8
31 13
31 17
31 18
31 19
31 23
31 29
31 31
31 33
31 36
31 38
31 39
31 41
31 42
31 43
31 48
31 49
31 53
31 55
31 58
31 59
31 65
31 69
31 75
31 79
31 80
31 81
31 82
31 85
31 86
35 0
35 1
35 3
35 4
35 6
35 7
35 12
35 13
35 19
35 21
35 23
35 28
35 29
35 31
35 33
35 41
35 42
35 43
35 44
35 47
35 48
35 50
35 55
35 57
35 58
35 59
35 67
35 69
35 75
35 77
35 79
35 80
35 81
35 84
35 85
35 86
36 3
36 38
36 7
36 8
36 41
36 43
36 12
36 79
36 49
36 50
36 21
36 23
36 58
36 59
36 28
37 0
37 3
37 4
37 17
37 19
37 21
37 31
37 33
37 38
37 39
37 41
37 44
37 47
37 48
37 55
37 58
37 59
37 65
37 82
37 84
37 85
37 86
42 0
42 1
42 4
42 6
42 10
42 19
42 21
42 23
42 28
42 29
42 30
42 33
42 35
42 38
42 39
42 41
42 42
42 44
42 47
42 48
42 49
42 50
42 53
42 57
42 58
42 59
42 63
42 80
42 85
42 86
43 35
43 4
43 6
43 41
43 42
43 55
43 44
43 13
43 47
43 48
43 17
43 79
43 84
43 23
43 59
43 28
43 29
45 0
45 1
45 4
45 7
45 8
45 10
45 12
45 13
45 17
45 19
45 23
45 28
45 29
45 30
45 31
45 33
45 35
45 38
45 39
45 41
45 43
45 44
45 47
45 48
45 49
45 53
45 55
45 58
45 59
45 62
45 75
45 79
45 81
45 82
45 86
49 1
49 3
49 4
49 49
49 39
49 41
49 55
49 13
49 47
49 17
49 85
49 86
49 23
49 58
49 28
49 30
49 31
53 0
53 1
53 3
53 4
53 7
53 8
53 10
53 12
53 13
53 17
53 19
53 21
53 23
53 28
53 29
53 31
53 35
53 38
53 39
53 41
53 42
53 47
53 48
53 53
53 58
53 59
53 86
54 1
54 3
54 4
54 6
54 8
54 10
54 12
54 13
54 19
54 21
54 23
54 28
54 29
54 30
54 31
54 33
54 35
54 36
54 38
54 39
54 41
54 42
54 43
54 44
54 47
54 49
54 50
54 53
54 55
54 59
54 63
54 69
54 80
54 81
54 82
54 84
54 86
61 0
61 3
61 4
61 6
61 7
61 13
61 17
61 19
61 23
61 28
61 30
61 36
61 38
61 43
61 48
61 55
61 58
61 59
61 77
61 79
61 81
61 82
61 85
61 86
62 0
62 1
62 3
62 4
62 6
62 10
62 13
62 19
62 21
62 23
62 28
62 30
62 31
62 35
62 38
62 39
62 41
62 42
62 44
62 47
62 48
62 49
62 50
62 55
62 57
62 58
62 59
62 63
62 67
62 79
62 80
62 82
62 84
62 85
62 86
63 1
63 3
63 6
63 7
63 17
63 19
63 21
63 23
63 28
63 29
63 30
63 31
63 33
63 35
63 38
63 39
63 44
63 47
63 48
63 49
63 53
63 55
63 58
63 59
63 63
63 67
63 69
63 77
63 82
63 84
63 85
63 86
66 0
66 1
66 3
66 4
66 7
66 8
66 10
66 12
66 13
66 19
66 21
66 23
66 29
66 30
66 31
66 33
66 35
66 38
66 39
66 42
66 43
66 44
66 47
66 53
66 55
66 57
66 59
66 63
66 65
66 69
66 77
66 80
66 81
66 82
66 84
66 86
70 0
70 1
70 3
70 4
70 6
70 7
70 8
70 10
70 12
70 17
70 19
70 21
70 23
70 28
70 29
70 31
70 33
70 35
70 38
70 39
70 41
70 43
70 44
70 47
70 48
70 49
70 53
70 55
70 58
70 59
70 75
70 77
70 79
70 80
70 81
70 85
70 86
71 1
71 3
71 38
71 6
71 7
71 80
71 55
71 77
71 48
71 19
71 53
71 23
71 58
71 59
71 30
71 31
73 0
73 1
73 4
73 6
73 10
73 13
73 17
73 23
73 28
73 29
73 31
73 33
73 35
73 39
73 41
73 42
73 43
73 47
73 48
73 49
73 53
73 55
73 57
73 58
73 59
73 63
73 69
73 75
73 77
73 79
73 80
73 81
73 84
73 85
73 86
76 0
76 1
76 3
76 4
76 7
76 8
76 10
76 12
76 13
76 17
76 19
76 21
76 23
76 28
76 30
76 31
76 33
76 35
76 38
76 39
76 41
76 42
76 43
76 44
76 48
76 49
76 55
76 58
76 63
76 67
76 75
76 79
76 84
76 85
76 86
80 3
80 7
80 8
80 55
80 47
80 19
80 84
80 23
80 31
82 1
82 3
82 33
82 41
82 10
82 39
82 13
82 82
82 86
82 58
85 0
85 33
85 81
85 3
85 38
85 6
85 39
85 41
85 42
85 13
85 77
85 48
85 17
85 53
85 86
85 55
85 49
85 28
85 58
85 30
85 31
87 0
87 3
87 4
87 7
87 8
87 10
87 13
87 17
87 23
87 29
87 33
87 35
87 39
87 41
87 42
87 44
87 47
87 48
87 49
87 50
87 53
87 55
87 57
87 59
87 77
87 79
87 81
87 82
87 85
87 86
