88
0 2
0 3
0 36
0 38
0 39
0 10
0 43
0 51
0 84
0 86
0 26
1 35
1 5
1 70
1 39
1 41
1 74
1 11
1 13
1 77
1 19
1 22
1 73
1 56
1 54
1 29
1 62
2 64
2 34
2 3
2 4
2 71
2 72
2 39
2 46
2 19
2 86
2 87
2 28
2 61
3 0
3 5
3 6
3 12
3 22
3 24
3 29
3 32
3 34
3 36
3 42
3 54
3 55
3 56
3 59
3 61
3 64
3 66
3 68
3 74
3 77
3 80
3 82
3 86
4 69
4 70
4 7
4 46
4 47
4 16
4 50
4 20
4 22
4 23
4 52
4 26
4 37
5 34
5 35
5 37
5 38
5 9
5 10
5 43
5 70
5 80
5 56
5 26
5 59
5 28
5 74
5 62
5 69
6 19
6 24
6 34
6 3
7 80
7 49
8 50
8 31
8 4
8 71
9 32
9 1
9 52
9 31
10 50
10 39
11 3
11 84
13 33
13 34
13 3
13 71
13 42
13 75
13 44
13 47
13 48
13 49
13 84
13 86
13 39
13 30
14 82
15 5
15 40
15 41
15 42
15 13
15 22
15 58
15 59
15 62
16 64
16 1
16 36
16 38
16 70
16 39
16 8
16 9
16 75
16 80
16 81
16 56
16 60
16 0
17 64
17 32
17 69
17 9
17 75
17 13
17 46
17 16
17 49
17 52
17 55
17 61
18 0
18 2
18 3
18 6
18 8
18 13
18 22
18 28
18 30
18 34
18 35
18 41
18 42
18 48
18 49
18 54
18 62
18 67
18 74
18 75
18 80
18 82
19 40
19 73
19 42
19 43
19 49
19 82
19 83
19 22
19 41
19 56
19 55
19 60
19 63
20 40
20 41
20 75
20 78
20 16
20 50
21 66
21 72
21 42
21 11
21 79
21 48
21 81
21 82
21 55
21 47
22 84
22 74
22 52
22 23
23 65
23 50
23 37
23 49
23 43
23 77
23 79
23 17
23 82
23 51
23 54
23 55
23 60
23 31
24 12
24 75
24 36
24 63
24 31
25 48
25 28
25 36
25 5
25 46
26 80
26 75
26 48
26 52
26 25
26 60
27 68
27 35
27 66
27 3
27 36
27 38
27 39
27 44
27 47
27 80
27 49
27 50
27 19
27 84
27 59
27 25
27 27
27 30
28 73
28 44
28 16
28 49
28 53
28 54
31 59
31 11
31 62
32 51
32 3
32 68
32 8
32 13
32 46
32 48
32 40
32 19
32 84
32 55
32 56
32 59
32 61
33 64
33 66
33 39
33 73
33 77
33 13
33 80
33 51
33 22
33 9
33 56
33 31
34 48
34 63
34 28
34 38
34 47
35 0
35 5
35 7
35 40
35 16
35 82
35 55
35 61
36 34
36 67
36 4
36 54
36 12
36 45
36 22
36 59
36 31
37 0
37 33
37 35
37 69
37 39
37 72
37 11
37 78
37 52
37 25
37 29
37 62
37 31
38 84
38 65
38 35
38 4
38 39
38 42
38 71
38 12
38 46
38 20
38 53
38 23
38 56
38 25
38 61
38 30
38 36
39 56
39 65
39 34
39 58
39 73
40 64
40 59
40 5
40 70
40 71
40 40
40 73
40 12
40 46
40 52
40 86
40 56
40 38
40 30
41 1
41 67
41 4
41 69
41 6
41 33
41 9
41 74
41 75
41 76
41 13
41 87
41 23
41 26
41 27
41 60
41 30
41 63
42 32
42 33
42 5
42 38
42 48
42 72
42 41
42 11
42 47
42 80
42 40
42 50
42 86
42 28
43 30
43 5
43 38
43 71
44 64
44 5
44 38
44 7
44 8
44 73
44 48
44 49
44 86
44 56
44 26
44 62
45 1
45 66
45 35
45 39
45 9
45 77
45 78
45 53
45 55
45 57
45 28
45 30
46 34
46 50
46 5
46 6
46 7
46 9
46 76
46 77
46 49
46 82
46 41
46 60
46 29
47 48
47 59
47 45
47 46
47 80
47 18
47 52
47 27
48 1
48 34
48 30
48 7
49 24
49 33
50 0
50 33
50 4
50 69
50 38
50 39
50 40
50 73
50 10
50 62
50 16
50 48
50 57
50 28
50 30
51 64
51 33
51 36
51 6
51 70
51 72
51 78
51 52
51 46
51 24
51 25
51 28
52 12
52 82
52 46
52 50
52 19
52 84
52 22
52 60
52 61
53 4
53 8
53 10
53 11
53 20
53 23
53 26
53 28
53 29
53 32
53 36
53 37
53 38
53 39
53 45
53 48
53 49
53 54
53 58
53 66
53 67
53 69
53 72
53 74
54 0
54 80
54 35
54 37
54 70
54 7
54 42
54 71
54 48
54 17
54 75
54 20
54 86
54 52
54 26
54 63
54 81
54 62
54 31
55 1
55 3
55 45
55 49
56 66
56 52
56 29
56 62
56 7
57 64
57 81
57 12
57 69
57 38
58 40
58 48
58 66
58 60
59 65
59 33
59 40
59 42
59 75
59 13
59 46
59 50
59 62
59 86
59 87
59 59
59 30
60 58
60 35
60 38
60 71
61 68
61 84
61 2
61 71
61 4
61 7
61 73
61 42
61 11
61 76
61 13
61 77
61 45
61 80
61 20
61 24
61 52
61 26
61 59
61 61
61 63
62 64
62 3
62 4
62 70
62 7
62 40
62 42
62 75
62 50
62 51
62 86
62 56
62 26
63 56
63 33
63 44
63 87
64 57
64 2
64 75
64 53
64 25
65 32
65 5
65 9
65 13
65 87
65 28
66 84
66 9
66 36
66 29
67 1
67 66
67 4
67 69
67 7
67 12
67 78
67 84
67 46
67 54
67 52
67 33
67 60
67 29
68 33
68 35
68 69
68 38
68 60
68 11
68 76
68 82
68 67
68 22
68 55
68 56
68 28
68 29
68 63
69 0
69 50
69 8
69 42
69 76
69 13
69 77
69 16
69 40
69 82
69 22
69 26
69 31
70 66
70 67
70 4
70 38
70 70
70 71
70 10
70 77
70 46
70 81
70 51
70 28
70 61
70 30
71 65
71 34
71 3
71 8
71 9
71 77
71 46
71 50
71 82
71 51
71 20
71 59
71 63
72 16
72 20
72 36
72 77
72 29
73 0
73 3
73 7
73 27
73 31
73 34
73 36
73 42
73 44
73 46
73 53
73 54
73 61
73 64
73 69
73 70
73 71
73 73
73 77
73 81
73 82
73 86
74 4
74 7
74 8
74 12
74 22
74 24
74 30
74 34
74 43
74 45
74 47
74 51
74 53
74 54
74 59
74 62
74 63
74 65
74 73
74 77
74 78
74 87
75 65
75 75
75 4
75 37
75 38
75 39
75 44
75 11
75 12
75 13
75 45
75 80
75 17
75 50
75 22
75 23
75 55
75 60
76 33
76 3
76 35
76 71
76 40
76 11
76 17
76 82
76 19
76 22
76 57
77 32
77 1
77 7
77 8
77 64
77 10
77 73
77 47
77 51
77 84
77 22
77 57
77 25
77 61
77 31
78 0
78 32
78 34
78 35
78 5
78 33
78 40
78 64
78 44
78 13
78 16
78 82
78 69
78 54
78 55
78 26
78 58
78 30
78 63
79 32
79 2
79 4
79 42
80 0
80 4
80 6
80 7
80 9
80 12
80 24
80 35
80 39
80 40
80 41
80 43
80 53
80 57
80 60
80 62
80 64
80 67
80 68
80 70
80 71
80 75
80 76
80 82
81 49
81 68
81 69
81 7
81 41
81 78
81 80
81 17
81 51
81 84
81 86
81 26
81 29
82 66
82 37
82 45
82 48
82 86
82 60
82 29
82 30
82 69
83 66
84 56
84 40
86 65
86 3
86 6
86 12
86 76
86 52
86 56
86 29
87 64
87 33
87 69
87 39
87 41
87 74
87 11
87 13
87 78
87 48
87 49
87 54
87 23
87 61
