88
0 1
0 33
0 42
0 12
0 79
0 23
0 56
1 32
1 34
1 37
1 38
1 72
1 9
1 11
1 66
1 50
1 53
1 62
1 24
1 25
1 26
1 30
2 0
2 67
2 71
2 8
2 73
2 14
2 49
2 78
2 23
2 59
3 0
3 33
3 2
3 68
3 69
3 7
3 64
3 9
3 12
3 14
3 44
3 51
3 54
3 56
3 86
4 1
4 59
4 33
4 79
4 80
4 82
4 19
4 54
4 27
4 61
4 30
5 32
5 82
6 39
7 66
7 60
7 77
7 55
8 65
8 5
8 7
8 8
8 60
8 74
8 44
8 77
8 82
8 21
8 86
8 56
8 26
8 28
9 0
9 67
9 68
9 72
9 44
9 77
9 47
9 54
9 24
10 1
10 34
10 67
10 7
10 79
10 81
10 21
10 59
10 23
10 57
10 58
10 47
11 0
11 2
11 35
11 4
11 5
11 38
11 71
11 8
11 73
11 11
11 45
11 75
11 17
11 18
11 20
11 82
11 72
11 27
11 30
12 3
12 7
12 41
12 14
12 79
12 17
12 18
12 54
12 47
13 32
13 50
13 17
13 8
13 73
13 74
13 39
13 13
13 77
13 81
13 18
13 54
13 23
13 25
14 0
14 65
14 74
14 43
14 61
14 54
14 24
14 42
16 34
16 54
16 71
16 41
16 42
16 39
16 14
16 79
16 80
16 49
16 86
16 87
16 24
16 60
17 32
17 3
17 36
17 72
17 74
17 55
17 76
17 45
17 78
17 50
17 87
17 26
17 58
18 65
18 5
18 1
18 40
18 13
18 81
18 31
20 25
20 66
20 53
20 31
21 73
21 82
22 33
22 2
22 67
22 36
22 78
22 81
22 20
22 31
23 58
23 45
23 46
24 32
24 69
24 55
24 81
24 54
24 87
24 58
24 59
24 30
25 58
25 75
25 13
25 47
26 0
26 2
26 36
26 37
26 39
26 8
26 74
26 75
26 14
26 40
26 50
26 52
26 21
26 55
26 87
26 27
26 85
28 51
30 65
30 67
30 68
30 40
30 44
30 74
30 75
30 76
30 81
30 20
30 25
30 26
30 52
31 33
31 39
31 80
31 73
31 42
31 12
31 77
31 76
31 17
31 50
31 19
31 62
31 26
31 27
31 28
31 61
31 30
32 66
32 72
32 73
32 11
32 60
32 55
32 28
33 25
33 18
33 51
33 63
33 79
34 33
34 34
34 36
34 5
34 65
34 39
34 73
34 42
34 71
34 77
34 48
34 50
34 23
34 61
34 63
35 33
35 73
35 78
35 79
35 81
35 20
35 30
36 8
36 10
36 75
36 12
36 45
36 17
36 57
36 25
36 60
36 42
37 64
37 0
37 5
37 39
37 41
37 74
37 60
37 81
37 52
37 86
37 56
37 28
37 30
38 65
39 17
39 76
40 39
40 11
40 45
40 79
40 50
40 25
40 59
41 32
41 65
41 34
41 78
41 63
42 32
42 34
42 37
42 39
42 74
42 45
42 80
42 21
42 55
42 28
43 33
43 75
43 4
43 65
43 73
43 11
43 46
43 79
43 49
43 78
43 22
43 56
43 24
43 68
43 71
43 63
43 61
43 31
45 67
45 37
45 39
45 8
45 12
45 14
45 47
45 49
45 19
45 46
45 22
45 26
45 58
46 1
46 2
46 67
46 68
46 37
46 75
46 45
46 77
46 20
46 86
46 23
46 24
46 63
46 61
46 31
47 80
47 60
47 45
48 32
48 3
48 37
48 49
48 54
48 24
48 25
48 61
49 64
49 1
49 2
49 5
49 7
49 72
49 73
49 42
49 11
49 50
49 78
49 17
49 18
49 51
49 22
49 23
49 57
49 87
50 32
50 33
50 67
50 36
50 5
50 81
50 8
50 44
50 74
50 12
50 78
50 49
50 53
50 72
50 27
51 32
51 1
51 10
51 76
51 61
51 49
51 82
51 56
51 63
51 74
51 31
52 1
52 36
52 49
52 81
52 39
52 60
52 42
52 75
52 44
52 14
52 17
52 20
52 54
52 55
52 25
52 58
52 27
52 28
52 31
53 33
53 58
53 23
54 65
54 67
54 72
54 10
54 76
54 79
54 59
54 26
54 27
54 28
54 62
54 31
55 9
55 12
55 28
55 38
55 79
56 2
56 5
56 71
56 75
56 82
56 18
56 84
56 58
56 28
57 1
57 7
57 74
57 18
57 45
57 82
57 25
58 1
58 35
58 4
58 33
58 7
58 8
58 11
58 76
58 82
58 14
58 47
58 80
58 40
58 18
58 56
58 71
58 28
58 63
59 1
59 66
59 33
59 72
59 60
59 39
59 45
59 80
59 49
59 54
59 87
59 56
59 25
59 26
59 28
59 30
60 33
60 2
60 3
60 68
60 65
60 74
60 76
60 45
60 14
60 61
60 18
60 77
60 22
60 24
60 26
60 58
60 30
61 34
61 67
61 55
61 11
61 13
61 14
61 80
61 83
61 52
61 78
61 54
61 23
61 25
61 28
61 30
62 66
62 36
62 39
62 8
62 2
62 34
62 23
62 56
62 57
62 63
63 1
63 11
63 4
63 5
63 7
63 75
63 80
63 55
63 26
63 63
64 34
64 75
64 68
64 81
64 71
64 60
64 74
64 43
64 80
64 49
64 50
64 53
64 87
64 24
64 28
64 31
65 34
65 35
65 77
65 5
65 7
65 76
65 74
65 11
65 12
65 45
65 14
65 47
65 18
65 51
65 20
66 0
66 70
66 12
66 77
66 80
66 22
66 56
66 58
66 28
66 61
67 32
67 35
67 47
67 50
67 22
67 26
67 79
68 2
68 67
68 34
68 14
68 17
68 51
68 25
68 58
69 37
69 6
69 72
69 17
69 51
69 23
69 61
70 34
70 43
70 66
70 37
70 44
70 11
70 12
70 13
70 79
70 80
70 81
70 75
70 84
70 73
70 55
70 56
70 26
70 58
70 31
71 84
71 66
71 39
71 41
71 74
71 7
71 76
71 79
71 81
71 50
71 20
71 25
71 71
71 59
71 61
71 62
71 31
72 2
72 37
72 70
72 71
72 41
72 42
72 87
72 76
72 77
72 78
72 47
72 80
72 83
72 84
72 23
72 24
72 60
72 61
73 64
73 33
73 37
73 6
73 39
73 8
73 77
73 22
73 31
74 32
74 1
74 5
74 38
74 71
74 72
74 60
74 42
74 12
74 13
74 14
74 77
74 49
74 50
74 51
74 78
74 22
74 87
74 54
74 28
74 74
75 1
75 2
75 33
75 7
75 75
75 79
75 81
75 50
75 54
75 56
76 54
76 7
76 72
76 73
76 42
76 11
76 45
76 14
76 79
76 17
76 82
76 22
76 26
76 27
76 63
77 59
77 36
77 11
77 12
77 81
77 54
77 27
78 32
78 66
78 5
78 40
78 73
78 42
78 75
78 77
78 14
78 47
78 72
78 18
78 78
78 22
78 56
78 25
78 26
78 60
78 61
79 37
79 73
79 75
79 48
79 17
79 22
79 59
80 58
81 2
81 4
81 7
81 44
81 12
81 66
81 78
81 77
81 80
81 50
81 83
81 73
81 26
81 28
81 30
81 63
82 32
82 36
82 7
82 72
82 42
82 50
82 81
82 82
82 20
82 54
82 23
82 84
82 61
83 31
83 23
84 0
84 1
84 2
84 35
84 32
84 37
84 7
84 75
84 14
84 59
84 82
84 46
84 22
84 23
84 27
84 85
85 32
85 33
85 34
85 43
85 66
85 70
85 7
85 72
85 76
85 39
85 44
85 13
85 80
85 49
85 82
85 19
85 83
85 58
85 31
86 0
86 50
86 70
86 8
86 42
86 13
86 18
86 22
86 55
86 25
86 31
87 65
87 39
87 46
87 12
87 77
87 78
87 79
87 51
87 14
87 24
87 31
