FANMOD 1.1 subgraph enumeration
-------------------------------

Network name: result2/OUTPUT.txt
Network type: Directed
Number of nodes: 89
Number of edges: 863
Number of single edges: 846
Number of mutual edges: 17

Algorithm: enumeration
Subgraph size: 4

Generated 1 random networks
   with locally constant number of bidirectional edges,
   3 exchanges per edge and 3 tries per edge.

278236 subgraphs were enumerated in the original network.
346009 subgraphs were enumerated in the random networks.
624245 subgraphs were enumerated in all networks.

For the random networks: 12922 tries were made, 2205 were successful.
Randomization took 0.02 seconds.
Enumeration took 1.02 seconds.


Result overview:

ID,Adj-Matrix,Frequency,Mean-Freq,Standard-Dev,Z-Score,p-Value
,,[Original],[Random],[Random]

14,0000,22.918%,19.683%,2.122e-314,inf,0
,0000
,0000
,1110

140,0000,17.689%,24.377%,2.122e-314,-inf,1
,0000
,1000
,1100

204,0000,8.7764%,6.9414%,2.122e-314,inf,0
,0000
,1100
,1100

206,0000,8.224%,3.8924%,2.122e-314,inf,0
,0000
,1100
,1110

142,0000,5.5255%,6.3839%,2.122e-314,-inf,1
,0000
,1000
,1110

74,0000,5.123%,4.9054%,2.122e-314,inf,0
,0000
,0100
,1010

202,0000,4.8092%,6.1464%,2.122e-314,-inf,1
,0000
,1100
,1010

2252,0000,3.4902%,1.7491%,2.122e-314,inf,0
,1000
,1100
,1100

2184,0000,3.3763%,3.343%,2.122e-314,inf,0
,1000
,1000
,1000

28,0000,2.366%,2.6193%,2.122e-314,-inf,1
,0000
,0001
,1100

2124,0000,2.2697%,2.7132%,2.122e-314,-inf,1
,1000
,0100
,1100

2188,0000,2.1751%,2.7135%,2.122e-314,-inf,1
,1000
,1000
,1100

392,0000,1.6921%,2.0349%,2.122e-314,-inf,1
,0001
,1000
,1000

222,0000,1.3399%,0.43005%,2.122e-314,inf,0
,0000
,1101
,1110

2766,0000,1.1275%,0.28496%,2.122e-314,inf,0
,1010
,1100
,1110

2116,0000,0.99879%,1.2266%,2.122e-314,-inf,1
,1000
,0100
,0100

2254,0000,0.93661%,0.41849%,2.122e-314,inf,0
,1000
,1100
,1110

158,0000,0.73175%,1.332%,2.122e-314,-inf,1
,0000
,1001
,1110

2076,0000,0.70156%,0.28583%,2.122e-314,inf,0
,1000
,0001
,1100

2118,0000,0.51%,0.25375%,2.122e-314,inf,0
,1000
,0100
,0110

2140,0000,0.44135%,0.2919%,2.122e-314,inf,0
,1000
,0101
,1100

536,0000,0.42698%,0.22947%,2.122e-314,inf,0
,0010
,0001
,1000

590,0000,0.31484%,0.18294%,2.122e-314,inf,0
,0010
,0100
,1110

2458,0000,0.31089%,0.37427%,2.122e-314,-inf,1
,1001
,1001
,1010

666,0000,0.29939%,0.29913%,2.122e-314,1.2298e+308,0
,0010
,1001
,1010

2758,0000,0.28393%,0.19624%,2.122e-314,inf,0
,1010
,1100
,0110

588,0000,0.28213%,0.23872%,2.122e-314,inf,0
,0010
,0100
,1100

18636,0100,0.27243%,0.1156%,2.122e-314,inf,0
,1000
,1100
,1100

18572,0100,0.23038%,0.31618%,2.122e-314,-inf,1
,1000
,1000
,1100

718,0000,0.22427%,0.43236%,2.122e-314,-inf,1
,0010
,1100
,1110

2204,0000,0.19947%,0.33843%,2.122e-314,-inf,1
,1000
,1001
,1100

710,0000,0.15598%,0.36357%,2.122e-314,-inf,1
,0010
,1100
,0110

2782,0000,0.11357%,0.039305%,2.122e-314,inf,0
,1010
,1101
,1110

2126,0000,0.11285%,0.30057%,2.122e-314,-inf,1
,1000
,0100
,1110

3038,0000,0.11106%,0.03208%,2.122e-314,inf,0
,1011
,1101
,1110

714,0000,0.10818%,0.26011%,2.122e-314,-inf,1
,0010
,1100
,1010

2202,0000,0.10746%,0.12803%,2.122e-314,-inf,1
,1000
,1001
,1010

332,0000,0.095602%,0.27225%,2.122e-314,-inf,1
,0001
,0100
,1100

150,0000,0.086977%,0.55085%,2.122e-314,-inf,1
,0000
,1001
,0110

30,0000,0.080148%,0.52947%,2.122e-314,-inf,1
,0000
,0001
,1110

396,0000,0.068287%,0.16705%,2.122e-314,-inf,1
,0001
,1000
,1100

18638,0100,0.054989%,0.010693%,2.122e-314,inf,0
,1000
,1100
,1110

2190,0000,0.053192%,0.17716%,2.122e-314,-inf,1
,1000
,1000
,1110

27342,0110,0.051036%,0.019075%,2.122e-314,inf,0
,1010
,1100
,1110

18460,0100,0.051036%,0.0080923%,2.122e-314,inf,0
,1000
,0001
,1100

2270,0000,0.048161%,0.0054912%,2.122e-314,inf,0
,1000
,1101
,1110

19150,0100,0.043488%,0.016185%,2.122e-314,inf,0
,1010
,1100
,1110

2182,0000,0.042051%,0.13786%,2.122e-314,-inf,1
,1000
,1000
,0110

18568,0100,0.040254%,0.11069%,2.122e-314,-inf,1
,1000
,1000
,1000

18634,0100,0.034144%,0.019942%,2.122e-314,inf,0
,1000
,1100
,1010

18504,0100,0.03019%,0.10925%,2.122e-314,-inf,1
,1000
,0100
,1000

2510,0000,0.029831%,0.051444%,2.122e-314,-inf,1
,1001
,1100
,1110

862,0000,0.029112%,0.068495%,2.122e-314,-inf,1
,0011
,0101
,1110

990,0000,0.028034%,0.070229%,2.122e-314,-inf,1
,0011
,1101
,1110

27340,0110,0.026237%,0.03786%,2.122e-314,-inf,1
,1010
,1100
,1100

734,0000,0.021564%,0.028323%,2.122e-314,-inf,1
,0010
,1101
,1110

10372,0010,0.020486%,0.0092483%,2.122e-314,inf,0
,1000
,1000
,0100

606,0000,0.020127%,0.01763%,2.122e-314,inf,0
,0010
,0101
,1110

19148,0100,0.017611%,0.018786%,2.122e-314,-inf,1
,1010
,1100
,1100

4694,0001,0.016533%,0.0092483%,2.122e-314,inf,0
,0010
,0101
,0110

19142,0100,0.015455%,0.014161%,2.122e-314,inf,0
,1010
,1100
,0110

17238,0100,0.014017%,0.021387%,2.122e-314,-inf,1
,0011
,0101
,0110

10380,0010,0.014017%,0.010693%,2.122e-314,inf,0
,1000
,1000
,1100

17102,0100,0.013657%,0.022543%,2.122e-314,-inf,1
,0010
,1100
,1110

2134,0000,0.013298%,0.0023121%,2.122e-314,inf,0
,1000
,0101
,0110

2398,0000,0.012939%,0.019653%,2.122e-314,-inf,1
,1001
,0101
,1110

2206,0000,0.012939%,0.038727%,2.122e-314,-inf,1
,1000
,1001
,1110

858,0000,0.012939%,0.021965%,2.122e-314,-inf,1
,0011
,0101
,1010

652,0000,0.011501%,0.25491%,2.122e-314,-inf,1
,0010
,1000
,1100

334,0000,0.011501%,0.030057%,2.122e-314,-inf,1
,0001
,0100
,1110

18574,0100,0.0093446%,0.016763%,2.122e-314,-inf,1
,1000
,1000
,1110

16780,0100,0.0071881%,0.010115%,2.122e-314,-inf,1
,0001
,1000
,1100

924,0000,0.0068287%,0.032658%,2.122e-314,-inf,1
,0011
,1001
,1100

716,0000,0.0057505%,0.27051%,2.122e-314,-inf,1
,0010
,1100
,1100

670,0000,0.0053911%,0.030346%,2.122e-314,-inf,1
,0010
,1001
,1110

6284,0001,0.0053911%,0.018208%,2.122e-314,-inf,1
,1000
,1000
,1100

17098,0100,0.0053911%,0.017052%,2.122e-314,-inf,1
,0010
,1100
,1010

16982,0100,0.0043129%,0.012716%,2.122e-314,-inf,1
,0010
,0101
,0110

27614,0110,0.0039535%,0.0040461%,2.122e-314,-4.3666e+307,1
,1011
,1101
,1110

19146,0100,0.0039535%,0.012716%,2.122e-314,-inf,1
,1010
,1100
,1010

2142,0000,0.0035941%,0.0075143%,2.122e-314,-inf,1
,1000
,0101
,1110

17094,0100,0.0035941%,0.024566%,2.122e-314,-inf,1
,0010
,1100
,0110

23006,0101,0.0035941%,0.00086703%,2.122e-314,inf,0
,1001
,1101
,1110

284,0000,0.0035941%,0.26762%,2.122e-314,-inf,1
,0001
,0001
,1100

8844,0010,0.0032347%,0.012138%,2.122e-314,-inf,1
,0010
,1000
,1100

19422,0100,0.0032347%,0%,2.122e-314,inf,0
,1011
,1101
,1110

604,0000,0.0028753%,0.028612%,2.122e-314,-inf,1
,0010
,0101
,1100

390,0000,0.0028753%,0.020809%,2.122e-314,-inf,1
,0001
,1000
,0110

19166,0100,0.0025158%,0%,2.122e-314,inf,0
,1010
,1101
,1110

18894,0100,0.0025158%,0%,2.122e-314,inf,0
,1001
,1100
,1110

350,0000,0.0025158%,0.02341%,2.122e-314,-inf,1
,0001
,0101
,1110

31710,0111,0.0025158%,0.001445%,2.122e-314,inf,0
,1011
,1101
,1110

974,0000,0.001797%,0.029768%,2.122e-314,-inf,1
,0011
,1100
,1110

17246,0100,0.0014376%,0.0075143%,2.122e-314,-inf,1
,0011
,0101
,1110

25438,0110,0.0014376%,0.0043351%,2.122e-314,-inf,1
,0011
,0101
,1110

17118,0100,0.0010782%,0.00028901%,2.122e-314,inf,0
,0010
,1101
,1110

2198,0000,0.0010782%,0.02052%,2.122e-314,-inf,1
,1000
,1001
,0110

18654,0100,0.00071881%,0%,2.122e-314,inf,0
,1000
,1101
,1110

17374,0100,0.00071881%,0.00057802%,2.122e-314,6.635e+307,0
,0011
,1101
,1110

6302,0001,0.00035941%,0.0017341%,2.122e-314,-inf,1
,1000
,1001
,1110

