672
1 3
1 5
1 32
1 34
1 35
1 37
1 161
1 164
1 166
1 184
1 191
1 389
1 475
1 562
1 672
2 3
3 1
3 2
4 6
4 27
5 1
5 6
5 7
5 35
5 39
5 128
5 131
5 344
5 352
5 375
5 376
5 396
5 415
5 559
5 561
5 566
5 585
5 586
5 672
6 4
6 395
6 586
7 5
7 8
7 33
7 242
7 266
7 468
8 7
8 9
9 8
9 11
9 331
9 332
10 11
10 12
10 13
10 39
10 41
10 47
10 108
10 193
11 9
11 10
12 10
12 13
12 77
12 96
12 108
12 354
12 541
12 591
12 610
13 10
13 12
13 14
13 79
14 13
14 16
14 18
14 49
14 82
14 84
14 91
15 16
15 54
16 14
16 17
16 18
16 20
17 16
17 20
17 67
17 115
17 504
17 511
18 14
18 16
18 19
18 51
18 507
19 18
19 20
19 112
20 16
20 19
20 80
21 22
22 18
23 24
24 18
25 26
25 29
25 307
25 450
25 578
26 25
26 35
26 214
26 215
26 246
27 4
28 27
28 30
28 31
28 33
28 203
29 25
29 385
30 28
30 31
31 25
31 30
31 32
31 36
31 263
32 1
32 31
32 33
32 34
32 36
32 672
33 7
33 28
33 32
33 34
33 35
33 215
33 571
34 1
34 32
34 33
35 1
35 5
35 26
35 33
35 263
36 31
36 32
37 1
37 133
37 173
37 175
37 177
37 181
37 183
37 620
38 43
38 228
38 245
38 280
38 283
38 424
39 5
39 10
39 52
40 41
41 10
41 40
41 42
42 41
42 249
42 262
42 299
43 38
43 44
43 45
43 46
43 48
44 43
44 254
44 259
45 43
46 43
46 47
47 10
47 46
47 48
47 64
48 43
48 47
48 63
48 592
49 14
49 468
49 591
49 608
50 39
50 48
50 51
51 50
52 39
52 70
52 76
53 50
55 62
55 65
56 55
57 56
57 74
58 69
59 58
60 61
61 60
61 62
62 47
62 55
62 61
63 48
64 47
64 66
65 55
65 77
66 64
67 17
67 68
67 124
67 282
67 500
67 503
68 67
69 58
69 70
70 52
70 69
71 52
72 71
73 72
74 57
75 76
76 52
76 75
77 12
77 65
77 78
78 77
78 569
78 570
79 13
79 93
80 20
80 79
80 115
81 80
82 14
83 82
84 14
84 86
85 84
85 120
86 84
86 88
88 86
88 87
88 90
90 89
91 14
91 92
91 100
92 91
92 121
93 79
93 118
94 95
95 94
95 96
96 12
97 99
98 97
98 101
99 560
100 91
101 98
102 103
102 104
103 102
103 108
104 102
105 106
105 115
106 119
106 120
106 121
106 123
106 125
107 105
107 106
108 10
108 12
108 103
109 10
110 111
110 112
111 110
112 19
112 110
113 15
113 106
114 106
114 113
115 15
115 17
115 20
115 80
115 498
115 502
117 20
117 106
117 116
118 93
118 119
118 541
118 542
119 106
119 118
120 85
120 106
121 92
121 106
122 123
122 518
123 106
123 122
124 67
124 125
124 517
125 106
125 124
126 109
126 127
127 126
128 5
128 129
129 128
129 131
129 331
130 131
131 5
131 129
131 130
131 132
132 131
133 187
134 150
135 134
135 151
136 134
136 137
136 139
136 141
136 143
136 145
136 147
136 161
138 137
138 152
139 153
140 139
140 154
142 141
142 155
143 156
144 143
144 157
145 158
146 145
146 159
147 160
148 149
148 150
149 148
150 134
150 148
151 135
152 138
152 153
153 139
153 152
154 140
155 142
155 156
156 143
156 155
157 144
157 158
158 145
158 157
159 146
159 160
160 147
160 159
161 1
161 136
161 163
162 163
163 161
163 162
164 1
164 165
165 164
165 176
166 1
166 167
166 181
167 166
167 178
168 169
169 168
169 180
170 192
171 170
172 190
173 37
173 172
173 191
174 189
175 37
175 174
176 165
177 37
177 176
177 188
178 167
179 178
180 169
181 37
181 166
181 180
182 185
183 37
183 182
183 584
184 1
184 185
184 579
185 182
185 184
185 581
186 187
187 133
187 186
188 177
188 189
189 174
189 188
190 172
191 1
191 173
191 192
192 170
192 191
196 195
196 197
197 196
198 197
198 201
199 194
200 199
200 201
201 198
201 200
201 459
201 460
202 207
203 28
203 202
203 206
203 210
203 215
203 216
203 229
203 309
203 310
203 311
203 314
203 316
204 205
204 216
205 204
205 217
205 225
206 210
207 209
208 209
208 212
209 207
209 208
210 203
210 206
211 212
211 213
211 214
212 205
212 211
213 211
213 277
214 26
214 211
214 215
214 218
215 26
215 33
215 203
215 214
215 246
215 277
215 318
215 321
215 325
215 326
215 340
215 609
216 307
218 214
218 222
218 414
218 422
219 245
219 247
219 249
219 251
219 367
220 219
220 360
221 216
222 205
223 217
223 220
224 223
224 367
226 227
227 226
227 263
228 230
229 203
229 213
229 228
229 257
229 284
229 312
229 317
229 325
230 231
231 233
231 567
232 237
233 232
234 238
234 567
235 234
235 236
235 276
236 235
236 237
237 232
237 236
238 234
238 246
238 251
238 254
238 258
239 240
239 242
239 261
239 266
239 281
239 282
239 284
239 288
240 239
240 242
240 244
240 245
242 7
242 239
242 240
242 241
242 242
242 243
243 244
243 283
243 289
244 243
244 248
245 38
245 43
245 219
245 240
245 247
246 26
246 215
246 245
247 219
247 254
248 244
248 249
249 42
249 219
249 248
249 250
250 249
250 251
251 238
251 254
252 253
253 251
253 252
253 258
253 273
254 44
254 238
254 251
255 256
256 255
256 289
257 238
257 259
257 260
257 261
258 238
258 252
258 253
258 257
259 44
259 257
259 260
260 253
260 257
260 259
260 262
261 239
261 257
261 264
261 266
261 267
262 42
262 260
262 268
263 35
263 129
263 415
263 566
263 569
264 261
264 265
265 264
266 7
266 239
266 261
266 265
266 269
266 275
266 603
266 645
267 268
267 269
268 262
268 267
269 262
269 267
269 283
269 289
270 240
271 272
272 271
272 620
274 43
276 235
277 278
278 277
278 279
279 278
279 280
280 38
280 279
280 283
281 239
281 282
281 283
281 298
282 67
282 239
282 281
282 284
282 289
282 292
282 524
283 38
283 281
283 285
283 286
284 239
284 282
284 288
284 293
285 283
285 286
285 287
285 299
286 283
286 285
287 285
288 239
288 284
288 289
288 294
289 288
289 290
290 286
290 289
291 285
292 283
292 289
292 297
292 298
293 283
293 289
293 292
293 294
294 293
295 294
295 296
296 299
297 298
297 300
298 292
298 297
299 42
299 285
299 297
300 302
300 303
301 283
301 289
301 302
302 300
302 301
303 42
303 300
303 304
304 305
304 306
305 304
306 304
307 25
307 216
308 203
308 315
308 491
308 494
308 495
308 497
309 308
310 203
310 486
311 650
312 520
312 531
312 532
313 161
314 203
314 421
315 308
318 319
318 470
319 318
320 318
320 423
322 323
322 324
322 481
323 322
323 666
324 322
324 488
325 215
325 327
328 330
329 328
331 9
331 129
331 565
332 9
332 341
333 551
334 333
334 546
335 308
335 336
335 337
335 339
335 344
335 348
335 351
336 335
339 335
339 338
339 346
339 348
340 349
341 332
341 344
342 335
343 479
344 5
344 334
344 335
344 343
344 345
344 369
344 377
345 344
345 351
345 357
345 568
345 587
345 588
346 363
346 395
347 339
348 335
349 350
349 400
350 347
350 349
350 363
351 345
351 356
352 5
354 5
354 353
354 558
354 563
355 354
357 345
357 567
357 587
357 588
357 636
358 224
358 364
359 358
361 358
361 363
361 366
361 368
362 361
362 366
363 346
363 350
363 361
363 362
363 653
366 361
366 362
367 219
367 224
367 368
368 361
368 367
370 371
370 474
371 370
372 375
373 5
375 309
375 374
375 623
376 375
377 344
377 375
377 378
377 481
377 672
379 380
379 389
379 627
380 379
380 393
381 576
381 577
382 1
382 381
382 383
383 382
384 383
385 29
386 388
387 386
388 346
389 390
390 389
390 391
391 390
391 392
392 391
394 379
394 397
396 397
397 394
397 396
399 398
400 401
401 400
401 402
402 403
403 402
403 404
404 405
405 399
405 404
405 406
406 407
406 408
408 654
410 335
410 409
411 203
412 411
413 412
414 413
415 5
415 263
416 417
417 415
417 416
418 417
418 419
419 418
421 314
421 420
422 218
423 425
424 38
424 433
426 423
427 426
428 427
428 429
429 428
430 429
432 431
433 432
434 435
434 463
435 434
435 460
436 3
436 5
437 436
438 26
438 437
439 438
440 439
441 439
442 440
443 450
444 443
445 443
446 445
447 448
447 460
448 447
448 462
449 447
450 25
451 1
451 29
452 453
452 456
453 452
453 454
453 456
455 201
455 464
456 452
456 453
456 457
457 456
457 458
458 457
458 459
459 458
460 201
460 435
460 447
460 461
461 448
464 455
465 464
465 466
466 465
466 467
466 469
467 466
468 467
469 466
470 625
471 217
471 223
472 372
474 472
474 473
474 476
475 1
475 672
477 480
478 477
480 477
480 479
481 322
481 483
483 482
484 486
485 484
487 310
490 335
490 489
491 203
491 490
492 493
493 492
493 615
494 335
494 375
496 495
497 308
499 20
501 19
503 505
503 506
504 17
505 15
505 503
506 503
507 18
508 20
508 509
508 510
511 17
511 512
511 513
511 514
511 519
512 511
514 516
515 516
516 515
516 519
518 122
519 511
519 516
520 47
520 49
520 312
521 531
522 521
523 485
523 524
524 282
524 523
524 526
524 528
524 530
524 538
526 524
526 525
527 528
528 524
528 527
528 529
529 528
529 531
530 524
531 312
531 529
532 530
534 533
535 534
535 536
537 535
538 537
539 549
540 539
541 12
541 540
541 555
542 12
542 118
543 539
544 122
545 122
547 3
548 541
548 547
549 334
549 539
549 553
549 556
550 539
550 540
551 333
552 556
553 552
554 329
554 541
557 99
558 354
558 559
559 5
560 5
561 5
561 567
562 1
562 672
563 354
564 29
565 129
565 331
566 5
566 263
567 231
567 234
567 357
567 365
567 561
567 568
568 345
568 357
568 567
568 589
569 78
569 263
570 78
571 33
572 569
573 381
573 574
574 573
574 577
576 575
577 381
577 574
578 25
579 184
580 1
581 185
582 183
582 583
583 582
584 183
585 5
586 628
587 345
587 357
587 590
588 357
588 358
590 357
590 587
593 520
594 600
595 4
595 596
596 595
597 595
598 595
599 597
600 598
602 601
603 602
605 604
605 606
605 607
607 605
607 608
608 49
608 607
609 610
610 611
611 612
611 613
611 614
612 611
612 613
613 611
613 612
614 611
614 615
615 493
615 617
616 613
616 618
617 615
617 618
618 616
619 37
619 621
621 619
622 621
623 621
624 623
625 623
626 470
626 627
627 626
628 379
629 162
630 629
631 630
632 631
633 632
634 633
635 637
636 357
637 587
638 637
639 637
639 638
640 78
640 639
641 640
642 640
642 641
642 646
643 642
644 643
645 644
648 647
649 648
650 649
651 213
651 652
652 651
653 361
655 327
656 425
657 462
658 422
659 317
660 374
661 337
662 321
663 343
664 364
665 393
666 323
667 338
668 454
669 463
670 420
671 311
672 1
672 32
672 475
672 562
