252
2	1
4	3
6	5
8	7
10	9
12	11
14	13
16	15
18	17
20	19
22	21
24	23
26	25
28	27
30	29
32	31
34	33
3	35
37	36
5	38
7	39
41	40
41	42
1	43
3	44
34	45
47	46
11	48
50	49
13	51
15	52
54	53
54	55
9	56
11	57
47	58
60	59
19	61
63	62
21	64
23	65
67	66
67	68
17	69
19	70
60	71
73	72
29	74
31	75
77	76
27	78
29	79
81	80
73	82
41	83
7	84
5	85
3	86
1	87
89	88
41	90
15	91
13	92
11	93
9	94
96	95
41	97
23	98
21	99
19	100
17	101
103	102
41	104
31	105
29	106
27	107
25	108
110	109
112	111
114	113
116	115
118	117
120	119
122	121
124	123
126	125
128	127
130	129
132	131
134	133
136	135
138	137
140	139
142	141
34	143
35	143
3	144
33	144
37	145
38	145
5	146
36	146
7	147
40	147
41	148
39	148
47	149
48	149
11	150
46	150
50	151
51	151
13	152
49	152
15	153
53	153
54	154
52	154
60	155
61	155
19	156
59	156
63	157
64	157
21	158
62	158
23	159
66	159
67	160
65	160
73	161
74	161
29	162
72	162
31	163
76	163
77	164
75	164
82	165
29	165
166	54
41	54
167	67
54	67
168	77
67	77
170	169
171	169
169	172
173	172
170	174
175	174
170	120
176	120
170	122
177	122
170	178
179	178
169	180
181	180
169	128
182	128
169	130
183	130
169	184
185	184
172	186
187	186
172	136
188	136
172	138
189	138
172	190
191	190
193	192
194	192
41	195
196	195
174	197
198	197
200	199
201	199
180	202
203	202
178	204
205	204
186	206
207	206
184	208
209	208
190	210
211	210
45	212
1	212
44	212
143	4
144	4
147	8
148	8
214	213
44	213
42	213
58	215
9	215
57	215
149	12
150	12
153	16
154	16
217	216
57	216
55	216
71	218
17	218
70	218
155	20
156	20
159	24
160	24
220	219
70	219
68	219
222	221
25	221
78	221
222	223
27	223
163	32
164	32
73	224
79	224
78	224
113	225
117	225
111	226
115	226
121	227
125	227
119	228
123	228
129	229
133	229
127	230
131	230
137	231
141	231
135	232
139	232
234	233
235	233
233	236
237	236
236	238
239	238
238	240
210	240
212	2
241	2
213	241
1	241
7	214
5	214
7	37
41	37
215	10
242	10
216	242
9	242
15	217
13	217
15	50
54	50
218	18
243	18
219	243
17	243
23	220
21	220
23	63
67	63
221	26
244	26
223	28
80	28
224	244
25	244
31	73
77	73
82	222
29	222
88	245
85	245
84	89
41	89
95	246
92	246
91	96
41	96
102	247
99	247
98	103
41	103
109	248
106	248
105	110
41	110
225	234
226	234
249	234
227	235
228	235
250	235
229	237
230	237
251	237
231	239
232	239
252	239
145	6
146	6
214	166
43	166
44	166
214	34
42	34
151	14
152	14
217	167
56	167
57	167
217	47
55	47
157	22
158	22
220	168
69	168
70	168
220	60
68	60
161	30
162	30
78	81
165	81
83	193
84	193
85	112
89	112
86	114
245	114
3	200
245	200
87	200
1	170
5	170
3	170
7	170
90	175
91	175
92	176
96	176
93	177
246	177
11	179
246	179
94	179
9	171
13	171
11	171
15	171
97	181
98	181
99	182
103	182
100	183
247	183
19	185
247	185
101	185
17	173
21	173
19	173
23	173
104	187
105	187
106	188
110	188
107	189
248	189
27	191
248	191
108	191
192	249
195	249
197	250
199	250
202	251
204	251
206	252
208	252
