688
1	194
4	8
4	20
4	74
4	107
4	144
4	397
4	422
4	446
4	478
4	479
4	533
4	607
6	82
6	118
6	159
6	256
6	469
24	8
24	20
24	21
24	114
24	187
24	233
24	393
24	422
30	352
30	558
31	561
46	42
46	47
48	364
58	11
58	15
58	16
58	18
58	252
60	20
60	181
60	256
61	20
61	181
61	197
61	256
67	8
67	66
67	288
67	304
67	336
68	128
68	200
68	343
68	344
68	345
68	347
68	351
68	446
68	498
68	597
71	20
71	21
77	194
78	125
78	194
81	125
87	86
92	160
113	160
113	231
113	415
122	120
122	121
122	490
122	524
123	173
123	438
136	62
136	130
136	131
136	132
136	133
136	134
136	135
136	140
136	156
136	157
136	207
136	213
136	439
136	440
136	441
136	613
136	614
137	136
137	205
137	616
138	614
138	616
180	97
185	364
185	554
185	555
196	553
199	1
199	30
199	31
199	197
199	198
199	200
199	203
199	352
202	193
202	197
202	198
202	200
202	201
202	203
202	204
202	212
202	314
202	341
202	363
202	380
202	399
207	136
207	137
207	205
207	220
209	10
209	14
209	16
209	17
209	19
209	35
209	36
209	37
209	38
209	39
209	40
209	41
209	43
209	44
209	45
209	49
209	50
209	108
209	109
209	130
209	134
209	211
209	220
209	224
209	234
209	247
209	248
209	249
209	250
209	251
209	253
209	257
209	258
209	290
209	291
209	292
209	311
209	317
209	318
209	319
209	320
209	323
209	344
209	345
209	349
209	432
209	506
209	510
209	588
209	598
209	599
209	600
209	601
210	20
210	33
210	219
210	226
210	476
210	486
210	487
210	567
210	579
210	580
218	413
221	51
221	52
221	53
221	54
221	62
221	130
221	131
221	132
221	133
221	134
221	135
221	136
221	137
221	140
221	156
221	157
221	193
221	205
221	207
221	213
221	214
221	220
221	224
221	425
221	439
221	440
221	441
221	613
221	616
235	160
236	7
236	119
236	124
236	125
236	126
236	128
236	166
236	242
236	254
236	284
236	445
236	472
236	524
236	525
237	2
237	7
237	49
237	504
238	49
239	335
240	165
240	296
240	297
240	407
240	409
262	120
262	121
262	143
262	261
262	263
262	264
262	265
262	268
262	305
262	477
262	547
262	548
262	550
262	612
293	146
293	259
293	294
293	342
293	458
293	467
293	468
293	509
293	529
293	531
293	534
293	537
293	538
295	293
295	686
298	23
298	409
298	414
299	5
299	85
299	88
299	89
299	95
299	164
299	170
299	171
299	233
299	255
299	297
299	298
299	302
299	374
299	400
299	433
303	106
307	91
307	306
317	213
317	290
317	291
317	292
317	315
317	316
317	318
322	320
322	321
322	323
322	325
322	326
327	112
327	116
327	117
327	119
327	188
327	190
327	639
327	649
331	329
332	75
332	76
332	82
332	83
332	84
332	98
332	99
332	115
332	139
332	150
332	153
332	154
332	368
332	369
332	416
332	418
332	419
332	420
332	427
332	428
332	448
332	449
332	450
332	451
332	452
332	461
332	462
332	463
332	470
332	527
332	571
332	572
332	592
332	602
332	608
332	618
334	39
334	63
334	64
334	80
334	96
334	97
334	352
334	414
334	557
334	558
334	561
334	573
349	343
349	344
349	345
349	346
349	347
349	348
349	350
355	67
355	125
355	152
355	197
355	202
355	237
355	239
355	273
355	276
355	277
355	279
355	304
355	330
355	383
355	460
355	563
355	564
355	565
355	595
355	630
355	635
355	637
355	638
355	652
355	654
355	684
356	67
356	152
356	276
356	304
356	460
356	595
356	630
356	635
356	637
356	638
356	652
356	654
357	3
357	32
357	242
359	364
359	555
360	28
360	29
360	34
360	110
360	119
360	142
360	152
360	215
360	219
360	222
360	229
360	230
360	260
360	263
360	264
360	265
360	266
360	267
360	273
360	338
360	362
360	399
360	417
360	454
360	525
360	535
360	548
360	549
360	590
360	595
360	606
360	612
360	640
360	651
360	658
361	28
361	29
361	34
361	110
361	119
361	152
361	215
361	219
361	222
361	229
361	230
361	260
361	263
361	264
361	265
361	266
361	267
361	273
361	338
361	362
361	399
361	417
361	454
361	525
361	535
361	548
361	549
361	590
361	595
361	606
361	640
361	658
363	274
363	278
366	611
367	554
370	447
371	65
371	111
371	114
371	141
371	158
371	168
371	187
371	289
371	337
371	370
371	394
371	395
371	422
371	423
371	442
371	443
371	536
371	581
371	631
371	650
371	662
371	669
384	206
384	275
384	282
384	300
384	385
384	386
384	387
384	388
384	389
384	523
384	561
384	624
384	665
384	672
388	275
388	282
388	300
388	389
388	523
388	665
402	365
405	182
405	183
405	256
405	318
405	403
405	404
405	409
405	410
405	411
405	600
406	409
408	343
408	403
408	404
408	409
408	410
408	411
408	412
408	439
408	440
408	528
421	20
424	619
424	620
424	621
424	622
453	3
453	20
453	63
453	74
453	161
453	162
453	225
453	250
453	397
453	414
453	474
453	475
453	484
453	485
453	488
455	55
455	69
455	173
455	177
455	178
455	179
455	188
455	189
455	191
455	192
455	589
456	9
456	74
456	161
456	170
456	171
456	197
456	290
456	453
456	512
456	573
456	594
464	272
465	274
465	277
465	278
465	279
465	444
466	146
466	147
466	293
466	686
469	101
469	293
469	686
472	3
472	32
472	106
472	110
472	126
472	166
472	216
472	242
472	373
473	413
483	426
483	481
492	103
492	286
493	93
493	94
493	148
493	287
494	7
494	93
494	94
494	287
495	7
505	294
505	297
505	561
512	21
512	57
512	194
512	256
512	409
512	469
512	529
512	554
512	555
512	561
512	569
512	687
513	336
515	27
515	70
515	119
515	127
515	129
515	151
515	228
515	267
515	268
515	324
515	399
515	524
515	576
515	602
515	603
515	604
515	627
515	634
515	656
515	659
515	679
516	234
516	249
516	564
520	118
520	197
520	297
520	425
520	564
521	256
521	425
521	555
522	20
522	21
522	197
522	198
522	256
522	297
522	555
522	564
539	9
539	100
539	101
539	102
539	256
539	269
539	270
539	316
539	499
539	571
539	572
539	574
540	21
540	245
540	246
540	269
540	271
540	409
541	269
541	270
542	269
542	270
543	21
543	71
543	269
543	270
544	9
544	197
544	577
551	107
551	274
551	278
551	285
556	25
556	26
556	57
556	59
556	64
556	90
556	91
556	100
556	143
556	145
556	167
556	169
556	175
556	176
556	194
556	195
556	208
556	217
556	271
556	283
556	301
556	306
556	308
556	354
556	358
556	364
556	381
556	390
556	398
556	401
556	411
556	429
556	430
556	431
556	434
556	491
556	496
556	500
556	508
556	526
556	530
556	545
556	546
556	549
556	552
556	557
556	561
556	590
556	593
556	605
556	623
556	629
556	633
556	636
556	641
556	642
556	643
556	644
556	645
556	646
556	647
556	648
556	654
556	655
556	657
556	660
556	664
556	666
556	668
556	670
556	671
562	56
566	519
566	533
569	561
570	256
571	72
571	73
571	379
572	100
572	101
572	118
572	256
573	48
573	82
573	118
573	159
573	256
573	381
573	382
573	469
573	511
575	21
578	59
578	64
578	100
578	143
578	145
578	163
578	208
578	271
578	312
578	313
578	354
578	358
578	364
578	401
578	431
578	434
578	470
578	491
578	496
578	508
578	530
578	545
578	546
578	549
578	568
578	590
578	593
578	605
578	623
578	629
578	633
578	636
578	641
578	642
578	643
578	647
578	648
578	654
578	655
578	657
578	660
578	667
578	670
578	671
582	391
582	407
582	583
582	584
582	585
582	586
582	587
582	653
609	30
609	32
609	57
609	126
609	160
609	197
609	198
609	234
609	256
609	293
609	352
609	353
609	376
609	377
609	378
609	469
609	470
609	471
609	472
609	552
609	557
609	559
609	560
609	561
615	613
615	614
615	616
617	8
617	57
617	63
617	64
617	74
617	88
617	89
617	114
617	149
617	187
617	197
617	259
617	262
617	291
617	294
617	297
617	298
617	299
617	339
617	340
617	342
617	374
617	393
617	413
617	422
617	423
617	457
617	458
617	459
617	468
617	469
617	514
617	517
617	529
617	531
617	532
617	591
617	674
624	97
624	100
624	102
624	127
624	518
625	27
625	70
625	79
625	119
625	127
625	129
625	142
625	186
625	223
625	227
625	228
625	232
625	249
625	264
625	267
625	268
625	324
625	375
625	399
625	435
625	437
625	482
625	489
625	524
625	525
625	547
625	576
625	596
625	602
625	603
625	604
625	610
625	632
625	634
625	656
625	659
625	661
625	679
626	160
672	523
672	665
673	22
673	155
673	174
673	333
673	662
673	663
673	675
673	676
673	677
673	678
680	35
680	37
680	39
680	41
680	63
680	64
681	10
681	12
681	13
681	14
681	17
681	19
681	250
681	253
682	64
682	130
682	131
682	133
682	135
682	156
682	157
682	613
683	74
683	161
683	162
683	172
683	396
683	397
683	398
683	399
683	594
684	49
684	93
684	104
684	105
684	107
684	124
684	125
684	128
684	216
684	241
684	243
684	244
684	309
684	310
684	319
684	392
684	436
684	445
684	446
684	480
684	501
684	502
684	503
684	525
684	628
685	126
685	160
685	197
685	198
685	277
685	279
685	564
686	293
687	30
687	239
687	256
687	274
687	278
687	280
687	281
687	334
687	353
687	372
687	403
687	404
687	409
687	412
687	497
687	507
687	554
687	555
687	558
688	125
688	146
688	147
688	182
688	184
688	272
688	277
688	279
688	328
688	564
